/*--------------------------------*- C++ -*----------------------------------*\
  =========                 |
  \\      /  F ield         | OpenFOAM: The Open Source CFD Toolbox
   \\    /   O peration     | Website:  https://openfoam.org
    \\  /    A nd           | Version:  9
     \\/     M anipulation  |
\*---------------------------------------------------------------------------*/
FoamFile
{
    format      ascii;
    class       volScalarField;
    location    "37";
    object      p;
}
// * * * * * * * * * * * * * * * * * * * * * * * * * * * * * * * * * * * * * //

dimensions      [0 2 -2 0 0 0 0];

internalField   nonuniform List<scalar> 
8800
(
0.981363
0.933574
0.89488
0.865878
0.845004
0.830157
0.819539
0.81203
0.807171
0.805059
0.806259
0.810395
0.816995
0.826276
0.83903
0.856747
0.881513
0.915446
0.957988
1.01669
0.812624
0.820302
0.827766
0.83107
0.829559
0.824469
0.817966
0.811865
0.807105
0.804211
0.80387
0.806307
0.810741
0.816645
0.823384
0.829641
0.833266
0.832521
0.827089
0.818392
0.791046
0.797205
0.801327
0.804262
0.806298
0.806886
0.805756
0.80362
0.801558
0.800585
0.801476
0.803792
0.806538
0.808678
0.809254
0.808031
0.805671
0.802264
0.7977
0.793938
0.785273
0.787922
0.790667
0.79306
0.794682
0.795824
0.796537
0.796617
0.79627
0.796149
0.79682
0.797916
0.798695
0.798711
0.798063
0.796942
0.795102
0.792514
0.790101
0.788596
0.779942
0.781366
0.783138
0.785159
0.786928
0.788247
0.789206
0.78996
0.790515
0.790997
0.791553
0.79196
0.791985
0.791637
0.790892
0.789604
0.787876
0.786004
0.784685
0.783853
0.774931
0.77585
0.777085
0.778641
0.780258
0.781759
0.78301
0.784028
0.784922
0.785718
0.786293
0.786513
0.786379
0.785863
0.784919
0.783667
0.782297
0.781004
0.780167
0.779618
0.770108
0.770777
0.771734
0.773026
0.774418
0.775852
0.777255
0.778523
0.779641
0.780634
0.781316
0.781549
0.781347
0.780737
0.779847
0.778829
0.77776
0.776794
0.776192
0.775789
0.76543
0.765945
0.766724
0.767845
0.769106
0.770455
0.771862
0.773275
0.774612
0.775811
0.776647
0.776948
0.776768
0.776251
0.775537
0.77472
0.773869
0.773133
0.77268
0.772367
0.760834
0.761243
0.761896
0.762895
0.764086
0.765386
0.766787
0.768273
0.769788
0.771223
0.772259
0.772701
0.772671
0.772334
0.771808
0.771171
0.770499
0.769939
0.769594
0.769342
0.756239
0.756571
0.757135
0.758058
0.7592
0.760482
0.761908
0.763473
0.765144
0.766827
0.768128
0.768814
0.769014
0.768884
0.768548
0.768097
0.76759
0.767173
0.76691
0.766702
0.75157
0.751842
0.752346
0.753227
0.754355
0.75566
0.757149
0.758832
0.760697
0.762665
0.764305
0.765306
0.765779
0.765882
0.765745
0.765471
0.765114
0.764817
0.76462
0.764445
0.746755
0.746981
0.747446
0.748314
0.749466
0.750837
0.752434
0.754292
0.756414
0.758734
0.760794
0.76218
0.762965
0.763326
0.763404
0.763302
0.763096
0.762903
0.762759
0.762609
0.741718
0.741906
0.742351
0.743237
0.744454
0.745932
0.747691
0.749794
0.752266
0.755055
0.757621
0.759442
0.760582
0.761232
0.761544
0.761624
0.761563
0.761465
0.761367
0.761236
0.736385
0.73654
0.73698
0.737908
0.739229
0.740858
0.742828
0.745231
0.748119
0.751477
0.754672
0.757045
0.758632
0.75963
0.760212
0.760496
0.760578
0.760573
0.760517
0.760401
0.730665
0.73079
0.731236
0.732231
0.733695
0.735531
0.737789
0.740584
0.744004
0.748068
0.752032
0.755069
0.757186
0.758585
0.759475
0.760002
0.760253
0.760343
0.760325
0.760221
0.724448
0.724543
0.72501
0.7261
0.727749
0.72985
0.732479
0.735788
0.739892
0.744833
0.749742
0.75359
0.75632
0.758199
0.759451
0.760238
0.760681
0.760873
0.760895
0.760799
0.717596
0.717672
0.718154
0.719353
0.721237
0.723669
0.726764
0.730702
0.735659
0.741703
0.747757
0.752563
0.756065
0.758537
0.760235
0.761344
0.762008
0.762315
0.762379
0.762288
0.709853
0.709917
0.710461
0.711786
0.713949
0.716802
0.720477
0.725203
0.731198
0.738567
0.74605
0.752067
0.756487
0.75967
0.761937
0.763471
0.764411
0.764854
0.76496
0.764871
0.700989
0.701026
0.701637
0.703159
0.705683
0.709081
0.713513
0.719276
0.726637
0.735698
0.744873
0.752274
0.757777
0.761806
0.764749
0.766772
0.768051
0.768656
0.768804
0.768711
0.690575
0.690599
0.691295
0.693063
0.696041
0.700125
0.70551
0.712556
0.721569
0.732673
0.743948
0.753074
0.759905
0.764964
0.768732
0.77137
0.773064
0.773856
0.774042
0.773936
0.677979
0.677999
0.678827
0.680947
0.684571
0.689611
0.696295
0.70506
0.716234
0.729893
0.743647
0.75474
0.763083
0.769321
0.774016
0.777368
0.779525
0.780514
0.780732
0.780606
0.662354
0.662378
0.663423
0.666087
0.670639
0.677004
0.685448
0.69646
0.710356
0.727134
0.743843
0.757257
0.767353
0.774949
0.780694
0.784851
0.787503
0.788686
0.788929
0.788776
0.642509
0.642546
0.643942
0.647473
0.653421
0.661706
0.672615
0.686652
0.704035
0.724601
0.744756
0.760788
0.772834
0.781937
0.788859
0.793886
0.797047
0.798415
0.798678
0.798496
0.616661
0.616735
0.618752
0.623724
0.63192
0.643075
0.657513
0.675601
0.697372
0.722458
0.74654
0.765479
0.77968
0.790432
0.798627
0.804596
0.808261
0.809792
0.810058
0.809844
0.581861
0.582063
0.585337
0.592957
0.604942
0.620558
0.640027
0.663445
0.690604
0.720929
0.74937
0.771457
0.787957
0.8005
0.810079
0.817043
0.821193
0.822835
0.823077
0.822827
0.532445
0.533511
0.540092
0.553104
0.571631
0.594103
0.620502
0.650664
0.68419
0.720377
0.753488
0.778849
0.797737
0.812126
0.823184
0.831165
0.835741
0.837418
0.837599
0.837307
0.459389
0.466843
0.482111
0.505211
0.533418
0.564991
0.599866
0.637829
0.678483
0.721133
0.759382
0.788404
0.810011
0.826585
0.839451
0.848601
0.853725
0.855552
0.855748
0.855504
0.380696
0.398056
0.422753
0.456487
0.494785
0.535667
0.579128
0.625149
0.673433
0.723398
0.767937
0.801759
0.827046
0.846595
0.861897
0.87271
0.878508
0.880455
0.880706
0.880634
0.31541
0.335721
0.36824
0.410839
0.458005
0.507642
0.559415
0.613305
0.669045
0.726074
0.776576
0.814884
0.843611
0.865839
0.88301
0.894787
0.901046
0.90353
0.90382
0.903822
0.261939
0.283954
0.321876
0.370772
0.424967
0.481918
0.541011
0.602104
0.664803
0.72849
0.784575
0.826968
0.858657
0.88297
0.901464
0.914387
0.921771
0.924113
0.924485
0.924539
0.217463
0.24052
0.282018
0.335978
0.395851
0.458842
0.524198
0.59166
0.660686
0.730518
0.791732
0.837781
0.871968
0.897974
0.917682
0.93142
0.939358
0.942051
0.9426
0.942691
0.179577
0.203217
0.2475
0.305335
0.369913
0.438044
0.508843
0.581949
0.65669
0.732153
0.798057
0.847345
0.883676
0.911049
0.931629
0.946005
0.954398
0.957556
0.958259
0.958368
0.146375
0.170389
0.216794
0.277828
0.346328
0.418906
0.49452
0.572704
0.652674
0.733337
0.803559
0.855747
0.893881
0.922345
0.943604
0.958475
0.967199
0.970687
0.971505
0.971611
0.116407
0.14077
0.188848
0.252555
0.324429
0.400875
0.480789
0.563602
0.648409
0.733946
0.808212
0.863071
0.9028
0.932181
0.953932
0.969137
0.978063
0.98178
0.982652
0.982744
0.0887403
0.113438
0.162943
0.228882
0.303675
0.38353
0.467311
0.55436
0.643684
0.73385
0.812005
0.869426
0.91067
0.940904
0.963097
0.978546
0.987602
0.99142
0.992313
0.992355
0.0625779
0.087662
0.13851
0.206361
0.283688
0.366556
0.453826
0.544771
0.638333
0.732939
0.814919
0.874905
0.917684
0.948776
0.971426
0.987058
0.996181
1.00002
1.00098
1.001
0.0375618
0.0630761
0.114985
0.184636
0.264187
0.349746
0.440168
0.534698
0.632236
0.731137
0.816943
0.879587
0.924009
0.95604
0.979177
0.995005
1.00415
1.00793
1.00886
1.00887
0.0132819
0.0393468
0.0921942
0.163482
0.244989
0.332955
0.426231
0.524049
0.625314
0.728369
0.818056
0.883528
0.929764
0.962871
0.986575
1.00263
1.01179
1.01552
1.01632
1.01627
-0.0103951
0.0161439
0.0700616
0.142751
0.226
0.31611
0.411959
0.512785
0.617524
0.724594
0.818231
0.88675
0.935035
0.969381
0.993752
1.01006
1.01919
1.02278
1.02348
1.02335
-0.0335838
-0.00648398
0.0483984
0.122367
0.207183
0.299197
0.397345
0.500894
0.60885
0.71977
0.817408
0.889224
0.939843
0.975649
1.00078
1.01732
1.02634
1.02972
1.03026
1.03008
-0.0563809
-0.0286562
0.0271385
0.102309
0.188519
0.282227
0.382419
0.488411
0.599306
0.713866
0.815508
0.890871
0.944184
0.98173
1.00772
1.02445
1.03324
1.03631
1.0367
1.03647
-0.0787847
-0.0503736
0.00632584
0.0825901
0.170048
0.265241
0.367238
0.475389
0.588927
0.706864
0.812457
0.891592
0.948003
0.98768
1.01472
1.03152
1.03987
1.0425
1.04272
1.04246
-0.100629
-0.07157
-0.0140032
0.0632477
0.151813
0.24831
0.351868
0.461909
0.577779
0.698794
0.80819
0.891261
0.951172
0.993514
1.02194
1.03871
1.04626
1.04823
1.04825
1.04798
-0.121879
-0.0922062
-0.0338228
0.0443362
0.133875
0.231498
0.336405
0.448057
0.565952
0.689695
0.802665
0.889724
0.953506
0.999154
1.02963
1.0465
1.05271
1.05351
1.05322
1.05299
-0.142596
-0.112238
-0.0530932
0.025894
0.116301
0.214892
0.32094
0.433943
0.553546
0.679646
0.795846
0.886834
0.954747
1.00435
1.0379
1.05565
1.06021
1.05882
1.05767
1.05768
-0.162596
-0.131635
-0.0717512
0.00798884
0.0991503
0.198573
0.305571
0.419681
0.540685
0.668753
0.787743
0.882451
0.954586
1.00858
1.04642
1.06688
1.07092
1.06661
1.06292
1.06212
-0.181971
-0.150382
-0.0898102
-0.00940404
0.0823909
0.182495
0.290238
0.405212
0.5273
0.656943
0.778226
0.876307
0.952682
1.01116
1.05414
1.07985
1.08686
1.08235
1.07237
1.05628
-0.200641
-0.168466
-0.107387
-0.0264761
0.065732
0.166322
0.274525
0.390046
0.512841
0.64356
0.766615
0.867555
0.948361
1.01099
1.05863
1.09102
1.10204
1.09158
1.0731
1.05768
-0.218426
-0.18601
-0.124291
-0.0429948
0.0494807
0.150404
0.258656
0.374515
0.497631
0.628889
0.753049
0.855827
0.941034
1.007
1.0549
1.08708
1.10172
1.08167
1.01212
0.979887
-0.234659
-0.204197
-0.140197
-0.058373
0.0343625
0.135237
0.242933
0.358847
0.48189
0.613071
0.737509
0.840913
0.929557
0.998935
1.03879
1.06321
1.06188
1.01105
0.940738
0.897072
-0.29077
-0.2202
-0.154816
-0.0736625
0.0188901
0.1194
0.227297
0.342772
0.465267
0.595679
0.71945
0.822384
0.910443
0.986915
0.992536
1.00405
0.965137
0.899383
0.823149
0.780384
-0.251917
-0.235905
-0.176284
-0.0952412
-0.00362599
0.0966199
0.203482
0.31812
0.439342
0.567861
0.688936
0.789369
0.868786
0.946472
0.940866
0.835291
0.733262
0.662192
0.589449
0.623149
-0.283193
-0.253784
-0.193195
-0.112836
-0.021156
0.0787544
0.185791
0.299703
0.419716
0.546198
0.664101
0.760289
0.831831
0.87226
0.827506
0.684478
0.558619
0.468702
0.369911
0.423035
-0.307272
-0.274905
-0.213019
-0.132386
-0.0406335
0.0591206
0.166002
0.278986
0.397469
0.521362
0.635313
0.725698
0.787521
0.796077
0.693575
0.522133
0.369391
0.250355
0.119596
0.154118
-0.330837
-0.296885
-0.233779
-0.15228
-0.0603567
0.0392501
0.145576
0.25751
0.374273
0.495238
0.604434
0.688309
0.734807
0.712086
0.557
0.36063
0.16877
-0.0035368
-0.196124
-0.209831
-0.353738
-0.319345
-0.255326
-0.173072
-0.0809331
0.0184764
0.124133
0.23491
0.349715
0.467406
0.571287
0.647824
0.676631
0.619151
0.427306
0.215575
-0.00474619
-0.199696
-0.448543
-0.759324
-0.376903
-0.342503
-0.277933
-0.195164
-0.102794
-0.00352499
0.10154
0.21114
0.323901
0.438106
0.536494
0.604534
0.615248
0.507271
0.314935
0.103443
-0.104079
-0.280277
-0.348167
-0.435962
-0.401248
-0.3668
-0.30193
-0.218891
-0.126422
-0.0273773
0.0770079
0.185268
0.29568
0.405897
0.498362
0.556163
0.542342
0.400398
0.215788
0.0236829
-0.140957
-0.234772
-0.258865
-0.275518
-0.427089
-0.392552
-0.327479
-0.24433
-0.151936
-0.0532718
0.0502039
0.156829
0.264481
0.37007
0.456111
0.501028
0.468719
0.301143
0.126247
-0.0398774
-0.168369
-0.207209
-0.221363
-0.222658
-0.454624
-0.419914
-0.35463
-0.271458
-0.179266
-0.0811914
0.0211369
0.125802
0.230261
0.330637
0.409409
0.4402
0.391274
0.208636
0.0432639
-0.104972
-0.184703
-0.20136
-0.202748
-0.202629
-0.483892
-0.448886
-0.38339
-0.300248
-0.208401
-0.111095
-0.0101623
0.0922098
0.193054
0.287689
0.358237
0.378269
0.293854
0.123449
-0.0335999
-0.154456
-0.190128
-0.192342
-0.192863
-0.192358
-0.514593
-0.479402
-0.413631
-0.33059
-0.239223
-0.142891
-0.0436182
0.0561272
0.152929
0.24132
0.303221
0.306167
0.200472
0.0436868
-0.0957814
-0.172918
-0.183376
-0.186645
-0.187609
-0.187541
-0.546138
-0.510831
-0.445084
-0.362237
-0.271508
-0.176374
-0.0790231
0.0177525
0.110127
0.191818
0.245054
0.230062
0.114031
-0.026284
-0.145063
-0.172292
-0.184009
-0.185945
-0.185483
-0.185218
-0.578079
-0.542655
-0.477277
-0.394771
-0.304868
-0.211169
-0.116026
-0.0225421
0.0650358
0.139847
0.183081
0.154547
0.0278668
-0.0885349
-0.178229
-0.209123
-0.193403
-0.188135
-0.186987
-0.186357
-0.609553
-0.574312
-0.509319
-0.427525
-0.33872
-0.246737
-0.154087
-0.0641624
0.0182681
0.0862111
0.118986
0.0805275
-0.0603387
-0.145772
-0.18189
-0.189655
-0.196976
-0.199354
-0.198448
-0.197488
-0.63896
-0.604561
-0.540287
-0.459571
-0.372246
-0.282296
-0.192438
-0.106259
-0.0292067
0.0318313
0.0574643
-0.00169504
-0.15192
-0.230574
-0.204231
-0.229681
-0.226264
-0.217002
-0.214464
-0.213794
-0.664863
-0.631384
-0.569114
-0.489781
-0.404376
-0.316822
-0.230063
-0.147763
-0.0759138
-0.0220434
3.26446e-05
-0.0872421
-0.258655
-0.375354
-0.340326
-0.313643
-0.282725
-0.264085
-0.257083
-0.254372
-0.68522
-0.65352
-0.593646
-0.516748
-0.433793
-0.349085
-0.265692
-0.187372
-0.120128
-0.073469
-0.0542939
-0.156516
-0.354776
-0.622255
-0.636573
-0.492337
-0.414098
-0.382357
-0.361593
-0.350457
-0.69801
-0.668917
-0.612311
-0.538649
-0.458958
-0.377661
-0.297899
-0.223516
-0.160158
-0.11902
-0.101747
-0.187663
-0.3449
-0.650399
-0.766722
-0.557806
-0.497317
-0.475729
-0.455269
-0.449185
-0.700774
-0.675578
-0.623309
-0.553803
-0.478207
-0.401
-0.325132
-0.254493
-0.194378
-0.154637
-0.131159
-0.151926
-0.102496
-0.082576
-0.253834
-0.322413
-0.361705
-0.384462
-0.397343
-0.401417
-0.691885
-0.671309
-0.624684
-0.560716
-0.490103
-0.417587
-0.345867
-0.278628
-0.221373
-0.180752
-0.148991
-0.114396
0.110005
0.516925
0.36897
-0.118911
-0.398525
-0.425089
-0.428141
-0.428294
-0.669331
-0.65329
-0.614901
-0.558334
-0.493756
-0.426336
-0.358767
-0.294398
-0.239244
-0.200373
-0.17544
-0.209844
-0.241417
-0.0334336
-0.275121
-0.532423
-0.637295
-0.559338
-0.504141
-0.532751
-0.63495
-0.624178
-0.594477
-0.546922
-0.489123
-0.426939
-0.363042
-0.30068
-0.245151
-0.206498
-0.201621
-0.447478
-1.12792
-2.22205
-2.73977
-2.97031
-2.64065
-2.15809
-1.7085
-1.55398
-0.594108
-0.587856
-0.567541
-0.528815
-0.477876
-0.420079
-0.358634
-0.296275
-0.237449
-0.191709
-0.197426
-0.484991
-1.26127
-2.24218
-2.84079
-2.92422
-2.6379
-2.25424
-1.9057
-1.73457
-0.554512
-0.550961
-0.539451
-0.508989
-0.463065
-0.408006
-0.346897
-0.281314
-0.214692
-0.150548
-0.111283
-0.160112
-0.270631
-0.208665
-0.0528339
0.254183
0.561667
0.791455
0.944799
1.01337
-0.522989
-0.520844
-0.515011
-0.492118
-0.449763
-0.394435
-0.331011
-0.258898
-0.179882
-0.0896958
0.0139051
0.151698
0.458987
1.00402
1.64421
2.21146
2.62177
2.84926
2.9395
2.96343
-0.496562
-0.495788
-0.494316
-0.479776
-0.440767
-0.383448
-0.315224
-0.236866
-0.146152
-0.0424413
0.0793934
0.206136
0.495225
1.04738
1.64788
2.17349
2.54426
2.75899
2.85689
2.88405
-0.47768
-0.477395
-0.477404
-0.469151
-0.43445
-0.375197
-0.301918
-0.218436
-0.123823
-0.0163914
0.0925683
0.208898
0.391454
0.86108
1.35894
1.78228
2.09398
2.27389
2.35375
2.37527
-0.461146
-0.460379
-0.460251
-0.45744
-0.428323
-0.367751
-0.290476
-0.204237
-0.110874
-0.00786808
0.0914799
0.192816
0.314368
0.650788
1.03775
1.35234
1.58232
1.71073
1.76816
1.78422
-0.452352
-0.450941
-0.451121
-0.450366
-0.422738
-0.358543
-0.277346
-0.190094
-0.0992138
-0.00145045
0.08883
0.172747
0.260735
0.478273
0.752844
0.97326
1.13432
1.2266
1.26665
1.27622
-0.450289
-0.451645
-0.455579
-0.453291
-0.417617
-0.342989
-0.257117
-0.170975
-0.0853155
0.00266827
0.0794107
0.143324
0.199523
0.353867
0.539015
0.688012
0.796233
0.858455
0.886769
0.892956
-0.420587
-0.426128
-0.433666
-0.426836
-0.383422
-0.30599
-0.223324
-0.144483
-0.0691825
0.00599776
0.0718874
0.122428
0.169038
0.265236
0.393373
0.494697
0.566543
0.606173
0.622295
0.624917
-0.313632
-0.320161
-0.326691
-0.320256
-0.285594
-0.228939
-0.167591
-0.10648
-0.046813
0.0142369
0.0678724
0.107968
0.145478
0.208359
0.291506
0.358311
0.405183
0.43217
0.442499
0.442818
-0.153151
-0.156887
-0.161616
-0.161348
-0.148639
-0.125129
-0.0943947
-0.0590465
-0.0192904
0.0252408
0.0655352
0.0996124
0.131527
0.171219
0.222299
0.266938
0.297686
0.31477
0.322064
0.321793
-0.00879941
-0.0105455
-0.0148166
-0.0220347
-0.028597
-0.0306184
-0.0252411
-0.0122374
0.00889768
0.0374021
0.0671191
0.0951199
0.12072
0.145898
0.176181
0.204096
0.224455
0.236673
0.240963
0.239995
0.0807283
0.0798314
0.0756293
0.0651622
0.049385
0.0351519
0.0266781
0.0259013
0.0334804
0.0489709
0.0682363
0.0872723
0.105347
0.120065
0.138469
0.157579
0.171996
0.180037
0.18266
0.18132
0.120247
0.119609
0.116001
0.106218
0.0905205
0.0740245
0.0607282
0.0529597
0.0520641
0.0579282
0.0675479
0.0779002
0.0868226
0.0935415
0.106315
0.120579
0.131393
0.137234
0.138853
0.137452
0.130241
0.129711
0.126973
0.119562
0.107198
0.0930349
0.0801003
0.0704259
0.0652081
0.0644372
0.0655551
0.0661582
0.0646769
0.0659019
0.0765351
0.0893048
0.0988673
0.103541
0.104838
0.103643
0.126802
0.126383
0.124502
0.119533
0.110955
0.100416
0.0897932
0.0806829
0.0739137
0.0692769
0.0638448
0.0549034
0.044947
0.0453769
0.0573198
0.0690923
0.0766607
0.0800238
0.0807007
0.0796883
0.118732
0.118404
0.117178
0.114104
0.108635
0.101474
0.0936854
0.0863928
0.0800485
0.0740739
0.0653897
0.0508902
0.0346371
0.0358812
0.049147
0.0603832
0.0661689
0.0678293
0.0679909
0.0672987
0.110158
0.109906
0.109126
0.107334
0.104095
0.099634
0.0945284
0.0894987
0.0850267
0.0804674
0.0724295
0.0580494
0.042776
0.0474529
0.060291
0.0676514
0.0701846
0.0702235
0.0700619
0.0696917
0.102563
0.102383
0.101898
0.10089
0.0991305
0.0966215
0.0936907
0.0909656
0.0889673
0.0875991
0.0855193
0.0787133
0.0723071
0.0798624
0.0880834
0.0911718
0.0911992
0.0902629
0.0897877
0.0892406
0.0958947
0.0957845
0.0955018
0.0949262
0.094111
0.0929269
0.0917348
0.0911307
0.0921151
0.095774
0.102646
0.108847
0.114353
0.122385
0.124481
0.123579
0.122322
0.121847
0.121427
0.120762
0.089504
0.0894542
0.0893227
0.0889857
0.0885596
0.0883108
0.0883253
0.0893797
0.0930524
0.101724
0.11837
0.140416
0.160705
0.167272
0.162064
0.156615
0.155047
0.1555
0.155232
0.154264
0.0826492
0.0826544
0.0826588
0.0824971
0.0823225
0.0822786
0.0831442
0.0852846
0.0903816
0.102429
0.126337
0.161783
0.194739
0.197269
0.185196
0.178218
0.177421
0.178682
0.17789
0.176604
0.0747834
0.0748175
0.074918
0.0749043
0.074973
0.0752214
0.0758302
0.0783734
0.0834985
0.0956655
0.120357
0.158703
0.198762
0.201167
0.185982
0.180754
0.180527
0.182263
0.180784
0.179196
0.0655609
0.0656325
0.0658511
0.0661469
0.0661946
0.0664864
0.0670164
0.0685881
0.0723117
0.080826
0.0991039
0.130551
0.160733
0.160454
0.148947
0.14678
0.152284
0.154823
0.1532
0.151607
0.0545828
0.0546133
0.0547985
0.0552123
0.0555663
0.0559105
0.0564309
0.0568188
0.0579488
0.0602876
0.0640573
0.0721738
0.0797308
0.0780271
0.0792608
0.0879338
0.0952005
0.0974154
0.095749
0.0940874
0.0424645
0.0424011
0.042572
0.0429346
0.0437128
0.0445299
0.0450013
0.0447688
0.0434677
0.0381363
0.0243648
0.000335722
-0.0289131
-0.0259569
-0.00883343
0.00663334
0.0102573
0.0120171
0.0124588
0.0116776
0.0298632
0.0298236
0.0300482
0.0307409
0.0315457
0.0319178
0.0319438
0.0315119
0.0285679
0.0200111
-0.00318367
-0.0561028
-0.105818
-0.0968211
-0.070227
-0.0650811
-0.0717113
-0.0743642
-0.0713332
-0.0703644
0.0165806
0.0165037
0.0166695
0.0176297
0.0188498
0.019827
0.0203247
0.0201612
0.0173857
0.00952842
-0.0113045
-0.0563046
-0.0961113
-0.0883901
-0.0757551
-0.0851075
-0.105167
-0.111595
-0.10652
-0.102696
0.00383751
0.00363087
0.00329022
0.00272428
0.00210162
0.00175756
0.0018187
0.00219898
0.00245453
0.0028665
0.00454667
0.00365161
-0.0206036
-0.0235522
-0.0247045
-0.0321117
-0.0388945
-0.0378835
-0.0329014
-0.0279544
0.0403132
0.214277
0.417524
0.593348
0.734698
0.847091
0.940604
1.01972
1.05522
1.03203
0.35728
0.48251
0.616873
0.733288
0.831791
0.913639
0.97989
1.0268
1.0504
1.06232
0.584522
0.670212
0.76188
0.843178
0.913185
0.971769
1.0183
1.05225
1.07667
1.0945
0.750323
0.811131
0.875407
0.934235
0.98551
1.02901
1.06468
1.09306
1.11628
1.13449
0.879238
0.923727
0.970858
1.0158
1.05552
1.09015
1.11974
1.14431
1.16496
1.18275
0.985576
1.01927
1.05817
1.09448
1.12775
1.15752
1.1835
1.2053
1.22333
1.24065
1.07943
1.10859
1.1431
1.17569
1.20605
1.23356
1.25757
1.27749
1.29312
1.31019
1.16881
1.19831
1.23264
1.26497
1.29483
1.32163
1.34467
1.36329
1.37675
1.39379
1.26461
1.29797
1.33483
1.3686
1.39881
1.42513
1.4472
1.46456
1.47649
1.4939
1.3799
1.41785
1.4566
1.49097
1.52042
1.54525
1.5657
1.58164
1.59315
1.61123
1.52505
1.56367
1.59987
1.63062
1.65636
1.67851
1.69761
1.71318
1.72563
1.74364
1.70023
1.73191
1.75814
1.78062
1.80063
1.81938
1.83712
1.85362
1.86899
1.88706
1.88891
1.90614
1.92121
1.93747
1.95339
1.96794
1.98116
1.9951
2.01265
2.03281
2.07071
2.08022
2.09178
2.1026
2.11189
2.12149
2.13229
2.14366
2.15503
2.17039
2.27793
2.2816
2.26666
2.25186
2.24559
2.25128
2.26976
2.30008
2.33226
2.35892
2.58424
2.44939
2.37276
2.33041
2.31299
2.31696
2.34436
2.40077
2.5034
2.72776
0.871961
0.86983
0.865344
0.856713
0.844481
0.83234
0.822094
0.814171
0.808513
0.805204
0.80478
0.807446
0.81249
0.819667
0.829022
0.840538
0.853172
0.864195
0.8703
0.873349
0.796428
0.802273
0.808607
0.813092
0.815552
0.815214
0.812458
0.808621
0.805069
0.80275
0.802528
0.804647
0.808246
0.812485
0.816256
0.818112
0.817156
0.813659
0.808486
0.801861
0.788033
0.790328
0.793727
0.796716
0.79878
0.800261
0.800994
0.800645
0.799574
0.798627
0.798718
0.80006
0.801805
0.803054
0.80319
0.802266
0.800692
0.798337
0.79506
0.792134
0.782561
0.783647
0.785475
0.787844
0.789855
0.791266
0.792261
0.792975
0.793325
0.793475
0.79387
0.79458
0.795094
0.795093
0.794627
0.793736
0.792235
0.790125
0.788021
0.786632
0.777409
0.778072
0.779176
0.780872
0.78264
0.784253
0.785521
0.786495
0.787317
0.788023
0.788641
0.789075
0.789168
0.788918
0.788283
0.787174
0.785703
0.784125
0.782784
0.781999
0.772501
0.772961
0.773744
0.775033
0.776507
0.778003
0.779437
0.780689
0.781756
0.782712
0.783494
0.78392
0.783941
0.783561
0.782777
0.781716
0.780533
0.779356
0.778413
0.77789
0.767757
0.768102
0.76871
0.769771
0.771051
0.772404
0.77381
0.775206
0.776503
0.777668
0.778619
0.779136
0.779155
0.778742
0.778029
0.777159
0.776231
0.775307
0.774599
0.774215
0.76313
0.763397
0.763888
0.764791
0.76595
0.767225
0.768584
0.770017
0.771471
0.772856
0.774012
0.774666
0.774768
0.774473
0.773934
0.773252
0.772504
0.771787
0.771253
0.77096
0.758545
0.758757
0.759165
0.75996
0.761039
0.762265
0.763609
0.765078
0.766646
0.768243
0.769645
0.770506
0.770797
0.770699
0.770353
0.769855
0.769283
0.768735
0.768333
0.768103
0.753922
0.754091
0.75444
0.755165
0.756201
0.757405
0.758771
0.760308
0.762004
0.763815
0.765507
0.766668
0.767229
0.76737
0.767229
0.766916
0.766515
0.766114
0.765818
0.765635
0.749191
0.749326
0.749632
0.750314
0.751337
0.752564
0.753991
0.755641
0.757519
0.759593
0.761641
0.76318
0.764064
0.764473
0.764556
0.764431
0.764194
0.763926
0.763719
0.763573
0.744275
0.744381
0.744659
0.745324
0.746369
0.747665
0.749199
0.751018
0.753154
0.755583
0.758079
0.760063
0.761313
0.76202
0.762349
0.762421
0.762345
0.762201
0.762067
0.761952
0.739098
0.739179
0.739437
0.740109
0.741211
0.742616
0.744304
0.746348
0.748804
0.751678
0.75473
0.757256
0.758948
0.760009
0.760623
0.760922
0.761009
0.760988
0.760923
0.760833
0.73358
0.733637
0.733885
0.734584
0.735777
0.737333
0.739229
0.741565
0.744426
0.747857
0.751593
0.754783
0.757017
0.758504
0.759446
0.760007
0.760271
0.760374
0.760373
0.760307
0.727628
0.727663
0.727909
0.728651
0.729962
0.73171
0.733883
0.736604
0.739979
0.744088
0.748664
0.752684
0.75558
0.75758
0.758888
0.759719
0.760228
0.760474
0.760539
0.760491
0.721117
0.721124
0.721362
0.722167
0.723639
0.725647
0.728175
0.731388
0.735443
0.74045
0.746074
0.751055
0.754708
0.7573
0.759079
0.760248
0.761003
0.761396
0.76153
0.761503
0.71384
0.713831
0.714097
0.714972
0.716635
0.718934
0.721901
0.725708
0.730558
0.736609
0.743506
0.749723
0.754361
0.757706
0.760056
0.761668
0.762742
0.763317
0.763528
0.763519
0.70557
0.70553
0.705819
0.706817
0.708722
0.711417
0.714952
0.719547
0.725461
0.732878
0.741352
0.749009
0.754758
0.758962
0.761992
0.764163
0.765618
0.766418
0.766714
0.766719
0.695984
0.695921
0.696252
0.697402
0.699603
0.702792
0.707042
0.712624
0.719848
0.728938
0.739335
0.74876
0.755889
0.761166
0.765026
0.767843
0.769768
0.770843
0.771235
0.771249
0.684539
0.684452
0.684853
0.686209
0.688815
0.692667
0.697865
0.704739
0.713652
0.724836
0.737583
0.749115
0.757853
0.764375
0.769229
0.772828
0.775318
0.776704
0.777193
0.777208
0.670505
0.670397
0.670924
0.672606
0.675791
0.68058
0.687085
0.695694
0.706807
0.720635
0.73622
0.750217
0.760814
0.768773
0.774759
0.779211
0.782332
0.784048
0.784631
0.78464
0.652874
0.652746
0.653481
0.655673
0.659722
0.665853
0.674173
0.68512
0.699085
0.71619
0.735185
0.752061
0.764799
0.774378
0.781641
0.787075
0.790879
0.79293
0.7936
0.793599
0.630194
0.630059
0.631145
0.634143
0.639571
0.647725
0.658691
0.672887
0.690591
0.711764
0.734758
0.754892
0.770004
0.781366
0.790024
0.796525
0.801041
0.803418
0.804161
0.804146
0.600176
0.60007
0.601788
0.606203
0.613947
0.625324
0.640214
0.658877
0.68138
0.707456
0.735054
0.758812
0.77651
0.789829
0.799994
0.807667
0.812909
0.815585
0.816375
0.816335
0.55877
0.558832
0.561958
0.569302
0.581285
0.597941
0.618639
0.643326
0.671825
0.703653
0.736374
0.764017
0.78445
0.79982
0.811606
0.820519
0.826478
0.829369
0.830156
0.830082
0.498354
0.499583
0.507246
0.52105
0.540731
0.565702
0.59452
0.626882
0.662484
0.700759
0.738962
0.770631
0.793843
0.811303
0.824719
0.834881
0.841488
0.84447
0.845147
0.845028
0.426081
0.428008
0.442597
0.466438
0.497006
0.531708
0.569427
0.61003
0.653336
0.698854
0.743596
0.780461
0.807526
0.827998
0.843766
0.855539
0.863055
0.866348
0.867171
0.867177
0.351487
0.357946
0.379404
0.413401
0.454162
0.498409
0.545005
0.593903
0.645008
0.697908
0.749415
0.791712
0.822829
0.846546
0.865015
0.878708
0.887154
0.890158
0.890844
0.890967
0.290879
0.299425
0.325516
0.366482
0.415131
0.467458
0.522018
0.578643
0.637164
0.697117
0.755025
0.802395
0.837218
0.863725
0.884139
0.899089
0.907954
0.911679
0.912973
0.913175
0.241464
0.250577
0.280155
0.326185
0.380925
0.439762
0.501026
0.564448
0.629695
0.696193
0.760075
0.812084
0.850157
0.878928
0.900925
0.916995
0.926903
0.931347
0.9329
0.933136
0.200064
0.209395
0.241297
0.2912
0.350874
0.41511
0.482062
0.551407
0.622669
0.695132
0.764502
0.820713
0.861606
0.892272
0.915523
0.932472
0.943177
0.948184
0.949976
0.950247
0.16428
0.173674
0.207304
0.260322
0.324002
0.3928
0.464708
0.539294
0.615971
0.693891
0.768309
0.828327
0.87168
0.903898
0.928103
0.945748
0.957148
0.962617
0.964532
0.964817
0.132538
0.141937
0.176861
0.23247
0.29945
0.372163
0.448429
0.527719
0.609352
0.692322
0.771443
0.834954
0.880478
0.91399
0.93896
0.957141
0.968859
0.974707
0.976727
0.977028
0.103592
0.113019
0.149015
0.206755
0.276555
0.35266
0.432786
0.51634
0.602536
0.690243
0.77382
0.840642
0.88818
0.92286
0.948483
0.967006
0.97898
0.985037
0.987103
0.98741
0.0765889
0.0860635
0.123028
0.182586
0.25482
0.333879
0.417451
0.504881
0.595309
0.687495
0.775372
0.845427
0.894949
0.930765
0.957022
0.975875
0.98798
0.99416
0.996195
0.996466
0.050961
0.0605157
0.0983806
0.15946
0.233875
0.315532
0.402192
0.493155
0.587513
0.683954
0.776038
0.849349
0.900913
0.937931
0.964838
0.984018
0.996272
1.00242
1.00446
1.00464
0.026217
0.0359687
0.0745992
0.137132
0.213458
0.297419
0.386858
0.481039
0.579045
0.679534
0.775766
0.852436
0.906188
0.944533
0.972181
0.991713
1.00409
1.01021
1.01217
1.01235
0.00212651
0.012112
0.0515033
0.115427
0.193403
0.279418
0.371353
0.468464
0.569841
0.674176
0.774516
0.85469
0.910844
0.950696
0.979205
0.999157
1.01165
1.01772
1.01955
1.0197
-0.0213987
-0.0111804
0.0290289
0.094175
0.17364
0.261485
0.355646
0.455402
0.559875
0.667837
0.772238
0.85609
0.914907
0.956496
0.98601
1.00643
1.01901
1.02493
1.02662
1.02669
-0.0444953
-0.0339432
0.00697847
0.0733108
0.15413
0.243598
0.33974
0.441867
0.549157
0.660509
0.768874
0.856563
0.918351
0.961976
0.992667
1.01358
1.02617
1.03188
1.03334
1.03333
-0.0671244
-0.0562743
-0.0145785
0.0528254
0.134874
0.225784
0.323681
0.427908
0.537725
0.652192
0.764375
0.856012
0.92111
0.967152
0.999262
1.02068
1.03313
1.03846
1.03966
1.03957
-0.089318
-0.0781359
-0.035634
0.0327548
0.115908
0.208086
0.30752
0.413593
0.525642
0.642916
0.758705
0.854345
0.92307
0.971991
1.0059
1.02788
1.03995
1.04466
1.04552
1.04536
-0.110878
-0.0994376
-0.0561623
0.0131427
0.097286
0.190582
0.291331
0.399003
0.512989
0.63275
0.751855
0.851462
0.924068
0.976385
1.01269
1.03549
1.04688
1.05051
1.05086
1.05063
-0.131938
-0.120133
-0.0761266
-0.00597992
0.0790473
0.173317
0.275212
0.384226
0.499866
0.621787
0.743849
0.847258
0.923909
0.980113
1.01962
1.04396
1.05458
1.05636
1.05567
1.05532
-0.152322
-0.140187
-0.0954871
-0.0245571
0.0612747
0.156378
0.259247
0.369387
0.48639
0.610106
0.734739
0.841653
0.922379
0.982823
1.0264
1.05364
1.06434
1.06371
1.0606
1.05923
-0.172084
-0.159633
-0.114184
-0.0425303
0.0440099
0.139835
0.24352
0.35457
0.472679
0.597853
0.724617
0.834585
0.919283
0.984053
1.03228
1.06411
1.07742
1.0761
1.06893
1.05934
-0.191135
-0.178427
-0.132311
-0.0600493
0.027044
0.123405
0.22769
0.339364
0.458268
0.584502
0.712915
0.825426
0.914027
0.983206
1.03613
1.07395
1.09332
1.09468
1.08484
1.07675
-0.20942
-0.196482
-0.149862
-0.0770695
0.0103886
0.107084
0.211779
0.323753
0.443121
0.569948
0.699468
0.81384
0.905925
0.979519
1.03554
1.0777
1.1
1.10661
1.06958
1.01631
-0.226647
-0.213023
-0.166723
-0.0935197
-0.00605786
0.0907361
0.195742
0.307859
0.427303
0.554265
0.684231
0.799677
0.893994
0.972627
1.02848
1.0643
1.08757
1.07544
1.01856
0.954242
-0.243145
-0.22859
-0.182707
-0.108752
-0.021944
0.0748405
0.179353
0.291741
0.41096
0.537627
0.667234
0.782796
0.877143
0.963624
1.01311
1.06469
1.03393
0.99205
0.92246
0.854332
-0.229103
-0.211084
-0.162177
-0.0837167
0.00816732
0.108692
0.218512
0.333721
0.455832
0.585703
0.708868
0.811383
0.897574
0.989849
1.03627
0.956663
0.911025
0.848238
0.775538
0.727414
-0.253494
-0.237257
-0.20146
-0.13291
-0.0465839
0.0495955
0.154242
0.265974
0.384347
0.509659
0.637198
0.750772
0.841838
0.921703
0.993575
0.993306
0.872408
0.789208
0.7267
0.643705
-0.273642
-0.257955
-0.21652
-0.146565
-0.0599341
0.035862
0.139305
0.250087
0.367415
0.491191
0.616811
0.72798
0.815923
0.883248
0.909739
0.838259
0.699583
0.60414
0.529126
0.440645
-0.294216
-0.281598
-0.235678
-0.164423
-0.0776118
0.018381
0.121756
0.23217
0.348519
0.470656
0.593256
0.699714
0.77999
0.832035
0.809835
0.681804
0.530497
0.412967
0.315061
0.177882
-0.317997
-0.304923
-0.256843
-0.184423
-0.0972735
-0.00126054
0.101979
0.211756
0.326917
0.44704
0.566082
0.667063
0.739335
0.77073
0.713364
0.531932
0.350377
0.196087
0.0535782
-0.143858
-0.340768
-0.328017
-0.278681
-0.205057
-0.117379
-0.0214105
0.0814368
0.190319
0.30404
0.421771
0.536853
0.631768
0.695405
0.696077
0.58846
0.390211
0.176591
-0.0265214
-0.207053
-0.608978
-0.363578
-0.351167
-0.301295
-0.226768
-0.138655
-0.0426577
0.0597894
0.167763
0.279926
0.39502
0.505802
0.594009
0.646458
0.614588
0.465717
0.264608
0.0454248
-0.169319
-0.352402
-0.642813
-0.387291
-0.375018
-0.324911
-0.24981
-0.161385
-0.0653482
0.0367395
0.143827
0.254372
0.366645
0.472866
0.553839
0.592677
0.543958
0.35574
0.162504
-0.0366934
-0.205173
-0.276995
-0.313775
-0.412393
-0.400255
-0.349904
-0.274481
-0.185944
-0.0900306
0.0115438
0.117515
0.226112
0.335068
0.436054
0.509092
0.533076
0.452392
0.258037
0.0777487
-0.0873503
-0.194312
-0.231709
-0.241857
-0.439051
-0.426966
-0.37643
-0.300788
-0.212268
-0.116645
-0.0157952
0.0888008
0.195074
0.300199
0.395209
0.460099
0.459773
0.347806
0.169099
0.00278334
-0.136502
-0.193177
-0.205556
-0.211052
-0.467466
-0.455406
-0.404548
-0.328735
-0.240331
-0.14517
-0.0452553
0.0576721
0.161251
0.262079
0.350384
0.406556
0.380866
0.249631
0.084704
-0.070625
-0.16939
-0.202121
-0.197523
-0.197565
-0.497393
-0.485524
-0.434222
-0.358263
-0.270073
-0.175533
-0.0767878
0.0241842
0.124694
0.220733
0.301884
0.347052
0.309337
0.15741
0.00788455
-0.128576
-0.169295
-0.183266
-0.188885
-0.189652
-0.528598
-0.516632
-0.465205
-0.389183
-0.301334
-0.207592
-0.110255
-0.0115327
0.085519
0.176339
0.249861
0.283048
0.239447
0.0765895
-0.0604746
-0.15666
-0.203634
-0.190364
-0.186884
-0.186605
-0.560562
-0.548596
-0.497324
-0.421168
-0.333791
-0.241053
-0.145369
-0.0491994
0.0440231
0.129284
0.194692
0.218193
0.150603
0.00263167
-0.117327
-0.176456
-0.186901
-0.187323
-0.186306
-0.185861
-0.592485
-0.5807
-0.529258
-0.453666
-0.366939
-0.275448
-0.181701
-0.0883682
0.000691336
0.0801109
0.137407
0.146223
0.0564547
-0.0693808
-0.156899
-0.172209
-0.185558
-0.191301
-0.192227
-0.191268
-0.623261
-0.611885
-0.560651
-0.485757
-0.400052
-0.310106
-0.218591
-0.128363
-0.0436929
0.029539
0.0795979
0.0712899
-0.0350866
-0.150333
-0.19027
-0.224554
-0.215533
-0.209091
-0.206191
-0.205484
-0.65142
-0.640505
-0.590296
-0.516331
-0.432143
-0.344111
-0.255158
-0.168286
-0.0880442
-0.0212432
0.0223958
0.00147534
-0.12978
-0.257254
-0.281444
-0.260928
-0.255603
-0.240531
-0.231899
-0.230102
-0.675364
-0.665145
-0.61633
-0.544159
-0.461992
-0.376291
-0.290264
-0.206986
-0.131038
-0.0703357
-0.0334193
-0.0620842
-0.217062
-0.411787
-0.48827
-0.408038
-0.35967
-0.324715
-0.305548
-0.297209
-0.692904
-0.683576
-0.636899
-0.567372
-0.488065
-0.405312
-0.322564
-0.243049
-0.171209
-0.115421
-0.0854845
-0.113646
-0.267089
-0.523166
-0.832033
-0.636127
-0.513971
-0.471399
-0.441006
-0.418325
-0.702137
-0.693638
-0.650133
-0.584223
-0.508615
-0.429597
-0.350616
-0.274849
-0.206945
-0.154256
-0.129436
-0.137274
-0.214868
-0.320645
-0.548541
-0.507943
-0.441138
-0.433834
-0.434213
-0.430811
-0.699391
-0.692266
-0.65454
-0.592977
-0.52205
-0.447564
-0.372833
-0.300876
-0.236418
-0.185352
-0.160731
-0.132206
-0.0606635
0.200283
0.285397
-0.0427101
-0.294442
-0.373374
-0.389191
-0.394894
-0.683177
-0.678306
-0.647789
-0.592385
-0.527054
-0.457953
-0.387818
-0.319563
-0.257809
-0.208742
-0.181914
-0.154789
-0.0857978
0.221098
0.495981
0.109503
-0.320131
-0.463792
-0.463323
-0.47056
-0.653924
-0.65031
-0.628364
-0.581848
-0.523447
-0.460148
-0.394651
-0.329709
-0.269631
-0.222377
-0.196954
-0.246606
-0.474416
-0.888853
-1.2895
-1.73805
-1.80286
-1.40523
-0.979209
-0.8324
-0.615408
-0.613089
-0.599268
-0.563021
-0.512086
-0.454611
-0.393194
-0.330449
-0.270149
-0.219349
-0.200004
-0.280579
-0.886708
-2.03372
-2.99184
-3.33529
-3.27495
-2.87263
-2.4323
-2.18304
-0.57397
-0.572674
-0.564912
-0.539784
-0.496367
-0.443045
-0.384408
-0.321759
-0.258364
-0.19952
-0.164566
-0.186324
-0.587347
-1.04522
-1.4372
-1.51261
-1.30263
-0.995294
-0.709024
-0.487247
-0.537615
-0.536866
-0.533324
-0.516206
-0.479665
-0.429296
-0.371058
-0.30548
-0.234763
-0.160719
-0.0830641
-0.0160698
0.0850572
0.357084
0.809826
1.30007
1.74083
2.06029
2.24866
2.33368
-0.509306
-0.508337
-0.506785
-0.498251
-0.467645
-0.418116
-0.356754
-0.286383
-0.205601
-0.115114
-0.00701734
0.119949
0.326685
0.781096
1.40932
2.02137
2.49593
2.7875
2.93232
2.98667
-0.48685
-0.486352
-0.48598
-0.482713
-0.45932
-0.410235
-0.344659
-0.268854
-0.182073
-0.0814927
0.0287168
0.152895
0.290611
0.683844
1.24561
1.76493
2.18608
2.4585
2.59921
2.64999
-0.469253
-0.468939
-0.468782
-0.468092
-0.451997
-0.404052
-0.335089
-0.254566
-0.165089
-0.0651041
0.0400745
0.149381
0.247933
0.525769
0.984587
1.3903
1.71431
1.92597
2.03249
2.07128
-0.455535
-0.454518
-0.453184
-0.453601
-0.443693
-0.397687
-0.325202
-0.241703
-0.151926
-0.0561553
0.0439233
0.137622
0.228383
0.402097
0.729247
1.03014
1.25903
1.4067
1.4825
1.51073
-0.452362
-0.451015
-0.451843
-0.454319
-0.442918
-0.389886
-0.310932
-0.225025
-0.137054
-0.0460239
0.0448743
0.121621
0.191361
0.301033
0.528013
0.733382
0.89231
0.997283
1.04859
1.06752
-0.443314
-0.444349
-0.450429
-0.452916
-0.433196
-0.369592
-0.285431
-0.200055
-0.117895
-0.0369981
0.0410456
0.103569
0.160102
0.229785
0.385362
0.525094
0.629519
0.699664
0.734767
0.74649
-0.376332
-0.379243
-0.388528
-0.39081
-0.368549
-0.309348
-0.235443
-0.161997
-0.0924503
-0.0246432
0.0409534
0.0949975
0.140359
0.184747
0.287264
0.383329
0.452078
0.496848
0.517762
0.524672
-0.234486
-0.238123
-0.24442
-0.247005
-0.233927
-0.199181
-0.155449
-0.107683
-0.0584991
-0.00736014
0.0440953
0.0890233
0.123983
0.156996
0.221851
0.28315
0.328545
0.359145
0.373387
0.377641
-0.0741248
-0.0762781
-0.0797823
-0.0845127
-0.0853165
-0.0800123
-0.0674308
-0.047313
-0.020642
0.0121891
0.0493314
0.0842898
0.113407
0.140914
0.178275
0.216373
0.246502
0.266405
0.275891
0.27792
0.0440372
0.0428114
0.04049
0.0337476
0.021778
0.00984933
0.0035021
0.00454078
0.0140417
0.031638
0.0558696
0.080624
0.10317
0.122321
0.145078
0.168493
0.188442
0.202026
0.208519
0.209713
0.105974
0.105267
0.103459
0.0965057
0.0825395
0.0654188
0.0508715
0.0422728
0.0411862
0.0476207
0.0607965
0.0756057
0.0900721
0.102732
0.114109
0.130564
0.144981
0.154536
0.158606
0.158703
0.128036
0.127577
0.126109
0.120454
0.108654
0.0931654
0.0782135
0.0666181
0.060267
0.0596423
0.0640232
0.0696851
0.0741706
0.0760365
0.0839983
0.0974953
0.109636
0.117505
0.120694
0.120485
0.129688
0.129383
0.128277
0.124282
0.115828
0.104084
0.0916168
0.080659
0.0726734
0.0680374
0.0659675
0.0627538
0.0567263
0.0522322
0.0592557
0.0719777
0.082656
0.0888394
0.0913373
0.0911253
0.123131
0.122918
0.12213
0.119547
0.114053
0.106015
0.0967986
0.0879198
0.080353
0.0743517
0.0685359
0.0587645
0.0448398
0.0355907
0.0446928
0.0576762
0.0668003
0.0710983
0.0721794
0.0720085
0.11446
0.114291
0.113738
0.112149
0.108836
0.10377
0.0975939
0.0912144
0.0852806
0.0798865
0.0732935
0.0611965
0.0435051
0.033657
0.0450543
0.0577966
0.0647614
0.0671703
0.0673666
0.0671307
0.106282
0.106141
0.105762
0.104815
0.102966
0.100029
0.0962741
0.0923137
0.0886656
0.085466
0.0818457
0.0732574
0.0598083
0.0560396
0.0676914
0.0758016
0.0788634
0.0790819
0.0783746
0.0781187
0.0992136
0.0991062
0.0988776
0.0983258
0.0973586
0.0958019
0.0938334
0.0919689
0.0907268
0.0909648
0.0930061
0.0939002
0.0925044
0.0965287
0.103643
0.106566
0.105649
0.104501
0.103891
0.103573
0.0927618
0.0926824
0.0925617
0.0922293
0.0917186
0.0911289
0.0904219
0.0901925
0.0912435
0.095293
0.104389
0.118462
0.131721
0.14228
0.145096
0.142643
0.140216
0.139729
0.139695
0.138823
0.0862317
0.0861821
0.0861586
0.0859963
0.0857376
0.0854629
0.0857131
0.0865918
0.0895042
0.0964432
0.111728
0.137854
0.168295
0.186107
0.181222
0.17273
0.168473
0.168948
0.169452
0.168134
0.0788939
0.0788549
0.0788974
0.0788868
0.0787345
0.078693
0.0790798
0.0808083
0.0846557
0.0926436
0.110593
0.143249
0.185529
0.207961
0.196167
0.184272
0.180629
0.182133
0.182717
0.181084
0.0704257
0.0704023
0.0705161
0.0706724
0.0707341
0.0708137
0.0712642
0.0724154
0.0756114
0.0827892
0.0984803
0.129068
0.170251
0.194369
0.178829
0.168831
0.169662
0.173522
0.173262
0.170811
0.0602918
0.0602624
0.0604003
0.060653
0.060905
0.0612633
0.0619718
0.0628415
0.0645227
0.0678591
0.0758898
0.0922363
0.117161
0.127371
0.118541
0.118295
0.123997
0.128798
0.128649
0.126926
0.0485682
0.0484849
0.0485411
0.0487924
0.0491973
0.0496757
0.050099
0.0505727
0.050791
0.0507171
0.0469935
0.0403792
0.030785
0.0266271
0.0296133
0.0424964
0.0532118
0.0573137
0.057348
0.0561968
0.0363344
0.0362331
0.036304
0.0367373
0.0372518
0.0378312
0.0383201
0.0380081
0.0361787
0.0320912
0.0207611
-0.0100561
-0.060318
-0.0776451
-0.059459
-0.0371028
-0.0350841
-0.0342098
-0.0326997
-0.0314487
0.0235194
0.0233707
0.0234689
0.0240772
0.025105
0.0260417
0.0266465
0.0266465
0.0250994
0.0196988
0.00593651
-0.0297853
-0.103788
-0.113443
-0.0897571
-0.0836768
-0.0899336
-0.101752
-0.100861
-0.09694
0.00372811
0.0034875
0.00304437
0.00238489
0.00188059
0.00171226
0.00199909
0.00208476
0.00291177
0.0035543
0.00535104
-0.00627048
-0.024536
-0.02238
-0.0272345
-0.0363508
-0.0395202
-0.0355082
-0.0302598
-0.0811635
-1.02154
-0.316998
0.140777
0.406592
0.599512
0.748544
0.865554
0.961765
1.06249
1.1542
0.0568019
0.259586
0.444051
0.599219
0.729241
0.835915
0.923257
0.994633
1.03882
1.04347
0.403796
0.523439
0.64023
0.744441
0.834341
0.910311
0.972564
1.0198
1.05025
1.0684
0.621969
0.703031
0.783317
0.856932
0.921282
0.976212
1.02138
1.05676
1.08362
1.10301
0.780728
0.835923
0.896123
0.950954
0.998819
1.04044
1.07572
1.10494
1.12878
1.14599
0.906012
0.947504
0.994398
1.03551
1.07358
1.1075
1.13716
1.16248
1.18359
1.19798
1.01027
1.04518
1.08295
1.11773
1.15044
1.18043
1.20708
1.22992
1.24875
1.26059
1.10452
1.13584
1.17018
1.20311
1.23412
1.26269
1.28801
1.30943
1.32648
1.33609
1.19611
1.22879
1.2643
1.2985
1.32997
1.35839
1.38307
1.40347
1.419
1.42726
1.2984
1.33597
1.37436
1.41074
1.44289
1.47083
1.49434
1.5134
1.52758
1.5361
1.42552
1.46796
1.50719
1.5431
1.57356
1.59928
1.62087
1.63853
1.65207
1.66226
1.58716
1.62867
1.6624
1.69197
1.71653
1.73807
1.75769
1.77513
1.78989
1.8026
1.77762
1.80844
1.82972
1.84887
1.86694
1.88418
1.9004
1.91623
1.93275
1.94969
1.97553
1.98694
1.99799
2.01209
2.02638
2.03922
2.0506
2.06146
2.07437
2.09125
2.16135
2.17126
2.17991
2.18235
2.18321
2.18747
2.19828
2.21424
2.23186
2.23646
2.46239
2.40699
2.35617
2.31592
2.29354
2.2895
2.303
2.3368
2.39324
2.4688
1.01418
0.955482
0.912997
0.879132
0.854466
0.836897
0.824365
0.815406
0.809253
0.805714
0.805247
0.808033
0.813413
0.821303
0.83219
0.847219
0.868213
0.897298
0.936053
0.983874
0.815739
0.82449
0.830014
0.83083
0.827334
0.821271
0.814812
0.809302
0.805409
0.803684
0.804775
0.808294
0.813517
0.819952
0.826688
0.831937
0.833549
0.830306
0.822951
0.815282
0.792791
0.794821
0.799422
0.802924
0.805422
0.806831
0.806517
0.804745
0.802505
0.800864
0.800791
0.80253
0.805179
0.807748
0.809189
0.808822
0.806944
0.804128
0.800069
0.795683
0.785916
0.786782
0.78926
0.791964
0.79396
0.7953
0.796255
0.796663
0.796462
0.79613
0.796382
0.797367
0.798382
0.798798
0.798446
0.797564
0.796126
0.793868
0.791215
0.789244
0.780312
0.780773
0.782164
0.784175
0.786098
0.78765
0.78876
0.78961
0.790263
0.79075
0.791267
0.791795
0.792022
0.791852
0.791321
0.790312
0.788769
0.786916
0.785251
0.78423
0.77519
0.775477
0.77639
0.777849
0.779458
0.781037
0.782424
0.783543
0.784489
0.785336
0.786039
0.786447
0.786488
0.786171
0.785437
0.784316
0.782979
0.781625
0.780515
0.779885
0.770303
0.770504
0.771188
0.772351
0.773718
0.775136
0.776569
0.777914
0.779101
0.780159
0.781022
0.781486
0.7815
0.781084
0.780313
0.779344
0.778299
0.777253
0.776438
0.775994
0.765581
0.765733
0.766276
0.767251
0.768463
0.769774
0.771156
0.772576
0.773961
0.775236
0.776284
0.776862
0.776907
0.776539
0.775909
0.775135
0.774298
0.773478
0.772864
0.772531
0.760953
0.761071
0.761516
0.76236
0.763475
0.764726
0.766077
0.767524
0.769036
0.770529
0.771803
0.772548
0.772732
0.77253
0.772087
0.771499
0.770833
0.770199
0.769735
0.769476
0.756333
0.756428
0.756803
0.757558
0.758612
0.759826
0.761179
0.762677
0.764303
0.766
0.76754
0.768541
0.768962
0.76898
0.768733
0.768331
0.767842
0.767365
0.767019
0.766815
0.751644
0.751721
0.752046
0.752745
0.753772
0.754987
0.756382
0.757968
0.759747
0.761683
0.763544
0.764881
0.765596
0.765867
0.765836
0.765617
0.765292
0.764953
0.764704
0.764542
0.746812
0.746875
0.747164
0.747833
0.748863
0.750128
0.751607
0.753331
0.755325
0.75756
0.759818
0.761573
0.762634
0.763187
0.763393
0.763369
0.763204
0.762993
0.762824
0.762694
0.74176
0.741812
0.742077
0.742741
0.74381
0.745164
0.746774
0.748699
0.750989
0.753632
0.756392
0.758628
0.760084
0.760956
0.761422
0.761606
0.761606
0.761514
0.761414
0.761312
0.736413
0.736454
0.736705
0.737383
0.738525
0.740009
0.741796
0.743973
0.746617
0.74975
0.753127
0.75597
0.757923
0.759192
0.759964
0.76039
0.760553
0.760582
0.760548
0.760471
0.730679
0.73071
0.730953
0.731662
0.73291
0.73457
0.736601
0.739116
0.742215
0.745966
0.7501
0.753681
0.756229
0.757962
0.75908
0.759797
0.760153
0.760312
0.760343
0.760286
0.724445
0.724465
0.724709
0.725472
0.72686
0.728745
0.731091
0.734043
0.737739
0.742267
0.747338
0.751821
0.755077
0.757349
0.758891
0.759902
0.760496
0.760801
0.760899
0.760863
0.717581
0.717607
0.717835
0.718656
0.720215
0.722383
0.725125
0.728618
0.733049
0.738556
0.744785
0.750341
0.754461
0.757413
0.75947
0.760852
0.761728
0.762197
0.762368
0.762351
0.709818
0.709827
0.710111
0.711005
0.712782
0.715286
0.718525
0.722697
0.728036
0.734719
0.742363
0.749281
0.754455
0.758212
0.760902
0.762785
0.764009
0.764684
0.764936
0.764936
0.700938
0.70094
0.701237
0.702263
0.704312
0.707271
0.711153
0.716213
0.72275
0.730969
0.740354
0.748838
0.755237
0.759951
0.763394
0.765862
0.767501
0.768424
0.768768
0.76878
0.690503
0.690501
0.690836
0.69202
0.694413
0.697943
0.702636
0.708808
0.71681
0.726875
0.73839
0.748836
0.756745
0.762625
0.766987
0.770175
0.772335
0.773555
0.773998
0.774015
0.677884
0.67788
0.678282
0.679693
0.68258
0.686913
0.692723
0.700398
0.710341
0.722779
0.736877
0.749585
0.759216
0.76643
0.771848
0.775839
0.778601
0.780142
0.780683
0.780698
0.662229
0.662225
0.662736
0.664514
0.66813
0.673597
0.680937
0.690614
0.70305
0.718421
0.735637
0.751028
0.762667
0.771421
0.778037
0.78295
0.786372
0.788247
0.788878
0.788885
0.642344
0.64234
0.643025
0.645399
0.650141
0.657282
0.6668
0.679233
0.694942
0.713975
0.734892
0.753348
0.767248
0.777699
0.78567
0.791585
0.795708
0.797913
0.798627
0.798622
0.616435
0.616436
0.61743
0.620824
0.627432
0.637135
0.649861
0.666107
0.686063
0.709578
0.7348
0.756706
0.773089
0.785421
0.794838
0.801876
0.806722
0.80924
0.810013
0.809989
0.58153
0.581555
0.58322
0.588578
0.598457
0.612304
0.629816
0.651273
0.676621
0.70547
0.735569
0.761242
0.780299
0.794647
0.805641
0.813891
0.819469
0.822258
0.823049
0.822991
0.531942
0.532212
0.53603
0.545842
0.561811
0.582404
0.606851
0.635172
0.667094
0.702072
0.737501
0.767146
0.78897
0.805405
0.818045
0.827573
0.833873
0.83685
0.837601
0.83749
0.459952
0.462342
0.473427
0.492815
0.518909
0.548831
0.582089
0.618549
0.657935
0.699707
0.740981
0.775019
0.799967
0.818825
0.83346
0.844524
0.851647
0.85494
0.855748
0.855656
0.382974
0.389468
0.409145
0.438734
0.475375
0.514972
0.557155
0.60192
0.649136
0.698362
0.74652
0.786148
0.815273
0.837424
0.854755
0.867941
0.876184
0.87983
0.880676
0.88069
0.317495
0.324158
0.350509
0.388676
0.434157
0.482646
0.533361
0.586216
0.641093
0.697569
0.752316
0.797195
0.830225
0.855422
0.875043
0.889638
0.898469
0.902693
0.903772
0.903825
0.263945
0.270921
0.301087
0.345362
0.397541
0.453276
0.511319
0.571453
0.633425
0.696712
0.757666
0.807405
0.843908
0.871616
0.892917
0.908699
0.91871
0.923435
0.924388
0.92452
0.219446
0.226698
0.259291
0.307999
0.365526
0.427164
0.491364
0.557838
0.62617
0.695718
0.762397
0.816562
0.85609
0.885853
0.908556
0.925275
0.936083
0.941217
0.942425
0.942657
0.181529
0.18893
0.223124
0.275245
0.337172
0.403767
0.473265
0.5453
0.61933
0.694573
0.766516
0.82467
0.866838
0.898324
0.922116
0.939558
0.950937
0.956493
0.958033
0.95833
0.148281
0.155771
0.191103
0.246047
0.311544
0.38236
0.456505
0.533499
0.612701
0.693188
0.769991
0.831787
0.87625
0.909142
0.933772
0.95182
0.96357
0.969461
0.971254
0.971579
0.118275
0.125861
0.162139
0.219399
0.287886
0.362344
0.440586
0.522055
0.606013
0.691382
0.772754
0.837935
0.884476
0.918584
0.943898
0.962335
0.974344
0.980433
0.982397
0.982729
0.0905897
0.0982673
0.135403
0.194532
0.265614
0.343236
0.425128
0.510661
0.59901
0.688983
0.774724
0.843164
0.891693
0.92694
0.952891
0.971623
0.983817
0.990023
0.992073
0.992364
0.0644674
0.0722743
0.110234
0.170932
0.244308
0.324699
0.409848
0.499084
0.591511
0.685849
0.775839
0.847514
0.898041
0.934446
0.961028
0.980079
0.992379
0.998613
1.0007
1.00103
0.0394579
0.047444
0.0861457
0.14823
0.223647
0.306483
0.394564
0.487174
0.583386
0.681875
0.776038
0.851011
0.903648
0.941311
0.96858
0.987953
1.00035
1.00655
1.00858
1.00893
0.0152058
0.0234112
0.0627498
0.126232
0.203417
0.288432
0.37915
0.47483
0.574553
0.676991
0.775281
0.853683
0.908605
0.94768
0.975745
0.995497
1.008
1.01417
1.01611
1.01635
-0.00842352
-2.24618e-05
0.0400093
0.104769
0.183511
0.270466
0.363542
0.46201
0.564968
0.671143
0.773521
0.855514
0.912965
0.953653
0.982649
1.00284
1.01543
1.02151
1.02332
1.02346
-0.0315473
-0.0229856
0.0178169
0.0837101
0.163875
0.252551
0.347729
0.448706
0.554624
0.664308
0.770708
0.856459
0.916722
0.959288
0.989369
1.01004
1.02266
1.02855
1.03017
1.03021
-0.0542295
-0.0454727
-0.00395651
0.0630284
0.144486
0.234696
0.33174
0.434952
0.543536
0.656479
0.766779
0.85643
0.919834
0.964615
0.99598
1.01715
1.02972
1.03529
1.03666
1.03662
-0.0764985
-0.067542
-0.0252433
0.0427424
0.125364
0.216933
0.315616
0.420801
0.531766
0.64768
0.761696
0.855332
0.922209
0.969632
1.00258
1.02427
1.03659
1.04167
1.04274
1.04262
-0.0982609
-0.08909
-0.0460218
0.0228928
0.10656
0.199315
0.299435
0.406332
0.519388
0.637949
0.755435
0.853071
0.923711
0.974266
1.00929
1.03163
1.04341
1.04767
1.04832
1.04813
-0.119442
-0.110056
-0.0662575
0.0035151
0.0881241
0.181917
0.283268
0.391637
0.506486
0.627371
0.747999
0.849538
0.924157
0.978362
1.01616
1.03961
1.0506
1.05342
1.05337
1.0531
-0.14004
-0.13043
-0.0859157
-0.0153429
0.0701055
0.164816
0.267211
0.376818
0.493169
0.616031
0.739436
0.844642
0.923338
0.981633
1.02307
1.04866
1.05914
1.05972
1.05806
1.05759
-0.159973
-0.150146
-0.10495
-0.0336297
0.0525745
0.148064
0.251347
0.361969
0.479555
0.604045
0.729798
0.838311
0.921048
0.983663
1.02953
1.05886
1.07048
1.06909
1.06438
1.06217
-0.179261
-0.169229
-0.123339
-0.0513424
0.0355079
0.131644
0.235651
0.347058
0.465614
0.591376
0.719022
0.83033
0.916997
0.983959
1.03459
1.0693
1.08528
1.08544
1.07737
1.06018
-0.197932
-0.187676
-0.14119
-0.068649
0.0186698
0.115238
0.219741
0.331614
0.450788
0.577373
0.706417
0.819952
0.910395
0.981771
1.03656
1.07691
1.09899
1.09889
1.09186
1.04616
-0.216253
-0.205096
-0.158429
-0.0854065
0.00216994
0.0989419
0.2038
0.31586
0.435311
0.562263
0.69209
0.807102
0.900531
0.97649
1.03293
1.07325
1.09637
1.09995
1.0484
0.986341
-0.23525
-0.220416
-0.174847
-0.10149
-0.0142601
0.082565
0.187566
0.299803
0.419172
0.546034
0.675925
0.79157
0.886211
0.968269
1.02189
1.04697
1.0663
1.04088
0.97606
0.910022
-0.253994
-0.255262
-0.195311
-0.11445
-0.0277317
0.0689378
0.171637
0.284099
0.403098
0.529455
0.658538
0.773686
0.867291
0.959347
0.982129
0.987408
0.988489
0.933704
0.861852
0.791031
-0.229452
-0.2284
-0.170903
-0.0907288
0.000889503
0.1013
0.208808
0.323774
0.445474
0.574735
0.697062
0.798867
0.882021
0.972244
0.995159
0.902246
0.822764
0.759295
0.687636
0.542701
-0.27076
-0.244367
-0.184128
-0.103409
-0.0117472
0.0883254
0.195237
0.309537
0.430213
0.557798
0.677364
0.775888
0.851221
0.909801
0.884406
0.763259
0.646863
0.566961
0.483568
0.318786
-0.295433
-0.264265
-0.202962
-0.122587
-0.0308663
0.068935
0.175966
0.289431
0.408705
0.533929
0.649965
0.74337
0.810341
0.835485
0.762704
0.603557
0.466791
0.365077
0.250662
0.0132014
-0.319519
-0.285964
-0.223355
-0.142283
-0.0504505
0.0492389
0.155884
0.268356
0.385998
0.508465
0.620118
0.707286
0.761894
0.754569
0.624816
0.440148
0.269392
0.126696
-0.0333725
-0.422778
-0.342627
-0.308176
-0.244469
-0.162528
-0.0704992
0.0290177
0.135006
0.246372
0.362186
0.481552
0.58814
0.668454
0.706153
0.668809
0.490988
0.284849
0.0713177
-0.112239
-0.363649
-0.942997
-0.365494
-0.330975
-0.266536
-0.183964
-0.0917001
0.0076289
0.112976
0.223156
0.336944
0.452895
0.554026
0.626366
0.646863
0.563697
0.368613
0.154772
-0.0637194
-0.267828
-0.438803
-1.0834
-0.389261
-0.35466
-0.289802
-0.206827
-0.114374
-0.0151964
0.0895441
0.198514
0.310147
0.422435
0.517904
0.580956
0.579384
0.452405
0.264013
0.0604677
-0.127511
-0.25649
-0.286966
-0.335243
-0.414345
-0.379692
-0.314577
-0.231418
-0.13895
-0.0400761
0.0638875
0.17137
0.280447
0.388423
0.477735
0.529266
0.505311
0.350008
0.16993
-0.00808515
-0.152805
-0.213823
-0.237425
-0.243212
-0.441113
-0.406261
-0.340943
-0.257712
-0.165384
-0.0669864
0.0359473
0.141628
0.247741
0.35078
0.433302
0.470801
0.432467
0.253881
0.084035
-0.0711767
-0.181386
-0.210291
-0.210578
-0.210799
-0.469622
-0.434465
-0.368931
-0.285675
-0.19362
-0.0959069
0.00575303
0.109314
0.212019
0.30958
0.384268
0.409535
0.343777
0.165144
0.0041697
-0.132204
-0.179801
-0.195647
-0.197456
-0.19724
-0.499768
-0.464212
-0.398485
-0.315271
-0.223617
-0.126776
-0.0266408
0.0744631
0.173332
0.264905
0.330968
0.344026
0.245255
0.0825008
-0.0650464
-0.170912
-0.188468
-0.188141
-0.189537
-0.189423
-0.531048
-0.495498
-0.429402
-0.346309
-0.255209
-0.15945
-0.0611076
0.0371947
0.131829
0.216909
0.274247
0.26822
0.156946
0.00775909
-0.121613
-0.16135
-0.184487
-0.186183
-0.186607
-0.186544
-0.563114
-0.527133
-0.461279
-0.378473
-0.288095
-0.193648
-0.0973704
-0.00220049
0.0878178
0.166074
0.214256
0.192323
0.0706621
-0.0572529
-0.161842
-0.200052
-0.190403
-0.186948
-0.185994
-0.185675
-0.595027
-0.559134
-0.493634
-0.411218
-0.321788
-0.228912
-0.134986
-0.0432526
0.041785
0.113159
0.150664
0.117542
-0.0166642
-0.113953
-0.184417
-0.183933
-0.189895
-0.192184
-0.191749
-0.190741
-0.62579
-0.590502
-0.525229
-0.443761
-0.355596
-0.264592
-0.173303
-0.0852311
-0.00548807
0.0589824
0.0872835
0.0410621
-0.105516
-0.180655
-0.176412
-0.207971
-0.210059
-0.207144
-0.2058
-0.205069
-0.653916
-0.619532
-0.555334
-0.47507
-0.388568
-0.299779
-0.211439
-0.127185
-0.0527864
0.004664
0.0280313
-0.0451119
-0.20423
-0.287324
-0.260952
-0.260569
-0.248048
-0.235088
-0.230595
-0.229201
-0.677725
-0.6448
-0.582202
-0.503895
-0.419526
-0.333338
-0.248243
-0.167926
-0.0984606
-0.0482446
-0.0278906
-0.125387
-0.311876
-0.491188
-0.454923
-0.396428
-0.33816
-0.313777
-0.300279
-0.29478
-0.695123
-0.664301
-0.603964
-0.528557
-0.447029
-0.363947
-0.282342
-0.206018
-0.140804
-0.097267
-0.079504
-0.17978
-0.371432
-0.702469
-0.767957
-0.560536
-0.489022
-0.455706
-0.427772
-0.414652
-0.703962
-0.675743
-0.618971
-0.547264
-0.469429
-0.390111
-0.312268
-0.239787
-0.178148
-0.138226
-0.119915
-0.176904
-0.253159
-0.427992
-0.575302
-0.463877
-0.43422
-0.434513
-0.432819
-0.430659
-0.701877
-0.67747
-0.625491
-0.558372
-0.485147
-0.410238
-0.336447
-0.267554
-0.208868
-0.168822
-0.141622
-0.123432
0.0531613
0.281387
0.122318
-0.188141
-0.352692
-0.382996
-0.393076
-0.39544
-0.68534
-0.666844
-0.622116
-0.560559
-0.492941
-0.423006
-0.3534
-0.287683
-0.231582
-0.191262
-0.169188
-0.136216
0.0209099
0.474705
0.340065
-0.119684
-0.43502
-0.46321
-0.468704
-0.469649
-0.655738
-0.642602
-0.607362
-0.553626
-0.492313
-0.42767
-0.362045
-0.298832
-0.244047
-0.205454
-0.195238
-0.335914
-0.658632
-1.05147
-1.53127
-1.85762
-1.62837
-1.16491
-0.873836
-0.845307
-0.61694
-0.608385
-0.583777
-0.538736
-0.483938
-0.424376
-0.361924
-0.299856
-0.243007
-0.202872
-0.203439
-0.512743
-1.3929
-2.64203
-3.2138
-3.36569
-3.09066
-2.63605
-2.28424
-2.13284
-0.575194
-0.570364
-0.554872
-0.519762
-0.470631
-0.414494
-0.353542
-0.290101
-0.227935
-0.174366
-0.168953
-0.353481
-0.821427
-1.26366
-1.52171
-1.43308
-1.15409
-0.844541
-0.589172
-0.442229
-0.538439
-0.535983
-0.527077
-0.500037
-0.455911
-0.401148
-0.339233
-0.270585
-0.198518
-0.121048
-0.0479675
0.0316142
0.189459
0.569991
1.05328
1.53236
1.9175
2.1697
2.30147
2.35081
-0.508809
-0.507763
-0.50455
-0.485733
-0.444876
-0.388374
-0.32288
-0.247514
-0.161807
-0.0632939
0.0554533
0.191888
0.520748
1.08517
1.72683
2.28098
2.66396
2.87501
2.96796
2.996
-0.486613
-0.486104
-0.485536
-0.474379
-0.437348
-0.379016
-0.308192
-0.227102
-0.133411
-0.0264584
0.0901004
0.210705
0.443964
0.964126
1.51311
1.9922
2.34106
2.54333
2.63335
2.65735
-0.469128
-0.468799
-0.468947
-0.463531
-0.431416
-0.371588
-0.296186
-0.210958
-0.116687
-0.011022
0.0921979
0.201915
0.346476
0.753365
1.19685
1.56387
1.83566
1.99036
2.05828
2.07694
-0.455156
-0.45376
-0.453232
-0.45204
-0.425172
-0.363637
-0.284431
-0.197494
-0.105302
-0.00484981
0.0906996
0.183536
0.289006
0.558249
0.888506
1.15338
1.34375
1.45208
1.50139
1.51405
-0.45157
-0.450971
-0.452956
-0.452644
-0.42148
-0.352092
-0.268451
-0.181375
-0.092444
0.00126553
0.0847453
0.158455
0.227424
0.411106
0.636074
0.818409
0.952894
1.02835
1.06113
1.06959
-0.442918
-0.447054
-0.452991
-0.447476
-0.406732
-0.328564
-0.242504
-0.158849
-0.0777979
0.00379217
0.0748546
0.131175
0.182251
0.305155
0.459218
0.581415
0.669694
0.720946
0.742919
0.746891
-0.37697
-0.384174
-0.391301
-0.383907
-0.34297
-0.27284
-0.198489
-0.127105
-0.0588644
0.00959212
0.0697851
0.11492
0.156288
0.233487
0.337761
0.420801
0.478051
0.509702
0.522667
0.524083
-0.235947
-0.241163
-0.246807
-0.243088
-0.218498
-0.177996
-0.131911
-0.0833904
-0.033419
0.0195579
0.0662733
0.102603
0.137559
0.187833
0.253676
0.307745
0.346267
0.367867
0.376437
0.37678
-0.0752493
-0.0777563
-0.0821423
-0.085902
-0.0832842
-0.0747905
-0.0581169
-0.0349176
-0.00500775
0.0312004
0.0661783
0.0976288
0.126525
0.158027
0.197073
0.233136
0.257795
0.272348
0.277595
0.276851
0.0432469
0.0420477
0.0377718
0.0283198
0.0153266
0.00591973
0.00308169
0.00818951
0.021887
0.0434932
0.0679502
0.0917261
0.113452
0.133028
0.156617
0.179177
0.196226
0.206055
0.209712
0.208562
0.105484
0.104763
0.100804
0.0903347
0.073965
0.05764
0.0457899
0.0407579
0.0434908
0.0537474
0.0680591
0.0827542
0.0968334
0.107505
0.122121
0.138304
0.150508
0.157188
0.159067
0.157695
0.127744
0.12716
0.123971
0.115295
0.101086
0.0854486
0.0719339
0.062751
0.0592895
0.0614742
0.0667053
0.0723048
0.0758785
0.0788863
0.0905576
0.103966
0.11424
0.119562
0.120973
0.119604
0.129521
0.12905
0.126761
0.120616
0.110204
0.0978088
0.0858696
0.0762761
0.0699982
0.0669286
0.0644953
0.0599543
0.0538469
0.054585
0.065548
0.0777905
0.0863565
0.0904682
0.0915378
0.0904283
0.123031
0.122664
0.12114
0.117185
0.110271
0.101475
0.0922496
0.0839425
0.0772242
0.0716035
0.0640458
0.0518911
0.0381251
0.0388747
0.0514952
0.0628712
0.0695325
0.071868
0.0722549
0.0714935
0.114389
0.1141
0.113115
0.110733
0.106489
0.100777
0.094376
0.0881754
0.0825687
0.0769846
0.0680738
0.0526397
0.0357447
0.0383413
0.0520972
0.0620237
0.0664087
0.0673553
0.0673258
0.0667067
0.106222
0.106001
0.105379
0.104021
0.101627
0.0982183
0.0942776
0.0904169
0.0871171
0.0838585
0.0782937
0.0665524
0.0551737
0.0618686
0.0723036
0.0778859
0.0792141
0.0786764
0.0782675
0.0777919
0.0991631
0.0990205
0.0986509
0.0978994
0.0966601
0.0948474
0.092857
0.0912878
0.0906573
0.0917845
0.0938553
0.093286
0.0929557
0.100371
0.10583
0.106305
0.105037
0.104114
0.103745
0.103352
0.0927185
0.0926375
0.0924286
0.0919812
0.0914148
0.0907871
0.0902082
0.0905357
0.092774
0.0991874
0.110978
0.125742
0.137648
0.144978
0.143941
0.141175
0.139865
0.139742
0.139397
0.138463
0.0861971
0.0861756
0.0861077
0.0858868
0.0855886
0.0855072
0.0860101
0.0877042
0.0921886
0.10291
0.123557
0.153414
0.180454
0.18499
0.176341
0.169658
0.168418
0.169483
0.168929
0.16771
0.078861
0.0788711
0.0789129
0.0787998
0.078709
0.078785
0.0798004
0.0822579
0.0876318
0.100147
0.125203
0.16363
0.200645
0.20363
0.188941
0.181849
0.181024
0.182881
0.181887
0.180609
0.0703966
0.0704441
0.0706
0.0706968
0.070758
0.0709753
0.0716947
0.0737882
0.078394
0.0892125
0.11183
0.149238
0.183339
0.187637
0.172352
0.167894
0.171969
0.173925
0.171892
0.170038
0.0602584
0.0603108
0.0605209
0.0607975
0.0610427
0.0615791
0.0623265
0.0634695
0.0658013
0.0711913
0.0828857
0.104279
0.125709
0.123352
0.117456
0.120751
0.126962
0.129237
0.127713
0.126169
0.0485097
0.0485047
0.0486296
0.0489751
0.0494462
0.0498979
0.0502987
0.0506339
0.0509221
0.049264
0.0442634
0.0366297
0.0272452
0.0265358
0.0353098
0.0483971
0.0557969
0.0580756
0.0568583
0.055379
0.0362638
0.0362431
0.0364776
0.0369941
0.0375369
0.0380721
0.038187
0.0374963
0.0347848
0.0276325
0.00784263
-0.0352512
-0.0735235
-0.0708988
-0.0465512
-0.0335183
-0.034907
-0.0338965
-0.031773
-0.0317885
0.0234261
0.0233637
0.0237199
0.0245741
0.0255802
0.0264086
0.0268765
0.026219
0.0231376
0.0144747
-0.00822152
-0.0584949
-0.114839
-0.102333
-0.0825904
-0.0854307
-0.0967772
-0.102762
-0.098634
-0.0963824
0.00996205
0.00973697
0.00974643
0.0101703
0.0106572
0.0111829
0.0116735
0.0117243
0.0112435
0.00842084
0.000200767
-0.0168332
-0.0587759
-0.0646042
-0.0559827
-0.0577472
-0.0742177
-0.0884251
-0.0874333
-0.0791846
-0.617644
-0.0413991
0.285401
0.507352
0.677855
0.809507
0.916296
1.00848
1.11937
1.11578
0.204999
0.358383
0.524982
0.667497
0.785386
0.881646
0.961097
1.02145
1.04632
1.05046
0.480476
0.583244
0.694218
0.791174
0.874037
0.943174
0.998246
1.03695
1.06111
1.07805
0.673911
0.744538
0.821358
0.890286
0.949946
1.00003
1.04026
1.07107
1.09516
1.11375
0.818333
0.871137
0.924708
0.975682
1.02042
1.05886
1.09106
1.11744
1.1394
1.15769
0.934631
0.972937
1.01518
1.05505
1.09107
1.12285
1.15038
1.17349
1.19278
1.21054
1.0337
1.0645
1.1006
1.13438
1.16582
1.1942
1.21901
1.23979
1.2566
1.27396
1.12419
1.15302
1.18688
1.21887
1.24876
1.2758
1.29924
1.31849
1.33301
1.35014
1.21519
1.24636
1.28173
1.31458
1.34461
1.37123
1.39384
1.41187
1.42449
1.44176
1.31914
1.35498
1.39305
1.42733
1.4574
1.48315
1.50444
1.52109
1.5327
1.55055
1.4485
1.48761
1.52583
1.55896
1.58697
1.61057
1.63021
1.64574
1.65758
1.67584
1.60973
1.64583
1.67793
1.70473
1.72758
1.74811
1.76674
1.78278
1.7965
1.81438
1.79448
1.81958
1.83948
1.85801
1.87568
1.89243
1.90831
1.92432
1.94145
1.96059
1.98123
1.99209
2.00482
2.01938
2.033
2.04508
2.056
2.06736
2.08277
2.1022
2.16313
2.17659
2.18165
2.18266
2.18463
2.19201
2.20573
2.22333
2.23708
2.24842
2.43202
2.38144
2.33398
2.3024
2.28936
2.29392
2.31716
2.36222
2.42892
2.52304
0.870801
0.867789
0.861725
0.850791
0.838289
0.826962
0.817878
0.811084
0.806567
0.804603
0.805756
0.809674
0.815784
0.82403
0.834503
0.846802
0.859142
0.867843
0.872353
0.874514
0.799118
0.805765
0.811009
0.814616
0.815716
0.814064
0.810585
0.806756
0.803718
0.802332
0.803334
0.8063
0.810333
0.814517
0.817517
0.818025
0.815691
0.8113
0.805002
0.799175
0.789039
0.791998
0.795354
0.797834
0.799581
0.800744
0.800941
0.800153
0.799032
0.7985
0.799274
0.800937
0.802545
0.803286
0.802836
0.801559
0.79964
0.796757
0.793413
0.791124
0.783029
0.78445
0.786655
0.788917
0.790624
0.791797
0.792654
0.793192
0.793398
0.793621
0.794217
0.794892
0.795167
0.794911
0.794248
0.793078
0.791245
0.789003
0.787243
0.786158
0.777715
0.778531
0.779989
0.781752
0.783477
0.784929
0.786031
0.786919
0.78768
0.788347
0.788898
0.789168
0.789087
0.78866
0.787792
0.786473
0.784923
0.783381
0.782351
0.781685
0.772724
0.773277
0.774354
0.775757
0.777253
0.778732
0.780086
0.781237
0.782244
0.783142
0.783763
0.78398
0.783807
0.783219
0.782273
0.781137
0.779933
0.778827
0.778124
0.777657
0.767928
0.768342
0.769203
0.770404
0.771717
0.773101
0.774512
0.775867
0.777099
0.778191
0.778946
0.779206
0.778999
0.778416
0.777609
0.776698
0.775751
0.774908
0.774386
0.774033
0.763263
0.763587
0.764299
0.765353
0.766575
0.767892
0.76929
0.770743
0.772174
0.773489
0.774419
0.77478
0.774662
0.774228
0.773609
0.772881
0.77213
0.771487
0.771092
0.770812
0.75865
0.758913
0.759518
0.760475
0.761637
0.762919
0.764327
0.76585
0.767444
0.769003
0.770162
0.770712
0.770789
0.770552
0.77012
0.769574
0.768996
0.768511
0.768209
0.767981
0.754005
0.754223
0.754756
0.755655
0.756782
0.758065
0.759516
0.761135
0.762897
0.764715
0.766177
0.767013
0.767345
0.767329
0.767089
0.766727
0.766305
0.765951
0.765722
0.765531
0.749255
0.749439
0.749923
0.750794
0.751924
0.753249
0.754785
0.756549
0.758533
0.760666
0.762505
0.763693
0.764319
0.764548
0.764515
0.764324
0.764055
0.763814
0.763645
0.763483
0.744324
0.744481
0.744936
0.745812
0.746987
0.748398
0.750068
0.752043
0.754332
0.756875
0.759176
0.760769
0.761724
0.762224
0.762413
0.762397
0.762274
0.762132
0.762012
0.761872
0.739133
0.739269
0.739712
0.740619
0.741879
0.743418
0.745275
0.74752
0.750187
0.753245
0.756109
0.758194
0.759547
0.760363
0.760807
0.76098
0.761008
0.760961
0.760884
0.76076
0.733601
0.73372
0.734166
0.735132
0.736515
0.73823
0.740333
0.742922
0.746067
0.749763
0.753321
0.756006
0.757841
0.759032
0.759769
0.760158
0.76034
0.760385
0.760349
0.760239
0.727634
0.727742
0.728203
0.729249
0.730787
0.732734
0.735165
0.738201
0.741936
0.746407
0.750824
0.754259
0.756678
0.758309
0.75935
0.760008
0.76038
0.760526
0.760527
0.760427
0.721115
0.721192
0.721675
0.722834
0.724585
0.726833
0.729684
0.733298
0.737821
0.743295
0.748745
0.753032
0.75612
0.758278
0.759725
0.760672
0.76124
0.761491
0.761533
0.761441
0.713813
0.713916
0.714437
0.715717
0.717709
0.720322
0.723684
0.727987
0.733423
0.740086
0.746823
0.752221
0.756174
0.758989
0.760933
0.762273
0.763085
0.763461
0.763545
0.763456
0.705526
0.705613
0.706208
0.707664
0.709973
0.713066
0.717098
0.72232
0.72897
0.737146
0.745432
0.752102
0.757028
0.760604
0.763169
0.764977
0.766095
0.766618
0.766743
0.766653
0.695921
0.696017
0.696701
0.698374
0.701075
0.704768
0.709644
0.716008
0.724145
0.734174
0.744352
0.752583
0.758727
0.76325
0.766554
0.768911
0.770411
0.771109
0.771274
0.771177
0.684454
0.68457
0.685386
0.687356
0.690584
0.695077
0.701065
0.708915
0.718945
0.731259
0.743722
0.753795
0.761354
0.766979
0.771177
0.774209
0.776149
0.777039
0.777238
0.777124
0.670395
0.670555
0.671594
0.674004
0.677982
0.683594
0.691095
0.70091
0.713367
0.728511
0.743679
0.755887
0.765076
0.771971
0.777155
0.780943
0.783365
0.784451
0.784679
0.784542
0.652733
0.652975
0.654369
0.657452
0.662522
0.669711
0.679282
0.691698
0.707234
0.72582
0.744193
0.758881
0.769921
0.778248
0.784567
0.789194
0.792121
0.793399
0.793648
0.793483
0.630014
0.630413
0.632377
0.636533
0.643303
0.652826
0.665351
0.681277
0.700738
0.723474
0.745534
0.762982
0.776078
0.78598
0.793515
0.799053
0.802489
0.803946
0.804207
0.804013
0.599946
0.600658
0.603616
0.609631
0.619195
0.632299
0.649047
0.66963
0.693968
0.721589
0.747805
0.768296
0.783625
0.795242
0.804119
0.810621
0.814552
0.816155
0.816411
0.816186
0.558496
0.559953
0.565069
0.574693
0.589085
0.607765
0.63046
0.657082
0.687316
0.720509
0.751258
0.774972
0.792654
0.806094
0.816402
0.823902
0.828277
0.82995
0.830174
0.82992
0.498101
0.502652
0.513419
0.530122
0.552678
0.579613
0.610224
0.64425
0.681268
0.720556
0.756067
0.783086
0.803159
0.818435
0.830184
0.838684
0.843385
0.845
0.845132
0.844868
0.425739
0.433912
0.453584
0.480949
0.513906
0.550137
0.589296
0.631284
0.675765
0.722098
0.76352
0.794976
0.818434
0.836389
0.85014
0.859896
0.865153
0.866957
0.867213
0.867115
0.352973
0.366656
0.395368
0.433086
0.475882
0.521338
0.569066
0.619094
0.671157
0.724706
0.772277
0.808382
0.83543
0.856353
0.872492
0.883681
0.889232
0.890613
0.890945
0.890977
0.292855
0.310309
0.344696
0.390072
0.440866
0.494374
0.54996
0.607564
0.666867
0.727287
0.78064
0.821049
0.851317
0.874612
0.892298
0.904391
0.910214
0.912574
0.913123
0.913221
0.243497
0.262947
0.301663
0.352751
0.409869
0.469994
0.532349
0.596735
0.662682
0.729518
0.788225
0.832506
0.865491
0.890672
0.909715
0.922751
0.92961
0.932416
0.93308
0.933199
0.202059
0.222618
0.264588
0.320148
0.382466
0.44814
0.516314
0.586684
0.658643
0.731351
0.794969
0.842682
0.877987
0.904706
0.92479
0.938661
0.946241
0.949388
0.950173
0.950308
0.166219
0.187497
0.23203
0.291197
0.357808
0.428255
0.50154
0.577253
0.654665
0.73278
0.800884
0.851664
0.88893
0.916867
0.93775
0.952267
0.960496
0.963906
0.964743
0.964863
0.134426
0.156198
0.202746
0.264903
0.335148
0.409739
0.487567
0.568122
0.650559
0.733696
0.805968
0.859513
0.898463
0.927392
0.948868
0.963802
0.972454
0.976067
0.976962
0.977055
0.105483
0.127627
0.175844
0.240501
0.313888
0.392103
0.474004
0.558986
0.646091
0.733971
0.810196
0.866343
0.906832
0.93664
0.958578
0.973803
0.982693
0.986423
0.987367
0.987415
0.0784398
0.100995
0.150724
0.217471
0.293564
0.37498
0.460552
0.549594
0.641072
0.733483
0.813554
0.872252
0.914253
0.944908
0.967314
0.982767
0.991738
0.99556
0.996432
0.996436
0.0527679
0.0758117
0.126742
0.19538
0.273858
0.358114
0.447001
0.53978
0.635365
0.732135
0.816027
0.877323
0.920907
0.95245
0.975323
0.991006
1.00002
1.00383
1.00465
1.00457
0.0280537
0.0516235
0.103544
0.173974
0.254529
0.341329
0.433219
0.529431
0.628864
0.729862
0.817598
0.881632
0.926935
0.959484
0.982882
0.99878
1.00784
1.01156
1.01237
1.01226
0.00402056
0.028084
0.0810887
0.153048
0.235448
0.324523
0.41912
0.51848
0.621513
0.726597
0.818251
0.885216
0.932443
0.966145
0.990162
1.00632
1.01539
1.01901
1.01972
1.01959
-0.0194851
0.0051383
0.0591844
0.132501
0.216552
0.307644
0.404676
0.506903
0.613287
0.722303
0.817937
0.888072
0.937481
0.972527
0.997259
1.01367
1.02269
1.02614
1.02674
1.02656
-0.0425085
-0.0173232
0.0377145
0.112284
0.197813
0.290701
0.389905
0.494713
0.604176
0.716942
0.816587
0.890143
0.94206
0.978694
1.00424
1.02087
1.02976
1.03296
1.0334
1.03319
-0.0650318
-0.0393372
0.0166733
0.0923932
0.179243
0.273719
0.374844
0.481954
0.594205
0.710493
0.814118
0.891341
0.946153
0.984706
1.01119
1.02796
1.03654
1.03938
1.03967
1.03942
-0.0871085
-0.0608523
-0.00390205
0.0728615
0.160885
0.25675
0.35956
0.468691
0.583436
0.702955
0.810469
0.891556
0.949667
0.990602
1.01827
1.03505
1.04304
1.04537
1.04548
1.04521
-0.108612
-0.0818126
-0.0239787
0.0537278
0.14279
0.239873
0.344134
0.455012
0.57194
0.69436
0.805581
0.890644
0.952447
0.996358
1.0257
1.04246
1.0494
1.05087
1.05075
1.05049
-0.12955
-0.102169
-0.0435312
0.0350486
0.125029
0.223157
0.328661
0.441025
0.559805
0.684776
0.79941
0.88845
0.954271
1.00182
1.03369
1.05081
1.05618
1.05604
1.05544
1.05523
-0.149824
-0.121913
-0.0625003
0.0168737
0.107657
0.206684
0.313223
0.426814
0.547154
0.674294
0.791945
0.884828
0.95485
1.00662
1.04217
1.06095
1.06495
1.06201
1.05969
1.05919
-0.169489
-0.141005
-0.0808346
-0.000737086
0.0907523
0.190539
0.297942
0.41252
0.534117
0.66302
0.783219
0.87965
0.953874
1.01011
1.05044
1.07312
1.0781
1.07296
1.06469
1.04724
-0.18848
-0.159437
-0.0986682
-0.0179833
0.0740171
0.174386
0.282395
0.397673
0.520164
0.650403
0.77265
0.872259
0.950836
1.01149
1.05709
1.08605
1.09585
1.09149
1.07535
1.0881
-0.206916
-0.177184
-0.115941
-0.0348135
0.0575109
0.158285
0.266591
0.382301
0.505296
0.636357
0.760063
0.862072
0.945088
1.0095
1.05813
1.09134
1.10601
1.09941
1.03792
1.02001
-0.225401
-0.194801
-0.132399
-0.050838
0.0417318
0.142687
0.250736
0.366669
0.489805
0.621097
0.745511
0.848747
0.935902
1.00346
1.04821
1.08001
1.08633
1.05219
0.982959
0.940907
-0.244627
-0.213211
-0.147651
-0.0656637
0.0270656
0.127739
0.235204
0.350952
0.473782
0.604655
0.728893
0.832207
0.921323
0.993355
1.04302
1.03801
1.01791
0.957933
0.885799
0.841637
0.164871
0.277148
0.39591
0.521856
0.650035
0.764097
0.855925
0.711593
-0.26522
-0.246482
-0.208499
-0.139545
-0.0531023
0.0427521
0.146663
0.257806
0.375646
0.50021
0.626951
0.739727
0.829896
0.90419
0.955948
0.921965
0.782295
0.695842
0.627775
-0.282806
-0.269737
-0.225624
-0.154965
-0.0682327
0.0276688
0.131009
0.241592
0.358445
0.481429
0.60563
0.714625
0.799063
0.859534
0.85852
0.758869
0.616335
0.511166
0.42245
-0.305972
-0.293208
-0.246093
-0.174325
-0.0873823
0.00863019
0.111987
0.222141
0.337931
0.459116
0.579987
0.683785
0.760077
0.802292
0.763925
0.606537
0.441236
0.307166
0.18949
-0.329339
-0.316395
-0.267619
-0.194627
-0.107221
-0.0112377
0.0918218
0.201172
0.315628
0.434596
0.551717
0.649766
0.718175
0.735723
0.652568
0.459693
0.261531
0.0805211
-0.0916841
-0.351899
-0.339418
-0.289798
-0.215735
-0.127847
-0.031866
0.0707634
0.179181
0.292131
0.408556
0.521507
0.61314
0.671597
0.65409
0.525481
0.32421
0.104017
-0.106889
-0.298903
-0.374976
-0.362771
-0.312845
-0.238062
-0.149784
-0.0537463
0.0485282
0.156077
0.267472
0.381222
0.489816
0.574557
0.620359
0.578739
0.409486
0.211598
-0.00120588
-0.202055
-0.32544
-0.362211
-0.399348
-0.387288
-0.3371
-0.261913
-0.173437
-0.0774371
0.024414
0.130979
0.240591
0.351276
0.45498
0.53211
0.563688
0.501927
0.305464
0.117378
-0.0637646
-0.199992
-0.245461
-0.270152
-0.425098
-0.413196
-0.362823
-0.287397
-0.198878
-0.103099
-0.00184824
0.103468
0.210947
0.318055
0.41616
0.485305
0.498871
0.39941
0.212986
0.0398907
-0.112225
-0.197823
-0.216866
-0.22281
-0.452559
-0.440717
-0.390118
-0.314516
-0.226073
-0.130669
-0.0302525
0.0735382
0.178515
0.281558
0.373303
0.434208
0.419499
0.298197
0.126284
-0.0359637
-0.15582
-0.200051
-0.201518
-0.203034
-0.481656
-0.469936
-0.419005
-0.343252
-0.25499
-0.160118
-0.0607631
0.0412274
0.143319
0.241818
0.326611
0.378086
0.343895
0.202242
0.0450089
-0.104651
-0.173076
-0.191397
-0.192625
-0.192736
-0.512192
-0.500433
-0.449358
-0.373496
-0.285513
-0.191358
-0.093282
0.00660641
0.105428
0.198908
0.276336
0.315547
0.275943
0.115878
-0.0287332
-0.143732
-0.187501
-0.185662
-0.187412
-0.187669
-0.543675
-0.531801
-0.480965
-0.404979
-0.317421
-0.224166
-0.127616
-0.0301301
0.0650556
0.15313
0.222688
0.251213
0.19711
0.0390376
-0.0913568
-0.173768
-0.18901
-0.186421
-0.185675
-0.185364
-0.575529
-0.563659
-0.513039
-0.437298
-0.350297
-0.258159
-0.163405
-0.0686171
0.0225659
0.104948
0.166296
0.183428
0.103359
-0.0333471
-0.142613
-0.168321
-0.186128
-0.189403
-0.18743
-0.186722
-0.606701
-0.595085
-0.544791
-0.46968
-0.383533
-0.292784
-0.200108
-0.108295
-0.0214094
0.0549733
0.10859
0.108699
0.0110463
-0.10897
-0.169751
-0.196579
-0.196303
-0.199194
-0.19891
-0.197968
-0.635758
-0.624755
-0.575433
-0.501122
-0.416268
-0.327245
-0.236959
-0.148377
-0.0659316
0.00411035
0.0511099
0.0354625
-0.0817007
-0.199754
-0.23396
-0.24453
-0.235446
-0.220917
-0.215023
-0.21428
-0.661667
-0.650998
-0.603557
-0.530485
-0.447401
-0.360495
-0.272948
-0.187846
-0.109774
-0.0461198
-0.00550948
-0.031483
-0.175478
-0.331866
-0.360616
-0.317198
-0.295574
-0.272076
-0.259439
-0.255784
-0.681977
-0.672025
-0.62688
-0.556301
-0.475564
-0.391284
-0.306824
-0.225414
-0.151543
-0.0935109
-0.0600527
-0.0901986
-0.24812
-0.489087
-0.676574
-0.541761
-0.443745
-0.396147
-0.370979
-0.354763
-0.694896
-0.68597
-0.643851
-0.576584
-0.499096
-0.418132
-0.337196
-0.259543
-0.189694
-0.135709
-0.108822
-0.129386
-0.260104
-0.47822
-0.817172
-0.636638
-0.515624
-0.485457
-0.465703
-0.449964
-0.697967
-0.690647
-0.652625
-0.589709
-0.516285
-0.439453
-0.362513
-0.288646
-0.222564
-0.170785
-0.146661
-0.134318
-0.140712
-0.0646203
-0.14868
-0.295929
-0.3448
-0.374062
-0.391625
-0.40013
-0.689997
-0.68402
-0.651237
-0.593955
-0.525697
-0.453757
-0.381268
-0.311191
-0.248196
-0.197907
-0.171335
-0.131118
-0.0304884
0.315645
0.588209
0.12226
-0.299376
-0.422798
-0.42788
-0.428665
-0.667597
-0.663224
-0.63722
-0.588097
-0.526478
-0.460076
-0.39224
-0.325718
-0.264988
-0.21718
-0.188207
-0.185625
-0.231785
-0.174118
-0.107307
-0.421555
-0.607024
-0.614343
-0.518042
-0.52397
-0.633446
-0.630721
-0.612165
-0.572398
-0.518793
-0.458273
-0.394897
-0.331254
-0.27133
-0.222936
-0.201508
-0.276927
-0.730534
-1.67099
-2.45737
-2.92246
-2.85583
-2.40119
-1.9145
-1.57741
-0.592727
-0.591087
-0.58053
-0.550013
-0.50457
-0.449451
-0.389551
-0.32721
-0.265778
-0.211669
-0.188667
-0.249538
-0.846009
-1.74167
-2.6172
-2.93781
-2.8119
-2.44037
-2.07421
-1.79625
-0.553474
-0.552432
-0.547343
-0.526688
-0.487618
-0.436117
-0.378072
-0.314301
-0.247957
-0.182041
-0.12688
-0.105486
-0.226202
-0.258603
-0.146827
0.0905958
0.416145
0.685674
0.877772
0.985454
-0.52223
-0.521605
-0.519056
-0.506534
-0.4729
-0.423207
-0.363765
-0.295913
-0.219826
-0.137158
-0.0396399
0.0698371
0.273018
0.710823
1.32471
1.94305
2.43992
2.75587
2.90657
2.95522
-0.496907
-0.496196
-0.495384
-0.490059
-0.463155
-0.413906
-0.35038
-0.277271
-0.193022
-0.0963572
0.0148604
0.144135
0.317925
0.75431
1.35133
1.92674
2.37991
2.66865
2.81933
2.87571
-0.477842
-0.477502
-0.4774
-0.475658
-0.455819
-0.407172
-0.3396
-0.261278
-0.172815
-0.0714149
0.0363564
0.153246
0.265377
0.603007
1.1192
1.58123
1.95521
2.19859
2.32345
2.36868
-0.461333
-0.46079
-0.460116
-0.46016
-0.447778
-0.400937
-0.330343
-0.248286
-0.158377
-0.0605773
0.0421515
0.143411
0.237996
0.458758
0.852423
1.20452
1.48015
1.65735
1.74607
1.77945
-0.45297
-0.451601
-0.450706
-0.451853
-0.44193
-0.393948
-0.318979
-0.234181
-0.145011
-0.0511347
0.045216
0.131006
0.212488
0.349776
0.620171
0.870831
1.06191
1.18824
1.25157
1.27392
-0.451081
-0.450381
-0.453908
-0.45629
-0.441708
-0.383119
-0.300296
-0.213764
-0.127996
-0.0414589
0.0429539
0.111323
0.17252
0.260783
0.450535
0.618793
0.747434
0.832476
0.875859
0.892046
-0.420114
-0.422514
-0.430347
-0.433526
-0.410909
-0.346655
-0.264314
-0.183109
-0.106271
-0.0315654
0.0404185
0.098683
0.150286
0.205087
0.33145
0.448616
0.53379
0.590135
0.616348
0.624908
-0.312432
-0.316293
-0.324128
-0.326268
-0.307017
-0.258349
-0.198405
-0.136614
-0.0763463
-0.0164495
0.0422328
0.0917322
0.13125
0.168678
0.25147
0.328022
0.383769
0.421127
0.439083
0.443379
-0.151825
-0.154742
-0.159362
-0.162778
-0.156824
-0.137821
-0.110561
-0.0771458
-0.0396085
0.00230062
0.0464791
0.086792
0.118091
0.148454
0.197348
0.246534
0.283459
0.307864
0.31936
0.322799
-0.00784865
-0.0094862
-0.0122768
-0.0181699
-0.0256573
-0.0305149
-0.028923
-0.0197688
-0.00255513
0.0221098
0.0527011
0.0825762
0.108781
0.132321
0.1618
0.191069
0.215111
0.231584
0.239644
0.241153
0.081373
0.08043
0.078402
0.0712787
0.0575205
0.0416834
0.029933
0.0252293
0.0286862
0.0401995
0.058526
0.0781038
0.0970353
0.112002
0.128938
0.148467
0.165451
0.176799
0.181915
0.182414
0.120629
0.120064
0.118427
0.112019
0.0988128
0.0820419
0.0667217
0.0559708
0.0516424
0.0540966
0.0626434
0.0727988
0.0824231
0.0901431
0.0993374
0.113732
0.126534
0.134892
0.138501
0.138399
0.130463
0.130088
0.128798
0.123977
0.113833
0.100118
0.0862296
0.0747002
0.0671978
0.0642348
0.0650516
0.0660695
0.0652661
0.0637125
0.070335
0.0831373
0.0946496
0.101742
0.104571
0.104408
0.12693
0.126676
0.125736
0.1225
0.11562
0.105799
0.0949833
0.0849505
0.07696
0.0713572
0.0670611
0.0601147
0.0498591
0.0425912
0.0506952
0.0636097
0.0734143
0.0787702
0.0806059
0.0803245
0.118813
0.118626
0.117964
0.115938
0.111649
0.105193
0.0975716
0.0899237
0.0830899
0.0771248
0.0705264
0.059079
0.0422839
0.0320091
0.0422026
0.0554176
0.0639186
0.0673627
0.0679672
0.0677697
0.110221
0.110069
0.109613
0.108395
0.1059
0.101985
0.0971166
0.09197
0.0871753
0.0828358
0.0772251
0.0660505
0.0495206
0.0419205
0.054032
0.0646544
0.0693352
0.0703696
0.0700758
0.0699963
0.102617
0.102494
0.102195
0.101474
0.100111
0.0979606
0.0951645
0.0922781
0.0898326
0.0881573
0.0870194
0.0828
0.0745793
0.0746372
0.0847461
0.0902845
0.0913781
0.09075
0.0899712
0.0895603
0.095941
0.095849
0.0956767
0.095253
0.0945351
0.0935555
0.0922866
0.0912984
0.0913038
0.0934877
0.0989677
0.10617
0.111572
0.118649
0.124078
0.124248
0.122784
0.122044
0.121655
0.121054
0.0895429
0.0894791
0.0894104
0.0891725
0.0888154
0.0883881
0.0882379
0.088636
0.0907608
0.0964659
0.108975
0.129164
0.150033
0.167094
0.16495
0.159307
0.155403
0.155169
0.155561
0.154606
0.0826805
0.082643
0.0826673
0.0826006
0.0823499
0.0822778
0.0825627
0.0839971
0.0872702
0.0951906
0.112432
0.14327
0.18105
0.200349
0.19157
0.181085
0.176959
0.178102
0.178574
0.177062
0.0748143
0.0747852
0.0748689
0.0749464
0.0749214
0.0750532
0.075375
0.0767998
0.0804695
0.0884072
0.105904
0.138515
0.184397
0.205994
0.19292
0.181983
0.180764
0.181332
0.181896
0.17983
0.0655857
0.0655768
0.065725
0.0659922
0.06617
0.0663674
0.0667308
0.0676169
0.0701815
0.0757363
0.0883497
0.113352
0.148514
0.165698
0.153414
0.146671
0.149366
0.154674
0.154316
0.152338
0.054619
0.05458
0.0546825
0.0549846
0.0554192
0.0557097
0.0561851
0.0566242
0.0573256
0.058792
0.0617715
0.0673923
0.0762044
0.0799778
0.0769041
0.0833254
0.0916094
0.0966114
0.0965541
0.0949327
0.042537
0.0424158
0.0424609
0.0427065
0.0432677
0.0441466
0.0448577
0.0451851
0.0441591
0.0413488
0.032822
0.0133047
-0.0166642
-0.02958
-0.0185826
0.000312249
0.00988343
0.0115956
0.0121474
0.0122877
0.0299537
0.0298102
0.0298941
0.0303466
0.0311852
0.0318128
0.0320117
0.0316842
0.0303221
0.0257325
0.0112967
-0.025514
-0.0912475
-0.106006
-0.0834953
-0.0660514
-0.067616
-0.0739495
-0.0729126
-0.0704166
0.0166872
0.0165079
0.0165417
0.0170403
0.0182557
0.0193819
0.0201426
0.0204219
0.0191502
0.0150943
0.00152281
-0.0295478
-0.0840667
-0.0945353
-0.0795065
-0.0780227
-0.0954414
-0.111003
-0.109189
-0.10395
0.00983054
0.00969411
0.00993643
0.0103858
0.0109311
0.0114105
0.0117062
0.0115732
0.00979981
0.00542213
-0.00655908
-0.038071
-0.0679907
-0.0618612
-0.0536319
-0.0650105
-0.0833042
-0.0892856
-0.0839736
-0.0288104
-0.265589
0.0858105
0.314053
0.509161
0.667156
0.793785
0.895692
0.98243
1.04489
1.04098
0.248982
0.406577
0.551956
0.677353
0.78476
0.874647
0.94877
1.00626
1.04124
1.0542
0.521332
0.620633
0.717062
0.803946
0.8796
0.943913
0.996606
1.03679
1.06525
1.08453
0.706292
0.772851
0.84193
0.905774
0.960834
1.00823
1.04781
1.0797
1.10521
1.12339
0.846424
0.893761
0.946884
0.993987
1.03631
1.07346
1.10557
1.13263
1.1551
1.17074
0.959785
0.997691
1.03913
1.07666
1.11153
1.14309
1.17101
1.19493
1.21483
1.22777
1.05823
1.09087
1.12607
1.15966
1.19118
1.2202
1.24605
1.26807
1.28597
1.29649
1.14982
1.18124
1.21565
1.24911
1.28024
1.30866
1.33366
1.35457
1.37085
1.37948
1.24493
1.27976
1.31665
1.35218
1.38416
1.41248
1.43671
1.45651
1.47134
1.47934
1.35792
1.3983
1.43758
1.47444
1.50628
1.5334
1.556
1.57427
1.58797
1.59707
1.50189
1.5446
1.58228
1.61598
1.64401
1.66782
1.68846
1.70588
1.71974
1.73089
1.67979
1.7174
1.74544
1.7698
1.79083
1.81013
1.82839
1.84555
1.86145
1.87598
1.87751
1.89854
1.91347
1.92928
1.94556
1.96087
1.97459
1.98786
2.00336
2.02173
2.06818
2.07534
2.08588
2.09743
2.10734
2.11654
2.1268
2.13791
2.14953
2.15839
2.28119
2.28297
2.27504
2.25853
2.24739
2.24683
2.25899
2.28359
2.31771
2.34225
2.70083
2.50695
2.4059
2.34804
2.31892
2.31229
2.32749
2.36831
2.44417
2.58712
-0.228898
-0.233424
-0.19429
-0.12318
-0.0366247
0.0599266
0.942405
1.01114
1.01117
0.933682
0.864312
0.792856
0.558518
0.329727
0.053208
-0.312734
-0.680719
)
;

boundaryField
{
    wall-4
    {
        type            zeroGradient;
    }
    pressure-outlet-7
    {
        type            fixedValue;
        value           uniform 0;
    }
    velocity-inlet-6
    {
        type            zeroGradient;
    }
    velocity-inlet-5
    {
        type            zeroGradient;
    }
    frontAndBackPlanes
    {
        type            empty;
    }
}


// ************************************************************************* //
