/*--------------------------------*- C++ -*----------------------------------*\
  =========                 |
  \\      /  F ield         | OpenFOAM: The Open Source CFD Toolbox
   \\    /   O peration     | Website:  https://openfoam.org
    \\  /    A nd           | Version:  9
     \\/     M anipulation  |
\*---------------------------------------------------------------------------*/
FoamFile
{
    format      ascii;
    class       volScalarField;
    location    "18";
    object      p;
}
// * * * * * * * * * * * * * * * * * * * * * * * * * * * * * * * * * * * * * //

dimensions      [0 2 -2 0 0 0 0];

internalField   nonuniform List<scalar> 
8800
(
0.403117
0.355339
0.316666
0.287686
0.266837
0.25202
0.241432
0.233949
0.229097
0.226946
0.228026
0.232011
0.238465
0.247624
0.260284
0.277931
0.302645
0.336538
0.379041
0.437739
0.234346
0.242026
0.249532
0.252855
0.251372
0.246321
0.239863
0.233806
0.229069
0.22615
0.225717
0.228018
0.2323
0.238057
0.244669
0.25083
0.254382
0.253595
0.248102
0.23937
0.212715
0.218889
0.223043
0.226026
0.228114
0.228759
0.227684
0.225585
0.223526
0.2225
0.22326
0.225414
0.227996
0.229983
0.230424
0.229093
0.226642
0.223165
0.218566
0.214794
0.206858
0.209527
0.212347
0.21483
0.21654
0.217757
0.218535
0.218669
0.218339
0.218157
0.218684
0.21959
0.220169
0.220004
0.219197
0.217927
0.215949
0.213236
0.210749
0.209243
0.201447
0.202888
0.204766
0.206921
0.208829
0.210276
0.211329
0.212135
0.2127
0.213124
0.21351
0.213697
0.213503
0.212939
0.21197
0.210465
0.208535
0.20649
0.205075
0.204252
0.196374
0.197302
0.198696
0.200468
0.202301
0.204006
0.20543
0.206561
0.207494
0.208224
0.208602
0.20855
0.208119
0.207283
0.206014
0.204446
0.202777
0.201226
0.200267
0.19974
0.191628
0.192284
0.19345
0.195053
0.196758
0.198484
0.200143
0.201576
0.202712
0.203576
0.204057
0.204022
0.203458
0.202419
0.20108
0.199628
0.198135
0.196815
0.196075
0.195717
0.187269
0.187744
0.188749
0.190225
0.191801
0.193371
0.194947
0.196523
0.197963
0.199104
0.199652
0.199528
0.198892
0.197959
0.196858
0.195606
0.194272
0.193124
0.192535
0.192289
0.183377
0.183681
0.184578
0.185987
0.187526
0.189096
0.190657
0.192141
0.193556
0.194804
0.195556
0.195681
0.195335
0.194606
0.193607
0.192451
0.191224
0.190184
0.189722
0.189586
0.180438
0.180601
0.181294
0.182517
0.183893
0.185314
0.186808
0.188387
0.189957
0.191399
0.192374
0.192695
0.192495
0.191957
0.19121
0.190322
0.189326
0.188533
0.188235
0.188176
0.178133
0.178231
0.178644
0.179446
0.180444
0.181567
0.182828
0.184256
0.185838
0.187469
0.188752
0.189448
0.189678
0.189602
0.189299
0.188852
0.188354
0.187978
0.187838
0.187797
0.175471
0.175557
0.175826
0.176346
0.177097
0.178093
0.179353
0.180879
0.182655
0.184574
0.186226
0.187274
0.187816
0.18795
0.187907
0.187859
0.187752
0.187661
0.187601
0.187559
0.171973
0.172043
0.172275
0.172692
0.173361
0.174242
0.175474
0.177082
0.179069
0.181361
0.183469
0.184946
0.185851
0.186473
0.186803
0.187023
0.187155
0.187191
0.187168
0.187129
0.167696
0.16774
0.167991
0.168487
0.169166
0.170177
0.171584
0.173425
0.175771
0.178527
0.181201
0.183197
0.184539
0.185424
0.186026
0.186406
0.186625
0.186696
0.186707
0.186677
0.162838
0.162869
0.163137
0.163749
0.164628
0.165739
0.167392
0.169562
0.172344
0.17575
0.179122
0.18173
0.183571
0.184826
0.18566
0.186189
0.186448
0.186562
0.18661
0.186589
0.157449
0.157477
0.15775
0.15844
0.15954
0.160916
0.162861
0.16545
0.168819
0.173019
0.177269
0.180614
0.183037
0.184733
0.185831
0.186529
0.186905
0.187102
0.187186
0.187166
0.15143
0.151459
0.151774
0.152531
0.153733
0.155465
0.157805
0.160964
0.165119
0.17034
0.175668
0.179916
0.182974
0.185132
0.186629
0.187577
0.188138
0.188449
0.188566
0.188541
0.144472
0.144504
0.144905
0.14575
0.147152
0.149209
0.152074
0.155984
0.161155
0.167669
0.17434
0.179684
0.183575
0.186351
0.18823
0.189468
0.19024
0.190671
0.19082
0.190787
0.136174
0.136215
0.136679
0.137734
0.139453
0.141965
0.145513
0.150407
0.156884
0.16503
0.173357
0.180019
0.184917
0.18836
0.190734
0.192323
0.193332
0.19389
0.194077
0.194035
0.126123
0.126177
0.126779
0.128091
0.130245
0.133411
0.137908
0.144089
0.152234
0.162427
0.172789
0.181064
0.1871
0.19137
0.194327
0.19632
0.197595
0.198292
0.198524
0.19847
0.113778
0.113848
0.114634
0.116342
0.119128
0.123204
0.128966
0.136837
0.147133
0.159886
0.172721
0.182905
0.190317
0.195573
0.199221
0.201693
0.203277
0.204138
0.204421
0.204353
0.0983856
0.0984871
0.0995393
0.101816
0.105508
0.110858
0.118358
0.128493
0.141554
0.15747
0.173275
0.185721
0.194762
0.201184
0.205659
0.208708
0.210669
0.21172
0.212061
0.211974
0.078789
0.0789336
0.0803986
0.0835639
0.0886218
0.0958312
0.105781
0.118945
0.135525
0.155297
0.174606
0.189684
0.200622
0.20842
0.213891
0.217649
0.220086
0.22139
0.221797
0.221685
0.0531935
0.0534253
0.0556032
0.0602553
0.0674598
0.0774761
0.0909151
0.108135
0.129156
0.153545
0.176896
0.194965
0.208078
0.217486
0.224155
0.228794
0.231828
0.23345
0.233938
0.233792
0.0185677
0.019023
0.0226398
0.0300282
0.0408331
0.055214
0.0736365
0.0962089
0.122694
0.152449
0.180322
0.201696
0.217237
0.228503
0.236618
0.242374
0.2462
0.248237
0.248818
0.248622
-0.031055
-0.0295059
-0.0221457
-0.00916853
0.00792658
0.0290316
0.0543272
0.0836506
0.116567
0.152308
0.185044
0.209929
0.228086
0.241423
0.251245
0.258411
0.263328
0.266002
0.26673
0.266458
-0.105182
-0.0963031
-0.0794494
-0.056339
-0.0297878
0.000277841
0.0339619
0.0710644
0.111137
0.153439
0.191512
0.220348
0.241575
0.257472
0.269559
0.278831
0.285559
0.289484
0.290703
0.290645
-0.184449
-0.164419
-0.137427
-0.103968
-0.0677487
-0.028596
0.0135633
0.0586353
0.106283
0.155906
0.200381
0.234278
0.2596
0.27899
0.294182
0.306237
0.315473
0.321884
0.324269
0.324368
-0.24769
-0.225155
-0.189983
-0.148252
-0.103503
-0.0559641
-0.00573386
0.0470112
0.101935
0.15848
0.208841
0.247193
0.275954
0.298124
0.315605
0.329582
0.340399
0.347903
0.349943
0.350307
-0.299015
-0.274404
-0.234386
-0.186748
-0.135399
-0.0809569
-0.0237392
0.0359163
0.0975215
0.160416
0.216007
0.258078
0.289461
0.313518
0.332362
0.347344
0.358878
0.366662
0.369145
0.369574
-0.340885
-0.315471
-0.271974
-0.219863
-0.163318
-0.103309
-0.0402264
0.0254186
0.0929674
0.161552
0.221731
0.266852
0.300151
0.325404
0.344989
0.360414
0.372176
0.379971
0.38269
0.383069
-0.376505
-0.350634
-0.304686
-0.248949
-0.188186
-0.123506
-0.0553949
0.0154843
0.0883189
0.162032
0.226281
0.274012
0.308867
0.334996
0.354991
0.37051
0.382232
0.389989
0.392863
0.393238
-0.407807
-0.381708
-0.333867
-0.275142
-0.210843
-0.142139
-0.0696478
0.00589179
0.0835178
0.161952
0.230038
0.280212
0.316449
0.343263
0.363523
0.379043
0.390688
0.398306
0.401297
0.401659
-0.436255
-0.409949
-0.360552
-0.299328
-0.232
-0.159797
-0.0834002
-0.00363572
0.0784277
0.161335
0.233082
0.285586
0.323161
0.350673
0.371234
0.386825
0.398435
0.405916
0.408953
0.409314
-0.462685
-0.436191
-0.385469
-0.322091
-0.252113
-0.176826
-0.0969478
-0.0133524
0.0728299
0.159981
0.235345
0.290305
0.329364
0.357703
0.378656
0.394384
0.406002
0.413322
0.416329
0.416776
-0.487792
-0.461046
-0.409112
-0.343852
-0.271541
-0.193529
-0.110539
-0.0234517
0.0665633
0.15786
0.236968
0.29456
0.335267
0.364587
0.386065
0.402025
0.413686
0.420931
0.423832
0.424289
-0.51184
-0.484813
-0.431767
-0.364919
-0.29052
-0.210074
-0.124289
-0.0340112
0.0596274
0.154976
0.23789
0.298331
0.340943
0.371455
0.393636
0.40996
0.421748
0.428954
0.431713
0.432096
-0.535173
-0.507764
-0.453838
-0.385444
-0.309175
-0.226568
-0.138263
-0.0450697
0.0519368
0.151178
0.23799
0.301559
0.346406
0.378375
0.401451
0.41828
0.430274
0.437464
0.44006
0.440345
-0.557831
-0.529976
-0.475349
-0.405523
-0.327605
-0.243078
-0.152518
-0.0566937
0.0434026
0.146394
0.237184
0.304139
0.351559
0.385299
0.4095
0.426987
0.439281
0.446475
0.44894
0.44907
-0.579883
-0.551711
-0.496261
-0.425198
-0.345828
-0.259597
-0.167055
-0.0688938
0.0340379
0.140579
0.235339
0.305933
0.356265
0.392142
0.417745
0.436067
0.448731
0.455911
0.458236
0.458215
-0.601406
-0.572814
-0.51663
-0.444467
-0.363826
-0.276104
-0.181827
-0.0816002
0.0238647
0.133683
0.232333
0.306749
0.360373
0.398795
0.426129
0.445473
0.458574
0.465704
0.467833
0.467677
-0.622443
-0.593363
-0.536463
-0.463318
-0.381555
-0.292544
-0.196764
-0.0947584
0.0129184
0.125693
0.228065
0.30638
0.36364
0.405093
0.434591
0.455183
0.468737
0.475732
0.477576
0.477301
-0.642814
-0.613287
-0.555711
-0.481706
-0.398962
-0.308841
-0.211798
-0.108286
0.00127802
0.11665
0.22245
0.304629
0.365758
0.410769
0.443043
0.465237
0.479174
0.485792
0.487242
0.486849
-0.662492
-0.632547
-0.574356
-0.499576
-0.415987
-0.324935
-0.226834
-0.122087
-0.010956
0.106605
0.215455
0.301318
0.366417
0.415458
0.451328
0.475842
0.490145
0.495821
0.496547
0.496058
-0.681537
-0.6511
-0.592362
-0.516893
-0.432572
-0.340742
-0.24178
-0.136049
-0.0236766
0.0956555
0.20708
0.296319
0.365276
0.418617
0.459036
0.487234
0.502508
0.506303
0.505257
0.504666
-0.699793
-0.668938
-0.609676
-0.533596
-0.44866
-0.356184
-0.256542
-0.150059
-0.036751
0.0839313
0.197389
0.289548
0.362049
0.419536
0.465259
0.49915
0.517771
0.519998
0.514844
0.512936
-0.717348
-0.686059
-0.626327
-0.549711
-0.464283
-0.371309
-0.271177
-0.164175
-0.0502438
0.0713681
0.186273
0.280774
0.356436
0.417388
0.46838
0.509964
0.536105
0.542722
0.533654
0.512717
-0.734147
-0.702473
-0.642433
-0.565416
-0.479719
-0.386429
-0.28608
-0.178863
-0.0646878
0.0573108
0.173027
0.269103
0.347598
0.410947
0.465118
0.51428
0.547828
0.553499
0.537799
0.512999
-0.750045
-0.718362
-0.65783
-0.580464
-0.494693
-0.401214
-0.30103
-0.193795
-0.0797522
0.0420894
0.157877
0.254398
0.335164
0.399757
0.450885
0.500429
0.531599
0.52697
0.456632
0.41506
-0.764462
-0.734725
-0.672159
-0.594297
-0.508524
-0.415213
-0.315749
-0.208758
-0.0952177
0.0258665
0.140871
0.236615
0.318474
0.384329
0.426224
0.456384
0.472712
0.42875
0.353222
0.304133
-0.817615
-0.748484
-0.685145
-0.608332
-0.522591
-0.429759
-0.330298
-0.223993
-0.11139
0.00829309
0.121589
0.215478
0.295192
0.366267
0.376143
0.385612
0.356868
0.291167
0.20707
0.159802
-0.777538
-0.762659
-0.703627
-0.628244
-0.542768
-0.450447
-0.352189
-0.24706
-0.136277
-0.019404
0.089752
0.179137
0.249566
0.31422
0.317637
0.201181
0.0875441
0.00936592
-0.0722809
-0.0290572
-0.805883
-0.778214
-0.719006
-0.643522
-0.558562
-0.466661
-0.3684
-0.264208
-0.154958
-0.0406474
0.0645983
0.148868
0.211721
0.244417
0.192201
0.0309905
-0.116325
-0.22061
-0.335634
-0.267307
-0.827351
-0.796438
-0.736637
-0.66077
-0.575972
-0.484301
-0.386362
-0.283279
-0.175843
-0.0645954
0.0360893
0.114002
0.166752
0.170388
0.0525517
-0.156875
-0.339677
-0.480528
-0.646417
-0.58635
-0.84787
-0.815478
-0.754811
-0.678265
-0.593404
-0.501955
-0.404698
-0.302827
-0.197365
-0.0894966
0.00593232
0.076867
0.115669
0.0809799
-0.102462
-0.346507
-0.582054
-0.794907
-1.03537
-1.02532
-0.86728
-0.834797
-0.773494
-0.696365
-0.611425
-0.520253
-0.423763
-0.323178
-0.219884
-0.115682
-0.0260148
0.037492
0.0594444
-0.0163178
-0.252056
-0.520092
-0.801008
-1.05419
-1.36915
-1.7355
-0.886683
-0.854482
-0.792881
-0.715424
-0.630399
-0.539461
-0.44365
-0.344348
-0.243267
-0.142869
-0.0591296
-0.00353616
0.00113405
-0.125687
-0.384389
-0.655619
-0.934396
-1.17074
-1.26708
-1.41483
-0.906713
-0.874852
-0.813225
-0.735699
-0.650697
-0.560067
-0.464998
-0.367104
-0.268487
-0.172306
-0.0949269
-0.0483527
-0.0670728
-0.247807
-0.500587
-0.754268
-0.979326
-1.11938
-1.14726
-1.17498
-0.92772
-0.896175
-0.834645
-0.757196
-0.67236
-0.582162
-0.488012
-0.391747
-0.295928
-0.204487
-0.133951
-0.0980593
-0.146125
-0.362138
-0.605339
-0.833753
-1.01301
-1.0866
-1.10379
-1.10746
-0.949868
-0.918424
-0.857141
-0.779832
-0.695265
-0.605651
-0.512587
-0.418172
-0.325476
-0.239271
-0.17609
-0.152717
-0.228509
-0.471827
-0.703083
-0.91072
-1.0557
-1.08256
-1.07996
-1.07903
-0.973057
-0.941633
-0.880689
-0.803536
-0.719325
-0.63041
-0.53858
-0.446216
-0.356906
-0.276359
-0.22112
-0.210299
-0.315208
-0.578649
-0.797572
-0.971038
-1.04633
-1.06259
-1.06343
-1.06266
-0.997017
-0.965701
-0.904964
-0.82815
-0.744356
-0.656248
-0.565786
-0.475633
-0.389895
-0.315282
-0.268663
-0.267685
-0.414392
-0.683339
-0.895205
-1.00593
-1.04656
-1.04877
-1.05173
-1.05244
-1.02121
-0.990248
-0.929724
-0.853345
-0.770088
-0.68287
-0.593863
-0.506034
-0.423931
-0.355404
-0.317239
-0.329802
-0.510685
-0.784346
-1.01883
-1.04778
-1.0463
-1.05877
-1.0599
-1.05891
-1.04514
-1.01474
-0.954731
-0.878751
-0.796072
-0.709827
-0.622331
-0.536849
-0.458312
-0.395817
-0.365259
-0.397157
-0.59326
-0.86705
-1.21001
-1.28362
-1.18574
-1.10556
-1.06986
-1.06264
-1.06816
-1.03825
-0.979388
-0.903806
-0.821756
-0.736542
-0.65053
-0.567285
-0.492086
-0.435031
-0.411044
-0.457395
-0.661867
-0.887025
-1.2909
-1.53853
-1.287
-1.13409
-1.06433
-1.04341
-1.08931
-1.06033
-1.00252
-0.927776
-0.846522
-0.762237
-0.677612
-0.596303
-0.524039
-0.471026
-0.453603
-0.509591
-0.702921
-0.763836
-0.756667
-1.08022
-1.22801
-1.34618
-1.30645
-1.28863
-1.10745
-1.07991
-1.02351
-0.949768
-0.869371
-0.786084
-0.702616
-0.622703
-0.552576
-0.501924
-0.491674
-0.552246
-0.778557
-0.703403
-0.0954173
-0.265704
-0.989921
-1.32734
-1.3629
-1.37734
-1.1215
-1.09585
-1.04144
-0.968818
-0.889312
-0.806944
-0.724376
-0.645225
-0.575672
-0.526221
-0.521757
-0.592673
-1.02825
-1.52048
-1.89526
-2.38992
-2.47273
-2.06363
-1.73546
-1.70883
-1.13027
-1.10715
-1.05515
-0.9839
-0.905321
-0.823732
-0.74169
-0.662523
-0.591488
-0.540483
-0.534947
-0.661706
-1.38725
-2.63003
-3.96554
-4.51741
-4.42752
-3.91056
-3.29908
-2.99415
-1.13295
-1.11271
-1.06367
-0.99415
-0.916409
-0.835438
-0.753483
-0.673197
-0.59886
-0.539677
-0.522912
-0.632448
-1.35559
-2.40757
-3.59832
-4.10852
-3.95949
-3.45868
-2.98229
-2.75931
-1.12813
-1.11137
-1.06636
-0.998553
-0.921803
-0.8413
-0.758993
-0.676785
-0.596519
-0.523077
-0.473317
-0.453905
-0.715195
-0.930052
-0.965599
-0.836473
-0.513598
-0.189769
0.0394977
0.141019
-1.11538
-1.10188
-1.06149
-0.996644
-0.920688
-0.840739
-0.75836
-0.673887
-0.586448
-0.493462
-0.398335
-0.328255
-0.118708
0.312005
0.858813
1.45005
1.88322
2.14002
2.26324
2.29768
-1.09427
-1.08447
-1.04907
-0.98714
-0.912262
-0.833864
-0.752432
-0.666633
-0.572331
-0.46096
-0.339056
-0.2176
0.017339
0.636046
1.33689
1.94247
2.38244
2.6392
2.75569
2.78814
-1.06405
-1.05761
-1.02721
-0.968278
-0.896334
-0.820849
-0.74254
-0.65868
-0.562925
-0.441744
-0.301397
-0.161455
0.0074203
0.521841
1.1163
1.61029
1.96088
2.16825
2.2713
2.30602
-1.02053
-1.01679
-0.991951
-0.938423
-0.871797
-0.802183
-0.73124
-0.655662
-0.566205
-0.443197
-0.282981
-0.130432
-0.00233471
0.328584
0.757715
1.11623
1.38846
1.55736
1.64938
1.6825
-0.960474
-0.95754
-0.938607
-0.894602
-0.837603
-0.778996
-0.721619
-0.662229
-0.588732
-0.478152
-0.311305
-0.133247
0.0358329
0.19153
0.437998
0.670019
0.860582
0.986368
1.05204
1.07282
-0.880413
-0.87831
-0.865743
-0.836013
-0.795687
-0.754335
-0.716171
-0.680763
-0.640675
-0.564913
-0.420082
-0.222905
-0.0452483
0.0730276
0.223648
0.383005
0.506768
0.592975
0.644585
0.655211
-0.805089
-0.803217
-0.795976
-0.779824
-0.757544
-0.73588
-0.720756
-0.71722
-0.728508
-0.746222
-0.673797
-0.467874
-0.250584
-0.153184
-0.0420135
0.0893183
0.198522
0.271849
0.306695
0.313253
-0.749399
-0.748544
-0.745864
-0.739526
-0.731836
-0.728946
-0.739854
-0.780167
-0.878844
-1.06339
-1.15572
-0.905912
-0.593618
-0.432663
-0.310305
-0.178071
-0.0671985
0.00659833
0.0419582
0.0442653
-0.705219
-0.705954
-0.706276
-0.706349
-0.709859
-0.723562
-0.760651
-0.85069
-1.06364
-1.48424
-1.84925
-1.55826
-1.0648
-0.789142
-0.600476
-0.418019
-0.281588
-0.197267
-0.165089
-0.1663
-0.652099
-0.653977
-0.656598
-0.661123
-0.672304
-0.697658
-0.754146
-0.881542
-1.18188
-1.80264
-2.34838
-2.06251
-1.45532
-1.10147
-0.834024
-0.614828
-0.466121
-0.388798
-0.364536
-0.365678
-0.577662
-0.579967
-0.583773
-0.590659
-0.604906
-0.634313
-0.695282
-0.828425
-1.13764
-1.76667
-2.26144
-1.9661
-1.49036
-1.17017
-0.886419
-0.700589
-0.602266
-0.566397
-0.553904
-0.551757
-0.481809
-0.483917
-0.487674
-0.494321
-0.507077
-0.532016
-0.581848
-0.688547
-0.932062
-1.41136
-1.75919
-1.57283
-1.26295
-0.980401
-0.776286
-0.665384
-0.640355
-0.639649
-0.634805
-0.630987
-0.373988
-0.375426
-0.378245
-0.382809
-0.391338
-0.407199
-0.43777
-0.501134
-0.641521
-0.913314
-1.10653
-0.995457
-0.803466
-0.627181
-0.541482
-0.53359
-0.552972
-0.56576
-0.566565
-0.564629
-0.267648
-0.268327
-0.269906
-0.272176
-0.276062
-0.282766
-0.295054
-0.319378
-0.370551
-0.464863
-0.531594
-0.460131
-0.367151
-0.32451
-0.342327
-0.380157
-0.406473
-0.419073
-0.422112
-0.421896
-0.174133
-0.174245
-0.174859
-0.175511
-0.176172
-0.176652
-0.177011
-0.177549
-0.178979
-0.177283
-0.159701
-0.121753
-0.113738
-0.153703
-0.19996
-0.238042
-0.259859
-0.270207
-0.274401
-0.275163
-0.0996741
-0.0994861
-0.0996012
-0.0995096
-0.0987025
-0.0964104
-0.0916176
-0.0827076
-0.0674411
-0.0427801
-0.0186346
-0.00995521
-0.0227238
-0.0644298
-0.104095
-0.131772
-0.14753
-0.155348
-0.158982
-0.160055
-0.0453056
-0.0450294
-0.0449898
-0.0447783
-0.0437072
-0.0408969
-0.0352669
-0.0251734
-0.00886407
0.013718
0.0298204
0.0261061
0.00915057
-0.0196627
-0.0461419
-0.064269
-0.0747157
-0.0801463
-0.0828593
-0.0837484
-0.00858013
-0.00833506
-0.00831171
-0.00825288
-0.00750517
-0.00524566
-0.000598359
0.00750453
0.019866
0.0351849
0.0433249
0.036936
0.0220489
0.00335296
-0.01313
-0.0246318
-0.0315127
-0.0352037
-0.0370381
-0.0376272
0.0143787
0.0145479
0.0145001
0.0143347
0.0146333
0.0160306
0.019171
0.0247215
0.0328518
0.0419112
0.0449884
0.0388139
0.0277126
0.0156019
0.0052577
-0.00217247
-0.00682595
-0.0093731
-0.0105962
-0.0110062
0.0274617
0.0275542
0.0274324
0.0270934
0.0270062
0.0276473
0.0294227
0.0326875
0.0374
0.0421693
0.0426284
0.0374942
0.029702
0.0217339
0.0150334
0.0100873
0.00684841
0.00504407
0.00421521
0.0039628
0.0338608
0.0338949
0.0337223
0.0332775
0.0329419
0.0330385
0.0338409
0.0355233
0.0379289
0.0400243
0.0392132
0.0350769
0.0295887
0.0242172
0.0197269
0.0163317
0.0140277
0.0127301
0.012162
0.0119927
0.0359057
0.0359037
0.0357013
0.0352088
0.0347288
0.0344692
0.0346069
0.035229
0.0361886
0.036739
0.0353753
0.0320949
0.0281781
0.0244641
0.0213648
0.0189805
0.0173202
0.0163801
0.015986
0.0158644
0.0351721
0.0351512
0.0349436
0.0344583
0.0339198
0.0334696
0.0332198
0.0332006
0.0332891
0.0329934
0.0314808
0.0288866
0.0260223
0.0233801
0.0211822
0.0194714
0.0182586
0.0175707
0.0172926
0.0172121
0.0327063
0.0326781
0.0324848
0.0320398
0.031505
0.0309804
0.0305349
0.0301772
0.0298102
0.0290995
0.0276091
0.025541
0.023406
0.0214843
0.0198923
0.0186446
0.0177501
0.0172432
0.0170446
0.0169887
0.0291868
0.0291584
0.02899
0.0286011
0.028109
0.0275832
0.0270652
0.0265516
0.025972
0.0251097
0.0237555
0.0221139
0.0205038
0.0190847
0.0179156
0.0169966
0.0163336
0.0159583
0.015815
0.0157755
0.0250421
0.0250169
0.0248784
0.0245539
0.0241266
0.0236476
0.0231401
0.0225969
0.0219666
0.0211073
0.0199363
0.0186421
0.0174246
0.0163702
0.0155062
0.0148265
0.0143341
0.0140559
0.0139525
0.0139245
0.0205374
0.0205168
0.0204083
0.0201493
0.0197964
0.0193897
0.0189405
0.018441
0.0178555
0.0170926
0.016134
0.0151375
0.0142283
0.0134517
0.0128178
0.0123179
0.0119545
0.0117504
0.0116765
0.0116568
0.0158323
0.0158164
0.0157357
0.0155387
0.015264
0.0149427
0.0145805
0.0141704
0.0136879
0.0130751
0.0123418
0.0116098
0.0109559
0.0104018
0.00994921
0.00959026
0.00932784
0.00918166
0.00913032
0.0091166
0.011019
0.0110075
0.0109511
0.0108111
0.0106144
0.0103854
0.0101267
0.00983261
0.00948701
0.00905515
0.00855334
0.00806448
0.00763312
0.00726819
0.00696778
0.00672591
0.00654669
0.00644728
0.00641314
0.00640362
0.00614628
0.00613865
0.00610482
0.0060195
0.00590317
0.00577281
0.00562766
0.00546333
0.005271
0.00503355
0.00476143
0.00449928
0.00426943
0.00407439
0.00391158
0.00377633
0.00367251
0.00361474
0.00359487
0.0035879
0.00125239
0.00125493
0.00126941
0.00127504
0.00125568
0.00122433
0.00118753
0.00114698
0.00110014
0.00104305
0.000975028
0.000905953
0.000845178
0.000793399
0.000750598
0.000716065
0.000690834
0.00068291
0.000693529
0.000701195
-0.745233
-0.521568
-0.267918
-0.0597681
0.109287
0.245588
0.360692
0.457851
0.502424
0.479974
-0.34333
-0.189496
-0.0290777
0.109171
0.2266
0.32503
0.405173
0.462484
0.492267
0.503517
-0.0676136
0.0345025
0.141976
0.237555
0.320048
0.389299
0.444365
0.484577
0.512807
0.529904
0.125769
0.195912
0.271156
0.339442
0.398788
0.44903
0.490017
0.522285
0.547758
0.565493
0.271805
0.322509
0.376384
0.427301
0.472161
0.51106
0.544001
0.571015
0.593048
0.610549
0.389096
0.42667
0.469455
0.50964
0.546177
0.578631
0.606718
0.630043
0.648971
0.666165
0.489522
0.520836
0.558081
0.593008
0.625397
0.65459
0.679934
0.700824
0.717063
0.7341
0.582905
0.613762
0.649772
0.683532
0.714636
0.742503
0.766394
0.785639
0.799525
0.816581
0.681199
0.715341
0.753206
0.787864
0.818856
0.845855
0.868465
0.886235
0.898472
0.915917
0.798087
0.836281
0.875721
0.910691
0.940619
0.965868
0.986652
1.00287
1.01458
1.0327
0.944226
0.983165
1.01955
1.05062
1.07665
1.09905
1.11836
1.13409
1.14668
1.16472
1.11965
1.1517
1.17813
1.20077
1.22095
1.23986
1.25772
1.27431
1.28976
1.30786
1.30865
1.32603
1.34129
1.35769
1.3737
1.38833
1.40163
1.41563
1.43324
1.45342
1.49083
1.5003
1.5119
1.52277
1.5321
1.54177
1.55267
1.5641
1.5755
1.59088
1.69806
1.70177
1.68684
1.67205
1.66587
1.67161
1.69011
1.72047
1.75268
1.77935
2.0044
1.86956
1.79299
1.75074
1.73333
1.7373
1.76475
1.82115
1.92378
2.14816
0.293712
0.291593
0.28711
0.278496
0.266291
0.254185
0.243978
0.236093
0.230453
0.227124
0.226616
0.229139
0.234034
0.241076
0.250313
0.261736
0.2743
0.285272
0.291359
0.294386
0.218126
0.223978
0.230333
0.234859
0.237358
0.237064
0.234353
0.230559
0.227037
0.224701
0.224387
0.226359
0.229792
0.233877
0.237521
0.239272
0.238232
0.234663
0.229432
0.222785
0.209662
0.211961
0.215397
0.218446
0.220581
0.222133
0.222934
0.222646
0.221602
0.220622
0.220611
0.221802
0.223375
0.224447
0.22442
0.223357
0.221657
0.219195
0.215842
0.212884
0.204103
0.205185
0.207074
0.209545
0.211663
0.213171
0.21425
0.215026
0.215418
0.21556
0.21585
0.21636
0.216655
0.216451
0.215799
0.214732
0.213064
0.210798
0.208573
0.207147
0.198879
0.19953
0.200717
0.202578
0.204528
0.20632
0.207744
0.20882
0.20968
0.210366
0.210861
0.211073
0.210925
0.210426
0.209523
0.208136
0.2064
0.204582
0.203068
0.202242
0.193946
0.194375
0.195259
0.196789
0.198526
0.20028
0.201949
0.203386
0.204547
0.205473
0.206104
0.206286
0.205997
0.20526
0.204097
0.202657
0.201106
0.199587
0.198409
0.197857
0.189412
0.189707
0.190423
0.191791
0.193423
0.195077
0.196748
0.198376
0.199813
0.200958
0.201731
0.201955
0.201589
0.200723
0.199554
0.198241
0.196846
0.195471
0.194485
0.194083
0.185231
0.185416
0.186001
0.187245
0.188763
0.190315
0.191839
0.193346
0.194833
0.196198
0.197159
0.197438
0.197147
0.196496
0.195593
0.194484
0.193244
0.19202
0.191182
0.190903
0.181778
0.181862
0.182319
0.183464
0.184931
0.186454
0.188043
0.189627
0.191154
0.192568
0.193699
0.19425
0.194203
0.193691
0.192846
0.19184
0.190719
0.189608
0.188917
0.188752
0.179268
0.179301
0.17959
0.180399
0.181537
0.182749
0.184031
0.185442
0.186991
0.188583
0.189957
0.190759
0.190979
0.190833
0.19044
0.189856
0.189128
0.188422
0.188025
0.18794
0.176892
0.17692
0.177105
0.177589
0.178352
0.179306
0.180466
0.181838
0.183402
0.18512
0.186783
0.187968
0.188578
0.18875
0.188675
0.188448
0.188189
0.187924
0.187776
0.187721
0.173831
0.173856
0.174005
0.174351
0.174919
0.175718
0.176783
0.178169
0.179903
0.181912
0.183962
0.185545
0.186507
0.187053
0.187238
0.187359
0.187441
0.187458
0.187429
0.187391
0.169913
0.169927
0.170069
0.170417
0.170942
0.171714
0.172838
0.174332
0.17626
0.178597
0.181123
0.183224
0.184626
0.185517
0.186154
0.18656
0.186808
0.186926
0.186939
0.186918
0.165334
0.165334
0.165473
0.165885
0.166544
0.167438
0.168718
0.170465
0.172755
0.175553
0.178688
0.181395
0.183304
0.18459
0.185461
0.186037
0.186392
0.186547
0.186599
0.186602
0.160218
0.160206
0.160341
0.160799
0.161569
0.16274
0.164224
0.166264
0.168962
0.17239
0.176296
0.179753
0.182268
0.184039
0.185236
0.186032
0.186473
0.186702
0.186811
0.186832
0.154553
0.154527
0.15468
0.155186
0.156096
0.157411
0.159284
0.16173
0.165011
0.169228
0.174092
0.178474
0.181706
0.183956
0.185541
0.186603
0.187233
0.187591
0.187769
0.187802
0.148112
0.148079
0.148269
0.148839
0.14988
0.151438
0.15363
0.156657
0.160717
0.165951
0.17203
0.177533
0.181604
0.184518
0.186568
0.187927
0.188795
0.189316
0.189565
0.189608
0.140522
0.140483
0.140711
0.141419
0.142642
0.144492
0.147182
0.15094
0.155997
0.162535
0.170133
0.177022
0.182137
0.185843
0.188398
0.190134
0.191278
0.19198
0.192302
0.192353
0.131383
0.131334
0.131636
0.132495
0.134019
0.136333
0.139693
0.144396
0.150746
0.158948
0.16844
0.177011
0.183403
0.187982
0.191177
0.193362
0.194821
0.19572
0.196124
0.196187
0.120253
0.120194
0.120603
0.121718
0.123644
0.126583
0.130852
0.136828
0.144871
0.155178
0.167007
0.177623
0.185496
0.191144
0.1951
0.197815
0.199639
0.200766
0.201267
0.201342
0.106456
0.106385
0.106948
0.108432
0.110958
0.114792
0.120333
0.128034
0.138273
0.151231
0.165917
0.178977
0.188617
0.195532
0.200385
0.20373
0.205985
0.207384
0.208006
0.208095
0.0890548
0.0889748
0.0897831
0.0918221
0.0952262
0.100357
0.107695
0.117733
0.130851
0.147143
0.165284
0.181227
0.192942
0.20135
0.207272
0.211373
0.214153
0.215881
0.216651
0.216755
0.0666485
0.066579
0.0677973
0.0706896
0.075434
0.0825072
0.092441
0.10571
0.122597
0.14302
0.165258
0.184537
0.198642
0.208794
0.215991
0.221016
0.224447
0.226582
0.227526
0.227649
0.0368623
0.03685
0.0388124
0.0431973
0.0502209
0.060403
0.0742015
0.0919283
0.113655
0.139074
0.166044
0.189078
0.205869
0.218017
0.226725
0.232889
0.237151
0.239813
0.240975
0.241118
-0.00453062
-0.00432083
-0.000680558
0.00681775
0.0180359
0.0333516
0.0528688
0.0765994
0.104358
0.135626
0.167877
0.194994
0.214707
0.229077
0.239543
0.247113
0.252471
0.255841
0.25727
0.257424
-0.0653317
-0.0637412
-0.0550297
-0.0409533
-0.0219878
0.00148114
0.0290001
0.0603728
0.0952638
0.133057
0.170945
0.20232
0.225087
0.241827
0.254245
0.263483
0.270198
0.274538
0.276376
0.276567
-0.138081
-0.135492
-0.119205
-0.0945297
-0.0649994
-0.0320397
0.00424178
0.043799
0.0863681
0.131425
0.175969
0.212795
0.239802
0.260062
0.275508
0.287406
0.296582
0.30229
0.304208
0.30477
-0.212986
-0.204721
-0.18069
-0.145928
-0.106781
-0.0646417
-0.0197097
0.0279791
0.0782211
0.130567
0.181838
0.224176
0.255418
0.279157
0.297622
0.312179
0.323548
0.33072
0.334127
0.33519
-0.271097
-0.261429
-0.232491
-0.191071
-0.144506
-0.0947148
-0.0421439
0.0130018
0.0704207
0.129608
0.187079
0.23427
0.269011
0.295397
0.315915
0.332093
0.344708
0.35324
0.357697
0.358952
-0.318126
-0.307914
-0.275582
-0.229391
-0.177278
-0.121462
-0.0625754
-0.000983111
0.0628177
0.128187
0.191203
0.242548
0.280038
0.308259
0.330012
0.347056
0.36032
0.369595
0.374354
0.375666
-0.357041
-0.346743
-0.312322
-0.26249
-0.205911
-0.145232
-0.081091
-0.0139702
0.0554517
0.126337
0.194303
0.249206
0.288867
0.318395
0.340909
0.358349
0.371766
0.381164
0.385932
0.387378
-0.39075
-0.380474
-0.344487
-0.291771
-0.231543
-0.166773
-0.0981018
-0.0261682
0.048251
0.12413
0.196591
0.254731
0.296332
0.326944
0.349978
0.367583
0.381013
0.390399
0.395163
0.396576
-0.420797
-0.410574
-0.373435
-0.318302
-0.255065
-0.186775
-0.114159
-0.0379316
0.0410271
0.121539
0.19828
0.259498
0.302882
0.334448
0.357922
0.375684
0.389091
0.398469
0.403272
0.404544
-0.448385
-0.43818
-0.400098
-0.342943
-0.277126
-0.205764
-0.129653
-0.0495581
0.0335612
0.118419
0.199244
0.263472
0.308691
0.341297
0.365306
0.38328
0.396747
0.406112
0.410933
0.412051
-0.474275
-0.464061
-0.425157
-0.366236
-0.298133
-0.224084
-0.144885
-0.0613113
0.0256331
0.114574
0.19943
0.266828
0.31407
0.347866
0.372517
0.390798
0.404374
0.413714
0.418521
0.419539
-0.498924
-0.488685
-0.449027
-0.38857
-0.318462
-0.242021
-0.16006
-0.0733447
0.0171247
0.109997
0.198906
0.269616
0.319081
0.354285
0.379751
0.398468
0.412239
0.421602
0.426378
0.42736
-0.522712
-0.512379
-0.471972
-0.41022
-0.338286
-0.25971
-0.175282
-0.085718
0.00802704
0.104634
0.197549
0.271752
0.323708
0.36059
0.387097
0.406411
0.420492
0.429942
0.43461
0.435583
-0.545822
-0.535323
-0.494259
-0.431296
-0.357721
-0.277263
-0.190626
-0.0984861
-0.00175006
0.0983615
0.195252
0.273161
0.327926
0.366776
0.394579
0.414678
0.429184
0.438775
0.443342
0.444285
-0.568275
-0.557581
-0.515978
-0.451861
-0.376846
-0.294717
-0.206117
-0.111689
-0.0122545
0.0911389
0.191934
0.273706
0.331623
0.3728
0.402178
0.423263
0.438313
0.44808
0.452554
0.453386
-0.590203
-0.579288
-0.537097
-0.471933
-0.395661
-0.312059
-0.221742
-0.125299
-0.0234374
0.08297
0.1875
0.273234
0.334602
0.378519
0.409821
0.432119
0.447831
0.457796
0.462146
0.462842
-0.61154
-0.600403
-0.557652
-0.491537
-0.414145
-0.329255
-0.237441
-0.139243
-0.035257
0.0738449
0.181885
0.271587
0.336652
0.383726
0.417392
0.441205
0.457697
0.467847
0.472028
0.472538
-0.632302
-0.62092
-0.577601
-0.51064
-0.432261
-0.346252
-0.25315
-0.15345
-0.0476491
0.0638075
0.175053
0.268609
0.337544
0.388187
0.424762
0.4505
0.467884
0.478078
0.481929
0.48224
-0.652347
-0.640788
-0.596909
-0.529194
-0.449945
-0.362969
-0.268798
-0.167841
-0.0605188
0.0529416
0.167
0.26418
0.337013
0.391579
0.431709
0.460032
0.478529
0.48847
0.491674
0.491715
-0.671771
-0.659958
-0.615555
-0.547171
-0.467163
-0.379366
-0.284291
-0.18232
-0.0737603
0.0413474
0.157769
0.258211
0.33481
0.393467
0.437823
0.469785
0.490092
0.499379
0.501099
0.500648
-0.69045
-0.678383
-0.633511
-0.564518
-0.483839
-0.395361
-0.299545
-0.196764
-0.0872541
0.0291197
0.147449
0.25067
0.330749
0.393376
0.442417
0.4794
0.503274
0.512295
0.510891
0.508676
-0.708416
-0.69614
-0.650734
-0.581189
-0.499935
-0.410889
-0.31448
-0.211093
-0.100879
0.0164181
0.136167
0.24156
0.324713
0.390859
0.444429
0.487653
0.517961
0.530175
0.525945
0.514669
-0.725607
-0.713168
-0.667332
-0.597325
-0.515648
-0.426219
-0.329422
-0.225703
-0.115091
0.00271421
0.123325
0.230214
0.315989
0.385178
0.442198
0.491974
0.53145
0.551127
0.549238
0.539407
-0.741998
-0.729352
-0.683321
-0.612892
-0.530973
-0.441358
-0.344347
-0.240597
-0.129907
-0.0120617
0.108809
0.216395
0.304015
0.375726
0.433475
0.486127
0.529968
0.553672
0.53043
0.467678
-0.757379
-0.743996
-0.698618
-0.627875
-0.546052
-0.456429
-0.359299
-0.255655
-0.145249
-0.0278066
0.092644
0.200068
0.288164
0.362311
0.417882
0.460719
0.500498
0.503726
0.449591
0.378209
-0.771927
-0.758352
-0.713061
-0.641773
-0.560564
-0.470973
-0.374474
-0.270815
-0.160967
-0.0443356
0.0749146
0.181185
0.267746
0.346003
0.396855
0.445087
0.427446
0.3961
0.324377
0.24823
-0.75639
-0.738864
-0.691942
-0.617979
-0.532339
-0.43955
-0.338418
-0.232483
-0.120437
-0.00158973
0.110626
0.203452
0.28083
0.361073
0.426313
0.339224
0.293091
0.22899
0.148914
0.0950723
-0.779958
-0.762652
-0.728978
-0.663762
-0.582888
-0.493948
-0.397544
-0.294816
-0.186253
-0.0716852
0.0443543
0.1468
0.228126
0.299436
0.366266
0.367554
0.246628
0.156082
0.0882903
-0.00610772
-0.7977
-0.78212
-0.742167
-0.675641
-0.594594
-0.506314
-0.411159
-0.309518
-0.202263
-0.0896759
0.0237066
0.122664
0.199995
0.258179
0.280282
0.207526
0.0468955
-0.0614937
-0.146043
-0.248081
-0.81584
-0.803699
-0.759098
-0.691345
-0.610272
-0.521973
-0.427024
-0.325945
-0.21992
-0.109379
0.000393735
0.0939199
0.163858
0.207026
0.178285
0.0318443
-0.149216
-0.287701
-0.404065
-0.563002
-0.836767
-0.824115
-0.777698
-0.708937
-0.627718
-0.539454
-0.444766
-0.344484
-0.239865
-0.131698
-0.0260128
0.0614988
0.122822
0.147348
0.075047
-0.140194
-0.361901
-0.547365
-0.722516
-0.957612
-0.856408
-0.844096
-0.796705
-0.726918
-0.645384
-0.557221
-0.463022
-0.363755
-0.260758
-0.155288
-0.0540564
0.0270436
0.0794754
0.0774405
-0.0542395
-0.305772
-0.570577
-0.831417
-1.05185
-1.54792
-0.875535
-0.863811
-0.816188
-0.745657
-0.663894
-0.575795
-0.482085
-0.383824
-0.28253
-0.179941
-0.083467
-0.00929189
0.0331938
-0.00765277
-0.192367
-0.454004
-0.73621
-1.01715
-1.2621
-1.68812
-0.895132
-0.883847
-0.836271
-0.765365
-0.68348
-0.595442
-0.502179
-0.404884
-0.305321
-0.205744
-0.114237
-0.0473473
-0.016049
-0.0911828
-0.318621
-0.575203
-0.839565
-1.07236
-1.17626
-1.2158
-0.915672
-0.904673
-0.857249
-0.78625
-0.704419
-0.616578
-0.523885
-0.427733
-0.330172
-0.234026
-0.148041
-0.0891247
-0.0716919
-0.175553
-0.434478
-0.677459
-0.900261
-1.06266
-1.10982
-1.12636
-0.937217
-0.926506
-0.879281
-0.808265
-0.726586
-0.63908
-0.547114
-0.452292
-0.357011
-0.264719
-0.184838
-0.13452
-0.134369
-0.281222
-0.539653
-0.768552
-0.965238
-1.06751
-1.08974
-1.09133
-0.959915
-0.94933
-0.902471
-0.831362
-0.749904
-0.662855
-0.571752
-0.478455
-0.38569
-0.297616
-0.224452
-0.182641
-0.207775
-0.393807
-0.641172
-0.852405
-1.01569
-1.07435
-1.0711
-1.071
-0.983538
-0.973102
-0.926233
-0.855439
-0.77425
-0.687751
-0.597648
-0.506031
-0.415979
-0.332438
-0.266408
-0.233238
-0.287465
-0.502234
-0.744484
-0.92821
-1.02743
-1.05162
-1.05532
-1.05618
-1.0077
-0.9975
-0.95073
-0.88028
-0.799393
-0.713545
-0.624549
-0.534733
-0.447539
-0.368689
-0.309847
-0.286606
-0.362973
-0.605143
-0.853216
-1.00191
-1.00291
-1.03704
-1.05014
-1.05299
-1.03195
-1.02203
-0.975593
-0.905394
-0.825022
-0.739873
-0.652058
-0.564121
-0.479841
-0.40563
-0.353958
-0.341914
-0.434833
-0.692168
-0.978098
-1.1548
-1.12525
-1.09594
-1.0738
-1.0658
-1.05569
-1.04602
-1.00027
-0.930473
-0.850586
-0.766238
-0.679657
-0.593579
-0.512164
-0.442262
-0.397728
-0.393488
-0.504621
-0.75515
-1.07121
-1.45221
-1.34157
-1.17039
-1.08247
-1.05678
-1.07813
-1.06888
-1.02383
-0.954865
-0.875526
-0.791983
-0.706636
-0.622287
-0.543503
-0.477295
-0.439377
-0.43871
-0.568949
-0.776623
-0.940582
-1.44924
-1.34456
-1.26191
-1.2079
-1.1532
-1.09823
-1.08952
-1.04556
-0.977481
-0.899063
-0.816375
-0.732118
-0.64926
-0.572514
-0.509274
-0.47627
-0.476173
-0.628499
-0.757136
-0.495312
-0.0721729
-0.719803
-1.2945
-1.38449
-1.37172
-1.11499
-1.1069
-1.06455
-0.99762
-0.920144
-0.838383
-0.755124
-0.673323
-0.597713
-0.536446
-0.50511
-0.510606
-0.728792
-0.95315
-0.825983
-0.752783
-1.14766
-1.42891
-1.41276
-1.41252
-1.12721
-1.11984
-1.07963
-1.01425
-0.937796
-0.85692
-0.774483
-0.693297
-0.617683
-0.556259
-0.523562
-0.54628
-0.895251
-1.62053
-2.75324
-3.50993
-3.81434
-3.41411
-2.78815
-2.35031
-1.13349
-1.12709
-1.08986
-1.02628
-0.950996
-0.870973
-0.789055
-0.707796
-0.631044
-0.56565
-0.528497
-0.554334
-0.989478
-2.04027
-3.53035
-4.45409
-4.69987
-4.36898
-3.86464
-3.45144
-1.13264
-1.12742
-1.09464
-1.03302
-0.958819
-0.879624
-0.797959
-0.716046
-0.636434
-0.563876
-0.511657
-0.511042
-0.779066
-1.42214
-2.08005
-2.52276
-2.45135
-2.11268
-1.73427
-1.45422
-1.12417
-1.12035
-1.09214
-1.03357
-0.960573
-0.8821
-0.800727
-0.717666
-0.634032
-0.549931
-0.470709
-0.41921
-0.381843
-0.301267
-0.0415181
0.339424
0.768789
1.15674
1.38357
1.47643
-1.10733
-1.10457
-1.08158
-1.02702
-0.955378
-0.87798
-0.797189
-0.713451
-0.625551
-0.529656
-0.425434
-0.313786
-0.153926
0.250696
0.909715
1.56713
2.11545
2.48171
2.67318
2.73806
-1.0818
-1.08009
-1.06237
-1.01247
-0.94263
-0.866956
-0.788087
-0.705928
-0.616594
-0.512058
-0.385328
-0.248786
-0.133567
0.283947
0.943438
1.5651
2.05484
2.37092
2.53171
2.58736
-1.04564
-1.04481
-1.03087
-0.986352
-0.920825
-0.848805
-0.77496
-0.698156
-0.612358
-0.505651
-0.365766
-0.213444
-0.0810433
0.159408
0.68996
1.16167
1.53272
1.78572
1.92956
1.99285
-0.993252
-0.992854
-0.982792
-0.946123
-0.887842
-0.823321
-0.758593
-0.692139
-0.618775
-0.522621
-0.378189
-0.204129
-0.0451268
0.123418
0.421696
0.743031
1.00957
1.20593
1.33173
1.39735
-0.922827
-0.922084
-0.914847
-0.887988
-0.842695
-0.791578
-0.741724
-0.69337
-0.64073
-0.568173
-0.445408
-0.259462
-0.0699073
0.0603765
0.232728
0.422467
0.592693
0.717709
0.795978
0.84146
-0.840707
-0.839946
-0.835044
-0.81907
-0.791279
-0.759102
-0.729532
-0.705861
-0.687156
-0.65787
-0.595602
-0.432635
-0.212647
-0.0752734
0.0269606
0.171023
0.298624
0.39536
0.452956
0.472348
-0.775017
-0.774409
-0.771675
-0.763938
-0.750622
-0.736435
-0.728242
-0.734434
-0.767367
-0.836334
-0.904401
-0.797725
-0.518834
-0.333262
-0.236828
-0.113791
0.00747123
0.0987104
0.151662
0.171318
-0.727066
-0.7271
-0.726681
-0.724678
-0.721898
-0.722911
-0.736157
-0.777006
-0.879234
-1.10635
-1.40823
-1.39996
-1.00396
-0.682976
-0.527145
-0.373581
-0.233921
-0.133787
-0.077815
-0.0631991
-0.680573
-0.681515
-0.683145
-0.684778
-0.689202
-0.70203
-0.733517
-0.806575
-0.978494
-1.37314
-1.98902
-2.09528
-1.57413
-1.09717
-0.854825
-0.624117
-0.445424
-0.327692
-0.272029
-0.262234
-0.617196
-0.618689
-0.621503
-0.625769
-0.634724
-0.654326
-0.696031
-0.785969
-0.989283
-1.45542
-2.18964
-2.31004
-1.77539
-1.31905
-1.0223
-0.76798
-0.596715
-0.505666
-0.4713
-0.464006
-0.531302
-0.532951
-0.536023
-0.541196
-0.550963
-0.570827
-0.610504
-0.693379
-0.880075
-1.30001
-1.90688
-1.97862
-1.59199
-1.25146
-0.962055
-0.764546
-0.659228
-0.627986
-0.618154
-0.611156
-0.427915
-0.429315
-0.431823
-0.436172
-0.443984
-0.458965
-0.487707
-0.545964
-0.673737
-0.957044
-1.34611
-1.39808
-1.17406
-0.924754
-0.728439
-0.622899
-0.604519
-0.614413
-0.61774
-0.613863
-0.319316
-0.320265
-0.321799
-0.324537
-0.329044
-0.337217
-0.352262
-0.381609
-0.443453
-0.576339
-0.760722
-0.775954
-0.640632
-0.505953
-0.433849
-0.443612
-0.47119
-0.491236
-0.498239
-0.497899
-0.218416
-0.218929
-0.219536
-0.220796
-0.222451
-0.224936
-0.228995
-0.236361
-0.25113
-0.279945
-0.302039
-0.298988
-0.232261
-0.212514
-0.243117
-0.28756
-0.31999
-0.337447
-0.344279
-0.346096
-0.134135
-0.134336
-0.134357
-0.134726
-0.134745
-0.134025
-0.132017
-0.127886
-0.12043
-0.107178
-0.0829665
-0.0625815
-0.0442179
-0.0769299
-0.125752
-0.1651
-0.190532
-0.203867
-0.210168
-0.212483
-0.0699485
-0.0699809
-0.0697571
-0.0698005
-0.0692752
-0.0674771
-0.0635094
-0.0558958
-0.0426404
-0.0215808
0.00438053
0.0138958
0.00906775
-0.0198508
-0.0560406
-0.0837784
-0.101176
-0.110488
-0.115116
-0.117176
-0.0248902
-0.0248587
-0.0246046
-0.0246403
-0.0241955
-0.0225085
-0.018722
-0.011642
0.000159342
0.0174136
0.0349608
0.0377681
0.0264712
0.00540871
-0.0175898
-0.0353183
-0.0465674
-0.052768
-0.0559594
-0.057468
0.00441529
0.00445216
0.00463707
0.00448358
0.00464637
0.00573675
0.00849934
0.0137766
0.0222889
0.0338294
0.0437615
0.0429024
0.0325364
0.0179002
0.00350399
-0.00764412
-0.014976
-0.0191794
-0.0213556
-0.0222982
0.0219723
0.0219916
0.0220814
0.021815
0.0216805
0.0221562
0.0237905
0.0271132
0.0324889
0.0393803
0.0442595
0.0418584
0.0339234
0.024035
0.0148338
0.00765224
0.00273622
-0.000198062
-0.00170195
-0.00232591
0.0313619
0.0313616
0.0313689
0.0310301
0.0306842
0.0306896
0.0314443
0.0332437
0.0362069
0.0398282
0.0417561
0.0390406
0.0332086
0.0264918
0.0204262
0.0156467
0.0122545
0.0101608
0.00910633
0.00869837
0.0353394
0.035326
0.0352768
0.034908
0.0344316
0.0341332
0.0342752
0.0350373
0.0364432
0.0380433
0.0383006
0.0356657
0.0313475
0.0267051
0.0225855
0.0193057
0.0169122
0.0153973
0.0146476
0.0143737
0.0358311
0.035812
0.0357325
0.0353621
0.0348265
0.034357
0.0341154
0.0341983
0.0345931
0.0349798
0.0343952
0.0320612
0.0288403
0.0255521
0.0226725
0.0203648
0.0186476
0.0175421
0.0170048
0.0168179
0.0341224
0.0341021
0.0340136
0.0336682
0.0331387
0.0326039
0.032166
0.0318784
0.0317111
0.0314308
0.0304522
0.0284319
0.0259813
0.023591
0.0215253
0.0198637
0.0186109
0.017796
0.0174063
0.0172768
0.0310591
0.0310404
0.030956
0.0306504
0.0301636
0.0296289
0.0291126
0.0286404
0.028184
0.0275823
0.026481
0.024771
0.0228899
0.0211225
0.0196135
0.0183989
0.0174763
0.0168728
0.0165879
0.0164967
0.0271819
0.027166
0.0270927
0.026835
0.0264104
0.0259208
0.0254066
0.0248792
0.0243128
0.023598
0.0225294
0.0211141
0.0196644
0.0183435
0.0172286
0.0163324
0.0156489
0.0152001
0.0149908
0.0149261
0.0228293
0.0228165
0.0227571
0.0225492
0.0221959
0.0217752
0.0213111
0.020808
0.0202448
0.0195473
0.0185981
0.0174568
0.0163488
0.0153635
0.0145398
0.0138789
0.013373
0.0130403
0.0128874
0.0128416
0.018207
0.0181969
0.0181515
0.0179912
0.0177115
0.0173707
0.0169838
0.0165522
0.0160593
0.0154562
0.0146782
0.0137977
0.012974
0.0122541
0.0116559
0.0111753
0.0108056
0.0105624
0.0104528
0.0104209
0.0134373
0.0134295
0.0133969
0.0132801
0.0130721
0.0128157
0.0125218
0.0121902
0.0118085
0.0113453
0.0107663
0.0101356
0.00955957
0.00906123
0.00864713
0.008312
0.00805157
0.00788004
0.00780453
0.00778305
0.00858854
0.00858257
0.00856107
0.00848303
0.00834309
0.00817384
0.00798252
0.00776749
0.0075202
0.00722219
0.00685644
0.00646646
0.00611499
0.00581219
0.00555902
0.00535045
0.00518398
0.0050727
0.00502457
0.00501087
0.00125175
0.00126152
0.00127567
0.00126836
0.001241
0.00120626
0.00116774
0.00112409
0.00107309
0.00101091
0.000940762
0.000874673
0.000818096
0.000770967
0.000732417
0.000702099
0.000684152
0.000687162
0.000699117
0.00216105
-1.98754
-1.10977
-0.593901
-0.284938
-0.0549154
0.124064
0.267021
0.387737
0.508853
0.606239
-0.717367
-0.46208
-0.236276
-0.0507746
0.103896
0.232113
0.338342
0.425535
0.480773
0.490113
-0.28455
-0.139428
-0.00123717
0.122168
0.228574
0.318983
0.393413
0.450156
0.487205
0.508298
-0.0222554
0.0730522
0.1661
0.251838
0.327002
0.391236
0.444003
0.48522
0.516171
0.537269
0.161178
0.22658
0.293973
0.356053
0.410942
0.458482
0.49854
0.531428
0.557779
0.576099
0.301589
0.347829
0.400436
0.44675
0.489292
0.526946
0.559629
0.587254
0.60992
0.625084
0.415612
0.453138
0.494771
0.532623
0.568159
0.600513
0.629043
0.653338
0.673173
0.685557
0.515636
0.548767
0.585372
0.620246
0.652962
0.683005
0.709511
0.73186
0.749572
0.759571
0.610916
0.644743
0.681554
0.716911
0.749426
0.77877
0.804207
0.825215
0.84118
0.849727
0.71548
0.753635
0.792764
0.829903
0.862713
0.891236
0.915223
0.934667
0.949143
0.957867
0.844059
0.886795
0.926368
0.962759
0.993629
1.0197
1.04157
1.05948
1.07321
1.08353
1.00634
1.0482
1.08228
1.11194
1.13672
1.15848
1.17827
1.19586
1.21074
1.22353
1.19714
1.22809
1.24968
1.269
1.2872
1.30456
1.32088
1.3368
1.35339
1.37038
1.3954
1.40691
1.41807
1.43226
1.44661
1.45951
1.47097
1.4819
1.49487
1.51179
1.58143
1.59136
1.60007
1.60251
1.60336
1.60769
1.61859
1.63462
1.65228
1.65691
1.88254
1.82717
1.77638
1.73614
1.71384
1.70986
1.72334
1.75716
1.81364
1.88921
0.43593
0.377237
0.334774
0.300928
0.276285
0.258744
0.246243
0.237313
0.231181
0.22763
0.227081
0.229725
0.234953
0.242708
0.253488
0.268435
0.28937
0.318409
0.357125
0.404925
0.237462
0.246234
0.251791
0.252627
0.249166
0.243144
0.236732
0.231259
0.227368
0.225582
0.22656
0.229929
0.235001
0.241297
0.247922
0.253087
0.254641
0.251358
0.243931
0.236257
0.214459
0.216495
0.22112
0.224664
0.227212
0.228675
0.22842
0.226695
0.224478
0.222816
0.22265
0.224234
0.226717
0.229128
0.230423
0.229935
0.227959
0.225059
0.220949
0.216537
0.207495
0.208366
0.210898
0.213689
0.215776
0.217198
0.218221
0.218691
0.21853
0.21818
0.218326
0.219139
0.219954
0.220178
0.219658
0.218621
0.217041
0.214649
0.211892
0.209883
0.201806
0.202271
0.203732
0.205868
0.20793
0.209618
0.210842
0.211765
0.212449
0.212919
0.213323
0.213642
0.213648
0.213262
0.212511
0.21128
0.209527
0.207483
0.205676
0.204615
0.196616
0.196899
0.197907
0.199567
0.201394
0.203185
0.204763
0.206029
0.207052
0.207892
0.208462
0.208624
0.208378
0.207752
0.206693
0.205251
0.203605
0.201967
0.200653
0.199987
0.191795
0.191983
0.192775
0.19422
0.195905
0.197624
0.199337
0.2009
0.202184
0.203181
0.20387
0.204103
0.203801
0.202985
0.201769
0.200358
0.198881
0.197435
0.196358
0.19589
0.187383
0.18751
0.188156
0.18945
0.191012
0.192591
0.19416
0.195745
0.197274
0.198587
0.199461
0.199661
0.199256
0.198446
0.197425
0.196246
0.194943
0.193654
0.19275
0.19241
0.183438
0.183508
0.184035
0.185246
0.186752
0.188312
0.189885
0.191411
0.192863
0.194217
0.195254
0.195684
0.195558
0.195009
0.194128
0.193041
0.19184
0.190654
0.189875
0.189655
0.180457
0.180488
0.180861
0.181864
0.183203
0.184597
0.186056
0.187593
0.189182
0.190709
0.191958
0.192609
0.192642
0.192258
0.1916
0.190784
0.189823
0.188879
0.188324
0.188206
0.178139
0.17816
0.178385
0.179005
0.179934
0.180991
0.182176
0.183527
0.185033
0.186662
0.18817
0.189166
0.189612
0.189669
0.189474
0.189081
0.188602
0.188137
0.187883
0.187817
0.175476
0.175499
0.175662
0.176054
0.176689
0.177571
0.178687
0.180083
0.181748
0.183607
0.185453
0.186824
0.187602
0.187923
0.187923
0.187891
0.187808
0.187702
0.187626
0.187581
0.171975
0.171994
0.172135
0.172465
0.173003
0.173754
0.174814
0.17623
0.178034
0.180189
0.182461
0.184289
0.185447
0.18619
0.18667
0.186923
0.187102
0.187184
0.187181
0.187152
0.167692
0.167698
0.167834
0.16821
0.168792
0.169632
0.170825
0.172449
0.174569
0.177096
0.179905
0.182291
0.18394
0.18503
0.185755
0.186229
0.186538
0.186673
0.186705
0.186699
0.162824
0.162833
0.162961
0.163404
0.164179
0.165117
0.16651
0.168405
0.170877
0.173978
0.177477
0.180536
0.182731
0.184258
0.185292
0.185963
0.186342
0.186515
0.186593
0.186609
0.157425
0.157429
0.157567
0.158046
0.15893
0.160193
0.161807
0.164068
0.167031
0.170825
0.175179
0.179069
0.181929
0.183964
0.185335
0.186235
0.186743
0.187017
0.187158
0.187188
0.1514
0.151402
0.151582
0.152085
0.153082
0.154523
0.156545
0.15927
0.162911
0.167604
0.173042
0.17796
0.181587
0.184141
0.18596
0.187162
0.187894
0.188318
0.188528
0.188567
0.144434
0.14444
0.144649
0.145266
0.14638
0.148088
0.150526
0.153884
0.158405
0.164254
0.171053
0.177217
0.181776
0.185108
0.187382
0.188917
0.189901
0.190493
0.190774
0.19082
0.136127
0.136134
0.136384
0.137125
0.138506
0.140598
0.143588
0.147776
0.153441
0.160761
0.169254
0.176937
0.182671
0.186789
0.189661
0.191612
0.192889
0.193662
0.19402
0.194077
0.126062
0.126071
0.126399
0.127338
0.129053
0.131686
0.135471
0.14077
0.147908
0.157093
0.16769
0.177237
0.184336
0.189426
0.192988
0.195426
0.197035
0.198009
0.198453
0.198522
0.113698
0.113711
0.114137
0.115362
0.11759
0.120983
0.125848
0.132617
0.141677
0.153232
0.166418
0.178201
0.186921
0.193179
0.197568
0.200582
0.202583
0.203787
0.204336
0.204418
0.0982809
0.0983013
0.0988742
0.100513
0.103474
0.107948
0.114308
0.123076
0.134661
0.149198
0.165534
0.179979
0.190618
0.198255
0.203628
0.207336
0.20981
0.211296
0.211957
0.212056
0.0786461
0.078676
0.0794709
0.0817562
0.0858455
0.0919226
0.100432
0.111949
0.126825
0.145073
0.16518
0.182735
0.195606
0.20486
0.211404
0.215954
0.219017
0.220868
0.221677
0.221787
0.0529929
0.0530421
0.0542251
0.0576063
0.0635379
0.0720759
0.0837454
0.0990558
0.118207
0.141013
0.165539
0.186645
0.202059
0.21318
0.221114
0.226695
0.230495
0.232802
0.233798
0.233919
0.0182658
0.0183663
0.0203694
0.0258613
0.0350307
0.0475433
0.0639203
0.0844342
0.109026
0.137269
0.16682
0.191861
0.21009
0.223329
0.232899
0.239755
0.244515
0.24743
0.248659
0.248784
-0.0315258
-0.0311058
-0.0265742
-0.0162714
-0.00107344
0.0179758
0.0411885
0.0685446
0.0997485
0.134209
0.169248
0.198485
0.219718
0.235268
0.246714
0.255125
0.261142
0.264944
0.266543
0.266674
-0.104438
-0.10157
-0.0888355
-0.0683759
-0.0434311
-0.0151678
0.0167312
0.0521741
0.0908453
0.132159
0.173188
0.207068
0.231753
0.250087
0.263923
0.274514
0.282521
0.28789
0.290357
0.290752
-0.182001
-0.174601
-0.151995
-0.121071
-0.0861402
-0.0484755
-0.00781626
0.0358354
0.0822644
0.131003
0.178968
0.218623
0.247828
0.269922
0.287038
0.300574
0.311197
0.319145
0.323613
0.324336
-0.245589
-0.238349
-0.208763
-0.169485
-0.126156
-0.0799835
-0.031079
0.0204456
0.0743458
0.130171
0.184616
0.229473
0.262563
0.287737
0.307376
0.322984
0.335309
0.34483
0.349379
0.350218
-0.29685
-0.289044
-0.255774
-0.211011
-0.161397
-0.108438
-0.052563
0.00593293
0.0666444
0.128996
0.189316
0.238666
0.274868
0.302264
0.323504
0.340292
0.353535
0.363437
0.368379
0.369475
-0.338796
-0.330776
-0.295321
-0.246488
-0.191956
-0.133608
-0.0719988
-0.00755025
0.0591504
0.127349
0.192899
0.246088
0.28471
0.313622
0.335804
0.353167
0.366768
0.376662
0.381849
0.38299
-0.37445
-0.366319
-0.329467
-0.277504
-0.21898
-0.156188
-0.089706
-0.0201073
0.0518742
0.125319
0.195567
0.252102
0.29275
0.322843
0.345649
0.363244
0.376867
0.386658
0.391942
0.393179
-0.405807
-0.397637
-0.359779
-0.305301
-0.243471
-0.176879
-0.106181
-0.0320487
0.0446832
0.122912
0.197542
0.25724
0.299746
0.330834
0.354086
0.371804
0.385359
0.395036
0.400316
0.401618
-0.434295
-0.42607
-0.387395
-0.330806
-0.266196
-0.196334
-0.121925
-0.0437151
0.0373674
0.120081
0.198886
0.261599
0.305885
0.337956
0.361684
0.379571
0.393114
0.402713
0.407926
0.409298
-0.460745
-0.452471
-0.413105
-0.354694
-0.287694
-0.214954
-0.137255
-0.0553817
0.0296886
0.116615
0.19944
0.265232
0.311444
0.344638
0.368952
0.387082
0.400688
0.410227
0.415279
0.41673
-0.485815
-0.477467
-0.437485
-0.377468
-0.308333
-0.23306
-0.152448
-0.0672658
0.0214714
0.112392
0.199281
0.268314
0.316623
0.351099
0.376142
0.394637
0.408367
0.417894
0.422816
0.424266
-0.509858
-0.501413
-0.460839
-0.399442
-0.328399
-0.250864
-0.167639
-0.0794645
0.012672
0.107439
0.198359
0.270787
0.321449
0.357442
0.383411
0.402422
0.41639
0.425959
0.430763
0.432104
-0.533151
-0.524573
-0.483342
-0.420799
-0.348021
-0.268478
-0.182917
-0.0920321
0.00324415
0.101631
0.196535
0.272573
0.325903
0.363717
0.390836
0.41053
0.424846
0.434494
0.439206
0.440384
-0.555756
-0.547073
-0.505328
-0.44162
-0.367299
-0.285984
-0.198338
-0.105018
-0.00689987
0.0948802
0.193739
0.273562
0.329873
0.369849
0.39839
0.418957
0.433745
0.443524
0.448167
0.449156
-0.577811
-0.568877
-0.526733
-0.461938
-0.386273
-0.303389
-0.213904
-0.118435
-0.0177488
0.0871849
0.189873
0.273618
0.333219
0.375721
0.406015
0.42768
0.443063
0.453001
0.457536
0.45837
-0.599291
-0.590261
-0.547535
-0.481781
-0.404928
-0.320664
-0.229573
-0.132218
-0.0292627
0.0785297
0.184851
0.272576
0.335768
0.381202
0.413631
0.436652
0.452755
0.462862
0.467228
0.46789
-0.620219
-0.611024
-0.567776
-0.501144
-0.42324
-0.337768
-0.245291
-0.146308
-0.0413813
0.068945
0.178629
0.27028
0.337273
0.386083
0.421127
0.445844
0.462778
0.473006
0.4771
0.477558
-0.640518
-0.631175
-0.58739
-0.51998
-0.44115
-0.354641
-0.260976
-0.160624
-0.054024
0.0584816
0.171185
0.26659
0.337479
0.390053
0.428317
0.455253
0.473156
0.483297
0.486928
0.487144
-0.660145
-0.650662
-0.606356
-0.538255
-0.458605
-0.37121
-0.276559
-0.17507
-0.0670941
0.0472369
0.162531
0.261396
0.336143
0.392747
0.43491
0.464909
0.48418
0.493847
0.496493
0.496358
-0.679091
-0.669459
-0.624653
-0.555924
-0.475563
-0.387406
-0.291947
-0.189543
-0.0804798
0.0353059
0.152747
0.254643
0.333029
0.393707
0.440368
0.474678
0.496478
0.505468
0.505865
0.504862
-0.697296
-0.68751
-0.642244
-0.572941
-0.491959
-0.403177
-0.307058
-0.20395
-0.0940593
0.0228204
0.14192
0.246314
0.327989
0.392448
0.443815
0.483843
0.510565
0.520527
0.51731
0.513429
-0.714786
-0.704873
-0.659131
-0.589312
-0.507817
-0.418544
-0.321919
-0.218324
-0.107862
0.00974926
0.129998
0.236231
0.320764
0.38849
0.443988
0.490623
0.52543
0.541825
0.539169
0.521959
-0.731603
-0.721501
-0.675437
-0.605194
-0.523358
-0.433807
-0.33689
-0.233111
-0.122424
-0.0045438
0.116278
0.223621
0.310452
0.380961
0.438708
0.490715
0.534329
0.552502
0.555035
0.505669
-0.748012
-0.737003
-0.691108
-0.620475
-0.538502
-0.448877
-0.351799
-0.248089
-0.1375
-0.0198012
0.100945
0.208562
0.29664
0.369533
0.426441
0.476239
0.519286
0.539221
0.495386
0.425516
-0.764854
-0.750619
-0.706
-0.635127
-0.553547
-0.463924
-0.366884
-0.263247
-0.153086
-0.0360043
0.0839449
0.190937
0.278545
0.354393
0.408095
0.437149
0.469664
0.456808
0.39195
0.318414
-0.781182
-0.785062
-0.723238
-0.646819
-0.565773
-0.476323
-0.381583
-0.277974
-0.168499
-0.0524246
0.0659074
0.171147
0.256264
0.338046
0.373296
0.354404
0.377363
0.326425
0.250376
0.170663
-0.756404
-0.755664
-0.699071
-0.624372
-0.53882
-0.446245
-0.347312
-0.241734
-0.130284
-0.0123582
0.0985085
0.189881
0.26376
0.340956
0.378509
0.275822
0.191609
0.124044
0.0442548
-0.124943
-0.794753
-0.770148
-0.710777
-0.635287
-0.55008
-0.457982
-0.359756
-0.255075
-0.14501
-0.0293447
0.0779121
0.164893
0.231739
0.280082
0.254051
0.120018
-0.0129909
-0.103464
-0.198486
-0.392367
-0.816848
-0.787278
-0.727747
-0.652111
-0.567269
-0.475513
-0.377345
-0.273693
-0.165325
-0.0525111
0.0505471
0.131739
0.189733
0.208634
0.127206
-0.0622902
-0.224568
-0.344205
-0.479549
-0.756473
-0.838101
-0.806064
-0.745711
-0.669493
-0.58467
-0.493102
-0.395468
-0.292982
-0.186516
-0.0769265
0.0211987
0.0956239
0.141686
0.127489
-0.0253459
-0.252437
-0.4602
-0.630661
-0.834132
-1.28543
-0.857952
-0.825244
-0.764108
-0.687206
-0.602307
-0.510987
-0.414119
-0.312884
-0.208481
-0.102415
-0.00982019
0.0574629
0.0883214
0.0331186
-0.178422
-0.436535
-0.702152
-0.940571
-1.2379
-2.0579
-0.87722
-0.844773
-0.783139
-0.70578
-0.620793
-0.529747
-0.433611
-0.333678
-0.231489
-0.12919
-0.0424902
0.0170348
0.0300419
-0.0687284
-0.321098
-0.593139
-0.878679
-1.14509
-1.38571
-2.36357
-0.896935
-0.86474
-0.802975
-0.725412
-0.640375
-0.549575
-0.454124
-0.355493
-0.255605
-0.157248
-0.076637
-0.0255739
-0.0305658
-0.187103
-0.444316
-0.709366
-0.963137
-1.14624
-1.18581
-1.25007
-0.917481
-0.885614
-0.823859
-0.746312
-0.661368
-0.57094
-0.476306
-0.379198
-0.281944
-0.188071
-0.114059
-0.0727585
-0.106147
-0.305982
-0.553689
-0.794853
-0.992721
-1.10206
-1.11911
-1.12947
-0.939128
-0.90745
-0.845837
-0.768393
-0.68367
-0.593746
-0.500117
-0.404757
-0.310457
-0.221582
-0.154684
-0.125222
-0.186955
-0.417232
-0.655314
-0.87221
-1.03513
-1.08257
-1.0908
-1.09092
-0.961886
-0.930172
-0.86885
-0.79157
-0.707166
-0.617891
-0.525426
-0.432015
-0.340983
-0.257564
-0.198295
-0.181654
-0.270114
-0.525563
-0.750214
-0.944095
-1.05786
-1.06992
-1.07101
-1.07034
-0.985592
-0.953882
-0.892896
-0.815761
-0.731737
-0.643221
-0.55206
-0.460782
-0.37325
-0.295643
-0.244757
-0.239392
-0.363774
-0.631336
-0.843678
-0.99145
-1.04373
-1.05407
-1.05623
-1.05582
-1.00976
-0.978315
-0.917442
-0.840703
-0.757163
-0.669496
-0.579754
-0.490754
-0.406842
-0.335262
-0.293029
-0.297668
-0.464011
-0.735221
-0.947017
-1.0198
-1.02761
-1.04594
-1.0523
-1.05297
-1.03403
-1.00299
-0.942388
-0.866071
-0.783085
-0.696353
-0.608102
-0.521444
-0.441152
-0.37568
-0.341634
-0.364172
-0.553307
-0.830662
-1.10465
-1.13173
-1.10501
-1.08284
-1.06832
-1.06455
-1.05769
-1.02723
-0.967334
-0.891383
-0.808993
-0.723273
-0.636532
-0.552187
-0.475366
-0.415723
-0.388746
-0.428302
-0.62954
-0.889724
-1.28857
-1.43416
-1.24721
-1.1163
-1.06447
-1.0533
-1.08014
-1.05043
-0.991337
-0.916036
-0.834299
-0.749592
-0.664292
-0.582062
-0.508411
-0.453552
-0.432874
-0.484781
-0.685978
-0.845118
-1.11156
-1.50019
-1.28192
-1.24019
-1.17663
-1.13773
-1.10015
-1.07167
-1.01347
-0.93913
-0.858247
-0.774471
-0.690462
-0.609937
-0.538877
-0.487165
-0.47315
-0.532418
-0.726418
-0.672125
-0.312004
-0.390518
-1.0415
-1.39873
-1.38014
-1.36798
-1.11674
-1.08987
-1.03306
-0.959768
-0.879756
-0.796973
-0.714006
-0.63456
-0.564966
-0.515083
-0.508331
-0.573561
-0.874436
-0.954123
-0.665539
-0.944185
-1.31025
-1.4493
-1.39166
-1.42645
-1.12873
-1.10386
-1.04898
-0.976957
-0.897849
-0.815933
-0.733689
-0.65465
-0.584674
-0.535247
-0.531788
-0.628279
-1.23522
-2.16961
-3.16204
-3.78775
-3.66713
-3.09668
-2.52785
-2.32217
-1.1351
-1.11267
-1.06025
-0.989641
-0.911488
-0.830287
-0.748359
-0.668743
-0.596412
-0.542084
-0.532156
-0.66434
-1.45129
-2.74287
-4.12298
-4.66479
-4.57227
-4.12774
-3.62566
-3.37489
-1.1345
-1.11527
-1.06622
-0.996951
-0.919812
-0.839167
-0.757068
-0.675933
-0.598845
-0.533072
-0.504243
-0.549908
-1.08812
-1.74884
-2.36742
-2.54304
-2.29755
-1.91652
-1.57504
-1.37232
-1.12572
-1.11026
-1.06571
-0.998151
-0.922031
-0.841836
-0.759421
-0.676067
-0.59238
-0.509778
-0.435479
-0.386156
-0.362995
-0.19885
0.144268
0.546391
0.979267
1.29085
1.44311
1.4987
-1.10857
-1.09689
-1.05748
-0.992466
-0.917327
-0.838079
-0.755982
-0.670602
-0.579441
-0.476512
-0.36582
-0.268331
-0.00118474
0.569005
1.24178
1.86327
2.32163
2.59808
2.71734
2.7479
-1.08275
-1.07466
-1.04102
-0.979118
-0.905202
-0.828159
-0.747898
-0.662368
-0.566368
-0.448936
-0.318625
-0.187153
0.0130977
0.606547
1.26425
1.83106
2.2347
2.4685
2.56916
2.59562
-1.04627
-1.04087
-1.01245
-0.954956
-0.885331
-0.81218
-0.736844
-0.656241
-0.562543
-0.439683
-0.287449
-0.142066
-0.00839152
0.416373
0.938138
1.36063
1.6744
1.87013
1.96946
2.003
-0.993601
-0.990278
-0.968068
-0.918567
-0.855866
-0.791068
-0.726136
-0.657413
-0.57429
-0.453805
-0.289856
-0.123692
0.0240246
0.253674
0.588339
0.883559
1.11738
1.27689
1.37197
1.40743
-0.922558
-0.920184
-0.904271
-0.866824
-0.817326
-0.766569
-0.718104
-0.670305
-0.611217
-0.514315
-0.355288
-0.163604
0.00552351
0.139029
0.325885
0.512263
0.661965
0.761557
0.823079
0.847829
-0.840541
-0.838495
-0.828728
-0.806259
-0.775249
-0.743755
-0.716765
-0.695951
-0.677643
-0.640388
-0.522135
-0.323763
-0.13064
-0.0285202
0.097355
0.238607
0.351308
0.428865
0.466899
0.473675
-0.774885
-0.773448
-0.768608
-0.757769
-0.74326
-0.731152
-0.728702
-0.745648
-0.795944
-0.887413
-0.884832
-0.659159
-0.405238
-0.288447
-0.178631
-0.0513805
0.0576936
0.12984
0.165307
0.170159
-0.727081
-0.727
-0.725955
-0.723227
-0.72154
-0.727355
-0.751708
-0.817021
-0.971532
-1.26965
-1.48325
-1.21521
-0.815521
-0.599967
-0.451146
-0.299056
-0.17842
-0.100049
-0.066116
-0.0658545
-0.680909
-0.682331
-0.683885
-0.686384
-0.694124
-0.714551
-0.762711
-0.87447
-1.13989
-1.6761
-2.16397
-1.87073
-1.30047
-0.974229
-0.736186
-0.5273
-0.378186
-0.292323
-0.263061
-0.264795
-0.617779
-0.619955
-0.623333
-0.62936
-0.642727
-0.6714
-0.73253
-0.867126
-1.17839
-1.83185
-2.37777
-2.07164
-1.51333
-1.16746
-0.885053
-0.672033
-0.542129
-0.483508
-0.465502
-0.465224
-0.531997
-0.534288
-0.538208
-0.545299
-0.559259
-0.587285
-0.64427
-0.767748
-1.05207
-1.62016
-2.0452
-1.79604
-1.40849
-1.10704
-0.847723
-0.699769
-0.638107
-0.622422
-0.614058
-0.610502
-0.428564
-0.430372
-0.433744
-0.439456
-0.450321
-0.471005
-0.511613
-0.59729
-0.790367
-1.16655
-1.43394
-1.2984
-1.05082
-0.814714
-0.664661
-0.605843
-0.60899
-0.617595
-0.615963
-0.612899
-0.319823
-0.320871
-0.323063
-0.326435
-0.332543
-0.343587
-0.364435
-0.406745
-0.498411
-0.674463
-0.805517
-0.711711
-0.564424
-0.457398
-0.43337
-0.457095
-0.482803
-0.496218
-0.498589
-0.497241
-0.218764
-0.219127
-0.220167
-0.221517
-0.22356
-0.226698
-0.2321
-0.242453
-0.263545
-0.296334
-0.301218
-0.265178
-0.212621
-0.22565
-0.264868
-0.305827
-0.330374
-0.34191
-0.345532
-0.34601
-0.134351
-0.134281
-0.134591
-0.13477
-0.134503
-0.13322
-0.130278
-0.124661
-0.114807
-0.0963975
-0.0720973
-0.0493109
-0.0563832
-0.101656
-0.146643
-0.179695
-0.198437
-0.207661
-0.21169
-0.21267
-0.070076
-0.0698232
-0.0698299
-0.0696246
-0.0685765
-0.0658328
-0.060265
-0.0501
-0.0331952
-0.0081451
0.0125129
0.0130653
-0.00288961
-0.0381978
-0.0711604
-0.0937524
-0.106642
-0.113221
-0.116422
-0.117424
-0.024966
-0.0246959
-0.0246521
-0.0244974
-0.0235503
-0.020935
-0.0156746
-0.00640682
0.00814515
0.0271651
0.0389397
0.0332493
0.016888
-0.00634964
-0.0272858
-0.0417217
-0.0501778
-0.0546391
-0.0569071
-0.0576655
0.00436586
0.00457526
0.00456588
0.00451109
0.00503364
0.00686522
0.0107761
0.0176071
0.0277729
0.0397159
0.0449726
0.0385186
0.0254915
0.0104547
-0.00255919
-0.0117712
-0.0174076
-0.0204607
-0.0219457
-0.0224405
0.0219355
0.0220648
0.0219783
0.0217161
0.021807
0.022801
0.0252126
0.0295465
0.0358437
0.0425262
0.0440502
0.0383606
0.029041
0.0192469
0.010957
0.00491851
0.00104776
-0.00109273
-0.00210241
-0.00241411
0.0313318
0.0313923
0.0312417
0.0308429
0.0306137
0.0309568
0.0322012
0.03459
0.0380106
0.0412713
0.0409885
0.036379
0.0298496
0.0233269
0.0178642
0.0137802
0.0110541
0.00952613
0.00884172
0.00863442
0.0353144
0.0353279
0.0351375
0.0346609
0.0342425
0.0341389
0.0345732
0.0356727
0.0372755
0.0384874
0.0373255
0.0336312
0.0290054
0.0245547
0.0208369
0.0179991
0.0160457
0.0149416
0.0144686
0.0143295
0.0358108
0.0357974
0.0355892
0.0350944
0.0345753
0.0342022
0.034115
0.0343671
0.034826
0.0348866
0.0334208
0.0305091
0.0271706
0.0240482
0.0214467
0.0194326
0.018016
0.0172126
0.0168818
0.0167843
0.0341063
0.0340805
0.0338782
0.0334105
0.0328683
0.0323698
0.0320041
0.0317885
0.0316111
0.0310654
0.0295456
0.0272288
0.0247599
0.0225115
0.0206447
0.019186
0.0181455
0.0175553
0.0173205
0.0172535
0.0310467
0.0310177
0.0308358
0.0304175
0.0299001
0.0293672
0.0288723
0.028417
0.027919
0.0271083
0.025677
0.0238337
0.0219819
0.0203331
0.0189706
0.017901
0.0171316
0.0166958
0.0165271
0.01648
0.0271725
0.0271453
0.0269916
0.0266345
0.0261732
0.0256664
0.0251461
0.024606
0.0239857
0.0231101
0.0218435
0.0203835
0.0189827
0.0177595
0.0167545
0.015964
0.0153925
0.0150694
0.0149474
0.014914
0.0228223
0.0227992
0.0226761
0.0223845
0.0219936
0.0215487
0.021066
0.0205377
0.0199207
0.0191009
0.0180336
0.0168933
0.0158383
0.0149315
0.0141903
0.0136065
0.0131828
0.0129442
0.0128566
0.012833
0.0182018
0.0181834
0.0180895
0.0178621
0.0175483
0.0171832
0.0167749
0.016316
0.0157767
0.0150839
0.014237
0.0133762
0.0126
0.0119403
0.0114019
0.0109765
0.0106664
0.0104931
0.0104313
0.0104147
0.0134333
0.0134197
0.0133522
0.0131847
0.0129493
0.0126736
0.0123617
0.0120073
0.0115903
0.0110654
0.0104477
0.00983968
0.00930041
0.00884419
0.0084705
0.00817226
0.00795316
0.00783198
0.00779009
0.00777843
0.00858541
0.00857601
0.00853146
0.00841881
0.00826154
0.00808112
0.00787866
0.00764886
0.0073793
0.00704453
0.00665875
0.00628553
0.00595756
0.00567986
0.00544974
0.00526171
0.00512015
0.00504187
0.00501551
0.0050074
0.0036942
0.00369071
0.00368479
0.00365037
0.00358412
0.00350867
0.00342505
0.00333205
0.0032253
0.00309687
0.00294088
0.0027767
0.00262983
0.00250357
0.00239744
0.0023082
0.00223372
0.00218374
0.00216567
0.00215822
-1.45479
-0.799364
-0.427363
-0.164745
0.0387901
0.198157
0.330241
0.44524
0.57161
0.561735
-0.534938
-0.341306
-0.139052
0.0302788
0.171178
0.28761
0.384557
0.45866
0.491169
0.495124
-0.192312
-0.0686993
0.0627221
0.177435
0.275751
0.358239
0.424206
0.470957
0.500034
0.51619
0.0373204
0.120616
0.210286
0.290785
0.360521
0.419077
0.466019
0.501804
0.528816
0.546799
0.203712
0.262847
0.325891
0.384421
0.435646
0.479431
0.515851
0.545348
0.569043
0.586973
0.333342
0.376999
0.423819
0.468634
0.508741
0.543906
0.574088
0.599144
0.619543
0.637098
0.440878
0.474661
0.513969
0.550742
0.584785
0.615281
0.641756
0.663779
0.681315
0.698595
0.536477
0.567125
0.603078
0.63689
0.668376
0.696736
0.721245
0.741295
0.756315
0.773441
0.630629
0.662981
0.699574
0.733524
0.764542
0.792011
0.815298
0.833852
0.846834
0.864124
0.736557
0.772981
0.811851
0.846833
0.877528
0.903809
0.92553
0.942521
0.954381
0.972268
0.867216
0.906595
0.945253
0.978841
1.00721
1.03113
1.05104
1.0668
1.0788
1.09709
1.02893
1.06568
1.09783
1.12481
1.14789
1.1686
1.18739
1.20358
1.2174
1.23531
1.21403
1.23941
1.25954
1.2782
1.296
1.31286
1.32883
1.34492
1.36212
1.38129
1.40113
1.41212
1.42494
1.43958
1.45326
1.46541
1.47641
1.48783
1.50329
1.52274
1.5832
1.59673
1.60182
1.60281
1.60481
1.61227
1.62608
1.64374
1.65751
1.66887
1.85219
1.80164
1.75419
1.72265
1.7097
1.71428
1.73751
1.7826
1.84932
1.94345
0.292554
0.289553
0.283497
0.272587
0.260115
0.248826
0.239783
0.233018
0.228504
0.226487
0.227524
0.231293
0.237259
0.245377
0.255745
0.267963
0.280243
0.288906
0.293407
0.295547
0.220817
0.227477
0.232755
0.236402
0.237543
0.235937
0.232502
0.228712
0.225685
0.224244
0.225124
0.227929
0.231799
0.235843
0.238727
0.239141
0.236731
0.232271
0.225937
0.220097
0.210665
0.213646
0.217052
0.219599
0.221417
0.22265
0.222914
0.222173
0.221051
0.220453
0.221095
0.222594
0.224027
0.224595
0.223995
0.222585
0.22055
0.217571
0.214173
0.211879
0.204563
0.206011
0.208304
0.210672
0.212482
0.213746
0.214676
0.215267
0.215496
0.215668
0.216103
0.216562
0.216623
0.216175
0.215332
0.21399
0.211993
0.209608
0.207765
0.206683
0.199171
0.200017
0.201608
0.203548
0.205454
0.207078
0.208312
0.20927
0.210042
0.210644
0.211013
0.211045
0.210723
0.210037
0.208892
0.207301
0.205497
0.203737
0.202597
0.201946
0.194147
0.194719
0.195981
0.197645
0.199402
0.20113
0.202699
0.203994
0.205036
0.205839
0.20626
0.206201
0.205689
0.20473
0.203403
0.201893
0.200329
0.198915
0.198082
0.197651
0.189551
0.189973
0.191055
0.192601
0.194245
0.195907
0.197572
0.199123
0.200419
0.201407
0.201924
0.201847
0.201212
0.200168
0.198914
0.197553
0.19613
0.194898
0.194237
0.193937
0.185318
0.185619
0.186566
0.187994
0.189538
0.191078
0.19259
0.194091
0.195539
0.196759
0.19739
0.197353
0.19686
0.196076
0.195064
0.193874
0.192609
0.191523
0.190998
0.190808
0.181815
0.182005
0.182824
0.184184
0.185684
0.187236
0.188839
0.190399
0.191876
0.193197
0.194062
0.194293
0.194004
0.193301
0.19236
0.191295
0.190138
0.189183
0.188796
0.188706
0.179278
0.179388
0.179933
0.180949
0.182134
0.18338
0.18471
0.186201
0.187787
0.189333
0.190446
0.190932
0.190939
0.190668
0.190172
0.189507
0.188754
0.188172
0.187962
0.187918
0.176898
0.176982
0.177306
0.177944
0.178798
0.179859
0.181128
0.182592
0.184244
0.185997
0.18746
0.188336
0.188711
0.188733
0.188573
0.188328
0.188046
0.187835
0.187742
0.1877
0.173835
0.173909
0.174151
0.1746
0.175299
0.176206
0.177433
0.178993
0.180876
0.182979
0.184844
0.186086
0.186836
0.187185
0.187287
0.18741
0.187456
0.187448
0.18741
0.187368
0.169912
0.169973
0.170216
0.170662
0.171275
0.172238
0.173535
0.175235
0.177376
0.179891
0.182272
0.184003
0.185118
0.185846
0.186405
0.186696
0.186884
0.186941
0.186931
0.186894
0.165325
0.165377
0.165642
0.166192
0.166962
0.168018
0.169529
0.171538
0.174087
0.177144
0.18015
0.182435
0.184017
0.185062
0.185779
0.186245
0.18649
0.18658
0.186607
0.186581
0.160199
0.160243
0.160525
0.161151
0.162092
0.163423
0.165161
0.167525
0.17058
0.174361
0.178153
0.181123
0.18323
0.18471
0.185669
0.186292
0.18661
0.186767
0.186832
0.186811
0.154526
0.154579
0.154878
0.155587
0.156678
0.158319
0.160412
0.163256
0.166997
0.171677
0.176437
0.180214
0.182951
0.184797
0.186133
0.18696
0.18744
0.1877
0.187801
0.187778
0.148077
0.148134
0.148501
0.149297
0.15059
0.152443
0.155027
0.158545
0.163179
0.169006
0.174965
0.179743
0.183156
0.185656
0.187319
0.188413
0.189094
0.189472
0.189607
0.189579
0.140478
0.140554
0.140997
0.141966
0.143476
0.145718
0.148912
0.15329
0.159071
0.166353
0.173808
0.179779
0.184165
0.187239
0.189352
0.190769
0.19168
0.192185
0.192353
0.192316
0.131327
0.13143
0.131987
0.13317
0.135063
0.137864
0.141857
0.147345
0.154606
0.163722
0.173016
0.180454
0.185891
0.189727
0.192376
0.194169
0.195337
0.195978
0.196187
0.19614
0.120181
0.120326
0.121064
0.122573
0.124969
0.128527
0.133601
0.14057
0.149731
0.161139
0.172682
0.181869
0.188562
0.193303
0.196588
0.198823
0.200286
0.201087
0.201344
0.201284
0.106362
0.106569
0.107568
0.109555
0.11269
0.117319
0.123884
0.132812
0.144403
0.158654
0.172909
0.184179
0.192371
0.198179
0.202217
0.204975
0.206787
0.207785
0.208098
0.208024
0.088932
0.0892445
0.0906441
0.0933379
0.0975502
0.103716
0.112344
0.123883
0.138596
0.156347
0.173836
0.187551
0.197503
0.204577
0.209515
0.212906
0.215143
0.216378
0.216762
0.216667
0.0664902
0.0669992
0.069031
0.0728085
0.0786504
0.0870807
0.0986264
0.113682
0.132367
0.154355
0.17562
0.192152
0.204142
0.212707
0.218733
0.222905
0.225673
0.227193
0.22766
0.227541
0.0366585
0.0375534
0.0407003
0.0463527
0.0548882
0.0668192
0.0825475
0.102278
0.125906
0.152891
0.178451
0.19814
0.212438
0.222738
0.230079
0.23523
0.238682
0.240568
0.241135
0.240985
-0.00476871
-0.00297959
0.00263473
0.011928
0.0251621
0.042566
0.0641863
0.0899624
0.119554
0.152239
0.182513
0.205625
0.222454
0.234724
0.243638
0.250039
0.254415
0.256779
0.257453
0.257262
-0.0655149
-0.0602008
-0.0485604
-0.0321023
-0.0108019
0.014711
0.0441753
0.0773562
0.113785
0.15268
0.187912
0.214585
0.234082
0.248489
0.259205
0.267132
0.272698
0.275746
0.276623
0.276341
-0.138124
-0.12891
-0.107596
-0.0802685
-0.0489916
-0.0143744
0.0235494
0.0646516
0.108536
0.154538
0.195866
0.227294
0.250628
0.268288
0.281834
0.292298
0.299997
0.303629
0.304568
0.304754
-0.211026
-0.194685
-0.164082
-0.126818
-0.0861447
-0.0426101
0.00370667
0.0527021
0.104058
0.157205
0.204695
0.240909
0.268051
0.288936
0.30532
0.318236
0.327824
0.332688
0.334948
0.335292
-0.268878
-0.249091
-0.212743
-0.168331
-0.120065
-0.0688685
-0.0149887
0.0413339
0.0997044
0.159518
0.212581
0.252883
0.283053
0.306264
0.32447
0.338832
0.349633
0.355872
0.358688
0.359062
-0.315883
-0.294121
-0.253579
-0.203961
-0.149879
-0.0924987
-0.0322151
0.0305418
0.0952103
0.161042
0.219002
0.262676
0.295091
0.319802
0.339034
0.354145
0.365577
0.372428
0.375387
0.37575
-0.354851
-0.332219
-0.288612
-0.234887
-0.176138
-0.113695
-0.0480008
0.0203533
0.0906142
0.161828
0.224101
0.270557
0.304659
0.330375
0.350168
0.365534
0.37708
0.384037
0.387021
0.38743
-0.388643
-0.365419
-0.319468
-0.262397
-0.199797
-0.133022
-0.0626456
0.010629
0.0859158
0.162018
0.228209
0.277183
0.312754
0.339241
0.359354
0.374774
0.386292
0.393322
0.396192
0.396596
-0.41875
-0.395164
-0.347303
-0.287497
-0.221621
-0.151105
-0.0766023
0.00110424
0.0809959
0.161699
0.231635
0.282974
0.319864
0.347015
0.367402
0.382881
0.39433
0.401456
0.404219
0.404554
-0.446342
-0.422474
-0.373065
-0.310909
-0.242207
-0.168403
-0.0902111
-0.00848096
0.0756813
0.160741
0.234281
0.287989
0.326273
0.354184
0.374921
0.39052
0.401967
0.409128
0.411828
0.411986
-0.472281
-0.448055
-0.397355
-0.333114
-0.261926
-0.185234
-0.103756
-0.0183682
0.0697614
0.15899
0.236222
0.292481
0.332333
0.361128
0.382319
0.398111
0.409603
0.416712
0.419378
0.419438
-0.496969
-0.472402
-0.420507
-0.354497
-0.281108
-0.20184
-0.117414
-0.0286942
0.0631639
0.156505
0.237509
0.296497
0.338139
0.368014
0.389808
0.405903
0.417501
0.424579
0.427216
0.427245
-0.520747
-0.495817
-0.442876
-0.375271
-0.299907
-0.218345
-0.131262
-0.0394903
0.0558669
0.153185
0.238028
0.299993
0.343696
0.374908
0.397499
0.414031
0.425826
0.43286
0.435444
0.435439
-0.543807
-0.518487
-0.464671
-0.39556
-0.318436
-0.234838
-0.145371
-0.050822
0.0477614
0.148899
0.237697
0.302922
0.348992
0.381817
0.405427
0.42255
0.434623
0.441668
0.444133
0.44412
-0.56625
-0.540538
-0.48588
-0.415432
-0.336762
-0.251354
-0.159769
-0.0627382
0.0388131
0.143608
0.236388
0.305138
0.353957
0.388715
0.413583
0.431457
0.443884
0.450946
0.453267
0.45321
-0.588136
-0.56203
-0.506513
-0.4349
-0.354873
-0.267869
-0.174428
-0.0751964
0.0290428
0.137256
0.233978
0.306462
0.358405
0.395494
0.421911
0.440707
0.453555
0.460623
0.462772
0.462629
-0.609409
-0.582919
-0.52662
-0.453963
-0.372739
-0.284349
-0.189291
-0.0881351
0.0184732
0.129815
0.23035
0.306711
0.362117
0.401992
0.430342
0.450267
0.46358
0.470613
0.472543
0.472287
-0.630091
-0.603213
-0.546165
-0.472585
-0.390314
-0.300728
-0.204285
-0.101491
0.00717113
0.121296
0.225422
0.30568
0.364846
0.408016
0.438811
0.460136
0.473876
0.480688
0.482315
0.481954
-0.650078
-0.62285
-0.565112
-0.490721
-0.407538
-0.316928
-0.21933
-0.11517
-0.00477519
0.11174
0.219121
0.303171
0.366285
0.413259
0.447212
0.47043
0.484526
0.490744
0.491866
0.49141
-0.66943
-0.641778
-0.583443
-0.508318
-0.424348
-0.332886
-0.23433
-0.129056
-0.0172713
0.101229
0.211431
0.29903
0.366083
0.417265
0.455287
0.481409
0.496032
0.500867
0.500908
0.500379
-0.687999
-0.660002
-0.601104
-0.525329
-0.440692
-0.34852
-0.249204
-0.143064
-0.0301878
0.0898781
0.202387
0.293151
0.363928
0.419405
0.462418
0.493154
0.50966
0.512357
0.509489
0.50836
-0.705913
-0.677501
-0.618061
-0.541704
-0.456501
-0.363752
-0.263835
-0.157057
-0.0433855
0.077816
0.192076
0.285478
0.359589
0.41892
0.467354
0.504774
0.526601
0.529757
0.520964
0.502084
-0.723074
-0.694283
-0.63445
-0.557631
-0.472054
-0.378902
-0.278627
-0.171489
-0.0573876
0.0644784
0.179876
0.275283
0.352416
0.41475
0.467908
0.513452
0.544799
0.552879
0.537584
0.550606
-0.739637
-0.710364
-0.650227
-0.573052
-0.487306
-0.393905
-0.293566
-0.186321
-0.0721745
0.0498166
0.165672
0.262124
0.341829
0.405937
0.459737
0.510392
0.543627
0.555046
0.495542
0.466349
-0.756116
-0.726304
-0.665149
-0.587556
-0.501798
-0.408345
-0.308455
-0.201299
-0.0874549
0.034076
0.149587
0.245859
0.327369
0.392492
0.439337
0.48391
0.508724
0.483524
0.411507
0.36272
-0.773112
-0.742614
-0.678738
-0.600921
-0.515166
-0.422108
-0.322951
-0.216256
-0.103129
0.0173277
0.131608
0.22656
0.307915
0.375648
0.418676
0.427263
0.418921
0.362449
0.283744
0.234844
-0.387794
-0.284466
-0.175381
-0.0599623
0.0570948
0.160647
0.243334
0.0746698
-0.790532
-0.771147
-0.735118
-0.669562
-0.588611
-0.500129
-0.40447
-0.302388
-0.194488
-0.0808947
0.033958
0.135002
0.214884
0.280155
0.326487
0.294437
0.142573
0.0463882
-0.0290457
-0.805721
-0.793026
-0.750216
-0.683007
-0.601935
-0.513657
-0.41867
-0.317325
-0.210675
-0.0990899
0.0125672
0.10896
0.182871
0.23381
0.230659
0.11871
-0.0488451
-0.171568
-0.274389
-0.826261
-0.813875
-0.768276
-0.700073
-0.618958
-0.530672
-0.435807
-0.335075
-0.229723
-0.120321
-0.0125448
0.0780324
0.143841
0.178257
0.127008
-0.0542105
-0.253827
-0.41328
-0.55666
-0.846574
-0.83405
-0.787099
-0.717853
-0.636483
-0.548271
-0.453813
-0.354023
-0.250204
-0.143354
-0.0398394
0.044543
0.101604
0.113984
0.0146152
-0.224396
-0.468517
-0.689669
-0.906347
-0.865804
-0.85384
-0.806308
-0.736157
-0.654514
-0.56638
-0.472443
-0.373691
-0.271542
-0.167509
-0.0686419
0.00904684
0.0567976
0.0356012
-0.124931
-0.383124
-0.662095
-0.933615
-1.18134
-0.884938
-0.873579
-0.826037
-0.755344
-0.67351
-0.58542
-0.491929
-0.394136
-0.293673
-0.192536
-0.0984639
-0.0278182
0.00978444
-0.0499428
-0.25636
-0.5169
-0.794637
-1.06516
-1.23493
-1.29276
-0.904993
-0.893957
-0.846523
-0.775643
-0.693788
-0.605824
-0.512831
-0.41608
-0.317485
-0.21957
-0.130747
-0.0677395
-0.0431974
-0.131802
-0.378231
-0.628533
-0.871812
-1.06749
-1.13359
-1.16536
-0.92591
-0.915218
-0.868003
-0.797098
-0.715349
-0.627664
-0.535305
-0.439796
-0.343343
-0.249072
-0.166054
-0.1113
-0.10212
-0.225872
-0.488053
-0.724402
-0.932287
-1.0641
-1.10856
-1.1075
-0.947999
-0.937436
-0.890622
-0.81965
-0.738101
-0.650812
-0.559255
-0.46518
-0.371124
-0.280895
-0.204294
-0.158098
-0.169232
-0.337976
-0.590528
-0.811308
-0.996155
-1.06822
-1.0773
-1.0798
-0.971108
-0.960641
-0.914081
-0.843254
-0.761958
-0.675163
-0.58455
-0.492072
-0.400639
-0.314795
-0.245164
-0.20731
-0.248127
-0.448207
-0.692867
-0.89138
-1.02795
-1.07647
-1.06511
-1.06323
-0.99501
-0.984608
-0.938202
-0.86774
-0.786731
-0.700547
-0.610983
-0.52025
-0.431617
-0.350405
-0.287977
-0.259157
-0.325453
-0.554999
-0.798051
-0.964952
-1.00864
-1.03958
-1.04988
-1.05248
-1.01902
-1.00892
-0.962937
-0.892742
-0.812172
-0.72666
-0.638244
-0.54936
-0.463622
-0.387105
-0.331828
-0.313909
-0.400002
-0.650983
-0.915027
-1.05528
-1.04967
-1.05702
-1.06021
-1.05936
-1.04269
-1.03299
-0.98774
-0.917884
-0.837844
-0.753077
-0.665871
-0.57887
-0.496043
-0.424039
-0.375924
-0.368
-0.470156
-0.726689
-1.03809
-1.30162
-1.24432
-1.14292
-1.08218
-1.06546
-1.06555
-1.05617
-1.01202
-0.942672
-0.863174
-0.779224
-0.693254
-0.608061
-0.528008
-0.460047
-0.418916
-0.416526
-0.538518
-0.774708
-1.05394
-1.55372
-1.39613
-1.20002
-1.09003
-1.05247
-1.08669
-1.0777
-1.03466
-0.966344
-0.887522
-0.804398
-0.719601
-0.636045
-0.558354
-0.49376
-0.458652
-0.45827
-0.596708
-0.765902
-0.752888
-0.87929
-1.12997
-1.31548
-1.32966
-1.29314
-1.10489
-1.09646
-1.05507
-0.987829
-0.90996
-0.827731
-0.743985
-0.661697
-0.585662
-0.5236
-0.491813
-0.492977
-0.67039
-0.803514
-0.431141
0.0231328
-0.644366
-1.23411
-1.3471
-1.37424
-1.11896
-1.1113
-1.07209
-1.00639
-0.929468
-0.848141
-0.765303
-0.683876
-0.608409
-0.547441
-0.515827
-0.526584
-0.798989
-1.25803
-1.74999
-2.14308
-2.50838
-2.29157
-1.86434
-1.68647
-1.12789
-1.12127
-1.08471
-1.02089
-0.945045
-0.864563
-0.782413
-0.701258
-0.625227
-0.562201
-0.528083
-0.554465
-0.967701
-1.93003
-3.4357
-4.28889
-4.5438
-4.20338
-3.5824
-3.09246
-1.13102
-1.12529
-1.09197
-1.03043
-0.955718
-0.87604
-0.794226
-0.712729
-0.634717
-0.566161
-0.523364
-0.538092
-0.933605
-1.85239
-3.02823
-3.9402
-4.09767
-3.72082
-3.20689
-2.83214
-1.12676
-1.12223
-1.09283
-1.03424
-0.960678
-0.881663
-0.800115
-0.717639
-0.636207
-0.558238
-0.492735
-0.468777
-0.577216
-0.842203
-0.967142
-0.933424
-0.684681
-0.343902
-0.0585533
0.102791
-1.11421
-1.11085
-1.08576
-1.03119
-0.959241
-0.88092
-0.799711
-0.716157
-0.630217
-0.539862
-0.448354
-0.365633
-0.234816
0.0746962
0.575514
1.16457
1.69028
2.03072
2.2148
2.28671
-1.09331
-1.0912
-1.07096
-1.02055
-0.950283
-0.873361
-0.793225
-0.709875
-0.620865
-0.520154
-0.403757
-0.273673
-0.137047
0.29641
0.996012
1.65552
2.18599
2.53159
2.71082
2.77869
-1.06327
-1.06222
-1.04666
-1.00051
-0.932797
-0.858766
-0.781931
-0.701982
-0.6136
-0.506873
-0.372677
-0.229437
-0.107122
0.226792
0.830596
1.37861
1.80507
2.08005
2.2298
2.29569
-1.01999
-1.01962
-1.00841
-0.967919
-0.905834
-0.836967
-0.7671
-0.694648
-0.613995
-0.510077
-0.366686
-0.204503
-0.0592791
0.132766
0.548922
0.946435
1.26574
1.48429
1.61075
1.67451
-0.960033
-0.959632
-0.951242
-0.919328
-0.866719
-0.807998
-0.749861
-0.691639
-0.627369
-0.543102
-0.403892
-0.219522
-0.0418829
0.102241
0.314375
0.558476
0.771961
0.931945
1.02524
1.06875
-0.880588
-0.879953
-0.874026
-0.852918
-0.816451
-0.774645
-0.73463
-0.697934
-0.660007
-0.603638
-0.504858
-0.325183
-0.123893
0.0105574
0.145009
0.307122
0.449426
0.554551
0.622802
0.655056
-0.80525
-0.80452
-0.800598
-0.789027
-0.76904
-0.746189
-0.727249
-0.717775
-0.722409
-0.734184
-0.726696
-0.588123
-0.344225
-0.195583
-0.103864
0.0250895
0.147682
0.241223
0.293296
0.312671
-0.749476
-0.749136
-0.747586
-0.743119
-0.735496
-0.729261
-0.731917
-0.755125
-0.821066
-0.962855
-1.13226
-1.06901
-0.737649
-0.494238
-0.373797
-0.243727
-0.118692
-0.0254785
0.0289229
0.0464863
-0.705072
-0.705554
-0.70622
-0.706178
-0.707335
-0.714768
-0.737816
-0.795824
-0.934899
-1.25133
-1.7175
-1.76397
-1.30082
-0.895554
-0.695077
-0.504498
-0.343811
-0.232941
-0.17543
-0.16356
-0.651616
-0.65289
-0.655238
-0.658362
-0.6655
-0.682331
-0.720258
-0.804379
-0.999392
-1.44655
-2.15167
-2.29181
-1.7379
-1.24955
-0.969599
-0.714912
-0.530828
-0.419383
-0.371875
-0.363627
-0.577021
-0.578622
-0.581673
-0.586626
-0.596417
-0.616949
-0.659045
-0.748172
-0.95032
-1.4086
-2.09789
-2.18714
-1.71419
-1.3156
-1.01849
-0.78231
-0.641254
-0.579508
-0.558718
-0.551558
-0.481119
-0.482685
-0.485556
-0.490491
-0.499551
-0.517437
-0.552412
-0.624434
-0.784722
-1.14314
-1.64545
-1.70999
-1.41286
-1.1202
-0.863275
-0.708895
-0.646207
-0.639801
-0.637887
-0.632013
-0.373403
-0.374588
-0.376629
-0.380211
-0.386406
-0.398006
-0.419842
-0.463317
-0.556969
-0.762103
-1.04223
-1.07274
-0.899162
-0.71036
-0.57351
-0.530537
-0.543033
-0.561053
-0.567135
-0.565389
-0.267221
-0.267941
-0.268981
-0.270921
-0.273871
-0.278929
-0.28792
-0.305002
-0.340092
-0.412944
-0.512938
-0.514912
-0.408605
-0.338311
-0.326871
-0.362473
-0.395142
-0.414313
-0.421399
-0.422114
-0.173856
-0.174194
-0.17446
-0.175194
-0.175872
-0.176434
-0.176839
-0.177212
-0.178134
-0.179544
-0.168333
-0.146652
-0.107973
-0.130112
-0.177382
-0.221217
-0.250658
-0.266115
-0.272775
-0.275093
-0.0995075
-0.0996082
-0.0994715
-0.0996215
-0.0992589
-0.0977969
-0.0944226
-0.0878084
-0.0760599
-0.0564294
-0.0286802
-0.0144829
-0.0100702
-0.0423468
-0.0859258
-0.119552
-0.140834
-0.152176
-0.157499
-0.15981
-0.0452079
-0.0451982
-0.0449406
-0.0449545
-0.0444223
-0.0425792
-0.0385355
-0.0309034
-0.0178916
0.00189715
0.0238762
0.0296253
0.0199957
-0.00489835
-0.033934
-0.0562551
-0.0702742
-0.0778759
-0.0817483
-0.0835162
-0.00851988
-0.00848097
-0.00825469
-0.00834463
-0.00803027
-0.00661868
-0.00329301
0.00294882
0.0131402
0.0274813
0.040919
0.0415791
0.0303445
0.0127025
-0.00547084
-0.0195057
-0.0285596
-0.0336513
-0.0363038
-0.0374545
0.0144207
0.0144499
0.0145874
0.0143737
0.0143819
0.0151526
0.0173323
0.0216091
0.0284978
0.0375438
0.0446347
0.0427806
0.0336025
0.0215543
0.0100873
0.00117386
-0.00480731
-0.00830629
-0.010108
-0.0108862
0.0274948
0.0275038
0.0275495
0.027241
0.0269875
0.0272068
0.0283641
0.0308522
0.0349005
0.0399821
0.0431822
0.0405444
0.0337456
0.0256131
0.0181713
0.0123376
0.00826828
0.00579591
0.00453972
0.00404048
0.0338883
0.0338804
0.0338559
0.0334987
0.0330803
0.0329153
0.033334
0.0345678
0.0366702
0.0391523
0.0401171
0.0374054
0.0323883
0.0268171
0.0218361
0.0178896
0.0150462
0.0132674
0.0123793
0.0120456
0.0359283
0.0359114
0.035844
0.0354709
0.0349553
0.0345558
0.0344783
0.034856
0.0356939
0.0366071
0.0363664
0.0338695
0.0301485
0.0262558
0.022824
0.0200814
0.0180587
0.0167668
0.0161336
0.0159091
0.0351902
0.0351701
0.0350841
0.0347238
0.034185
0.0336721
0.0333141
0.0331819
0.0332502
0.0332476
0.0324255
0.0302509
0.0274468
0.0246506
0.0222185
0.0202649
0.0188003
0.017852
0.0173951
0.0172399
0.0327204
0.0327008
0.0326132
0.0322864
0.0317747
0.0312334
0.0307444
0.0303459
0.0300082
0.029535
0.0284683
0.0266028
0.0244572
0.0224057
0.0206434
0.0192249
0.0181506
0.0174495
0.0171167
0.0170083
0.0291975
0.0291803
0.029101
0.0288186
0.0283612
0.0278446
0.0273214
0.0268085
0.0262786
0.0255994
0.0245009
0.0229417
0.0212903
0.0197632
0.0184672
0.0174247
0.0166309
0.0161103
0.0158663
0.0157896
0.0250501
0.0250359
0.0249696
0.0247367
0.024347
0.02389
0.0233962
0.0228735
0.0222983
0.0215799
0.0205623
0.0192854
0.0180153
0.0168731
0.0159137
0.0151434
0.0145551
0.0141682
0.013989
0.0139347
0.0205434
0.0205321
0.0204798
0.0202959
0.0199796
0.0195978
0.0191696
0.0186975
0.0181626
0.0175049
0.0166368
0.0156276
0.0146672
0.0138214
0.0131168
0.0125513
0.0121177
0.0118323
0.0117023
0.0116641
0.0158367
0.015828
0.015789
0.0156507
0.0154071
0.015108
0.0147661
0.0143818
0.0139406
0.013403
0.0127217
0.0119671
0.0112705
0.0106654
0.0101629
0.00975815
0.00944572
0.00923995
0.00914804
0.00912187
0.0110223
0.0110158
0.0109884
0.0108909
0.0107169
0.0105034
0.0102595
0.00998443
0.00966772
0.00928477
0.00881121
0.00830191
0.00784028
0.00744192
0.00711005
0.00683953
0.00662731
0.0064867
0.00642485
0.00640747
0.00614903
0.00614378
0.00612727
0.00606795
0.00596297
0.00583961
0.00570205
0.00554816
0.00537154
0.00515927
0.00490045
0.00462617
0.00437979
0.00416743
0.0039891
0.0038405
0.00371948
0.00363749
0.00360183
0.00359101
0.00369162
0.00368933
0.00367286
0.00361979
0.00354728
0.0034679
0.00337999
0.00328057
0.0031643
0.0030216
0.00285809
0.00270101
0.00256414
0.00244821
0.00235104
0.00226894
0.00220464
0.00217144
0.00216296
0.000701787
-1.10424
-0.683627
-0.392082
-0.159648
0.0283817
0.180631
0.305287
0.412105
0.489216
0.489751
-0.477062
-0.280607
-0.106359
0.0427819
0.170409
0.278043
0.367491
0.437215
0.480632
0.497429
-0.142515
-0.0237682
0.0894151
0.19144
0.280437
0.356353
0.418687
0.466248
0.499892
0.521395
0.0757989
0.154751
0.233692
0.306439
0.37024
0.425057
0.470669
0.507148
0.535802
0.5554
0.23562
0.288989
0.349094
0.402607
0.450486
0.492349
0.528272
0.558219
0.582656
0.59922
0.36142
0.401961
0.448429
0.489944
0.528407
0.562927
0.593247
0.618975
0.64011
0.653709
0.466768
0.50147
0.539753
0.57584
0.60956
0.640432
0.667788
0.690954
0.709659
0.720655
0.563104
0.595802
0.631975
0.66698
0.699448
0.72902
0.754986
0.776633
0.793433
0.802414
0.661068
0.696655
0.734534
0.77101
0.803831
0.83288
0.857727
0.877997
0.893181
0.901426
0.77588
0.816559
0.85634
0.893879
0.926252
0.953812
0.976798
0.995368
1.00931
1.01857
0.920878
0.964059
1.00182
1.03581
1.06416
1.08824
1.10911
1.12671
1.14073
1.15198
1.09919
1.13695
1.16536
1.18986
1.21107
1.23053
1.24893
1.26619
1.28219
1.29677
1.29721
1.31834
1.33346
1.34944
1.36583
1.38122
1.39502
1.40836
1.42392
1.44233
1.48827
1.49542
1.50597
1.51758
1.52753
1.53679
1.54714
1.55832
1.56998
1.57887
1.70134
1.70312
1.69522
1.67871
1.66762
1.66714
1.67933
1.70396
1.73812
1.76267
2.12099
1.92711
1.82609
1.76834
1.73926
1.73263
1.74786
1.7887
1.86455
2.00751
-0.756097
-0.760751
-0.722617
-0.654905
-0.573897
-0.48453
0.319835
0.391452
0.392358
0.315731
0.244048
0.167178
-0.107465
-0.381353
-0.72192
-1.17066
-1.68422
)
;

boundaryField
{
    wall-4
    {
        type            zeroGradient;
    }
    pressure-outlet-7
    {
        type            fixedValue;
        value           uniform 0;
    }
    velocity-inlet-6
    {
        type            zeroGradient;
    }
    velocity-inlet-5
    {
        type            zeroGradient;
    }
    frontAndBackPlanes
    {
        type            empty;
    }
}


// ************************************************************************* //
