/*--------------------------------*- C++ -*----------------------------------*\
  =========                 |
  \\      /  F ield         | OpenFOAM: The Open Source CFD Toolbox
   \\    /   O peration     | Website:  https://openfoam.org
    \\  /    A nd           | Version:  9
     \\/     M anipulation  |
\*---------------------------------------------------------------------------*/
FoamFile
{
    format      ascii;
    class       volScalarField;
    location    "32";
    object      p;
}
// * * * * * * * * * * * * * * * * * * * * * * * * * * * * * * * * * * * * * //

dimensions      [0 2 -2 0 0 0 0];

internalField   nonuniform List<scalar> 
8800
(
1.51175
1.46396
1.42527
1.39626
1.37539
1.36054
1.34991
1.34239
1.33752
1.3354
1.33657
1.34068
1.34726
1.35653
1.36927
1.38698
1.41174
1.44567
1.48821
1.54691
1.34301
1.35069
1.35815
1.36146
1.35994
1.35485
1.34835
1.34224
1.33748
1.33456
1.3342
1.33661
1.34102
1.34691
1.35363
1.35987
1.36349
1.36274
1.35731
1.34861
1.32144
1.32759
1.33172
1.33465
1.33669
1.33727
1.33614
1.334
1.33192
1.33093
1.33179
1.33408
1.3368
1.33892
1.33948
1.33825
1.33588
1.33247
1.3279
1.32414
1.31567
1.31832
1.32106
1.32346
1.32508
1.32622
1.32693
1.327
1.32664
1.3265
1.32714
1.3282
1.32896
1.32895
1.32828
1.32714
1.32529
1.32269
1.32028
1.31877
1.31034
1.31177
1.31354
1.31557
1.31734
1.31866
1.31961
1.32036
1.3209
1.32136
1.32187
1.32225
1.32224
1.32186
1.32109
1.31978
1.31804
1.31615
1.31483
1.314
1.30534
1.30626
1.3075
1.30907
1.31069
1.31219
1.31344
1.31446
1.31533
1.3161
1.31663
1.31681
1.31663
1.31608
1.3151
1.31382
1.31243
1.31112
1.31027
1.30972
1.30053
1.3012
1.30217
1.30347
1.30487
1.30631
1.30772
1.30899
1.31009
1.31105
1.31168
1.31186
1.3116
1.31094
1.31001
1.30895
1.30785
1.30686
1.30624
1.30584
1.29588
1.29639
1.29718
1.29832
1.2996
1.30096
1.30238
1.3038
1.30512
1.30629
1.30706
1.30729
1.30704
1.30645
1.30568
1.30481
1.30391
1.30314
1.30268
1.30237
1.29132
1.29173
1.29239
1.29342
1.29463
1.29595
1.29736
1.29885
1.30035
1.30173
1.3027
1.30306
1.30294
1.30252
1.30193
1.30122
1.30049
1.29989
1.29953
1.29928
1.28678
1.28711
1.28768
1.28864
1.28981
1.29112
1.29255
1.29411
1.29576
1.2974
1.29861
1.29919
1.29929
1.29907
1.29865
1.29811
1.29752
1.29706
1.29678
1.29658
1.2822
1.28246
1.28298
1.2839
1.28507
1.28641
1.28791
1.28959
1.29142
1.29331
1.29486
1.29575
1.29611
1.2961
1.29585
1.29547
1.29501
1.29465
1.29444
1.29428
1.27752
1.27773
1.27821
1.27913
1.28032
1.28172
1.28334
1.2852
1.2873
1.28954
1.29148
1.29273
1.29338
1.29359
1.29353
1.2933
1.29298
1.29272
1.29256
1.29242
1.27268
1.27285
1.27331
1.27424
1.2755
1.27701
1.27877
1.28086
1.28329
1.28599
1.28842
1.29009
1.29107
1.29158
1.29174
1.29166
1.29146
1.29129
1.29118
1.29107
1.26763
1.26776
1.2682
1.26917
1.27052
1.27216
1.27411
1.27646
1.27926
1.2825
1.28554
1.28777
1.28921
1.29007
1.2905
1.29063
1.29056
1.29048
1.29042
1.29032
1.26229
1.26238
1.26283
1.26385
1.26533
1.26716
1.26939
1.27213
1.27547
1.2794
1.2832
1.28607
1.288
1.28923
1.28996
1.29031
1.29041
1.29042
1.29041
1.29033
1.25659
1.25665
1.25709
1.25817
1.25977
1.26181
1.26434
1.26753
1.27151
1.2763
1.28102
1.28469
1.28729
1.28903
1.29015
1.29079
1.29111
1.29124
1.29128
1.29121
1.25032
1.25037
1.25082
1.25193
1.2537
1.256
1.25894
1.26271
1.26748
1.27332
1.2792
1.28387
1.28722
1.28957
1.29119
1.29224
1.29285
1.29314
1.29322
1.29316
1.2432
1.24323
1.24372
1.24491
1.24689
1.24955
1.25302
1.25756
1.26339
1.27057
1.27783
1.28366
1.28794
1.29102
1.29323
1.29471
1.29566
1.29613
1.29625
1.29618
1.23478
1.23481
1.23536
1.23671
1.23897
1.24209
1.24625
1.25176
1.25887
1.2677
1.27669
1.28394
1.28934
1.29329
1.29619
1.29822
1.29954
1.30019
1.30035
1.30026
1.22454
1.22457
1.22522
1.22683
1.22956
1.23338
1.23852
1.24534
1.25415
1.26504
1.27609
1.28502
1.29168
1.2966
1.30027
1.30287
1.30457
1.30539
1.30559
1.30549
1.21193
1.21197
1.21278
1.21479
1.21819
1.22298
1.22943
1.23796
1.24891
1.26235
1.2759
1.28681
1.29497
1.30103
1.30555
1.30878
1.31088
1.31188
1.31211
1.31199
1.19621
1.19625
1.19731
1.19992
1.2043
1.21045
1.21869
1.22951
1.24322
1.25981
1.27633
1.28953
1.2994
1.30674
1.31224
1.31619
1.31873
1.3199
1.32017
1.32003
1.17627
1.17634
1.17778
1.18128
1.18711
1.19519
1.20593
1.2198
1.23704
1.25747
1.27746
1.29329
1.30509
1.3139
1.32051
1.32528
1.32831
1.32966
1.32996
1.32979
1.15031
1.15043
1.15251
1.15747
1.16556
1.17654
1.19082
1.20879
1.23048
1.25551
1.2795
1.29826
1.31221
1.32264
1.33054
1.33625
1.33978
1.34131
1.34162
1.34142
1.11535
1.1156
1.11895
1.12658
1.13847
1.15395
1.17332
1.19669
1.22385
1.2542
1.28263
1.3046
1.32089
1.33312
1.34242
1.34913
1.35317
1.35487
1.35518
1.35494
1.06574
1.06687
1.07354
1.08659
1.10505
1.12744
1.15379
1.18398
1.21758
1.25387
1.28705
1.31241
1.33117
1.34534
1.35611
1.36384
1.36844
1.37029
1.37056
1.37026
0.992789
1.00034
1.01569
1.03877
1.06686
1.09839
1.13328
1.17132
1.21209
1.25489
1.2933
1.32245
1.34407
1.36051
1.3731
1.38215
1.38754
1.38974
1.39009
1.38987
0.914883
0.932285
0.957025
0.990497
1.02854
1.06932
1.11282
1.15893
1.20735
1.2575
1.30228
1.33635
1.3618
1.38124
1.39625
1.4073
1.41387
1.41643
1.41701
1.41697
0.850815
0.871079
0.903652
0.94567
0.992271
1.04167
1.09344
1.14744
1.20333
1.26059
1.3114
1.34997
1.37877
1.40079
1.41768
1.42993
1.43745
1.44079
1.44128
1.44132
0.798698
0.820749
0.858487
0.906534
0.959845
1.01635
1.07536
1.13655
1.19945
1.26341
1.3198
1.36237
1.39398
1.41797
1.43634
1.44983
1.45853
1.46188
1.4625
1.46261
0.755531
0.778667
0.819876
0.872667
0.931298
0.99362
1.05881
1.12635
1.19559
1.2657
1.32714
1.37321
1.40719
1.43286
1.45249
1.46688
1.4761
1.47991
1.48074
1.48089
0.718679
0.742454
0.786379
0.842828
0.905851
0.973086
1.04361
1.11675
1.1917
1.2674
1.33342
1.38257
1.41855
1.44554
1.46604
1.48103
1.49064
1.49487
1.49594
1.4961
0.686156
0.710371
0.756373
0.815903
0.882635
0.954117
1.02933
1.1075
1.18763
1.26848
1.3387
1.39062
1.42832
1.45637
1.47751
1.49293
1.50282
1.50734
1.50851
1.50866
0.656518
0.681138
0.728861
0.791006
0.860957
0.936162
1.01557
1.09828
1.1832
1.26886
1.34304
1.39756
1.43682
1.46576
1.48735
1.50306
1.513
1.51767
1.51889
1.519
0.628888
0.653874
0.703163
0.767539
0.840317
0.918817
1.00198
1.08885
1.17822
1.26846
1.3465
1.40356
1.44433
1.47411
1.49613
1.51197
1.52198
1.52674
1.52803
1.5281
0.602546
0.627956
0.678659
0.74503
0.820344
0.901789
0.98834
1.07902
1.17256
1.26721
1.34908
1.40874
1.45109
1.48177
1.50425
1.52029
1.53033
1.535
1.53635
1.53646
0.577224
0.60307
0.654848
0.723195
0.800777
0.884877
0.974497
1.06867
1.16613
1.26505
1.35079
1.41319
1.45728
1.48899
1.51202
1.5283
1.53839
1.543
1.54426
1.54432
0.552561
0.57897
0.631795
0.701848
0.78146
0.867947
0.960353
1.05774
1.15886
1.26193
1.35161
1.41697
1.46302
1.49593
1.51964
1.53623
1.54639
1.55093
1.55204
1.55203
0.528477
0.555339
0.6093
0.680873
0.762314
0.850947
0.945864
1.04618
1.15072
1.2578
1.35152
1.42008
1.46834
1.50265
1.52717
1.54413
1.55433
1.55875
1.55974
1.55963
0.504895
0.53231
0.587245
0.660217
0.743311
0.833862
0.931031
1.034
1.14171
1.25264
1.35044
1.42244
1.47323
1.5092
1.53466
1.55203
1.56221
1.56642
1.56725
1.56706
0.481728
0.509745
0.565619
0.639877
0.724447
0.816712
0.915887
1.02124
1.13184
1.2464
1.34826
1.42396
1.47766
1.51559
1.54215
1.55992
1.56999
1.5739
1.57453
1.57429
0.45899
0.487668
0.544459
0.619884
0.705774
0.799545
0.900493
1.00795
1.12114
1.23905
1.34492
1.42452
1.4815
1.52182
1.54972
1.56784
1.57759
1.58107
1.58149
1.5812
0.436851
0.466145
0.523806
0.600279
0.687342
0.782437
0.884917
0.994214
1.10968
1.23065
1.34034
1.42396
1.48461
1.52786
1.55751
1.57595
1.58505
1.58782
1.58799
1.58767
0.415344
0.445223
0.503694
0.581122
0.669214
0.765454
0.869259
0.98012
1.09756
1.22122
1.33448
1.42212
1.48675
1.53356
1.56569
1.58469
1.59265
1.59415
1.59391
1.59362
0.394412
0.424946
0.484163
0.562455
0.651461
0.748685
0.853611
0.96578
1.08489
1.21086
1.3273
1.41886
1.48765
1.53861
1.57426
1.59476
1.60137
1.60053
1.59925
1.59916
0.37423
0.405339
0.465276
0.544348
0.634145
0.732215
0.838071
0.95131
1.07177
1.19965
1.31884
1.41404
1.48699
1.54244
1.58278
1.6067
1.61332
1.60949
1.60542
1.60444
0.35471
0.386414
0.447015
0.526776
0.617235
0.715996
0.82258
0.936647
1.05814
1.18755
1.30895
1.40741
1.48444
1.5443
1.59011
1.61992
1.63027
1.62696
1.61653
1.5996
0.335927
0.368178
0.429259
0.509547
0.600437
0.699691
0.806718
0.921298
1.04345
1.17388
1.29695
1.39811
1.47931
1.54301
1.59361
1.63054
1.64561
1.63624
1.61922
1.60181
0.318054
0.350497
0.412193
0.492903
0.584052
0.683649
0.790713
0.905597
1.02803
1.15893
1.283
1.38581
1.4711
1.5376
1.58816
1.6252
1.64343
1.62508
1.55455
1.52123
0.301743
0.332202
0.396149
0.477438
0.568795
0.668364
0.77486
0.889769
1.01209
1.14285
1.26711
1.37033
1.45871
1.52811
1.56969
1.59851
1.60046
1.55042
1.47877
1.43409
0.245675
0.316162
0.381414
0.462003
0.553215
0.65243
0.759099
0.873546
0.995282
1.12523
1.24873
1.35129
1.43884
1.51556
1.51979
1.53459
1.49892
1.43396
1.35672
1.31322
0.284321
0.300305
0.359941
0.440135
0.530582
0.629508
0.735152
0.84873
0.969155
1.09716
1.21788
1.31776
1.39671
1.47362
1.47066
1.36549
1.26195
1.19011
1.11632
1.15134
0.253123
0.282401
0.342883
0.422517
0.512987
0.611565
0.717359
0.830186
0.949378
1.07533
1.19286
1.28855
1.35986
1.40046
1.3561
1.21196
1.08349
0.991886
0.891169
0.945915
0.22906
0.261312
0.322996
0.402928
0.493464
0.591883
0.697499
0.809381
0.927027
1.0504
1.16402
1.25405
1.31564
1.32499
1.22172
1.04616
0.889622
0.767763
0.633451
0.67006
0.205554
0.239348
0.302214
0.382986
0.473694
0.571965
0.677015
0.787836
0.903762
1.02423
1.13318
1.21693
1.26361
1.24053
1.08336
0.881367
0.684141
0.505782
0.307167
0.297569
0.18276
0.216912
0.280655
0.362158
0.453073
0.551146
0.655521
0.765177
0.879154
0.996393
1.10014
1.17679
1.20625
1.1484
0.951874
0.733365
0.505488
0.302998
0.044955
-0.277625
0.159706
0.193817
0.258056
0.340051
0.431184
0.529113
0.632888
0.741363
0.853312
0.967128
1.06553
1.13393
1.14597
1.0373
0.837757
0.619459
0.403335
0.220149
0.150309
0.0538028
0.135525
0.169618
0.234097
0.316332
0.407553
0.505252
0.608338
0.715469
0.825094
0.935013
1.02766
1.08637
1.07365
0.928624
0.736994
0.538483
0.367694
0.26917
0.245067
0.227256
0.109897
0.143993
0.208621
0.290931
0.382066
0.479377
0.581545
0.687039
0.793934
0.899346
0.985774
1.03243
0.999541
0.828164
0.64597
0.47352
0.340438
0.299195
0.284317
0.28247
0.0826132
0.116796
0.181578
0.263876
0.354798
0.45151
0.552522
0.656055
0.759789
0.860128
0.939603
0.973159
0.922957
0.734156
0.561742
0.407459
0.320396
0.305537
0.303792
0.303799
0.0536552
0.0880383
0.152964
0.235202
0.325766
0.421699
0.521307
0.622545
0.722693
0.817449
0.889019
0.911088
0.828103
0.647938
0.483237
0.354923
0.31777
0.314315
0.314198
0.314852
0.0233341
0.0579241
0.122921
0.20503
0.295099
0.390047
0.487985
0.586593
0.68271
0.771418
0.834634
0.84115
0.732986
0.567222
0.419
0.333681
0.324122
0.322295
0.321486
0.321861
-0.00777281
0.0268812
0.0917369
0.173617
0.263031
0.35677
0.452772
0.548404
0.640078
0.722271
0.777449
0.766005
0.646736
0.495766
0.365513
0.345381
0.328421
0.325909
0.3268
0.327368
-0.0392005
-0.00461035
0.0599451
0.141388
0.229957
0.322256
0.416034
0.508357
0.595198
0.670581
0.717301
0.690809
0.561816
0.43371
0.329373
0.291473
0.314715
0.327709
0.331206
0.332114
-0.0701179
-0.0357866
0.0283159
0.108998
0.196468
0.287069
0.37833
0.467046
0.54869
0.617131
0.654315
0.616141
0.474761
0.387349
0.316871
0.319787
0.319138
0.321661
0.32555
0.327844
-0.0989692
-0.065498
-0.00226963
0.0773459
0.163404
0.25201
0.340469
0.425321
0.5015
0.562539
0.592611
0.536432
0.381762
0.320541
0.361379
0.306184
0.285952
0.280309
0.281672
0.284369
-0.124411
-0.0919376
-0.0306868
0.047592
0.131847
0.218137
0.30352
0.384306
0.455003
0.507974
0.534774
0.448745
0.270868
0.184521
0.253533
0.218511
0.199672
0.190425
0.188495
0.190076
-0.144487
-0.113841
-0.0548985
0.021144
0.103113
0.186722
0.268831
0.345455
0.410854
0.455558
0.478154
0.363761
0.138963
-0.147175
-0.199748
-0.0620408
0.00678437
0.0268971
0.0386609
0.0475774
-0.157302
-0.129248
-0.0734065
-0.000278869
0.0787661
0.159293
0.23796
0.310569
0.371036
0.408558
0.423267
0.294912
0.0736164
-0.313324
-0.523923
-0.215001
-0.10842
-0.0854699
-0.076337
-0.072491
-0.160536
-0.136268
-0.0845041
-0.015042
0.0605262
0.137518
0.212699
0.281714
0.337888
0.370113
0.37239
0.282753
0.237165
0.366854
0.365893
0.155311
-0.0623017
-0.0629472
-0.0578465
-0.056593
-0.152781
-0.132864
-0.0863225
-0.0216899
0.0497926
0.123005
0.194879
0.261138
0.314392
0.343701
0.340653
0.297759
0.383072
0.753129
0.905474
0.419052
0.0511075
0.0192743
0.0205034
0.00183957
-0.132189
-0.116493
-0.0774926
-0.0192081
0.0475148
0.116943
0.186049
0.250798
0.30396
0.332854
0.320366
0.190246
-0.144788
-0.778022
-1.40255
-1.79637
-1.58203
-1.16536
-0.760487
-0.663276
-0.100187
-0.0894537
-0.0583846
-0.00778189
0.0538185
0.119668
0.187062
0.252107
0.309218
0.344668
0.334558
0.0993668
-0.577089
-1.49955
-2.12693
-2.40155
-2.27729
-1.94876
-1.59756
-1.36662
-0.0612219
-0.0548801
-0.0324259
0.0105328
0.0670953
0.130343
0.197496
0.265962
0.33076
0.387244
0.406183
0.315795
0.0130311
-0.290926
-0.489753
-0.393126
-0.122671
0.169004
0.393883
0.508259
-0.0214775
-0.0179676
-0.00429292
0.03145
0.0843498
0.14645
0.215271
0.289693
0.367856
0.451476
0.539908
0.668678
0.869549
1.25366
1.73851
2.22684
2.61443
2.85133
2.96364
2.99678
0.0128463
0.0148804
0.0223762
0.0508106
0.10083
0.164191
0.23618
0.317229
0.409844
0.516491
0.652538
0.80493
1.12166
1.68987
2.3434
2.92538
3.35129
3.59702
3.70379
3.73234
0.0456684
0.0462318
0.0487114
0.068407
0.114849
0.179592
0.255142
0.340634
0.437188
0.549912
0.67138
0.807646
1.00047
1.47839
2.02655
2.50175
2.84862
3.04886
3.14025
3.1666
0.0745699
0.0754518
0.0761162
0.0874622
0.128335
0.193719
0.271355
0.357819
0.451711
0.558938
0.669366
0.782187
0.905731
1.21281
1.63386
1.98595
2.24951
2.40136
2.46989
2.48852
0.0933419
0.0945043
0.0942457
0.101723
0.141649
0.209406
0.28869
0.373473
0.463452
0.56271
0.657598
0.743812
0.822005
1.01568
1.30302
1.54976
1.73126
1.83556
1.88116
1.89255
0.106385
0.104455
0.101347
0.110361
0.157414
0.231199
0.31193
0.392668
0.47536
0.562683
0.641351
0.70311
0.760606
0.88268
1.07427
1.23699
1.35313
1.41934
1.4477
1.45387
0.15305
0.148172
0.143185
0.155166
0.202473
0.273361
0.346914
0.418278
0.489742
0.56309
0.627972
0.674493
0.714806
0.794154
0.922271
1.0258
1.09709
1.13595
1.15182
1.15362
0.267122
0.262491
0.258795
0.267665
0.29999
0.347282
0.399152
0.452584
0.508239
0.567047
0.618963
0.654478
0.682828
0.735666
0.817897
0.884896
0.928093
0.951387
0.960479
0.960749
0.4109
0.408786
0.406091
0.407108
0.417062
0.43502
0.460456
0.491937
0.529707
0.573725
0.614549
0.645552
0.669257
0.705573
0.755994
0.797514
0.824396
0.838586
0.843982
0.843566
0.524512
0.523795
0.521202
0.515683
0.509843
0.508575
0.514503
0.528465
0.551042
0.58197
0.614841
0.644319
0.669763
0.697429
0.727156
0.749909
0.765512
0.774359
0.777589
0.776657
0.588325
0.587912
0.585223
0.577912
0.566991
0.557639
0.553682
0.55702
0.568554
0.588693
0.615196
0.642736
0.669188
0.690634
0.707631
0.721389
0.731364
0.737302
0.739492
0.738309
0.615093
0.614658
0.612296
0.605999
0.595954
0.585763
0.578508
0.576388
0.580784
0.592821
0.612275
0.636896
0.662545
0.67696
0.686009
0.69578
0.705314
0.711972
0.714535
0.713094
0.62251
0.622029
0.62013
0.615576
0.608161
0.59975
0.592464
0.588096
0.587698
0.592403
0.603062
0.621277
0.642544
0.650946
0.654231
0.665619
0.678364
0.687753
0.691341
0.689518
0.622347
0.621873
0.620381
0.617169
0.612114
0.605868
0.599538
0.594278
0.590615
0.588713
0.588593
0.59158
0.597668
0.599343
0.607914
0.625242
0.642032
0.653574
0.658058
0.656543
0.62038
0.619957
0.618781
0.616342
0.612732
0.608161
0.602957
0.597532
0.591671
0.583496
0.570249
0.552062
0.531669
0.530581
0.551133
0.577692
0.59927
0.612068
0.616477
0.615023
0.618535
0.618223
0.617377
0.61547
0.61266
0.609169
0.605015
0.600036
0.593211
0.580551
0.553959
0.513743
0.470411
0.47041
0.504961
0.538105
0.55908
0.569426
0.572046
0.571086
0.616424
0.616274
0.615842
0.614633
0.61239
0.609805
0.606834
0.603397
0.598257
0.586253
0.558893
0.506778
0.452657
0.462102
0.499071
0.525437
0.538049
0.542027
0.543992
0.544577
0.612531
0.612535
0.612484
0.611985
0.610865
0.609497
0.60797
0.607876
0.605979
0.600001
0.581125
0.540496
0.503911
0.517597
0.540107
0.551487
0.555708
0.557522
0.558339
0.557937
0.605339
0.605529
0.605894
0.6062
0.606431
0.607062
0.608651
0.611705
0.616438
0.620033
0.616924
0.601398
0.590865
0.596759
0.59828
0.595418
0.593239
0.592632
0.591743
0.590691
0.593214
0.59359
0.594348
0.595499
0.597379
0.600353
0.605373
0.613588
0.62571
0.640768
0.654714
0.663139
0.673672
0.671555
0.65359
0.635765
0.627418
0.623273
0.621714
0.621246
0.573722
0.574403
0.575839
0.578117
0.581542
0.5871
0.595944
0.609807
0.628668
0.654116
0.68055
0.703382
0.726585
0.709978
0.68438
0.668652
0.658482
0.653727
0.64958
0.648459
0.543164
0.544244
0.546425
0.549985
0.555471
0.563773
0.576209
0.594607
0.618723
0.650668
0.682559
0.70518
0.721556
0.70377
0.687686
0.677542
0.675938
0.668384
0.662617
0.662712
0.497624
0.499112
0.50214
0.507218
0.514871
0.525661
0.540392
0.56016
0.585206
0.616643
0.64824
0.667236
0.67167
0.652473
0.658384
0.676052
0.685967
0.682075
0.675335
0.675096
0.433339
0.435171
0.439048
0.445725
0.455333
0.467547
0.481796
0.497325
0.513526
0.534586
0.569632
0.585978
0.571592
0.563804
0.604718
0.650926
0.671897
0.66877
0.664135
0.662781
0.348709
0.350602
0.355132
0.363202
0.373952
0.385394
0.394064
0.39407
0.381622
0.387454
0.438885
0.46736
0.441963
0.456509
0.519587
0.580102
0.60971
0.598549
0.592651
0.590811
0.246847
0.248292
0.253057
0.261625
0.271854
0.279413
0.274713
0.242728
0.185544
0.178665
0.273297
0.326672
0.29742
0.332837
0.408961
0.462583
0.466536
0.458947
0.452811
0.450563
0.136465
0.137425
0.140838
0.149023
0.156938
0.159446
0.138358
0.0673184
-0.0199718
-0.0102974
0.0954848
0.158505
0.149017
0.184685
0.249965
0.25909
0.253906
0.253745
0.253843
0.253457
0.0320614
0.0315786
0.0318971
0.0338737
0.0362687
0.0380966
0.0308746
0.00220648
-0.0456032
-0.0641857
-0.0187766
0.0326686
0.0438912
0.0355888
0.00678738
0.00150858
0.0434549
0.0481132
0.0490767
0.0494255
0.549036
0.729696
0.9406
1.12123
1.26667
1.3826
1.47927
1.56087
1.59731
1.57432
0.878008
1.00733
1.14557
1.26525
1.36656
1.45083
1.51905
1.56739
1.59186
1.60371
1.11207
1.20031
1.29436
1.37774
1.44959
1.50973
1.55749
1.59234
1.61734
1.63508
1.28209
1.34418
1.41006
1.47032
1.52278
1.56728
1.60373
1.63271
1.65628
1.67442
1.41349
1.45901
1.50693
1.55277
1.59326
1.62853
1.65863
1.68358
1.70446
1.7222
1.52133
1.55554
1.59506
1.63196
1.66574
1.69592
1.72223
1.74427
1.76245
1.77976
1.61606
1.64556
1.68053
1.71349
1.74416
1.77194
1.79617
1.81625
1.83198
1.84905
1.70606
1.73578
1.7704
1.80295
1.83301
1.85999
1.88317
1.9019
1.91543
1.93247
1.80228
1.83572
1.87276
1.90669
1.93703
1.96347
1.98563
2.00306
2.01505
2.03246
1.91792
1.95573
1.99465
2.02916
2.05869
2.08359
2.10409
2.12007
2.13162
2.1497
2.0633
2.10197
2.13808
2.16887
2.19466
2.21684
2.23597
2.25156
2.26403
2.28204
2.23828
2.27019
2.29643
2.31889
2.33892
2.35769
2.37545
2.39196
2.40734
2.42542
2.42701
2.44431
2.45945
2.47573
2.49166
2.50623
2.51946
2.53341
2.55097
2.57113
2.60898
2.61843
2.63
2.64083
2.65013
2.65975
2.67056
2.68195
2.69333
2.70869
2.81612
2.81982
2.80489
2.79009
2.78384
2.78954
2.80803
2.83835
2.87054
2.8972
3.12247
2.9876
2.91098
2.86865
2.85125
2.85521
2.88263
2.93904
3.04167
3.26604
1.40235
1.40022
1.39573
1.3871
1.37486
1.36272
1.35247
1.34455
1.33888
1.33556
1.33511
1.33775
1.34277
1.34993
1.35927
1.37077
1.3834
1.39442
1.40052
1.40357
1.32681
1.33266
1.33899
1.34348
1.34594
1.3456
1.34284
1.339
1.33544
1.3331
1.33286
1.33495
1.33852
1.34274
1.3465
1.34834
1.34738
1.34387
1.33869
1.33206
1.31843
1.32072
1.32412
1.32711
1.32917
1.33065
1.33138
1.33103
1.32995
1.32898
1.32905
1.33036
1.33208
1.3333
1.33342
1.33248
1.3309
1.32853
1.32525
1.32232
1.31296
1.31404
1.31587
1.31825
1.32026
1.32167
1.32266
1.32337
1.32371
1.32384
1.32421
1.32488
1.32537
1.32534
1.32485
1.32394
1.32242
1.3203
1.31818
1.31679
1.30782
1.30848
1.30958
1.31128
1.31306
1.31467
1.31594
1.31691
1.31772
1.31841
1.31899
1.31938
1.31944
1.31915
1.31849
1.31735
1.31586
1.31426
1.31291
1.31212
1.30292
1.30338
1.30416
1.30546
1.30694
1.30845
1.30989
1.31114
1.31219
1.31313
1.31387
1.31425
1.31422
1.31379
1.31297
1.31187
1.31066
1.30945
1.30849
1.30797
1.29819
1.29853
1.29915
1.30022
1.30152
1.30288
1.3043
1.3057
1.307
1.30814
1.30904
1.3095
1.30945
1.30898
1.30821
1.30729
1.30632
1.30535
1.30463
1.30424
1.29359
1.29386
1.29435
1.29527
1.29645
1.29775
1.29912
1.30056
1.30201
1.30337
1.30448
1.30505
1.30507
1.3047
1.30409
1.30335
1.30254
1.30178
1.30122
1.30093
1.28905
1.28926
1.28967
1.29049
1.2916
1.29285
1.29421
1.29569
1.29725
1.29882
1.30016
1.30092
1.30112
1.30093
1.3005
1.29992
1.29928
1.29867
1.29824
1.29801
1.2845
1.28466
1.28502
1.28577
1.28684
1.28808
1.28946
1.291
1.29268
1.29444
1.29605
1.29711
1.29758
1.29762
1.29737
1.29697
1.29647
1.296
1.29567
1.29548
1.27988
1.28001
1.28032
1.28103
1.2821
1.28336
1.28482
1.28648
1.28835
1.29038
1.29234
1.29375
1.2945
1.29478
1.29473
1.29449
1.29414
1.29378
1.29353
1.29339
1.27512
1.27522
1.2755
1.2762
1.27729
1.27863
1.28019
1.28201
1.28412
1.28649
1.28887
1.29073
1.29183
1.29239
1.29257
1.2925
1.29229
1.29204
1.29187
1.29176
1.27018
1.27025
1.2705
1.27121
1.27236
1.2738
1.27549
1.27751
1.27993
1.28273
1.28566
1.28802
1.28955
1.29047
1.29093
1.29108
1.29101
1.29087
1.29076
1.29069
1.265
1.26504
1.26528
1.266
1.26722
1.26878
1.27066
1.27296
1.27574
1.27904
1.28263
1.28568
1.28778
1.28912
1.28989
1.29029
1.2904
1.29039
1.29035
1.2903
1.25949
1.2595
1.25973
1.26048
1.2618
1.26353
1.26566
1.26832
1.27163
1.27565
1.28007
1.28389
1.28658
1.28841
1.28957
1.29021
1.29057
1.2907
1.29074
1.29072
1.25355
1.25355
1.25376
1.25452
1.25592
1.25782
1.26023
1.2633
1.26717
1.27198
1.27741
1.28225
1.28579
1.28827
1.28993
1.291
1.29167
1.292
1.29213
1.29212
1.24689
1.24685
1.24709
1.24789
1.24942
1.25156
1.25437
1.25802
1.26271
1.2686
1.2753
1.28131
1.28577
1.28896
1.29121
1.29279
1.29381
1.29438
1.29461
1.29461
1.23918
1.23914
1.2394
1.24028
1.24197
1.24442
1.24771
1.25207
1.25775
1.26494
1.27321
1.28069
1.28631
1.29043
1.29341
1.29553
1.297
1.29784
1.29816
1.29818
1.2299
1.22984
1.23016
1.23119
1.23316
1.23606
1.24004
1.24538
1.25237
1.26124
1.27142
1.28065
1.28762
1.29277
1.29656
1.29934
1.30127
1.30239
1.30281
1.30283
1.21853
1.21845
1.21885
1.22012
1.22252
1.22612
1.23107
1.23771
1.2464
1.25738
1.26991
1.28123
1.28978
1.29614
1.30085
1.30434
1.30676
1.30816
1.30867
1.30869
1.20443
1.20433
1.20487
1.2065
1.20954
1.21411
1.22038
1.22877
1.23966
1.25328
1.26867
1.28247
1.29287
1.30061
1.30638
1.31064
1.31363
1.31532
1.31592
1.31594
1.18671
1.18659
1.18735
1.18952
1.19348
1.19943
1.20756
1.21832
1.23212
1.24906
1.26788
1.28456
1.29707
1.30639
1.31336
1.31852
1.32214
1.32414
1.32482
1.32485
1.16393
1.16381
1.16493
1.16795
1.17331
1.18129
1.19209
1.20613
1.2237
1.24476
1.26765
1.28762
1.30251
1.3136
1.32193
1.32812
1.33244
1.33476
1.33554
1.33555
1.13376
1.13367
1.13544
1.1399
1.1476
1.15883
1.17358
1.19213
1.21457
1.24063
1.2682
1.29186
1.30936
1.3224
1.33225
1.33962
1.34466
1.3473
1.34816
1.34815
1.09216
1.09225
1.09544
1.10284
1.11481
1.13134
1.15195
1.17659
1.20511
1.237
1.26978
1.2974
1.31772
1.33287
1.34437
1.35299
1.35877
1.36172
1.36263
1.36259
1.03165
1.03291
1.04065
1.0545
1.07418
1.09907
1.12785
1.16023
1.19591
1.2343
1.27264
1.30439
1.32761
1.34496
1.35814
1.36796
1.37454
1.3778
1.37866
1.37858
0.959817
0.961827
0.976409
1.00021
1.03064
1.06523
1.10293
1.14361
1.18702
1.23269
1.27762
1.31469
1.34193
1.36244
1.37806
1.38964
1.3974
1.40125
1.40231
1.40229
0.886138
0.892764
0.914278
0.947996
0.988323
1.03229
1.07884
1.1278
1.17903
1.2321
1.28384
1.32644
1.35778
1.3815
1.39972
1.41343
1.42252
1.42624
1.42737
1.4276
0.826901
0.83545
0.861691
0.90216
0.950019
1.00181
1.0562
1.11288
1.17154
1.23171
1.28991
1.33757
1.37253
1.39889
1.41902
1.43408
1.44387
1.44865
1.45055
1.45089
0.778873
0.787988
0.817658
0.862968
0.916573
0.974584
1.03554
1.09897
1.16437
1.23112
1.2953
1.34751
1.38556
1.41407
1.43579
1.45208
1.46323
1.46871
1.47089
1.47127
0.738683
0.748026
0.780007
0.829041
0.887226
0.950327
1.01682
1.08612
1.15752
1.23024
1.29985
1.35613
1.39684
1.42716
1.45014
1.46741
1.47917
1.48531
1.48775
1.48818
0.703772
0.713213
0.746911
0.798974
0.860924
0.928331
0.999615
1.07407
1.15087
1.229
1.30358
1.36352
1.40655
1.43834
1.46227
1.48019
1.49247
1.49909
1.50169
1.50214
0.672533
0.68202
0.717051
0.771641
0.836772
0.90789
0.983393
1.06246
1.14416
1.22729
1.30649
1.36982
1.41494
1.44798
1.47265
1.491
1.50359
1.51052
1.51318
1.51364
0.643764
0.653312
0.689472
0.746241
0.814109
0.888483
0.967726
1.05096
1.13715
1.22497
1.30857
1.37515
1.42225
1.45644
1.48174
1.50037
1.51309
1.52016
1.52278
1.52329
0.616689
0.626296
0.663459
0.722134
0.792466
0.869726
0.952307
1.03932
1.12967
1.22192
1.30979
1.3796
1.4287
1.46405
1.48996
1.5089
1.52175
1.52887
1.53152
1.53185
0.590799
0.600513
0.638619
0.698903
0.771486
0.851335
0.936926
1.02738
1.12158
1.21804
1.31011
1.38322
1.43443
1.47106
1.49768
1.51696
1.52994
1.53703
1.53965
1.53996
0.5657
0.575605
0.614542
0.676384
0.750946
0.833122
0.921433
1.01502
1.11279
1.21326
1.3095
1.38606
1.43958
1.47764
1.5051
1.52482
1.53797
1.54505
1.54758
1.54789
0.541208
0.551353
0.591063
0.654405
0.730726
0.814987
0.905752
1.00219
1.10327
1.20754
1.30792
1.3881
1.44418
1.4839
1.51235
1.53261
1.54597
1.55302
1.55541
1.55567
0.517269
0.527642
0.568167
0.632826
0.710756
0.796896
0.889859
0.988877
1.09298
1.20085
1.30533
1.38932
1.44822
1.48986
1.51949
1.54037
1.55394
1.56089
1.56311
1.56329
0.49378
0.504473
0.545727
0.61163
0.691016
0.778834
0.873759
0.975092
1.08195
1.19318
1.30166
1.38959
1.45165
1.49554
1.52655
1.54813
1.56187
1.56866
1.57065
1.57071
0.470794
0.48178
0.523793
0.590823
0.671525
0.760838
0.857506
0.960888
1.07022
1.18452
1.29683
1.38881
1.45436
1.5009
1.53358
1.55592
1.56971
1.57619
1.57788
1.57785
0.448287
0.459589
0.502386
0.570447
0.652327
0.742959
0.841156
0.946338
1.05784
1.17491
1.29083
1.38689
1.45621
1.50585
1.54063
1.56387
1.57752
1.58342
1.58472
1.5846
0.426452
0.437996
0.481542
0.550549
0.633484
0.725277
0.824784
0.931524
1.04491
1.16442
1.28365
1.38371
1.457
1.51023
1.54775
1.57224
1.5855
1.59036
1.59105
1.59082
0.405159
0.417051
0.461301
0.531166
0.615037
0.707842
0.808491
0.916536
1.03153
1.15316
1.27531
1.37915
1.45653
1.51379
1.55484
1.5814
1.59432
1.59736
1.59685
1.59644
0.384577
0.396786
0.441698
0.512356
0.597073
0.690744
0.792362
0.901502
1.01781
1.14119
1.26586
1.37317
1.45457
1.51613
1.56154
1.59157
1.60519
1.60598
1.60275
1.6012
0.364656
0.377161
0.422791
0.494177
0.579635
0.674054
0.776483
0.886506
1.00388
1.12866
1.25541
1.36569
1.45096
1.51676
1.56701
1.60218
1.61915
1.61974
1.61249
1.60244
0.345477
0.358223
0.40448
0.476476
0.562513
0.657485
0.760511
0.87113
0.989257
1.11505
1.24337
1.35608
1.4451
1.51506
1.57001
1.61163
1.63527
1.6394
1.63045
1.62133
0.327099
0.34006
0.386764
0.459299
0.545722
0.641036
0.744468
0.855362
0.973912
1.10025
1.2296
1.34403
1.43631
1.5103
1.56802
1.61425
1.64111
1.65037
1.61418
1.56022
0.309788
0.323447
0.369748
0.442706
0.529151
0.624575
0.728311
0.839323
0.957913
1.08433
1.21406
1.32941
1.42366
1.50224
1.55914
1.5987
1.62668
1.61691
1.5596
1.4938
0.293236
0.307734
0.353622
0.427315
0.513132
0.60858
0.711821
0.823077
0.941409
1.06749
1.19679
1.31212
1.40611
1.49203
1.54225
1.59531
1.56866
1.52881
1.45895
1.38944
0.307223
0.325289
0.373943
0.4518
0.542496
0.641723
0.750278
0.864446
0.985781
1.11517
1.23802
1.34009
1.4257
1.5169
1.5673
1.48702
1.44296
1.38086
1.30738
1.25848
0.282788
0.299195
0.334841
0.402955
0.488318
0.58323
0.68658
0.797153
0.914592
1.03926
1.16642
1.27962
1.37003
1.44989
1.52142
1.52359
1.40313
1.31953
1.25663
1.17222
0.262648
0.278343
0.319724
0.389263
0.474881
0.569385
0.671533
0.781149
0.897524
1.02064
1.14585
1.25658
1.34389
1.41096
1.43829
1.36864
1.22739
1.13036
1.05423
0.963837
0.242088
0.25464
0.300506
0.371342
0.457155
0.551828
0.653898
0.763125
0.878503
0.999966
1.12216
1.22821
1.30833
1.35975
1.33813
1.20929
1.05457
0.934427
0.834544
0.694529
0.218313
0.231412
0.279321
0.351298
0.437448
0.532141
0.634066
0.742637
0.856816
0.976264
1.09494
1.19561
1.26785
1.29945
1.24164
1.05668
0.870367
0.71177
0.565146
0.36439
0.195616
0.208335
0.257483
0.330634
0.417296
0.511945
0.613474
0.721142
0.833874
0.950948
1.06573
1.1605
1.2242
1.22634
1.11698
0.912502
0.692778
0.482744
0.295878
-0.121132
0.17293
0.185241
0.234884
0.308908
0.395986
0.490659
0.591784
0.698535
0.80971
0.924177
1.03475
1.12299
1.17624
1.14413
0.992896
0.785003
0.558033
0.335123
0.14433
-0.165414
0.14936
0.161513
0.211313
0.285874
0.373245
0.46795
0.568708
0.674565
0.784127
0.895819
1.00194
1.08318
1.12298
1.07242
0.881084
0.681652
0.474902
0.299195
0.224638
0.188527
0.124443
0.136427
0.186401
0.26124
0.3487
0.443277
0.543512
0.648247
0.755866
0.864302
0.965328
1.03896
1.06454
0.983752
0.781566
0.594886
0.42472
0.311943
0.274562
0.262991
0.0979891
0.10991
0.159994
0.234999
0.322423
0.416703
0.516204
0.619557
0.724861
0.829534
0.924783
0.990617
0.994063
0.878898
0.69148
0.518375
0.373608
0.313765
0.299832
0.294774
0.0699208
0.0816435
0.132035
0.207158
0.294446
0.388254
0.48681
0.58849
0.691105
0.79156
0.880343
0.938001
0.914994
0.779731
0.605896
0.443819
0.338663
0.301957
0.308379
0.308912
0.0402882
0.051965
0.102561
0.177784
0.264838
0.358013
0.455389
0.555108
0.654655
0.750404
0.832262
0.879479
0.840729
0.686229
0.527453
0.383436
0.336926
0.322863
0.318618
0.318362
0.00947943
0.021176
0.0717987
0.147078
0.233769
0.326134
0.422089
0.519549
0.615636
0.706216
0.780826
0.816473
0.771729
0.604382
0.457322
0.353598
0.304974
0.319712
0.323445
0.324082
-0.022022
-0.0103855
0.0402249
0.115378
0.201571
0.292919
0.387209
0.482101
0.574349
0.659361
0.726365
0.75287
0.687879
0.530036
0.398727
0.325066
0.323299
0.325333
0.327811
0.329017
-0.053368
-0.042012
0.00860286
0.0832181
0.168746
0.258851
0.3512
0.443221
0.531287
0.61037
0.669572
0.685337
0.594433
0.462287
0.354463
0.333648
0.32176
0.324362
0.330697
0.332909
-0.0836083
-0.0726249
-0.0224719
0.0515655
0.136021
0.22462
0.314747
0.403605
0.487221
0.55993
0.61181
0.610275
0.50176
0.387848
0.346674
0.297963
0.30465
0.306341
0.307764
0.310724
-0.111259
-0.10075
-0.0516093
0.0213231
0.104403
0.191162
0.278765
0.364203
0.44319
0.509197
0.553935
0.538962
0.405558
0.285317
0.29156
0.296812
0.264251
0.245814
0.240066
0.241833
-0.134807
-0.124995
-0.0772375
-0.00605803
0.0751121
0.159671
0.244444
0.326263
0.400544
0.460026
0.496508
0.47277
0.305464
0.112473
0.0531509
0.103007
0.112046
0.118625
0.119798
0.122912
-0.152196
-0.143232
-0.0976542
-0.0288562
0.0496725
0.131516
0.213218
0.291327
0.361001
0.414516
0.440568
0.412016
0.210805
-0.0898007
-0.488452
-0.339399
-0.126369
-0.0748469
-0.0534733
-0.033618
-0.161639
-0.153477
-0.110977
-0.0454937
0.0297909
0.108382
0.186672
0.261163
0.326629
0.375002
0.390038
0.3694
0.187676
0.0336569
-0.2099
-0.0874791
-0.100762
-0.0881422
-0.0745375
-0.0701749
-0.159686
-0.152856
-0.11587
-0.0542367
0.0170729
0.0918693
0.166581
0.237789
0.299839
0.344174
0.352542
0.332248
0.292919
0.51954
1.01486
0.72681
0.206936
-0.0231659
-0.0304234
-0.0325039
-0.145106
-0.140423
-0.110117
-0.0539315
0.0127869
0.0832831
0.154541
0.223064
0.283366
0.325813
0.335754
0.296416
0.225804
0.225654
0.150163
-0.326945
-0.562099
-0.398251
-0.176414
-0.120015
-0.118102
-0.114596
-0.0922714
-0.0440013
0.0171761
0.0833562
0.151535
0.218503
0.279338
0.324347
0.334378
0.269012
-0.135018
-0.960233
-1.81403
-2.3111
-2.35818
-2.0405
-1.61094
-1.33553
-0.0818366
-0.0795904
-0.0649746
-0.0257863
0.0295197
0.0916263
0.157583
0.224933
0.288958
0.343728
0.365596
0.330927
-0.0865435
-0.695447
-1.40312
-1.78441
-1.73354
-1.42174
-1.07046
-0.821366
-0.0414633
-0.0402164
-0.0314505
-0.00257922
0.0466601
0.106111
0.171374
0.241144
0.31285
0.382276
0.448306
0.495167
0.484004
0.508477
0.671012
0.945089
1.30644
1.62699
1.84143
1.95153
-0.00360129
-0.00289436
0.00124218
0.0221638
0.0654194
0.123398
0.189651
0.263668
0.345651
0.43523
0.543085
0.673411
0.902421
1.34195
1.94195
2.54728
3.04125
3.37367
3.55895
3.63469
0.0289782
0.0298395
0.0315296
0.0435786
0.0812246
0.138721
0.208
0.286854
0.375768
0.479922
0.599232
0.740611
0.907266
1.30675
1.90159
2.48548
2.95358
3.25109
3.40168
3.46005
0.0606049
0.0610556
0.0616575
0.0669727
0.0961845
0.152182
0.223967
0.30566
0.396355
0.498745
0.611686
0.734206
0.857513
1.11168
1.59324
2.04556
2.40736
2.64923
2.77375
2.82029
0.0853104
0.0863853
0.0874466
0.089173
0.110994
0.165845
0.239555
0.321722
0.410767
0.508065
0.613209
0.714551
0.814728
0.95595
1.28328
1.61458
1.87544
2.04754
2.1357
2.16772
0.098037
0.098981
0.0975952
0.0977765
0.120801
0.181521
0.258761
0.340683
0.425644
0.515366
0.607365
0.686266
0.758308
0.846436
1.06109
1.28388
1.45976
1.57511
1.63259
1.65398
0.122066
0.120683
0.115258
0.116244
0.144658
0.21005
0.288249
0.366259
0.443432
0.521838
0.599773
0.662328
0.715163
0.768493
0.914635
1.06061
1.17
1.24133
1.27576
1.28721
0.20363
0.200449
0.194053
0.195063
0.220961
0.275176
0.338789
0.40297
0.466452
0.531267
0.595365
0.645878
0.682604
0.715624
0.815282
0.910903
0.979178
1.02142
1.04082
1.04659
0.340828
0.338205
0.334366
0.333979
0.34671
0.374455
0.409981
0.450649
0.495058
0.543817
0.594327
0.635266
0.662768
0.68699
0.750531
0.810905
0.854247
0.880228
0.89231
0.895603
0.474665
0.473282
0.471464
0.46846
0.46706
0.470504
0.481008
0.49906
0.524869
0.558101
0.597038
0.631539
0.657843
0.682623
0.719892
0.755494
0.78115
0.796938
0.804304
0.805907
0.562777
0.562063
0.560843
0.556136
0.547293
0.538562
0.535015
0.538895
0.551054
0.571773
0.600151
0.630089
0.657629
0.682303
0.707795
0.727255
0.741394
0.750715
0.755259
0.755971
0.605473
0.605022
0.603899
0.599322
0.589956
0.578732
0.570178
0.566879
0.570531
0.582082
0.602148
0.627619
0.654139
0.676597
0.69056
0.702891
0.713891
0.72218
0.726452
0.726797
0.620549
0.620174
0.61912
0.615509
0.6082
0.598659
0.589912
0.584206
0.583136
0.588036
0.599876
0.619211
0.643157
0.662919
0.669638
0.6766
0.686861
0.696019
0.701372
0.701939
0.623082
0.622733
0.621803
0.619142
0.614124
0.607186
0.599909
0.593841
0.590137
0.589605
0.593299
0.601463
0.615447
0.627173
0.628845
0.639251
0.65421
0.667386
0.675155
0.675739
0.621558
0.621226
0.620439
0.618414
0.614913
0.610048
0.604375
0.598713
0.593577
0.588694
0.58327
0.575829
0.568802
0.564722
0.570159
0.591128
0.613355
0.629969
0.638652
0.63914
0.619579
0.619285
0.618677
0.617106
0.614398
0.610814
0.606431
0.601468
0.595726
0.587778
0.573358
0.548011
0.512365
0.492406
0.509242
0.540472
0.566961
0.582975
0.590632
0.591807
0.617719
0.617494
0.617121
0.616025
0.613976
0.611166
0.607792
0.603861
0.598689
0.59027
0.571454
0.534458
0.47491
0.446842
0.476505
0.513036
0.53677
0.548497
0.552539
0.553627
0.614902
0.614769
0.614673
0.614145
0.612747
0.61095
0.608771
0.606745
0.604175
0.598768
0.582752
0.54628
0.489727
0.47055
0.499782
0.528227
0.542446
0.548158
0.549497
0.549669
0.609524
0.609481
0.609647
0.609704
0.609379
0.608869
0.608676
0.609631
0.61061
0.610998
0.605862
0.585597
0.553767
0.548744
0.561545
0.569959
0.569917
0.570025
0.570419
0.571009
0.600033
0.600078
0.600578
0.601278
0.602129
0.603346
0.605773
0.61019
0.61658
0.626188
0.63455
0.63552
0.631201
0.638089
0.632866
0.622944
0.614436
0.610414
0.609583
0.608113
0.584649
0.584871
0.585726
0.587083
0.58899
0.592322
0.597818
0.606537
0.619191
0.638207
0.659682
0.679421
0.70083
0.704782
0.683543
0.661947
0.648805
0.643146
0.639044
0.636814
0.560072
0.560545
0.561887
0.564162
0.567668
0.573157
0.581806
0.594854
0.61351
0.639771
0.670141
0.698154
0.723307
0.726786
0.697562
0.679153
0.671112
0.663557
0.65763
0.655755
0.522488
0.52321
0.525122
0.528465
0.533745
0.541687
0.553233
0.569701
0.591702
0.621483
0.654433
0.682608
0.696408
0.690844
0.678776
0.679464
0.679783
0.68005
0.671247
0.669106
0.467747
0.468778
0.471242
0.47578
0.483005
0.493176
0.506459
0.523372
0.543529
0.568323
0.598599
0.62688
0.629157
0.613893
0.619633
0.653844
0.678814
0.686677
0.678901
0.675625
0.393203
0.394398
0.397261
0.402933
0.411826
0.423171
0.435619
0.447125
0.453597
0.457408
0.486269
0.527599
0.52724
0.506754
0.538925
0.595162
0.640041
0.645589
0.63784
0.63439
0.299231
0.30028
0.303194
0.309704
0.319461
0.330237
0.337691
0.333494
0.308774
0.281004
0.318517
0.38792
0.390517
0.368176
0.435989
0.504371
0.546736
0.545153
0.536418
0.531253
0.192293
0.192762
0.194988
0.201436
0.210625
0.218615
0.216633
0.185452
0.113898
0.0577875
0.118231
0.221242
0.23305
0.230847
0.292821
0.350528
0.367642
0.362093
0.358139
0.356135
0.0317448
0.0315587
0.0327011
0.0351164
0.0374654
0.0364668
0.0195808
-0.0217431
-0.0620223
-0.0484199
0.0113037
0.0455936
0.0209458
0.0328385
-0.00457093
0.0314119
0.0469778
0.0487118
0.0493712
0.151676
-0.537855
0.192706
0.657438
0.929197
1.12734
1.28074
1.40162
1.50147
1.60501
1.6969
0.567234
0.777284
0.96769
1.12742
1.26112
1.37098
1.46107
1.53466
1.58029
1.58561
0.9263
1.04954
1.16954
1.2766
1.36895
1.44704
1.51105
1.55962
1.59101
1.60963
1.15068
1.23409
1.3162
1.39153
1.45747
1.51377
1.56005
1.59629
1.62377
1.64344
1.31313
1.36969
1.43075
1.487
1.53589
1.5784
1.61439
1.64417
1.66841
1.6858
1.44055
1.48269
1.53049
1.57241
1.61116
1.64565
1.67577
1.70146
1.72281
1.73734
1.54624
1.58155
1.61989
1.65516
1.68831
1.71867
1.74561
1.76868
1.78768
1.79961
1.64127
1.67293
1.70763
1.74087
1.77215
1.80096
1.82647
1.84804
1.8652
1.87488
1.73344
1.76636
1.80207
1.83645
1.86809
1.89667
1.92147
1.94198
1.95758
1.96589
1.83615
1.87378
1.91227
1.94881
1.98108
2.00913
2.03272
2.05184
2.06606
2.07462
1.96362
2.00606
2.04526
2.08128
2.11182
2.13759
2.15922
2.17692
2.19048
2.2007
2.12528
2.16693
2.20076
2.23022
2.25481
2.27638
2.29602
2.31348
2.32825
2.34098
2.31567
2.34652
2.36796
2.38714
2.40522
2.42247
2.43871
2.45455
2.47108
2.48803
2.51369
2.52512
2.5362
2.55033
2.56463
2.57749
2.58887
2.59975
2.61267
2.62956
2.69954
2.70945
2.71813
2.72058
2.72144
2.72572
2.73654
2.75251
2.77014
2.77475
3.00058
2.9452
2.8944
2.85416
2.83179
2.82776
2.84126
2.87507
2.93151
3.00708
1.54456
1.48587
1.44338
1.40952
1.38485
1.36728
1.35474
1.34577
1.33961
1.33606
1.33557
1.33834
1.34369
1.35156
1.36244
1.37746
1.39845
1.42753
1.46628
1.5141
1.34613
1.35488
1.3604
1.36122
1.35772
1.35165
1.34519
1.33968
1.33577
1.33402
1.33509
1.33858
1.34379
1.3502
1.35693
1.36217
1.36377
1.36052
1.35317
1.3455
1.32318
1.32521
1.32981
1.33331
1.33581
1.33722
1.3369
1.33513
1.33288
1.33122
1.33112
1.33283
1.33546
1.338
1.33943
1.33905
1.33716
1.33434
1.33027
1.32588
1.31631
1.31718
1.31965
1.32236
1.32436
1.3257
1.32665
1.32705
1.32684
1.32649
1.32672
1.32767
1.32866
1.32905
1.32867
1.32777
1.32632
1.32405
1.32139
1.31942
1.31071
1.31117
1.31257
1.31458
1.31651
1.31806
1.31917
1.32001
1.32066
1.32112
1.32161
1.3221
1.32229
1.32209
1.32153
1.3205
1.31894
1.31707
1.3154
1.31437
1.3056
1.30589
1.3068
1.30827
1.30989
1.31147
1.31286
1.31398
1.31491
1.31574
1.3164
1.31676
1.31676
1.31641
1.31564
1.31448
1.31312
1.31175
1.31062
1.30999
1.30073
1.30093
1.30162
1.30279
1.30417
1.30559
1.30703
1.30838
1.30956
1.31059
1.31141
1.31182
1.31178
1.31131
1.31049
1.30948
1.3084
1.30733
1.30649
1.30605
1.29603
1.29618
1.29673
1.29772
1.29895
1.30028
1.30167
1.3031
1.30448
1.30573
1.30673
1.30724
1.30721
1.30677
1.30608
1.30525
1.30436
1.3035
1.30286
1.30253
1.29144
1.29155
1.292
1.29287
1.29401
1.29528
1.29664
1.2981
1.29961
1.30107
1.30228
1.30295
1.30305
1.30276
1.30224
1.30158
1.30085
1.30016
1.29967
1.29941
1.28687
1.28696
1.28734
1.28812
1.28921
1.29045
1.29182
1.29332
1.29494
1.2966
1.29807
1.29897
1.29929
1.29921
1.29888
1.29839
1.29781
1.29727
1.29689
1.29669
1.28227
1.28234
1.28267
1.2834
1.28447
1.28572
1.28714
1.28873
1.29049
1.29237
1.29415
1.29538
1.29598
1.29614
1.296
1.29567
1.29524
1.29482
1.29453
1.29437
1.27757
1.27763
1.27792
1.27862
1.2797
1.281
1.28251
1.28425
1.28623
1.28841
1.29057
1.29219
1.29312
1.29352
1.29359
1.29343
1.29314
1.29283
1.29262
1.2925
1.27271
1.27276
1.27302
1.27372
1.27484
1.27623
1.27786
1.27978
1.28204
1.28461
1.28726
1.28935
1.29065
1.29137
1.29169
1.29172
1.29157
1.29137
1.29122
1.29113
1.26765
1.26768
1.26792
1.26862
1.2698
1.27131
1.27309
1.27523
1.2778
1.28083
1.28407
1.28677
1.28857
1.2897
1.29032
1.2906
1.29061
1.29052
1.29045
1.29038
1.26229
1.26231
1.26254
1.26327
1.26454
1.2662
1.26822
1.27069
1.27373
1.27737
1.28135
1.28476
1.28714
1.28869
1.28964
1.29019
1.29038
1.29042
1.29042
1.29038
1.25659
1.2566
1.25681
1.25755
1.25891
1.26074
1.263
1.26585
1.26942
1.27381
1.27871
1.28301
1.28611
1.28825
1.28966
1.29052
1.29098
1.29119
1.29127
1.29126
1.25029
1.2503
1.25053
1.25128
1.25275
1.25478
1.25738
1.26071
1.26497
1.27027
1.27631
1.28172
1.28569
1.28851
1.29045
1.29179
1.29259
1.29302
1.2932
1.2932
1.24316
1.24316
1.2434
1.24421
1.24582
1.24813
1.25117
1.25515
1.26031
1.26682
1.27426
1.28096
1.28597
1.28961
1.29222
1.29405
1.29525
1.29594
1.29622
1.29623
1.23473
1.23473
1.235
1.23592
1.23773
1.24041
1.24402
1.24883
1.25511
1.26308
1.27226
1.28058
1.28685
1.29148
1.29485
1.2973
1.29897
1.29994
1.30031
1.30033
1.22447
1.22447
1.2248
1.22589
1.22806
1.23133
1.23576
1.2417
1.24949
1.25935
1.27065
1.28088
1.2886
1.29432
1.29857
1.30169
1.30384
1.30508
1.30554
1.30556
1.21184
1.21184
1.21225
1.21361
1.21632
1.22041
1.22597
1.23341
1.24313
1.25535
1.26924
1.28175
1.2912
1.29823
1.30346
1.30731
1.30998
1.3115
1.31205
1.31208
1.19609
1.19609
1.19662
1.19839
1.20188
1.20716
1.21428
1.22376
1.23601
1.2512
1.26822
1.2834
1.29483
1.30334
1.3097
1.31438
1.31764
1.31947
1.32011
1.32013
1.17611
1.17612
1.17684
1.17924
1.18391
1.19086
1.2002
1.21246
1.22802
1.24691
1.26769
1.28596
1.29963
1.30981
1.31746
1.3231
1.32702
1.32916
1.32989
1.32991
1.1501
1.15011
1.15116
1.15459
1.16115
1.17067
1.18325
1.19935
1.21921
1.24266
1.26781
1.28959
1.30576
1.3178
1.32689
1.33364
1.33829
1.34074
1.34155
1.34156
1.11503
1.11507
1.11679
1.12221
1.13204
1.14575
1.16315
1.18453
1.20986
1.23872
1.26884
1.29446
1.31335
1.32744
1.33811
1.34609
1.35148
1.35425
1.35513
1.3551
1.06525
1.06554
1.06943
1.07932
1.09528
1.11577
1.14015
1.16847
1.20044
1.23551
1.27103
1.30072
1.32248
1.33874
1.35112
1.36037
1.36652
1.36964
1.37053
1.37045
0.993369
0.995789
1.00696
1.02641
1.0524
1.08225
1.11548
1.152
1.19148
1.23338
1.27482
1.30901
1.33404
1.35284
1.36725
1.37808
1.38529
1.38895
1.39004
1.39002
0.917066
0.923599
0.943422
0.97292
1.00923
1.04865
1.09082
1.13565
1.18298
1.23237
1.28073
1.32062
1.34997
1.37216
1.38925
1.40232
1.41113
1.41555
1.41684
1.41702
0.852859
0.859479
0.88595
0.92387
0.968663
1.01675
1.06737
1.12029
1.1753
1.23196
1.28698
1.33217
1.36538
1.39051
1.40982
1.42442
1.4342
1.43963
1.44117
1.44131
0.800687
0.807692
0.837866
0.881644
0.932809
0.987868
1.04567
1.10584
1.16796
1.23149
1.29274
1.34274
1.37931
1.40679
1.42779
1.44366
1.45482
1.46079
1.46231
1.46257
0.757496
0.764796
0.797371
0.84537
0.901534
0.962189
1.02601
1.09247
1.16095
1.23075
1.29771
1.35201
1.39144
1.42091
1.44334
1.46033
1.47213
1.47861
1.48046
1.48084
0.72062
0.728087
0.762286
0.813574
0.873825
0.939151
1.00811
1.08005
1.15422
1.2297
1.30185
1.36
1.4019
1.43299
1.4565
1.47423
1.48651
1.49335
1.49559
1.49605
0.688061
0.695637
0.73105
0.785032
0.848685
0.918
0.991451
1.06827
1.14756
1.22825
1.30517
1.36682
1.41092
1.44335
1.46769
1.48593
1.49856
1.50566
1.50815
1.50863
0.658395
0.666086
0.702535
0.758763
0.825337
0.898127
0.975547
1.05675
1.14073
1.22624
1.30766
1.37262
1.41874
1.45236
1.47736
1.49592
1.50872
1.51591
1.51854
1.51898
0.630758
0.638551
0.675904
0.734081
0.80323
0.879078
0.960031
1.0452
1.1335
1.22357
1.30931
1.3775
1.42559
1.46035
1.48596
1.50478
1.51768
1.52496
1.52767
1.52812
0.604466
0.612402
0.650582
0.710445
0.781946
0.860529
0.944647
1.03342
1.12573
1.2201
1.31008
1.38153
1.43167
1.46763
1.49389
1.51302
1.52604
1.53322
1.53592
1.5365
0.579155
0.587258
0.626284
0.687586
0.761201
0.842241
0.929222
1.02128
1.1173
1.21578
1.30994
1.38475
1.43709
1.47441
1.50143
1.52094
1.53409
1.54126
1.54387
1.54438
0.554526
0.562838
0.60251
0.66536
0.740826
0.82407
0.913638
1.00869
1.10814
1.21053
1.30885
1.3872
1.44196
1.48083
1.50876
1.52875
1.54207
1.54923
1.55174
1.55211
0.530484
0.53901
0.579371
0.643587
0.720734
0.805958
0.897848
0.995612
1.09823
1.20433
1.30677
1.38884
1.44629
1.48693
1.51595
1.53652
1.55003
1.55712
1.55949
1.55974
0.506956
0.515625
0.55676
0.622195
0.700877
0.787876
0.881845
0.982055
1.08757
1.19715
1.30365
1.38959
1.45003
1.49275
1.52304
1.54427
1.55796
1.5649
1.56706
1.56721
0.483896
0.492752
0.534602
0.601185
0.681254
0.76984
0.865662
0.968054
1.07618
1.18898
1.2994
1.38934
1.45312
1.49827
1.53008
1.55204
1.56584
1.57253
1.57442
1.57446
0.461291
0.470342
0.512949
0.580586
0.661898
0.751895
0.849346
0.953661
1.06411
1.17984
1.29399
1.38801
1.45542
1.50344
1.53711
1.55989
1.57365
1.57991
1.58145
1.58138
0.439232
0.448483
0.491836
0.56044
0.642868
0.734098
0.832978
0.938963
1.05145
1.16978
1.2874
1.38547
1.45676
1.50813
1.54419
1.568
1.58149
1.58697
1.58803
1.58785
0.417793
0.427246
0.471304
0.540788
0.624217
0.716526
0.816633
0.924051
1.03828
1.15889
1.27963
1.38161
1.45695
1.51215
1.55132
1.57672
1.58977
1.59384
1.59407
1.59377
0.396977
0.406642
0.451386
0.521684
0.605998
0.699259
0.800407
0.909028
1.02471
1.14725
1.27072
1.37635
1.45576
1.51515
1.55828
1.58638
1.59944
1.60133
1.59972
1.5991
0.376861
0.386732
0.432128
0.503178
0.588285
0.682354
0.784385
0.893992
1.01086
1.13499
1.26075
1.36962
1.45299
1.5167
1.5645
1.59692
1.61181
1.61207
1.60708
1.60454
0.357425
0.367486
0.413541
0.485272
0.571054
0.665792
0.768542
0.878907
0.996708
1.12205
1.24965
1.36122
1.44838
1.51627
1.56896
1.60727
1.62727
1.62975
1.62187
1.60433
0.338635
0.348913
0.395516
0.467797
0.55407
0.649251
0.752494
0.863299
0.981675
1.10779
1.23671
1.35038
1.44113
1.51311
1.5698
1.61413
1.64071
1.64322
1.63731
1.59123
0.320225
0.331407
0.378117
0.450892
0.537443
0.632833
0.736426
0.847394
0.966008
1.09244
1.22207
1.33706
1.43055
1.5067
1.56451
1.60893
1.63681
1.64297
1.59147
1.52819
0.301187
0.316004
0.361543
0.434667
0.520889
0.616354
0.720082
0.8312
0.949698
1.076
1.20561
1.32109
1.41552
1.49728
1.55181
1.58058
1.60339
1.58017
1.51483
1.44732
0.282446
0.280832
0.341281
0.421553
0.507247
0.602605
0.704055
0.815372
0.93347
1.05922
1.18797
1.30282
1.39594
1.48715
1.5134
1.51379
1.5212
1.46817
1.39608
1.32393
0.30677
0.307884
0.365364
0.444708
0.535176
0.634278
0.740558
0.85447
0.975378
1.10414
1.22612
1.32742
1.4099
1.49931
1.52581
1.43269
1.35307
1.28953
1.21697
1.06873
0.265538
0.291812
0.352016
0.431955
0.522422
0.621166
0.726849
0.840077
0.959943
1.08701
1.2062
1.30418
1.37932
1.43761
1.41357
1.29227
1.17378
1.09264
1.00774
0.838945
0.24089
0.271933
0.333076
0.41275
0.503254
0.60172
0.707496
0.819867
0.93831
1.063
1.17868
1.27165
1.33829
1.36393
1.2916
1.12931
0.989391
0.885515
0.76902
0.525681
0.216841
0.250261
0.312647
0.393007
0.483624
0.581977
0.687351
0.798715
0.915519
1.03747
1.14883
1.23576
1.2903
1.28344
1.15197
0.962563
0.787082
0.640443
0.475506
0.0774718
0.193816
0.228063
0.291517
0.372718
0.463528
0.561709
0.666419
0.776668
0.891648
1.01054
1.11694
1.19723
1.23541
1.19697
1.01646
0.804051
0.584367
0.39322
0.134936
-0.481163
0.171053
0.205306
0.269446
0.351256
0.442289
0.540281
0.644341
0.753398
0.866366
0.981895
1.08297
1.15552
1.17692
1.0939
0.892289
0.67149
0.444859
0.232844
0.053165
-0.644166
0.147425
0.181704
0.246203
0.32839
0.419599
0.517434
0.62088
0.728722
0.839556
0.951498
1.04706
1.11065
1.11071
0.981511
0.786005
0.575733
0.380134
0.245742
0.21554
0.165484
0.122519
0.156785
0.221484
0.30382
0.395035
0.492559
0.595219
0.701572
0.809876
0.917612
1.00721
1.06
1.03662
0.877685
0.690239
0.506155
0.356244
0.290875
0.268084
0.261534
0.0959868
0.130359
0.195209
0.277581
0.368645
0.465684
0.567306
0.671855
0.777226
0.880156
0.963198
1.00288
0.962742
0.78025
0.603184
0.441595
0.326563
0.296061
0.295379
0.295053
0.0677622
0.10235
0.167348
0.249712
0.34049
0.436835
0.537175
0.639602
0.741597
0.839193
0.914773
0.942819
0.877328
0.690058
0.521804
0.379678
0.326195
0.311301
0.309171
0.309269
0.0379674
0.0728357
0.137964
0.220257
0.31062
0.406083
0.504889
0.604857
0.703038
0.794818
0.8621
0.877527
0.778706
0.606579
0.450306
0.338761
0.314848
0.318403
0.318314
0.318643
0.00710315
0.0420897
0.107289
0.189419
0.279214
0.373582
0.470584
0.567746
0.661693
0.747183
0.806152
0.803582
0.68921
0.53036
0.391069
0.348744
0.324457
0.323623
0.323935
0.324238
-0.0244744
0.010723
0.0756868
0.157526
0.246579
0.339625
0.434548
0.528567
0.617873
0.696683
0.747527
0.728584
0.604014
0.464129
0.347846
0.313234
0.322679
0.32654
0.328593
0.329342
-0.0558365
-0.0208804
0.0438363
0.125123
0.213208
0.304689
0.39724
0.487793
0.572072
0.644014
0.685684
0.653269
0.518726
0.41061
0.314866
0.310404
0.320206
0.327945
0.332248
0.333691
-0.0860383
-0.0517383
0.0126
0.0929464
0.17981
0.269448
0.35934
0.446154
0.525076
0.589865
0.622633
0.577698
0.429605
0.361877
0.335747
0.315915
0.30751
0.306325
0.309396
0.312089
-0.113662
-0.0803022
-0.0171027
0.0620566
0.147362
0.23483
0.321779
0.404619
0.478042
0.535051
0.562967
0.493141
0.32998
0.268996
0.349491
0.28305
0.253334
0.241167
0.24076
0.243077
-0.137059
-0.10521
-0.0435822
0.0337312
0.117023
0.20202
0.285772
0.364479
0.432498
0.481224
0.506032
0.405147
0.20507
0.0463734
0.0777442
0.10255
0.117629
0.119201
0.121196
0.12466
-0.154289
-0.124533
-0.0650981
0.00959011
0.0902661
0.172385
0.252787
0.327353
0.390236
0.431131
0.450014
0.324712
0.0877703
-0.304333
-0.487986
-0.201138
-0.0905572
-0.0642646
-0.0406858
-0.0312586
-0.163344
-0.136128
-0.0800737
-0.00868316
0.0687767
0.14757
0.224475
0.29522
0.353425
0.388136
0.397372
0.279236
0.118376
-0.0653074
-0.125513
-0.09262
-0.0994084
-0.078644
-0.0718029
-0.0700236
-0.162052
-0.138484
-0.086874
-0.019434
0.0541428
0.129243
0.202721
0.270207
0.324691
0.355186
0.345704
0.294036
0.362295
0.773707
0.924948
0.445493
0.0397149
-0.0279413
-0.0320779
-0.0311146
-0.14716
-0.129132
-0.0841709
-0.0214325
0.0475971
0.118852
0.189229
0.254562
0.307301
0.335706
0.326955
0.256986
0.219658
0.213546
-0.0554783
-0.519805
-0.514533
-0.262859
-0.129752
-0.137274
-0.11981
-0.106835
-0.0705694
-0.0144488
0.0497328
0.117213
0.185273
0.249908
0.304511
0.33519
0.32066
0.114726
-0.493416
-1.4612
-2.08204
-2.39881
-2.23083
-1.82145
-1.44761
-1.29274
-0.0832654
-0.0747137
-0.0482508
0.000552515
0.06002
0.124115
0.191174
0.257448
0.318012
0.361914
0.359828
0.161543
-0.37073
-1.06217
-1.63645
-1.81609
-1.59461
-1.23964
-0.907989
-0.808295
-0.0426166
-0.0376808
-0.0199064
0.0201819
0.0755335
0.137919
0.205667
0.276985
0.347602
0.418572
0.469104
0.500481
0.476302
0.574359
0.78795
1.12221
1.47812
1.74906
1.90863
1.97677
-0.004408
-0.00194789
0.00891984
0.0414756
0.0929265
0.155414
0.225628
0.303375
0.389509
0.48487
0.607206
0.768673
1.09254
1.63223
2.25254
2.81247
3.22826
3.48285
3.60845
3.64668
0.0294516
0.0303043
0.0349735
0.0593704
0.107966
0.1723
0.246089
0.329765
0.425734
0.538284
0.668074
0.812556
1.06301
1.59789
2.19956
2.73939
3.1242
3.34155
3.43964
3.46961
0.0608047
0.0613644
0.0626437
0.0778663
0.121606
0.186654
0.263409
0.349869
0.445378
0.555543
0.671331
0.796486
0.948177
1.34103
1.83001
2.23833
2.54538
2.72409
2.80455
2.82724
0.0857657
0.0870965
0.0875514
0.0961509
0.135172
0.201113
0.279552
0.365391
0.457577
0.561427
0.664696
0.764807
0.862981
1.10445
1.45625
1.75437
1.97377
2.10057
2.15728
2.17124
0.0987181
0.0986088
0.0968343
0.104642
0.147826
0.218947
0.299305
0.382481
0.469295
0.562903
0.64944
0.722166
0.788286
0.942517
1.17641
1.37857
1.52599
1.60974
1.64698
1.65517
0.122026
0.117915
0.11421
0.124967
0.174239
0.248612
0.32747
0.404462
0.482082
0.562573
0.634018
0.687461
0.736168
0.833841
0.990923
1.12016
1.21099
1.26236
1.28369
1.28728
0.202743
0.197182
0.192685
0.20401
0.245577
0.306625
0.370917
0.434365
0.498482
0.564643
0.623064
0.663478
0.697078
0.761711
0.865092
0.948702
1.00387
1.0334
1.04496
1.04591
0.339648
0.336375
0.333213
0.338275
0.359252
0.391377
0.429794
0.472188
0.518754
0.570034
0.615983
0.648444
0.673329
0.717133
0.781866
0.83498
0.869359
0.887651
0.894807
0.894721
0.473823
0.472555
0.47003
0.46729
0.468085
0.47483
0.489145
0.510951
0.540644
0.577898
0.614458
0.644656
0.668941
0.69985
0.738551
0.769693
0.790302
0.801537
0.805654
0.804991
0.562236
0.561737
0.559037
0.552093
0.542547
0.535995
0.535993
0.543905
0.560426
0.585586
0.615144
0.643864
0.670198
0.695052
0.717989
0.734991
0.746725
0.753522
0.75605
0.754949
0.605139
0.604731
0.602172
0.595168
0.584285
0.573975
0.567741
0.567791
0.575358
0.59127
0.614347
0.640601
0.66673
0.684408
0.696859
0.708601
0.718495
0.72483
0.727109
0.725648
0.620321
0.619857
0.617723
0.612302
0.603512
0.594055
0.586559
0.583069
0.584855
0.59315
0.608517
0.630816
0.654895
0.666645
0.671997
0.681623
0.69181
0.699249
0.702241
0.70086
0.622902
0.622419
0.620737
0.616932
0.610803
0.603508
0.59665
0.591712
0.589523
0.590871
0.59662
0.608013
0.623352
0.628792
0.632893
0.646522
0.661332
0.672102
0.676314
0.674521
0.621398
0.620942
0.619611
0.616836
0.612638
0.607296
0.60153
0.596116
0.591239
0.586054
0.579471
0.572344
0.566666
0.565192
0.579844
0.602598
0.622587
0.635408
0.639764
0.63793
0.619433
0.61906
0.618043
0.615876
0.612702
0.608726
0.604051
0.598747
0.592221
0.581535
0.561393
0.53157
0.497163
0.496997
0.524968
0.554901
0.576213
0.58783
0.59184
0.591066
0.617595
0.617357
0.616699
0.615056
0.612707
0.609554
0.605927
0.601501
0.595015
0.582142
0.554824
0.505984
0.4522
0.457663
0.495574
0.526707
0.543914
0.551098
0.553362
0.55322
0.614809
0.61474
0.614496
0.613574
0.61187
0.609863
0.60764
0.605554
0.602469
0.592191
0.567579
0.518702
0.47089
0.483913
0.515853
0.53662
0.546042
0.549054
0.549723
0.549294
0.609462
0.609554
0.609712
0.60959
0.609113
0.608694
0.608807
0.609894
0.611102
0.609466
0.598298
0.569317
0.545945
0.555971
0.56743
0.570119
0.570187
0.57003
0.570888
0.570964
0.599997
0.600272
0.600919
0.601692
0.602631
0.604366
0.607593
0.613014
0.621472
0.630777
0.636473
0.632759
0.634119
0.636975
0.628767
0.617907
0.611611
0.610136
0.608844
0.607633
0.584684
0.585236
0.586339
0.587941
0.590442
0.594734
0.601642
0.612365
0.628266
0.648935
0.670232
0.68911
0.708173
0.694514
0.671767
0.654196
0.645642
0.640903
0.637473
0.636518
0.560192
0.561105
0.562902
0.565729
0.570097
0.576992
0.587688
0.603521
0.626031
0.655126
0.685105
0.709997
0.731228
0.711367
0.685822
0.674302
0.667493
0.660488
0.656078
0.65565
0.522714
0.52401
0.526595
0.530824
0.537325
0.546918
0.56069
0.580072
0.605811
0.638325
0.670803
0.690226
0.698702
0.683988
0.677863
0.680128
0.680524
0.675968
0.669492
0.669358
0.468131
0.469801
0.473213
0.479034
0.487708
0.49942
0.514379
0.532767
0.554935
0.582864
0.61536
0.631139
0.623848
0.613049
0.634794
0.667381
0.688097
0.683526
0.676685
0.675642
0.393677
0.395558
0.399696
0.407
0.41725
0.429375
0.441642
0.451082
0.45479
0.467757
0.511236
0.53327
0.513407
0.511721
0.57177
0.617974
0.643956
0.640244
0.635527
0.634151
0.299666
0.301393
0.305956
0.314279
0.324877
0.334761
0.337736
0.323359
0.29332
0.287985
0.358762
0.396334
0.376537
0.396409
0.468601
0.53846
0.553166
0.540806
0.533291
0.530411
0.19249
0.193508
0.197727
0.205869
0.21509
0.219743
0.206089
0.154947
0.0724647
0.0751924
0.175973
0.240489
0.217728
0.263038
0.32517
0.354309
0.363114
0.359698
0.356948
0.355602
0.0816019
0.0811231
0.0831819
0.0879285
0.0934911
0.0997137
0.0946411
0.0495073
-0.0376151
-0.0840327
-0.0179926
0.0734278
0.0799623
0.0954058
0.133305
0.146094
0.153898
0.151657
0.151557
0.151551
-0.114547
0.472275
0.804954
1.03265
1.20792
1.34366
1.45421
1.54975
1.66215
1.65751
0.720161
0.87912
1.05107
1.19761
1.31891
1.41814
1.5001
1.56232
1.58816
1.59232
1.0051
1.11096
1.22501
1.3246
1.40975
1.48083
1.53745
1.57729
1.60217
1.61901
1.20379
1.27631
1.35509
1.42571
1.48686
1.53818
1.57939
1.61094
1.63548
1.65398
1.35164
1.4056
1.46026
1.51225
1.55796
1.5972
1.63003
1.6569
1.67913
1.69737
1.46979
1.5088
1.55166
1.59232
1.62895
1.66125
1.68919
1.7126
1.73207
1.74981
1.56993
1.60118
1.63779
1.67204
1.70388
1.73259
1.75767
1.77865
1.79558
1.81293
1.66115
1.6903
1.72449
1.75677
1.78692
1.81416
1.83778
1.85717
1.87177
1.88891
1.75265
1.78403
1.81959
1.85261
1.88281
1.90958
1.9323
1.95042
1.9631
1.98037
1.85696
1.8928
1.93105
1.96546
1.99565
2.02149
2.04285
2.05956
2.07121
2.08906
1.98664
2.02568
2.06395
2.09719
2.12525
2.1489
2.16858
2.18414
2.19601
2.21427
2.1478
2.18425
2.21621
2.243
2.26588
2.28643
2.30508
2.32114
2.33488
2.35276
2.33253
2.35775
2.37774
2.39628
2.41396
2.43073
2.44662
2.46264
2.47978
2.49893
2.51939
2.53029
2.54304
2.55763
2.57126
2.58335
2.59428
2.60565
2.62107
2.64051
2.70131
2.7148
2.71987
2.72089
2.72287
2.73026
2.744
2.76161
2.77536
2.78671
2.97022
2.91966
2.87221
2.84064
2.82762
2.83218
2.85542
2.90049
2.96719
3.06132
1.40119
1.39817
1.39211
1.38117
1.36867
1.35734
1.34826
1.34146
1.33693
1.33494
1.33607
1.33996
1.34605
1.35428
1.36474
1.37703
1.38937
1.39806
1.40257
1.40473
1.3295
1.33615
1.3414
1.345
1.3461
1.34445
1.34097
1.33713
1.33408
1.33267
1.33365
1.33659
1.3406
1.34477
1.34775
1.34825
1.34591
1.34151
1.33521
1.32938
1.31943
1.32239
1.32575
1.32823
1.32997
1.33114
1.33133
1.33053
1.3294
1.32884
1.32959
1.33122
1.33281
1.33353
1.33306
1.33177
1.32984
1.32695
1.3236
1.32131
1.31343
1.31485
1.31706
1.31932
1.32103
1.3222
1.32305
1.32358
1.32377
1.32397
1.32454
1.32518
1.32542
1.32514
1.32446
1.32327
1.32142
1.31917
1.3174
1.31632
1.30812
1.30894
1.3104
1.31217
1.3139
1.31535
1.31645
1.31733
1.31808
1.31872
1.31923
1.31946
1.31934
1.31888
1.31798
1.31664
1.31507
1.31351
1.31248
1.31181
1.30314
1.30369
1.30478
1.30619
1.30769
1.30918
1.31054
1.31168
1.31267
1.31354
1.31411
1.31428
1.31406
1.31343
1.31244
1.31128
1.31004
1.30891
1.3082
1.30774
1.29836
1.29877
1.29964
1.30086
1.30219
1.30359
1.30501
1.30636
1.30758
1.30864
1.30934
1.30954
1.30926
1.30862
1.30776
1.30681
1.30582
1.30494
1.30441
1.30406
1.29373
1.29405
1.29477
1.29585
1.29709
1.29842
1.29983
1.30129
1.30271
1.30398
1.30485
1.30513
1.30493
1.30442
1.30373
1.30295
1.30215
1.30147
1.30106
1.30078
1.28915
1.28942
1.29003
1.29102
1.29221
1.29351
1.29493
1.29646
1.29804
1.29955
1.30063
1.30108
1.30107
1.30074
1.30023
1.29961
1.29896
1.29843
1.29811
1.29789
1.28458
1.28479
1.28534
1.28628
1.28744
1.28875
1.29021
1.29182
1.29355
1.2953
1.29667
1.29741
1.29764
1.29752
1.29719
1.29673
1.29622
1.29581
1.29557
1.29539
1.27994
1.28012
1.28062
1.28153
1.28271
1.28407
1.28562
1.28739
1.28935
1.29141
1.29314
1.2942
1.29469
1.29479
1.29463
1.29432
1.29395
1.29364
1.29345
1.2933
1.27517
1.27532
1.27579
1.27671
1.27793
1.27938
1.28106
1.28303
1.28527
1.28773
1.28991
1.29136
1.29217
1.29252
1.29257
1.29241
1.29216
1.29194
1.29181
1.29169
1.27021
1.27033
1.27079
1.27174
1.27304
1.2746
1.27645
1.27866
1.28128
1.28425
1.28696
1.28888
1.29008
1.29075
1.29104
1.29106
1.29094
1.29081
1.29073
1.29062
1.26502
1.26512
1.26557
1.26656
1.26796
1.26967
1.27175
1.27429
1.27732
1.28087
1.28428
1.28684
1.28853
1.28956
1.29013
1.29037
1.2904
1.29037
1.29033
1.29025
1.25949
1.25957
1.26003
1.26108
1.26262
1.26454
1.26692
1.26989
1.27355
1.2779
1.28213
1.28536
1.28759
1.28906
1.28993
1.29042
1.29066
1.29073
1.29074
1.29067
1.25353
1.25361
1.25405
1.25515
1.25682
1.25895
1.26167
1.26512
1.26945
1.27472
1.28001
1.28417
1.28715
1.28919
1.29052
1.29138
1.29186
1.29208
1.29214
1.29208
1.24685
1.24692
1.2474
1.24858
1.25042
1.25287
1.25607
1.26022
1.2655
1.27198
1.27851
1.28372
1.2875
1.29019
1.29207
1.29336
1.29415
1.29453
1.29463
1.29457
1.23913
1.23921
1.23975
1.24103
1.2431
1.24594
1.24974
1.25473
1.26115
1.2691
1.2772
1.28371
1.28854
1.29204
1.29456
1.29634
1.2975
1.29806
1.2982
1.29812
1.22984
1.22994
1.23056
1.23206
1.23449
1.2379
1.24252
1.24865
1.25656
1.26636
1.27634
1.28439
1.2904
1.29481
1.29806
1.3004
1.30194
1.30267
1.30285
1.30276
1.21845
1.21857
1.21935
1.22118
1.22417
1.22841
1.23415
1.24178
1.25159
1.26369
1.27594
1.28581
1.29319
1.29866
1.30275
1.30567
1.30759
1.3085
1.30872
1.30861
1.20432
1.2045
1.20553
1.20784
1.21162
1.21701
1.22428
1.23388
1.24612
1.26106
1.27603
1.28804
1.29702
1.3037
1.30869
1.3123
1.31464
1.31573
1.31598
1.31585
1.18657
1.18683
1.18824
1.19127
1.1962
1.20319
1.21258
1.22481
1.24019
1.25861
1.2768
1.29127
1.30207
1.31011
1.31615
1.32053
1.32334
1.32461
1.32489
1.32474
1.16375
1.16417
1.16617
1.17031
1.17697
1.1863
1.19867
1.21445
1.23379
1.25642
1.27835
1.29561
1.30846
1.31805
1.32526
1.33053
1.33385
1.3353
1.3356
1.33543
1.13353
1.13428
1.1373
1.14331
1.15279
1.16573
1.18235
1.20285
1.22715
1.25475
1.28091
1.30125
1.31635
1.32764
1.33622
1.34245
1.34627
1.3479
1.34822
1.34801
1.0919
1.0934
1.09859
1.10824
1.12256
1.14112
1.16374
1.19035
1.22063
1.25388
1.28467
1.30831
1.32583
1.339
1.34901
1.35627
1.36058
1.36237
1.36268
1.36243
1.03141
1.03601
1.04686
1.06357
1.08609
1.11296
1.14356
1.17763
1.21475
1.25417
1.2898
1.31687
1.33688
1.35199
1.36345
1.37168
1.37656
1.37845
1.37867
1.37841
0.959582
0.967693
0.987406
1.01466
1.04747
1.08364
1.12283
1.16491
1.20952
1.25602
1.29765
1.3293
1.35288
1.37078
1.38433
1.39403
1.39978
1.40205
1.40233
1.40223
0.887656
0.901559
0.930114
0.967465
1.00988
1.05517
1.10292
1.15305
1.20526
1.259
1.30685
1.34324
1.37042
1.3912
1.40712
1.41866
1.42496
1.42697
1.42756
1.42763
0.82886
0.846421
0.880685
0.925358
0.975443
1.02861
1.08415
1.14186
1.20134
1.26203
1.31568
1.35632
1.3866
1.40963
1.42715
1.43972
1.44676
1.4499
1.4508
1.45095
0.78089
0.800414
0.838898
0.888972
0.945047
1.00461
1.06684
1.13132
1.19748
1.26459
1.32358
1.36795
1.40079
1.42565
1.4446
1.45839
1.46652
1.47013
1.47119
1.47135
0.74067
0.761309
0.80297
0.857266
0.918174
0.983063
1.05102
1.12145
1.19362
1.26659
1.33038
1.37804
1.41306
1.43942
1.45946
1.47403
1.48287
1.48689
1.48808
1.48824
0.705716
0.727107
0.771277
0.82901
0.893953
0.963396
1.03634
1.11207
1.18966
1.268
1.33615
1.38672
1.42359
1.45113
1.47193
1.48704
1.49646
1.50078
1.50203
1.50219
0.674439
0.696378
0.742559
0.803194
0.871588
0.945
1.02238
1.10287
1.18544
1.26873
1.34096
1.39419
1.43269
1.4612
1.48254
1.49803
1.50775
1.51226
1.51356
1.51366
0.645683
0.66804
0.716004
0.779085
0.850489
0.927399
1.00873
1.09358
1.18076
1.26874
1.34486
1.40065
1.44066
1.47002
1.4918
1.50748
1.51731
1.52189
1.52319
1.52328
0.618564
0.641395
0.690911
0.756149
0.830229
0.910247
0.995149
1.08397
1.17546
1.26793
1.34788
1.40623
1.44777
1.47799
1.50022
1.51609
1.52598
1.53065
1.53183
1.53179
0.592645
0.616006
0.66672
0.734009
0.810492
0.893303
0.981427
1.07389
1.16943
1.26623
1.35002
1.41104
1.45423
1.4854
1.50814
1.52423
1.53417
1.53879
1.53995
1.53988
0.56758
0.591458
0.643282
0.712443
0.791066
0.876394
0.967447
1.06326
1.16258
1.2636
1.35129
1.41515
1.46019
1.49247
1.51582
1.53221
1.54223
1.54676
1.54788
1.54778
0.543147
0.567508
0.620506
0.691298
0.771846
0.859439
0.953134
1.05202
1.15489
1.25998
1.35167
1.4186
1.46572
1.4993
1.52339
1.54014
1.55023
1.55466
1.55567
1.55554
0.519233
0.544132
0.598223
0.670488
0.752777
0.842397
0.938472
1.04016
1.14632
1.25534
1.3511
1.42135
1.47083
1.50593
1.5309
1.54805
1.55819
1.56244
1.56332
1.56314
0.495812
0.52127
0.576375
0.649992
0.733842
0.825278
0.923482
1.02768
1.13687
1.24964
1.34948
1.4233
1.47549
1.5124
1.53839
1.55595
1.56606
1.57009
1.57078
1.57055
0.472927
0.498883
0.554978
0.629822
0.715071
0.808114
0.908205
1.01465
1.12658
1.24285
1.34672
1.42436
1.47965
1.51871
1.5459
1.56384
1.57376
1.57744
1.57795
1.57768
0.450534
0.477022
0.534066
0.610021
0.696513
0.790966
0.892711
1.00112
1.11549
1.23498
1.34278
1.42438
1.48315
1.52486
1.55357
1.57183
1.58129
1.58443
1.58472
1.58441
0.428752
0.455755
0.51368
0.590633
0.678224
0.773914
0.877084
0.987194
1.1037
1.22605
1.33757
1.4232
1.4858
1.53076
1.56153
1.58018
1.58876
1.59098
1.59096
1.59065
0.407574
0.435134
0.493852
0.571717
0.660277
0.757031
0.861422
0.972972
1.09128
1.21614
1.33105
1.42067
1.48737
1.53619
1.56992
1.58948
1.59673
1.59721
1.59659
1.59632
0.3871
0.415164
0.474639
0.553328
0.642733
0.740401
0.845807
0.958546
1.07836
1.20535
1.32322
1.41664
1.48752
1.54072
1.57858
1.60046
1.60675
1.60431
1.60173
1.60111
0.367269
0.395876
0.45609
0.535527
0.62567
0.72411
0.830362
0.944052
1.06508
1.19377
1.31413
1.41101
1.48598
1.54366
1.58667
1.61313
1.62105
1.61672
1.60799
1.59028
0.348146
0.37728
0.438067
0.518111
0.60879
0.70782
0.814662
0.929015
1.05089
1.18086
1.30318
1.4031
1.4822
1.54413
1.59267
1.62597
1.63952
1.63673
1.62014
1.63238
0.329603
0.35939
0.420626
0.501137
0.592149
0.691592
0.798715
0.913467
1.0358
1.16653
1.29021
1.39235
1.4756
1.54084
1.59239
1.63025
1.64862
1.64379
1.58236
1.56321
0.311052
0.341644
0.404017
0.485008
0.576234
0.675874
0.782728
0.897671
1.0201
1.15101
1.27529
1.37844
1.46551
1.53332
1.58039
1.61695
1.62697
1.59377
1.52329
1.48017
0.291802
0.323169
0.388649
0.470086
0.561434
0.66081
0.767068
0.881799
1.00389
1.13432
1.25833
1.36136
1.45007
1.52213
1.56965
1.57146
1.55388
1.49488
1.42162
1.37657
0.697222
0.80835
0.9262
1.05153
1.17935
1.29307
1.38428
1.24198
0.271058
0.289911
0.32778
0.396306
0.481754
0.576333
0.678949
0.788931
0.905826
1.02973
1.15608
1.26843
1.35793
1.43213
1.4843
1.4528
1.31168
1.22412
1.15525
0.253486
0.266509
0.310583
0.38083
0.466555
0.561147
0.663188
0.772596
0.888487
1.0108
1.13459
1.24315
1.32717
1.38702
1.38745
1.2877
1.14243
1.0351
0.944717
0.230325
0.243082
0.290075
0.361415
0.447363
0.542054
0.644101
0.753056
0.867868
0.988377
1.10886
1.21229
1.28858
1.33051
1.29165
1.13263
0.963299
0.825869
0.705383
0.207015
0.219947
0.268544
0.341077
0.427477
0.522141
0.623884
0.732023
0.845492
0.963793
1.08058
1.1784
1.24669
1.26512
1.18161
0.983157
0.779494
0.593074
0.414552
0.184539
0.196949
0.246369
0.319946
0.406808
0.501468
0.602778
0.709976
0.821938
0.937718
1.05041
1.14198
1.20098
1.18431
1.05332
0.845516
0.617917
0.39944
0.200414
0.1616
0.173693
0.223351
0.297614
0.384848
0.479558
0.580507
0.686829
0.797238
0.910381
1.01881
1.1037
1.15042
1.10741
0.935833
0.73132
0.510585
0.301416
0.173337
0.135624
0.137393
0.149314
0.199159
0.273785
0.361196
0.455862
0.556379
0.66171
0.770342
0.880473
0.98414
1.06169
1.09446
1.03193
0.829821
0.635712
0.448464
0.305305
0.258761
0.232972
0.111838
0.123578
0.173535
0.248351
0.335785
0.430224
0.530131
0.634207
0.740714
0.847335
0.945572
1.01546
1.0314
0.931196
0.735834
0.556175
0.398915
0.308681
0.287947
0.282544
0.0846524
0.096243
0.146376
0.221319
0.308656
0.402712
0.501775
0.60432
0.708331
0.810963
0.903067
0.965204
0.954221
0.82866
0.648038
0.479497
0.352608
0.307835
0.305189
0.303369
0.0558564
0.0673458
0.117661
0.19271
0.279847
0.373361
0.471352
0.572092
0.673221
0.771395
0.856777
0.909775
0.87691
0.732074
0.565389
0.408996
0.331683
0.313517
0.314189
0.314445
0.0256606
0.0372378
0.0875172
0.162649
0.249485
0.34227
0.43897
0.537602
0.635459
0.728685
0.806989
0.848495
0.806814
0.644049
0.490432
0.36655
0.325297
0.323519
0.321556
0.321612
-0.0053948
0.00622119
0.056309
0.13141
0.217802
0.309674
0.404835
0.501053
0.595268
0.683104
0.754001
0.784921
0.732202
0.566317
0.425595
0.332243
0.319087
0.32438
0.326366
0.327118
-0.0367208
-0.0251691
0.0246612
0.09941
0.185218
0.275965
0.369322
0.462818
0.553019
0.635111
0.698253
0.720207
0.641586
0.495196
0.370917
0.332061
0.318237
0.32445
0.329981
0.331677
-0.0672381
-0.0561508
-0.00677859
0.0674317
0.152335
0.241713
0.332995
0.423471
0.509342
0.585308
0.640849
0.648491
0.548205
0.426193
0.348365
0.314745
0.318017
0.320163
0.323813
0.326708
-0.09588
-0.0851984
-0.0370744
0.0363698
0.12003
0.207738
0.296649
0.383828
0.465145
0.534542
0.583007
0.573778
0.454559
0.339558
0.3284
0.284084
0.287719
0.282397
0.280508
0.283014
-0.121339
-0.111061
-0.0646
0.00733411
0.0894176
0.175106
0.261337
0.344986
0.421621
0.484335
0.525298
0.505444
0.355619
0.20858
0.217016
0.246098
0.207664
0.194051
0.188681
0.189212
-0.14138
-0.131827
-0.0876711
-0.0179803
0.0618489
0.145082
0.228375
0.308343
0.380291
0.436729
0.468405
0.441247
0.256188
-0.00432395
-0.221785
-0.120207
-0.0201475
0.0193228
0.032372
0.0451059
-0.154335
-0.145802
-0.104606
-0.0379569
0.0389708
0.11923
0.199282
0.27555
0.34306
0.393893
0.414378
0.387707
0.184723
-0.0890723
-0.559494
-0.355202
-0.141519
-0.0921765
-0.0813451
-0.0730319
-0.157852
-0.150885
-0.113656
-0.0509579
0.0224717
0.0992161
0.175743
0.24854
0.312148
0.358318
0.369146
0.353268
0.23469
0.280341
0.366629
0.303856
0.0286822
-0.0758099
-0.0601729
-0.0579479
-0.151007
-0.145278
-0.112954
-0.0553286
0.0137722
0.0865265
0.159503
0.229283
0.290185
0.333138
0.344557
0.327003
0.302079
0.531147
1.04432
0.687379
0.200215
0.0073306
0.0285367
0.00474415
-0.130572
-0.126334
-0.100306
-0.0499027
0.0137111
0.0822341
0.151912
0.219475
0.279739
0.322754
0.331739
0.27789
0.0501496
-0.429035
-1.10073
-1.67436
-1.73598
-1.39279
-0.936993
-0.663823
-0.098797
-0.096149
-0.0769768
-0.0349525
0.0222454
0.0865271
0.153503
0.220357
0.282412
0.331426
0.345032
0.280947
-0.196739
-1.02552
-1.87252
-2.31373
-2.37671
-2.12344
-1.75794
-1.45861
-0.0599431
-0.0583736
-0.0467966
-0.0130218
0.0375903
0.0982097
0.163707
0.232019
0.299209
0.360715
0.401144
0.414007
0.16757
-0.135859
-0.427108
-0.474507
-0.265243
0.025618
0.296026
0.460851
-0.0204867
-0.0195317
-0.0136753
0.0107964
0.0562414
0.114745
0.180198
0.251913
0.328809
0.407754
0.497469
0.5835
0.753976
1.04342
1.49121
1.98978
2.43846
2.75089
2.92013
2.98453
0.0136071
0.0141874
0.0169739
0.0331859
0.0737517
0.131426
0.199167
0.275701
0.361923
0.460972
0.579546
0.726953
0.935623
1.38069
2.0195
2.64925
3.16113
3.49451
3.66351
3.72372
0.0453725
0.0459058
0.04681
0.055035
0.0886733
0.145478
0.216217
0.296847
0.387155
0.4918
0.607908
0.740202
0.877038
1.21099
1.75884
2.27772
2.69401
2.96491
3.10504
3.15846
0.0743155
0.0749686
0.0757118
0.0787907
0.103746
0.15886
0.231619
0.313696
0.403856
0.503599
0.613408
0.725597
0.839625
1.02606
1.42891
1.82005
2.13126
2.33788
2.44356
2.48327
0.0926989
0.0939982
0.0944888
0.0953436
0.116579
0.173365
0.248439
0.330558
0.41795
0.512071
0.610927
0.70079
0.785658
0.896637
1.16117
1.43415
1.64968
1.79223
1.86388
1.88985
0.105847
0.105906
0.102619
0.102403
0.128323
0.192695
0.271528
0.352398
0.434026
0.518417
0.603437
0.673213
0.735127
0.804179
0.980362
1.16132
1.3009
1.39198
1.4371
1.45273
0.153554
0.151362
0.144758
0.145527
0.174097
0.236802
0.310393
0.38296
0.454171
0.526058
0.597011
0.653393
0.697609
0.739241
0.860437
0.978542
1.06487
1.12024
1.14602
1.15408
0.268403
0.265147
0.259934
0.260611
0.280876
0.322847
0.372874
0.425986
0.480235
0.537284
0.59449
0.63962
0.670592
0.697949
0.778335
0.854736
0.908972
0.941924
0.95724
0.961524
0.411935
0.409984
0.407337
0.405671
0.410879
0.425062
0.446915
0.475463
0.510157
0.550787
0.595252
0.63287
0.658829
0.68346
0.731405
0.778642
0.812602
0.832777
0.84215
0.844482
0.525187
0.524231
0.52286
0.518757
0.512478
0.50837
0.510511
0.520411
0.538666
0.565312
0.59868
0.630695
0.657897
0.682731
0.713563
0.739486
0.758471
0.770774
0.776518
0.777655
0.588746
0.588202
0.587044
0.582224
0.572592
0.561761
0.554813
0.554363
0.561703
0.577365
0.601391
0.629324
0.656402
0.68022
0.699667
0.715129
0.726798
0.734822
0.738834
0.73933
0.615365
0.614963
0.613869
0.609737
0.601252
0.590606
0.581605
0.576697
0.577626
0.585696
0.60176
0.62443
0.650238
0.671577
0.681654
0.690685
0.700765
0.70911
0.713797
0.714222
0.622708
0.622348
0.621352
0.618249
0.612151
0.603926
0.595837
0.589806
0.587241
0.589247
0.596984
0.611343
0.631209
0.648535
0.651764
0.659503
0.672172
0.683653
0.690373
0.690786
0.622515
0.622174
0.621315
0.619012
0.614858
0.609057
0.602609
0.596687
0.592145
0.589362
0.588572
0.589783
0.594228
0.598622
0.601335
0.616386
0.634063
0.648582
0.656786
0.657605
0.620534
0.620217
0.619511
0.617724
0.614675
0.61054
0.605568
0.600238
0.594673
0.588042
0.577924
0.561547
0.540098
0.528401
0.538709
0.56454
0.589499
0.606657
0.615284
0.616072
0.618672
0.618408
0.61791
0.616565
0.61413
0.611002
0.607146
0.602657
0.596988
0.588277
0.57035
0.540041
0.489162
0.463047
0.486673
0.522618
0.550193
0.565529
0.571376
0.571877
0.616532
0.616355
0.616129
0.615357
0.613637
0.611146
0.608358
0.605258
0.601123
0.59424
0.575545
0.536285
0.474848
0.449437
0.480644
0.51449
0.533005
0.540693
0.543026
0.544613
0.612611
0.612518
0.612543
0.61231
0.611505
0.61016
0.608832
0.608976
0.607362
0.603781
0.593064
0.563448
0.517389
0.505952
0.52921
0.54761
0.554007
0.556803
0.558015
0.558251
0.605385
0.605393
0.605709
0.606065
0.606303
0.606662
0.607712
0.610197
0.613997
0.618289
0.619884
0.610507
0.593717
0.593663
0.597006
0.597317
0.593844
0.592889
0.592298
0.591115
0.593217
0.593355
0.593903
0.594872
0.596333
0.598651
0.602587
0.609136
0.619038
0.632653
0.648332
0.65922
0.667416
0.676893
0.661976
0.643985
0.631034
0.624578
0.622362
0.621404
0.573654
0.573967
0.575027
0.576855
0.579643
0.583982
0.591057
0.602049
0.618423
0.640603
0.667618
0.692615
0.717166
0.724035
0.697282
0.674768
0.662949
0.656159
0.65138
0.648831
0.543004
0.543573
0.545184
0.548003
0.552441
0.559209
0.569386
0.584414
0.605439
0.634002
0.666505
0.694374
0.715181
0.715193
0.694867
0.682248
0.676191
0.672838
0.664552
0.662552
0.497306
0.498199
0.5004
0.504387
0.510695
0.519843
0.532491
0.549745
0.572416
0.600618
0.63228
0.659671
0.671502
0.660865
0.650848
0.667415
0.685017
0.684315
0.676526
0.674846
0.432894
0.434049
0.436791
0.44201
0.450183
0.461149
0.474428
0.489704
0.504935
0.522052
0.551408
0.580578
0.582685
0.562602
0.581957
0.626008
0.663063
0.674994
0.666523
0.662955
0.348219
0.349418
0.35243
0.358746
0.36836
0.379779
0.390325
0.395576
0.389348
0.377015
0.41022
0.461904
0.46492
0.438133
0.488247
0.555305
0.601002
0.602224
0.595196
0.591298
0.246496
0.247333
0.25013
0.256957
0.266748
0.276455
0.279555
0.262949
0.215691
0.169004
0.218946
0.311003
0.308354
0.293135
0.373707
0.436712
0.471944
0.463024
0.455412
0.451231
0.136455
0.136634
0.138739
0.144055
0.153208
0.15959
0.153751
0.11034
0.0179865
-0.0319614
0.0365399
0.138955
0.159649
0.159555
0.219451
0.2665
0.252537
0.253746
0.253911
0.253661
0.0812447
0.08163
0.0855
0.0904761
0.0967569
0.100301
0.0779388
0.00735844
-0.0713657
-0.0622206
0.0343253
0.0948331
0.0645648
0.118516
0.140521
0.162625
0.153008
0.151479
0.151664
0.0494833
0.235983
0.596503
0.834121
1.03469
1.19716
1.32757
1.43283
1.52246
1.58674
1.58334
0.766161
0.929208
1.07882
1.20774
1.31817
1.41068
1.48701
1.5462
1.58234
1.5959
1.04725
1.14946
1.24841
1.33749
1.41512
1.48114
1.53523
1.57646
1.60569
1.62533
1.23697
1.30569
1.37607
1.4412
1.49753
1.54603
1.5865
1.61907
1.64507
1.66348
1.3804
1.42803
1.48231
1.53053
1.57367
1.61154
1.64422
1.67173
1.6945
1.71031
1.49534
1.53344
1.57572
1.61385
1.64928
1.68129
1.70958
1.73379
1.75389
1.76694
1.59465
1.62756
1.66328
1.69728
1.72915
1.75845
1.78454
1.80675
1.82479
1.83539
1.68696
1.71856
1.75327
1.78698
1.81832
1.84693
1.8721
1.89313
1.90949
1.91819
1.78252
1.81744
1.85449
1.89019
1.92232
1.95077
1.9751
1.99498
2.00987
2.01792
1.89591
1.93623
1.97553
2.01257
2.04451
2.0717
2.09437
2.11268
2.12642
2.13555
2.04007
2.08299
2.1205
2.1542
2.18229
2.20613
2.2268
2.24425
2.25814
2.26929
2.21789
2.25552
2.28375
2.30807
2.32911
2.34843
2.36671
2.38388
2.3998
2.41433
2.4156
2.43666
2.45168
2.46754
2.48383
2.49915
2.51288
2.52616
2.54168
2.56005
2.60643
2.61356
2.62409
2.63565
2.64558
2.6548
2.66507
2.67619
2.68782
2.69669
2.81939
2.82117
2.81327
2.79676
2.78563
2.78509
2.79725
2.82186
2.85599
2.88053
3.23906
3.04517
2.94411
2.88628
2.85717
2.85055
2.86576
2.90658
2.98244
3.1254
0.307411
0.302921
0.342022
0.412712
0.498287
0.593563
1.4701
1.53992
1.54104
1.46491
1.39646
1.3247
1.08479
0.850201
0.566209
0.188389
-0.200866
)
;

boundaryField
{
    wall-4
    {
        type            zeroGradient;
    }
    pressure-outlet-7
    {
        type            fixedValue;
        value           uniform 0;
    }
    velocity-inlet-6
    {
        type            zeroGradient;
    }
    velocity-inlet-5
    {
        type            zeroGradient;
    }
    frontAndBackPlanes
    {
        type            empty;
    }
}


// ************************************************************************* //
