/*--------------------------------*- C++ -*----------------------------------*\
  =========                 |
  \\      /  F ield         | OpenFOAM: The Open Source CFD Toolbox
   \\    /   O peration     | Website:  https://openfoam.org
    \\  /    A nd           | Version:  9
     \\/     M anipulation  |
\*---------------------------------------------------------------------------*/
FoamFile
{
    format      ascii;
    class       volScalarField;
    location    "64";
    object      p;
}
// * * * * * * * * * * * * * * * * * * * * * * * * * * * * * * * * * * * * * //

dimensions      [0 2 -2 0 0 0 0];

internalField   nonuniform List<scalar> 
8800
(
0.839458
0.791672
0.752984
0.723992
0.703132
0.688308
0.677722
0.670257
0.665459
0.663431
0.664732
0.668949
0.675614
0.684945
0.697735
0.715476
0.740258
0.774202
0.816754
0.875457
0.670703
0.678382
0.68586
0.68917
0.68767
0.682598
0.676119
0.670055
0.665351
0.662534
0.662287
0.664825
0.669338
0.675302
0.682084
0.688372
0.692018
0.691285
0.685869
0.677182
0.6491
0.655261
0.659389
0.662337
0.664391
0.665003
0.663907
0.661819
0.659827
0.658952
0.65995
0.662362
0.665183
0.66738
0.667999
0.666808
0.664472
0.661083
0.656527
0.652766
0.643281
0.645932
0.648686
0.651092
0.652732
0.653902
0.654655
0.65479
0.654521
0.654508
0.6553
0.656503
0.657367
0.65745
0.656854
0.655772
0.653962
0.651397
0.648997
0.647493
0.637888
0.639313
0.641094
0.64313
0.64492
0.646269
0.647272
0.648089
0.648733
0.649339
0.650035
0.650568
0.650696
0.650429
0.649747
0.648509
0.646821
0.644979
0.643675
0.642843
0.632795
0.633716
0.634959
0.63653
0.638169
0.639703
0.641003
0.642093
0.643091
0.644031
0.644773
0.645144
0.645134
0.644719
0.643856
0.642669
0.641351
0.640098
0.639279
0.638728
0.627868
0.628538
0.629503
0.63081
0.632225
0.633694
0.63515
0.636498
0.637735
0.638897
0.639778
0.640197
0.640151
0.63967
0.638885
0.637954
0.636954
0.636039
0.635457
0.635051
0.62306
0.623577
0.624363
0.625498
0.626783
0.628168
0.629632
0.631133
0.632604
0.634003
0.63508
0.63561
0.63563
0.635279
0.634702
0.633996
0.633238
0.632564
0.632134
0.631816
0.618299
0.618709
0.619368
0.620379
0.621593
0.622933
0.624399
0.625987
0.627657
0.629325
0.630653
0.63138
0.631598
0.63147
0.631118
0.630625
0.630073
0.629592
0.629273
0.629015
0.613497
0.613831
0.614401
0.615333
0.616499
0.617826
0.619329
0.621018
0.62288
0.624843
0.626495
0.627523
0.628022
0.62815
0.628031
0.627765
0.627409
0.62709
0.626855
0.626638
0.608566
0.608843
0.609351
0.610238
0.611387
0.61274
0.614319
0.616151
0.618246
0.620551
0.622611
0.624026
0.624863
0.625285
0.625421
0.625383
0.625222
0.625045
0.624878
0.62469
0.603415
0.603648
0.604117
0.60499
0.606161
0.607583
0.60928
0.611309
0.613703
0.616432
0.618993
0.620871
0.622104
0.622864
0.623286
0.623484
0.623522
0.623475
0.623364
0.623196
0.597954
0.598152
0.598601
0.599488
0.600724
0.60226
0.60413
0.606424
0.609198
0.612457
0.615625
0.618055
0.619751
0.620896
0.62164
0.62209
0.622342
0.622418
0.622355
0.622201
0.592078
0.592248
0.592695
0.593625
0.594967
0.596667
0.598778
0.601416
0.604672
0.608587
0.61249
0.61558
0.617822
0.61941
0.620521
0.621277
0.621741
0.621936
0.621913
0.621767
0.58567
0.585815
0.586276
0.587278
0.588772
0.590696
0.593125
0.596203
0.600065
0.604785
0.609577
0.613455
0.616343
0.618456
0.619983
0.62107
0.621779
0.622099
0.622113
0.621971
0.578589
0.57871
0.579197
0.580304
0.582001
0.58422
0.587056
0.590692
0.595306
0.601011
0.606877
0.611696
0.615349
0.618078
0.6201
0.621571
0.622551
0.622998
0.623046
0.622903
0.57065
0.57075
0.571282
0.572529
0.574487
0.57708
0.580434
0.584773
0.590318
0.597225
0.604384
0.610325
0.614881
0.618336
0.620949
0.622867
0.624151
0.624733
0.624812
0.624666
0.561629
0.561729
0.562315
0.56372
0.566011
0.569089
0.573102
0.578319
0.585019
0.593392
0.602103
0.609373
0.614995
0.619301
0.622616
0.625057
0.626683
0.627408
0.627516
0.627362
0.551209
0.55129
0.551967
0.553597
0.556323
0.560022
0.564866
0.571189
0.57932
0.589479
0.600047
0.608883
0.615756
0.621066
0.625182
0.628242
0.630255
0.631128
0.631261
0.631096
0.539016
0.539083
0.53986
0.541802
0.545085
0.549582
0.55549
0.563212
0.573125
0.585459
0.598234
0.608903
0.617228
0.623708
0.628752
0.632528
0.634961
0.635984
0.636135
0.635955
0.524492
0.524548
0.525467
0.527825
0.531848
0.537395
0.544689
0.554203
0.566345
0.581318
0.596699
0.609493
0.619478
0.627294
0.633417
0.637995
0.640873
0.642036
0.642197
0.641998
0.506869
0.506914
0.508046
0.510989
0.516024
0.52299
0.53213
0.543977
0.558922
0.57709
0.595509
0.610723
0.62258
0.631906
0.639214
0.64469
0.648017
0.649296
0.649451
0.649232
0.484983
0.485025
0.486505
0.490331
0.496824
0.505789
0.51746
0.532385
0.550859
0.572857
0.594766
0.612678
0.626603
0.637588
0.646194
0.652606
0.656345
0.657695
0.657827
0.657587
0.457081
0.457144
0.459215
0.464466
0.473225
0.485125
0.500365
0.519381
0.542265
0.568784
0.594619
0.615459
0.631596
0.644345
0.654337
0.661661
0.665716
0.667065
0.667151
0.666892
0.420122
0.420286
0.423571
0.431448
0.444031
0.460416
0.480742
0.505126
0.533404
0.565128
0.595258
0.619183
0.637612
0.652179
0.663564
0.67167
0.675873
0.677123
0.677141
0.676867
0.368272
0.369259
0.375791
0.389065
0.408291
0.431619
0.458958
0.490129
0.524763
0.562265
0.596912
0.62397
0.644682
0.660991
0.67368
0.682325
0.686435
0.687483
0.687425
0.687144
0.292577
0.299894
0.315003
0.338388
0.367515
0.40014
0.436051
0.475035
0.516717
0.560476
0.599956
0.630353
0.653514
0.671713
0.685622
0.69459
0.698457
0.699289
0.699184
0.698938
0.21124
0.228544
0.253022
0.287157
0.326574
0.368627
0.413173
0.460153
0.509262
0.559937
0.60512
0.639631
0.665735
0.686162
0.701429
0.710347
0.713597
0.71415
0.714075
0.713915
0.143437
0.163817
0.196035
0.239307
0.287806
0.338737
0.391651
0.446469
0.502866
0.560262
0.610876
0.649215
0.678038
0.700288
0.716244
0.724771
0.727586
0.728083
0.728072
0.727957
0.0879051
0.109945
0.147691
0.197416
0.253094
0.311511
0.371842
0.433869
0.497122
0.560921
0.6167
0.658638
0.689928
0.713753
0.730401
0.738922
0.741531
0.742023
0.742038
0.741953
0.0416938
0.0649109
0.10645
0.161301
0.222753
0.287356
0.354053
0.422484
0.492016
0.561826
0.622528
0.667904
0.701566
0.726989
0.744444
0.75315
0.755935
0.756342
0.756375
0.756308
0.0025293
0.0264032
0.0708159
0.129719
0.196026
0.26589
0.338126
0.41227
0.487553
0.562985
0.628369
0.67706
0.713046
0.740039
0.758442
0.767629
0.770502
0.770945
0.77099
0.770953
-0.0316223
-0.00732547
0.0393507
0.101601
0.172013
0.246464
0.323623
0.402929
0.483503
0.564211
0.634069
0.685973
0.724233
0.752792
0.772123
0.781882
0.784996
0.785467
0.785523
0.785501
-0.062265
-0.0375998
0.0109201
0.0760305
0.149989
0.228463
0.310035
0.394053
0.479556
0.565278
0.639442
0.694455
0.734906
0.764998
0.785243
0.795518
0.798905
0.799462
0.79952
0.799509
-0.0903743
-0.0653807
-0.0152858
0.0522939
0.129367
0.21141
0.29696
0.385314
0.475444
0.565954
0.64429
0.702319
0.744876
0.776377
0.797527
0.808307
0.811945
0.812607
0.812642
0.812631
-0.11676
-0.0913927
-0.0398689
0.0298562
0.109713
0.194946
0.2841
0.376446
0.470921
0.566038
0.648467
0.709456
0.754048
0.786919
0.808816
0.819996
0.823836
0.824557
0.824574
0.824551
-0.141807
-0.116062
-0.0632683
0.00836889
0.0907097
0.178807
0.271226
0.367255
0.465827
0.565405
0.65189
0.715829
0.762405
0.796516
0.819006
0.830498
0.834467
0.835221
0.835223
0.835184
-0.16595
-0.139737
-0.0859114
-0.0124157
0.0721326
0.162799
0.258189
0.357615
0.460044
0.563944
0.654491
0.721433
0.769986
0.80524
0.828246
0.839875
0.843849
0.84461
0.84457
0.84451
-0.189329
-0.162662
-0.107806
-0.0326755
0.0538456
0.14682
0.244899
0.347447
0.45349
0.561579
0.656226
0.726285
0.776885
0.813243
0.836608
0.848209
0.852152
0.852872
0.852806
0.852724
-0.212084
-0.184957
-0.129073
-0.0525094
0.0357815
0.130815
0.231311
0.336703
0.446118
0.558249
0.657044
0.730407
0.783206
0.820676
0.844269
0.855715
0.859499
0.860142
0.860057
0.859958
-0.234353
-0.206699
-0.149828
-0.0719596
0.0179
0.114769
0.217426
0.32539
0.437914
0.553907
0.65689
0.733801
0.789062
0.827735
0.851428
0.862517
0.866023
0.866554
0.866429
0.866313
-0.256178
-0.227899
-0.170123
-0.0910368
0.000219788
0.0986994
0.203276
0.313536
0.42889
0.548517
0.655702
0.736442
0.794539
0.834614
0.858297
0.868779
0.871811
0.872163
0.872008
0.871883
-0.277407
-0.248537
-0.189894
-0.109725
-0.0172371
0.0826605
0.188909
0.301201
0.419091
0.542088
0.653407
0.738264
0.799657
0.841524
0.865215
0.874764
0.877011
0.87707
0.876875
0.876757
-0.298028
-0.268592
-0.209135
-0.127982
-0.0344224
0.0667026
0.174406
0.288454
0.408583
0.534636
0.649945
0.739149
0.804366
0.84862
0.872631
0.881017
0.881954
0.881387
0.88113
0.881075
-0.318109
-0.288036
-0.227829
-0.145788
-0.0512793
0.0509021
0.159848
0.27539
0.397449
0.526213
0.645259
0.738944
0.808506
0.85588
0.88098
0.888453
0.887518
0.88552
0.884956
0.885206
-0.337488
-0.30685
-0.245924
-0.16309
-0.0677546
0.035337
0.145324
0.262115
0.385798
0.516904
0.639323
0.737462
0.811805
0.863002
0.890348
0.898151
0.895681
0.891288
0.888989
0.888812
-0.356258
-0.325027
-0.26344
-0.179919
-0.0838825
0.0199645
0.130779
0.248573
0.373565
0.506638
0.632004
0.734427
0.81397
0.869517
0.900189
0.910521
0.908878
0.901883
0.89424
0.8805
-0.37435
-0.342555
-0.280493
-0.196475
-0.0999421
0.0044618
0.11581
0.234299
0.360235
0.494806
0.622688
0.729104
0.814503
0.874815
0.908957
0.923623
0.923347
0.910154
0.889804
0.878956
-0.391594
-0.359581
-0.296895
-0.212567
-0.115581
-0.0108333
0.100637
0.219608
0.346101
0.481646
0.611403
0.720965
0.812495
0.877703
0.912575
0.927097
0.928984
0.904667
0.83725
0.807126
-0.407329
-0.377365
-0.312334
-0.227716
-0.130001
-0.0254217
0.0855762
0.204728
0.331377
0.467271
0.598056
0.709654
0.806412
0.877424
0.905805
0.915287
0.901794
0.846303
0.777127
0.734638
-0.462298
-0.393051
-0.326305
-0.243054
-0.14485
-0.0407825
0.0705569
0.189369
0.31568
0.451202
0.582003
0.694442
0.792228
0.869968
0.872276
0.872527
0.819659
0.747417
0.670104
0.627101
-0.424002
-0.408058
-0.347164
-0.262821
-0.166837
-0.0628127
0.0475002
0.165675
0.291029
0.425215
0.554258
0.665341
0.75582
0.839034
0.822796
0.705677
0.598085
0.523265
0.448966
0.478402
-0.454511
-0.425404
-0.363622
-0.28012
-0.184169
-0.0802619
0.0303226
0.147863
0.272158
0.404569
0.530872
0.637807
0.718619
0.762933
0.712154
0.559731
0.429616
0.336678
0.237135
0.286168
-0.478019
-0.44599
-0.38305
-0.299418
-0.203347
-0.099547
0.0109504
0.127654
0.250547
0.380559
0.503145
0.60386
0.6757
0.685204
0.575914
0.400634
0.246059
0.125807
-0.00618177
0.0260725
-0.500999
-0.467469
-0.403381
-0.318839
-0.222696
-0.119055
-0.00909159
0.106641
0.227932
0.355151
0.47303
0.565842
0.622183
0.599916
0.438753
0.240512
0.0488414
-0.120087
-0.309209
-0.328411
-0.523391
-0.489429
-0.424469
-0.339163
-0.242893
-0.139485
-0.0301844
0.084447
0.203868
0.32788
0.440304
0.525082
0.561601
0.502614
0.308148
0.0960589
-0.122215
-0.312151
-0.554446
-0.851555
-0.546083
-0.512124
-0.446641
-0.360863
-0.264422
-0.161195
-0.0524898
0.0609998
0.178432
0.298952
0.405598
0.481816
0.496834
0.386466
0.194439
-0.0168682
-0.222115
-0.395043
-0.464889
-0.543673
-0.570029
-0.536013
-0.470242
-0.384253
-0.287775
-0.184826
-0.0768107
0.0353585
0.150476
0.266958
0.36741
0.432344
0.422193
0.278106
0.0933149
-0.0989
-0.262751
-0.356292
-0.38051
-0.396372
-0.595531
-0.561394
-0.495443
-0.409408
-0.313081
-0.210585
-0.103505
0.00703656
0.119411
0.2312
0.324926
0.375464
0.347515
0.17745
0.00165281
-0.165411
-0.292857
-0.332201
-0.345067
-0.346389
-0.622791
-0.588442
-0.522309
-0.436323
-0.340291
-0.238479
-0.132591
-0.0240156
0.0851716
0.191681
0.277743
0.31389
0.265958
0.0844956
-0.082206
-0.231812
-0.30854
-0.325588
-0.326948
-0.326768
-0.65187
-0.617225
-0.550868
-0.465
-0.369424
-0.268498
-0.164074
-0.0578129
0.0477682
0.148475
0.225973
0.250213
0.166129
-0.000325899
-0.158758
-0.282013
-0.31875
-0.317123
-0.316217
-0.315617
-0.682485
-0.647562
-0.581017
-0.495354
-0.400393
-0.300588
-0.197923
-0.0943283
0.00724241
0.101692
0.17048
0.177744
0.0753781
-0.0790397
-0.219389
-0.29591
-0.306108
-0.308649
-0.309288
-0.309007
-0.714091
-0.679013
-0.612505
-0.527159
-0.433016
-0.334593
-0.233986
-0.133429
-0.0362186
0.0516836
0.111735
0.10401
-0.00576966
-0.145529
-0.263602
-0.29515
-0.303455
-0.304698
-0.304398
-0.304091
-0.746224
-0.711031
-0.644886
-0.560024
-0.466951
-0.370197
-0.271985
-0.174829
-0.0823288
-0.000871826
0.0488215
0.033839
-0.0802028
-0.198839
-0.293358
-0.310395
-0.301569
-0.300564
-0.300473
-0.300215
-0.777986
-0.742893
-0.67729
-0.593362
-0.50166
-0.406931
-0.311472
-0.218048
-0.130616
-0.055328
-0.0154631
-0.0306535
-0.14525
-0.238161
-0.293624
-0.303646
-0.300345
-0.298894
-0.29825
-0.297987
-0.807836
-0.773432
-0.708749
-0.626255
-0.536384
-0.444101
-0.351801
-0.262402
-0.180278
-0.111115
-0.0747488
-0.102392
-0.198535
-0.271717
-0.276052
-0.294702
-0.299311
-0.297867
-0.297312
-0.296927
-0.834159
-0.800838
-0.738138
-0.657523
-0.570095
-0.480785
-0.392114
-0.307035
-0.23019
-0.167313
-0.131008
-0.172363
-0.24874
-0.289177
-0.307346
-0.305329
-0.304439
-0.30398
-0.303842
-0.303425
-0.854845
-0.823237
-0.763428
-0.685765
-0.601525
-0.515849
-0.431338
-0.350924
-0.279192
-0.222556
-0.189114
-0.230408
-0.297015
-0.344972
-0.356598
-0.341029
-0.328483
-0.325517
-0.323834
-0.322732
-0.867659
-0.838747
-0.782695
-0.709118
-0.629193
-0.547994
-0.468273
-0.39287
-0.326179
-0.275054
-0.244977
-0.278013
-0.338594
-0.412544
-0.384549
-0.363872
-0.355622
-0.349961
-0.34504
-0.34404
-0.869988
-0.845119
-0.794009
-0.725781
-0.651423
-0.57585
-0.501619
-0.431622
-0.369938
-0.323139
-0.290344
-0.30853
-0.341377
-0.439142
-0.393147
-0.353753
-0.3342
-0.327227
-0.325593
-0.325049
-0.859632
-0.839612
-0.795212
-0.734176
-0.666763
-0.597944
-0.530107
-0.465923
-0.409163
-0.36562
-0.323568
-0.305166
-0.260937
-0.298113
-0.289382
-0.281742
-0.285497
-0.289355
-0.291105
-0.290754
-0.834601
-0.819552
-0.784493
-0.733077
-0.674249
-0.61332
-0.552607
-0.494582
-0.442887
-0.402119
-0.350225
-0.280068
-0.120427
0.0749094
-0.0239442
-0.177388
-0.252711
-0.282899
-0.293221
-0.295712
-0.797457
-0.787759
-0.762673
-0.722644
-0.673874
-0.621747
-0.568554
-0.516681
-0.470204
-0.433387
-0.392041
-0.332169
-0.23131
-0.123972
-0.2458
-0.340019
-0.387373
-0.405687
-0.41409
-0.419155
-0.754937
-0.749437
-0.734623
-0.705682
-0.667553
-0.623988
-0.578049
-0.53205
-0.48974
-0.458328
-0.437811
-0.498739
-0.726065
-1.03991
-1.07179
-0.877533
-0.725516
-0.652423
-0.632832
-0.628475
-0.716896
-0.713583
-0.706576
-0.687629
-0.658167
-0.621835
-0.581903
-0.540254
-0.500385
-0.469702
-0.455096
-0.558925
-0.722809
-0.870446
-0.842864
-0.739407
-0.700039
-0.67225
-0.646524
-0.64339
-0.689931
-0.687916
-0.684382
-0.672731
-0.649529
-0.618095
-0.581803
-0.541626
-0.500344
-0.460005
-0.440628
-0.414636
-0.438351
-0.494069
-0.591553
-0.695787
-0.758669
-0.731127
-0.648884
-0.60466
-0.669482
-0.668753
-0.667616
-0.661835
-0.644186
-0.615703
-0.57975
-0.538935
-0.492784
-0.44525
-0.413693
-0.386324
-0.314395
-0.20914
-0.136639
-0.101512
-0.0919401
-0.0832243
-0.0399836
-0.0122684
-0.65758
-0.657284
-0.656667
-0.654015
-0.641606
-0.614607
-0.577483
-0.53343
-0.483013
-0.427026
-0.373568
-0.33117
-0.165888
0.077605
0.328021
0.525831
0.587402
0.603195
0.600259
0.597522
-0.64978
-0.649602
-0.649037
-0.648097
-0.640669
-0.615695
-0.576617
-0.527586
-0.470209
-0.400033
-0.325664
-0.23953
-0.0497771
0.22168
0.465007
0.641116
0.748991
0.820637
0.8661
0.884756
-0.645572
-0.645299
-0.644542
-0.644084
-0.64071
-0.619754
-0.577875
-0.523399
-0.456858
-0.379385
-0.287106
-0.190223
0.037669
0.302482
0.555679
0.763037
0.913195
1.03661
1.12072
1.15279
-0.645481
-0.645482
-0.645479
-0.645378
-0.645677
-0.627445
-0.581934
-0.521477
-0.448843
-0.360674
-0.257507
-0.163248
0.0476529
0.345799
0.65388
0.931562
1.15072
1.29664
1.37516
1.40045
-0.645061
-0.646327
-0.649725
-0.655298
-0.658077
-0.636891
-0.587395
-0.524743
-0.447327
-0.351546
-0.247743
-0.146069
0.0309585
0.324698
0.637038
0.914659
1.14317
1.28419
1.34845
1.36557
-0.646737
-0.647634
-0.646253
-0.641125
-0.636868
-0.625443
-0.592339
-0.535209
-0.452506
-0.351949
-0.248846
-0.148981
-0.02046
0.244452
0.514998
0.752102
0.939378
1.04965
1.09745
1.10886
-0.677896
-0.675077
-0.656184
-0.614769
-0.584792
-0.602214
-0.607721
-0.552968
-0.462743
-0.357444
-0.25589
-0.15822
-0.0561165
0.133995
0.356739
0.539893
0.681982
0.761638
0.795016
0.801282
-0.746286
-0.743743
-0.742188
-0.740429
-0.731847
-0.727381
-0.684027
-0.587271
-0.477509
-0.364602
-0.264462
-0.179029
-0.103734
0.0345988
0.202858
0.341191
0.447017
0.503046
0.525124
0.527736
-0.879903
-0.898192
-0.944145
-0.986564
-0.985326
-0.937144
-0.797613
-0.63335
-0.488868
-0.367753
-0.272938
-0.200039
-0.145649
-0.0460716
0.0765716
0.176395
0.248993
0.286768
0.300472
0.301809
-0.971913
-0.996513
-1.03968
-1.07264
-1.06852
-1.00748
-0.836572
-0.641065
-0.483031
-0.360406
-0.272793
-0.212476
-0.169655
-0.102379
-0.0218927
0.0452473
0.0915586
0.11434
0.122392
0.121399
-0.882757
-0.90432
-0.939861
-0.970694
-0.969579
-0.90281
-0.739481
-0.575954
-0.439132
-0.334197
-0.26165
-0.214037
-0.177194
-0.133588
-0.089938
-0.0571964
-0.0367121
-0.0288938
-0.0262631
-0.0268131
-0.600201
-0.619024
-0.653396
-0.688793
-0.699591
-0.651523
-0.551075
-0.448419
-0.360706
-0.290391
-0.238761
-0.203591
-0.172957
-0.150468
-0.134597
-0.126541
-0.126871
-0.129897
-0.130864
-0.131032
-0.249565
-0.260188
-0.282304
-0.313263
-0.339382
-0.342856
-0.329842
-0.301754
-0.269802
-0.237185
-0.211591
-0.191238
-0.173254
-0.163728
-0.16199
-0.167809
-0.178336
-0.184474
-0.185149
-0.184742
0.00954909
0.00440844
-0.0107168
-0.0388794
-0.0792165
-0.122436
-0.154413
-0.175775
-0.184807
-0.184933
-0.184363
-0.185739
-0.183979
-0.177268
-0.173457
-0.17791
-0.185119
-0.188764
-0.188737
-0.188544
0.133775
0.130772
0.119618
0.094482
0.0530915
0.00149869
-0.048269
-0.0891943
-0.118473
-0.139315
-0.158572
-0.183042
-0.197974
-0.183434
-0.173309
-0.166408
-0.165543
-0.164483
-0.163642
-0.163819
0.165151
0.163153
0.154981
0.135351
0.101511
0.0574534
0.0103984
-0.0333526
-0.0698277
-0.0998506
-0.129243
-0.166092
-0.186859
-0.166322
-0.146553
-0.136983
-0.131822
-0.129698
-0.129313
-0.129889
0.154596
0.153264
0.147673
0.133904
0.109674
0.0768046
0.0388962
0.0010752
-0.0333335
-0.0633395
-0.0907221
-0.119233
-0.129076
-0.115092
-0.103806
-0.0989004
-0.0962894
-0.0955367
-0.0958028
-0.0964216
0.131008
0.130208
0.126647
0.117639
0.101341
0.0783242
0.0503051
0.0209202
-0.00673889
-0.0298756
-0.0448417
-0.0549041
-0.0530079
-0.0505438
-0.0541288
-0.0582766
-0.0608493
-0.0622117
-0.0630139
-0.0636753
0.106013
0.105624
0.103513
0.0979416
0.0874834
0.0721441
0.0527545
0.0317685
0.0121531
-0.00188664
-0.00465141
0.00614758
0.019646
0.00693361
-0.0095924
-0.0217348
-0.0286695
-0.0320288
-0.0335178
-0.0342015
0.0834281
0.0832061
0.0820444
0.0787618
0.0723368
0.0625665
0.049907
0.036078
0.0238356
0.0176788
0.0244054
0.0431406
0.0589642
0.0425209
0.021585
0.0064064
-0.00251541
-0.00702512
-0.00919141
-0.00981486
0.0635796
0.0635233
0.0629446
0.0611958
0.057355
0.0514996
0.043771
0.0354293
0.0290171
0.0287553
0.0400314
0.0588624
0.07015
0.0552356
0.0374947
0.0245461
0.0169708
0.0121586
0.0097897
0.00920544
0.0460118
0.0460387
0.0458118
0.0449426
0.0430016
0.0397747
0.0354407
0.0309997
0.0285784
0.0318175
0.0447929
0.0612753
0.0670437
0.0551258
0.0423839
0.0331176
0.0273436
0.0235931
0.0216935
0.0212603
0.0303151
0.0303708
0.0303157
0.0300429
0.0291653
0.0276166
0.025465
0.0234805
0.0233426
0.0280489
0.0408455
0.0574321
0.0603112
0.048834
0.0392378
0.0338573
0.0306401
0.0282928
0.0270618
0.0266617
0.0160594
0.0161306
0.0161806
0.0161413
0.015884
0.015313
0.0145243
0.013868
0.0144355
0.0184283
0.0293594
0.043443
0.046013
0.0352915
0.0278452
0.0253448
0.0245069
0.0247781
0.0238457
0.0232747
0.00284106
0.00288768
0.00286948
0.00295639
0.00314728
0.00318882
0.00303972
0.00283199
0.0028362
0.00328963
0.00497333
0.00976441
0.0151098
0.0166707
0.0107595
0.00915096
0.00794264
0.00592173
0.0053855
0.00531069
-0.0827091
0.0834002
0.277132
0.446138
0.580839
0.686498
0.773637
0.847879
0.881846
0.858604
0.217598
0.337637
0.466692
0.578065
0.671749
0.749114
0.811731
0.856227
0.8785
0.890668
0.434804
0.517072
0.605254
0.683013
0.749824
0.805704
0.850161
0.882677
0.906238
0.924283
0.594528
0.653452
0.714533
0.771261
0.820533
0.862395
0.896808
0.924296
0.946992
0.96533
0.719212
0.762034
0.807737
0.851271
0.889748
0.923372
0.952176
0.976175
0.996502
1.01436
0.823064
0.855771
0.893711
0.929087
0.961579
0.990722
1.0162
1.03764
1.05545
1.07281
0.915323
0.94392
0.977777
1.00982
1.03968
1.06679
1.09049
1.11018
1.12566
1.14274
1.00374
1.03288
1.06682
1.09881
1.12836
1.15491
1.17775
1.19621
1.20957
1.2266
1.09895
1.13212
1.16873
1.20227
1.23229
1.25845
1.28038
1.29765
1.3095
1.3269
1.21389
1.25169
1.29031
1.32454
1.35386
1.3786
1.39896
1.41484
1.4263
1.44436
1.35879
1.39732
1.43345
1.46412
1.48979
1.51187
1.53092
1.54645
1.55887
1.57686
1.53384
1.56546
1.59163
1.61407
1.63404
1.65276
1.67047
1.68694
1.70229
1.72035
1.72245
1.73964
1.75467
1.7709
1.7868
1.80133
1.81453
1.82846
1.846
1.86615
1.90416
1.91369
1.92523
1.93604
1.94532
1.9549
1.96568
1.97705
1.98841
2.00376
2.11139
2.11505
2.1001
2.08529
2.07902
2.08469
2.10317
2.13348
2.16565
2.19231
2.41771
2.28284
2.2062
2.16382
2.14639
2.15036
2.17775
2.23417
2.33679
2.56115
0.730055
0.727927
0.723444
0.714821
0.7026
0.690476
0.680254
0.672368
0.666765
0.663531
0.6632
0.665962
0.671083
0.678318
0.687715
0.69926
0.711914
0.722952
0.729065
0.73212
0.654502
0.660349
0.666684
0.671179
0.673652
0.673332
0.670601
0.666802
0.663307
0.661068
0.660946
0.663168
0.666849
0.671151
0.674967
0.676856
0.675924
0.672445
0.667284
0.660663
0.646066
0.648363
0.651768
0.654766
0.656845
0.658347
0.65911
0.658804
0.657795
0.656935
0.657137
0.65859
0.660425
0.661744
0.661934
0.661051
0.659507
0.657174
0.653913
0.650994
0.640541
0.641627
0.643461
0.645842
0.64787
0.649303
0.650332
0.651097
0.651517
0.651764
0.652286
0.653122
0.653741
0.653823
0.653421
0.652581
0.651117
0.649037
0.646954
0.645572
0.635317
0.63598
0.637089
0.638797
0.640583
0.642222
0.643527
0.644557
0.645461
0.64628
0.647044
0.647628
0.647846
0.647697
0.647143
0.646098
0.644677
0.643139
0.641825
0.641046
0.630316
0.630776
0.631563
0.632865
0.634357
0.635881
0.637357
0.638671
0.639831
0.64092
0.641876
0.642481
0.642654
0.642401
0.64172
0.640742
0.639625
0.638499
0.637589
0.637072
0.625456
0.6258
0.626412
0.627484
0.628783
0.630165
0.631616
0.63308
0.63448
0.635798
0.636955
0.63769
0.637901
0.637652
0.637071
0.636309
0.63547
0.634612
0.633944
0.633567
0.620681
0.620949
0.621443
0.622356
0.623531
0.624837
0.626245
0.627754
0.629325
0.630888
0.632291
0.633212
0.633554
0.633464
0.633095
0.632553
0.631919
0.631291
0.630805
0.630517
0.615911
0.616123
0.616535
0.617337
0.618433
0.619692
0.621092
0.62265
0.624356
0.626161
0.627857
0.629046
0.629633
0.62979
0.629654
0.629336
0.628911
0.628476
0.628131
0.627906
0.611056
0.611227
0.611579
0.612309
0.613359
0.614598
0.616028
0.617672
0.619539
0.621604
0.62365
0.625203
0.626119
0.626567
0.626688
0.626603
0.626393
0.626133
0.625904
0.625725
0.606026
0.606164
0.606475
0.607161
0.608196
0.609459
0.610958
0.612731
0.614813
0.617195
0.619668
0.621674
0.622985
0.623773
0.624185
0.62435
0.624353
0.624263
0.624133
0.62399
0.600733
0.600844
0.601127
0.601793
0.602847
0.604181
0.605793
0.60775
0.610113
0.612896
0.615897
0.618447
0.620224
0.621404
0.622147
0.622584
0.622809
0.622891
0.622848
0.622732
0.595078
0.595166
0.595433
0.596104
0.597213
0.598661
0.60044
0.602648
0.605371
0.608661
0.612308
0.615512
0.617841
0.619477
0.620593
0.621348
0.621823
0.622066
0.6221
0.622004
0.588952
0.589019
0.589279
0.589979
0.591181
0.592788
0.594799
0.597338
0.600521
0.604442
0.608878
0.612867
0.615853
0.618024
0.61957
0.620681
0.62143
0.621849
0.621957
0.621878
0.582224
0.582271
0.582534
0.583284
0.584618
0.586442
0.588758
0.59172
0.595484
0.600186
0.60558
0.610514
0.61428
0.617084
0.619134
0.620644
0.621712
0.622321
0.622502
0.622436
0.574739
0.574768
0.575036
0.575859
0.577371
0.579476
0.582182
0.585682
0.590174
0.595834
0.602392
0.608458
0.613149
0.616699
0.619349
0.621338
0.622766
0.623578
0.62383
0.623775
0.566296
0.56631
0.566583
0.567505
0.569253
0.571703
0.574911
0.579091
0.584488
0.591328
0.599296
0.606714
0.612502
0.616928
0.620286
0.622846
0.624682
0.625721
0.626045
0.625997
0.55659
0.556575
0.556905
0.557969
0.560002
0.562911
0.566757
0.571791
0.578319
0.586608
0.59628
0.605306
0.612387
0.617846
0.622032
0.625262
0.627572
0.628856
0.629252
0.629207
0.545324
0.545285
0.545661
0.546919
0.549324
0.552822
0.557479
0.563597
0.571539
0.581614
0.593338
0.604266
0.612858
0.619526
0.624685
0.628682
0.631537
0.633083
0.633549
0.633503
0.532013
0.531946
0.532402
0.533914
0.536805
0.541071
0.54678
0.554289
0.564016
0.57629
0.590475
0.603635
0.613978
0.622036
0.628328
0.633208
0.636669
0.638486
0.639013
0.638961
0.516
0.515905
0.516487
0.518352
0.521896
0.527189
0.534293
0.543616
0.555616
0.570602
0.587722
0.603472
0.615812
0.625449
0.633026
0.638906
0.643024
0.645108
0.64568
0.645614
0.496345
0.496223
0.497007
0.49939
0.503851
0.510573
0.519581
0.531322
0.546246
0.564575
0.585157
0.603861
0.61844
0.629837
0.638822
0.645817
0.650612
0.65293
0.653519
0.653433
0.471617
0.471479
0.4726
0.475784
0.481636
0.490448
0.502157
0.517187
0.535885
0.558302
0.582908
0.604911
0.621935
0.635241
0.64575
0.653922
0.659359
0.661843
0.662412
0.662298
0.439496
0.439381
0.441116
0.44569
0.453851
0.465921
0.481592
0.501137
0.524664
0.551988
0.581169
0.606762
0.626374
0.641693
0.653792
0.663138
0.66909
0.671625
0.672126
0.671977
0.39581
0.395859
0.398945
0.406414
0.418857
0.436238
0.457776
0.483405
0.512944
0.545992
0.580212
0.60958
0.631842
0.649187
0.662858
0.673276
0.679503
0.681917
0.6823
0.682117
0.332747
0.333962
0.341503
0.355433
0.375703
0.401534
0.431335
0.464712
0.501366
0.540788
0.580327
0.613514
0.638376
0.657661
0.672749
0.683922
0.690124
0.692179
0.692393
0.692189
0.258007
0.259789
0.274221
0.298139
0.329366
0.365177
0.403984
0.44561
0.489873
0.536296
0.581953
0.619805
0.647957
0.669642
0.686355
0.698221
0.704174
0.705929
0.706101
0.705987
0.180919
0.187143
0.208452
0.242645
0.2843
0.329796
0.377571
0.427492
0.479438
0.532962
0.584898
0.627542
0.659039
0.683182
0.701702
0.713849
0.719115
0.720377
0.720486
0.720445
0.117847
0.126391
0.152273
0.1935
0.243328
0.29708
0.352938
0.410625
0.469915
0.530287
0.588234
0.635384
0.669978
0.696237
0.715831
0.728108
0.733153
0.734295
0.73442
0.734439
0.0665509
0.0756926
0.10513
0.151605
0.2076
0.268013
0.330715
0.395266
0.461256
0.528033
0.591688
0.643131
0.680626
0.708892
0.729729
0.742364
0.747187
0.748366
0.748582
0.748647
0.0236407
0.0330626
0.0649513
0.11543
0.17649
0.24243
0.310934
0.381485
0.453513
0.526224
0.595276
0.650824
0.691128
0.721353
0.743372
0.756491
0.76156
0.76298
0.763197
0.763291
-0.0132523
-0.00372429
0.0299995
0.0836839
0.148934
0.219591
0.29316
0.369044
0.446558
0.524765
0.598912
0.658401
0.701438
0.733611
0.756958
0.770759
0.776216
0.777739
0.777986
0.778076
-0.0458077
-0.036251
-0.00112188
0.0552697
0.124034
0.198764
0.276821
0.357505
0.440048
0.523391
0.602396
0.665686
0.711374
0.745427
0.769973
0.784632
0.790507
0.792155
0.79239
0.792456
-0.0753163
-0.0657285
-0.0294471
0.0292805
0.101058
0.179356
0.261405
0.34645
0.433651
0.521853
0.605521
0.672489
0.720742
0.756584
0.78235
0.797685
0.804051
0.805821
0.80606
0.806109
-0.102667
-0.0930415
-0.0557617
0.00499889
0.079451
0.160911
0.246538
0.335562
0.427096
0.519904
0.608083
0.678644
0.729379
0.766938
0.793785
0.809795
0.816573
0.818425
0.818653
0.818671
-0.128434
-0.118753
-0.0805393
-0.0180645
0.0588011
0.143085
0.231938
0.324596
0.420158
0.517357
0.609948
0.684068
0.737238
0.776431
0.804288
0.82075
0.827813
0.829753
0.82997
0.829946
-0.153115
-0.143295
-0.104216
-0.0402044
0.0388251
0.125631
0.217398
0.313377
0.4127
0.51409
0.611016
0.688716
0.744321
0.785076
0.813803
0.830638
0.837817
0.839775
0.83999
0.839942
-0.17698
-0.166952
-0.127141
-0.0616209
0.0193303
0.108386
0.202785
0.301802
0.404616
0.510005
0.611212
0.692559
0.750664
0.792964
0.822443
0.839497
0.846659
0.848588
0.848774
0.848711
-0.200142
-0.189915
-0.149366
-0.0824605
0.000195635
0.0912716
0.18803
0.289805
0.395844
0.505026
0.61047
0.695586
0.756331
0.800232
0.830357
0.847472
0.854531
0.856366
0.856506
0.856415
-0.222782
-0.212268
-0.17098
-0.102814
-0.0186356
0.0742384
0.173103
0.277366
0.386364
0.499122
0.608731
0.697771
0.761385
0.807023
0.837754
0.854764
0.861565
0.863247
0.863333
0.863221
-0.244857
-0.234083
-0.192088
-0.122734
-0.0371807
0.0572858
0.158024
0.264508
0.376187
0.492268
0.60594
0.699067
0.765876
0.813498
0.84483
0.861529
0.867884
0.869328
0.869332
0.869197
-0.266438
-0.255372
-0.212628
-0.142213
-0.0554292
0.0404375
0.142825
0.251277
0.365351
0.484473
0.602051
0.699406
0.769798
0.819789
0.851844
0.868021
0.873607
0.874656
0.874564
0.874419
-0.287368
-0.276079
-0.232596
-0.161212
-0.0733428
0.0237567
0.127563
0.237736
0.35392
0.475785
0.597033
0.698703
0.773085
0.825977
0.859114
0.874658
0.879068
0.879394
0.879127
0.878996
-0.307786
-0.296165
-0.251988
-0.179721
-0.0908955
0.00727651
0.112323
0.223958
0.341974
0.466272
0.590882
0.696846
0.775599
0.832022
0.866902
0.882071
0.884932
0.883869
0.883117
0.883012
-0.327535
-0.31561
-0.270778
-0.197704
-0.108014
-0.00892264
0.0971823
0.21006
0.329616
0.455992
0.58363
0.693721
0.77714
0.837719
0.875231
0.890961
0.892537
0.889307
0.886984
0.886204
-0.346677
-0.334461
-0.288918
-0.215111
-0.124667
-0.024775
0.0822212
0.196117
0.316954
0.445076
0.575335
0.689212
0.777457
0.842686
0.883636
0.901497
0.903486
0.898625
0.892226
0.884132
-0.365133
-0.352675
-0.306501
-0.232098
-0.141059
-0.0405466
0.0671148
0.181744
0.303557
0.433043
0.565492
0.682799
0.776102
0.846643
0.891554
0.913134
0.918242
0.913191
0.902349
0.89756
-0.382856
-0.370177
-0.323511
-0.248639
-0.157201
-0.0562321
0.0518731
0.166919
0.289375
0.419769
0.553891
0.674074
0.77226
0.8488
0.897048
0.921753
0.929103
0.927289
0.88921
0.837488
-0.399563
-0.386189
-0.339802
-0.264666
-0.173194
-0.0719922
0.0364383
0.151752
0.274456
0.405299
0.540435
0.662756
0.764762
0.8485
0.897812
0.918727
0.925256
0.904872
0.848025
0.786124
-0.41557
-0.401341
-0.355287
-0.279495
-0.188525
-0.0873667
0.0205881
0.136297
0.258947
0.389801
0.525139
0.648569
0.75231
0.846119
0.891243
0.926293
0.887599
0.836278
0.763953
0.696838
-0.401546
-0.383412
-0.332959
-0.252807
-0.155469
-0.0513875
0.0619942
0.180603
0.306635
0.441799
0.572298
0.684764
0.781247
0.879229
0.910163
0.825799
0.770606
0.701474
0.626784
0.578011
-0.42573
-0.409324
-0.373324
-0.302588
-0.212031
-0.112079
-0.00379328
0.111358
0.233409
0.363301
0.497313
0.619863
0.722438
0.808535
0.882414
0.866008
0.737718
0.649239
0.583021
0.499553
-0.445273
-0.429678
-0.388058
-0.31597
-0.224915
-0.125371
-0.0181747
0.0960744
0.217211
0.345794
0.478327
0.599111
0.698703
0.773293
0.798679
0.714428
0.569577
0.470185
0.392695
0.30432
-0.465334
-0.452841
-0.406724
-0.333574
-0.242435
-0.142422
-0.0352565
0.0787105
0.198985
0.326127
0.455943
0.572272
0.662435
0.72298
0.698063
0.561442
0.405821
0.28573
0.185896
0.0499276
-0.488527
-0.475647
-0.427445
-0.353099
-0.261819
-0.161689
-0.0546618
0.058743
0.177936
0.303216
0.429648
0.540376
0.621023
0.660181
0.598823
0.412541
0.229129
0.0749125
-0.0664028
-0.262918
-0.510733
-0.498195
-0.448849
-0.373221
-0.281534
-0.181469
-0.074854
0.0377017
0.15554
0.278538
0.401067
0.505353
0.57845
0.58149
0.470417
0.270882
0.057042
-0.14331
-0.318347
-0.707746
-0.533053
-0.52086
-0.471019
-0.394469
-0.302444
-0.202374
-0.0961877
0.0154854
0.131826
0.252251
0.370436
0.467337
0.52855
0.49888
0.345917
0.144533
-0.0730525
-0.284362
-0.462925
-0.735906
-0.556324
-0.544274
-0.494212
-0.417107
-0.324863
-0.22478
-0.118989
-0.00818838
0.106573
0.224205
0.337701
0.426762
0.472685
0.42583
0.234593
0.0404126
-0.157211
-0.324118
-0.396334
-0.435153
-0.581038
-0.569111
-0.518817
-0.441423
-0.349163
-0.249253
-0.144018
-0.0343326
0.0785028
0.192824
0.300909
0.381592
0.410575
0.328319
0.135485
-0.0465162
-0.21115
-0.317613
-0.355473
-0.364547
-0.607406
-0.595489
-0.545005
-0.467436
-0.375288
-0.275746
-0.171296
-0.0630014
0.0475216
0.158
0.259919
0.332035
0.334058
0.222338
0.0448661
-0.123237
-0.262731
-0.318122
-0.330166
-0.335072
-0.635618
-0.623606
-0.572861
-0.495168
-0.403242
-0.304263
-0.20083
-0.0942394
0.0135922
0.11976
0.214814
0.277511
0.254712
0.123423
-0.0393298
-0.197245
-0.296404
-0.325067
-0.321213
-0.321265
-0.665385
-0.653561
-0.602356
-0.524588
-0.432995
-0.334765
-0.23261
-0.128034
-0.0232696
0.0781184
0.165866
0.216785
0.185138
0.0326619
-0.11557
-0.253941
-0.294582
-0.306929
-0.311853
-0.312092
-0.696555
-0.684731
-0.633279
-0.555531
-0.464415
-0.36715
-0.266543
-0.164308
-0.0630008
0.0332517
0.113307
0.153174
0.115728
-0.0444766
-0.182328
-0.278197
-0.323155
-0.310011
-0.307087
-0.306755
-0.728611
-0.716765
-0.665311
-0.587673
-0.497218
-0.401171
-0.302401
-0.202851
-0.105388
-0.0144934
0.0575605
0.0886635
0.0311257
-0.111161
-0.234929
-0.287021
-0.301838
-0.302641
-0.302713
-0.302458
-0.760823
-0.749016
-0.69763
-0.620462
-0.530949
-0.436414
-0.339829
-0.243305
-0.150054
-0.0647222
-8.57592e-05
0.0164364
-0.0493638
-0.16749
-0.265544
-0.290042
-0.296125
-0.299539
-0.299443
-0.299347
-0.791943
-0.780583
-0.729365
-0.653179
-0.564918
-0.472273
-0.378259
-0.285114
-0.196362
-0.116909
-0.0578289
-0.0552016
-0.119726
-0.215175
-0.282068
-0.334971
-0.309704
-0.299769
-0.297669
-0.297273
-0.820519
-0.809655
-0.759451
-0.684477
-0.598182
-0.507904
-0.416925
-0.327538
-0.243459
-0.170041
-0.115502
-0.11795
-0.186221
-0.25148
-0.292644
-0.289048
-0.297507
-0.299425
-0.299386
-0.299237
-0.844857
-0.834678
-0.785966
-0.713191
-0.6295
-0.542209
-0.454827
-0.369641
-0.290338
-0.222702
-0.173729
-0.174291
-0.243311
-0.29509
-0.29947
-0.316512
-0.315639
-0.313274
-0.312295
-0.311759
-0.862598
-0.853334
-0.806949
-0.737398
-0.657375
-0.573956
-0.490784
-0.410282
-0.335927
-0.27361
-0.230698
-0.22703
-0.289808
-0.35004
-0.370954
-0.359883
-0.348891
-0.344064
-0.339874
-0.336981
-0.871686
-0.863232
-0.820314
-0.755182
-0.680034
-0.601632
-0.523532
-0.448165
-0.379031
-0.321543
-0.282446
-0.272843
-0.322368
-0.390215
-0.420365
-0.378121
-0.35759
-0.34756
-0.342347
-0.340248
-0.867773
-0.860873
-0.824402
-0.764679
-0.695795
-0.623707
-0.551676
-0.4821
-0.41832
-0.365257
-0.327211
-0.303399
-0.311851
-0.332674
-0.398186
-0.343209
-0.319692
-0.310706
-0.309142
-0.308723
-0.849572
-0.844839
-0.816273
-0.764545
-0.703386
-0.638927
-0.573999
-0.510827
-0.452602
-0.403774
-0.366019
-0.324376
-0.238771
-0.113709
-0.123531
-0.185894
-0.240758
-0.26919
-0.279488
-0.28246
-0.8176
-0.81419
-0.794829
-0.753837
-0.702332
-0.646742
-0.589727
-0.533348
-0.480868
-0.436253
-0.403421
-0.345418
-0.208583
-0.00267393
0.0443569
-0.120743
-0.250519
-0.308532
-0.329275
-0.335876
-0.776539
-0.774373
-0.76339
-0.734702
-0.69373
-0.647651
-0.598845
-0.549294
-0.502106
-0.462502
-0.434047
-0.411432
-0.421675
-0.522207
-0.620577
-0.638541
-0.586229
-0.544188
-0.531961
-0.529829
-0.735015
-0.73374
-0.728321
-0.711592
-0.681231
-0.643462
-0.602208
-0.55872
-0.516035
-0.479212
-0.457386
-0.493445
-0.701608
-1.00284
-1.11027
-0.936684
-0.778178
-0.731305
-0.705387
-0.694261
-0.702028
-0.701365
-0.698678
-0.689074
-0.667863
-0.637401
-0.601589
-0.562232
-0.52138
-0.483017
-0.462223
-0.440156
-0.521124
-0.58251
-0.679951
-0.706756
-0.739702
-0.735397
-0.669711
-0.628889
-0.678899
-0.67819
-0.676801
-0.67294
-0.658141
-0.632602
-0.59937
-0.561413
-0.518776
-0.475117
-0.434861
-0.40212
-0.392368
-0.355306
-0.352706
-0.390839
-0.444805
-0.471427
-0.404293
-0.342856
-0.662898
-0.662643
-0.662044
-0.660146
-0.651947
-0.630102
-0.597799
-0.558104
-0.513114
-0.46234
-0.412393
-0.395954
-0.317457
-0.149222
0.0276373
0.19284
0.279154
0.296474
0.310461
0.323003
-0.653247
-0.653191
-0.652814
-0.65205
-0.648072
-0.629683
-0.597153
-0.554558
-0.504289
-0.446158
-0.382747
-0.320123
-0.212234
0.0357458
0.307531
0.550557
0.684738
0.741653
0.770147
0.775709
-0.64715
-0.647119
-0.646721
-0.646085
-0.644537
-0.631528
-0.598757
-0.551692
-0.49474
-0.42867
-0.347569
-0.26591
-0.119156
0.130029
0.381281
0.595088
0.744236
0.853773
0.941185
0.992398
-0.64509
-0.644972
-0.644454
-0.643422
-0.642308
-0.636194
-0.603151
-0.551651
-0.489247
-0.412687
-0.320837
-0.222379
-0.0777601
0.193351
0.480251
0.745607
0.961368
1.123
1.23357
1.28876
-0.645644
-0.646001
-0.647163
-0.649512
-0.652613
-0.646453
-0.610664
-0.555059
-0.486866
-0.402414
-0.305509
-0.200485
-0.0698376
0.186945
0.502302
0.809588
1.07514
1.26682
1.37459
1.41627
-0.643361
-0.644534
-0.646467
-0.650838
-0.656235
-0.649301
-0.615409
-0.562257
-0.491439
-0.402126
-0.300612
-0.191401
-0.0901116
0.141065
0.443928
0.719162
0.959185
1.12875
1.2171
1.24848
-0.656925
-0.657511
-0.653476
-0.63564
-0.610351
-0.603586
-0.608037
-0.575346
-0.502684
-0.407382
-0.302465
-0.200389
-0.109207
0.0667539
0.317859
0.546809
0.737012
0.865699
0.92989
0.951512
-0.7068
-0.705135
-0.695153
-0.66787
-0.633264
-0.626307
-0.643749
-0.606672
-0.520919
-0.416039
-0.309548
-0.21321
-0.128247
-0.0127455
0.185277
0.361097
0.50597
0.600101
0.644847
0.659245
-0.809441
-0.807084
-0.824608
-0.860194
-0.877287
-0.857914
-0.803742
-0.677126
-0.546806
-0.424002
-0.315699
-0.228256
-0.157027
-0.0790644
0.0670229
0.197177
0.303454
0.370484
0.401088
0.408195
-0.944402
-0.950212
-0.989464
-1.03918
-1.0602
-1.03246
-0.924277
-0.734936
-0.562304
-0.425189
-0.317579
-0.238888
-0.179122
-0.127004
-0.0253538
0.0695565
0.140653
0.183945
0.203101
0.207849
-0.952414
-0.962561
-0.994475
-1.03097
-1.04801
-1.01922
-0.900933
-0.707043
-0.537239
-0.404133
-0.306106
-0.23933
-0.190171
-0.150966
-0.0895553
-0.0336148
0.0090158
0.0327294
0.0421865
0.0439855
-0.757456
-0.769331
-0.799888
-0.838526
-0.862222
-0.836474
-0.725374
-0.582948
-0.456309
-0.355893
-0.280229
-0.227439
-0.18922
-0.159853
-0.127701
-0.103185
-0.0901679
-0.0849803
-0.0848672
-0.084641
-0.41787
-0.426794
-0.448312
-0.480183
-0.508821
-0.510842
-0.469157
-0.407011
-0.343757
-0.288758
-0.243515
-0.210014
-0.182277
-0.16244
-0.152891
-0.14992
-0.153995
-0.161062
-0.164689
-0.164425
-0.100903
-0.105626
-0.117995
-0.142058
-0.17581
-0.206669
-0.22715
-0.234789
-0.231215
-0.218268
-0.20383
-0.192404
-0.181735
-0.172994
-0.169692
-0.172586
-0.181741
-0.190177
-0.192369
-0.191831
0.0883991
0.0858298
0.0781878
0.0586742
0.0238371
-0.0248234
-0.0734684
-0.112784
-0.13989
-0.15589
-0.166028
-0.177647
-0.190138
-0.187641
-0.177127
-0.174358
-0.175679
-0.178608
-0.178659
-0.178236
0.158244
0.156723
0.151544
0.13608
0.105552
0.0605864
0.0105338
-0.0374408
-0.0765971
-0.106482
-0.131249
-0.160656
-0.193141
-0.190264
-0.171086
-0.156534
-0.15125
-0.148319
-0.146828
-0.146753
0.163208
0.162304
0.158697
0.1475
0.124743
0.0902601
0.0491147
0.00607803
-0.0329219
-0.066232
-0.0955996
-0.128234
-0.160168
-0.1521
-0.13417
-0.122159
-0.115726
-0.112898
-0.112197
-0.112651
0.14359
0.143127
0.140767
0.133307
0.117769
0.0935738
0.0629839
0.0290202
-0.00381908
-0.0331342
-0.0576983
-0.0784828
-0.0933103
-0.0856161
-0.0802328
-0.0788325
-0.0784915
-0.0787029
-0.0790357
-0.0796704
0.118387
0.118243
0.116812
0.112144
0.102106
0.085937
0.0645193
0.0397561
0.0149655
-0.00644277
-0.0200986
-0.0248115
-0.0195314
-0.0158728
-0.0251093
-0.0349161
-0.0419672
-0.0455047
-0.0470724
-0.0480146
0.0943014
0.0942752
0.0935081
0.090772
0.0846072
0.0742726
0.0600777
0.0432743
0.0263419
0.0126857
0.00824337
0.0179018
0.0363012
0.0358681
0.0168545
0.000294942
-0.0111752
-0.0173393
-0.020119
-0.0212436
0.0731178
0.0731982
0.0727749
0.0712539
0.0676113
0.0612986
0.0523648
0.0416837
0.0312619
0.0244164
0.027291
0.0426967
0.0621142
0.060133
0.0400707
0.023535
0.0121222
0.00568169
0.00203
0.000721574
0.054449
0.0545642
0.0544036
0.0536575
0.0517436
0.0480867
0.0428833
0.0366928
0.0310801
0.0290518
0.0361665
0.052762
0.0682993
0.0659867
0.0480231
0.0348483
0.0264172
0.0207235
0.0173782
0.0162161
0.0378815
0.0380014
0.0379784
0.0376971
0.0367896
0.0349881
0.0322397
0.0290387
0.0265548
0.027413
0.0363785
0.0530737
0.0654513
0.0598769
0.0463163
0.0373389
0.0322107
0.0285707
0.0260058
0.0250627
0.022981
0.0230994
0.0231462
0.0230787
0.0227435
0.0219765
0.020761
0.0193975
0.0187327
0.020693
0.0291633
0.0441477
0.0548171
0.0501494
0.0390677
0.0319614
0.0294224
0.0281209
0.0272144
0.0264281
0.00288165
0.0028738
0.00288955
0.00306615
0.00319444
0.00313468
0.0029294
0.002819
0.00304876
0.00384678
0.00661776
0.0125174
0.0202867
0.013098
0.00977723
0.00836532
0.00700958
0.00549818
0.00541702
0.0170684
-1.11458
-0.438609
0.010371
0.268488
0.453726
0.595238
0.704564
0.792775
0.887872
0.979389
-0.0690141
0.124768
0.301632
0.45051
0.574743
0.675709
0.757728
0.824913
0.866674
0.87039
0.261515
0.376232
0.488619
0.588532
0.674299
0.7465
0.805617
0.850575
0.879546
0.897049
0.470458
0.54848
0.62584
0.696588
0.758193
0.810792
0.854107
0.888127
0.914054
0.933057
0.623795
0.676675
0.735277
0.78796
0.83413
0.874317
0.908465
0.936836
0.960101
0.977046
0.74517
0.785767
0.831199
0.871049
0.908041
0.941078
0.970033
0.994807
1.01555
1.02976
0.847322
0.881586
0.918382
0.952413
0.984448
1.01389
1.04008
1.06257
1.08117
1.09288
0.940129
0.971033
1.00483
1.03728
1.06788
1.0961
1.12113
1.14232
1.15922
1.16873
1.03084
1.06328
1.09848
1.13238
1.16359
1.19179
1.21628
1.23654
1.25196
1.26015
1.1326
1.17004
1.20826
1.24444
1.27642
1.30423
1.32762
1.34658
1.36069
1.36916
1.2594
1.30173
1.34087
1.37669
1.40704
1.43268
1.45419
1.47179
1.48528
1.49543
1.42085
1.46228
1.49595
1.52547
1.54998
1.57147
1.59104
1.60844
1.62317
1.63586
1.61121
1.64199
1.66321
1.68232
1.70036
1.71758
1.73377
1.74958
1.76609
1.78301
1.80903
1.82042
1.83145
1.84554
1.85981
1.87264
1.88399
1.89484
1.90773
1.92461
1.99481
2.00471
2.01335
2.01579
2.01666
2.02091
2.0317
2.04763
2.06525
2.06984
2.29584
2.24043
2.1896
2.14936
2.12696
2.1229
2.1364
2.1702
2.22664
2.30219
0.87227
0.813577
0.771098
0.73724
0.712586
0.695036
0.682531
0.673609
0.667508
0.664041
0.663671
0.666549
0.672002
0.679949
0.690878
0.705937
0.726951
0.756049
0.794814
0.842641
0.673818
0.682577
0.688111
0.688935
0.685453
0.679411
0.672982
0.667517
0.66369
0.662054
0.663245
0.666854
0.672147
0.678631
0.685405
0.69068
0.692309
0.689075
0.68174
0.674072
0.650845
0.652876
0.657481
0.660993
0.663506
0.664935
0.66465
0.662918
0.660736
0.659179
0.659211
0.661054
0.663789
0.666424
0.667914
0.667584
0.665734
0.662939
0.658892
0.654511
0.643923
0.64479
0.647274
0.649989
0.652001
0.653363
0.654351
0.654806
0.654671
0.654431
0.6548
0.655903
0.657014
0.657506
0.657213
0.656375
0.654972
0.65274
0.650106
0.648142
0.638257
0.638718
0.640115
0.642137
0.644078
0.645656
0.646802
0.647704
0.648433
0.649025
0.649678
0.650342
0.650684
0.650605
0.650146
0.649193
0.647696
0.645877
0.644236
0.643221
0.633054
0.63334
0.634259
0.63573
0.637357
0.638963
0.64039
0.641568
0.642601
0.643572
0.644434
0.645006
0.645184
0.644979
0.644335
0.643287
0.642009
0.640702
0.639621
0.638998
0.628063
0.628264
0.628953
0.630127
0.631512
0.632958
0.634434
0.635844
0.637129
0.63833
0.639382
0.640045
0.640229
0.639956
0.639302
0.638428
0.637461
0.636475
0.635697
0.635259
0.623211
0.623363
0.62391
0.624895
0.626126
0.627467
0.628895
0.630386
0.631879
0.633319
0.634593
0.635413
0.635674
0.635488
0.63501
0.634358
0.633623
0.632882
0.632312
0.631983
0.618417
0.618536
0.618985
0.619837
0.620968
0.62225
0.623652
0.625181
0.626819
0.628503
0.630045
0.631089
0.63154
0.631566
0.631314
0.630883
0.63035
0.629818
0.629407
0.629154
0.61359
0.613687
0.614066
0.614827
0.615897
0.617144
0.618557
0.620153
0.621933
0.623862
0.625725
0.627085
0.627827
0.628123
0.628114
0.62791
0.627589
0.627241
0.626957
0.626757
0.60864
0.608719
0.609048
0.609752
0.610791
0.612039
0.613501
0.615204
0.617169
0.619383
0.621632
0.623401
0.624505
0.625115
0.625381
0.625415
0.62531
0.625133
0.624956
0.624796
0.603473
0.603539
0.603834
0.604506
0.605545
0.606843
0.608396
0.610253
0.612464
0.615034
0.617758
0.620024
0.621557
0.622532
0.62311
0.623404
0.623517
0.623507
0.623422
0.623293
0.597998
0.598053
0.598326
0.598991
0.600067
0.601457
0.603149
0.605221
0.607752
0.610774
0.614081
0.616943
0.618984
0.620381
0.621311
0.621895
0.622242
0.6224
0.622397
0.622291
0.592109
0.592156
0.592418
0.593098
0.594247
0.595775
0.597665
0.600028
0.602965
0.606553
0.610575
0.614153
0.616796
0.618685
0.620016
0.620943
0.621544
0.621869
0.621941
0.621855
0.585689
0.585727
0.585987
0.586705
0.587966
0.589682
0.59184
0.594577
0.598032
0.602323
0.607214
0.611654
0.615011
0.617484
0.619282
0.620582
0.621472
0.621984
0.62213
0.622058
0.578593
0.578623
0.578888
0.579667
0.581081
0.583046
0.585551
0.588764
0.592871
0.598026
0.603974
0.609448
0.613655
0.616815
0.619167
0.6209
0.622127
0.622835
0.623053
0.622993
0.570645
0.570664
0.570944
0.571804
0.57342
0.575702
0.578651
0.582469
0.587386
0.593604
0.600833
0.607546
0.612761
0.616729
0.619736
0.621988
0.623595
0.62452
0.624811
0.62476
0.561604
0.561629
0.561938
0.562896
0.564766
0.567449
0.570965
0.575545
0.581473
0.588999
0.597778
0.605966
0.612374
0.617293
0.621068
0.623935
0.625983
0.627144
0.627508
0.627462
0.551167
0.551182
0.551532
0.552637
0.554837
0.55805
0.562284
0.567824
0.575016
0.58415
0.5948
0.604738
0.612546
0.618585
0.623259
0.626834
0.629394
0.630812
0.631248
0.631204
0.538953
0.538963
0.539355
0.540655
0.543288
0.547182
0.552338
0.559103
0.567882
0.578997
0.591896
0.603898
0.613335
0.620672
0.6264
0.630791
0.63393
0.635618
0.63612
0.636073
0.524403
0.524408
0.524863
0.52643
0.529638
0.534434
0.540797
0.549145
0.559936
0.573492
0.589081
0.603492
0.614805
0.623624
0.630574
0.635891
0.639665
0.641626
0.642183
0.642127
0.506748
0.506749
0.507298
0.509247
0.513251
0.519274
0.527258
0.537694
0.55106
0.567629
0.58641
0.603593
0.617027
0.62752
0.635815
0.642186
0.646637
0.648854
0.649445
0.649371
0.484815
0.484812
0.485527
0.488073
0.493246
0.501016
0.511253
0.524502
0.541189
0.561461
0.583982
0.604296
0.620081
0.632415
0.642187
0.649693
0.654818
0.657242
0.657834
0.657736
0.456848
0.456845
0.457849
0.461383
0.468413
0.47881
0.492301
0.509405
0.530372
0.555135
0.581961
0.605729
0.624038
0.63834
0.649675
0.658371
0.664091
0.66663
0.667179
0.667048
0.419782
0.419796
0.42143
0.426886
0.437213
0.45177
0.470091
0.492459
0.518837
0.548923
0.580573
0.608041
0.628983
0.645319
0.658261
0.668079
0.67423
0.676741
0.677195
0.677026
0.367757
0.368002
0.371733
0.381618
0.398074
0.419483
0.444828
0.474127
0.507098
0.543266
0.580123
0.611403
0.63499
0.653324
0.667796
0.678569
0.684877
0.687189
0.687505
0.687301
0.293125
0.295465
0.306396
0.325792
0.352492
0.38346
0.41776
0.455248
0.495655
0.538478
0.580914
0.616262
0.642675
0.66316
0.679235
0.690775
0.697047
0.69908
0.699274
0.699071
0.2137
0.220089
0.239502
0.269086
0.306557
0.347363
0.390676
0.436461
0.484574
0.534558
0.583378
0.623666
0.653534
0.676576
0.69453
0.706706
0.712496
0.714029
0.714133
0.71401
0.145598
0.152356
0.178397
0.216639
0.263273
0.313112
0.365057
0.418949
0.474624
0.531611
0.586583
0.631508
0.664594
0.689896
0.70916
0.721392
0.726655
0.727963
0.728094
0.728023
0.0899389
0.0969586
0.127027
0.171446
0.224911
0.28216
0.341572
0.402799
0.465521
0.529149
0.589984
0.639303
0.675366
0.702681
0.72307
0.735596
0.740692
0.741896
0.742045
0.742001
0.0437203
0.0510497
0.0836071
0.132731
0.191617
0.254899
0.320596
0.388236
0.457314
0.527109
0.593499
0.647014
0.685926
0.715213
0.736799
0.74975
0.755022
0.756248
0.756368
0.756349
0.00452408
0.0120173
0.0463132
0.0989741
0.1624
0.230778
0.301879
0.375164
0.449993
0.5255
0.597131
0.654666
0.696345
0.72757
0.750367
0.764009
0.769619
0.770823
0.770982
0.770975
-0.029667
-0.0220743
0.0134697
0.0690719
0.136262
0.209019
0.284888
0.363228
0.443301
0.524112
0.600711
0.662117
0.70649
0.739628
0.763698
0.778035
0.784019
0.785329
0.785512
0.785509
-0.0603468
-0.0526579
-0.0160986
0.0420147
0.112397
0.188961
0.269061
0.351971
0.436883
0.522684
0.604041
0.669183
0.716164
0.751134
0.776393
0.791469
0.797808
0.799307
0.799512
0.799513
-0.0884779
-0.0807072
-0.0432762
0.0169961
0.0901572
0.170075
0.253954
0.34103
0.430435
0.520967
0.606903
0.675675
0.725176
0.761891
0.788276
0.804064
0.810732
0.812428
0.812647
0.812634
-0.114831
-0.106956
-0.068691
-0.00663762
0.0690651
0.151973
0.239246
0.330126
0.423708
0.518733
0.609129
0.68147
0.733426
0.771818
0.799206
0.815572
0.822531
0.824371
0.824591
0.824558
-0.139877
-0.131868
-0.0927803
-0.0292111
0.0487759
0.134354
0.224694
0.319048
0.41652
0.515837
0.610604
0.686507
0.740891
0.780876
0.809203
0.82596
0.833108
0.83503
0.835246
0.835205
-0.16399
-0.155812
-0.115971
-0.0509722
0.029054
0.117013
0.210127
0.307658
0.408757
0.512171
0.611242
0.690756
0.747597
0.789125
0.818253
0.835274
0.842486
0.844431
0.844611
0.844538
-0.187337
-0.178964
-0.138538
-0.0720866
0.00974586
0.0998394
0.195445
0.295876
0.400333
0.507644
0.610975
0.694191
0.753593
0.796684
0.826505
0.843635
0.850811
0.852704
0.852854
0.852764
-0.210077
-0.201533
-0.160394
-0.0926795
-0.00923357
0.0827638
0.180602
0.283656
0.391209
0.502204
0.609742
0.696798
0.758944
0.803693
0.834131
0.851234
0.858225
0.860006
0.860118
0.860011
-0.232271
-0.223561
-0.181701
-0.112818
-0.0279242
0.0657682
0.165596
0.271004
0.38137
0.49582
0.60748
0.698543
0.763712
0.810307
0.841339
0.85823
0.86486
0.866458
0.866505
0.866374
-0.253964
-0.24507
-0.202507
-0.132526
-0.04633
0.0488635
0.150445
0.257947
0.370854
0.488496
0.604144
0.69937
0.767922
0.816675
0.848345
0.864816
0.870844
0.872127
0.87209
0.871951
-0.275112
-0.266033
-0.222741
-0.151771
-0.0644189
0.0320833
0.135209
0.244546
0.359713
0.480247
0.599692
0.699201
0.77154
0.822908
0.855446
0.871312
0.876376
0.87713
0.876966
0.876816
-0.295666
-0.286395
-0.242406
-0.170533
-0.0821568
0.0154912
0.119947
0.230877
0.348012
0.471136
0.594103
0.697934
0.774464
0.829039
0.862951
0.878243
0.881916
0.881661
0.881219
0.88111
-0.315632
-0.306158
-0.261492
-0.188785
-0.099505
-0.000847188
0.104742
0.217029
0.335844
0.461224
0.587399
0.695456
0.776521
0.834949
0.871032
0.886318
0.888439
0.886348
0.885083
0.885041
-0.334945
-0.325271
-0.279959
-0.206489
-0.116402
-0.016883
0.0896738
0.203087
0.323315
0.450607
0.579608
0.691652
0.777485
0.840338
0.879495
0.896074
0.897573
0.893346
0.889854
0.888625
-0.353632
-0.343766
-0.297797
-0.223651
-0.132876
-0.032631
0.0747205
0.189027
0.310401
0.439258
0.570662
0.686302
0.777066
0.844844
0.887756
0.907306
0.910572
0.905711
0.897754
0.882657
-0.371722
-0.361645
-0.315106
-0.24045
-0.149168
-0.0483897
0.0595096
0.174394
0.296567
0.426561
0.559921
0.678748
0.774587
0.848018
0.894778
0.91808
0.924884
0.918162
0.909358
0.865184
-0.389477
-0.378525
-0.331793
-0.256759
-0.165191
-0.0640663
0.0442048
0.159399
0.282023
0.412699
0.54741
0.668767
0.7691
0.848998
0.898231
0.921804
0.928067
0.923794
0.872263
0.812571
-0.407897
-0.393342
-0.347617
-0.272428
-0.181156
-0.0798933
0.0285403
0.144037
0.266749
0.397644
0.532985
0.656016
0.759245
0.847515
0.895196
0.905398
0.911991
0.8775
0.81167
0.747361
-0.426085
-0.428336
-0.368452
-0.285095
-0.193826
-0.0929589
0.0131363
0.12897
0.251486
0.382179
0.51727
0.640721
0.744577
0.845129
0.856882
0.871814
0.848477
0.784095
0.708811
0.638358
-0.401996
-0.400717
-0.342024
-0.258909
-0.162545
-0.0585029
0.0524692
0.17092
0.296651
0.431383
0.561342
0.673426
0.767818
0.864458
0.872655
0.77127
0.685579
0.617043
0.543401
0.401259
-0.442383
-0.416273
-0.354769
-0.270773
-0.174862
-0.0708699
0.0395339
0.157418
0.282305
0.415701
0.543479
0.65279
0.738046
0.801073
0.76875
0.635954
0.51466
0.431505
0.346984
0.185686
-0.46647
-0.435613
-0.373193
-0.289784
-0.193742
-0.0899095
0.0207117
0.137851
0.261472
0.392725
0.517302
0.621298
0.697755
0.725774
0.645416
0.480774
0.340756
0.236799
0.121429
-0.110865
-0.489968
-0.4568
-0.393181
-0.309092
-0.212981
-0.109247
0.0010282
0.117261
0.239375
0.368035
0.488371
0.58522
0.650169
0.642904
0.506991
0.319462
0.148094
0.00599021
-0.153766
-0.533775
-0.512523
-0.47851
-0.413845
-0.328844
-0.232645
-0.12911
-0.0194804
0.0957149
0.216105
0.341767
0.456989
0.545733
0.592326
0.555516
0.372264
0.165143
-0.0476157
-0.22577
-0.471874
-1.01551
-0.534894
-0.500821
-0.43546
-0.349851
-0.253486
-0.150178
-0.0411887
0.072865
0.1913
0.313578
0.423122
0.503671
0.530372
0.44408
0.248867
0.0351144
-0.180974
-0.380495
-0.546581
-1.13224
-0.558225
-0.524071
-0.458311
-0.372352
-0.275855
-0.172745
-0.0643687
0.0485018
0.164825
0.283409
0.386994
0.457795
0.459976
0.330934
0.142598
-0.0609224
-0.247288
-0.375155
-0.408222
-0.455031
-0.582941
-0.548712
-0.482714
-0.396631
-0.300188
-0.197444
-0.0898612
0.0215354
0.135327
0.249537
0.346697
0.404517
0.384619
0.226839
0.0465021
-0.132149
-0.276268
-0.337458
-0.36014
-0.365883
-0.609389
-0.574931
-0.508763
-0.422673
-0.326455
-0.224271
-0.117753
-0.00815741
0.102681
0.211887
0.301883
0.344673
0.309799
0.129879
-0.0411305
-0.19791
-0.30683
-0.333312
-0.334446
-0.334835
-0.637669
-0.602876
-0.536507
-0.45047
-0.354626
-0.253232
-0.148044
-0.0405818
0.0668525
0.170516
0.252299
0.28286
0.216482
0.0410971
-0.121214
-0.259454
-0.305859
-0.320109
-0.321333
-0.320918
-0.667674
-0.63249
-0.565911
-0.480013
-0.384692
-0.284301
-0.18072
-0.0757443
0.0278726
0.125497
0.198471
0.214978
0.11867
-0.0409725
-0.18914
-0.297894
-0.311197
-0.31104
-0.312147
-0.311815
-0.698947
-0.66355
-0.596795
-0.511134
-0.416521
-0.317377
-0.215705
-0.113584
-0.014148
0.0770375
0.141326
0.140538
0.0340132
-0.113452
-0.243161
-0.28158
-0.303341
-0.306563
-0.306875
-0.306628
-0.731139
-0.695431
-0.628812
-0.543535
-0.449858
-0.352234
-0.252785
-0.153884
-0.0589796
0.0256607
0.0805044
0.0682977
-0.0443853
-0.172945
-0.278448
-0.318843
-0.306679
-0.303099
-0.302562
-0.302336
-0.763316
-0.727597
-0.661417
-0.576729
-0.484261
-0.388476
-0.291599
-0.196272
-0.106265
-0.027914
0.0160012
0.00190422
-0.114455
-0.21754
-0.296282
-0.294039
-0.298348
-0.299403
-0.299412
-0.299257
-0.794466
-0.759242
-0.693442
-0.609991
-0.519088
-0.425531
-0.331602
-0.240154
-0.155369
-0.0831197
-0.04624
-0.0656181
-0.17302
-0.255596
-0.279364
-0.301629
-0.300161
-0.298333
-0.297415
-0.297093
-0.823
-0.788747
-0.724073
-0.64226
-0.553445
-0.46259
-0.372049
-0.284767
-0.205307
-0.139271
-0.103169
-0.1388
-0.223226
-0.277795
-0.287302
-0.294905
-0.299177
-0.299436
-0.299341
-0.298953
-0.847236
-0.814432
-0.751623
-0.672248
-0.586194
-0.498619
-0.411967
-0.329168
-0.254897
-0.195196
-0.160128
-0.202986
-0.272546
-0.308955
-0.330731
-0.321906
-0.314218
-0.312681
-0.312037
-0.31132
-0.864851
-0.834188
-0.774084
-0.698281
-0.615958
-0.532388
-0.450195
-0.372249
-0.303023
-0.249296
-0.218431
-0.255954
-0.318623
-0.378522
-0.370289
-0.353668
-0.346356
-0.341892
-0.338058
-0.33658
-0.873507
-0.845527
-0.789566
-0.718483
-0.641108
-0.562582
-0.485502
-0.412753
-0.348571
-0.299724
-0.26971
-0.297351
-0.349384
-0.429463
-0.397085
-0.364974
-0.352153
-0.344507
-0.340898
-0.340279
-0.870299
-0.84657
-0.796245
-0.731071
-0.660046
-0.587717
-0.516567
-0.449433
-0.390252
-0.345106
-0.308763
-0.311069
-0.314983
-0.399704
-0.360839
-0.32869
-0.313698
-0.309511
-0.308938
-0.308344
-0.851753
-0.834086
-0.792335
-0.734743
-0.67151
-0.606539
-0.542173
-0.481034
-0.426812
-0.384625
-0.343238
-0.292613
-0.178746
-0.0957405
-0.151347
-0.215983
-0.258174
-0.275734
-0.281621
-0.28236
-0.819487
-0.807287
-0.77635
-0.728937
-0.674894
-0.618428
-0.561436
-0.506496
-0.457407
-0.418385
-0.377169
-0.290452
-0.118005
0.134538
-0.0260814
-0.197242
-0.286334
-0.321721
-0.33356
-0.336976
-0.778163
-0.770584
-0.751231
-0.715179
-0.671112
-0.623585
-0.574108
-0.525296
-0.481111
-0.44683
-0.419631
-0.408908
-0.454982
-0.566575
-0.651694
-0.61121
-0.561898
-0.535018
-0.530153
-0.530363
-0.736246
-0.731988
-0.721648
-0.697766
-0.663014
-0.623398
-0.580645
-0.537166
-0.496433
-0.467126
-0.448788
-0.572476
-0.846465
-1.11917
-1.04382
-0.840861
-0.748454
-0.715507
-0.699014
-0.692201
-0.702767
-0.700543
-0.695153
-0.679845
-0.653623
-0.619827
-0.582368
-0.541819
-0.501745
-0.467093
-0.454348
-0.483012
-0.546867
-0.635117
-0.699483
-0.719253
-0.749822
-0.704485
-0.641626
-0.631638
-0.678592
-0.6776
-0.675632
-0.667069
-0.646457
-0.616778
-0.581056
-0.540695
-0.496913
-0.451954
-0.425565
-0.393958
-0.376578
-0.346229
-0.366994
-0.417419
-0.466786
-0.44795
-0.362696
-0.33803
-0.662829
-0.662359
-0.661603
-0.657463
-0.642599
-0.6151
-0.57874
-0.536393
-0.48806
-0.437583
-0.396558
-0.36845
-0.242444
-0.0603673
0.116499
0.249736
0.289831
0.303035
0.31724
0.328728
-0.653246
-0.653041
-0.652443
-0.650947
-0.640946
-0.614877
-0.576897
-0.53014
-0.477031
-0.413776
-0.348863
-0.28064
-0.10062
0.17345
0.435621
0.633369
0.718173
0.757893
0.774113
0.776956
-0.647175
-0.646968
-0.646343
-0.645843
-0.640274
-0.617265
-0.576526
-0.525067
-0.463047
-0.388646
-0.305709
-0.212371
-0.00225259
0.258001
0.495352
0.676376
0.801393
0.90092
0.972421
1.00265
-0.645056
-0.644772
-0.644005
-0.64316
-0.641877
-0.622785
-0.579115
-0.521965
-0.452223
-0.369887
-0.269888
-0.172714
0.0493442
0.336424
0.61744
0.861677
1.0487
1.18486
1.26829
1.29904
-0.645775
-0.646432
-0.648237
-0.650712
-0.651907
-0.632159
-0.584673
-0.52239
-0.44718
-0.354371
-0.250927
-0.154785
0.0480579
0.338929
0.660682
0.948521
1.18201
1.33068
1.40228
1.42285
-0.64397
-0.645307
-0.648333
-0.653392
-0.655853
-0.635411
-0.590727
-0.529284
-0.449202
-0.351066
-0.247158
-0.145034
0.00111475
0.293853
0.585328
0.844668
1.05511
1.18201
1.23834
1.25258
-0.657475
-0.656713
-0.646206
-0.622044
-0.60339
-0.608017
-0.597767
-0.542738
-0.456978
-0.354024
-0.251975
-0.152446
-0.036087
0.188356
0.436921
0.647139
0.810654
0.904755
0.94493
0.95398
-0.706083
-0.701732
-0.684161
-0.64904
-0.626672
-0.636108
-0.634303
-0.567328
-0.469889
-0.36137
-0.260054
-0.167745
-0.0799467
0.0822813
0.277628
0.437386
0.560401
0.627566
0.654729
0.658609
-0.806702
-0.813942
-0.839447
-0.873778
-0.870555
-0.839452
-0.743848
-0.611359
-0.484227
-0.366785
-0.269098
-0.190177
-0.126457
-0.00812677
0.135359
0.253541
0.342968
0.389124
0.407141
0.408196
-0.942168
-0.966836
-1.01603
-1.05435
-1.05177
-0.996751
-0.831222
-0.645028
-0.489468
-0.366192
-0.274249
-0.207497
-0.16002
-0.0776178
0.024483
0.107487
0.165964
0.196342
0.206254
0.206446
-0.955184
-0.975765
-1.01315
-1.04319
-1.04044
-0.975607
-0.804254
-0.618294
-0.466424
-0.349667
-0.268793
-0.214826
-0.175768
-0.120337
-0.0603385
-0.0102132
0.0232902
0.0386006
0.0439721
0.0430745
-0.760894
-0.78261
-0.819171
-0.853921
-0.857522
-0.792277
-0.653277
-0.517459
-0.402963
-0.314227
-0.251212
-0.210483
-0.175512
-0.143276
-0.11407
-0.095575
-0.086493
-0.0847179
-0.0847114
-0.0851116
-0.421287
-0.435859
-0.463539
-0.496298
-0.513979
-0.494599
-0.43964
-0.374637
-0.315441
-0.264231
-0.225434
-0.196986
-0.171511
-0.156714
-0.150543
-0.151154
-0.157731
-0.163651
-0.164714
-0.16455
-0.103035
-0.110474
-0.128585
-0.158075
-0.192706
-0.217894
-0.23248
-0.234288
-0.225648
-0.210499
-0.197685
-0.18748
-0.177245
-0.170932
-0.169623
-0.177129
-0.186632
-0.191888
-0.192173
-0.191812
0.0871197
0.0831212
0.0701788
0.0431988
0.000895736
-0.0500215
-0.0942864
-0.127813
-0.148929
-0.161128
-0.171471
-0.184874
-0.191978
-0.181831
-0.175067
-0.174129
-0.177579
-0.17882
-0.178383
-0.178366
0.157439
0.15502
0.14541
0.122825
0.0845054
0.0357438
-0.0140765
-0.0581133
-0.0924375
-0.11901
-0.144773
-0.177694
-0.198198
-0.180037
-0.162347
-0.153512
-0.149533
-0.147381
-0.146635
-0.147058
0.162781
0.161133
0.154304
0.137685
0.108762
0.0702919
0.0274505
-0.0139316
-0.0502139
-0.0811692
-0.111219
-0.146239
-0.162717
-0.143532
-0.126706
-0.118519
-0.11394
-0.112337
-0.112345
-0.11298
0.143414
0.142363
0.137862
0.12665
0.106661
0.0789835
0.0461192
0.0124242
-0.0189851
-0.046335
-0.0680723
-0.0879712
-0.0929525
-0.0832845
-0.0791786
-0.0785722
-0.0785958
-0.0788471
-0.0793307
-0.0799398
0.118391
0.117782
0.115013
0.107883
0.0947556
0.0758506
0.0523556
0.0272326
0.0036443
-0.0145893
-0.0236786
-0.0231625
-0.0116938
-0.0204119
-0.0305003
-0.0389498
-0.0440745
-0.046469
-0.0475919
-0.0482835
0.0943271
0.0940587
0.0924764
0.0881859
0.0799573
0.0676421
0.0518636
0.0346693
0.0188954
0.00886309
0.0112541
0.0272142
0.0434613
0.0276805
0.00786235
-0.00626752
-0.014812
-0.0189655
-0.0208209
-0.0214581
0.0732003
0.0730593
0.0722097
0.0697554
0.0647923
0.0571526
0.04715
0.0362692
0.0271861
0.0242617
0.0337156
0.0529903
0.0669402
0.0508679
0.0313587
0.0171148
0.00836452
0.00348291
0.00113506
0.000519564
0.0545317
0.0545294
0.0541401
0.052878
0.0500734
0.0456912
0.0398321
0.0336479
0.0294395
0.031266
0.0436642
0.061404
0.0699167
0.0563393
0.0410346
0.03022
0.0233068
0.0187241
0.0165513
0.0160553
0.0379608
0.0380077
0.0378842
0.037345
0.0360061
0.0337347
0.0306327
0.0275706
0.0264473
0.0307339
0.044286
0.0606806
0.0644494
0.0525418
0.04134
0.0346193
0.0301939
0.0270376
0.025369
0.0249305
0.0230551
0.0231258
0.0231422
0.0229486
0.0224266
0.0214152
0.0200544
0.0189019
0.0192603
0.0240125
0.0364636
0.0514683
0.0541437
0.0431701
0.0348965
0.030304
0.0289569
0.0277173
0.0267646
0.0262749
0.00938851
0.00948372
0.00951099
0.0095528
0.00947387
0.00930709
0.0089167
0.00848743
0.00852513
0.010052
0.0149882
0.0259016
0.0353826
0.0316607
0.0223502
0.0179123
0.0169616
0.0179225
0.017644
0.0168443
-0.731237
-0.168296
0.151312
0.365359
0.528454
0.652418
0.751304
0.836148
0.944424
0.942874
0.073106
0.219671
0.379296
0.515869
0.628021
0.718686
0.793285
0.850273
0.873638
0.877936
0.335085
0.433808
0.540465
0.633157
0.712052
0.7777
0.830048
0.86691
0.88998
0.907159
0.520823
0.588824
0.662458
0.728519
0.785636
0.833623
0.872253
0.901919
0.925341
0.944097
0.66022
0.711034
0.762465
0.811827
0.854976
0.892133
0.923352
0.949008
0.970567
0.988951
0.773168
0.810213
0.851353
0.890026
0.925066
0.956062
0.982963
1.0056
1.02464
1.04245
0.870274
0.900372
0.935651
0.968714
0.999538
1.02742
1.05183
1.07232
1.08895
1.10633
0.959522
0.98793
1.02128
1.05283
1.08234
1.10906
1.13225
1.1513
1.1657
1.18283
1.04977
1.0807
1.11575
1.14832
1.17811
1.20453
1.22697
1.24488
1.25742
1.27467
1.15326
1.18897
1.22685
1.26094
1.29086
1.31649
1.33767
1.35423
1.36578
1.38362
1.28232
1.32134
1.35947
1.3925
1.4204
1.44393
1.4635
1.47897
1.49077
1.50902
1.44339
1.47941
1.51146
1.53821
1.561
1.58148
1.60007
1.61608
1.62977
1.64764
1.62806
1.6531
1.67295
1.69145
1.70909
1.72582
1.74168
1.75766
1.77478
1.79391
1.81472
1.82556
1.83827
1.85282
1.86642
1.87849
1.88939
1.90073
1.91613
1.93556
1.9966
2.01003
2.01509
2.01611
2.01807
2.02543
2.03913
2.05672
2.07046
2.0818
2.26547
2.21488
2.16741
2.13583
2.12277
2.12732
2.15056
2.19562
2.26231
2.35643
0.728895
0.725887
0.719829
0.708904
0.696416
0.685109
0.676055
0.669307
0.664854
0.662976
0.664227
0.668231
0.674408
0.682704
0.693212
0.705535
0.717892
0.726606
0.731119
0.733286
0.657193
0.663841
0.66909
0.672709
0.673825
0.672194
0.668746
0.664963
0.661992
0.6607
0.661805
0.664864
0.668969
0.673207
0.676245
0.676782
0.674468
0.670094
0.663801
0.657978
0.647072
0.650035
0.6534
0.655892
0.657655
0.658843
0.659077
0.65834
0.657293
0.656863
0.657751
0.659514
0.661203
0.662005
0.661602
0.660359
0.658467
0.655603
0.652271
0.649983
0.641008
0.642432
0.644647
0.646922
0.648649
0.649849
0.650748
0.651346
0.651635
0.651972
0.652698
0.653488
0.653857
0.653675
0.65307
0.651943
0.650143
0.647927
0.646181
0.645097
0.635622
0.636441
0.637907
0.639686
0.641431
0.642914
0.644062
0.645018
0.645876
0.646676
0.647379
0.647787
0.647819
0.647482
0.646686
0.645424
0.643919
0.64241
0.641397
0.64073
0.630539
0.631093
0.632179
0.633597
0.635116
0.636629
0.638034
0.639261
0.640379
0.641434
0.642237
0.642621
0.642587
0.642113
0.641259
0.640198
0.639053
0.63799
0.637305
0.636837
0.625626
0.626041
0.626909
0.628125
0.629462
0.630882
0.632348
0.633787
0.635145
0.636421
0.637394
0.637861
0.637831
0.637395
0.636708
0.635895
0.635026
0.634238
0.633738
0.633381
0.620814
0.621141
0.621858
0.622925
0.624169
0.625525
0.626986
0.628532
0.630108
0.631639
0.632833
0.633449
0.633555
0.633309
0.632843
0.632242
0.631593
0.631021
0.630651
0.630365
0.616016
0.616281
0.616891
0.617859
0.619044
0.62037
0.621849
0.623484
0.625248
0.62706
0.62854
0.629406
0.629758
0.629752
0.629514
0.629133
0.628686
0.628288
0.628013
0.627777
0.611139
0.61136
0.611896
0.612803
0.613955
0.615285
0.61682
0.618575
0.620548
0.622674
0.624519
0.625731
0.626394
0.626661
0.626666
0.626516
0.626261
0.626014
0.625815
0.625614
0.606092
0.60628
0.606767
0.607644
0.608798
0.610175
0.611806
0.61373
0.615966
0.618471
0.62077
0.622406
0.623436
0.624018
0.624293
0.624372
0.624313
0.624203
0.624066
0.623889
0.600783
0.600947
0.601406
0.602282
0.603479
0.604947
0.606722
0.608875
0.611449
0.614429
0.617279
0.619421
0.620879
0.621821
0.622399
0.622714
0.622867
0.622885
0.622799
0.622639
0.595115
0.595261
0.595709
0.596615
0.597897
0.599501
0.601482
0.603939
0.60694
0.610511
0.614029
0.616775
0.618735
0.620089
0.621008
0.621614
0.621972
0.622108
0.622065
0.621916
0.588976
0.589109
0.589563
0.590528
0.591938
0.593734
0.595992
0.598839
0.602382
0.60668
0.611007
0.614473
0.617029
0.618862
0.62017
0.621094
0.621682
0.621939
0.621934
0.621791
0.582236
0.582359
0.582833
0.583889
0.585475
0.587527
0.590146
0.593489
0.597708
0.602897
0.608201
0.612528
0.615788
0.618189
0.619944
0.621229
0.622078
0.622459
0.62249
0.622348
0.574739
0.574855
0.57536
0.576541
0.578358
0.58074
0.583818
0.587788
0.592845
0.599121
0.605605
0.610959
0.615051
0.61812
0.620412
0.622123
0.623253
0.623764
0.623827
0.623683
0.566279
0.566395
0.566942
0.568291
0.570393
0.573198
0.576862
0.581618
0.587712
0.595316
0.603216
0.609793
0.614865
0.61872
0.621658
0.623854
0.625308
0.625957
0.62605
0.6259
0.556555
0.556681
0.557321
0.558869
0.561349
0.564701
0.569104
0.574845
0.582224
0.591447
0.601046
0.609065
0.615295
0.620072
0.623766
0.626533
0.628349
0.629144
0.629263
0.629104
0.545271
0.545398
0.546155
0.547979
0.550939
0.554987
0.56033
0.567313
0.576288
0.587483
0.599108
0.608822
0.616404
0.622264
0.626823
0.630261
0.632479
0.633422
0.633563
0.633391
0.531937
0.53208
0.532999
0.535184
0.538768
0.543724
0.550279
0.558844
0.569812
0.583403
0.597428
0.609119
0.618255
0.625366
0.630935
0.635133
0.637785
0.638872
0.639027
0.638838
0.515896
0.516079
0.517229
0.519908
0.524326
0.53049
0.538641
0.549248
0.562713
0.579211
0.596055
0.610018
0.62092
0.629452
0.636163
0.641215
0.644315
0.645532
0.645689
0.645481
0.496205
0.496466
0.497966
0.501349
0.506931
0.514763
0.525071
0.538354
0.554965
0.574965
0.595073
0.611598
0.624475
0.634587
0.642553
0.648529
0.652064
0.653376
0.653519
0.65329
0.471434
0.471841
0.473898
0.478357
0.485675
0.49591
0.509218
0.526049
0.546613
0.570786
0.594607
0.613953
0.628974
0.640804
0.650115
0.657032
0.660937
0.662287
0.662395
0.662146
0.439261
0.439969
0.443002
0.449301
0.459413
0.473277
0.490849
0.512381
0.537839
0.566881
0.594825
0.617191
0.634471
0.648096
0.658817
0.666588
0.670731
0.672034
0.672086
0.671821
0.395532
0.39696
0.402079
0.412007
0.426987
0.446468
0.470055
0.497664
0.529014
0.563572
0.595944
0.621434
0.641009
0.656425
0.668516
0.676955
0.681103
0.682255
0.682234
0.681963
0.332486
0.336982
0.347678
0.364777
0.388038
0.415931
0.447542
0.482597
0.520704
0.561238
0.598176
0.626775
0.648575
0.665671
0.678893
0.687672
0.691544
0.692405
0.692306
0.692047
0.257528
0.265657
0.285164
0.312903
0.346808
0.384154
0.424371
0.467348
0.512756
0.559998
0.602363
0.634845
0.659462
0.678557
0.693008
0.70191
0.705421
0.7061
0.706052
0.70592
0.182323
0.195787
0.224453
0.26265
0.306641
0.353323
0.402162
0.453126
0.505924
0.559997
0.607935
0.644393
0.671856
0.693131
0.708715
0.717235
0.720035
0.720483
0.720466
0.720423
0.119848
0.137164
0.171521
0.217562
0.269778
0.324665
0.381438
0.439969
0.499871
0.560523
0.613754
0.653917
0.683973
0.706863
0.72301
0.731382
0.733997
0.734394
0.734426
0.734428
0.0686117
0.0879869
0.126812
0.178673
0.237324
0.298993
0.36264
0.427973
0.494443
0.561301
0.619576
0.663251
0.695719
0.720246
0.737203
0.74557
0.747994
0.748525
0.748612
0.748653
0.0256756
0.0463012
0.0884638
0.144955
0.208923
0.276269
0.345831
0.4172
0.489675
0.562349
0.625424
0.672473
0.707292
0.733412
0.751177
0.759791
0.762534
0.76312
0.76324
0.76331
-0.0112582
0.0101589
0.0549801
0.115224
0.183664
0.255912
0.330686
0.407479
0.485463
0.563575
0.631221
0.681532
0.718662
0.746415
0.765101
0.774306
0.777267
0.777916
0.778022
0.778105
-0.0438609
-0.021893
0.0250827
0.0884855
0.160736
0.237275
0.316706
0.398422
0.481505
0.564752
0.636784
0.690256
0.729618
0.758929
0.778568
0.788422
0.79163
0.792342
0.792416
0.792498
-0.0733651
-0.0509997
-0.00219919
0.063918
0.139484
0.219806
0.30342
0.389656
0.477512
0.565656
0.641921
0.698453
0.739966
0.77075
0.791337
0.801779
0.805261
0.806016
0.80608
0.806149
-0.100758
-0.0779761
-0.0275944
0.0408941
0.1194
0.20309
0.290489
0.380885
0.473222
0.566059
0.646449
0.705962
0.749543
0.781725
0.803176
0.81413
0.817862
0.818619
0.818658
0.818706
-0.126566
-0.103358
-0.0515699
0.0189726
0.100112
0.186821
0.277649
0.371878
0.468434
0.565798
0.65026
0.712721
0.758308
0.791804
0.813953
0.825236
0.829171
0.829949
0.829957
0.829974
-0.151236
-0.127531
-0.0746173
-0.00212762
0.0813474
0.170768
0.264714
0.362478
0.463009
0.564769
0.65328
0.718709
0.766272
0.800953
0.82369
0.835202
0.839186
0.839984
0.839963
0.839951
-0.175056
-0.150882
-0.0969032
-0.0226277
0.062933
0.154791
0.251561
0.352585
0.456851
0.562865
0.655456
0.723938
0.773498
0.809301
0.832493
0.844055
0.848024
0.848768
0.848741
0.848703
-0.198213
-0.173528
-0.11849
-0.0426607
0.0447668
0.138803
0.238125
0.342134
0.449897
0.560025
0.65674
0.728424
0.780096
0.816999
0.840481
0.851988
0.85584
0.856525
0.856456
0.856396
-0.220789
-0.195587
-0.139507
-0.0622936
0.0267987
0.122781
0.22439
0.331106
0.44211
0.556194
0.657081
0.732181
0.786171
0.824221
0.847876
0.85915
0.86278
0.863369
0.863271
0.863191
-0.242788
-0.21712
-0.16004
-0.0815558
0.00901866
0.106721
0.210368
0.319519
0.43349
0.551334
0.656416
0.735204
0.791832
0.831165
0.854857
0.86567
0.868956
0.869394
0.869256
0.86916
-0.264265
-0.238097
-0.180078
-0.100437
-0.00855301
0.090658
0.196102
0.307414
0.424075
0.545426
0.654687
0.737449
0.797131
0.838036
0.861704
0.87175
0.874428
0.874651
0.874481
0.874381
-0.285149
-0.258487
-0.199582
-0.118915
-0.0258814
0.0746548
0.18166
0.294862
0.413916
0.538479
0.651819
0.738821
0.802058
0.845028
0.868812
0.877782
0.879444
0.879253
0.879043
0.878964
-0.305458
-0.278257
-0.218555
-0.136947
-0.0429067
0.0587695
0.167122
0.281954
0.403079
0.530534
0.64775
0.739184
0.806509
0.852224
0.876653
0.884488
0.88453
0.883376
0.883023
0.88307
-0.325105
-0.297414
-0.236953
-0.1545
-0.059581
0.0430769
0.15256
0.268763
0.391671
0.521661
0.642441
0.738363
0.810267
0.859474
0.885544
0.892939
0.891048
0.887914
0.886428
0.886365
-0.34416
-0.315932
-0.254734
-0.171527
-0.0758343
0.0276583
0.138092
0.255421
0.379808
0.51194
0.635884
0.736167
0.813018
0.866315
0.895207
0.90393
0.901474
0.895525
0.888814
0.872394
-0.362559
-0.333801
-0.272034
-0.188229
-0.0919558
0.0121938
0.123313
0.241486
0.367
0.50088
0.627575
0.732064
0.814472
0.872388
0.904936
0.917275
0.9167
0.909316
0.895021
0.910158
-0.380425
-0.351004
-0.288794
-0.204579
-0.107868
-0.00326046
0.108227
0.22698
0.353236
0.488366
0.617285
0.725399
0.813844
0.876582
0.911655
0.927122
0.929568
0.919066
0.858184
0.842855
-0.398344
-0.36815
-0.304765
-0.220256
-0.122993
-0.0182597
0.0930469
0.212162
0.338793
0.474588
0.604983
0.715696
0.810062
0.877995
0.910514
0.925396
0.91812
0.880947
0.813567
0.773167
-0.416986
-0.38621
-0.319538
-0.234993
-0.136957
-0.0326636
0.0781606
0.197201
0.323747
0.459541
0.590482
0.702678
0.800658
0.875114
0.92368
0.897262
0.866252
0.799913
0.727556
0.6839
0.00667402
0.122349
0.24472
0.375156
0.509626
0.632403
0.73526
0.564221
-0.437142
-0.418371
-0.380244
-0.309003
-0.218265
-0.118723
-0.011102
0.103479
0.225065
0.354322
0.487767
0.609867
0.711739
0.792655
0.84501
0.796193
0.649622
0.558631
0.487783
-0.454186
-0.441237
-0.396908
-0.324279
-0.233132
-0.133337
-0.0262183
0.0878726
0.208594
0.336491
0.467776
0.586558
0.682301
0.750439
0.746381
0.637325
0.48919
0.380528
0.28972
-0.476804
-0.464194
-0.416909
-0.343251
-0.252089
-0.151985
-0.0448344
0.0689136
0.188684
0.314956
0.443145
0.556788
0.641668
0.692624
0.6519
0.486738
0.318543
0.183309
0.0640025
-0.499594
-0.486842
-0.438001
-0.363042
-0.271575
-0.171481
-0.0646419
0.0483624
0.166896
0.291081
0.415636
0.523243
0.60083
0.623525
0.535407
0.34045
0.141308
-0.0383369
-0.205777
-0.521606
-0.509346
-0.459739
-0.383657
-0.291813
-0.191747
-0.0853638
0.0267419
0.143843
0.265573
0.385961
0.486692
0.554632
0.538382
0.406642
0.204608
-0.0146613
-0.221941
-0.409222
-0.544228
-0.532243
-0.482349
-0.405553
-0.313413
-0.213313
-0.107317
0.00393995
0.119534
0.238632
0.354572
0.447663
0.501428
0.463039
0.288912
0.090693
-0.120522
-0.318253
-0.440448
-0.479966
-0.56818
-0.556336
-0.506198
-0.429023
-0.33678
-0.236755
-0.13122
-0.0209399
0.0929029
0.208951
0.319845
0.404842
0.442598
0.380416
0.183633
-0.00576652
-0.18588
-0.321407
-0.367581
-0.39128
-0.593601
-0.581881
-0.531557
-0.45418
-0.361989
-0.262249
-0.157365
-0.0483405
0.0633858
0.175855
0.280962
0.357582
0.374357
0.274389
0.089533
-0.0853816
-0.237631
-0.32088
-0.341101
-0.346491
-0.620809
-0.609078
-0.558548
-0.48104
-0.389027
-0.28975
-0.185772
-0.0782972
0.0309324
0.139323
0.237891
0.305798
0.293236
0.172289
0.00199893
-0.162366
-0.282067
-0.326314
-0.326015
-0.327135
-0.649709
-0.63807
-0.587209
-0.50961
-0.417891
-0.31926
-0.216437
-0.11081
-0.00446414
0.0993778
0.190837
0.248189
0.218518
0.076392
-0.0787855
-0.231534
-0.297494
-0.315237
-0.316323
-0.316017
-0.680154
-0.668527
-0.617435
-0.539807
-0.448495
-0.350726
-0.249306
-0.145854
-0.0427782
0.0560823
0.140048
0.185337
0.152316
-0.00683835
-0.152009
-0.266994
-0.316486
-0.30946
-0.309216
-0.309209
-0.711656
-0.699958
-0.648963
-0.57138
-0.48065
-0.38397
-0.284236
-0.183297
-0.0838627
0.00972825
0.0858283
0.121699
0.074475
-0.0791392
-0.211523
-0.290763
-0.306455
-0.304724
-0.304554
-0.304255
-0.743705
-0.731931
-0.681209
-0.603908
-0.513985
-0.41866
-0.320934
-0.22285
-0.127449
-0.0393076
0.0289472
0.0537523
-0.0105803
-0.140647
-0.25648
-0.276808
-0.293647
-0.299949
-0.300575
-0.300362
-0.775327
-0.76355
-0.713319
-0.636755
-0.547935
-0.4543
-0.358942
-0.264059
-0.173028
-0.0906003
-0.0288839
-0.0200265
-0.0849592
-0.193682
-0.272973
-0.323514
-0.305947
-0.300361
-0.298496
-0.298107
-0.804665
-0.793746
-0.744355
-0.668883
-0.581684
-0.490165
-0.397598
-0.306277
-0.219849
-0.143419
-0.0864437
-0.0877901
-0.153148
-0.235458
-0.295931
-0.305671
-0.301201
-0.298465
-0.297486
-0.29718
-0.830978
-0.820356
-0.77294
-0.699055
-0.614134
-0.52528
-0.436017
-0.348668
-0.266966
-0.19649
-0.144396
-0.146565
-0.216304
-0.272476
-0.291945
-0.296618
-0.303441
-0.304243
-0.303877
-0.303728
-0.851603
-0.841647
-0.796707
-0.725828
-0.643929
-0.558481
-0.473099
-0.390193
-0.313338
-0.248432
-0.202423
-0.201248
-0.267629
-0.324679
-0.332657
-0.342547
-0.332427
-0.326781
-0.324558
-0.323223
-0.864535
-0.85564
-0.81397
-0.747098
-0.66943
-0.588376
-0.50763
-0.429619
-0.357838
-0.298009
-0.257235
-0.250923
-0.308689
-0.377127
-0.404856
-0.37193
-0.359158
-0.352452
-0.346781
-0.344161
-0.867167
-0.85992
-0.822674
-0.76108
-0.688845
-0.613441
-0.538231
-0.465687
-0.3992
-0.343961
-0.30538
-0.290799
-0.323564
-0.382688
-0.43408
-0.372328
-0.341901
-0.329753
-0.326203
-0.325232
-0.85769
-0.851877
-0.820489
-0.765908
-0.700715
-0.632204
-0.563597
-0.497177
-0.436129
-0.38513
-0.346452
-0.311638
-0.281925
-0.2489
-0.309401
-0.283967
-0.283452
-0.287715
-0.290465
-0.291208
-0.832793
-0.828692
-0.804794
-0.760164
-0.704041
-0.643734
-0.582675
-0.52288
-0.467528
-0.420799
-0.383839
-0.323418
-0.204817
-0.0190859
0.0365661
-0.117162
-0.221966
-0.271763
-0.289332
-0.295121
-0.795818
-0.793281
-0.777674
-0.74407
-0.698942
-0.64797
-0.595036
-0.542135
-0.4923
-0.450227
-0.41791
-0.362431
-0.285947
-0.191321
-0.1838
-0.30195
-0.370474
-0.398118
-0.409916
-0.416912
-0.753486
-0.751868
-0.744147
-0.72153
-0.687607
-0.646067
-0.601087
-0.554763
-0.510003
-0.472117
-0.446414
-0.45832
-0.593361
-0.900753
-1.07148
-0.978204
-0.791384
-0.680205
-0.639283
-0.629499
-0.715871
-0.714828
-0.711308
-0.698818
-0.673959
-0.640479
-0.602203
-0.560981
-0.519711
-0.482797
-0.4647
-0.479204
-0.644976
-0.803326
-0.883091
-0.783186
-0.720277
-0.682708
-0.659983
-0.641441
-0.689306
-0.688747
-0.686457
-0.680217
-0.662352
-0.634642
-0.600435
-0.562094
-0.520669
-0.479988
-0.448976
-0.408984
-0.429676
-0.461624
-0.539197
-0.643642
-0.737311
-0.755977
-0.691549
-0.614289
-0.669625
-0.669198
-0.668335
-0.66595
-0.654689
-0.631039
-0.598296
-0.5598
-0.51639
-0.469376
-0.423313
-0.405645
-0.361785
-0.255419
-0.170685
-0.116646
-0.093393
-0.090917
-0.0650713
-0.0174423
-0.657613
-0.657476
-0.657037
-0.655508
-0.649883
-0.629691
-0.596996
-0.556374
-0.509236
-0.454533
-0.39959
-0.361312
-0.263747
-0.0461536
0.201511
0.444597
0.567355
0.598324
0.602282
0.598292
-0.649753
-0.649734
-0.649399
-0.648998
-0.646384
-0.630448
-0.597569
-0.5533
-0.499293
-0.437401
-0.364017
-0.289367
-0.162222
0.0879022
0.348391
0.564786
0.701042
0.788602
0.844411
0.878488
-0.645573
-0.64549
-0.644983
-0.644059
-0.642701
-0.633659
-0.600856
-0.551683
-0.491468
-0.420348
-0.333532
-0.242362
-0.0911031
0.171917
0.433899
0.667008
0.842502
0.978585
1.085
1.14203
-0.645497
-0.64548
-0.645489
-0.645418
-0.645678
-0.640777
-0.607103
-0.553002
-0.487411
-0.406322
-0.311162
-0.209772
-0.0742674
0.194763
0.501476
0.798095
1.05033
1.23228
1.34375
1.39218
-0.644677
-0.645528
-0.647647
-0.652358
-0.658341
-0.652199
-0.61419
-0.557809
-0.488096
-0.401223
-0.302256
-0.192873
-0.0724894
0.169492
0.485086
0.780009
1.03858
1.22455
1.32397
1.36033
-0.646006
-0.647257
-0.647512
-0.644083
-0.639543
-0.633866
-0.611634
-0.56739
-0.496436
-0.404319
-0.300667
-0.195148
-0.104368
0.10583
0.384161
0.638047
0.854642
1.00361
1.0796
1.10578
-0.677781
-0.677312
-0.668623
-0.637607
-0.595316
-0.585624
-0.61255
-0.586813
-0.510671
-0.411381
-0.305792
-0.206356
-0.116182
0.0263076
0.251196
0.452457
0.618394
0.728902
0.782627
0.800477
-0.748561
-0.744005
-0.744063
-0.739231
-0.738692
-0.725867
-0.716981
-0.637926
-0.533407
-0.420504
-0.312828
-0.220676
-0.142574
-0.0477862
0.122947
0.275275
0.400321
0.480204
0.517152
0.527428
-0.883545
-0.884727
-0.918143
-0.969289
-0.993505
-0.968504
-0.878224
-0.713478
-0.557877
-0.426059
-0.317805
-0.234813
-0.169314
-0.106163
0.0174917
0.129575
0.217248
0.271521
0.2961
0.303007
-0.971421
-0.981032
-1.01785
-1.05912
-1.07823
-1.04855
-0.935154
-0.734689
-0.55645
-0.418369
-0.313691
-0.240261
-0.186209
-0.141728
-0.0614445
0.01435
0.0711227
0.105263
0.119397
0.122658
-0.881095
-0.890127
-0.921221
-0.957545
-0.976312
-0.947901
-0.826739
-0.654239
-0.503057
-0.383014
-0.294895
-0.235129
-0.191261
-0.156998
-0.110624
-0.0720308
-0.044664
-0.0318777
-0.0270783
-0.0261711
-0.59568
-0.607472
-0.634789
-0.672741
-0.699421
-0.685257
-0.603458
-0.498409
-0.401743
-0.323779
-0.262606
-0.219281
-0.18546
-0.160847
-0.141867
-0.129402
-0.126247
-0.128175
-0.130788
-0.130728
-0.246839
-0.253466
-0.269857
-0.297085
-0.328681
-0.343661
-0.338723
-0.316699
-0.285993
-0.253056
-0.223647
-0.200865
-0.180762
-0.16681
-0.161895
-0.164081
-0.172765
-0.182244
-0.185268
-0.184755
0.0112172
0.00791126
-0.00159391
-0.0231033
-0.0578363
-0.102008
-0.139952
-0.166645
-0.181861
-0.185551
-0.184548
-0.184713
-0.185431
-0.180325
-0.174908
-0.175129
-0.181296
-0.187683
-0.188959
-0.188495
0.134888
0.132861
0.12666
0.10912
0.0756966
0.0275639
-0.024175
-0.0704158
-0.105278
-0.12971
-0.148558
-0.170329
-0.194669
-0.192187
-0.176868
-0.169135
-0.165789
-0.165103
-0.163958
-0.163601
0.165752
0.164567
0.160225
0.146916
0.120168
0.0801043
0.0339478
-0.0124557
-0.0526977
-0.0854235
-0.113883
-0.147099
-0.182189
-0.176563
-0.156131
-0.140915
-0.133884
-0.130537
-0.129327
-0.129553
0.154882
0.154218
0.151276
0.142057
0.123096
0.0940052
0.0582251
0.0195529
-0.0167834
-0.0488508
-0.0767327
-0.104972
-0.129
-0.120097
-0.108271
-0.101129
-0.0972849
-0.0957526
-0.0955728
-0.0961258
0.131103
0.130802
0.12895
0.123003
0.11043
0.0905371
0.0647552
0.0354842
0.00661446
-0.0190138
-0.0380782
-0.05069
-0.055387
-0.0504876
-0.0517211
-0.0563533
-0.0596992
-0.0616443
-0.0626043
-0.0634022
0.10602
0.105953
0.104886
0.101288
0.0933611
0.0803678
0.0628243
0.042272
0.0215019
0.00405457
-0.00502367
-0.000653761
0.0116272
0.0136027
-0.00161693
-0.01609
-0.0258098
-0.0307021
-0.0328971
-0.0339549
0.0833578
0.0833657
0.0828292
0.0807472
0.0759793
0.0678491
0.0565039
0.0429985
0.0295025
0.0194708
0.0192571
0.0326448
0.0526675
0.051376
0.0310639
0.0132952
0.00137116
-0.00513834
-0.00838788
-0.00961251
0.0634969
0.0636028
0.063336
0.0622622
0.0594702
0.0546854
0.0477925
0.0395681
0.0317448
0.027562
0.0328647
0.0492906
0.0671347
0.0647104
0.0456725
0.0302041
0.0201624
0.0142559
0.0106984
0.00939725
0.0459306
0.0460491
0.0459709
0.0454842
0.0441324
0.0415437
0.0376957
0.0331488
0.029333
0.0289765
0.0371113
0.0534728
0.0672288
0.0627566
0.0485185
0.0370275
0.0298749
0.0254122
0.0223795
0.0213945
0.0302406
0.0303554
0.0303661
0.0302397
0.0296867
0.0284729
0.0265922
0.0243841
0.0229988
0.0246593
0.0334756
0.0485518
0.0612467
0.0563342
0.0433666
0.0362732
0.032028
0.029565
0.0275319
0.0267903
0.0159954
0.0161006
0.0161614
0.0161653
0.0160617
0.0156338
0.0149377
0.0141508
0.0138947
0.0156785
0.0227392
0.0363682
0.0469283
0.0412975
0.0314372
0.026107
0.0247391
0.0245676
0.0243211
0.0234691
0.00945273
0.00949712
0.00953279
0.00952804
0.00941998
0.00913573
0.00867943
0.00839794
0.00910141
0.0119374
0.0198837
0.0320008
0.0366309
0.0268627
0.0193521
0.0171455
0.0172683
0.0179137
0.0173732
0.00539728
-0.379614
-0.0392403
0.177599
0.365347
0.516635
0.636586
0.731822
0.812721
0.871874
0.867249
0.114134
0.264597
0.404359
0.524617
0.627103
0.712296
0.782289
0.836747
0.869866
0.882013
0.374002
0.46938
0.562133
0.645529
0.717783
0.779131
0.829421
0.867858
0.895162
0.913932
0.551803
0.615462
0.682406
0.743932
0.796815
0.842391
0.880521
0.911337
0.936129
0.953978
0.687337
0.73321
0.784703
0.830133
0.871126
0.90716
0.938371
0.964755
0.986761
1.00219
0.797768
0.834926
0.875144
0.911717
0.945731
0.976587
1.00395
1.02743
1.04703
1.05982
0.894479
0.926577
0.961054
0.99405
1.02505
1.05362
1.07911
1.10086
1.11857
1.12898
0.984945
1.01603
1.05002
1.08311
1.11392
1.14206
1.16683
1.18756
1.20371
1.21226
1.07936
1.11403
1.15067
1.18595
1.21773
1.24587
1.26996
1.28964
1.30439
1.31233
1.19195
1.23221
1.27136
1.30808
1.33978
1.36679
1.3893
1.40749
1.42114
1.4302
1.33565
1.37829
1.41589
1.44952
1.47748
1.50121
1.52179
1.53917
1.55299
1.56411
1.51342
1.55098
1.57896
1.60327
1.62426
1.64352
1.66175
1.67888
1.69476
1.70927
1.71105
1.73207
1.74695
1.76273
1.77898
1.79427
1.80797
1.82123
1.83671
1.85507
1.90163
1.9088
1.91934
1.93087
1.94078
1.94997
1.96021
1.9713
1.9829
1.99176
2.11465
2.11642
2.10849
2.09197
2.08082
2.08024
2.09239
2.11699
2.15111
2.17564
2.53429
2.34041
2.23935
2.18147
2.15233
2.14569
2.16089
2.20171
2.27756
2.42051
-0.401327
-0.405828
-0.366214
-0.293751
-0.202271
-0.101812
0.830267
0.89553
0.882921
0.79752
0.720699
0.64559
0.417814
0.197146
-0.0713562
-0.426113
-0.773067
)
;

boundaryField
{
    wall-4
    {
        type            zeroGradient;
    }
    pressure-outlet-7
    {
        type            fixedValue;
        value           uniform 0;
    }
    velocity-inlet-6
    {
        type            zeroGradient;
    }
    velocity-inlet-5
    {
        type            zeroGradient;
    }
    frontAndBackPlanes
    {
        type            empty;
    }
}


// ************************************************************************* //
