/*--------------------------------*- C++ -*----------------------------------*\
  =========                 |
  \\      /  F ield         | OpenFOAM: The Open Source CFD Toolbox
   \\    /   O peration     | Website:  https://openfoam.org
    \\  /    A nd           | Version:  9
     \\/     M anipulation  |
\*---------------------------------------------------------------------------*/
FoamFile
{
    format      ascii;
    class       volScalarField;
    location    "59";
    object      p;
}
// * * * * * * * * * * * * * * * * * * * * * * * * * * * * * * * * * * * * * //

dimensions      [0 2 -2 0 0 0 0];

internalField   nonuniform List<scalar> 
8800
(
0.765597
0.71781
0.679121
0.650128
0.629266
0.614438
0.603848
0.596376
0.591568
0.589527
0.590815
0.59502
0.601677
0.611001
0.623786
0.641524
0.666304
0.700246
0.742797
0.801499
0.596845
0.604524
0.612
0.615309
0.613807
0.608732
0.602249
0.596179
0.591466
0.588637
0.588377
0.590901
0.595403
0.601359
0.608135
0.614419
0.618063
0.617328
0.611911
0.603222
0.575247
0.581406
0.585534
0.588479
0.590531
0.591138
0.590037
0.587941
0.585938
0.585049
0.586032
0.588431
0.591242
0.593431
0.594044
0.592849
0.59051
0.58712
0.582562
0.578801
0.569435
0.572086
0.574838
0.577242
0.578878
0.580043
0.58079
0.580916
0.580635
0.580606
0.581381
0.582569
0.583422
0.583496
0.582893
0.581806
0.579993
0.577425
0.575023
0.573519
0.564052
0.565477
0.567256
0.569289
0.571075
0.572419
0.573414
0.574221
0.574851
0.575438
0.576114
0.57663
0.576744
0.576467
0.575777
0.574533
0.572841
0.570995
0.569689
0.568857
0.558973
0.559893
0.561135
0.562702
0.564336
0.565864
0.567155
0.568232
0.569214
0.570133
0.570851
0.571201
0.571175
0.570747
0.569874
0.56868
0.567356
0.566099
0.565278
0.564726
0.554063
0.554733
0.555695
0.556997
0.558408
0.559869
0.561314
0.562648
0.563865
0.565002
0.565855
0.566248
0.566182
0.565686
0.564889
0.563948
0.56294
0.562019
0.561435
0.56103
0.549276
0.549792
0.550576
0.551706
0.552984
0.55436
0.555812
0.557296
0.558745
0.560113
0.561155
0.561655
0.56165
0.56128
0.560687
0.559969
0.559201
0.55852
0.558088
0.55777
0.54454
0.544951
0.545606
0.546612
0.547818
0.549147
0.550598
0.552166
0.55381
0.555442
0.556728
0.557418
0.557605
0.557452
0.55708
0.556572
0.556007
0.555519
0.555197
0.554939
0.539769
0.540104
0.54067
0.541596
0.542753
0.544067
0.545554
0.547219
0.549049
0.550968
0.55257
0.553552
0.554013
0.55411
0.553967
0.553681
0.553309
0.552979
0.552742
0.552525
0.534876
0.535153
0.535658
0.536538
0.537676
0.539014
0.540573
0.542377
0.544434
0.546686
0.548686
0.550045
0.550835
0.551218
0.551324
0.55126
0.55108
0.550891
0.550721
0.550534
0.529771
0.530004
0.53047
0.531333
0.532493
0.533898
0.535571
0.537568
0.539917
0.542582
0.54507
0.546881
0.548056
0.548767
0.54915
0.549317
0.549328
0.549267
0.549153
0.548986
0.524364
0.524562
0.525008
0.525885
0.527108
0.528624
0.530468
0.532723
0.535443
0.538627
0.541707
0.544055
0.54568
0.546765
0.547461
0.54787
0.54809
0.548148
0.548081
0.547928
0.518555
0.518725
0.519168
0.520088
0.521414
0.523092
0.525172
0.527767
0.530959
0.534786
0.538584
0.541573
0.543728
0.545242
0.546291
0.546995
0.547419
0.547593
0.547565
0.547421
0.512226
0.512372
0.512828
0.513819
0.515296
0.517196
0.51959
0.522617
0.526406
0.531023
0.535689
0.539445
0.542226
0.544246
0.545697
0.546718
0.547377
0.547672
0.547682
0.547542
0.505242
0.505362
0.505845
0.506941
0.508619
0.510811
0.513606
0.517184
0.521714
0.527296
0.533014
0.537687
0.541211
0.543826
0.545751
0.547139
0.548058
0.548477
0.54852
0.548382
0.497421
0.497519
0.498046
0.499281
0.501219
0.503781
0.50709
0.511362
0.51681
0.523575
0.530559
0.536327
0.540727
0.544042
0.546535
0.54835
0.54956
0.550109
0.550184
0.550042
0.488538
0.48864
0.48922
0.490611
0.492881
0.495925
0.499887
0.50503
0.511618
0.519827
0.528335
0.5354
0.540834
0.544972
0.548137
0.550454
0.55199
0.552678
0.552782
0.552634
0.478287
0.478369
0.47904
0.480657
0.483359
0.487022
0.49181
0.498049
0.506056
0.51603
0.526361
0.534956
0.541605
0.54671
0.550645
0.553551
0.555459
0.556294
0.556425
0.556266
0.466297
0.466364
0.467134
0.469063
0.472323
0.476779
0.482625
0.490253
0.500026
0.512149
0.524655
0.535046
0.543109
0.549342
0.554173
0.557763
0.560077
0.561059
0.561212
0.561039
0.45202
0.452075
0.452988
0.455332
0.459328
0.46483
0.472057
0.481468
0.493452
0.508189
0.523265
0.535742
0.545422
0.552954
0.558821
0.563181
0.565929
0.567055
0.56722
0.56703
0.434696
0.43474
0.435866
0.438792
0.443796
0.450714
0.459779
0.471511
0.486281
0.504189
0.522269
0.537126
0.548636
0.557628
0.564651
0.569868
0.573062
0.574314
0.574481
0.57427
0.413172
0.413214
0.414686
0.418492
0.424952
0.433861
0.445448
0.460246
0.478529
0.500242
0.521781
0.539294
0.552835
0.563441
0.571707
0.577849
0.581464
0.582805
0.582955
0.582722
0.385724
0.385786
0.387843
0.393065
0.401775
0.413611
0.42875
0.447619
0.470291
0.496503
0.521941
0.542357
0.558074
0.57041
0.580021
0.58707
0.591031
0.592397
0.592509
0.592255
0.349325
0.349485
0.352746
0.360582
0.373093
0.389394
0.409597
0.433813
0.461857
0.493254
0.522971
0.546449
0.56443
0.578548
0.589537
0.597388
0.601545
0.602845
0.602896
0.602624
0.298194
0.299167
0.305647
0.318844
0.33796
0.361164
0.388346
0.419321
0.453704
0.490868
0.525098
0.551698
0.571945
0.587802
0.600091
0.608536
0.612671
0.613801
0.613777
0.613493
0.223437
0.230672
0.245662
0.268894
0.297865
0.330319
0.366035
0.404796
0.44621
0.489633
0.528719
0.558692
0.581396
0.599162
0.612746
0.621624
0.625612
0.626557
0.626488
0.62624
0.143054
0.160189
0.184482
0.218408
0.257608
0.299445
0.343769
0.390516
0.439382
0.489779
0.534653
0.568845
0.594618
0.614706
0.629854
0.638986
0.642524
0.643197
0.643144
0.642989
0.0760676
0.0962544
0.128243
0.171248
0.21949
0.270174
0.32285
0.377438
0.433609
0.490778
0.54118
0.579328
0.60796
0.630067
0.646189
0.655196
0.658409
0.659008
0.65901
0.658904
0.0212073
0.0430467
0.0805385
0.129966
0.185355
0.243495
0.303561
0.365344
0.428386
0.492021
0.547691
0.589554
0.620787
0.644632
0.661716
0.670874
0.67406
0.674723
0.674752
0.674674
-0.0244694
-0.00145
0.0398242
0.0943521
0.155486
0.219785
0.286205
0.354398
0.423745
0.493432
0.554092
0.59948
0.633187
0.658754
0.676841
0.686521
0.689954
0.690514
0.690571
0.690524
-0.0632266
-0.0395393
0.00459582
0.0631691
0.129138
0.198682
0.270623
0.344511
0.419597
0.49492
0.560303
0.609067
0.645171
0.672439
0.691598
0.701947
0.705596
0.706204
0.706276
0.706257
-0.0970834
-0.0729573
-0.0265548
0.0353505
0.105403
0.179506
0.256341
0.335372
0.415744
0.496348
0.566217
0.618206
0.656608
0.685532
0.705691
0.716679
0.720662
0.721374
0.721472
0.721472
-0.12753
-0.103017
-0.0547685
0.0099849
0.0835586
0.16166
0.242888
0.326613
0.411891
0.497481
0.571629
0.626706
0.667282
0.697716
0.718881
0.73044
0.73475
0.735635
0.735743
0.735751
-0.155528
-0.130665
-0.0808369
-0.0136304
0.0630432
0.144688
0.229865
0.317889
0.407756
0.498098
0.57638
0.634422
0.677053
0.708864
0.7309
0.742992
0.747578
0.748594
0.748689
0.748686
-0.181876
-0.156616
-0.105323
-0.0360118
0.0434247
0.128228
0.216975
0.308958
0.403135
0.498037
0.580359
0.641298
0.685895
0.719
0.741745
0.754208
0.758992
0.760096
0.760186
0.760165
-0.20695
-0.18128
-0.128765
-0.0574928
0.0243976
0.112035
0.204018
0.299648
0.397876
0.497184
0.583503
0.647342
0.693854
0.72815
0.751475
0.764197
0.769072
0.770212
0.770276
0.770231
-0.231169
-0.204971
-0.151427
-0.0783161
0.00575344
0.0959325
0.190854
0.289839
0.391873
0.495444
0.585772
0.65257
0.701024
0.736451
0.760268
0.773064
0.777956
0.779082
0.779128
0.779058
-0.254666
-0.228051
-0.173375
-0.0986567
-0.012635
0.0798231
0.177399
0.279465
0.385062
0.492761
0.587134
0.657017
0.707513
0.74406
0.768243
0.781021
0.785843
0.786932
0.786959
0.786865
-0.277574
-0.250454
-0.194754
-0.118599
-0.03083
0.063663
0.163623
0.268493
0.377407
0.48908
0.587543
0.660709
0.71343
0.75116
0.775631
0.788252
0.792904
0.793906
0.793883
0.79377
-0.300025
-0.272344
-0.21565
-0.138178
-0.0488608
0.0474453
0.149535
0.256936
0.368901
0.484363
0.586949
0.663647
0.718879
0.75791
0.782584
0.794888
0.799227
0.800076
0.799999
0.799864
-0.322042
-0.293711
-0.236095
-0.157399
-0.0667019
0.0311941
0.135174
0.244829
0.359568
0.478585
0.585292
0.665791
0.723914
0.764489
0.789306
0.801046
0.804882
0.805507
0.805377
0.805231
-0.343471
-0.314525
-0.256029
-0.176241
-0.0843261
0.0149695
0.120594
0.232242
0.349457
0.47176
0.582502
0.667072
0.728534
0.771072
0.796098
0.806989
0.810002
0.810271
0.810083
0.809939
-0.364294
-0.334763
-0.275438
-0.194663
-0.10168
-0.0011738
0.105882
0.219247
0.338644
0.463911
0.578529
0.667366
0.732664
0.777769
0.803368
0.813239
0.81491
0.814468
0.814172
0.814083
-0.38458
-0.354392
-0.2943
-0.212635
-0.118705
-0.0171566
0.0911196
0.205944
0.327213
0.455099
0.573325
0.666522
0.736129
0.784512
0.811491
0.820682
0.8205
0.818506
0.8178
0.818
-0.40416
-0.37339
-0.312562
-0.230099
-0.135344
-0.0328983
0.0764001
0.19244
0.315279
0.445413
0.566874
0.664364
0.738656
0.790959
0.820458
0.830332
0.828728
0.82432
0.821727
0.821338
-0.423128
-0.391748
-0.330242
-0.247086
-0.151631
-0.0484416
0.0616688
0.17868
0.302775
0.434782
0.559041
0.660618
0.739942
0.796591
0.829636
0.842453
0.842056
0.835523
0.827447
0.813456
-0.441413
-0.409454
-0.347456
-0.263797
-0.167846
-0.0641117
0.0465182
0.164194
0.28918
0.422587
0.549198
0.654523
0.739442
0.800702
0.837343
0.854928
0.856376
0.843721
0.823826
0.812323
-0.458839
-0.426643
-0.364013
-0.28003
-0.183641
-0.0795697
0.0311712
0.149299
0.274791
0.409077
0.537394
0.645586
0.7363
0.802117
0.839402
0.856824
0.860883
0.83739
0.769763
0.739442
-0.474743
-0.444565
-0.379587
-0.295298
-0.198228
-0.0943167
0.0159419
0.134225
0.259824
0.39437
0.52355
0.633481
0.72905
0.800139
0.830778
0.842872
0.831493
0.776978
0.707885
0.665392
-0.530156
-0.460375
-0.393709
-0.310728
-0.213228
-0.109815
0.000761998
0.118685
0.243905
0.378
0.507043
0.61753
0.713763
0.791346
0.795473
0.797481
0.746983
0.676129
0.599296
0.556542
-0.491594
-0.475586
-0.414804
-0.330829
-0.235416
-0.132062
-0.0225198
0.0947358
0.218941
0.351588
0.47868
0.587514
0.675884
0.758353
0.744223
0.629799
0.52388
0.450194
0.376525
0.406753
-0.522412
-0.493115
-0.431419
-0.348268
-0.252865
-0.149643
-0.0398436
0.0767615
0.199881
0.330704
0.454966
0.559576
0.638306
0.682378
0.633187
0.483247
0.354727
0.262872
0.163903
0.213684
-0.546145
-0.513912
-0.450993
-0.367689
-0.272174
-0.169059
-0.0593535
0.0564036
0.178104
0.306503
0.426992
0.525374
0.595359
0.604752
0.497429
0.323907
0.170693
0.0514815
-0.079845
-0.0471841
-0.569366
-0.535598
-0.471493
-0.387267
-0.291668
-0.188708
-0.0795346
0.0352448
0.15533
0.280922
0.396688
0.487185
0.541915
0.519762
0.360637
0.163926
-0.0266445
-0.194715
-0.383312
-0.401943
-0.591994
-0.557769
-0.492768
-0.407763
-0.312018
-0.209282
-0.100768
0.0129083
0.131119
0.253503
0.363846
0.44642
0.481588
0.423284
0.230503
0.0198076
-0.197501
-0.386741
-0.62861
-0.926227
-0.614914
-0.580679
-0.515131
-0.429634
-0.3337
-0.231135
-0.123209
-0.0106714
0.105555
0.224467
0.329078
0.403205
0.417312
0.307957
0.117305
-0.0926669
-0.29694
-0.469176
-0.538446
-0.617399
-0.639085
-0.604778
-0.538925
-0.453193
-0.357206
-0.254906
-0.147661
-0.0364381
0.0774844
0.192393
0.290891
0.354023
0.343139
0.200181
0.0167378
-0.174196
-0.337008
-0.429881
-0.453953
-0.46986
-0.664809
-0.63037
-0.56432
-0.478517
-0.382665
-0.280802
-0.174482
-0.0648776
0.0463199
0.156579
0.248493
0.297443
0.269018
0.100154
-0.0743925
-0.240243
-0.366731
-0.405794
-0.418665
-0.41999
-0.692289
-0.657629
-0.591379
-0.505601
-0.410023
-0.308827
-0.203687
-0.0960381
0.0119963
0.117032
0.201449
0.236102
0.188139
0.00778946
-0.157721
-0.306221
-0.38223
-0.399382
-0.400731
-0.400547
-0.721583
-0.686619
-0.620124
-0.53444
-0.439295
-0.338966
-0.235277
-0.129932
-0.0254781
0.073819
0.149844
0.172972
0.0889393
-0.0765274
-0.233881
-0.356236
-0.39282
-0.391138
-0.390208
-0.389597
-0.752403
-0.717151
-0.650447
-0.56494
-0.470388
-0.371159
-0.269217
-0.16653
-0.0660681
0.0270408
0.0945379
0.100839
-0.00140875
-0.155013
-0.294347
-0.369823
-0.380223
-0.382984
-0.383709
-0.383422
-0.784194
-0.748785
-0.682089
-0.596868
-0.50311
-0.405244
-0.305349
-0.205698
-0.109594
-0.0229531
0.0359568
0.0275417
-0.0825159
-0.221577
-0.33826
-0.370111
-0.378201
-0.379575
-0.379385
-0.379119
-0.816482
-0.780955
-0.7146
-0.62982
-0.537109
-0.44089
-0.343384
-0.247142
-0.155778
-0.0755046
-0.0270009
-0.0421483
-0.156887
-0.275628
-0.368799
-0.384466
-0.376928
-0.376144
-0.376121
-0.375918
-0.848364
-0.812921
-0.747072
-0.663204
-0.57183
-0.477614
-0.382862
-0.290378
-0.204146
-0.130044
-0.0913622
-0.106823
-0.221537
-0.317903
-0.371145
-0.381498
-0.37771
-0.375698
-0.374824
-0.3745
-0.87825
-0.843499
-0.778534
-0.696073
-0.60649
-0.514699
-0.42311
-0.334705
-0.253884
-0.186072
-0.150824
-0.179871
-0.273532
-0.353115
-0.363118
-0.37698
-0.378538
-0.375739
-0.374709
-0.374158
-0.904524
-0.870865
-0.807842
-0.727213
-0.640032
-0.551189
-0.463239
-0.379234
-0.303855
-0.242727
-0.207905
-0.251535
-0.320807
-0.361622
-0.393261
-0.386496
-0.383196
-0.382598
-0.382574
-0.382117
-0.925046
-0.893099
-0.832949
-0.755193
-0.671147
-0.5859
-0.502123
-0.422879
-0.352885
-0.298585
-0.267462
-0.31568
-0.366115
-0.381819
-0.407627
-0.408467
-0.41141
-0.414357
-0.414212
-0.413146
-0.937533
-0.90829
-0.851861
-0.778124
-0.698306
-0.617458
-0.53847
-0.464348
-0.399771
-0.351903
-0.325765
-0.378475
-0.434133
-0.440479
-0.427113
-0.454461
-0.46877
-0.469702
-0.465674
-0.464845
-0.939326
-0.914145
-0.86263
-0.79415
-0.719776
-0.64444
-0.570852
-0.502183
-0.443079
-0.400883
-0.375363
-0.435144
-0.547789
-0.651554
-0.594215
-0.53442
-0.498011
-0.481562
-0.475202
-0.474024
-0.928268
-0.907966
-0.863066
-0.80164
-0.734038
-0.665266
-0.597862
-0.534831
-0.481046
-0.442979
-0.416532
-0.459727
-0.550963
-0.803513
-0.697647
-0.529026
-0.45022
-0.428812
-0.423089
-0.420521
-0.902246
-0.886926
-0.851338
-0.799352
-0.740102
-0.67892
-0.61821
-0.560866
-0.511402
-0.476319
-0.434998
-0.381574
-0.284124
-0.271087
-0.287301
-0.297964
-0.31837
-0.328248
-0.330869
-0.329334
-0.863768
-0.85385
-0.828187
-0.787455
-0.737967
-0.685152
-0.631342
-0.579214
-0.532838
-0.497946
-0.455879
-0.284925
0.021219
0.385563
0.237024
-0.0637182
-0.241392
-0.309083
-0.3282
-0.333042
-0.819539
-0.813891
-0.798508
-0.768766
-0.729634
-0.684875
-0.637632
-0.589912
-0.54561
-0.509322
-0.470961
-0.397977
-0.306225
-0.253311
-0.382115
-0.509387
-0.566323
-0.572592
-0.581458
-0.593546
-0.779467
-0.776044
-0.768615
-0.748844
-0.718129
-0.680351
-0.638403
-0.594163
-0.550159
-0.516198
-0.494441
-0.642095
-1.12079
-1.73406
-2.00113
-1.9706
-1.82138
-1.56543
-1.34125
-1.2934
-0.750696
-0.748521
-0.74477
-0.73248
-0.707997
-0.674755
-0.635758
-0.591978
-0.546451
-0.50261
-0.486339
-0.574077
-0.947453
-1.43236
-1.78711
-1.76549
-1.58978
-1.37024
-1.16548
-1.09303
-0.729412
-0.728595
-0.72739
-0.721223
-0.702094
-0.671062
-0.631701
-0.585844
-0.533375
-0.472746
-0.427581
-0.406287
-0.411221
-0.302137
-0.133324
0.0978743
0.269895
0.378979
0.442596
0.467856
-0.717521
-0.717156
-0.716514
-0.713726
-0.699868
-0.669884
-0.628152
-0.578038
-0.518275
-0.450426
-0.37589
-0.300804
-0.117524
0.285634
0.709398
1.09154
1.34493
1.45873
1.50371
1.51322
-0.710457
-0.710073
-0.709132
-0.708151
-0.700149
-0.671708
-0.626676
-0.570466
-0.504825
-0.421766
-0.32228
-0.218135
0.0444865
0.49826
0.96923
1.39944
1.66849
1.7881
1.82465
1.82908
-0.708537
-0.708371
-0.708049
-0.708538
-0.704355
-0.677304
-0.627685
-0.566534
-0.492116
-0.399915
-0.293586
-0.179339
0.0519846
0.460365
0.864088
1.21948
1.45399
1.55788
1.58739
1.59196
-0.707255
-0.70818
-0.710909
-0.7145
-0.712085
-0.683591
-0.6318
-0.566799
-0.48635
-0.390767
-0.283193
-0.17713
0.00194554
0.33281
0.636001
0.881911
1.04179
1.11869
1.15355
1.16499
-0.702475
-0.703112
-0.70251
-0.700745
-0.698085
-0.679293
-0.638082
-0.572249
-0.48731
-0.388103
-0.28892
-0.197203
-0.0608167
0.195209
0.4297
0.60716
0.725272
0.792815
0.83048
0.844486
-0.719214
-0.715628
-0.698772
-0.669732
-0.657463
-0.672263
-0.653242
-0.585323
-0.493819
-0.391596
-0.298687
-0.219301
-0.111582
0.09972
0.292296
0.438299
0.550034
0.617236
0.650636
0.660775
-0.784382
-0.779734
-0.771222
-0.763637
-0.759197
-0.758957
-0.70406
-0.608533
-0.500269
-0.393436
-0.307006
-0.238688
-0.155607
0.0164502
0.17699
0.307363
0.407304
0.467403
0.494191
0.500787
-0.907206
-0.920323
-0.957448
-0.986333
-0.979489
-0.92544
-0.785151
-0.635798
-0.503694
-0.391446
-0.306047
-0.24292
-0.178987
-0.0436661
0.0887577
0.192435
0.273758
0.32219
0.343076
0.347022
-0.991615
-1.01483
-1.05387
-1.08026
-1.06913
-0.993
-0.813165
-0.634761
-0.491761
-0.379044
-0.296997
-0.23635
-0.176929
-0.0787148
0.0222408
0.100896
0.161545
0.196499
0.210594
0.212679
-0.892767
-0.916015
-0.951435
-0.980056
-0.971193
-0.884363
-0.723774
-0.573499
-0.449702
-0.351359
-0.27743
-0.220297
-0.16535
-0.101535
-0.0287793
0.0304477
0.0767208
0.103023
0.114251
0.114046
-0.600103
-0.61728
-0.646991
-0.676303
-0.67969
-0.630077
-0.543252
-0.455029
-0.377472
-0.308353
-0.251094
-0.205145
-0.165805
-0.122068
-0.0698221
-0.0249594
0.00990187
0.0294112
0.0358632
0.035333
-0.265387
-0.273914
-0.292346
-0.31928
-0.343898
-0.350172
-0.342831
-0.322437
-0.293951
-0.258249
-0.221898
-0.190261
-0.169249
-0.143296
-0.105926
-0.0733443
-0.0489878
-0.0364334
-0.0326029
-0.0342851
-0.0391418
-0.0429112
-0.0553096
-0.0808849
-0.118689
-0.160304
-0.193003
-0.213182
-0.218642
-0.210416
-0.193606
-0.176353
-0.164699
-0.155114
-0.134399
-0.115794
-0.103262
-0.0991968
-0.0987991
-0.100389
0.0564925
0.0543453
0.0451419
0.022731
-0.0149629
-0.0611189
-0.104951
-0.140229
-0.162988
-0.172085
-0.168912
-0.161375
-0.157936
-0.156821
-0.154237
-0.151773
-0.152059
-0.154692
-0.156776
-0.157579
0.0740368
0.0724717
0.0656237
0.0485399
0.0189869
-0.0191708
-0.0597939
-0.0970164
-0.126411
-0.145176
-0.151105
-0.147398
-0.144363
-0.15258
-0.163316
-0.173013
-0.182811
-0.190451
-0.193355
-0.193788
0.0601493
0.0590079
0.0541906
0.0421789
0.0210041
-0.00768086
-0.0408659
-0.0743268
-0.105023
-0.129992
-0.144037
-0.145681
-0.144524
-0.160077
-0.176679
-0.189846
-0.200267
-0.20652
-0.208425
-0.208839
0.0384668
0.0376665
0.0343683
0.0261499
0.0113459
-0.00964501
-0.0357168
-0.0644937
-0.094296
-0.124129
-0.149686
-0.16758
-0.176626
-0.189438
-0.198091
-0.204381
-0.209411
-0.212047
-0.212964
-0.213531
0.0183608
0.0178056
0.0155678
0.00996778
-0.000361916
-0.0156659
-0.0358746
-0.0601902
-0.0885482
-0.122724
-0.163597
-0.209928
-0.237833
-0.235469
-0.225631
-0.219914
-0.217903
-0.217824
-0.217975
-0.218437
0.002979
0.00257512
0.00105951
-0.00276444
-0.00999919
-0.0212003
-0.0368158
-0.0570591
-0.0831511
-0.11892
-0.170052
-0.237051
-0.276595
-0.257652
-0.236035
-0.225648
-0.222305
-0.222163
-0.222072
-0.222049
-0.00701921
-0.00731683
-0.00835344
-0.0109511
-0.0159938
-0.0241007
-0.0359198
-0.0520709
-0.074023
-0.107038
-0.156434
-0.22095
-0.248368
-0.228273
-0.211458
-0.207622
-0.209653
-0.211692
-0.211804
-0.21145
-0.0121641
-0.0123618
-0.0130601
-0.0147448
-0.0181282
-0.023815
-0.0324131
-0.0446154
-0.0616916
-0.0864147
-0.121981
-0.163337
-0.17438
-0.164317
-0.161606
-0.168033
-0.175994
-0.17976
-0.180053
-0.179608
-0.0132631
-0.013385
-0.013821
-0.0148644
-0.0169741
-0.0206936
-0.0264979
-0.0348118
-0.0460783
-0.0609308
-0.0769637
-0.0894665
-0.0870843
-0.0868104
-0.0995606
-0.11401
-0.12438
-0.128734
-0.129416
-0.12933
-0.0112784
-0.0113428
-0.0115806
-0.0121077
-0.0132889
-0.0154606
-0.0189476
-0.0238876
-0.0301223
-0.0360514
-0.0353067
-0.0221998
-0.000897789
-0.0189916
-0.0430592
-0.0619313
-0.0723601
-0.0750377
-0.0760998
-0.0762947
-0.0071532
-0.00717329
-0.00725551
-0.00745691
-0.00795189
-0.00896036
-0.0106296
-0.0129468
-0.0155528
-0.0163067
-0.00848096
0.0129782
0.0361861
0.0172083
-0.0068223
-0.0231993
-0.0294809
-0.030992
-0.0314749
-0.0318969
-0.00166415
-0.00163959
-0.0016591
-0.00161335
-0.00154422
-0.00155358
-0.00176399
-0.0022483
-0.00267552
-0.00293826
-0.00163498
0.00371989
0.0119023
0.00649663
0.00268575
0.00140594
0.00127226
0.000487539
-0.00272804
-0.00348692
-0.1554
0.0111587
0.205536
0.375198
0.51066
0.617212
0.705253
0.780232
0.814447
0.791183
0.146387
0.266816
0.396366
0.508282
0.602546
0.680497
0.743609
0.788436
0.810873
0.822995
0.364619
0.447216
0.535764
0.613922
0.681122
0.737342
0.782064
0.814755
0.838411
0.856425
0.525022
0.584158
0.645585
0.702539
0.752056
0.794117
0.82868
0.856269
0.879021
0.897341
0.650184
0.693187
0.739053
0.782755
0.821374
0.855116
0.88401
0.908071
0.928432
0.94628
0.754332
0.787145
0.825194
0.860675
0.893255
0.922468
0.948005
0.969479
0.987316
1.00467
0.846773
0.875431
0.90936
0.94146
0.971381
0.998533
1.02227
1.04198
1.05747
1.07455
0.935299
0.96448
0.998465
1.03049
1.06007
1.08665
1.1095
1.12799
1.14135
1.15839
1.03057
1.06377
1.1004
1.13397
1.164
1.19018
1.21213
1.2294
1.24126
1.25866
1.14555
1.18337
1.222
1.25624
1.28558
1.31032
1.33069
1.34658
1.35804
1.37611
1.29048
1.32902
1.36515
1.39583
1.42151
1.4436
1.46265
1.47818
1.49061
1.5086
1.46555
1.49717
1.52334
1.54579
1.56576
1.58448
1.60219
1.61867
1.63402
1.65209
1.65415
1.67136
1.68639
1.70262
1.71852
1.73305
1.74626
1.76018
1.77772
1.79788
1.83587
1.84541
1.85695
1.86776
1.87704
1.88662
1.8974
1.90877
1.92013
1.93549
2.0431
2.04677
2.03182
2.01701
2.01073
2.01641
2.03489
2.0652
2.09737
2.12403
2.34942
2.21456
2.13792
2.09554
2.07811
2.08208
2.10948
2.16589
2.26851
2.49287
0.656195
0.654067
0.649583
0.640959
0.628736
0.616609
0.606382
0.598491
0.59288
0.589634
0.58929
0.592038
0.597149
0.604377
0.613767
0.625309
0.637961
0.648996
0.655108
0.658163
0.580646
0.586493
0.592826
0.597319
0.59979
0.599467
0.596733
0.592927
0.589423
0.587172
0.587036
0.589243
0.592913
0.597207
0.601017
0.602902
0.601966
0.598486
0.593323
0.586702
0.572216
0.574513
0.577917
0.580913
0.582989
0.584487
0.585245
0.584932
0.583914
0.583041
0.583227
0.584664
0.586486
0.587797
0.587979
0.587091
0.585543
0.583208
0.579945
0.577025
0.5667
0.567786
0.569619
0.571997
0.574022
0.575451
0.576474
0.57723
0.577639
0.577872
0.578376
0.579193
0.579798
0.579869
0.57946
0.578613
0.577145
0.575061
0.572976
0.571593
0.561488
0.562151
0.563259
0.564964
0.566746
0.568379
0.569678
0.570698
0.571589
0.572391
0.573134
0.573697
0.573898
0.573736
0.573172
0.572119
0.570692
0.56915
0.567832
0.567053
0.556502
0.556962
0.557748
0.559046
0.560534
0.562052
0.56352
0.564822
0.565967
0.567035
0.567966
0.568546
0.568699
0.568431
0.567736
0.566749
0.565625
0.564493
0.563579
0.563062
0.55166
0.552005
0.552616
0.553684
0.554978
0.556353
0.557794
0.559244
0.560626
0.56192
0.563047
0.563752
0.563938
0.563668
0.563073
0.562298
0.561449
0.560584
0.559912
0.559534
0.54691
0.547177
0.54767
0.548578
0.549748
0.551045
0.552441
0.553935
0.555484
0.557018
0.558385
0.559269
0.559581
0.559467
0.559078
0.55852
0.557874
0.557237
0.556746
0.556458
0.542167
0.54238
0.54279
0.543587
0.544676
0.545925
0.547311
0.548851
0.550532
0.552303
0.553955
0.5551
0.555649
0.555774
0.555614
0.555276
0.554835
0.554389
0.554038
0.553813
0.537346
0.537518
0.537869
0.538593
0.539635
0.540862
0.542276
0.543899
0.545735
0.547759
0.549753
0.551252
0.552121
0.552531
0.552621
0.552511
0.552282
0.552007
0.551771
0.551592
0.532359
0.532497
0.532806
0.533486
0.534511
0.535761
0.537241
0.538989
0.541035
0.543368
0.545778
0.547718
0.548972
0.549712
0.550086
0.550218
0.550198
0.550089
0.549951
0.549807
0.527115
0.527226
0.527508
0.528168
0.529211
0.53053
0.53212
0.534046
0.536367
0.539092
0.542017
0.544487
0.546195
0.547317
0.548012
0.548407
0.548599
0.54866
0.548609
0.548491
0.52152
0.521609
0.521874
0.522539
0.523635
0.525065
0.526819
0.528993
0.531667
0.534889
0.538445
0.541553
0.543797
0.54536
0.546415
0.54712
0.547554
0.547769
0.547793
0.547697
0.515467
0.515534
0.515793
0.516486
0.517674
0.519261
0.521244
0.523744
0.52687
0.530711
0.535039
0.538912
0.541794
0.543876
0.545346
0.546393
0.547089
0.547475
0.547571
0.547492
0.508827
0.508875
0.509135
0.509877
0.511197
0.512999
0.515284
0.518201
0.5219
0.526507
0.531775
0.536569
0.540208
0.542903
0.544858
0.546289
0.547292
0.54786
0.548027
0.547962
0.501447
0.501477
0.501742
0.502558
0.504055
0.506135
0.508806
0.512254
0.51667
0.522221
0.52863
0.534531
0.539071
0.542487
0.54502
0.546905
0.548254
0.54902
0.549257
0.549202
0.493134
0.493151
0.493419
0.494332
0.496061
0.498487
0.501655
0.505776
0.511088
0.5178
0.525594
0.532819
0.538426
0.54269
0.545903
0.548338
0.550079
0.551059
0.551367
0.55132
0.48358
0.483567
0.483895
0.484948
0.486963
0.489843
0.493647
0.498616
0.505047
0.513193
0.522664
0.531462
0.538328
0.543593
0.547602
0.550678
0.552869
0.554088
0.554468
0.554426
0.4725
0.472462
0.472835
0.474082
0.476469
0.479936
0.484547
0.490593
0.498427
0.508339
0.519834
0.530498
0.538838
0.545274
0.550218
0.55403
0.556744
0.558217
0.558668
0.558626
0.459413
0.459348
0.459799
0.4613
0.464171
0.468405
0.474062
0.481491
0.491096
0.503188
0.517114
0.529974
0.540023
0.547809
0.553849
0.558505
0.561803
0.563543
0.564058
0.564012
0.443674
0.44358
0.444156
0.446007
0.449529
0.454788
0.461835
0.471069
0.482934
0.497716
0.514546
0.529959
0.541966
0.551286
0.558572
0.564187
0.568121
0.570129
0.570695
0.570639
0.424349
0.424228
0.425005
0.427371
0.431809
0.438491
0.447436
0.459079
0.473855
0.491962
0.512226
0.530552
0.544758
0.555791
0.564445
0.57113
0.575732
0.577986
0.578581
0.578507
0.400026
0.399888
0.400997
0.404162
0.409985
0.418751
0.430387
0.445305
0.463836
0.486008
0.510269
0.531864
0.548479
0.561387
0.571509
0.57935
0.584597
0.587041
0.587631
0.587531
0.36841
0.368293
0.370012
0.374556
0.382676
0.394683
0.410263
0.429677
0.453017
0.480077
0.508891
0.534052
0.553225
0.568108
0.579791
0.58879
0.594578
0.597112
0.597652
0.597519
0.325357
0.325401
0.328459
0.335879
0.348254
0.365547
0.386965
0.412434
0.441763
0.474527
0.50837
0.537293
0.559095
0.575985
0.589217
0.599295
0.605417
0.60788
0.608318
0.60815
0.263126
0.264321
0.271796
0.28563
0.305774
0.331471
0.361108
0.394291
0.430712
0.469838
0.508994
0.541742
0.56614
0.584961
0.599621
0.610509
0.616692
0.618845
0.619115
0.618924
0.189308
0.191054
0.20536
0.229111
0.260151
0.295777
0.334384
0.37579
0.419807
0.465948
0.511273
0.548759
0.576529
0.597809
0.61423
0.625951
0.632054
0.633976
0.634209
0.634113
0.113126
0.11928
0.140408
0.174366
0.215785
0.261044
0.308586
0.358278
0.409997
0.463286
0.51496
0.557342
0.588585
0.61247
0.630801
0.643168
0.64881
0.650282
0.650447
0.650418
0.050808
0.0592582
0.0849458
0.1259
0.175449
0.228934
0.284536
0.341977
0.401035
0.461195
0.518965
0.565974
0.600443
0.626615
0.64629
0.65906
0.664637
0.665939
0.666146
0.666173
0.000118911
0.00916472
0.0383925
0.0845737
0.140261
0.200374
0.262793
0.327083
0.392854
0.459466
0.523017
0.574416
0.611896
0.640192
0.661305
0.6746
0.680083
0.681657
0.681948
0.68202
-0.0423173
-0.032989
-0.0013147
0.0488591
0.109588
0.175205
0.24341
0.313697
0.385507
0.458062
0.527046
0.582616
0.62298
0.653351
0.675836
0.689875
0.695812
0.697649
0.697964
0.698048
-0.0788569
-0.0694159
-0.0359006
0.0174742
0.0823721
0.152685
0.225932
0.301524
0.3788
0.456852
0.530955
0.5905
0.63364
0.666012
0.689859
0.704834
0.711293
0.713292
0.713648
0.713728
-0.111165
-0.101686
-0.066757
-0.0106786
0.0577105
0.13207
0.209777
0.29015
0.372445
0.455623
0.534571
0.597909
0.643697
0.677959
0.703123
0.718913
0.725954
0.728133
0.728508
0.728566
-0.140521
-0.130998
-0.0949087
-0.0364954
0.0348869
0.112791
0.194468
0.279178
0.366099
0.4541
0.537677
0.604657
0.652973
0.688995
0.715375
0.731898
0.739479
0.741815
0.742205
0.742245
-0.167794
-0.158222
-0.121108
-0.0606909
0.0133619
0.0944032
0.179626
0.26828
0.359496
0.452067
0.540115
0.610634
0.661367
0.699045
0.726471
0.743607
0.7516
0.75407
0.754471
0.754489
-0.193549
-0.183915
-0.145839
-0.0837297
-0.00726962
0.0765663
0.164984
0.257238
0.352448
0.449364
0.541766
0.615789
0.668892
0.708137
0.736492
0.7541
0.7623
0.764888
0.765288
0.765279
-0.218286
-0.208492
-0.169565
-0.105875
-0.0272781
0.0590499
0.150353
0.245895
0.344821
0.445874
0.542553
0.620104
0.675594
0.716352
0.745562
0.763502
0.771775
0.774352
0.774752
0.774722
-0.242251
-0.232235
-0.192561
-0.127336
-0.0468445
0.0417062
0.135611
0.234152
0.336523
0.44152
0.542422
0.623572
0.681536
0.72383
0.753771
0.771906
0.780166
0.782701
0.783072
0.783013
-0.26555
-0.255326
-0.214862
-0.148265
-0.0660859
0.0244623
0.120695
0.221958
0.327508
0.436238
0.541314
0.62619
0.686787
0.730708
0.76135
0.779566
0.787695
0.790129
0.79045
0.790368
-0.288349
-0.277825
-0.236609
-0.168738
-0.0850481
0.00727682
0.105589
0.209304
0.317765
0.430006
0.539177
0.627934
0.691414
0.737138
0.768473
0.786625
0.794511
0.796766
0.797008
0.796899
-0.310609
-0.299811
-0.257864
-0.188795
-0.103741
-0.00984091
0.0903192
0.196219
0.307311
0.422809
0.535965
0.628756
0.695449
0.743244
0.77532
0.793245
0.800677
0.802655
0.802787
0.802649
-0.33239
-0.321287
-0.278563
-0.208423
-0.122148
-0.0268622
0.0749226
0.182758
0.296196
0.414666
0.531636
0.628586
0.698866
0.749135
0.782125
0.799644
0.806322
0.807849
0.807849
0.807693
-0.353522
-0.342185
-0.2987
-0.227584
-0.140225
-0.0437189
0.0594625
0.168987
0.284488
0.405629
0.526167
0.627339
0.701587
0.754858
0.789159
0.806222
0.811756
0.812488
0.812261
0.812101
-0.374147
-0.362465
-0.318266
-0.246261
-0.157944
-0.0603742
0.0440281
0.154986
0.272272
0.395774
0.519564
0.624911
0.703463
0.760344
0.796633
0.813569
0.817643
0.816913
0.816102
0.815937
-0.3941
-0.382105
-0.337232
-0.264409
-0.175227
-0.0767455
0.0286989
0.140873
0.259655
0.385163
0.511865
0.621195
0.704293
0.765362
0.804498
0.822321
0.825306
0.822347
0.819872
0.818943
-0.413445
-0.401147
-0.355544
-0.281979
-0.192039
-0.0927646
0.0135573
0.126726
0.246748
0.373932
0.503137
0.616087
0.703841
0.769515
0.812231
0.832553
0.836343
0.831851
0.825366
0.816993
-0.432097
-0.41955
-0.373295
-0.299125
-0.208587
-0.1087
-0.00172496
0.112154
0.233113
0.36159
0.492859
0.609043
0.701625
0.772451
0.819169
0.843554
0.8509
0.846699
0.836305
0.831012
-0.45001
-0.437237
-0.390472
-0.31582
-0.224876
-0.124547
-0.0171354
0.0971383
0.218701
0.348016
0.480831
0.59967
0.696853
0.773368
0.823315
0.851029
0.860734
0.860434
0.822587
0.770756
-0.466893
-0.453428
-0.406928
-0.331992
-0.241007
-0.14046
-0.0327279
0.0817907
0.203566
0.333262
0.466969
0.58771
0.6884
0.771636
0.822409
0.845914
0.855316
0.836383
0.779754
0.717655
-0.483069
-0.468708
-0.422544
-0.34694
-0.256487
-0.155981
-0.0487262
0.0661648
0.187853
0.317496
0.45129
0.572917
0.675007
0.767742
0.813939
0.85148
0.814946
0.765406
0.693806
0.626784
-0.469017
-0.450853
-0.400508
-0.320565
-0.223896
-0.120465
-0.00786662
0.109844
0.234767
0.368467
0.497145
0.607553
0.702343
0.799319
0.833122
0.750519
0.697111
0.629357
0.555314
0.506883
-0.493266
-0.476941
-0.44083
-0.370289
-0.280234
-0.180879
-0.0733156
0.0410021
0.162048
0.290652
0.42298
0.543446
0.643875
0.728694
0.802591
0.789202
0.663081
0.575961
0.510712
0.427684
-0.513036
-0.497418
-0.455698
-0.383835
-0.293272
-0.194314
-0.0878507
0.0255543
0.145662
0.272916
0.403677
0.52223
0.619531
0.692864
0.718608
0.637175
0.494274
0.396244
0.319599
0.231619
-0.533312
-0.520746
-0.474532
-0.401562
-0.310919
-0.211511
-0.105082
0.00802888
0.127255
0.253036
0.381017
0.495065
0.582858
0.642397
0.618111
0.483844
0.329973
0.211139
0.112186
-0.0235407
-0.556739
-0.543778
-0.49543
-0.421239
-0.330435
-0.230918
-0.124626
-0.0120827
0.106049
0.229947
0.354519
0.462943
0.541337
0.579644
0.519426
0.335067
0.153102
-3.47999e-05
-0.140557
-0.336595
-0.579188
-0.566546
-0.517022
-0.441539
-0.350302
-0.250844
-0.144957
-0.0332648
0.0835052
0.205111
0.325779
0.42778
0.498835
0.501384
0.391733
0.193769
-0.0188693
-0.218338
-0.392696
-0.782179
-0.60174
-0.589431
-0.539386
-0.462971
-0.371371
-0.271897
-0.166432
-0.0556192
0.0596533
0.17869
0.295026
0.38975
0.449122
0.419175
0.267812
0.0678753
-0.14859
-0.359093
-0.537079
-0.810174
-0.625238
-0.613067
-0.562779
-0.48579
-0.393949
-0.294451
-0.189369
-0.0794243
0.0342747
0.150534
0.262219
0.349233
0.393586
0.346709
0.157036
-0.0357306
-0.232233
-0.398248
-0.469882
-0.508567
-0.650177
-0.638127
-0.587585
-0.510287
-0.418408
-0.319069
-0.214532
-0.105694
0.00608951
0.11906
0.225409
0.304136
0.331926
0.250134
0.0584747
-0.122162
-0.285654
-0.391318
-0.428971
-0.438072
-0.676766
-0.664724
-0.613976
-0.536482
-0.444692
-0.345704
-0.241938
-0.134482
-0.0249968
0.0841647
0.184445
0.254747
0.255899
0.144833
-0.0315655
-0.198413
-0.336857
-0.391825
-0.403863
-0.40876
-0.705197
-0.693055
-0.642034
-0.564392
-0.472801
-0.374357
-0.271591
-0.165827
-0.0590204
0.045874
0.139382
0.200438
0.17715
0.0464793
-0.115177
-0.272048
-0.370365
-0.398842
-0.395076
-0.395131
-0.735174
-0.723221
-0.671722
-0.593979
-0.502695
-0.40498
-0.303476
-0.199716
-0.0959667
0.00419398
0.0905189
0.140112
0.108127
-0.0437906
-0.191083
-0.328431
-0.368578
-0.381034
-0.386022
-0.386258
-0.76654
-0.754589
-0.702822
-0.625072
-0.534239
-0.437467
-0.337495
-0.236067
-0.135773
-0.0407112
0.0380168
0.0767388
0.0388908
-0.120853
-0.257743
-0.352691
-0.397201
-0.384427
-0.381723
-0.381445
-0.79877
-0.786792
-0.735007
-0.657333
-0.567136
-0.47156
-0.373409
-0.274663
-0.178221
-0.0885083
-0.0176819
0.0126233
-0.0454642
-0.187765
-0.310637
-0.360581
-0.376483
-0.377687
-0.37793
-0.377769
-0.83112
-0.819178
-0.767452
-0.690194
-0.600923
-0.506831
-0.41085
-0.315139
-0.22293
-0.138831
-0.0752923
-0.0599576
-0.125507
-0.245043
-0.342264
-0.366934
-0.372435
-0.375698
-0.375526
-0.375424
-0.86232
-0.850829
-0.799239
-0.722961
-0.634885
-0.542655
-0.449232
-0.356922
-0.269262
-0.191164
-0.13311
-0.131995
-0.195558
-0.293396
-0.364724
-0.414241
-0.388506
-0.377682
-0.374862
-0.374241
-0.890897
-0.879905
-0.829319
-0.754209
-0.668053
-0.578159
-0.487764
-0.399242
-0.316361
-0.244474
-0.191154
-0.195533
-0.262393
-0.326087
-0.379175
-0.374031
-0.378331
-0.378128
-0.377349
-0.377048
-0.915133
-0.904831
-0.855728
-0.782762
-0.699156
-0.612209
-0.525399
-0.441119
-0.363187
-0.297361
-0.250178
-0.254371
-0.322254
-0.356519
-0.359674
-0.386267
-0.392833
-0.393697
-0.394242
-0.394145
-0.932637
-0.923259
-0.876465
-0.806664
-0.72666
-0.643518
-0.560896
-0.481344
-0.408563
-0.348577
-0.30845
-0.311806
-0.379764
-0.398688
-0.374677
-0.413473
-0.432132
-0.442241
-0.4426
-0.440277
-0.941309
-0.932758
-0.889409
-0.823966
-0.74875
-0.67052
-0.592896
-0.518496
-0.451152
-0.396748
-0.362469
-0.366489
-0.45192
-0.514335
-0.51728
-0.496379
-0.494625
-0.489077
-0.481076
-0.476992
-0.936829
-0.929813
-0.892866
-0.832756
-0.763674
-0.691608
-0.619904
-0.551206
-0.489338
-0.4401
-0.410993
-0.413826
-0.502904
-0.680005
-0.758083
-0.606811
-0.513334
-0.473828
-0.46184
-0.45789
-0.917767
-0.912965
-0.883935
-0.831656
-0.770107
-0.705471
-0.640587
-0.578009
-0.521355
-0.476708
-0.450708
-0.437842
-0.436434
-0.522193
-0.607466
-0.484323
-0.415068
-0.389867
-0.381186
-0.377685
-0.884636
-0.881165
-0.861367
-0.819709
-0.767607
-0.71151
-0.654121
-0.597674
-0.545817
-0.504216
-0.477567
-0.402698
-0.213757
0.0834044
0.11864
-0.0460534
-0.19489
-0.27109
-0.295567
-0.301305
-0.842068
-0.839855
-0.828507
-0.799044
-0.757271
-0.710306
-0.660545
-0.610014
-0.56191
-0.521055
-0.489555
-0.406162
-0.173457
0.135643
0.225722
-0.0178186
-0.260279
-0.377703
-0.413796
-0.423584
-0.798626
-0.797321
-0.791619
-0.774182
-0.742844
-0.703706
-0.661049
-0.615715
-0.570184
-0.529773
-0.497737
-0.493553
-0.611095
-0.901759
-1.08696
-1.11407
-1.056
-0.964676
-0.88009
-0.853174
-0.763594
-0.76289
-0.760018
-0.7499
-0.727648
-0.695714
-0.657999
-0.615753
-0.571559
-0.528328
-0.506371
-0.534112
-0.912458
-1.53583
-2.20593
-2.47673
-2.3632
-2.10002
-1.8883
-1.69886
-0.739114
-0.738314
-0.73678
-0.73269
-0.716963
-0.689582
-0.65374
-0.612155
-0.564903
-0.514726
-0.468786
-0.426879
-0.545935
-0.714963
-0.806669
-0.75694
-0.569669
-0.434359
-0.312524
-0.210186
-0.72278
-0.72248
-0.721823
-0.719939
-0.710914
-0.686728
-0.650806
-0.60656
-0.555002
-0.495727
-0.427974
-0.386392
-0.319981
-0.117855
0.201501
0.54119
0.809408
0.960441
1.03517
1.07085
-0.713425
-0.713287
-0.712743
-0.711761
-0.707556
-0.68703
-0.649918
-0.601677
-0.544461
-0.474834
-0.394327
-0.30609
-0.162978
0.200178
0.669105
1.11838
1.48321
1.66437
1.73545
1.75268
-0.708947
-0.708778
-0.708161
-0.707422
-0.706298
-0.690929
-0.652144
-0.59876
-0.534103
-0.456556
-0.360281
-0.246594
-0.0926877
0.272584
0.72755
1.16239
1.49967
1.68029
1.74784
1.75901
-0.708439
-0.708572
-0.709166
-0.71043
-0.711185
-0.698949
-0.657194
-0.599129
-0.52898
-0.444073
-0.342447
-0.228575
-0.0952693
0.213832
0.580706
0.909855
1.1669
1.30503
1.35995
1.37667
-0.704043
-0.704917
-0.706807
-0.710554
-0.71272
-0.701074
-0.661617
-0.60382
-0.529871
-0.438014
-0.337279
-0.233369
-0.132445
0.111201
0.401781
0.63726
0.805961
0.901654
0.953165
0.977624
-0.704707
-0.705238
-0.70149
-0.690416
-0.678528
-0.677064
-0.663325
-0.61435
-0.535882
-0.440559
-0.343292
-0.248545
-0.165919
0.0270921
0.253247
0.438737
0.576573
0.665701
0.716424
0.739324
-0.745485
-0.743258
-0.732014
-0.706031
-0.68472
-0.688223
-0.692031
-0.637868
-0.547952
-0.444888
-0.346295
-0.263117
-0.20137
-0.0435347
0.152042
0.306302
0.430029
0.515673
0.561555
0.578935
-0.842241
-0.839247
-0.847888
-0.870316
-0.87684
-0.861102
-0.803351
-0.684502
-0.561416
-0.446526
-0.347099
-0.272049
-0.218173
-0.0941662
0.0583191
0.191797
0.296387
0.370154
0.407665
0.420496
-0.966906
-0.971788
-1.0062
-1.04715
-1.0588
-1.02722
-0.899679
-0.722465
-0.56622
-0.440562
-0.341228
-0.272295
-0.221251
-0.124881
-0.000729768
0.101033
0.182187
0.239099
0.267352
0.276915
-0.968367
-0.978694
-1.01032
-1.04464
-1.05579
-1.01466
-0.87631
-0.693883
-0.538789
-0.41789
-0.325852
-0.258636
-0.204262
-0.138588
-0.0445157
0.0306754
0.0916203
0.13292
0.153318
0.158951
-0.760669
-0.772772
-0.802714
-0.839413
-0.857082
-0.821176
-0.706219
-0.578087
-0.46458
-0.371854
-0.296436
-0.23787
-0.189176
-0.145597
-0.0800796
-0.0229923
0.0238573
0.0564888
0.070949
0.0751133
-0.422581
-0.430445
-0.448716
-0.475274
-0.498992
-0.496386
-0.463135
-0.413992
-0.361531
-0.309915
-0.259486
-0.215985
-0.181431
-0.153836
-0.111146
-0.0682136
-0.0339542
-0.0108889
-0.000529896
0.000514503
-0.132765
-0.136436
-0.146205
-0.167053
-0.197692
-0.230239
-0.253036
-0.263181
-0.260529
-0.245032
-0.220765
-0.194517
-0.173926
-0.161193
-0.135726
-0.107223
-0.0844644
-0.0708347
-0.0664459
-0.0666517
0.0232844
0.0213431
0.0156518
-0.00122263
-0.0335254
-0.0780983
-0.122891
-0.159126
-0.182126
-0.190787
-0.186169
-0.174136
-0.163906
-0.161429
-0.15199
-0.140094
-0.131238
-0.128588
-0.129437
-0.130499
0.0721872
0.0710185
0.0669112
0.0535976
0.0264576
-0.0131488
-0.0570721
-0.0982061
-0.130728
-0.151526
-0.159381
-0.156352
-0.150923
-0.151714
-0.156742
-0.161448
-0.167016
-0.172775
-0.177371
-0.178401
0.0694229
0.0686945
0.0657023
0.0560931
0.0362594
0.00645998
-0.029246
-0.0662035
-0.0998279
-0.12652
-0.142811
-0.145891
-0.1417
-0.146579
-0.161927
-0.17542
-0.187245
-0.197264
-0.202274
-0.203147
0.049629
0.0492093
0.047105
0.0404903
0.0266979
0.00529754
-0.0220823
-0.0527977
-0.0839058
-0.113047
-0.137104
-0.150821
-0.153678
-0.162338
-0.179782
-0.192188
-0.201577
-0.208093
-0.210778
-0.211409
0.0279684
0.0277669
0.0263058
0.0218111
0.0123289
-0.00288938
-0.0234682
-0.0483544
-0.0763179
-0.106832
-0.139882
-0.173166
-0.198573
-0.209577
-0.212271
-0.211061
-0.213052
-0.214093
-0.214816
-0.2153
0.0100129
0.00989031
0.00887559
0.00582879
-0.000704417
-0.0115557
-0.0269911
-0.0470009
-0.0717044
-0.102589
-0.1435
-0.197777
-0.252671
-0.261028
-0.243106
-0.228919
-0.222506
-0.221137
-0.220947
-0.22097
-0.00269338
-0.00275771
-0.00350096
-0.00557415
-0.0100649
-0.0177981
-0.0293198
-0.0451594
-0.065985
-0.0946984
-0.137371
-0.199093
-0.262548
-0.261344
-0.237374
-0.222593
-0.218179
-0.219003
-0.219611
-0.219282
-0.0101808
-0.010209
-0.0107192
-0.0121134
-0.0151408
-0.0205594
-0.0289617
-0.0410333
-0.0577667
-0.0813869
-0.117192
-0.168061
-0.213037
-0.205963
-0.192331
-0.189102
-0.192859
-0.197391
-0.198864
-0.198458
-0.0131915
-0.0132012
-0.0135221
-0.0144405
-0.0163711
-0.0199821
-0.0258093
-0.0343988
-0.0464382
-0.0632049
-0.0860488
-0.113621
-0.133233
-0.125512
-0.126623
-0.136058
-0.147292
-0.154193
-0.156276
-0.156195
-0.012633
-0.0126264
-0.0128188
-0.0133175
-0.0144638
-0.0166709
-0.0203639
-0.0258759
-0.0334476
-0.042977
-0.0520252
-0.0546093
-0.0473971
-0.0439349
-0.0596686
-0.0782305
-0.0928283
-0.0999937
-0.101742
-0.102261
-0.00944065
-0.00941223
-0.00948999
-0.00972672
-0.0102945
-0.0114373
-0.0134566
-0.0164987
-0.0204895
-0.0245502
-0.0242476
-0.0114479
0.0125742
0.0143893
-0.0110379
-0.0323906
-0.0460161
-0.0501819
-0.0519969
-0.0526782
-0.00164269
-0.00165224
-0.00164943
-0.00156486
-0.00152797
-0.00163159
-0.0019719
-0.00248749
-0.00279038
-0.00263706
0.00039317
0.00789228
0.0121692
0.00432378
0.000859873
0.00153804
0.00121711
-0.00161372
-0.00326895
-0.0150371
-1.18934
-0.511846
-0.0623766
0.196385
0.382423
0.524845
0.635219
0.724615
0.820612
0.91224
-0.141432
0.0530128
0.230447
0.379897
0.504771
0.606455
0.689201
0.756985
0.799095
0.802917
0.190558
0.305725
0.41854
0.5189
0.605153
0.677826
0.737353
0.782612
0.811764
0.829334
0.400471
0.478804
0.556489
0.627549
0.689475
0.742362
0.785905
0.820091
0.846123
0.865164
0.554421
0.607559
0.666327
0.719265
0.765622
0.805983
0.840264
0.868733
0.892059
0.909031
0.676235
0.716944
0.762534
0.802528
0.839643
0.872781
0.901817
0.926651
0.94743
0.961658
0.778639
0.812979
0.849879
0.883994
0.916105
0.945604
0.971849
0.994379
1.013
1.02472
0.871611
0.902562
0.936416
0.968919
0.999565
1.02783
1.05288
1.0741
1.09101
1.10053
0.962418
0.99489
1.03012
1.06405
1.09529
1.12351
1.14802
1.1683
1.18373
1.19193
1.06424
1.1017
1.13993
1.17613
1.20813
1.23595
1.25936
1.27832
1.29244
1.30092
1.19107
1.23341
1.27256
1.30839
1.33876
1.3644
1.38592
1.40353
1.41702
1.42718
1.35254
1.39398
1.42766
1.45718
1.48169
1.50319
1.52276
1.54017
1.5549
1.56759
1.54292
1.5737
1.59492
1.61404
1.63208
1.6493
1.6655
1.68131
1.69781
1.71474
1.74074
1.75213
1.76317
1.77725
1.79153
1.80436
1.81572
1.82656
1.83946
1.85634
1.92653
1.93643
1.94507
1.94751
1.94837
1.95263
1.96342
1.97935
1.99697
2.00157
2.22756
2.17215
2.12132
2.08107
2.05868
2.05463
2.06812
2.10192
2.15836
2.23391
0.798409
0.739716
0.697236
0.663377
0.63872
0.621167
0.608659
0.599732
0.593622
0.590145
0.589761
0.592625
0.598068
0.606008
0.616932
0.631987
0.652998
0.682094
0.720858
0.768684
0.59996
0.608718
0.614251
0.615073
0.611589
0.605543
0.599109
0.593637
0.5898
0.588151
0.589327
0.592924
0.598207
0.604685
0.611454
0.616726
0.618353
0.615118
0.60778
0.600112
0.576991
0.579022
0.583626
0.587137
0.589647
0.591073
0.590783
0.589044
0.586853
0.585283
0.585301
0.587129
0.589853
0.592478
0.593962
0.593627
0.591774
0.588977
0.584928
0.580546
0.570077
0.570944
0.573427
0.576139
0.578148
0.579507
0.580489
0.580937
0.580792
0.580538
0.58089
0.581976
0.583074
0.583556
0.583255
0.582412
0.581005
0.578769
0.576133
0.574168
0.564421
0.564883
0.566278
0.568298
0.570235
0.571808
0.572949
0.573842
0.574559
0.575135
0.575767
0.576413
0.576739
0.576648
0.57618
0.57522
0.573717
0.571895
0.570251
0.569235
0.559232
0.559519
0.560436
0.561904
0.563527
0.565127
0.566547
0.567715
0.568733
0.569685
0.570524
0.571073
0.571232
0.571013
0.570358
0.569301
0.568016
0.566704
0.56562
0.564996
0.554258
0.554459
0.555146
0.556317
0.557697
0.559137
0.560603
0.562002
0.56327
0.564448
0.565473
0.566108
0.56627
0.565979
0.565311
0.564427
0.563451
0.562458
0.561676
0.561238
0.549427
0.549579
0.550125
0.551106
0.552331
0.553664
0.555081
0.556558
0.558032
0.559445
0.560686
0.561472
0.561706
0.561498
0.561002
0.560337
0.559591
0.558841
0.558266
0.557937
0.544659
0.544778
0.545225
0.546072
0.547197
0.54847
0.549859
0.551372
0.552986
0.554639
0.556142
0.557144
0.557561
0.55756
0.557286
0.556837
0.55629
0.555748
0.555332
0.555078
0.539863
0.53996
0.540337
0.541094
0.542156
0.543392
0.54479
0.546366
0.548119
0.550011
0.551825
0.553136
0.553836
0.554097
0.554061
0.553835
0.553496
0.553135
0.552845
0.552644
0.53495
0.53503
0.535358
0.536055
0.537085
0.538321
0.539766
0.541445
0.543377
0.545547
0.547737
0.549446
0.550499
0.551067
0.551298
0.551305
0.551176
0.550984
0.550799
0.550638
0.529829
0.529896
0.530189
0.530854
0.531883
0.533167
0.534699
0.536529
0.538702
0.541218
0.543872
0.546065
0.547536
0.548459
0.548993
0.549251
0.549335
0.549305
0.549211
0.549082
0.524409
0.524464
0.524736
0.525393
0.526458
0.527832
0.529501
0.531541
0.534027
0.536984
0.540209
0.542983
0.544946
0.546279
0.547154
0.547694
0.548004
0.548137
0.548123
0.548018
0.518587
0.518633
0.518894
0.519567
0.520703
0.522212
0.524076
0.526402
0.529287
0.5328
0.536723
0.540195
0.542743
0.544553
0.545816
0.546685
0.547241
0.547534
0.547595
0.547508
0.512246
0.512284
0.512542
0.513253
0.5145
0.516195
0.518324
0.521018
0.524413
0.528617
0.533391
0.537703
0.540946
0.543318
0.545032
0.546261
0.547094
0.547567
0.547699
0.547628
0.505246
0.505275
0.505538
0.50631
0.507709
0.509652
0.512124
0.515289
0.519324
0.524378
0.530188
0.535511
0.53958
0.542618
0.544864
0.546508
0.547661
0.548324
0.548528
0.548469
0.497418
0.497435
0.497711
0.498564
0.500164
0.502421
0.505331
0.509094
0.513931
0.520032
0.527099
0.533632
0.538683
0.542503
0.545379
0.547519
0.549037
0.549908
0.550183
0.550134
0.488514
0.48854
0.488846
0.489795
0.491648
0.494304
0.497778
0.502296
0.508133
0.515524
0.524116
0.532093
0.538305
0.543045
0.546661
0.549391
0.551328
0.552426
0.552774
0.552731
0.478246
0.47826
0.478609
0.479705
0.481886
0.485069
0.489259
0.494731
0.501821
0.510802
0.521238
0.53093
0.538505
0.544327
0.54881
0.552216
0.554642
0.555991
0.55641
0.55637
0.466235
0.466245
0.466633
0.467924
0.470539
0.474401
0.479508
0.486196
0.49486
0.505803
0.518458
0.530178
0.539343
0.546427
0.551924
0.556113
0.559095
0.560706
0.561194
0.561153
0.451932
0.451937
0.452388
0.453945
0.457134
0.461893
0.468203
0.476468
0.48713
0.500492
0.515807
0.529898
0.540899
0.549423
0.556098
0.56118
0.564772
0.566655
0.567203
0.567154
0.434576
0.434577
0.435122
0.43706
0.441041
0.447024
0.454949
0.465291
0.478515
0.494871
0.513348
0.530173
0.543256
0.553405
0.561396
0.56748
0.571733
0.573878
0.574468
0.574406
0.413006
0.413002
0.413713
0.416245
0.421393
0.429118
0.439288
0.452433
0.468964
0.489003
0.511192
0.531111
0.546502
0.558457
0.567866
0.575057
0.57998
0.582348
0.582953
0.582869
0.385493
0.385489
0.386486
0.389998
0.39699
0.407332
0.420742
0.437724
0.458513
0.483022
0.509492
0.532839
0.550724
0.564608
0.575545
0.583897
0.589432
0.591947
0.592526
0.59241
0.348988
0.349
0.35062
0.356042
0.366313
0.380795
0.399012
0.421237
0.447417
0.477227
0.508504
0.535531
0.556023
0.57191
0.584422
0.5939
0.599903
0.602437
0.602938
0.602785
0.297682
0.297922
0.301619
0.311437
0.327799
0.349095
0.374299
0.403422
0.436173
0.472052
0.508527
0.539363
0.562482
0.580355
0.594395
0.604847
0.611083
0.613471
0.613845
0.613655
0.223973
0.226285
0.237119
0.256381
0.282916
0.313728
0.347845
0.385125
0.425288
0.467812
0.509881
0.544816
0.570786
0.590825
0.606504
0.617817
0.62413
0.626303
0.626567
0.626377
0.145487
0.15181
0.171058
0.200447
0.237697
0.278289
0.321384
0.366942
0.414817
0.464545
0.51307
0.553038
0.582587
0.605285
0.622965
0.635207
0.641291
0.643034
0.643196
0.643085
0.078202
0.0848897
0.110723
0.148717
0.195084
0.244671
0.296373
0.350031
0.405479
0.46224
0.516991
0.561715
0.594609
0.619738
0.638965
0.651559
0.657322
0.658859
0.65903
0.65897
0.0232171
0.0301688
0.0600039
0.104148
0.157314
0.214281
0.273421
0.334392
0.396884
0.460325
0.521025
0.570253
0.606252
0.633531
0.654097
0.667222
0.672969
0.674569
0.674751
0.674726
-0.0224655
-0.0152014
0.0171118
0.0659434
0.124507
0.187477
0.252882
0.320262
0.389128
0.458767
0.525074
0.578582
0.617517
0.646883
0.668818
0.682623
0.688817
0.690363
0.690559
0.690553
-0.0612525
-0.0538198
-0.0197646
0.032601
0.0956796
0.163726
0.234519
0.307526
0.382127
0.457476
0.529053
0.586632
0.6284
0.659799
0.683075
0.697761
0.704407
0.706022
0.706261
0.706271
-0.0951469
-0.0876081
-0.0522929
0.00300952
0.0698313
0.142231
0.217762
0.2958
0.375631
0.456286
0.53284
0.594302
0.638782
0.672127
0.696747
0.712244
0.719327
0.72116
0.721458
0.721474
-0.125628
-0.117985
-0.0816435
-0.0238323
0.0461594
0.122341
0.20208
0.284669
0.369319
0.454939
0.536222
0.601396
0.648462
0.683628
0.709466
0.725786
0.733258
0.735379
0.735726
0.735751
-0.153646
-0.145913
-0.108672
-0.048724
0.0240356
0.103548
0.18704
0.273763
0.362868
0.45318
0.539008
0.607767
0.657302
0.694165
0.72113
0.738095
0.745958
0.748301
0.748684
0.748686
-0.179957
-0.172109
-0.134005
-0.0723136
0.00299233
0.0854667
0.17232
0.262812
0.35606
0.450827
0.541064
0.613335
0.665254
0.703732
0.731647
0.749152
0.757295
0.759778
0.760187
0.760172
-0.205028
-0.19703
-0.158077
-0.0948763
-0.0173058
0.0678085
0.1577
0.251634
0.348733
0.44774
0.542288
0.618067
0.672358
0.712364
0.741177
0.759041
0.767322
0.769897
0.770286
0.770251
-0.229213
-0.221048
-0.181372
-0.116659
-0.0370806
0.0503868
0.143022
0.240097
0.340776
0.443825
0.542621
0.62196
0.678671
0.720195
0.749789
0.767882
0.776218
0.778785
0.779155
0.77909
-0.252682
-0.244287
-0.20399
-0.137843
-0.0564782
0.0330983
0.128193
0.228129
0.332122
0.43901
0.542006
0.625003
0.684258
0.727351
0.757652
0.775865
0.784135
0.786634
0.786985
0.786917
-0.275561
-0.267014
-0.22595
-0.158542
-0.0755778
0.0158802
0.113179
0.215702
0.322744
0.433254
0.54039
0.627185
0.689188
0.733988
0.764981
0.783196
0.791259
0.793641
0.793932
0.793829
-0.297922
-0.289196
-0.247402
-0.17881
-0.0944085
-0.00127487
0.0979872
0.202829
0.312634
0.426534
0.537718
0.628474
0.693518
0.740239
0.771936
0.79001
0.797719
0.799872
0.800067
0.799932
-0.319804
-0.31089
-0.26836
-0.19866
-0.112968
-0.0183492
0.0826414
0.189543
0.301839
0.418864
0.533951
0.628809
0.697249
0.746227
0.77873
0.796478
0.80359
0.805382
0.80546
0.805302
-0.341152
-0.332042
-0.288759
-0.218061
-0.13122
-0.0353044
0.0672072
0.175911
0.290419
0.410266
0.529052
0.628113
0.700334
0.752032
0.785614
0.802902
0.809071
0.81027
0.810178
0.810009
-0.361908
-0.352598
-0.308598
-0.236988
-0.149123
-0.0520722
0.0517487
0.162016
0.278444
0.400808
0.52301
0.626287
0.702656
0.757655
0.792852
0.809778
0.81461
0.814722
0.814282
0.814127
-0.382077
-0.372555
-0.327857
-0.255406
-0.166637
-0.0685846
0.0363523
0.147948
0.266011
0.390558
0.515856
0.623227
0.704037
0.762947
0.800553
0.81776
0.821176
0.819398
0.817993
0.817833
-0.40159
-0.391861
-0.346499
-0.273275
-0.183696
-0.0847902
0.0210989
0.133797
0.25323
0.379619
0.507625
0.618826
0.704259
0.767591
0.808452
0.827308
0.830386
0.826446
0.822724
0.821253
-0.420474
-0.410546
-0.364508
-0.290599
-0.200327
-0.100703
0.00596805
0.119536
0.240075
0.367959
0.498248
0.612866
0.703031
0.771194
0.815906
0.838095
0.843327
0.839113
0.831336
0.815851
-0.438756
-0.428612
-0.381984
-0.307554
-0.21677
-0.116624
-0.00941553
0.104708
0.226006
0.354956
0.487073
0.604668
0.699647
0.773235
0.821763
0.84799
0.857219
0.851588
0.843183
0.798871
-0.456703
-0.445675
-0.398838
-0.324012
-0.232936
-0.132459
-0.0248838
0.0895264
0.21124
0.340802
0.474144
0.594039
0.693211
0.772876
0.823697
0.850132
0.859178
0.856341
0.804911
0.744989
-0.475327
-0.460659
-0.414825
-0.339819
-0.24904
-0.148433
-0.0407001
0.0739887
0.195756
0.325473
0.459325
0.580662
0.682397
0.769897
0.818867
0.831869
0.84067
0.807831
0.742426
0.678071
-0.493733
-0.495649
-0.435641
-0.35255
-0.261887
-0.161658
-0.0562536
0.0587543
0.180292
0.309745
0.443239
0.564788
0.666808
0.765982
0.779807
0.795533
0.774765
0.712257
0.637855
0.567618
-0.469414
-0.468195
-0.409573
-0.326813
-0.231042
-0.127658
-0.0174535
0.100089
0.224692
0.357925
0.485999
0.59593
0.68838
0.783867
0.794851
0.6956
0.611643
0.544324
0.471361
0.329251
-0.510163
-0.483882
-0.422493
-0.338858
-0.2435
-0.140189
-0.0305634
0.0863927
0.210117
0.341946
0.467723
0.574736
0.657866
0.720501
0.689778
0.559765
0.440109
0.358054
0.274121
0.112829
-0.534482
-0.503428
-0.44106
-0.35799
-0.262501
-0.159354
-0.0495231
0.0666741
0.189111
0.318762
0.441266
0.54294
0.617378
0.645201
0.566771
0.404103
0.265584
0.162706
0.0479361
-0.184327
-0.558217
-0.524824
-0.461206
-0.377437
-0.281879
-0.178829
-0.0693452
0.0459376
0.166851
0.29389
0.412117
0.506622
0.569846
0.562583
0.428659
0.242774
0.072632
-0.0685236
-0.227631
-0.607638
-0.581012
-0.546743
-0.482049
-0.397357
-0.301693
-0.198836
-0.0899937
0.0242471
0.143427
0.26746
0.380581
0.467057
0.512168
0.47566
0.294376
0.0887066
-0.123066
-0.300419
-0.546086
-1.09068
-0.603613
-0.569269
-0.503854
-0.418536
-0.322688
-0.220047
-0.111841
0.00125894
0.118485
0.239141
0.346625
0.425028
0.450561
0.365249
0.17147
-0.0409196
-0.256046
-0.454948
-0.620511
-1.20803
-0.627171
-0.592732
-0.526896
-0.441207
-0.34521
-0.242755
-0.135154
-0.0232327
0.0918895
0.208879
0.310461
0.379302
0.380685
0.252711
0.0657402
-0.136478
-0.321829
-0.448951
-0.481643
-0.528522
-0.65211
-0.617584
-0.551492
-0.465655
-0.369695
-0.267593
-0.160776
-0.0503208
0.0622844
0.17494
0.270204
0.326319
0.305851
0.149234
-0.0297951
-0.2072
-0.350298
-0.411003
-0.433653
-0.439409
-0.678781
-0.644015
-0.577735
-0.491867
-0.396113
-0.294555
-0.18879
-0.0801269
0.0295472
0.13725
0.225527
0.266811
0.231634
0.0528857
-0.1169
-0.272554
-0.380626
-0.406964
-0.408128
-0.408523
-0.70728
-0.672169
-0.60567
-0.51983
-0.424429
-0.323642
-0.219195
-0.112654
-0.00635722
0.0958648
0.176077
0.205209
0.13901
-0.0353305
-0.196508
-0.333755
-0.379726
-0.394016
-0.395205
-0.394781
-0.737497
-0.701986
-0.635255
-0.549528
-0.454627
-0.354824
-0.25197
-0.147907
-0.0454056
0.0508496
0.122446
0.138046
0.0417441
-0.117043
-0.264137
-0.372088
-0.38516
-0.38516
-0.386318
-0.385973
-0.768967
-0.733231
-0.666304
-0.580785
-0.486568
-0.387992
-0.287036
-0.185821
-0.0874938
0.0023931
0.0654676
0.0637712
-0.0427382
-0.189331
-0.318073
-0.355656
-0.377594
-0.381153
-0.381555
-0.381319
-0.801335
-0.765285
-0.698465
-0.613292
-0.519989
-0.422911
-0.32417
-0.226175
-0.132396
-0.0489756
0.00474002
-0.00793173
-0.121162
-0.249205
-0.353381
-0.393806
-0.381607
-0.378305
-0.377844
-0.377669
-0.83365
-0.797576
-0.731182
-0.646554
-0.554433
-0.459171
-0.362999
-0.268593
-0.179754
-0.102585
-0.0598987
-0.0740301
-0.191092
-0.295384
-0.372
-0.370065
-0.374435
-0.375479
-0.375487
-0.375342
-0.864876
-0.829293
-0.763234
-0.679832
-0.589237
-0.496182
-0.402959
-0.312474
-0.228926
-0.157952
-0.122217
-0.142301
-0.248891
-0.336559
-0.361175
-0.381837
-0.378846
-0.375796
-0.374462
-0.374004
-0.89341
-0.858801
-0.793832
-0.712027
-0.623483
-0.533107
-0.443279
-0.357034
-0.278924
-0.214421
-0.179598
-0.216688
-0.297314
-0.357449
-0.375732
-0.377792
-0.378679
-0.377649
-0.377198
-0.37666
-0.917542
-0.884387
-0.821256
-0.741824
-0.655995
-0.568871
-0.482941
-0.401275
-0.328587
-0.270872
-0.237717
-0.284369
-0.342988
-0.366115
-0.405734
-0.397203
-0.393107
-0.394071
-0.394295
-0.39362
-0.934914
-0.903911
-0.843449
-0.76752
-0.685354
-0.602182
-0.520718
-0.444008
-0.376739
-0.32572
-0.297906
-0.346806
-0.393246
-0.399113
-0.399734
-0.424216
-0.438847
-0.443228
-0.441211
-0.440098
-0.943156
-0.914856
-0.858481
-0.7872
-0.709878
-0.631662
-0.555273
-0.483842
-0.422035
-0.377244
-0.35247
-0.40811
-0.486205
-0.523935
-0.498885
-0.494861
-0.493039
-0.484906
-0.478356
-0.477047
-0.939371
-0.915298
-0.864487
-0.799023
-0.727904
-0.655734
-0.585155
-0.519285
-0.462873
-0.423097
-0.396388
-0.457451
-0.573889
-0.766803
-0.67782
-0.552225
-0.487968
-0.466057
-0.45927
-0.457325
-0.919967
-0.90202
-0.859708
-0.801641
-0.738119
-0.673064
-0.608975
-0.54881
-0.497297
-0.461016
-0.439515
-0.435455
-0.462377
-0.613316
-0.542838
-0.44113
-0.398893
-0.38442
-0.379162
-0.376185
-0.88653
-0.874105
-0.842553
-0.794505
-0.739918
-0.682984
-0.625714
-0.571134
-0.523315
-0.489201
-0.450145
-0.321904
-0.0820822
0.149433
0.0475448
-0.128344
-0.242198
-0.287294
-0.299799
-0.300955
-0.843695
-0.835932
-0.815983
-0.779122
-0.734218
-0.685765
-0.635347
-0.585459
-0.540377
-0.505005
-0.460442
-0.310325
-0.0225201
0.318502
0.123631
-0.151279
-0.333943
-0.401844
-0.420274
-0.425524
-0.799865
-0.795475
-0.784649
-0.759884
-0.723996
-0.68298
-0.638659
-0.592876
-0.548796
-0.513435
-0.485749
-0.524386
-0.740118
-1.02548
-1.11926
-1.09337
-1.00828
-0.919586
-0.858035
-0.859226
-0.764346
-0.762
-0.756283
-0.740217
-0.712695
-0.677342
-0.637409
-0.593792
-0.549443
-0.513027
-0.499266
-0.675329
-1.19441
-1.89937
-2.41095
-2.44301
-2.24565
-1.99004
-1.77706
-1.6741
-0.738771
-0.737655
-0.735551
-0.72645
-0.704475
-0.67256
-0.633759
-0.589142
-0.540783
-0.48729
-0.454226
-0.467447
-0.635761
-0.768279
-0.812424
-0.66348
-0.494064
-0.373116
-0.25655
-0.188082
-0.722693
-0.722159
-0.721388
-0.717011
-0.700567
-0.670036
-0.629576
-0.582052
-0.52553
-0.461453
-0.403636
-0.354346
-0.247873
0.0341798
0.374776
0.689956
0.89825
1.00401
1.0576
1.07846
-0.713397
-0.713061
-0.712295
-0.710725
-0.699671
-0.670101
-0.627031
-0.574023
-0.511557
-0.436761
-0.347202
-0.254458
-0.0157692
0.437129
0.89592
1.32256
1.59463
1.70928
1.74822
1.75535
-0.7089
-0.70853
-0.707673
-0.707207
-0.701449
-0.673861
-0.626857
-0.568084
-0.498068
-0.408574
-0.304541
-0.19362
0.0615086
0.498439
0.950592
1.34965
1.60846
1.72501
1.75713
1.76016
-0.708464
-0.708791
-0.709731
-0.711578
-0.708502
-0.680796
-0.62973
-0.566116
-0.488168
-0.3948
-0.286755
-0.173764
0.0315287
0.401368
0.750017
1.05245
1.25022
1.33975
1.37133
1.37908
-0.704462
-0.705616
-0.708626
-0.712171
-0.710049
-0.684067
-0.634884
-0.568741
-0.486037
-0.388117
-0.284287
-0.186649
-0.0331869
0.261449
0.527479
0.730331
0.861889
0.931255
0.968505
0.982347
-0.705271
-0.704214
-0.696729
-0.682941
-0.675191
-0.673753
-0.643396
-0.577528
-0.49016
-0.389887
-0.293972
-0.207372
-0.083568
0.14229
0.353027
0.512692
0.62702
0.694972
0.731078
0.743436
-0.744892
-0.739258
-0.720522
-0.693071
-0.682976
-0.695189
-0.671733
-0.595546
-0.497361
-0.39265
-0.303483
-0.231107
-0.137834
0.0579341
0.233882
0.371586
0.478455
0.542961
0.573197
0.58138
-0.839669
-0.84279
-0.856525
-0.877582
-0.871027
-0.843884
-0.745491
-0.623151
-0.502678
-0.393445
-0.307808
-0.241895
-0.168828
-0.0178664
0.12871
0.247134
0.338334
0.392862
0.416444
0.421788
-0.964799
-0.986318
-1.02848
-1.05809
-1.04842
-0.9826
-0.810608
-0.641238
-0.500714
-0.386762
-0.302543
-0.241763
-0.181668
-0.0634003
0.0534441
0.1438
0.214665
0.256285
0.274028
0.276968
-0.97127
-0.991924
-1.02825
-1.05477
-1.04358
-0.960674
-0.783292
-0.612871
-0.475063
-0.367509
-0.288592
-0.229084
-0.170324
-0.0906669
-0.00497473
0.0629731
0.115328
0.145465
0.157384
0.158577
-0.764445
-0.785851
-0.821302
-0.852306
-0.848088
-0.769944
-0.641252
-0.519053
-0.416359
-0.331213
-0.264757
-0.212207
-0.163699
-0.111814
-0.050129
0.00174987
0.0427876
0.0651044
0.0744761
0.0741173
-0.425689
-0.438157
-0.461443
-0.488668
-0.50192
-0.482613
-0.44004
-0.387647
-0.335849
-0.283695
-0.236627
-0.197739
-0.168039
-0.133121
-0.0889461
-0.0504158
-0.0206661
-0.00415228
0.00026163
-0.000805248
-0.134557
-0.140123
-0.155201
-0.18145
-0.214462
-0.242865
-0.259556
-0.263469
-0.254225
-0.233424
-0.207477
-0.183485
-0.168405
-0.150103
-0.121133
-0.0949124
-0.0761654
-0.0676358
-0.065863
-0.0676476
0.0221811
0.0194771
0.00892808
-0.0154395
-0.0547438
-0.101145
-0.142221
-0.172296
-0.188204
-0.189892
-0.180591
-0.168741
-0.161854
-0.157566
-0.14585
-0.135314
-0.128967
-0.129218
-0.129955
-0.131087
0.0715413
0.0697233
0.0617167
0.0418505
0.0078423
-0.0350092
-0.0782758
-0.115608
-0.142572
-0.157097
-0.158796
-0.15366
-0.150735
-0.15428
-0.159232
-0.16401
-0.169697
-0.175517
-0.178189
-0.178727
0.0690819
0.0677359
0.0619605
0.0475532
0.0224022
-0.0108583
-0.0478498
-0.0835203
-0.114044
-0.136251
-0.145989
-0.144514
-0.141586
-0.154006
-0.168946
-0.181507
-0.192822
-0.20046
-0.202976
-0.203379
0.0494788
0.0485215
0.0445306
0.0345834
0.0168616
-0.007716
-0.037236
-0.0683529
-0.0986938
-0.12605
-0.145343
-0.153596
-0.155948
-0.171885
-0.186337
-0.197221
-0.205464
-0.209832
-0.211186
-0.211679
0.0279375
0.02728
0.0245588
0.0177744
0.00541546
-0.0125072
-0.0354739
-0.0619488
-0.0911138
-0.123323
-0.156648
-0.188148
-0.205781
-0.21211
-0.211654
-0.211824
-0.213436
-0.214524
-0.215045
-0.215629
0.010007
0.00955511
0.00769688
0.00306655
-0.00557662
-0.0186703
-0.0364629
-0.0587257
-0.0860625
-0.121635
-0.169068
-0.228253
-0.264083
-0.252467
-0.234815
-0.225217
-0.221484
-0.220973
-0.220922
-0.221159
-0.00266578
-0.00302515
-0.00431216
-0.00745604
-0.0134978
-0.023046
-0.0366806
-0.054857
-0.0787916
-0.114187
-0.166095
-0.23492
-0.270318
-0.249065
-0.2279
-0.219249
-0.218485
-0.219459
-0.21948
-0.219252
-0.0101519
-0.0103864
-0.0112662
-0.0133715
-0.0175189
-0.024346
-0.0344904
-0.0487049
-0.0685744
-0.0976078
-0.141116
-0.195362
-0.214587
-0.199221
-0.189215
-0.190332
-0.195409
-0.198543
-0.198741
-0.198303
-0.0131634
-0.0133168
-0.0138867
-0.0152412
-0.0179322
-0.0225842
-0.0297192
-0.0399413
-0.0540751
-0.0739786
-0.099621
-0.126762
-0.133014
-0.125779
-0.130915
-0.142007
-0.151409
-0.155772
-0.156365
-0.155932
-0.0126055
-0.0126977
-0.0130109
-0.0137858
-0.0154085
-0.0183083
-0.0228758
-0.0294002
-0.0379572
-0.0479199
-0.0545295
-0.0524886
-0.0379007
-0.0507229
-0.0691497
-0.0867909
-0.0973376
-0.101019
-0.102109
-0.102214
-0.00941031
-0.00944126
-0.00957943
-0.00995994
-0.0107721
-0.0123232
-0.0148505
-0.0183878
-0.0225905
-0.0254376
-0.019759
0.000272534
0.0247521
0.00375079
-0.0223445
-0.0404135
-0.0490217
-0.051351
-0.0524052
-0.0526864
-0.00449479
-0.00445409
-0.00448863
-0.00456682
-0.00466886
-0.0050072
-0.00570516
-0.00689131
-0.00853782
-0.00972141
-0.00747147
0.00377592
0.024505
0.0263806
0.00757119
-0.00721202
-0.0113441
-0.0142716
-0.0138585
-0.0151307
-0.805011
-0.241232
0.0788666
0.293657
0.457562
0.58253
0.682541
0.768513
0.877256
0.875447
0.00119152
0.148206
0.308392
0.445568
0.558399
0.649804
0.72508
0.782557
0.806127
0.810383
0.264443
0.363516
0.4706
0.563768
0.643146
0.709242
0.76195
0.799049
0.822246
0.839386
0.451011
0.519286
0.593261
0.659642
0.717069
0.765314
0.804141
0.833943
0.857435
0.876168
0.590973
0.642004
0.693671
0.743225
0.786559
0.82387
0.855204
0.88094
0.902541
0.920912
0.704314
0.741491
0.78276
0.82157
0.856721
0.887808
0.914779
0.937465
0.956532
0.974333
0.801646
0.831822
0.867191
0.900334
0.931227
0.959163
0.983616
1.00413
1.02078
1.03816
0.891035
0.919489
0.952896
0.984494
1.01405
1.04079
1.06401
1.08309
1.0975
1.11463
0.981365
1.01233
1.04741
1.08001
1.10982
1.13627
1.15872
1.17664
1.18919
1.20644
1.08491
1.12063
1.15853
1.19264
1.22258
1.24822
1.26941
1.28598
1.29754
1.31538
1.214
1.25303
1.29116
1.32421
1.35212
1.37565
1.39524
1.41071
1.42251
1.44076
1.37509
1.41111
1.44317
1.46993
1.49272
1.5132
1.5318
1.54781
1.56151
1.57938
1.55976
1.5848
1.60466
1.62316
1.64081
1.65754
1.6734
1.68939
1.70651
1.72564
1.74643
1.75727
1.76999
1.78453
1.79814
1.81021
1.82111
1.83245
1.84785
1.86729
1.92832
1.94175
1.94681
1.94783
1.94979
1.95715
1.97085
1.98845
2.00219
2.01353
2.19718
2.1466
2.09913
2.06755
2.05449
2.05904
2.08228
2.12734
2.19403
2.28815
0.655035
0.652027
0.645968
0.635041
0.62255
0.61124
0.602181
0.595426
0.590963
0.589073
0.590309
0.594302
0.60047
0.608759
0.619262
0.631583
0.643937
0.652649
0.657163
0.659328
0.583337
0.589984
0.595232
0.598849
0.599962
0.598327
0.594874
0.591083
0.588103
0.586797
0.587887
0.590934
0.595029
0.599259
0.602293
0.602826
0.60051
0.596133
0.589841
0.584016
0.573222
0.576184
0.579548
0.582037
0.583797
0.584981
0.585209
0.584464
0.583405
0.58296
0.583832
0.585581
0.587259
0.588054
0.587645
0.586398
0.584502
0.581636
0.578302
0.576014
0.567167
0.568591
0.570803
0.573076
0.574799
0.575994
0.576886
0.577474
0.577751
0.578071
0.578778
0.579552
0.579909
0.579718
0.579105
0.577972
0.576168
0.57395
0.572202
0.571118
0.561793
0.562612
0.564076
0.565851
0.567592
0.569069
0.570208
0.571153
0.571996
0.572776
0.573458
0.573847
0.573864
0.573515
0.57271
0.571442
0.569931
0.568419
0.567404
0.566738
0.556725
0.557279
0.558362
0.559777
0.56129
0.562796
0.564191
0.565406
0.566506
0.567537
0.568315
0.568676
0.568623
0.568135
0.567271
0.566201
0.565049
0.563981
0.563295
0.562826
0.551831
0.552246
0.553111
0.554322
0.555653
0.557064
0.55852
0.559943
0.56128
0.562528
0.56347
0.563909
0.563857
0.563404
0.562703
0.561879
0.561001
0.560208
0.559706
0.559349
0.547043
0.547369
0.548083
0.549144
0.550382
0.551728
0.553175
0.554703
0.556254
0.557752
0.558908
0.55949
0.559569
0.5593
0.558817
0.558202
0.557543
0.556964
0.556591
0.556306
0.542273
0.542537
0.543144
0.544106
0.545283
0.546597
0.54806
0.549673
0.551408
0.553181
0.554615
0.555439
0.555757
0.555724
0.555463
0.555064
0.554605
0.554198
0.55392
0.553685
0.53743
0.537651
0.538184
0.539084
0.540225
0.541542
0.543058
0.544788
0.546725
0.548803
0.550594
0.551755
0.552376
0.552609
0.552586
0.552413
0.552141
0.551883
0.551681
0.551481
0.532425
0.532612
0.533096
0.533965
0.535107
0.536469
0.538077
0.539971
0.542166
0.544613
0.546845
0.54842
0.549397
0.549938
0.550176
0.550228
0.550148
0.550024
0.549883
0.549708
0.527166
0.527329
0.527784
0.528652
0.529836
0.531285
0.533035
0.535152
0.537677
0.540588
0.543358
0.545426
0.546819
0.547709
0.548243
0.548519
0.548645
0.548648
0.548558
0.548399
0.521558
0.521703
0.522147
0.523044
0.524311
0.525895
0.527846
0.530262
0.533205
0.536694
0.540116
0.542771
0.544653
0.545941
0.546804
0.547364
0.547687
0.547804
0.547756
0.547609
0.515492
0.515624
0.516074
0.517029
0.518422
0.520194
0.52242
0.525219
0.528695
0.532897
0.537108
0.540464
0.542923
0.544675
0.545912
0.546777
0.547322
0.547557
0.547548
0.547407
0.508839
0.508962
0.509432
0.510476
0.512044
0.51407
0.516652
0.51994
0.524081
0.529157
0.534324
0.538519
0.54166
0.543959
0.545627
0.546839
0.547633
0.547988
0.548014
0.547876
0.501447
0.501562
0.502064
0.503233
0.505029
0.507383
0.510418
0.514326
0.519291
0.525437
0.531759
0.536955
0.540903
0.543848
0.546029
0.547646
0.548714
0.549195
0.549253
0.549113
0.493119
0.493234
0.493773
0.495109
0.497191
0.499964
0.50358
0.508265
0.514254
0.521705
0.529417
0.535806
0.540706
0.544408
0.547208
0.549296
0.550669
0.551283
0.551371
0.551226
0.483547
0.483673
0.484306
0.485841
0.488298
0.491614
0.495965
0.501627
0.508888
0.517937
0.527316
0.535113
0.541137
0.545728
0.549255
0.551885
0.553606
0.554363
0.554479
0.554326
0.472448
0.472573
0.473325
0.475134
0.47807
0.482081
0.487365
0.494261
0.503103
0.5141
0.525472
0.534927
0.542264
0.547903
0.552259
0.555531
0.55764
0.558543
0.558683
0.558518
0.459338
0.459481
0.460392
0.462561
0.46612
0.471034
0.477525
0.485992
0.49681
0.510179
0.523917
0.535311
0.54416
0.551013
0.556338
0.56034
0.562868
0.563917
0.564075
0.563894
0.443571
0.443752
0.444892
0.447553
0.451944
0.458064
0.466144
0.476641
0.489939
0.506187
0.522711
0.536337
0.546914
0.555138
0.561573
0.56639
0.569361
0.570545
0.57071
0.57051
0.42421
0.424468
0.425956
0.429319
0.434872
0.442653
0.452882
0.466043
0.482474
0.502202
0.521955
0.538103
0.550607
0.560371
0.568015
0.573729
0.577138
0.578431
0.578587
0.578367
0.399844
0.400245
0.402286
0.406722
0.414004
0.424181
0.437398
0.454091
0.474453
0.498329
0.521766
0.540701
0.555318
0.566756
0.575696
0.582343
0.58614
0.587493
0.587623
0.587381
0.368175
0.368874
0.371885
0.378148
0.388209
0.401998
0.41946
0.440835
0.466071
0.494796
0.522333
0.544262
0.561103
0.574303
0.584624
0.592131
0.596204
0.597542
0.597623
0.597363
0.325078
0.32649
0.331572
0.34144
0.356343
0.375722
0.39917
0.426596
0.457702
0.491926
0.523883
0.548918
0.568034
0.582998
0.59468
0.602891
0.607031
0.608251
0.608264
0.607994
0.262863
0.267312
0.277926
0.294912
0.318046
0.345789
0.377222
0.412066
0.449912
0.490104
0.526626
0.554775
0.576102
0.592756
0.605587
0.614219
0.618161
0.619106
0.619039
0.618778
0.188823
0.196865
0.216223
0.243781
0.277504
0.314656
0.354664
0.397409
0.442555
0.489487
0.531501
0.563613
0.587826
0.606591
0.620749
0.629697
0.633395
0.634189
0.634172
0.634047
0.114509
0.127846
0.156293
0.194253
0.238009
0.284455
0.333062
0.383799
0.436367
0.490191
0.537864
0.574065
0.601275
0.622287
0.637879
0.646746
0.649864
0.650428
0.650436
0.650405
0.0527816
0.0699451
0.104063
0.14982
0.201764
0.25639
0.312912
0.371204
0.430882
0.491336
0.54441
0.584443
0.614384
0.637247
0.653647
0.662652
0.665578
0.666092
0.66616
0.666175
0.00215283
0.0213647
0.0599361
0.111487
0.169835
0.231211
0.294583
0.359676
0.425952
0.492673
0.550877
0.594524
0.626994
0.651632
0.669064
0.678151
0.681145
0.681872
0.681982
0.682041
-0.0403078
-0.0198459
0.0220523
0.0782183
0.141858
0.208892
0.278171
0.349298
0.421583
0.494139
0.557196
0.60429
0.639201
0.665573
0.684003
0.693684
0.697043
0.697876
0.698006
0.698087
-0.0768864
-0.055625
-0.0110695
0.0488377
0.116928
0.188843
0.263308
0.339833
0.417617
0.495625
0.563282
0.613679
0.650942
0.67902
0.698523
0.708936
0.712623
0.713559
0.71369
0.713777
-0.10924
-0.0874151
-0.0407021
0.0223502
0.0942268
0.170404
0.249501
0.330935
0.413809
0.49694
0.568973
0.622524
0.662026
0.691692
0.712227
0.723359
0.727403
0.728434
0.728543
0.728622
-0.138589
-0.116349
-0.0678154
-0.00205536
0.073116
0.153052
0.236311
0.322236
0.409848
0.497842
0.574073
0.630647
0.672263
0.703386
0.724907
0.73666
0.741049
0.742128
0.742228
0.742288
-0.1659
-0.143225
-0.0930857
-0.0249945
0.0531025
0.136379
0.223388
0.313437
0.405494
0.498141
0.578453
0.637946
0.681567
0.714028
0.736373
0.748581
0.753271
0.754394
0.754484
0.754517
-0.191699
-0.168565
-0.117044
-0.0468853
0.033818
0.120082
0.210489
0.304337
0.400574
0.497697
0.582021
0.644406
0.689962
0.723662
0.746662
0.759183
0.764048
0.765218
0.765288
0.765289
-0.216418
-0.192753
-0.140125
-0.0680026
0.0150067
0.103953
0.197448
0.294793
0.394954
0.496414
0.584732
0.650039
0.697515
0.732375
0.755949
0.768639
0.77353
0.774682
0.774744
0.774713
-0.240332
-0.216202
-0.16244
-0.0885624
-0.0034925
0.087863
0.184147
0.284709
0.388555
0.494211
0.586556
0.654876
0.704332
0.740309
0.764304
0.777049
0.781898
0.783016
0.783045
0.782988
-0.263623
-0.23897
-0.184112
-0.108692
-0.0217761
0.0717314
0.170533
0.27404
0.38133
0.491036
0.587449
0.658944
0.71052
0.747645
0.771975
0.784662
0.789369
0.790413
0.790414
0.790328
-0.286359
-0.261156
-0.205258
-0.128445
-0.0398855
0.0555444
0.156603
0.262775
0.37325
0.48684
0.587364
0.66226
0.716194
0.75455
0.779126
0.791597
0.796082
0.797003
0.796955
0.796846
-0.308533
-0.282849
-0.225936
-0.147845
-0.0578212
0.0393071
0.142373
0.250939
0.364323
0.481597
0.586244
0.664807
0.721434
0.761192
0.785936
0.797981
0.802085
0.802818
0.802715
0.80259
-0.330207
-0.303997
-0.24613
-0.166876
-0.0755578
0.0230603
0.127894
0.238581
0.354597
0.475297
0.584032
0.666534
0.726266
0.767755
0.79265
0.80399
0.807453
0.807918
0.807764
0.807634
-0.351291
-0.324567
-0.2658
-0.185513
-0.0930545
0.00687102
0.11324
0.225778
0.344129
0.467952
0.58066
0.66734
0.730657
0.774388
0.799628
0.810002
0.812411
0.812389
0.812164
0.812052
-0.371802
-0.344521
-0.284941
-0.203711
-0.110248
-0.00919849
0.0984944
0.212626
0.33299
0.459613
0.576076
0.667087
0.734482
0.781133
0.807292
0.816715
0.817491
0.816405
0.815972
0.815964
-0.391651
-0.363864
-0.303507
-0.221429
-0.127089
-0.0250708
0.0837327
0.1992
0.321291
0.450355
0.570249
0.665607
0.737518
0.787791
0.815883
0.825157
0.824079
0.8209
0.819229
0.81904
-0.410904
-0.382563
-0.321455
-0.238615
-0.143504
-0.0406626
0.0690745
0.185636
0.309153
0.440267
0.563181
0.662722
0.739452
0.793866
0.825029
0.836022
0.83453
0.828772
0.821812
0.805121
-0.429498
-0.400612
-0.338918
-0.255474
-0.159783
-0.0562965
0.054111
0.171486
0.296077
0.42884
0.554349
0.657873
0.739944
0.798904
0.833907
0.848949
0.84991
0.84316
0.828609
0.843447
-0.447553
-0.417987
-0.355837
-0.271973
-0.175849
-0.0719158
0.0388474
0.156772
0.282052
0.41597
0.543534
0.650422
0.738228
0.801765
0.83933
0.857732
0.862216
0.852391
0.791529
0.77591
-0.465668
-0.435284
-0.371955
-0.287782
-0.191136
-0.0870763
0.0234962
0.141754
0.26736
0.40185
0.530722
0.63992
0.733287
0.801574
0.836393
0.854166
0.84916
0.812687
0.745216
0.704693
-0.484524
-0.453478
-0.386856
-0.302621
-0.205265
-0.101632
0.0084438
0.126604
0.252079
0.386483
0.515741
0.626125
0.722754
0.796997
0.846904
0.823501
0.794612
0.729541
0.657503
0.613972
-0.0628007
0.0520431
0.173419
0.302583
0.435403
0.55618
0.657043
0.492734
-0.504792
-0.486051
-0.447812
-0.376802
-0.286547
-0.18759
-0.0806976
0.0330448
0.153613
0.281562
0.413277
0.533209
0.632854
0.71248
0.764977
0.719177
0.574666
0.485039
0.415079
-0.522058
-0.509047
-0.464631
-0.392204
-0.301555
-0.202355
-0.0959718
0.0172688
0.136951
0.263501
0.392977
0.509496
0.602904
0.669857
0.666445
0.559817
0.413575
0.306237
0.216266
-0.544894
-0.532209
-0.484805
-0.411312
-0.320637
-0.221143
-0.114729
-0.00184135
0.116874
0.241773
0.36811
0.479459
0.561982
0.612061
0.572085
0.409168
0.242559
0.108501
-0.00993061
-0.567929
-0.555082
-0.506079
-0.431269
-0.340265
-0.240782
-0.134675
-0.0225338
0.0949341
0.217732
0.340422
0.445719
0.521164
0.543138
0.456443
0.263134
0.065309
-0.113354
-0.280092
-0.590177
-0.577806
-0.528009
-0.452067
-0.360661
-0.261197
-0.155538
-0.0442947
0.071738
0.192077
0.310607
0.409085
0.475103
0.458495
0.328236
0.127719
-0.0904082
-0.296846
-0.483519
-0.613027
-0.600924
-0.550816
-0.474146
-0.38242
-0.28291
-0.177629
-0.0672307
0.0472975
0.165015
0.279122
0.370111
0.422117
0.383525
0.211082
0.0142882
-0.195809
-0.392707
-0.514262
-0.553435
-0.637206
-0.625241
-0.574865
-0.497797
-0.405946
-0.306499
-0.201667
-0.0922394
0.0205454
0.135231
0.244353
0.327349
0.363754
0.301784
0.106348
-0.0816449
-0.260626
-0.395271
-0.441049
-0.464759
-0.662848
-0.651006
-0.600426
-0.523136
-0.431314
-0.332137
-0.227943
-0.119762
-0.00908232
0.10205
0.205473
0.2802
0.295972
0.196557
0.0128055
-0.160786
-0.311921
-0.394517
-0.414689
-0.420092
-0.690277
-0.67842
-0.627622
-0.550176
-0.458509
-0.359778
-0.256474
-0.149833
-0.0416351
0.0654567
0.162435
0.2286
0.215347
0.0950764
-0.0741282
-0.237317
-0.356055
-0.400133
-0.399809
-0.400914
-0.71939
-0.707625
-0.65648
-0.57892
-0.487523
-0.389417
-0.287253
-0.182447
-0.0771201
0.0254657
0.11544
0.171365
0.14123
-0.000307896
-0.154435
-0.306172
-0.371268
-0.389159
-0.390321
-0.390004
-0.750039
-0.738288
-0.686891
-0.609277
-0.518261
-0.420996
-0.320218
-0.217578
-0.115513
-0.0178642
0.0647295
0.10876
0.0754025
-0.0831681
-0.227498
-0.341435
-0.390974
-0.383817
-0.383616
-0.38363
-0.781725
-0.769901
-0.718585
-0.640987
-0.550526
-0.454328
-0.355221
-0.255087
-0.156665
-0.0642523
0.0105645
0.045523
-0.00229595
-0.155568
-0.287062
-0.364981
-0.380883
-0.379512
-0.379489
-0.379267
-0.813932
-0.802027
-0.750976
-0.673612
-0.583937
-0.48907
-0.391956
-0.29468
-0.200307
-0.113351
-0.0462824
-0.0223627
-0.086977
-0.217566
-0.332565
-0.35118
-0.368748
-0.375368
-0.376185
-0.37604
-0.845662
-0.833754
-0.783175
-0.706523
-0.617915
-0.524709
-0.42995
-0.335891
-0.245924
-0.164768
-0.104097
-0.0965908
-0.160918
-0.27175
-0.352826
-0.401568
-0.38337
-0.377424
-0.375153
-0.374642
-0.875036
-0.863998
-0.814237
-0.738653
-0.651616
-0.560498
-0.468519
-0.378048
-0.292759
-0.217773
-0.161849
-0.164913
-0.228911
-0.312888
-0.380837
-0.388311
-0.381459
-0.376839
-0.375055
-0.374487
-0.901302
-0.890561
-0.842778
-0.768722
-0.683914
-0.595427
-0.506744
-0.420281
-0.33985
-0.27106
-0.220364
-0.225234
-0.293275
-0.341882
-0.372273
-0.377561
-0.382904
-0.382892
-0.382527
-0.382483
-0.921765
-0.911692
-0.866377
-0.795266
-0.71342
-0.628288
-0.543469
-0.461495
-0.386095
-0.323241
-0.279364
-0.283364
-0.350087
-0.376926
-0.354002
-0.39552
-0.409564
-0.413532
-0.414501
-0.4137
-0.934374
-0.925365
-0.883311
-0.816148
-0.738458
-0.657633
-0.577412
-0.500361
-0.430255
-0.373076
-0.335769
-0.339925
-0.41478
-0.443541
-0.428166
-0.445256
-0.462852
-0.470279
-0.467395
-0.464801
-0.936477
-0.929126
-0.891488
-0.829542
-0.757179
-0.681876
-0.607079
-0.535461
-0.47088
-0.419051
-0.38697
-0.391506
-0.485731
-0.615935
-0.639733
-0.561277
-0.5134
-0.488079
-0.477563
-0.474134
-0.926311
-0.920406
-0.888596
-0.833543
-0.768056
-0.699469
-0.63107
-0.565389
-0.506171
-0.459422
-0.43188
-0.428571
-0.491922
-0.663788
-0.815671
-0.597961
-0.480654
-0.435922
-0.425253
-0.421739
-0.900425
-0.896245
-0.871926
-0.826714
-0.770074
-0.709436
-0.648222
-0.588743
-0.534502
-0.491749
-0.462129
-0.413841
-0.332348
-0.244543
-0.2838
-0.289587
-0.309731
-0.324578
-0.330095
-0.330575
-0.862126
-0.859535
-0.8435
-0.809239
-0.763381
-0.711716
-0.658119
-0.604658
-0.554964
-0.513704
-0.484213
-0.398413
-0.133361
0.214723
0.344062
0.0639179
-0.168608
-0.285483
-0.321049
-0.331893
-0.818083
-0.816432
-0.808375
-0.78503
-0.750223
-0.707563
-0.661361
-0.613553
-0.566817
-0.526311
-0.493757
-0.435474
-0.352131
-0.293928
-0.307438
-0.458185
-0.541451
-0.573085
-0.575335
-0.587638
-0.778433
-0.777359
-0.773615
-0.760487
-0.734625
-0.699686
-0.65976
-0.616327
-0.571842
-0.530834
-0.502696
-0.533568
-0.851883
-1.43254
-1.91103
-2.00011
-1.91269
-1.70054
-1.43495
-1.29688
-0.750044
-0.749427
-0.746973
-0.740361
-0.72155
-0.692284
-0.655858
-0.614307
-0.569153
-0.522717
-0.494331
-0.477647
-0.746462
-1.18091
-1.65535
-1.81524
-1.68426
-1.48187
-1.24775
-1.12253
-0.729583
-0.729089
-0.728129
-0.725654
-0.713481
-0.687815
-0.652063
-0.609557
-0.559991
-0.505636
-0.446116
-0.405543
-0.412745
-0.371804
-0.221835
-0.0195456
0.195896
0.330209
0.416754
0.457471
-0.717569
-0.717383
-0.716881
-0.715361
-0.709091
-0.686587
-0.650282
-0.603992
-0.54988
-0.485279
-0.411332
-0.35041
-0.237815
0.0758301
0.497877
0.910797
1.23848
1.41353
1.48771
1.50887
-0.710485
-0.710335
-0.709692
-0.708974
-0.706482
-0.688552
-0.650802
-0.599827
-0.538898
-0.465189
-0.376356
-0.269174
-0.112977
0.260011
0.737125
1.19606
1.55701
1.74131
1.81354
1.82728
-0.708586
-0.708484
-0.708215
-0.707961
-0.7078
-0.694787
-0.654378
-0.598186
-0.530631
-0.449386
-0.349413
-0.234754
-0.0880279
0.250709
0.666796
1.05148
1.35557
1.51841
1.57819
1.59043
-0.707062
-0.707583
-0.709206
-0.712662
-0.71489
-0.702276
-0.659509
-0.600758
-0.528928
-0.440199
-0.337927
-0.227858
-0.113149
0.165718
0.490571
0.767852
0.97387
1.08747
1.13978
1.1612
-0.701883
-0.702862
-0.703033
-0.701682
-0.700159
-0.691614
-0.661584
-0.608259
-0.532019
-0.438333
-0.340135
-0.241461
-0.149063
0.0647822
0.318492
0.525858
0.674466
0.763479
0.8149
0.839721
-0.719038
-0.718476
-0.709384
-0.684677
-0.660129
-0.664479
-0.670404
-0.62384
-0.541353
-0.443094
-0.345078
-0.255586
-0.184864
-0.00954558
0.202698
0.369483
0.499826
0.588597
0.637458
0.65752
-0.786105
-0.782038
-0.776651
-0.765921
-0.761163
-0.759762
-0.741218
-0.658499
-0.554934
-0.445984
-0.347295
-0.26884
-0.211658
-0.071532
0.100628
0.24601
0.361671
0.442191
0.484072
0.499025
-0.910474
-0.910902
-0.935528
-0.975555
-0.98788
-0.96201
-0.861685
-0.708715
-0.566043
-0.445274
-0.345057
-0.273529
-0.222615
-0.112186
0.0260973
0.143854
0.236293
0.302119
0.335295
0.346429
-0.991091
-1.00043
-1.03438
-1.07033
-1.08093
-1.04405
-0.909744
-0.719215
-0.557965
-0.431821
-0.335261
-0.267334
-0.214495
-0.133373
-0.0240897
0.0634929
0.133992
0.18202
0.20547
0.212952
-0.890918
-0.900327
-0.933023
-0.96851
-0.982702
-0.941345
-0.804929
-0.645685
-0.507199
-0.397697
-0.312577
-0.248419
-0.195385
-0.142135
-0.0631014
0.00221414
0.0556225
0.0922781
0.110865
0.114538
-0.596218
-0.606673
-0.631095
-0.66298
-0.68337
-0.663237
-0.587948
-0.49807
-0.414591
-0.342075
-0.278518
-0.22717
-0.185072
-0.149195
-0.0957588
-0.0460324
-0.00605114
0.021548
0.0338848
0.036579
-0.262992
-0.268496
-0.281843
-0.305209
-0.333232
-0.349115
-0.348524
-0.333759
-0.309177
-0.276885
-0.239947
-0.205026
-0.177729
-0.158152
-0.124481
-0.0884176
-0.0599457
-0.0413828
-0.0336226
-0.0330323
-0.0378098
-0.040315
-0.0476318
-0.0662971
-0.098617
-0.140246
-0.178247
-0.204999
-0.217805
-0.216076
-0.202674
-0.18425
-0.169003
-0.162468
-0.145003
-0.124478
-0.108445
-0.100356
-0.0987061
-0.0996067
0.0573602
0.0558621
0.0510881
0.0359338
0.00557545
-0.0378675
-0.0838413
-0.124202
-0.153398
-0.169312
-0.171657
-0.164889
-0.158113
-0.157177
-0.155744
-0.152678
-0.151596
-0.153403
-0.155991
-0.157129
0.074514
0.0735871
0.0700677
0.0586578
0.0352153
0.000508866
-0.0395956
-0.0792846
-0.113095
-0.137347
-0.149735
-0.14984
-0.144725
-0.147478
-0.158057
-0.168151
-0.177995
-0.186954
-0.192521
-0.193531
0.0603816
0.059823
0.0573052
0.0493046
0.0327127
0.00738672
-0.0240053
-0.0578231
-0.090373
-0.118595
-0.138692
-0.145966
-0.143618
-0.151018
-0.169021
-0.18355
-0.195342
-0.204007
-0.207898
-0.208606
0.0385582
0.0382469
0.03649
0.0310356
0.0195942
0.00154647
-0.0222054
-0.049921
-0.0794827
-0.10935
-0.137655
-0.159911
-0.171837
-0.182471
-0.194261
-0.201645
-0.207049
-0.210979
-0.21264
-0.21322
0.01838
0.0182108
0.0170036
0.0133056
0.00543733
-0.00740192
-0.0252123
-0.0475289
-0.073875
-0.10489
-0.142228
-0.186575
-0.22771
-0.239074
-0.230328
-0.221866
-0.218622
-0.217885
-0.217881
-0.21815
0.00295986
0.00284984
0.00204033
-0.000483004
-0.00590276
-0.0150794
-0.0284368
-0.0463138
-0.0692574
-0.0993394
-0.142084
-0.201556
-0.267576
-0.269775
-0.245793
-0.229926
-0.222953
-0.222124
-0.222177
-0.22198
-0.00704853
-0.00709303
-0.00770248
-0.00939659
-0.0131216
-0.0196238
-0.0295087
-0.0434092
-0.0621764
-0.0886058
-0.129058
-0.187965
-0.243883
-0.238583
-0.218323
-0.208734
-0.208329
-0.21086
-0.211943
-0.211548
-0.0121917
-0.0122133
-0.012634
-0.0137207
-0.0161776
-0.0206463
-0.0277149
-0.0380088
-0.0524019
-0.0728455
-0.102625
-0.143042
-0.1746
-0.167148
-0.160923
-0.164149
-0.172331
-0.178486
-0.180136
-0.179804
-0.0132908
-0.0132921
-0.0135482
-0.0142441
-0.0157483
-0.0186036
-0.0233069
-0.0303114
-0.0400512
-0.0531094
-0.0689886
-0.0839119
-0.0904923
-0.0845087
-0.0922706
-0.106667
-0.119907
-0.127418
-0.129197
-0.129427
-0.0113056
-0.0112909
-0.0114335
-0.0117867
-0.0125978
-0.0142247
-0.0170245
-0.0212344
-0.0269049
-0.0334419
-0.037017
-0.0301886
-0.0134116
-0.00938108
-0.0317946
-0.053325
-0.0680979
-0.0742521
-0.0757841
-0.0763244
-0.00717996
-0.00715318
-0.00720505
-0.00733652
-0.0076464
-0.00838285
-0.00971257
-0.0117081
-0.0143158
-0.0164842
-0.0140459
0.000758263
0.0247526
0.0301284
0.00374385
-0.0164348
-0.027344
-0.0304463
-0.0311764
-0.0318207
-0.00446253
-0.00446614
-0.00452029
-0.00461135
-0.00480517
-0.00530543
-0.00622673
-0.00765312
-0.00927522
-0.00934101
-0.00314896
0.0132327
0.0312016
0.0167431
-0.00176184
-0.0089554
-0.0132361
-0.0142471
-0.0147484
-0.003414
-0.453017
-0.111845
0.105675
0.294067
0.446059
0.566836
0.662993
0.744746
0.804415
0.799891
0.0424893
0.193531
0.333782
0.454557
0.557606
0.64339
0.713938
0.768813
0.802177
0.814412
0.303566
0.399321
0.492467
0.576235
0.648891
0.710606
0.761202
0.799858
0.827298
0.84612
0.482152
0.546124
0.613283
0.675093
0.728221
0.77402
0.812324
0.843265
0.868136
0.886018
0.618207
0.664249
0.715917
0.761539
0.802683
0.838848
0.870163
0.896623
0.918678
0.934124
0.728975
0.766222
0.806573
0.843254
0.877365
0.9083
0.935722
0.959254
0.978887
0.991688
0.825889
0.858047
0.892602
0.925666
0.956724
0.985343
1.01087
1.03265
1.05037
1.0608
0.916483
0.947606
0.981642
1.01477
1.04562
1.07378
1.09858
1.11933
1.13549
1.14405
1.01097
1.04566
1.08233
1.11764
1.14944
1.1776
1.2017
1.22139
1.23615
1.24409
1.12361
1.16388
1.20304
1.23977
1.2715
1.29851
1.32104
1.33923
1.35289
1.36195
1.26734
1.30998
1.34759
1.38123
1.40919
1.43294
1.45352
1.4709
1.48473
1.49585
1.44512
1.48269
1.51067
1.53498
1.55598
1.57524
1.59347
1.61061
1.62649
1.641
1.64276
1.66378
1.67866
1.69444
1.7107
1.72599
1.7397
1.75295
1.76844
1.78679
1.83335
1.84051
1.85105
1.86259
1.8725
1.88169
1.89193
1.90302
1.91463
1.92349
2.04637
2.04814
2.0402
2.02369
2.01254
2.01196
2.02411
2.04871
2.08283
2.10736
2.46601
2.27212
2.17107
2.11319
2.08405
2.07742
2.09261
2.13343
2.20928
2.35223
-0.468805
-0.473319
-0.433654
-0.361281
-0.270415
-0.170572
0.750568
0.816587
0.806708
0.723217
0.647925
0.573759
0.345565
0.124055
-0.144936
-0.500082
-0.847549
)
;

boundaryField
{
    wall-4
    {
        type            zeroGradient;
    }
    pressure-outlet-7
    {
        type            fixedValue;
        value           uniform 0;
    }
    velocity-inlet-6
    {
        type            zeroGradient;
    }
    velocity-inlet-5
    {
        type            zeroGradient;
    }
    frontAndBackPlanes
    {
        type            empty;
    }
}


// ************************************************************************* //
