/*--------------------------------*- C++ -*----------------------------------*\
  =========                 |
  \\      /  F ield         | OpenFOAM: The Open Source CFD Toolbox
   \\    /   O peration     | Website:  https://openfoam.org
    \\  /    A nd           | Version:  9
     \\/     M anipulation  |
\*---------------------------------------------------------------------------*/
FoamFile
{
    format      ascii;
    class       volScalarField;
    location    "61";
    object      p;
}
// * * * * * * * * * * * * * * * * * * * * * * * * * * * * * * * * * * * * * //

dimensions      [0 2 -2 0 0 0 0];

internalField   nonuniform List<scalar> 
8800
(
0.864918
0.817132
0.778444
0.74945
0.728589
0.713763
0.703175
0.695705
0.690901
0.688866
0.690159
0.694369
0.70103
0.710356
0.723143
0.740883
0.765664
0.799607
0.842158
0.90086
0.696165
0.703844
0.711321
0.71463
0.713129
0.708055
0.701574
0.695506
0.690797
0.687973
0.687718
0.690248
0.694755
0.700714
0.707492
0.713778
0.717423
0.716689
0.711272
0.702584
0.674565
0.680725
0.684853
0.687799
0.689852
0.690461
0.689362
0.687269
0.68527
0.684388
0.685377
0.687781
0.690596
0.692789
0.693404
0.692211
0.689873
0.686483
0.681926
0.678165
0.66875
0.671401
0.674154
0.676559
0.678197
0.679363
0.680113
0.680243
0.679967
0.679944
0.680726
0.68192
0.682778
0.682855
0.682255
0.68117
0.679359
0.676792
0.674391
0.672887
0.663363
0.664788
0.666568
0.668602
0.670389
0.671736
0.672733
0.673545
0.674181
0.674776
0.67546
0.675983
0.676103
0.67583
0.675143
0.673902
0.672211
0.670367
0.669062
0.66823
0.658278
0.659199
0.660441
0.662009
0.663645
0.665176
0.66647
0.667553
0.668542
0.669469
0.670197
0.670556
0.670537
0.670114
0.669245
0.668054
0.666733
0.665477
0.664657
0.664105
0.653361
0.654031
0.654994
0.656298
0.657711
0.659175
0.660625
0.661964
0.66319
0.664336
0.665202
0.665605
0.665548
0.665058
0.664266
0.663329
0.662324
0.661406
0.660823
0.660417
0.648566
0.649082
0.649866
0.650998
0.652279
0.653659
0.655117
0.656607
0.658065
0.659446
0.660502
0.661015
0.66102
0.660658
0.660072
0.659359
0.658595
0.657917
0.657485
0.657168
0.643819
0.64423
0.644886
0.645894
0.647103
0.648437
0.649894
0.65147
0.653125
0.654772
0.656075
0.65678
0.65698
0.656837
0.656474
0.655972
0.655412
0.654927
0.654607
0.654349
0.639035
0.63937
0.639937
0.640866
0.642027
0.643346
0.644839
0.646514
0.648357
0.650294
0.651917
0.652918
0.653395
0.653505
0.653372
0.653094
0.652729
0.652403
0.652167
0.651951
0.634126
0.634403
0.63491
0.635792
0.636935
0.638279
0.639846
0.641661
0.643734
0.646008
0.648033
0.649414
0.650224
0.650623
0.650742
0.650689
0.650517
0.650332
0.650164
0.649977
0.629003
0.629236
0.629703
0.63057
0.631734
0.633146
0.634829
0.636839
0.639206
0.641897
0.644415
0.646254
0.647453
0.648185
0.648584
0.648764
0.648786
0.648731
0.648618
0.648451
0.623573
0.623771
0.624219
0.625099
0.626327
0.627851
0.629706
0.631977
0.634719
0.637934
0.64105
0.643432
0.645086
0.646196
0.646912
0.647338
0.647572
0.647638
0.647572
0.647419
0.617737
0.617906
0.618351
0.619275
0.620607
0.622294
0.624387
0.626999
0.630217
0.63408
0.637921
0.640952
0.643143
0.644688
0.645763
0.646489
0.64693
0.647112
0.647086
0.646942
0.611375
0.611521
0.611978
0.612974
0.614457
0.616368
0.618775
0.621823
0.625641
0.6303
0.635018
0.638825
0.641651
0.643709
0.645192
0.64624
0.64692
0.647226
0.647237
0.647097
0.60435
0.604471
0.604956
0.606056
0.607741
0.609944
0.612756
0.616358
0.620922
0.626554
0.632332
0.637066
0.640643
0.643306
0.645271
0.646695
0.647639
0.648069
0.648114
0.647974
0.59648
0.59658
0.597108
0.598349
0.600294
0.602869
0.606196
0.610494
0.615982
0.622804
0.629861
0.635699
0.640163
0.643537
0.64608
0.647939
0.64918
0.649743
0.64982
0.649676
0.587541
0.587642
0.588225
0.589621
0.591899
0.594957
0.598939
0.604112
0.610746
0.619021
0.627612
0.634762
0.640273
0.644481
0.647707
0.650077
0.651651
0.652354
0.65246
0.652309
0.57722
0.577301
0.577975
0.579597
0.582308
0.585985
0.590796
0.597068
0.605125
0.615174
0.625602
0.634295
0.641038
0.646228
0.650239
0.653208
0.65516
0.656011
0.656143
0.655981
0.565146
0.565213
0.565986
0.56792
0.571189
0.575662
0.581533
0.589199
0.599028
0.611236
0.62385
0.634355
0.642526
0.648861
0.65378
0.657449
0.659813
0.660812
0.660964
0.660787
0.550767
0.550823
0.551739
0.554088
0.558094
0.563615
0.570868
0.58032
0.592367
0.6072
0.622399
0.635005
0.644808
0.652459
0.658432
0.662883
0.665685
0.666827
0.66699
0.666796
0.533321
0.533365
0.534493
0.537426
0.542443
0.549381
0.558476
0.570253
0.585092
0.603103
0.621319
0.636321
0.647974
0.657101
0.664247
0.669568
0.672818
0.674081
0.674243
0.674029
0.51165
0.511692
0.513167
0.516981
0.523454
0.532385
0.544005
0.558854
0.577213
0.599039
0.620724
0.638398
0.652092
0.662854
0.671261
0.677516
0.681183
0.682528
0.68267
0.682434
0.484017
0.484079
0.486142
0.491377
0.500108
0.51197
0.527149
0.546075
0.568829
0.59516
0.620755
0.641339
0.657226
0.669731
0.679497
0.68666
0.690661
0.69202
0.692121
0.691865
0.447395
0.447557
0.450827
0.458679
0.471219
0.487553
0.507805
0.532087
0.560223
0.591747
0.621622
0.645275
0.663433
0.677733
0.68888
0.696837
0.701015
0.702295
0.702332
0.702059
0.39598
0.396958
0.403458
0.416686
0.435846
0.4591
0.486344
0.517393
0.551869
0.589161
0.623551
0.650328
0.670758
0.686787
0.699238
0.707764
0.71189
0.712987
0.712948
0.712665
0.320862
0.328128
0.343161
0.36645
0.395483
0.428005
0.463797
0.502644
0.544161
0.58771
0.62694
0.65707
0.679946
0.697875
0.711582
0.720488
0.724423
0.725321
0.725237
0.72499
0.240118
0.257314
0.281675
0.315679
0.354964
0.396886
0.441294
0.488125
0.537077
0.587572
0.632558
0.666863
0.692749
0.712955
0.72814
0.73717
0.740583
0.741206
0.741145
0.740987
0.172824
0.193077
0.225148
0.268254
0.316594
0.367371
0.420137
0.474812
0.531068
0.588318
0.638787
0.676995
0.705688
0.727835
0.743869
0.752666
0.75571
0.756264
0.75626
0.75615
0.117712
0.139621
0.177202
0.226742
0.282244
0.340491
0.400659
0.462532
0.525644
0.589329
0.645029
0.68691
0.718154
0.741985
0.758883
0.767778
0.770707
0.771312
0.77135
0.771265
0.0718427
0.094928
0.136294
0.190944
0.252202
0.316616
0.383137
0.451414
0.520825
0.590551
0.651217
0.696591
0.730272
0.755773
0.773628
0.782886
0.786049
0.786544
0.786602
0.786541
0.0329475
0.0566951
0.100925
0.159619
0.225717
0.295383
0.367436
0.441418
0.516571
0.591923
0.657297
0.706024
0.742082
0.769236
0.7881
0.797979
0.801299
0.80183
0.801894
0.801863
-0.000999909
0.0231794
0.0696728
0.131703
0.201893
0.276128
0.353082
0.432207
0.512644
0.593278
0.663136
0.715089
0.753435
0.782223
0.802053
0.812557
0.81617
0.81677
0.816849
0.816841
-0.0314972
-0.00693913
0.0413975
0.106278
0.179995
0.258235
0.339587
0.423414
0.508768
0.594398
0.668545
0.723595
0.764125
0.794425
0.81524
0.826295
0.830225
0.830958
0.831035
0.831034
-0.0595118
-0.0346136
0.015299
0.0826376
0.159458
0.24125
0.326561
0.4147
0.504653
0.595044
0.67334
0.731381
0.77399
0.8057
0.827407
0.838978
0.843176
0.844044
0.844117
0.844115
-0.0858467
-0.0605617
-0.0092021
0.0602591
0.139849
0.22481
0.3137
0.405805
0.500078
0.595048
0.677406
0.738368
0.782975
0.816009
0.838455
0.850413
0.854811
0.855748
0.855805
0.855784
-0.110879
-0.0851992
-0.0325984
0.038802
0.120855
0.208657
0.300791
0.396556
0.494895
0.594288
0.680664
0.744544
0.791099
0.825338
0.848355
0.860611
0.865108
0.866081
0.866117
0.866073
-0.135035
-0.108854
-0.055223
0.0180193
0.102263
0.192615
0.287698
0.386829
0.488988
0.592662
0.68306
0.749918
0.798425
0.833804
0.857331
0.869679
0.874217
0.87516
0.875163
0.875098
-0.15845
-0.131836
-0.0771192
-0.00225943
0.0839415
0.176581
0.274328
0.376549
0.482285
0.590104
0.684564
0.754518
0.805067
0.841559
0.865449
0.877776
0.882241
0.883173
0.883156
0.883068
-0.181259
-0.15416
-0.0984183
-0.0221286
0.0658268
0.160506
0.260645
0.365681
0.47475
0.586561
0.685127
0.758371
0.811128
0.848783
0.872938
0.885106
0.889404
0.890254
0.890205
0.890095
-0.203599
-0.175953
-0.119222
-0.0416253
0.0478832
0.144382
0.246659
0.354236
0.466372
0.581991
0.684702
0.761478
0.816727
0.855649
0.879959
0.891792
0.895794
0.896512
0.896416
0.896288
-0.2255
-0.197215
-0.139572
-0.0607565
0.0301351
0.128228
0.232402
0.342245
0.457168
0.576365
0.683225
0.763806
0.821929
0.86234
0.886736
0.897989
0.901499
0.902012
0.901872
0.901735
-0.246809
-0.21792
-0.159403
-0.0795038
0.012607
0.112104
0.217928
0.329773
0.447189
0.569697
0.680625
0.765286
0.826738
0.869045
0.893575
0.90395
0.906652
0.906837
0.906648
0.906516
-0.267513
-0.238047
-0.178708
-0.0978253
-0.00465028
0.0960606
0.203321
0.316893
0.436505
0.562006
0.676844
0.765798
0.831086
0.875886
0.9009
0.9102
0.911578
0.911088
0.91081
0.910736
-0.287678
-0.257563
-0.197467
-0.115698
-0.0215781
0.080177
0.188662
0.303701
0.425202
0.553349
0.671831
0.76519
0.8348
0.882815
0.909107
0.917637
0.91716
0.915175
0.914526
0.914745
-0.30714
-0.276451
-0.215627
-0.133064
-0.0381223
0.0645324
0.174043
0.290306
0.41339
0.543813
0.665568
0.763282
0.837605
0.889507
0.918224
0.927289
0.925373
0.920983
0.918509
0.918205
-0.325992
-0.294702
-0.233207
-0.149955
-0.0543161
0.0490845
0.159409
0.276651
0.401005
0.533326
0.657921
0.759795
0.839204
0.895467
0.927646
0.939493
0.938658
0.931932
0.924118
0.91021
-0.344164
-0.312301
-0.250324
-0.166572
-0.0704386
0.0335093
0.144355
0.26227
0.387528
0.521274
0.64827
0.75398
0.839075
0.900029
0.935741
0.952197
0.953014
0.940201
0.920173
0.908896
-0.361483
-0.329389
-0.266786
-0.18272
-0.0861388
0.0181448
0.129103
0.247478
0.373255
0.507902
0.636656
0.745329
0.836345
0.902011
0.938372
0.954684
0.957934
0.934156
0.866572
0.836292
-0.377286
-0.347222
-0.282274
-0.197918
-0.100624
0.00348837
0.113967
0.232503
0.3584
0.493326
0.622996
0.733509
0.829529
0.900691
0.93044
0.941543
0.929339
0.874409
0.805238
0.762718
-0.432462
-0.362951
-0.2963
-0.213304
-0.115526
-0.0119267
0.0988792
0.21706
0.342587
0.477079
0.606657
0.717823
0.814648
0.892351
0.895761
0.897086
0.84562
0.774188
0.697111
0.654234
-0.394004
-0.378043
-0.317243
-0.233182
-0.137594
-0.0340409
0.075733
0.193256
0.317783
0.450851
0.57852
0.688133
0.77734
0.860147
0.845097
0.729498
0.62284
0.548674
0.474717
0.504694
-0.424651
-0.395461
-0.33377
-0.250537
-0.15497
-0.0515361
0.0584991
0.175377
0.298825
0.430074
0.554938
0.660323
0.739874
0.783983
0.734048
0.582984
0.453728
0.36141
0.262169
0.311734
-0.448253
-0.416132
-0.35325
-0.269876
-0.174189
-0.0708609
0.0390839
0.155119
0.277153
0.405977
0.527072
0.626204
0.696818
0.706201
0.597904
0.423504
0.269608
0.149933
0.0183093
0.0509007
-0.471332
-0.437692
-0.373639
-0.289345
-0.193583
-0.0904119
0.0190011
0.134062
0.254484
0.380497
0.496844
0.588119
0.643295
0.620895
0.460746
0.263207
0.0720074
-0.0965476
-0.285396
-0.304064
-0.493816
-0.459731
-0.394793
-0.309722
-0.213826
-0.110884
-0.00212896
0.111832
0.23038
0.353177
0.464058
0.547341
0.582799
0.523912
0.330206
0.118682
-0.0992721
-0.289034
-0.531285
-0.828474
-0.516593
-0.482503
-0.417029
-0.331476
-0.235399
-0.13263
-0.024464
0.0883608
0.204925
0.324237
0.429352
0.503971
0.518195
0.408129
0.216609
0.0057804
-0.199215
-0.372068
-0.441893
-0.520924
-0.540615
-0.50646
-0.440691
-0.354914
-0.25879
-0.15629
-0.0488052
0.0627097
0.17697
0.292266
0.391187
0.454603
0.443706
0.299989
0.115654
-0.0761419
-0.239754
-0.333218
-0.357482
-0.373366
-0.566186
-0.531904
-0.465947
-0.380111
-0.284129
-0.182071
-0.0755086
0.0343937
0.145933
0.256561
0.348773
0.397932
0.369266
0.199584
0.0242102
-0.142511
-0.269762
-0.309157
-0.322046
-0.32336
-0.593506
-0.55901
-0.492862
-0.407063
-0.311364
-0.209977
-0.104591
0.00336555
0.111751
0.217132
0.301749
0.336475
0.288021
0.106874
-0.059384
-0.208629
-0.285438
-0.302615
-0.303923
-0.303721
-0.622635
-0.587839
-0.521459
-0.435767
-0.340511
-0.239995
-0.136056
-0.0303874
0.0744384
0.174061
0.250178
0.273001
0.188409
0.0221465
-0.135609
-0.258631
-0.295636
-0.294037
-0.293135
-0.292522
-0.653287
-0.61821
-0.551634
-0.466135
-0.371482
-0.272071
-0.169869
-0.0668362
0.0340379
0.127466
0.194951
0.200773
0.0975879
-0.0565788
-0.196002
-0.272068
-0.282684
-0.28556
-0.286326
-0.28606
-0.68491
-0.649678
-0.583129
-0.497936
-0.404089
-0.306046
-0.205879
-0.105847
-0.00926545
0.0777092
0.136553
0.127265
0.0158068
-0.123475
-0.240021
-0.271842
-0.280374
-0.281961
-0.281838
-0.281591
-0.717035
-0.68169
-0.615495
-0.530776
-0.437988
-0.341599
-0.243807
-0.147131
-0.0551901
0.0255007
0.0740612
0.0577052
-0.0597441
-0.178511
-0.270738
-0.28684
-0.279311
-0.278643
-0.278692
-0.2785
-0.748765
-0.713517
-0.647852
-0.564059
-0.472635
-0.378259
-0.283207
-0.190214
-0.103269
-0.0285035
0.0103738
-0.00548523
-0.126304
-0.222986
-0.273487
-0.283932
-0.280578
-0.278493
-0.277599
-0.277278
-0.778524
-0.743979
-0.679228
-0.59686
-0.507263
-0.415327
-0.32343
-0.234429
-0.152702
-0.0837498
-0.0481798
-0.0745478
-0.179423
-0.268539
-0.269862
-0.28259
-0.282479
-0.27841
-0.276693
-0.275963
-0.804709
-0.771248
-0.708488
-0.62799
-0.540833
-0.451875
-0.363616
-0.278946
-0.202391
-0.139393
-0.103319
-0.139127
-0.219309
-0.298649
-0.324697
-0.30252
-0.287697
-0.281288
-0.278923
-0.277765
-0.825183
-0.793453
-0.733568
-0.656022
-0.572056
-0.486755
-0.402689
-0.322753
-0.25128
-0.194138
-0.159768
-0.188837
-0.235856
-0.311654
-0.361076
-0.318788
-0.297924
-0.293481
-0.291308
-0.289723
-0.837698
-0.808681
-0.752547
-0.679072
-0.599419
-0.518636
-0.439442
-0.364659
-0.298394
-0.246728
-0.213599
-0.229022
-0.217333
-0.2302
-0.243781
-0.284409
-0.310545
-0.317671
-0.317088
-0.317344
-0.839588
-0.814644
-0.763448
-0.695299
-0.621204
-0.546076
-0.472515
-0.403407
-0.342679
-0.296462
-0.259015
-0.275318
-0.231529
-0.120119
-0.194804
-0.280642
-0.319677
-0.330584
-0.33466
-0.336863
-0.828651
-0.808572
-0.764068
-0.703069
-0.635887
-0.567533
-0.500485
-0.437616
-0.382982
-0.342403
-0.303246
-0.347248
-0.394156
-0.348652
-0.373724
-0.391729
-0.38693
-0.382681
-0.382014
-0.382386
-0.80286
-0.78776
-0.75257
-0.701092
-0.642401
-0.581883
-0.522032
-0.46565
-0.417469
-0.383093
-0.354048
-0.445491
-0.652168
-0.976597
-0.878026
-0.622363
-0.484706
-0.432276
-0.416633
-0.412062
-0.764692
-0.754961
-0.729693
-0.689473
-0.640632
-0.588733
-0.536171
-0.486049
-0.443138
-0.415905
-0.400035
-0.447077
-0.500734
-0.652629
-0.623494
-0.437939
-0.339577
-0.306065
-0.293651
-0.288397
-0.720775
-0.715275
-0.700209
-0.670913
-0.632414
-0.588671
-0.542898
-0.497712
-0.457694
-0.429792
-0.409556
-0.297201
-0.0386768
0.286833
0.379097
0.204028
0.0108906
-0.087547
-0.112533
-0.112939
-0.680785
-0.67748
-0.670223
-0.650765
-0.620643
-0.583724
-0.543285
-0.50091
-0.460463
-0.427576
-0.408496
-0.290007
-0.107708
0.141356
0.0914863
-0.189935
-0.324274
-0.32155
-0.295173
-0.309741
-0.651402
-0.649317
-0.645559
-0.633482
-0.609615
-0.577344
-0.539539
-0.497744
-0.453678
-0.416716
-0.395551
-0.416504
-0.630526
-1.16127
-1.68886
-1.96341
-1.97858
-1.78094
-1.59294
-1.48337
-0.628754
-0.627922
-0.626647
-0.620622
-0.602214
-0.572297
-0.534405
-0.489966
-0.441735
-0.389132
-0.353124
-0.387658
-0.669249
-1.059
-1.47254
-1.59642
-1.43595
-1.14752
-0.933834
-0.834126
-0.615637
-0.61532
-0.614714
-0.611967
-0.59849
-0.569452
-0.529024
-0.480734
-0.423238
-0.353243
-0.289657
-0.214645
-0.187533
-0.149068
-0.0559848
0.0942632
0.382818
0.620039
0.752373
0.798554
-0.606876
-0.606607
-0.605839
-0.604795
-0.596772
-0.569287
-0.525964
-0.471729
-0.405162
-0.325848
-0.222855
-0.0952688
0.0867107
0.41958
0.83851
1.27465
1.62401
1.83991
1.93553
1.96056
-0.602858
-0.602503
-0.601626
-0.60115
-0.597369
-0.572951
-0.52592
-0.465316
-0.392041
-0.296697
-0.177775
-0.0571276
0.185906
0.61517
1.11213
1.56183
1.89625
2.08019
2.15198
2.16795
-0.602544
-0.603042
-0.604563
-0.606731
-0.605707
-0.580241
-0.529553
-0.464713
-0.384058
-0.282097
-0.164593
-0.0392153
0.142278
0.548791
0.977896
1.35946
1.62822
1.76923
1.82138
1.83209
-0.59855
-0.599717
-0.60245
-0.606007
-0.605472
-0.582122
-0.535743
-0.470396
-0.385217
-0.28096
-0.166699
-0.0508771
0.0853474
0.398107
0.725916
1.00502
1.19974
1.29817
1.33268
1.33909
-0.606776
-0.605353
-0.594442
-0.573118
-0.558416
-0.565062
-0.545679
-0.482639
-0.393448
-0.287845
-0.18125
-0.077083
0.0279225
0.243722
0.472494
0.655479
0.780057
0.839238
0.859815
0.863945
-0.655315
-0.650015
-0.632847
-0.60404
-0.59035
-0.601379
-0.58239
-0.505992
-0.406099
-0.297009
-0.198519
-0.111605
-0.0284272
0.120606
0.263277
0.367085
0.431662
0.461433
0.476088
0.480056
-0.760234
-0.767436
-0.790554
-0.819393
-0.814434
-0.779958
-0.67404
-0.542232
-0.416442
-0.304634
-0.217665
-0.150025
-0.0901039
0.0145703
0.1113
0.173228
0.206187
0.222385
0.233002
0.236817
-0.884937
-0.908621
-0.954106
-0.985649
-0.978015
-0.914186
-0.743323
-0.563842
-0.418088
-0.304745
-0.228328
-0.180347
-0.141732
-0.0571288
0.0159175
0.0647478
0.0920036
0.107837
0.116767
0.119804
-0.876869
-0.897031
-0.934232
-0.961722
-0.953776
-0.877773
-0.703085
-0.530397
-0.390894
-0.288043
-0.225251
-0.193669
-0.170965
-0.0937579
-0.027444
0.019061
0.0544178
0.0724945
0.0799988
0.080948
-0.655996
-0.6774
-0.713914
-0.747619
-0.748163
-0.676856
-0.550149
-0.428727
-0.327974
-0.250366
-0.202428
-0.183239
-0.163469
-0.0994252
-0.0436115
-0.00276589
0.02709
0.0435074
0.0493741
0.0499665
-0.31046
-0.323085
-0.347328
-0.376924
-0.39395
-0.379619
-0.341104
-0.291054
-0.242417
-0.196618
-0.162996
-0.143493
-0.120912
-0.0741057
-0.0342447
-0.00405658
0.0186978
0.031743
0.0369238
0.0365798
-0.0186436
-0.0245867
-0.0406042
-0.0682857
-0.103779
-0.134592
-0.154111
-0.16103
-0.154517
-0.136688
-0.114352
-0.0896891
-0.0611443
-0.0368482
-0.0160536
0.00110037
0.0140841
0.0224188
0.0250553
0.0243238
0.137981
0.134719
0.123484
0.0983893
0.0581806
0.00973529
-0.0334459
-0.0651059
-0.0813749
-0.08147
-0.0667277
-0.0428388
-0.0177937
-0.00776929
-0.000771037
0.00785548
0.0157251
0.0209425
0.0222048
0.0209638
0.184597
0.18283
0.174832
0.154921
0.120641
0.0770283
0.0330407
-0.00433612
-0.0292699
-0.0382177
-0.0294576
-0.0105434
0.0053633
0.00653781
0.0073753
0.0110571
0.0164005
0.01858
0.0182159
0.0165533
0.178261
0.177034
0.171481
0.157402
0.132624
0.0997206
0.063513
0.0298859
0.00419453
-0.0086418
-0.00535788
0.00563668
0.0119759
0.00756652
0.00535732
0.00467827
0.00503234
0.00321303
0.00153872
0.000285341
0.152764
0.151988
0.148367
0.139043
0.122213
0.0989018
0.0715284
0.044416
0.021817
0.00858096
0.00861294
0.0141557
0.0143281
0.00500814
-0.00132332
-0.00660004
-0.0116727
-0.0164877
-0.0193182
-0.0199873
0.123344
0.122899
0.120618
0.114609
0.103457
0.0873868
0.0675019
0.046512
0.0276752
0.0153875
0.0146822
0.0205915
0.0196818
0.00752274
-0.00534468
-0.0149541
-0.0231076
-0.0299091
-0.0323907
-0.0327122
0.0955581
0.0952796
0.0938841
0.0900278
0.0826593
0.0716209
0.0572698
0.0410779
0.0252387
0.0130261
0.0105925
0.0179938
0.0215008
0.00377951
-0.0117402
-0.0221499
-0.030058
-0.0346675
-0.0361284
-0.0365095
0.0712393
0.0710604
0.0701344
0.0676449
0.062714
0.0550129
0.0444261
0.0315401
0.017255
0.00305359
-0.00627451
-0.00630361
-0.00528724
-0.0201571
-0.030331
-0.0349534
-0.0378598
-0.0386663
-0.0392001
-0.039809
0.0506616
0.0505646
0.0499515
0.0483203
0.0450373
0.0395832
0.0315957
0.0208869
0.00698696
-0.0115601
-0.0344743
-0.0567278
-0.0676702
-0.0698154
-0.0637649
-0.0566888
-0.0528453
-0.0509936
-0.0508649
-0.051441
0.0337588
0.033687
0.0332769
0.032264
0.0301083
0.0263239
0.020261
0.0113913
-0.00224448
-0.0245345
-0.0626056
-0.115106
-0.140876
-0.124627
-0.098173
-0.0806756
-0.0721659
-0.0696075
-0.0688554
-0.0689931
0.0202934
0.0202423
0.020005
0.0194159
0.0181233
0.0156774
0.011561
0.00489798
-0.00678184
-0.0293262
-0.0729221
-0.140263
-0.16752
-0.135744
-0.10359
-0.0876619
-0.0820202
-0.0806454
-0.0794465
-0.0789377
0.00981633
0.00979617
0.00970087
0.00944755
0.00883142
0.00756838
0.00517107
0.000934048
-0.00642754
-0.0217709
-0.0548948
-0.10745
-0.120257
-0.0928079
-0.0715129
-0.0656262
-0.0658377
-0.0661015
-0.0648056
-0.0638961
0.00161038
0.00164047
0.00160843
0.00163422
0.00178261
0.0017862
0.00152316
0.00089234
-0.00020047
-0.00228696
-0.00762487
-0.0191208
-0.0268751
-0.0230051
-0.0223473
-0.0214814
-0.0207361
-0.0192345
-0.0173653
-0.0160927
-0.0576452
0.108945
0.303286
0.472869
0.608182
0.714512
0.802314
0.877107
0.911285
0.888031
0.243958
0.364361
0.493847
0.605663
0.6998
0.777609
0.840602
0.885356
0.907761
0.919893
0.462035
0.544582
0.633063
0.711138
0.778249
0.83439
0.879052
0.911705
0.935339
0.953358
0.622321
0.681415
0.742764
0.79967
0.849131
0.891147
0.925675
0.95324
0.975977
0.9943
0.747386
0.790348
0.836177
0.879841
0.918426
0.952141
0.981012
1.00506
1.02541
1.04326
0.851471
0.884258
0.922282
0.957738
0.990296
1.01949
1.04501
1.06648
1.08431
1.10166
0.943871
0.972514
1.00642
1.03851
1.06842
1.09556
1.11928
1.13898
1.15448
1.17155
1.03237
1.06154
1.09552
1.12753
1.15711
1.18367
1.20652
1.225
1.23836
1.2554
1.12763
1.16082
1.19744
1.231
1.26103
1.28721
1.30915
1.32642
1.33828
1.35568
1.2426
1.28041
1.31904
1.35328
1.38261
1.40735
1.42772
1.4436
1.45506
1.47313
1.38752
1.42605
1.46218
1.49286
1.51854
1.54063
1.55968
1.5752
1.58763
1.60562
1.56258
1.5942
1.62037
1.64282
1.66279
1.68151
1.69922
1.7157
1.73104
1.74911
1.75119
1.76839
1.78342
1.79965
1.81555
1.83008
1.84328
1.85721
1.87475
1.8949
1.9329
1.94244
1.95398
1.96478
1.97407
1.98365
1.99443
2.0058
2.01716
2.03251
2.14013
2.14379
2.12885
2.11404
2.10776
2.11344
2.13191
2.16222
2.1944
2.22106
2.44645
2.31159
2.23495
2.19256
2.17514
2.17911
2.2065
2.26292
2.36554
2.5899
0.755516
0.753388
0.748904
0.740281
0.728059
0.715933
0.705708
0.697819
0.692211
0.68897
0.688631
0.691385
0.6965
0.703731
0.713124
0.724667
0.73732
0.748356
0.754469
0.757524
0.679965
0.685812
0.692146
0.69664
0.699112
0.69879
0.696057
0.692254
0.688754
0.686508
0.686377
0.68859
0.692265
0.696562
0.700375
0.702261
0.701327
0.697848
0.692685
0.686065
0.671533
0.67383
0.677234
0.680231
0.682308
0.683808
0.684568
0.684258
0.683243
0.682376
0.682568
0.684012
0.685839
0.687153
0.687339
0.686453
0.684907
0.682572
0.67931
0.676391
0.666013
0.667099
0.668932
0.671312
0.673337
0.674768
0.675794
0.676554
0.676967
0.677206
0.677717
0.678542
0.679153
0.679229
0.678822
0.677978
0.676512
0.67443
0.672346
0.670963
0.660796
0.661459
0.662568
0.664274
0.666058
0.667693
0.668994
0.670019
0.670915
0.671724
0.672475
0.673047
0.673255
0.673098
0.672538
0.671489
0.670064
0.668524
0.667208
0.666428
0.655804
0.656264
0.657051
0.65835
0.659839
0.66136
0.662831
0.664138
0.665289
0.666366
0.667307
0.667897
0.668059
0.667797
0.667108
0.666124
0.665003
0.663874
0.662961
0.662445
0.650955
0.651299
0.65191
0.65298
0.654276
0.655654
0.657099
0.658555
0.659944
0.661248
0.662388
0.663105
0.663301
0.66304
0.66245
0.661681
0.660836
0.659974
0.659304
0.658926
0.646194
0.646462
0.646955
0.647865
0.649037
0.650337
0.651739
0.653238
0.654796
0.656343
0.657724
0.658623
0.658948
0.658844
0.658463
0.657912
0.657271
0.656638
0.656149
0.655861
0.64144
0.641653
0.642063
0.642863
0.643954
0.645207
0.646599
0.648146
0.649837
0.651622
0.653292
0.654455
0.65502
0.655159
0.655009
0.654679
0.654245
0.653803
0.653455
0.653229
0.636605
0.636776
0.637128
0.637854
0.6389
0.640131
0.641552
0.643183
0.645032
0.647073
0.649088
0.650609
0.651498
0.651924
0.652027
0.651927
0.651706
0.651437
0.651205
0.651025
0.6316
0.631738
0.632048
0.63273
0.633759
0.635015
0.636502
0.63826
0.64032
0.642674
0.64511
0.647078
0.648355
0.649115
0.649505
0.64965
0.64964
0.649539
0.649405
0.649261
0.626336
0.626447
0.626729
0.627392
0.628439
0.629764
0.631363
0.633301
0.63564
0.638388
0.641344
0.643848
0.645584
0.64673
0.647446
0.647858
0.648064
0.648133
0.648086
0.647969
0.620716
0.620804
0.62107
0.621738
0.622839
0.624276
0.62604
0.628228
0.630922
0.634172
0.637765
0.640912
0.643192
0.644785
0.645866
0.646592
0.647043
0.64727
0.647298
0.647202
0.614633
0.6147
0.61496
0.615655
0.616848
0.618444
0.620438
0.622953
0.626103
0.629976
0.634349
0.638269
0.641194
0.643314
0.644815
0.645889
0.646607
0.647007
0.647108
0.647029
0.607956
0.608004
0.608265
0.60901
0.610336
0.612147
0.614444
0.617378
0.621104
0.62575
0.63107
0.635921
0.639612
0.642353
0.644349
0.645812
0.646843
0.647428
0.6476
0.647535
0.600533
0.600562
0.600829
0.601647
0.60315
0.60524
0.607925
0.611394
0.615841
0.621436
0.627906
0.633875
0.638478
0.641949
0.644531
0.64646
0.647841
0.648627
0.64887
0.648815
0.592166
0.592182
0.592451
0.593366
0.595105
0.59754
0.600725
0.604869
0.610216
0.61698
0.624845
0.632149
0.637831
0.642162
0.645435
0.647922
0.649703
0.650707
0.651022
0.650975
0.582549
0.582535
0.582865
0.583922
0.585944
0.588835
0.592655
0.597651
0.604121
0.612324
0.621877
0.630768
0.637723
0.643068
0.647151
0.650292
0.652533
0.653778
0.654166
0.654122
0.571392
0.571353
0.571728
0.572979
0.575373
0.578853
0.583482
0.589557
0.597435
0.607413
0.619001
0.629773
0.638216
0.644747
0.649782
0.653669
0.656443
0.657947
0.658404
0.65836
0.558213
0.558147
0.5586
0.560105
0.562984
0.567232
0.57291
0.58037
0.590024
0.602188
0.616219
0.629201
0.63937
0.647268
0.653413
0.658164
0.661529
0.663301
0.663821
0.663772
0.542362
0.542267
0.542845
0.544702
0.548233
0.553506
0.560576
0.569846
0.581765
0.596628
0.613574
0.629123
0.641265
0.650716
0.658124
0.663847
0.667858
0.669898
0.670466
0.670406
0.522901
0.52278
0.52356
0.525933
0.53038
0.537078
0.546048
0.557729
0.572563
0.590758
0.611149
0.629627
0.643985
0.655166
0.663959
0.67077
0.675454
0.677735
0.678327
0.678248
0.498414
0.498276
0.49939
0.502563
0.508398
0.517183
0.528849
0.543811
0.562409
0.584677
0.609074
0.630829
0.647608
0.660678
0.670956
0.678939
0.684263
0.686724
0.687305
0.687199
0.466595
0.466478
0.468204
0.47276
0.480897
0.492929
0.508545
0.52801
0.551422
0.578585
0.607542
0.632874
0.652221
0.667279
0.679133
0.688272
0.69413
0.696666
0.697189
0.697049
0.42329
0.423337
0.426405
0.433845
0.446247
0.463576
0.485042
0.510574
0.539984
0.572855
0.606843
0.635938
0.657921
0.674988
0.688392
0.698612
0.704778
0.707222
0.707637
0.707462
0.360735
0.361937
0.369436
0.383307
0.403501
0.429252
0.458952
0.492209
0.528718
0.567957
0.607258
0.640172
0.664746
0.683746
0.698572
0.709573
0.715762
0.717876
0.718123
0.717926
0.286565
0.288325
0.302675
0.326489
0.357601
0.393301
0.431987
0.473478
0.517587
0.56383
0.609275
0.646894
0.674804
0.696243
0.712754
0.724516
0.730549
0.732399
0.732609
0.732506
0.21004
0.21622
0.237411
0.271458
0.312966
0.358316
0.405946
0.455721
0.507522
0.560897
0.612663
0.655133
0.686461
0.710426
0.728819
0.741086
0.746563
0.747944
0.748084
0.748051
0.14744
0.155923
0.181676
0.222731
0.272386
0.325974
0.381675
0.439211
0.498356
0.55859
0.616414
0.663465
0.697969
0.724166
0.743795
0.756342
0.761714
0.762929
0.763081
0.763104
0.0965263
0.105606
0.134904
0.181193
0.237
0.29723
0.359756
0.42414
0.489986
0.55665
0.620231
0.671635
0.709112
0.737383
0.758364
0.771416
0.776608
0.778014
0.778263
0.778328
0.0539239
0.0632838
0.0950289
0.145311
0.206167
0.271908
0.340224
0.410608
0.482498
0.555105
0.624104
0.679656
0.719989
0.750305
0.772631
0.78626
0.791845
0.793479
0.79375
0.79384
0.0172695
0.0267389
0.0603201
0.113803
0.178834
0.249279
0.322649
0.398348
0.475705
0.553803
0.627913
0.68743
0.730525
0.762817
0.786454
0.800986
0.807034
0.808826
0.809123
0.809202
-0.0151099
-0.00560611
0.029384
0.0855706
0.154099
0.228599
0.306435
0.386917
0.469296
0.552527
0.631489
0.694804
0.740555
0.774736
0.799665
0.814999
0.821567
0.823532
0.823846
0.823913
-0.0444984
-0.0349569
0.0011893
0.059708
0.131235
0.209286
0.291098
0.375928
0.462946
0.551011
0.63461
0.701583
0.749875
0.785833
0.811982
0.828064
0.835145
0.837237
0.837557
0.837591
-0.071775
-0.0621888
-0.0250312
0.035503
0.109701
0.190897
0.276267
0.36505
0.456372
0.549017
0.637104
0.707639
0.758382
0.796025
0.823252
0.83995
0.847466
0.849676
0.849997
0.850009
-0.0975057
-0.0878607
-0.0497537
0.0124821
0.0890875
0.173087
0.261659
0.354052
0.449378
0.546384
0.638848
0.712906
0.766044
0.80529
0.833472
0.850647
0.858394
0.860708
0.861029
0.861014
-0.122189
-0.112393
-0.0734312
-0.00963429
0.0691165
0.155618
0.247083
0.342774
0.44183
0.54299
0.639747
0.717353
0.772897
0.81367
0.84271
0.860242
0.868084
0.870393
0.870715
0.870674
-0.14608
-0.136069
-0.0963657
-0.0310499
0.0496052
0.138338
0.232414
0.331115
0.433627
0.538746
0.639743
0.720962
0.778992
0.821304
0.85109
0.868819
0.876648
0.878925
0.879217
0.879156
-0.169288
-0.159073
-0.118602
-0.0519125
0.0304363
0.121171
0.217584
0.319016
0.424719
0.533588
0.638776
0.723734
0.784397
0.828323
0.858791
0.876596
0.884305
0.886489
0.886731
0.886643
-0.191985
-0.181476
-0.14026
-0.0723049
0.0115556
0.104072
0.202572
0.306464
0.415092
0.527489
0.636791
0.725646
0.789179
0.834886
0.866016
0.883733
0.891189
0.89321
0.893387
0.893277
-0.214132
-0.203354
-0.16142
-0.0922737
-0.00704795
0.087047
0.187401
0.293487
0.404759
0.520431
0.633741
0.726646
0.793381
0.841133
0.872945
0.890404
0.897409
0.899168
0.899248
0.899114
-0.235793
-0.224716
-0.182017
-0.111807
-0.0253604
0.0701221
0.172106
0.280135
0.393766
0.512429
0.629584
0.726667
0.796986
0.847176
0.879827
0.89684
0.903085
0.904416
0.90438
0.904231
-0.256805
-0.245499
-0.202049
-0.130867
-0.0433412
0.0533635
0.156749
0.266474
0.38218
0.503534
0.62429
0.725621
0.79992
0.853073
0.886947
0.903442
0.90853
0.909099
0.908856
0.908708
-0.277308
-0.265663
-0.221508
-0.149442
-0.0609621
0.0368062
0.141416
0.252582
0.370084
0.493819
0.617862
0.723403
0.802035
0.858762
0.894537
0.910812
0.914409
0.913551
0.912765
0.912621
-0.297142
-0.285187
-0.240366
-0.167489
-0.0781481
0.020532
0.126187
0.238574
0.357584
0.483345
0.610334
0.719903
0.803128
0.864023
0.902575
0.919608
0.922052
0.919001
0.916589
0.915723
-0.316368
-0.304116
-0.258574
-0.184959
-0.0948655
0.00460803
0.111142
0.224529
0.344789
0.472244
0.601769
0.715013
0.802955
0.868467
0.91056
0.929943
0.933011
0.928453
0.921997
0.913752
-0.334906
-0.322407
-0.276223
-0.202009
-0.11132
-0.0112328
0.0959551
0.210058
0.331265
0.460032
0.591654
0.708199
0.801048
0.871777
0.917866
0.941171
0.947662
0.943187
0.932655
0.927596
-0.352708
-0.339985
-0.293299
-0.218611
-0.12752
-0.0269843
0.0806384
0.195141
0.316962
0.446586
0.579784
0.699062
0.796607
0.87316
0.922519
0.949062
0.957885
0.957059
0.919135
0.867319
-0.369487
-0.35607
-0.309653
-0.234696
-0.143567
-0.0428042
0.065136
0.179891
0.301933
0.431955
0.566073
0.687338
0.788493
0.87198
0.922233
0.944744
0.953054
0.933554
0.876827
0.814754
-0.385562
-0.371269
-0.325178
-0.24957
-0.158954
-0.0582357
0.0492255
0.164359
0.286323
0.416308
0.550539
0.672767
0.775438
0.868673
0.914474
0.951068
0.913659
0.863396
0.791466
0.724357
-0.371505
-0.353375
-0.303013
-0.223088
-0.126154
-0.0225419
0.0902914
0.208263
0.333498
0.467605
0.596834
0.707954
0.803398
0.900842
0.933513
0.850167
0.795996
0.72767
0.653326
0.604731
-0.395713
-0.379356
-0.343324
-0.272745
-0.182533
-0.0830164
0.0247647
0.139329
0.260663
0.389625
0.522421
0.643578
0.744768
0.83015
0.904048
0.889406
0.762349
0.67464
0.608982
0.525721
-0.415353
-0.399752
-0.358111
-0.286204
-0.195482
-0.0963675
0.0103224
0.123978
0.244381
0.371999
0.503251
0.62252
0.720632
0.794481
0.820054
0.737396
0.593596
0.49497
0.417964
0.329766
-0.435503
-0.422978
-0.376839
-0.303859
-0.213054
-0.11347
-0.00681513
0.106551
0.226078
0.352227
0.480712
0.59547
0.684139
0.743961
0.719344
0.583988
0.429273
0.309864
0.210541
0.0746349
-0.458794
-0.445875
-0.397626
-0.323431
-0.23248
-0.13278
-0.026263
0.0865388
0.204975
0.329246
0.454312
0.563436
0.642601
0.681115
0.620252
0.434928
0.252203
0.0985081
-0.0423735
-0.238646
-0.481098
-0.468509
-0.419098
-0.34361
-0.252242
-0.152604
-0.0464955
0.0654585
0.182536
0.304515
0.425662
0.5283
0.599959
0.602591
0.492083
0.293243
0.0798949
-0.120139
-0.294911
-0.684497
-0.503506
-0.491256
-0.441335
-0.364919
-0.273202
-0.173552
-0.0678657
0.04321
0.158793
0.278198
0.394994
0.490306
0.550104
0.520036
0.367749
0.166934
-0.0502816
-0.2614
-0.43993
-0.71336
-0.526858
-0.514748
-0.464595
-0.387613
-0.295667
-0.195996
-0.0906954
0.0195145
0.133527
0.250149
0.36226
0.449813
0.494288
0.447215
0.256592
0.0629237
-0.134389
-0.301116
-0.373293
-0.41214
-0.551646
-0.539658
-0.489261
-0.41198
-0.320006
-0.220499
-0.115745
-0.00663919
0.105463
0.21879
0.32552
0.404667
0.432451
0.350137
0.157686
-0.0238559
-0.188193
-0.294526
-0.332417
-0.341525
-0.578078
-0.566101
-0.515505
-0.438039
-0.346166
-0.247015
-0.143033
-0.0353034
0.0745101
0.18402
0.28463
0.355199
0.3562
0.244441
0.067324
-0.10037
-0.23963
-0.295096
-0.307169
-0.312046
-0.606346
-0.594273
-0.54341
-0.465809
-0.374146
-0.275546
-0.172565
-0.0665201
0.0406328
0.145875
0.239659
0.30082
0.277081
0.145732
-0.0166613
-0.174086
-0.273166
-0.302028
-0.298162
-0.298195
-0.636156
-0.624273
-0.572942
-0.495256
-0.403914
-0.306049
-0.204327
-0.100274
0.0038483
0.104374
0.190899
0.240411
0.207713
0.0550791
-0.0927242
-0.230411
-0.27111
-0.28373
-0.288775
-0.289033
-0.667354
-0.65547
-0.603886
-0.52621
-0.435334
-0.33842
-0.238228
-0.136488
-0.0357807
0.0596983
0.138582
0.177072
0.13811
-0.0224305
-0.159426
-0.25446
-0.299468
-0.286851
-0.284207
-0.28397
-0.699418
-0.68751
-0.635922
-0.558342
-0.468118
-0.372409
-0.274036
-0.174949
-0.0780416
0.0121977
0.0831602
0.11313
0.0531869
-0.0902966
-0.21282
-0.262597
-0.278687
-0.280074
-0.280408
-0.280267
-0.731606
-0.719744
-0.668216
-0.591097
-0.501806
-0.407598
-0.311395
-0.215304
-0.122554
-0.0377498
0.0259568
0.0415923
-0.0272578
-0.149336
-0.245827
-0.268536
-0.2747
-0.278258
-0.278197
-0.278118
-0.762669
-0.751252
-0.699891
-0.623745
-0.535701
-0.443376
-0.349733
-0.257003
-0.168681
-0.0896371
-0.0311542
-0.028687
-0.0961333
-0.202479
-0.271675
-0.317939
-0.291681
-0.280734
-0.277595
-0.276828
-0.791138
-0.78022
-0.729873
-0.654937
-0.568848
-0.478891
-0.388284
-0.299314
-0.215598
-0.142458
-0.0879964
-0.0898869
-0.156434
-0.242732
-0.302341
-0.28752
-0.285445
-0.281149
-0.278121
-0.276948
-0.815304
-0.805078
-0.756227
-0.68348
-0.599994
-0.513032
-0.426041
-0.3413
-0.26236
-0.194836
-0.145242
-0.14293
-0.200773
-0.267948
-0.331467
-0.320918
-0.299864
-0.28869
-0.284009
-0.282314
-0.832792
-0.82349
-0.77697
-0.707436
-0.627614
-0.544539
-0.461809
-0.381826
-0.307948
-0.245693
-0.201058
-0.191316
-0.226604
-0.250682
-0.2727
-0.297198
-0.303508
-0.306188
-0.305337
-0.303253
-0.841536
-0.833046
-0.789994
-0.724865
-0.649903
-0.571857
-0.49428
-0.419585
-0.351221
-0.294093
-0.252673
-0.237011
-0.244317
-0.16852
-0.171771
-0.242418
-0.299641
-0.321865
-0.325958
-0.326329
-0.837119
-0.830191
-0.793606
-0.733854
-0.665125
-0.593398
-0.521968
-0.453298
-0.390854
-0.33904
-0.302353
-0.286685
-0.306075
-0.233116
-0.193265
-0.281156
-0.332061
-0.347607
-0.352653
-0.355102
-0.818248
-0.813512
-0.784822
-0.733012
-0.671933
-0.607802
-0.543506
-0.481486
-0.425301
-0.380016
-0.350589
-0.356376
-0.451399
-0.615411
-0.648526
-0.561428
-0.477052
-0.4315
-0.416654
-0.412018
-0.785395
-0.781986
-0.76251
-0.721343
-0.669777
-0.614383
-0.557883
-0.502779
-0.452697
-0.414004
-0.393519
-0.416541
-0.549244
-0.851674
-0.994443
-0.740009
-0.519724
-0.421613
-0.388585
-0.377507
-0.743135
-0.74098
-0.729891
-0.700906
-0.659683
-0.613497
-0.564892
-0.51614
-0.471131
-0.436151
-0.422238
-0.400407
-0.314046
-0.148895
-0.0985188
-0.093571
-0.129221
-0.169801
-0.181281
-0.183035
-0.699979
-0.698714
-0.693184
-0.67604
-0.645199
-0.606878
-0.565358
-0.521759
-0.479366
-0.443508
-0.422659
-0.359698
-0.130693
0.209727
0.513798
0.418147
0.17814
-0.00836146
-0.0859758
-0.111169
-0.66476
-0.6641
-0.661303
-0.651296
-0.629422
-0.598185
-0.561527
-0.52092
-0.478634
-0.439381
-0.411502
-0.37639
-0.338401
-0.40895
-0.642038
-1.01053
-1.23844
-1.24166
-1.09531
-0.971255
-0.639153
-0.638399
-0.636851
-0.632771
-0.617527
-0.591048
-0.55624
-0.516049
-0.4719
-0.424455
-0.390038
-0.368632
-0.558825
-1.00382
-1.60491
-1.95438
-1.99244
-1.8056
-1.54382
-1.35045
-0.6215
-0.621211
-0.620532
-0.61859
-0.609924
-0.586618
-0.551903
-0.509652
-0.459504
-0.40349
-0.342226
-0.290387
-0.352354
-0.523559
-0.708606
-0.796149
-0.669972
-0.404149
-0.180373
-0.0437208
-0.610789
-0.610718
-0.610313
-0.609509
-0.605286
-0.585302
-0.549541
-0.502719
-0.446352
-0.37953
-0.295907
-0.218755
-0.084799
0.0819628
0.342335
0.631597
0.972348
1.25303
1.41673
1.48664
-0.604201
-0.604075
-0.603429
-0.602451
-0.600924
-0.586761
-0.550187
-0.498196
-0.435299
-0.356327
-0.257223
-0.139634
0.0236342
0.332152
0.801694
1.28698
1.70181
1.97948
2.11332
2.15652
-0.602699
-0.602639
-0.602512
-0.602317
-0.602116
-0.593143
-0.5542
-0.497444
-0.427196
-0.340416
-0.231415
-0.103117
0.0457242
0.37087
0.842728
1.29596
1.66643
1.89739
2.00346
2.03419
-0.600667
-0.601389
-0.603378
-0.607434
-0.611386
-0.601198
-0.559855
-0.501153
-0.427424
-0.335411
-0.224402
-0.10157
0.011838
0.276565
0.673253
1.02949
1.31868
1.49087
1.56695
1.5879
-0.598166
-0.599291
-0.598857
-0.595208
-0.591098
-0.584471
-0.559933
-0.510667
-0.434852
-0.337506
-0.228751
-0.117394
-0.0143654
0.171271
0.463971
0.718145
0.915709
1.0314
1.07973
1.09259
-0.625682
-0.624877
-0.614743
-0.585706
-0.553447
-0.553487
-0.569608
-0.530599
-0.448568
-0.346771
-0.241619
-0.140545
-0.0495295
0.0822039
0.272743
0.434815
0.55373
0.619344
0.646684
0.656904
-0.701323
-0.697031
-0.696231
-0.69304
-0.69297
-0.684175
-0.664655
-0.57547
-0.467832
-0.355648
-0.253412
-0.168812
-0.0982762
-0.00131515
0.127981
0.22562
0.284634
0.314937
0.328986
0.337344
-0.832954
-0.834543
-0.864288
-0.911468
-0.928228
-0.900952
-0.799345
-0.635629
-0.484462
-0.360389
-0.261825
-0.192645
-0.144292
-0.0740664
0.0161634
0.0855263
0.126735
0.145902
0.158014
0.164315
-0.904428
-0.914688
-0.949291
-0.986287
-0.999671
-0.965538
-0.838542
-0.643562
-0.47654
-0.349214
-0.259225
-0.207515
-0.178145
-0.119739
-0.041796
0.0164387
0.0544729
0.0766274
0.0905091
0.0956723
-0.788792
-0.798279
-0.830642
-0.867188
-0.884135
-0.848082
-0.718142
-0.558878
-0.420475
-0.313682
-0.24015
-0.201474
-0.183568
-0.133518
-0.0676288
-0.0138142
0.025045
0.0499724
0.060932
0.0641278
-0.483076
-0.493562
-0.518443
-0.552085
-0.576239
-0.562581
-0.491812
-0.403855
-0.321925
-0.253827
-0.202169
-0.173605
-0.161328
-0.116417
-0.06374
-0.0225582
0.0090028
0.0306933
0.0417958
0.0434288
-0.14702
-0.152636
-0.166575
-0.191265
-0.221804
-0.240454
-0.243846
-0.232742
-0.211221
-0.182638
-0.152334
-0.127708
-0.107788
-0.0724877
-0.0385346
-0.0124346
0.00749219
0.021402
0.0281459
0.0299469
0.078079
0.0753057
0.0673527
0.0476783
0.0142608
-0.0297422
-0.0701181
-0.0989788
-0.113826
-0.113401
-0.0999624
-0.0787597
-0.0517089
-0.0296027
-0.0140883
-0.00161376
0.00993627
0.0187645
0.0229801
0.0229699
0.171123
0.170019
0.165255
0.149867
0.11916
0.0747448
0.0273343
-0.0145161
-0.0438531
-0.0578151
-0.0541657
-0.0356779
-0.0136572
-0.0014429
0.00247923
0.00846948
0.0140523
0.0190663
0.0212042
0.0202789
0.185888
0.185016
0.181594
0.170323
0.147025
0.112174
0.0719672
0.0325975
0.000941484
-0.0181806
-0.0207507
-0.00896287
0.00665066
0.0102185
0.00727138
0.00733943
0.0101172
0.0123597
0.0121306
0.0106838
0.166819
0.166362
0.164068
0.156468
0.140455
0.115839
0.0855737
0.0538388
0.0258055
0.00626642
0.000323906
0.00651433
0.0136909
0.00968056
0.00328722
0.000752805
-0.00164009
-0.00481945
-0.00844321
-0.00991326
0.138114
0.137932
0.136472
0.131568
0.121016
0.104268
0.0825577
0.0584007
0.0354959
0.0181267
0.0115449
0.015608
0.0195729
0.0120691
0.000849414
-0.00770165
-0.0151353
-0.0218432
-0.0263919
-0.02748
0.109009
0.109003
0.108122
0.105017
0.0981655
0.086922
0.0716692
0.0537583
0.0355084
0.0201412
0.0133727
0.0176923
0.0241189
0.0161964
-0.00084507
-0.0132387
-0.0228389
-0.0301138
-0.0343092
-0.0351066
0.0828696
0.0829198
0.0823171
0.0803354
0.0758634
0.0682533
0.0574491
0.0439967
0.0290229
0.0145532
0.00514391
0.00587257
0.0132359
0.00595457
-0.0124968
-0.0241061
-0.0307702
-0.035053
-0.0367664
-0.0373491
0.0603843
0.0604662
0.0600757
0.0587815
0.0558502
0.0506184
0.0428208
0.0323793
0.0194351
0.00423754
-0.0119422
-0.0249565
-0.0300917
-0.0367453
-0.0445213
-0.0460782
-0.0449637
-0.0438969
-0.0435527
-0.0440156
0.0416834
0.0417628
0.0415082
0.0406895
0.038768
0.0352119
0.0294891
0.0211702
0.00950861
-0.00715742
-0.0327437
-0.0683033
-0.10182
-0.10547
-0.0908258
-0.0759335
-0.0661716
-0.0611777
-0.0598252
-0.0598514
0.0265676
0.0266335
0.0264672
0.025949
0.0247685
0.0224502
0.0184713
0.0121145
0.00211322
-0.0149967
-0.0466862
-0.102166
-0.156417
-0.153766
-0.120343
-0.0943553
-0.0825569
-0.0779617
-0.0765035
-0.0758466
0.0146837
0.014736
0.0146315
0.0143699
0.01374
0.0124091
0.00988052
0.00549577
-0.00170217
-0.0151075
-0.0439663
-0.0975603
-0.151958
-0.138359
-0.104894
-0.0851899
-0.0780786
-0.0778032
-0.0770091
-0.0756877
0.00163814
0.0016224
0.00160869
0.00170279
0.00181637
0.00169561
0.00125654
0.000417028
-0.000973398
-0.00433767
-0.0126361
-0.0255053
-0.0256984
-0.024221
-0.0216842
-0.021565
-0.0204105
-0.0182168
-0.0167354
-0.0441499
-1.09144
-0.414039
0.0355373
0.294294
0.480223
0.622454
0.732556
0.821614
0.917376
1.00902
-0.0437289
0.150683
0.32808
0.477462
0.602215
0.703733
0.786295
0.853931
0.895968
0.899776
0.288081
0.4032
0.515957
0.616237
0.702384
0.774949
0.834379
0.879571
0.908684
0.92624
0.497846
0.57613
0.653754
0.72475
0.786606
0.839426
0.882917
0.917066
0.943073
0.962103
0.651691
0.704773
0.763511
0.81639
0.862705
0.903026
0.937275
0.965721
0.989031
1.00599
0.773415
0.814102
0.859656
0.899616
0.936701
0.969815
0.998831
1.02365
1.04442
1.05864
0.875767
0.91009
0.946964
0.981059
1.01315
1.04263
1.06887
1.09139
1.11
1.12171
0.968702
0.999642
1.03348
1.06597
1.0966
1.12486
1.1499
1.17111
1.18802
1.19754
1.05948
1.09195
1.12717
1.1611
1.19233
1.22054
1.24505
1.26531
1.28074
1.28894
1.16129
1.19875
1.23697
1.27317
1.30516
1.33298
1.35638
1.37534
1.38946
1.39794
1.28812
1.33045
1.3696
1.40542
1.43579
1.46143
1.48295
1.50055
1.51404
1.5242
1.44958
1.49101
1.52469
1.55422
1.57872
1.60022
1.61979
1.6372
1.65193
1.66461
1.63995
1.67073
1.69195
1.71107
1.72911
1.74633
1.76252
1.77834
1.79484
1.81176
1.83777
1.84916
1.8602
1.87428
1.88855
1.90139
1.91274
1.92359
1.93649
1.95336
2.02356
2.03346
2.0421
2.04454
2.0454
2.04966
2.06044
2.07638
2.094
2.09859
2.32459
2.26918
2.21835
2.1781
2.15571
2.15165
2.16515
2.19895
2.25538
2.33094
0.897731
0.839037
0.796558
0.762699
0.738043
0.720492
0.707985
0.69906
0.692954
0.689481
0.689102
0.691972
0.697419
0.705362
0.716288
0.731345
0.752357
0.781454
0.820219
0.868045
0.69928
0.708038
0.713572
0.714395
0.710912
0.704867
0.698435
0.692966
0.689133
0.687489
0.688672
0.692274
0.697561
0.704042
0.710812
0.716086
0.717713
0.714479
0.707142
0.699474
0.676309
0.67834
0.682945
0.686456
0.688967
0.690395
0.690107
0.688371
0.686183
0.684619
0.684642
0.686477
0.689205
0.691835
0.693321
0.692988
0.691136
0.68834
0.684292
0.679911
0.669392
0.670259
0.672742
0.675456
0.677466
0.678826
0.679811
0.680262
0.680121
0.679872
0.680231
0.681325
0.682427
0.682914
0.682616
0.681775
0.68037
0.678136
0.675501
0.673535
0.663732
0.664194
0.665589
0.66761
0.669549
0.671124
0.672267
0.673164
0.673885
0.674468
0.675109
0.675762
0.676094
0.676009
0.675545
0.674588
0.673087
0.671266
0.669623
0.668608
0.658537
0.658824
0.659741
0.66121
0.662835
0.664438
0.66586
0.667033
0.668057
0.669017
0.669865
0.670424
0.670591
0.670377
0.669727
0.668674
0.667392
0.666082
0.664999
0.664375
0.653556
0.653757
0.654445
0.655617
0.657
0.658442
0.659912
0.661315
0.66259
0.663778
0.664814
0.66546
0.665631
0.665348
0.664686
0.663806
0.662833
0.661843
0.661063
0.660625
0.648716
0.648868
0.649415
0.650398
0.651625
0.652961
0.654383
0.655865
0.657347
0.658771
0.660026
0.660826
0.661071
0.660872
0.660384
0.659724
0.658982
0.658237
0.657663
0.657335
0.643937
0.644057
0.644505
0.645354
0.646481
0.647758
0.649152
0.650671
0.652295
0.65396
0.65548
0.656499
0.656931
0.656941
0.656676
0.656234
0.655693
0.655155
0.654742
0.654488
0.639129
0.639226
0.639604
0.640362
0.641427
0.642668
0.644072
0.645656
0.64742
0.649327
0.651161
0.652492
0.65321
0.653486
0.653461
0.653244
0.652913
0.652557
0.65227
0.65207
0.634201
0.63428
0.634609
0.635309
0.636342
0.637583
0.639035
0.640724
0.642669
0.644857
0.647071
0.648805
0.649879
0.650465
0.65071
0.650728
0.65061
0.650424
0.650242
0.650082
0.629061
0.629127
0.629421
0.630089
0.631122
0.632412
0.633952
0.635793
0.637982
0.64052
0.643202
0.645425
0.646922
0.647867
0.648419
0.648692
0.648788
0.648766
0.648677
0.648547
0.623618
0.623673
0.623945
0.624606
0.625675
0.627055
0.628733
0.630787
0.633291
0.636275
0.639533
0.642343
0.644339
0.645698
0.646597
0.647154
0.64748
0.647623
0.647614
0.647509
0.617768
0.617814
0.618076
0.618752
0.619893
0.621409
0.623284
0.625624
0.628531
0.632075
0.636038
0.639555
0.642141
0.643984
0.645276
0.646169
0.646744
0.64705
0.647115
0.647029
0.611394
0.611433
0.611691
0.612405
0.613657
0.615361
0.617502
0.620213
0.623632
0.627871
0.632693
0.637058
0.640349
0.642763
0.644512
0.64577
0.646627
0.647116
0.647254
0.647183
0.604355
0.604384
0.604648
0.605423
0.606828
0.608779
0.611264
0.614449
0.618513
0.623608
0.629475
0.63486
0.638986
0.642074
0.644365
0.646046
0.64723
0.647912
0.648122
0.648063
0.596477
0.596495
0.596772
0.597628
0.599235
0.601501
0.604427
0.608212
0.613081
0.61923
0.626363
0.63297
0.638089
0.64197
0.6449
0.647088
0.648643
0.649537
0.649818
0.649768
0.587516
0.587542
0.587849
0.588802
0.590661
0.593328
0.596819
0.601362
0.607236
0.614681
0.62335
0.631414
0.637706
0.64252
0.646202
0.648989
0.650973
0.652098
0.652452
0.652407
0.577178
0.577193
0.577542
0.578642
0.58083
0.584025
0.588232
0.593731
0.600862
0.609905
0.620428
0.630221
0.637891
0.643804
0.648367
0.651843
0.654325
0.655702
0.656129
0.656087
0.565083
0.565093
0.565483
0.566777
0.5694
0.573275
0.578402
0.585121
0.593831
0.604843
0.617596
0.629431
0.638708
0.645896
0.651487
0.655763
0.65881
0.660453
0.660947
0.660903
0.550679
0.550685
0.551137
0.552698
0.555894
0.560668
0.566999
0.575297
0.58601
0.599451
0.614876
0.629097
0.640225
0.648869
0.65566
0.660839
0.664507
0.666423
0.666975
0.666922
0.5332
0.533201
0.533748
0.53569
0.539681
0.54568
0.553629
0.564009
0.577288
0.593728
0.612326
0.629296
0.642522
0.652813
0.660933
0.667131
0.671467
0.673643
0.674233
0.674166
0.511483
0.51148
0.512193
0.51473
0.519887
0.52763
0.537827
0.551013
0.567606
0.587738
0.610059
0.630134
0.645684
0.657791
0.667352
0.674673
0.679681
0.682073
0.682672
0.682582
0.483785
0.483782
0.484782
0.488303
0.49531
0.505676
0.519119
0.536149
0.557007
0.581614
0.608223
0.631736
0.649792
0.663845
0.674946
0.683438
0.689051
0.691576
0.692142
0.69202
0.447057
0.44707
0.448696
0.45413
0.464424
0.478935
0.497193
0.519475
0.545733
0.575651
0.607071
0.634269
0.654939
0.671004
0.683689
0.693306
0.699372
0.701897
0.702378
0.702219
0.395467
0.39571
0.399418
0.409262
0.425662
0.447004
0.472264
0.501455
0.534289
0.570275
0.606896
0.637903
0.661205
0.679254
0.693468
0.704047
0.710314
0.712671
0.713022
0.712826
0.321403
0.323726
0.334595
0.353906
0.380504
0.411379
0.445567
0.482928
0.523186
0.565824
0.608028
0.643114
0.669247
0.689455
0.705289
0.716681
0.722971
0.725085
0.725321
0.725125
0.24256
0.248907
0.268215
0.297676
0.335011
0.375687
0.418867
0.464509
0.512469
0.562286
0.610917
0.650999
0.680662
0.703474
0.721254
0.733454
0.739407
0.74106
0.741198
0.741082
0.174967
0.181679
0.207586
0.24567
0.292139
0.341822
0.393616
0.447362
0.502896
0.559741
0.614566
0.659353
0.692307
0.71749
0.736712
0.749142
0.754689
0.756128
0.756281
0.756216
0.11973
0.126705
0.156621
0.200865
0.254147
0.311224
0.37047
0.431537
0.49411
0.55761
0.61835
0.667601
0.703615
0.730899
0.751387
0.76427
0.76972
0.771157
0.771347
0.771315
0.0738544
0.08114
0.113537
0.162474
0.221162
0.284252
0.349766
0.417239
0.486179
0.555871
0.6222
0.6757
0.714618
0.743943
0.765739
0.779196
0.785016
0.786415
0.786586
0.786574
0.0349286
0.0423806
0.0765155
0.128983
0.192195
0.260367
0.331278
0.404389
0.479071
0.55447
0.626056
0.683609
0.725337
0.75667
0.779742
0.794028
0.800243
0.801676
0.801878
0.801881
0.000942753
0.00849795
0.0438863
0.0992912
0.166252
0.238789
0.314447
0.392592
0.472504
0.553207
0.62977
0.691205
0.735642
0.768906
0.793307
0.808356
0.814996
0.816588
0.816837
0.816846
-0.0295902
-0.0219343
0.0144752
0.0723878
0.142524
0.218848
0.298719
0.381422
0.466162
0.551841
0.633143
0.698301
0.745334
0.780423
0.806047
0.821879
0.828899
0.83075
0.831027
0.831034
-0.0576256
-0.0498831
-0.0125882
0.0474692
0.120375
0.200038
0.283671
0.37052
0.459726
0.550107
0.635964
0.704727
0.754255
0.791073
0.817824
0.834345
0.841724
0.8438
0.844114
0.84412
-0.0839254
-0.076073
-0.037928
0.0238885
0.0993376
0.181971
0.268975
0.359601
0.452959
0.547808
0.638096
0.710393
0.762335
0.800795
0.828531
0.845607
0.853276
0.855489
0.855813
0.855791
-0.108956
-0.10096
-0.0619786
0.00134912
0.0790679
0.16435
0.2544
0.348478
0.4457
0.544805
0.639424
0.715248
0.769586
0.809603
0.83824
0.85569
0.863524
0.865824
0.866133
0.866091
-0.13308
-0.124916
-0.0852013
-0.0203985
0.0593393
0.146985
0.239786
0.337016
0.437831
0.540994
0.639877
0.719278
0.77605
0.817591
0.847029
0.864724
0.872619
0.874881
0.875197
0.875128
-0.156465
-0.148088
-0.107765
-0.041525
0.0400056
0.129767
0.225038
0.325139
0.429278
0.536297
0.639396
0.722469
0.781792
0.824897
0.855036
0.872845
0.880686
0.882932
0.8832
0.883112
-0.179252
-0.170714
-0.129649
-0.0621498
0.020984
0.112632
0.210114
0.31281
0.420012
0.53067
0.637926
0.724812
0.786875
0.831669
0.862476
0.880273
0.887912
0.890045
0.890258
0.890153
-0.201508
-0.192796
-0.151006
-0.0823332
0.00223858
0.0955663
0.195019
0.300042
0.410021
0.524086
0.635411
0.726273
0.791365
0.838057
0.869522
0.887145
0.894426
0.896353
0.896487
0.896352
-0.223275
-0.214376
-0.171866
-0.102092
-0.0162287
0.0785866
0.179774
0.286865
0.399348
0.516556
0.631812
0.726793
0.795273
0.84419
0.876394
0.893658
0.90034
0.901924
0.901955
0.901802
-0.244503
-0.235414
-0.192161
-0.121395
-0.0343838
0.0617289
0.164442
0.273344
0.38805
0.508099
0.627088
0.726294
0.798557
0.850157
0.883357
0.900112
0.905841
0.90686
0.90674
0.906581
-0.265139
-0.255853
-0.211893
-0.14022
-0.0521898
0.0450592
0.149086
0.259557
0.376197
0.498783
0.621222
0.724674
0.801105
0.855967
0.890693
0.907009
0.911382
0.911349
0.910909
0.91078
-0.285189
-0.275695
-0.231046
-0.158537
-0.0696059
0.0286446
0.133791
0.245597
0.363882
0.488672
0.614241
0.721827
0.802738
0.861481
0.898535
0.915021
0.917934
0.916041
0.914692
0.914581
-0.304585
-0.294887
-0.249582
-0.176306
-0.0865697
0.0125353
0.118635
0.231549
0.351215
0.477867
0.606176
0.717644
0.803232
0.866391
0.906645
0.924637
0.927109
0.923083
0.919451
0.918079
-0.323354
-0.31346
-0.267487
-0.19353
-0.103107
-0.003283
0.1036
0.217389
0.338171
0.466336
0.596961
0.711906
0.802296
0.870321
0.914402
0.935581
0.940056
0.935644
0.92778
0.912526
-0.341523
-0.331415
-0.284862
-0.21039
-0.119459
-0.0191094
0.0883116
0.202662
0.324213
0.453462
0.585947
0.703942
0.799234
0.872782
0.920698
0.945792
0.954104
0.948112
0.939583
0.895332
-0.359358
-0.34837
-0.301613
-0.226759
-0.135538
-0.0348495
0.0729352
0.187578
0.309554
0.439433
0.573174
0.69355
0.793134
0.872933
0.9232
0.948526
0.956506
0.953179
0.901693
0.841812
-0.377863
-0.363254
-0.317498
-0.242482
-0.151556
-0.0507329
0.0572074
0.172136
0.294174
0.424225
0.558502
0.680404
0.782661
0.870537
0.919036
0.930957
0.938926
0.905409
0.839805
0.775419
-0.396141
-0.398211
-0.338284
-0.255168
-0.164294
-0.0638655
0.0417424
0.156994
0.278812
0.408613
0.542555
0.664742
0.767407
0.867226
0.880225
0.895628
0.873826
0.810551
0.735758
0.665383
-0.371918
-0.370685
-0.312061
-0.22923
-0.133259
-0.0296875
0.0807472
0.198554
0.323475
0.457123
0.585758
0.696439
0.789634
0.885656
0.895494
0.795309
0.7106
0.642771
0.569499
0.427246
-0.412471
-0.386289
-0.324887
-0.241164
-0.145644
-0.0421246
0.0677349
0.184961
0.309009
0.441262
0.567631
0.675424
0.759407
0.822186
0.790728
0.65949
0.539097
0.456573
0.372366
0.210917
-0.436657
-0.405712
-0.343367
-0.260221
-0.164563
-0.0612029
0.0488662
0.165339
0.288108
0.418184
0.541295
0.643717
0.718928
0.746755
0.667416
0.503798
0.364567
0.261223
0.146173
-0.0862925
-0.460253
-0.426982
-0.363409
-0.279572
-0.183845
-0.0805824
0.029141
0.144703
0.265953
0.393415
0.512235
0.60752
0.671266
0.663892
0.528961
0.342229
0.171431
0.0298172
-0.129579
-0.509836
-0.482905
-0.448772
-0.384135
-0.299376
-0.203555
-0.100489
0.00859288
0.123117
0.242635
0.367085
0.480762
0.568002
0.613482
0.57657
0.394284
0.187793
-0.0245949
-0.202465
-0.448403
-0.993098
-0.505364
-0.471162
-0.405816
-0.320437
-0.224441
-0.121596
-0.0131493
0.100236
0.2178
0.338865
0.446866
0.525886
0.551627
0.465612
0.270973
0.0577397
-0.158077
-0.357514
-0.523628
-1.11078
-0.528775
-0.494485
-0.428729
-0.342989
-0.246852
-0.144196
-0.0363545
0.0758563
0.191316
0.308701
0.410755
0.479956
0.481408
0.352699
0.16485
-0.0382406
-0.224359
-0.352117
-0.385188
-0.432063
-0.553563
-0.519193
-0.45319
-0.367313
-0.27122
-0.168921
-0.061862
0.0488877
0.161831
0.274868
0.370496
0.426867
0.406261
0.248845
0.0689559
-0.109342
-0.253211
-0.314378
-0.337112
-0.342857
-0.580078
-0.545472
-0.479291
-0.393395
-0.297516
-0.195764
-0.0897564
0.0192097
0.129227
0.237288
0.325808
0.367215
0.33173
0.152135
-0.0184384
-0.17494
-0.283716
-0.310317
-0.311425
-0.311801
-0.608414
-0.57347
-0.507079
-0.421224
-0.325707
-0.224731
-0.120036
-0.0131806
0.0934737
0.196026
0.276399
0.305482
0.238686
0.0635657
-0.0982729
-0.236187
-0.282734
-0.297102
-0.298278
-0.297837
-0.638463
-0.603124
-0.536516
-0.450788
-0.355782
-0.255793
-0.152685
-0.0482877
0.0546031
0.151166
0.222808
0.238012
0.140989
-0.0184637
-0.165967
-0.274345
-0.287903
-0.287896
-0.289084
-0.28875
-0.669764
-0.63421
-0.567417
-0.481915
-0.387604
-0.288846
-0.187625
-0.0860489
0.0127254
0.102921
0.16597
0.163624
0.0559532
-0.0910327
-0.219748
-0.257531
-0.279887
-0.283602
-0.284064
-0.283852
-0.701964
-0.666096
-0.599432
-0.514303
-0.420916
-0.323662
-0.224642
-0.126246
-0.0319352
0.0518448
0.10556
0.091778
-0.0233752
-0.151615
-0.255222
-0.295728
-0.283901
-0.280722
-0.280333
-0.28017
-0.734119
-0.698241
-0.632006
-0.547458
-0.455271
-0.359843
-0.263376
-0.168507
-0.0790294
-0.00133013
0.0415389
0.0263385
-0.0947595
-0.199438
-0.274054
-0.272055
-0.276975
-0.278135
-0.278173
-0.278044
-0.765206
-0.729829
-0.663967
-0.580647
-0.490021
-0.396812
-0.303282
-0.212249
-0.127918
-0.0560552
-0.020012
-0.0393294
-0.154373
-0.246306
-0.265089
-0.285877
-0.281971
-0.278648
-0.277098
-0.276595
-0.793635
-0.759229
-0.694494
-0.612803
-0.524262
-0.433756
-0.343614
-0.256732
-0.177618
-0.111652
-0.0760857
-0.108628
-0.200642
-0.282993
-0.292265
-0.287607
-0.283535
-0.279327
-0.277401
-0.276474
-0.817696
-0.784754
-0.721876
-0.642619
-0.556841
-0.469629
-0.383396
-0.301038
-0.227017
-0.167027
-0.131716
-0.16577
-0.231115
-0.308527
-0.351302
-0.317753
-0.292968
-0.285745
-0.282983
-0.281559
-0.835058
-0.80427
-0.74409
-0.668399
-0.586353
-0.503183
-0.421464
-0.344065
-0.275139
-0.220804
-0.188111
-0.20939
-0.230354
-0.282583
-0.302962
-0.300119
-0.305646
-0.306132
-0.304138
-0.30276
-0.843356
-0.81527
-0.759226
-0.688235
-0.611135
-0.533049
-0.456572
-0.384555
-0.320993
-0.272018
-0.237619
-0.250405
-0.208837
-0.160126
-0.202477
-0.274588
-0.314908
-0.324961
-0.326219
-0.32692
-0.839648
-0.815837
-0.765415
-0.700296
-0.629533
-0.557672
-0.487269
-0.421235
-0.363472
-0.319959
-0.28093
-0.307617
-0.281415
-0.17036
-0.23476
-0.312717
-0.342282
-0.350601
-0.354119
-0.355905
-0.820429
-0.802711
-0.760824
-0.703226
-0.640191
-0.575678
-0.512186
-0.452536
-0.401185
-0.363337
-0.336898
-0.399827
-0.523976
-0.632933
-0.613399
-0.51498
-0.448272
-0.42205
-0.413554
-0.411619
-0.787276
-0.77505
-0.743933
-0.696397
-0.642406
-0.586266
-0.530119
-0.476907
-0.431561
-0.401145
-0.386221
-0.467144
-0.678877
-0.986066
-0.905434
-0.608409
-0.458237
-0.400344
-0.381422
-0.375279
-0.744754
-0.737164
-0.717589
-0.681256
-0.636967
-0.589488
-0.540429
-0.493059
-0.451962
-0.425516
-0.408394
-0.382334
-0.225811
-0.115085
-0.0938259
-0.105895
-0.153421
-0.178233
-0.182842
-0.182205
-0.701201
-0.696939
-0.686335
-0.661971
-0.626731
-0.5866
-0.54377
-0.50019
-0.460522
-0.430328
-0.408868
-0.264186
0.0178769
0.398573
0.51722
0.29656
0.0751482
-0.060499
-0.102107
-0.113329
-0.665473
-0.663256
-0.65761
-0.641755
-0.61478
-0.580284
-0.541635
-0.500027
-0.45805
-0.423831
-0.408575
-0.349273
-0.356452
-0.496162
-0.821058
-1.16431
-1.25702
-1.18188
-1.01975
-0.965868
-0.638837
-0.637742
-0.635587
-0.626715
-0.605464
-0.574503
-0.536963
-0.494228
-0.448306
-0.404569
-0.376978
-0.433046
-0.747526
-1.30065
-1.82685
-2.00877
-1.92183
-1.67325
-1.41199
-1.33219
-0.621421
-0.620889
-0.620066
-0.615774
-0.599961
-0.570478
-0.531599
-0.485532
-0.43324
-0.370707
-0.320799
-0.297114
-0.436439
-0.612799
-0.780931
-0.76491
-0.537714
-0.282963
-0.0966624
-0.0141751
-0.610788
-0.610552
-0.609944
-0.608429
-0.597581
-0.569
-0.527303
-0.476185
-0.413501
-0.339334
-0.25649
-0.142964
-0.012978
0.200141
0.484182
0.7986
1.12658
1.34951
1.46106
1.49877
-0.604189
-0.603824
-0.602861
-0.602068
-0.596418
-0.570779
-0.525925
-0.467964
-0.398091
-0.310698
-0.195766
-0.0755402
0.153807
0.55848
1.04509
1.50803
1.86076
2.06171
2.14325
2.16323
-0.602658
-0.602595
-0.602415
-0.602648
-0.600661
-0.576863
-0.527453
-0.464145
-0.387075
-0.286886
-0.168255
-0.0421963
0.173196
0.602036
1.07364
1.49659
1.80041
1.96343
2.02523
2.03832
-0.600971
-0.602136
-0.605169
-0.609605
-0.609421
-0.583725
-0.532058
-0.466657
-0.38356
-0.280635
-0.164064
-0.0429933
0.113516
0.476633
0.855895
1.18742
1.41909
1.53889
1.5819
1.5903
-0.598858
-0.599399
-0.597429
-0.592356
-0.588299
-0.575061
-0.538652
-0.475525
-0.388493
-0.283381
-0.173071
-0.0629303
0.0549328
0.318326
0.597073
0.825727
0.984227
1.06191
1.08925
1.09296
-0.625707
-0.621766
-0.602458
-0.566733
-0.548419
-0.565824
-0.557606
-0.492728
-0.399667
-0.292766
-0.189486
-0.0928802
0.00198015
0.178721
0.358879
0.500103
0.593417
0.636184
0.653345
0.657781
-0.699186
-0.696372
-0.69424
-0.69518
-0.688397
-0.68408
-0.624353
-0.523007
-0.411792
-0.300988
-0.208524
-0.131525
-0.0605115
0.0654921
0.182285
0.259188
0.30288
0.32349
0.333873
0.338665
-0.829694
-0.846398
-0.889427
-0.925064
-0.918627
-0.864435
-0.71787
-0.557966
-0.419356
-0.306437
-0.224449
-0.166715
-0.117608
-0.0272462
0.0544655
0.10925
0.138006
0.152587
0.161958
0.165237
-0.905384
-0.929549
-0.969027
-0.997326
-0.989016
-0.917992
-0.74068
-0.555694
-0.408953
-0.29891
-0.228922
-0.189466
-0.159944
-0.0786347
-0.00998437
0.0373304
0.066698
0.0848646
0.0940074
0.0961644
-0.790736
-0.813427
-0.849427
-0.879833
-0.874756
-0.7957
-0.637093
-0.486939
-0.363566
-0.271835
-0.2162
-0.191687
-0.174453
-0.101304
-0.0383646
0.00712752
0.0396099
0.0567186
0.0632558
0.0638348
-0.486974
-0.504272
-0.535051
-0.567011
-0.575533
-0.532211
-0.448267
-0.36142
-0.28663
-0.224853
-0.184383
-0.166501
-0.146147
-0.089927
-0.0416722
-0.00577398
0.0216599
0.0368106
0.043341
0.042967
-0.149446
-0.158267
-0.177627
-0.206459
-0.233791
-0.243373
-0.240105
-0.2229
-0.197616
-0.166773
-0.139066
-0.116864
-0.0907259
-0.0551036
-0.024944
-0.00165809
0.0153156
0.0255306
0.0295851
0.0292733
0.0766741
0.0724482
0.0591959
0.0325888
-0.00674152
-0.0512023
-0.0859103
-0.108227
-0.115322
-0.107859
-0.0902501
-0.0636226
-0.0368266
-0.0207069
-0.0078366
0.00428388
0.0149339
0.0216681
0.0232429
0.0222063
0.170506
0.168545
0.159213
0.136504
0.0982557
0.0508122
0.00541955
-0.0308522
-0.0528153
-0.0581742
-0.0462076
-0.025101
-0.00405775
0.00131853
0.00520442
0.0113614
0.0166709
0.0204794
0.0209912
0.0195387
0.185432
0.183944
0.177216
0.160281
0.130785
0.0924103
0.0518146
0.0156144
-0.0103687
-0.0217261
-0.016091
-0.00115076
0.0103551
0.00841108
0.00703701
0.00850333
0.0117337
0.0126141
0.0115698
0.0100024
0.166625
0.16564
0.16113
0.149611
0.129089
0.101257
0.0695814
0.0391836
0.0147717
0.00129851
0.0025148
0.0103693
0.012966
0.00552505
0.00191237
-0.000490743
-0.00307432
-0.00714035
-0.00941004
-0.0103287
0.13808
0.137477
0.134587
0.127082
0.11336
0.0939704
0.0705555
0.0466085
0.0259703
0.0132039
0.0127899
0.0179835
0.0167903
0.00592505
-0.0037317
-0.0113899
-0.0184058
-0.0245103
-0.0272701
-0.0277005
0.109032
0.108753
0.10694
0.102127
0.0930775
0.0797807
0.0629218
0.044537
0.0273237
0.0153071
0.0143058
0.0214624
0.0229337
0.00663888
-0.00761609
-0.0182296
-0.0269421
-0.0327914
-0.034922
-0.0352712
0.082958
0.0827204
0.081562
0.0784724
0.0724592
0.0632635
0.0509798
0.0365902
0.0216987
0.00889523
0.00412791
0.0096493
0.0127818
-0.00363842
-0.0190902
-0.0279942
-0.0331601
-0.036126
-0.0371025
-0.0375873
0.0604691
0.0603458
0.0595828
0.0575621
0.0535465
0.0470608
0.0378996
0.026205
0.0121957
-0.00394334
-0.0192725
-0.0283126
-0.0324312
-0.0416529
-0.0459709
-0.045489
-0.0445613
-0.0435646
-0.0437193
-0.0443692
0.041761
0.0416818
0.0411977
0.0398959
0.0372243
0.0326529
0.0256843
0.0157834
0.00208262
-0.0187587
-0.0498675
-0.0886116
-0.107053
-0.098892
-0.0829234
-0.0703655
-0.063006
-0.0602221
-0.0597408
-0.0601419
0.0266324
0.0265766
0.0262704
0.0254666
0.0237809
0.0207087
0.0156492
0.00774032
-0.00519249
-0.02846
-0.0716344
-0.133791
-0.162865
-0.13757
-0.105197
-0.0871799
-0.0795284
-0.0770547
-0.0760717
-0.0759249
0.0147344
0.0146986
0.014526
0.0141212
0.0131824
0.0113266
0.00798338
0.00234679
-0.00718312
-0.0269726
-0.067986
-0.131208
-0.151991
-0.120691
-0.092795
-0.080438
-0.0776056
-0.0776064
-0.0762666
-0.0754877
0.00551271
0.00555973
0.00550554
0.00542795
0.0052112
0.00472528
0.00370096
0.00176945
-0.00162867
-0.00807627
-0.0232118
-0.0533956
-0.0788296
-0.0662057
-0.0514003
-0.043816
-0.0433929
-0.0453637
-0.0453669
-0.0438605
-0.707167
-0.143375
0.176791
0.391516
0.555285
0.680012
0.779716
0.865366
0.974027
0.972309
0.0988536
0.245862
0.405997
0.543078
0.655766
0.746988
0.822093
0.879457
0.902991
0.907258
0.361931
0.460964
0.567982
0.661054
0.740323
0.806314
0.858938
0.895986
0.919156
0.936303
0.548366
0.616591
0.690495
0.756809
0.814164
0.86235
0.901133
0.930904
0.954379
0.973115
0.688221
0.739205
0.790818
0.84033
0.883621
0.920896
0.952203
0.977919
0.999508
1.01788
0.80148
0.838625
0.879865
0.918642
0.953767
0.984831
1.01178
1.03446
1.05352
1.07132
0.898762
0.928919
0.964266
0.997389
1.02826
1.05619
1.08063
1.10114
1.11778
1.13516
0.988119
1.01656
1.04995
1.08154
1.11108
1.13782
1.16103
1.1801
1.19451
1.21164
1.07843
1.10938
1.14446
1.17705
1.20685
1.23329
1.25574
1.27366
1.2862
1.30346
1.18196
1.21768
1.25557
1.28967
1.31961
1.34524
1.36643
1.383
1.39456
1.41239
1.31104
1.35007
1.3882
1.42124
1.44915
1.47268
1.49226
1.50773
1.51953
1.53778
1.47213
1.50814
1.5402
1.56696
1.58975
1.61023
1.62882
1.64484
1.65853
1.6764
1.6568
1.68184
1.7017
1.72019
1.73783
1.75457
1.77043
1.78641
1.80353
1.82267
1.84346
1.8543
1.86702
1.88156
1.89517
1.90724
1.91814
1.92948
1.94488
1.96431
2.02535
2.03878
2.04384
2.04485
2.04682
2.05418
2.06788
2.08547
2.09921
2.11055
2.29421
2.24363
2.19616
2.16458
2.15152
2.15607
2.17931
2.22437
2.29106
2.38518
0.754356
0.751348
0.745289
0.734363
0.721873
0.710564
0.701508
0.694755
0.690297
0.688411
0.689654
0.693651
0.699823
0.708115
0.71862
0.730942
0.743297
0.75201
0.756523
0.758689
0.682656
0.689304
0.694552
0.69817
0.699284
0.697651
0.6942
0.690412
0.687436
0.686136
0.687232
0.690283
0.694383
0.698616
0.701652
0.702186
0.699871
0.695495
0.689203
0.683379
0.672539
0.675501
0.678865
0.681356
0.683117
0.684303
0.684533
0.683791
0.682737
0.682299
0.683177
0.684932
0.686614
0.687413
0.687006
0.68576
0.683866
0.681001
0.677668
0.67538
0.66648
0.667904
0.670117
0.672391
0.674116
0.675313
0.676207
0.6768
0.677081
0.677409
0.678124
0.678904
0.679266
0.679079
0.678469
0.677339
0.675536
0.673319
0.671572
0.670488
0.661101
0.66192
0.663385
0.665161
0.666904
0.668383
0.669526
0.670476
0.671325
0.672113
0.672804
0.6732
0.673223
0.67288
0.672079
0.670813
0.669305
0.667794
0.66678
0.666113
0.656027
0.656581
0.657665
0.659081
0.660596
0.662106
0.663505
0.664724
0.665832
0.666873
0.667661
0.668031
0.667986
0.667504
0.666644
0.665578
0.664429
0.663363
0.662678
0.662209
0.651125
0.65154
0.652406
0.653619
0.654952
0.656367
0.657827
0.659257
0.660603
0.661862
0.662817
0.663267
0.663224
0.662779
0.662083
0.661264
0.66039
0.659599
0.659098
0.658741
0.646327
0.646653
0.647368
0.648432
0.649672
0.651023
0.652475
0.654011
0.655572
0.657083
0.658255
0.658851
0.658941
0.658682
0.658206
0.657597
0.656942
0.656366
0.655994
0.655709
0.641545
0.64181
0.642419
0.643382
0.644563
0.645882
0.647351
0.648973
0.65072
0.652509
0.653962
0.654803
0.655135
0.655114
0.654863
0.654471
0.654017
0.653613
0.653337
0.653101
0.636689
0.636909
0.637444
0.638347
0.639492
0.640814
0.642338
0.644078
0.64603
0.648128
0.649941
0.651123
0.651761
0.652009
0.651997
0.651834
0.651569
0.651316
0.651115
0.650914
0.631666
0.631854
0.632339
0.633211
0.634357
0.635725
0.637343
0.639249
0.641461
0.643932
0.646192
0.647792
0.648791
0.649348
0.649603
0.649666
0.649594
0.649477
0.649337
0.649161
0.626387
0.62655
0.627006
0.627878
0.629067
0.630524
0.632283
0.634416
0.63696
0.639899
0.642702
0.644801
0.646221
0.647133
0.647685
0.647977
0.648115
0.648124
0.648036
0.647876
0.620754
0.620899
0.621345
0.622245
0.623518
0.62511
0.627073
0.629505
0.632473
0.635995
0.639456
0.642149
0.644064
0.645379
0.646266
0.646845
0.647183
0.647308
0.647262
0.647114
0.614658
0.61479
0.615241
0.6162
0.6176
0.619382
0.621621
0.624439
0.627942
0.632183
0.636442
0.639844
0.642342
0.644129
0.645395
0.646285
0.646849
0.647093
0.647085
0.646943
0.607969
0.608091
0.608563
0.609612
0.611186
0.613223
0.61582
0.61913
0.623303
0.628425
0.633649
0.637898
0.641088
0.64343
0.645134
0.646377
0.647194
0.64756
0.647588
0.647448
0.600532
0.600648
0.601151
0.602325
0.60413
0.606495
0.609547
0.61348
0.618483
0.624681
0.63107
0.636331
0.640338
0.643335
0.645563
0.647219
0.648313
0.648807
0.648867
0.648725
0.59215
0.592265
0.592807
0.594151
0.596239
0.599025
0.60266
0.607373
0.613405
0.620919
0.628708
0.635174
0.640145
0.64391
0.646768
0.648901
0.650308
0.650937
0.651027
0.65088
0.582515
0.582642
0.583278
0.584817
0.587284
0.590614
0.594985
0.600679
0.607987
0.617107
0.626575
0.634464
0.640573
0.645242
0.648838
0.651525
0.653286
0.654059
0.654176
0.65402
0.57134
0.571466
0.572219
0.574034
0.576979
0.581006
0.586313
0.593244
0.602141
0.613218
0.624693
0.634253
0.64169
0.647423
0.651862
0.655203
0.657358
0.658278
0.658418
0.65825
0.558138
0.558281
0.559195
0.561371
0.564939
0.56987
0.576386
0.584892
0.59577
0.609228
0.623083
0.634597
0.643566
0.650523
0.655953
0.660036
0.662615
0.66368
0.663837
0.663652
0.542258
0.54244
0.543584
0.546252
0.550654
0.556792
0.5649
0.575442
0.588807
0.605155
0.621807
0.63557
0.646277
0.65463
0.661181
0.666094
0.669119
0.670317
0.670478
0.670275
0.522763
0.523021
0.524514
0.527885
0.53345
0.541251
0.551511
0.56472
0.581222
0.601058
0.620953
0.637253
0.64991
0.659816
0.667595
0.673417
0.676879
0.67818
0.67833
0.678106
0.498232
0.498635
0.500683
0.505128
0.512425
0.522626
0.535879
0.552628
0.57307
0.597062
0.620651
0.639748
0.654528
0.666125
0.67522
0.681978
0.685821
0.687172
0.687293
0.687048
0.46636
0.467062
0.470082
0.47636
0.486442
0.500261
0.517766
0.539201
0.564524
0.593372
0.621069
0.64317
0.660186
0.673559
0.684042
0.691659
0.695763
0.697086
0.697155
0.696892
0.423012
0.42443
0.429526
0.439419
0.454353
0.473773
0.497276
0.524774
0.555973
0.590324
0.62244
0.647652
0.666949
0.682087
0.693937
0.702242
0.706387
0.707579
0.707578
0.707307
0.360473
0.364939
0.375583
0.392613
0.415798
0.4436
0.475101
0.510025
0.547971
0.588292
0.624972
0.65329
0.674801
0.691621
0.704609
0.713298
0.717211
0.718123
0.718042
0.717782
0.286084
0.294156
0.313568
0.341195
0.374989
0.412218
0.452308
0.495142
0.540384
0.587427
0.629569
0.661817
0.686179
0.705072
0.719317
0.728234
0.731849
0.732595
0.732568
0.73244
0.211432
0.224813
0.25334
0.291389
0.335236
0.381771
0.430464
0.481283
0.533934
0.587848
0.635613
0.671898
0.699193
0.720284
0.735869
0.74458
0.747559
0.748072
0.748069
0.748033
0.149423
0.166639
0.200841
0.246704
0.298754
0.35348
0.410099
0.468482
0.528242
0.58876
0.641882
0.681954
0.711926
0.734789
0.751068
0.759811
0.762603
0.763047
0.76309
0.763103
0.0985696
0.117838
0.156497
0.208166
0.266632
0.328122
0.391596
0.456772
0.523112
0.589876
0.648096
0.691743
0.724202
0.748782
0.766023
0.774817
0.777564
0.7782
0.778285
0.778344
0.055942
0.0764582
0.118447
0.174733
0.238499
0.305651
0.375035
0.446251
0.518604
0.591195
0.654249
0.701316
0.736189
0.762468
0.780633
0.78986
0.792944
0.793672
0.793775
0.793867
0.0192479
0.0405589
0.0852033
0.145233
0.213457
0.2855
0.360081
0.436701
0.514549
0.592585
0.660229
0.710588
0.747796
0.775739
0.794921
0.804852
0.808245
0.809048
0.80916
0.809245
-0.0131772
0.00869114
0.0554899
0.118668
0.190686
0.266999
0.346216
0.427747
0.51069
0.593857
0.665883
0.719402
0.758851
0.788386
0.808566
0.819191
0.822879
0.823782
0.82388
0.82396
-0.0425604
-0.0202848
0.0283349
0.0942201
0.169537
0.249616
0.333003
0.419038
0.506731
0.594769
0.671006
0.727564
0.769142
0.800141
0.821311
0.832547
0.836563
0.837498
0.837577
0.837639
-0.0698766
-0.0471746
0.00303795
0.0712717
0.149519
0.232947
0.320096
0.410263
0.50241
0.595115
0.675451
0.734957
0.778572
0.810944
0.83296
0.844683
0.848978
0.849941
0.850004
0.850043
-0.0956503
-0.0725047
-0.0208992
0.0493949
0.130257
0.216682
0.307235
0.401212
0.497552
0.594751
0.679123
0.741539
0.787124
0.820766
0.843456
0.855496
0.859981
0.860982
0.861022
0.861031
-0.120318
-0.0966561
-0.043939
0.02831
0.111488
0.200604
0.294254
0.391739
0.492019
0.593574
0.681955
0.747313
0.794837
0.829644
0.852913
0.865158
0.869681
0.870661
0.870695
0.870672
-0.144161
-0.120033
-0.0662125
0.00780066
0.0930484
0.184581
0.281032
0.381745
0.485722
0.59149
0.683913
0.7523
0.80181
0.837739
0.861446
0.873737
0.878228
0.879184
0.879188
0.879137
-0.167363
-0.142717
-0.0878173
-0.0122598
0.0748394
0.168531
0.267508
0.371176
0.478613
0.588447
0.684954
0.756525
0.808147
0.845207
0.869233
0.881468
0.885827
0.886719
0.886687
0.886611
-0.189997
-0.164815
-0.108876
-0.0319344
0.0568141
0.152434
0.253675
0.360019
0.470656
0.584394
0.685031
0.760004
0.813966
0.852231
0.87647
0.888476
0.892615
0.893398
0.893331
0.893234
-0.212062
-0.186406
-0.129461
-0.0512475
0.0389685
0.136292
0.239548
0.348296
0.461858
0.5793
0.684086
0.762728
0.819363
0.858986
0.883339
0.894907
0.898679
0.899292
0.899176
0.899063
-0.233617
-0.207447
-0.149556
-0.0701863
0.021327
0.120144
0.225175
0.336054
0.452263
0.573155
0.68206
0.764646
0.824373
0.865665
0.890104
0.900944
0.904089
0.904456
0.904297
0.904179
-0.254582
-0.227906
-0.169123
-0.0887259
0.00392672
0.104055
0.210626
0.323366
0.441925
0.565968
0.678879
0.76566
0.828967
0.87243
0.89713
0.906964
0.909073
0.908983
0.908765
0.908668
-0.274974
-0.247749
-0.188161
-0.106823
-0.0131702
0.0880856
0.195985
0.310328
0.430916
0.557786
0.674487
0.765635
0.833025
0.879336
0.904861
0.913673
0.914159
0.91305
0.91265
0.912664
-0.294704
-0.26698
-0.206623
-0.124442
-0.0299146
0.0723116
0.181325
0.297013
0.419341
0.548681
0.668849
0.764399
0.836323
0.886207
0.913564
0.92211
0.920726
0.917575
0.915983
0.915846
-0.313841
-0.28557
-0.224469
-0.141532
-0.0462352
0.0568157
0.166766
0.283555
0.407323
0.538739
0.661967
0.761767
0.838549
0.892564
0.922901
0.933002
0.931207
0.925363
0.918514
0.901931
-0.332321
-0.303511
-0.241834
-0.158295
-0.0624212
0.0412772
0.1519
0.269509
0.394366
0.527457
0.653325
0.757189
0.839384
0.897992
0.932091
0.946083
0.946477
0.939517
0.925124
0.940098
-0.350265
-0.320783
-0.258656
-0.174704
-0.0783947
0.0257522
0.136732
0.254899
0.380458
0.514727
0.642701
0.750021
0.838061
0.901363
0.937989
0.955258
0.959014
0.948959
0.888081
0.872544
-0.368266
-0.337985
-0.274684
-0.190434
-0.093584
0.0106841
0.121475
0.239984
0.365881
0.500742
0.630077
0.739806
0.833546
0.901791
0.935715
0.952401
0.9465
0.909771
0.842295
0.801782
-0.386997
-0.356092
-0.289501
-0.205217
-0.10761
-0.00378413
0.106516
0.224933
0.35071
0.485504
0.615275
0.726291
0.823435
0.897855
0.947242
0.922658
0.892919
0.827314
0.755099
0.711493
0.035243
0.150332
0.271992
0.401511
0.534793
0.656238
0.757812
0.590694
-0.407174
-0.388425
-0.350269
-0.279201
-0.188798
-0.0896873
0.017428
0.13142
0.25228
0.38059
0.512785
0.633425
0.733848
0.814026
0.866474
0.819391
0.673956
0.583738
0.513398
-0.424312
-0.411336
-0.366992
-0.294541
-0.203728
-0.104362
0.00224848
0.115742
0.235722
0.362638
0.492616
0.609847
0.704085
0.771488
0.767771
0.660035
0.512907
0.404979
0.314647
-0.44702
-0.434375
-0.387058
-0.313559
-0.222729
-0.123055
-0.0164149
0.0967305
0.215748
0.341018
0.467858
0.579908
0.663312
0.71358
0.673163
0.509185
0.341782
0.207158
0.0883558
-0.469911
-0.457113
-0.408216
-0.333401
-0.242259
-0.142594
-0.0362633
0.0761381
0.193912
0.317082
0.440262
0.546239
0.622349
0.644514
0.557005
0.362812
0.164256
-0.0149681
-0.182078
-0.492015
-0.479701
-0.430022
-0.354077
-0.262546
-0.162905
-0.0570243
0.0544814
0.170823
0.291531
0.410535
0.509617
0.576192
0.559522
0.428378
0.226985
0.00813175
-0.198898
-0.386038
-0.514721
-0.502678
-0.452699
-0.376032
-0.284194
-0.18451
-0.0790097
0.0316523
0.146493
0.264575
0.379127
0.470692
0.522972
0.484241
0.310826
0.113146
-0.0977455
-0.295299
-0.417452
-0.457039
-0.538752
-0.526848
-0.476612
-0.399556
-0.307605
-0.207987
-0.102938
0.00675667
0.119858
0.234902
0.344426
0.427908
0.464327
0.402027
0.205726
0.0168242
-0.162998
-0.298351
-0.34452
-0.368274
-0.56424
-0.552461
-0.502029
-0.424762
-0.332851
-0.233508
-0.129098
-0.0206467
0.0903571
0.201844
0.305616
0.380692
0.396392
0.296345
0.111864
-0.0626398
-0.214599
-0.29781
-0.318076
-0.323468
-0.591509
-0.579717
-0.529075
-0.451664
-0.359919
-0.261028
-0.157509
-0.0505909
0.0579433
0.165386
0.262664
0.329025
0.315443
0.194495
0.0245879
-0.139359
-0.258883
-0.303342
-0.303017
-0.304096
-0.620459
-0.60876
-0.557778
-0.480267
-0.388805
-0.290546
-0.188166
-0.0830732
0.0226109
0.125557
0.215768
0.271649
0.240979
0.0987322
-0.0560069
-0.208199
-0.274081
-0.292069
-0.293243
-0.292931
-0.65094
-0.639254
-0.588034
-0.510483
-0.419416
-0.322006
-0.221011
-0.118068
-0.0156133
0.0824254
0.165202
0.209042
0.174864
0.0154983
-0.129107
-0.243358
-0.293152
-0.286321
-0.286211
-0.286262
-0.682459
-0.6707
-0.619575
-0.542058
-0.451562
-0.355227
-0.255901
-0.15544
-0.0565824
0.036286
0.111262
0.145817
0.0967044
-0.0575476
-0.188805
-0.266793
-0.282913
-0.281818
-0.281919
-0.281734
-0.714501
-0.702667
-0.651811
-0.574565
-0.484867
-0.389874
-0.29254
-0.194903
-0.100027
-0.0124831
0.054751
0.0784868
0.0114447
-0.12068
-0.235134
-0.253111
-0.271021
-0.277826
-0.278735
-0.278619
-0.746072
-0.734253
-0.68388
-0.607361
-0.518759
-0.425447
-0.330468
-0.236008
-0.145436
-0.0634753
-0.00254718
0.00573463
-0.0625169
-0.177756
-0.255535
-0.303449
-0.285863
-0.280154
-0.277947
-0.277408
-0.775333
-0.76436
-0.714836
-0.639403
-0.552413
-0.461214
-0.36902
-0.278113
-0.192071
-0.115976
-0.059396
-0.0607162
-0.127441
-0.225838
-0.291606
-0.294014
-0.286403
-0.280097
-0.277311
-0.276329
-0.80151
-0.790839
-0.743292
-0.669438
-0.584722
-0.496189
-0.407308
-0.320388
-0.239034
-0.168736
-0.116465
-0.117033
-0.181035
-0.259776
-0.317003
-0.303768
-0.291932
-0.283975
-0.279743
-0.278358
-0.821924
-0.811927
-0.766866
-0.696002
-0.614308
-0.529192
-0.444221
-0.36179
-0.28534
-0.220483
-0.173406
-0.167536
-0.215268
-0.269889
-0.329921
-0.323773
-0.30438
-0.295219
-0.292257
-0.290494
-0.834565
-0.825637
-0.783844
-0.716977
-0.639501
-0.558795
-0.478518
-0.401092
-0.329909
-0.270245
-0.227272
-0.214032
-0.234889
-0.21372
-0.216306
-0.265804
-0.300144
-0.315639
-0.317421
-0.317096
-0.836758
-0.829491
-0.792142
-0.730534
-0.658474
-0.58342
-0.508768
-0.436991
-0.371542
-0.317004
-0.277305
-0.260684
-0.265961
-0.169246
-0.15556
-0.244988
-0.305841
-0.326509
-0.333029
-0.335784
-0.826706
-0.820877
-0.789388
-0.734759
-0.669695
-0.601529
-0.533533
-0.468119
-0.408811
-0.359935
-0.326573
-0.315231
-0.374741
-0.39041
-0.360739
-0.385233
-0.39105
-0.384276
-0.38218
-0.382076
-0.801053
-0.796944
-0.772941
-0.72819
-0.67209
-0.612052
-0.55159
-0.493002
-0.439973
-0.398235
-0.370343
-0.386859
-0.523343
-0.836789
-0.979527
-0.73636
-0.541027
-0.450887
-0.422508
-0.413591
-0.76305
-0.76052
-0.744792
-0.710989
-0.665703
-0.614798
-0.56225
-0.510467
-0.463063
-0.426633
-0.410975
-0.416993
-0.463915
-0.578138
-0.667544
-0.527173
-0.378284
-0.318203
-0.298336
-0.290765
-0.719332
-0.717725
-0.709896
-0.686934
-0.652659
-0.610783
-0.565824
-0.519849
-0.476595
-0.441587
-0.423907
-0.370492
-0.18424
0.130927
0.378666
0.301909
0.102165
-0.050513
-0.104674
-0.114547
-0.679775
-0.678739
-0.675126
-0.662221
-0.636817
-0.602559
-0.563814
-0.522104
-0.479844
-0.442761
-0.418547
-0.362461
-0.19825
0.0168233
0.186785
-0.0474475
-0.280231
-0.328905
-0.310246
-0.294029
-0.650771
-0.650198
-0.647768
-0.641212
-0.622802
-0.594337
-0.559048
-0.518839
-0.475957
-0.432858
-0.402392
-0.392925
-0.48289
-0.874502
-1.46313
-1.85916
-2.01161
-1.89666
-1.67593
-1.52027
-0.628909
-0.628432
-0.627428
-0.624906
-0.613185
-0.588444
-0.554056
-0.512988
-0.466223
-0.414722
-0.369559
-0.325316
-0.510472
-0.85188
-1.28184
-1.57177
-1.54575
-1.29192
-1.02585
-0.869542
-0.615672
-0.615522
-0.615069
-0.613573
-0.60748
-0.585569
-0.550507
-0.505914
-0.452518
-0.391543
-0.3172
-0.258555
-0.191104
-0.176007
-0.104981
-0.00123757
0.234782
0.514542
0.698731
0.782497
-0.606866
-0.606799
-0.60631
-0.605723
-0.60301
-0.585545
-0.549218
-0.49981
-0.44073
-0.367558
-0.275738
-0.173947
-0.024161
0.236209
0.622939
1.06365
1.46412
1.74949
1.89893
1.95279
-0.602901
-0.602743
-0.60213
-0.601072
-0.600022
-0.589
-0.551366
-0.497146
-0.430552
-0.347075
-0.241781
-0.116131
0.0512007
0.378411
0.868367
1.34675
1.74748
2.00533
2.12629
2.1628
-0.602466
-0.602719
-0.603676
-0.605658
-0.607286
-0.597478
-0.55695
-0.498842
-0.426198
-0.336704
-0.22638
-0.0995899
0.0256901
0.327941
0.768413
1.17894
1.51099
1.71221
1.8032
1.8288
-0.598019
-0.599042
-0.600772
-0.604359
-0.607253
-0.59751
-0.561417
-0.505395
-0.430538
-0.335586
-0.224823
-0.10756
0.000152149
0.224478
0.569005
0.872596
1.11524
1.25925
1.32078
1.33765
-0.606253
-0.606635
-0.601625
-0.585015
-0.56489
-0.562474
-0.561072
-0.518678
-0.44076
-0.341562
-0.235212
-0.12873
-0.0304064
0.123424
0.363203
0.569982
0.726773
0.816037
0.852962
0.862846
-0.656126
-0.653643
-0.643352
-0.618263
-0.593538
-0.59266
-0.601178
-0.548678
-0.457766
-0.351633
-0.247433
-0.154164
-0.0732171
0.040958
0.195861
0.320278
0.404428
0.448973
0.470445
0.479105
-0.763153
-0.760903
-0.776849
-0.808776
-0.821067
-0.80158
-0.736512
-0.607832
-0.477517
-0.35891
-0.258728
-0.181897
-0.121926
-0.0405346
0.0663148
0.146397
0.193073
0.215088
0.228565
0.235589
-0.886686
-0.892817
-0.930296
-0.973611
-0.988319
-0.957076
-0.836965
-0.649774
-0.485164
-0.357649
-0.262057
-0.201585
-0.164
-0.100453
-0.018077
0.0437023
0.0806699
0.100972
0.113129
0.118838
-0.873871
-0.884132
-0.91526
-0.950763
-0.964252
-0.92779
-0.796302
-0.612453
-0.455246
-0.334768
-0.252386
-0.207562
-0.184854
-0.131282
-0.0584496
-0.00205844
0.0383146
0.0651956
0.0772052
0.0812086
-0.652025
-0.664281
-0.694576
-0.733255
-0.7545
-0.724385
-0.61462
-0.487304
-0.374685
-0.286104
-0.223076
-0.190222
-0.177177
-0.12933
-0.0694661
-0.0216801
0.0136278
0.0368062
0.0476248
0.0501514
-0.307342
-0.315233
-0.333969
-0.36212
-0.388951
-0.390995
-0.362413
-0.316394
-0.266294
-0.218897
-0.178264
-0.152141
-0.13721
-0.0959961
-0.0523859
-0.0181878
0.00819641
0.0264614
0.0352096
0.0372606
-0.016798
-0.0206446
-0.0310643
-0.0530972
-0.0856529
-0.120747
-0.146165
-0.15922
-0.159565
-0.14683
-0.12583
-0.102713
-0.0784267
-0.0496763
-0.0255642
-0.00694728
0.00805658
0.018962
0.0242914
0.0250055
0.1394
0.13688
0.130567
0.112952
0.0799651
0.033888
-0.0130753
-0.0512789
-0.0753131
-0.0836028
-0.0757267
-0.056075
-0.0295941
-0.0135789
-0.00440265
0.00345101
0.0118333
0.0187755
0.0220838
0.0217232
0.185222
0.184104
0.180029
0.166698
0.139465
0.0992555
0.0546118
0.0128882
-0.0186954
-0.0360203
-0.0357536
-0.0202842
-0.000897665
0.00641559
0.006267
0.00887719
0.0140846
0.0178058
0.0186831
0.0173145
0.178572
0.177922
0.175096
0.165767
0.146302
0.116821
0.0816578
0.0459004
0.0156235
-0.0042132
-0.00875022
7.67208e-05
0.0108795
0.0102897
0.00626846
0.0047391
0.00486621
0.00432057
0.00227756
0.000821866
0.152868
0.152568
0.150726
0.144606
0.131568
0.111204
0.0854553
0.0576274
0.0321563
0.0135889
0.00708543
0.0116559
0.0159437
0.0101547
0.00139424
-0.00393706
-0.00898771
-0.0140807
-0.0182734
-0.019667
0.123318
0.123271
0.12211
0.11821
0.109704
0.0959699
0.0777607
0.0569425
0.0364708
0.0202722
0.0136212
0.0175245
0.0223634
0.0147788
0.000858198
-0.0104133
-0.0194454
-0.0269515
-0.0316654
-0.0325478
0.0954898
0.0954779
0.0948161
0.0923487
0.086819
0.0775782
0.0647626
0.0492979
0.0328916
0.0181405
0.010397
0.013578
0.021568
0.0134806
-0.00468079
-0.0174112
-0.0262293
-0.0327864
-0.0356919
-0.0363275
0.071151
0.0712269
0.0707315
0.069148
0.0655099
0.0592164
0.0500574
0.0382566
0.0244513
0.00976232
-0.00257243
-0.00745697
-0.00445802
-0.0112203
-0.0262087
-0.0330865
-0.0365102
-0.0384302
-0.0389424
-0.0394969
0.0505793
0.0506623
0.0503498
0.0493047
0.0469238
0.0426089
0.0359264
0.0266108
0.0143539
-0.0016417
-0.0224637
-0.045659
-0.064155
-0.0693928
-0.0669721
-0.0599937
-0.0544223
-0.0515969
-0.0508006
-0.0511002
0.0336888
0.0337582
0.0335396
0.0328768
0.0313602
0.0284565
0.0235617
0.0162984
0.00520615
-0.011792
-0.0410778
-0.0878963
-0.133888
-0.136295
-0.110595
-0.0881256
-0.0754262
-0.0705437
-0.069125
-0.0687994
0.0202369
0.020293
0.0201508
0.0197728
0.0188911
0.0170676
0.0138793
0.00865337
-6.09924e-05
-0.0161095
-0.0476794
-0.102958
-0.16481
-0.154671
-0.117868
-0.093874
-0.0838842
-0.0811552
-0.0800711
-0.0790119
0.00977433
0.00981873
0.00976043
0.00960557
0.00919985
0.00831389
0.00654472
0.00334035
-0.00218386
-0.0125028
-0.0353267
-0.0796644
-0.123481
-0.10663
-0.0807012
-0.067552
-0.0656064
-0.0662831
-0.0655555
-0.0641652
0.00555462
0.0055382
0.00546643
0.00534824
0.00502443
0.00429871
0.00287413
0.000274656
-0.00420032
-0.0141132
-0.0366073
-0.0714927
-0.0754536
-0.0597637
-0.0459069
-0.0430401
-0.0446388
-0.0457487
-0.0447191
-0.0163184
-0.355233
-0.0140512
0.203447
0.391786
0.543663
0.664255
0.760173
0.841699
0.901256
0.896725
0.140108
0.291097
0.4313
0.551992
0.654926
0.740573
0.810985
0.865764
0.899077
0.911296
0.401014
0.496719
0.589798
0.673494
0.746062
0.807693
0.858217
0.896825
0.924235
0.943044
0.579472
0.643381
0.710502
0.772249
0.825324
0.871071
0.909335
0.940247
0.965098
0.98297
0.715427
0.761434
0.813066
0.858643
0.899752
0.935886
0.967176
0.993617
1.01566
1.0311
0.826127
0.863355
0.903674
0.940329
0.974416
1.00533
1.03274
1.05626
1.07588
1.08868
0.922996
0.955141
0.989676
1.02272
1.05377
1.08237
1.10789
1.12966
1.14738
1.1578
1.01356
1.04467
1.0787
1.11182
1.14265
1.17081
1.1956
1.21635
1.2325
1.24106
1.10803
1.14271
1.17938
1.21468
1.24647
1.27463
1.29872
1.31841
1.33316
1.34111
1.22066
1.26093
1.30008
1.33681
1.36853
1.39554
1.41806
1.43626
1.44991
1.45897
1.36438
1.40702
1.44462
1.47826
1.50622
1.52996
1.55055
1.56792
1.58175
1.59287
1.54216
1.57972
1.6077
1.63201
1.65301
1.67227
1.6905
1.70763
1.72352
1.73802
1.73979
1.76081
1.77569
1.79147
1.80773
1.82302
1.83672
1.84998
1.86547
1.88382
1.93038
1.93754
1.94808
1.95962
1.96953
1.97872
1.98896
2.00005
2.01166
2.02051
2.14339
2.14516
2.13723
2.12072
2.10956
2.10899
2.12114
2.14574
2.17986
2.20439
2.56304
2.36915
2.2681
2.21022
2.18107
2.17444
2.18964
2.23046
2.30631
2.44926
-0.371286
-0.375802
-0.336182
-0.263866
-0.17276
-0.0727405
0.852021
0.917722
0.906738
0.822431
0.746492
0.671917
0.443661
0.22224
-0.0468451
-0.402233
-0.75019
)
;

boundaryField
{
    wall-4
    {
        type            zeroGradient;
    }
    pressure-outlet-7
    {
        type            fixedValue;
        value           uniform 0;
    }
    velocity-inlet-6
    {
        type            zeroGradient;
    }
    velocity-inlet-5
    {
        type            zeroGradient;
    }
    frontAndBackPlanes
    {
        type            empty;
    }
}


// ************************************************************************* //
