/*--------------------------------*- C++ -*----------------------------------*\
  =========                 |
  \\      /  F ield         | OpenFOAM: The Open Source CFD Toolbox
   \\    /   O peration     | Website:  https://openfoam.org
    \\  /    A nd           | Version:  9
     \\/     M anipulation  |
\*---------------------------------------------------------------------------*/
FoamFile
{
    format      ascii;
    class       volScalarField;
    location    "60";
    object      p;
}
// * * * * * * * * * * * * * * * * * * * * * * * * * * * * * * * * * * * * * //

dimensions      [0 2 -2 0 0 0 0];

internalField   nonuniform List<scalar> 
8800
(
0.785233
0.737447
0.698758
0.669765
0.648903
0.634077
0.623487
0.616016
0.611211
0.609173
0.610463
0.614671
0.621329
0.630654
0.643441
0.661179
0.68596
0.719903
0.762454
0.821156
0.616481
0.624159
0.631636
0.634946
0.633444
0.628369
0.621888
0.615818
0.611107
0.608281
0.608024
0.61055
0.615055
0.621012
0.62779
0.634075
0.637719
0.636985
0.631568
0.622879
0.594882
0.601041
0.605169
0.608115
0.610167
0.610775
0.609675
0.607581
0.60558
0.604694
0.60568
0.608082
0.610895
0.613086
0.6137
0.612506
0.610168
0.606778
0.60222
0.59846
0.589068
0.591719
0.594472
0.596876
0.598513
0.599679
0.600427
0.600556
0.600277
0.600251
0.601029
0.602221
0.603076
0.603152
0.60255
0.601464
0.599652
0.597084
0.594683
0.593179
0.583683
0.585108
0.586888
0.588921
0.590708
0.592053
0.593049
0.593859
0.594492
0.595083
0.595763
0.596283
0.5964
0.596124
0.595436
0.594193
0.592502
0.590657
0.589352
0.58852
0.578601
0.579522
0.580763
0.582331
0.583966
0.585495
0.586788
0.587868
0.588854
0.589777
0.5905
0.590854
0.590832
0.590406
0.589536
0.588343
0.587021
0.585764
0.584944
0.584392
0.573688
0.574358
0.57532
0.576624
0.578035
0.579497
0.580945
0.582282
0.583503
0.584645
0.585504
0.585903
0.585841
0.585348
0.584554
0.583614
0.582608
0.581689
0.581105
0.580699
0.568896
0.569413
0.570197
0.571328
0.572607
0.573985
0.57544
0.576928
0.578381
0.579755
0.580805
0.581311
0.581311
0.580945
0.580356
0.57964
0.578874
0.578195
0.577763
0.577445
0.564155
0.564566
0.565222
0.566229
0.567436
0.568768
0.570222
0.571794
0.573443
0.575083
0.576377
0.577075
0.577268
0.57712
0.576753
0.576248
0.575686
0.575199
0.574878
0.57462
0.559378
0.559712
0.560279
0.561207
0.562365
0.563682
0.565172
0.566842
0.568678
0.570607
0.572219
0.573211
0.57368
0.573784
0.573645
0.573363
0.572995
0.572668
0.572431
0.572214
0.554476
0.554754
0.555259
0.556141
0.557281
0.558622
0.560185
0.561995
0.564059
0.566322
0.568335
0.569705
0.570506
0.570897
0.571009
0.570951
0.570775
0.570588
0.570419
0.570231
0.549362
0.549595
0.550062
0.550927
0.552089
0.553498
0.555176
0.557179
0.559537
0.562215
0.564718
0.566543
0.56773
0.568452
0.568843
0.569017
0.569033
0.568975
0.568862
0.568695
0.543944
0.544142
0.544589
0.545468
0.546693
0.548213
0.550062
0.552325
0.555056
0.558256
0.561354
0.563719
0.565359
0.566457
0.567163
0.567581
0.567808
0.56787
0.567803
0.56765
0.538121
0.538291
0.538735
0.539656
0.540986
0.542669
0.544755
0.547358
0.550564
0.554409
0.558228
0.561239
0.563411
0.564941
0.566003
0.566718
0.567151
0.567329
0.567302
0.567158
0.531776
0.531922
0.532379
0.533372
0.534852
0.536757
0.539158
0.542195
0.545999
0.550637
0.555329
0.559111
0.561914
0.563953
0.56542
0.566455
0.567125
0.567425
0.567436
0.567296
0.524771
0.524892
0.525376
0.526473
0.528155
0.530353
0.533156
0.536746
0.541293
0.5469
0.552648
0.557352
0.560903
0.563541
0.565487
0.566893
0.567825
0.56825
0.568294
0.568154
0.516926
0.517025
0.517552
0.51879
0.520732
0.5233
0.526618
0.530903
0.536371
0.543164
0.550185
0.555988
0.56042
0.563765
0.566283
0.568121
0.569346
0.569903
0.569979
0.569836
0.508015
0.508116
0.508697
0.510092
0.512365
0.515416
0.519388
0.524546
0.531157
0.539399
0.547948
0.555056
0.560528
0.564701
0.567898
0.570241
0.571797
0.572492
0.572598
0.572448
0.497728
0.49781
0.498482
0.500102
0.502809
0.506478
0.511278
0.517533
0.525565
0.535577
0.545956
0.5546
0.561296
0.566444
0.570417
0.573355
0.575286
0.576128
0.57626
0.576099
0.485697
0.485764
0.486535
0.488467
0.491731
0.496196
0.502054
0.509701
0.519501
0.531666
0.544226
0.554674
0.562792
0.569075
0.573951
0.577581
0.57992
0.580911
0.581063
0.580888
0.471369
0.471425
0.472338
0.474685
0.478686
0.484197
0.491437
0.500868
0.512884
0.527669
0.542805
0.555347
0.565088
0.57268
0.5786
0.583006
0.585782
0.586916
0.58708
0.586888
0.453984
0.454028
0.455155
0.458084
0.463095
0.470022
0.479102
0.490856
0.50566
0.523618
0.541766
0.556695
0.568277
0.577336
0.584422
0.589691
0.592914
0.594172
0.594336
0.594123
0.432387
0.432429
0.433903
0.437713
0.444178
0.453099
0.464702
0.479524
0.497845
0.519613
0.541224
0.558817
0.572434
0.583118
0.591455
0.597654
0.601295
0.602638
0.602784
0.60255
0.404847
0.404909
0.406969
0.412197
0.420918
0.432766
0.447925
0.466821
0.489533
0.515803
0.541318
0.561817
0.577618
0.590039
0.599727
0.606834
0.610815
0.612177
0.612284
0.612028
0.368338
0.368499
0.371764
0.379608
0.392133
0.408451
0.428678
0.452926
0.481014
0.512473
0.542266
0.565829
0.583897
0.598105
0.609174
0.617077
0.621245
0.622535
0.622579
0.622306
0.317068
0.318043
0.324533
0.337745
0.356883
0.380112
0.407323
0.438333
0.47276
0.509984
0.544291
0.570978
0.591314
0.607255
0.619625
0.628109
0.63224
0.633353
0.633322
0.633038
0.242135
0.249386
0.264396
0.287656
0.316657
0.349143
0.384897
0.423699
0.465161
0.508643
0.547797
0.577845
0.600632
0.618476
0.632118
0.641008
0.644968
0.64589
0.645813
0.645566
0.161577
0.178741
0.203067
0.237031
0.276272
0.31815
0.362514
0.409299
0.458203
0.508645
0.553569
0.587813
0.613637
0.633783
0.648948
0.658024
0.661498
0.662145
0.662088
0.661931
0.0944421
0.11466
0.146688
0.189743
0.238032
0.288761
0.34148
0.396108
0.452318
0.509521
0.55995
0.598122
0.626781
0.648905
0.664979
0.673878
0.677004
0.677579
0.677576
0.677468
0.039463
0.0613348
0.0988691
0.148352
0.203797
0.261989
0.322103
0.383925
0.446995
0.510647
0.566324
0.608191
0.639425
0.66326
0.68025
0.689275
0.69233
0.692963
0.692996
0.692915
-0.00630105
0.016749
0.0580663
0.112653
0.173847
0.238201
0.304667
0.372896
0.442269
0.511966
0.572621
0.617996
0.651687
0.677218
0.695192
0.704652
0.707946
0.708472
0.708527
0.708474
-0.0451178
-0.0214026
0.0227765
0.0814068
0.147438
0.21704
0.289032
0.36296
0.438071
0.513397
0.578766
0.627505
0.663582
0.690789
0.709799
0.719914
0.723393
0.723961
0.724027
0.724003
-0.0790106
-0.0548603
-0.00841599
0.0535484
0.123666
0.197832
0.27472
0.353788
0.434183
0.514789
0.584641
0.636606
0.674975
0.703831
0.723826
0.734564
0.738361
0.739015
0.739104
0.7391
-0.109473
-0.0849404
-0.0366512
0.0281624
0.101804
0.179969
0.261252
0.345019
0.430322
0.515917
0.590051
0.645105
0.685651
0.716016
0.737001
0.748311
0.752428
0.753235
0.753328
0.753331
-0.137469
-0.112591
-0.0627247
0.00454492
0.0812878
0.163
0.248236
0.336305
0.4262
0.516549
0.594822
0.652853
0.695467
0.727226
0.749099
0.760928
0.765315
0.766252
0.766332
0.766327
-0.163798
-0.138529
-0.0872072
-0.0178237
0.0616856
0.14656
0.235368
0.327398
0.421605
0.516521
0.598842
0.659779
0.704375
0.737441
0.760036
0.772247
0.776835
0.777851
0.777923
0.777902
-0.188838
-0.163166
-0.110613
-0.03928
0.0426859
0.130398
0.222444
0.318125
0.416388
0.515714
0.602038
0.665883
0.712407
0.746668
0.769836
0.782332
0.787012
0.788068
0.78812
0.788075
-0.213009
-0.186824
-0.133241
-0.0600706
0.0240803
0.114336
0.209325
0.308363
0.410435
0.514029
0.604365
0.671175
0.719645
0.755043
0.778716
0.791285
0.79599
0.797041
0.79706
0.796993
-0.236449
-0.209839
-0.155148
-0.0803651
0.00573854
0.0982761
0.195921
0.298043
0.403681
0.511407
0.605792
0.67569
0.726199
0.762713
0.786749
0.799301
0.803942
0.80495
0.804956
0.804867
-0.259291
-0.232185
-0.17647
-0.100257
-0.0124028
0.0821711
0.182202
0.28713
0.396089
0.507793
0.606274
0.679454
0.732176
0.769863
0.794173
0.806565
0.811037
0.811961
0.811924
0.811813
-0.281669
-0.25401
-0.197304
-0.119779
-0.0303763
0.0660122
0.168175
0.275635
0.38765
0.503148
0.605759
0.682466
0.73769
0.776659
0.801145
0.813211
0.817378
0.818159
0.818072
0.81794
-0.303611
-0.275307
-0.217685
-0.138939
-0.0481564
0.0498224
0.153876
0.263594
0.378385
0.497445
0.604186
0.684693
0.742798
0.78328
0.807881
0.819374
0.823042
0.823609
0.823473
0.823331
-0.324964
-0.29605
-0.23755
-0.157717
-0.0657179
0.0336606
0.139359
0.251071
0.368344
0.490698
0.601483
0.686062
0.7475
0.789908
0.814682
0.82531
0.828162
0.828387
0.828198
0.82806
-0.34571
-0.316216
-0.256891
-0.176073
-0.0830084
0.0175803
0.12471
0.238141
0.357598
0.482926
0.597599
0.686455
0.751725
0.79666
0.821963
0.831542
0.833062
0.832594
0.832307
0.832226
-0.365919
-0.335771
-0.275685
-0.193979
-0.0999694
0.00166041
0.11001
0.224902
0.346235
0.474189
0.592481
0.685718
0.755298
0.80348
0.830111
0.838962
0.838631
0.83664
0.835962
0.836171
-0.385422
-0.354698
-0.293879
-0.211378
-0.116546
-0.0140194
0.0953521
0.21146
0.334365
0.464576
0.586116
0.683673
0.757948
0.810035
0.839135
0.848587
0.846841
0.842437
0.839902
0.839555
-0.404316
-0.372985
-0.311493
-0.2283
-0.132771
-0.0295014
0.0806807
0.197761
0.321925
0.454015
0.578368
0.680044
0.759374
0.815818
0.848418
0.860729
0.860122
0.853491
0.845554
0.831605
-0.422526
-0.39062
-0.328642
-0.244948
-0.148924
-0.04511
0.0655903
0.183336
0.308393
0.441889
0.568612
0.674075
0.759044
0.820142
0.856299
0.873296
0.87442
0.86169
0.841741
0.830354
-0.439881
-0.407742
-0.345134
-0.261122
-0.164656
-0.060507
0.050303
0.168502
0.294067
0.428445
0.556896
0.665267
0.756095
0.821828
0.858624
0.875459
0.879095
0.855466
0.787871
0.757577
-0.455718
-0.425602
-0.360647
-0.276339
-0.179175
-0.0751942
0.0351334
0.153487
0.279161
0.413802
0.543137
0.653289
0.749051
0.820166
0.850333
0.861894
0.850083
0.795373
0.726255
0.683756
-0.510995
-0.441354
-0.374704
-0.291731
-0.19411
-0.0906356
0.020013
0.138006
0.263301
0.397494
0.526706
0.637455
0.733954
0.811582
0.815342
0.816976
0.765978
0.694838
0.617892
0.575084
-0.472458
-0.456478
-0.395694
-0.311685
-0.216213
-0.112793
-0.0031815
0.114144
0.238426
0.371171
0.498441
0.607574
0.696335
0.778962
0.764348
0.649317
0.543029
0.46911
0.395305
0.425415
-0.503171
-0.473931
-0.412246
-0.329069
-0.233607
-0.130314
-0.0204452
0.0962289
0.219424
0.350342
0.474787
0.579681
0.65879
0.702846
0.65327
0.502765
0.373884
0.281808
0.182719
0.232399
-0.526815
-0.494642
-0.431751
-0.348428
-0.25285
-0.149665
-0.0398906
0.0759356
0.197709
0.326197
0.446857
0.545503
0.615703
0.625082
0.517273
0.34333
0.189792
0.0703652
-0.0610861
-0.028447
-0.54994
-0.516239
-0.45217
-0.367926
-0.272271
-0.169243
-0.0600039
0.0548418
0.174996
0.300668
0.416581
0.507332
0.562227
0.539866
0.380259
0.183163
-0.00769688
-0.175978
-0.364666
-0.383305
-0.572466
-0.538315
-0.473355
-0.388335
-0.292542
-0.189743
-0.0811655
0.0325747
0.15085
0.273303
0.383757
0.466538
0.501741
0.443099
0.249888
0.0388144
-0.178784
-0.368249
-0.610271
-0.907581
-0.595281
-0.561122
-0.495622
-0.410116
-0.31414
-0.211516
-0.103531
0.009067
0.125352
0.244319
0.34901
0.423221
0.437236
0.327514
0.136455
-0.0739017
-0.278496
-0.451014
-0.520567
-0.599533
-0.619338
-0.585111
-0.519312
-0.433579
-0.337556
-0.235202
-0.127903
-0.0166224
0.0973534
0.212302
0.310814
0.373909
0.362901
0.219527
0.035659
-0.155665
-0.318837
-0.411984
-0.436161
-0.452062
-0.644941
-0.610584
-0.544594
-0.458798
-0.362916
-0.261007
-0.154637
-0.0449777
0.0662687
0.176549
0.2684
0.317292
0.288587
0.119263
-0.0556679
-0.22192
-0.348747
-0.387974
-0.400866
-0.402191
-0.672288
-0.637714
-0.57153
-0.485768
-0.390169
-0.288934
-0.183748
-0.0760469
0.0320349
0.137068
0.221359
0.255834
0.207462
0.0266533
-0.139207
-0.288031
-0.364412
-0.381596
-0.382936
-0.382747
-0.701438
-0.666563
-0.600142
-0.514484
-0.419328
-0.318968
-0.215239
-0.109842
-0.00533538
0.0939416
0.16977
0.192469
0.107975
-0.0579564
-0.21549
-0.338115
-0.374933
-0.373305
-0.372411
-0.371807
-0.732101
-0.696942
-0.630321
-0.544852
-0.4503
-0.351051
-0.249074
-0.146334
-0.0458055
0.0472766
0.114516
0.120325
0.0172721
-0.136653
-0.276089
-0.351691
-0.362277
-0.365174
-0.365945
-0.365679
-0.763722
-0.728407
-0.661806
-0.576639
-0.482893
-0.38502
-0.285097
-0.185389
-0.0891965
-0.0025705
0.0560483
0.0469134
-0.0642645
-0.203621
-0.320537
-0.352336
-0.360525
-0.361953
-0.361788
-0.361533
-0.795825
-0.760396
-0.694145
-0.609442
-0.516758
-0.420548
-0.323025
-0.226715
-0.135232
-0.0549032
-0.0066218
-0.0223921
-0.139056
-0.25875
-0.351909
-0.367502
-0.359734
-0.358856
-0.358804
-0.358588
-0.827507
-0.792169
-0.72644
-0.642659
-0.551339
-0.457153
-0.362401
-0.269837
-0.183442
-0.109137
-0.070591
-0.0858582
-0.204035
-0.303036
-0.355186
-0.365013
-0.360989
-0.358638
-0.357614
-0.357248
-0.857178
-0.82254
-0.757711
-0.675356
-0.585855
-0.494125
-0.402561
-0.314074
-0.233018
-0.164738
-0.129363
-0.15626
-0.254732
-0.343078
-0.350524
-0.36263
-0.36218
-0.358201
-0.35662
-0.355907
-0.883219
-0.84967
-0.786815
-0.706314
-0.619251
-0.530509
-0.442625
-0.35857
-0.282865
-0.220888
-0.185361
-0.223224
-0.294706
-0.356867
-0.392856
-0.375893
-0.365722
-0.36197
-0.360739
-0.359907
-0.903484
-0.871657
-0.811675
-0.734097
-0.650213
-0.565128
-0.481479
-0.402267
-0.331922
-0.276365
-0.243482
-0.27983
-0.319365
-0.353104
-0.397131
-0.385799
-0.382029
-0.383639
-0.383295
-0.382155
-0.915688
-0.886572
-0.830328
-0.756798
-0.677202
-0.596608
-0.517855
-0.443899
-0.379131
-0.329891
-0.299865
-0.335288
-0.340078
-0.309996
-0.328067
-0.38597
-0.42029
-0.429597
-0.428178
-0.428448
-0.917148
-0.892104
-0.840785
-0.772549
-0.698462
-0.623481
-0.550301
-0.48207
-0.423188
-0.380221
-0.349101
-0.402094
-0.442426
-0.399871
-0.419169
-0.452526
-0.461515
-0.459472
-0.458231
-0.459032
-0.90568
-0.885503
-0.840829
-0.779691
-0.712439
-0.644133
-0.577358
-0.515174
-0.462365
-0.425468
-0.398085
-0.473542
-0.623152
-0.806041
-0.727763
-0.587706
-0.509988
-0.481303
-0.472229
-0.469437
-0.879184
-0.863982
-0.82861
-0.776926
-0.71807
-0.65745
-0.59761
-0.541516
-0.49428
-0.462646
-0.435983
-0.488217
-0.598111
-0.83445
-0.756609
-0.546315
-0.440962
-0.409528
-0.399126
-0.394685
-0.840125
-0.830301
-0.804833
-0.764377
-0.71527
-0.663076
-0.610174
-0.559759
-0.516345
-0.487844
-0.461108
-0.37355
-0.191648
-0.0624401
-0.0933262
-0.169037
-0.237306
-0.263258
-0.266297
-0.264422
-0.79515
-0.789573
-0.77432
-0.744786
-0.705968
-0.66176
-0.615371
-0.569083
-0.527485
-0.496188
-0.462769
-0.293744
0.011668
0.415725
0.359906
0.0787979
-0.130024
-0.227267
-0.263027
-0.272914
-0.75405
-0.750675
-0.743285
-0.723624
-0.693161
-0.655754
-0.614426
-0.570948
-0.528132
-0.494061
-0.472513
-0.435956
-0.519735
-0.696614
-0.937215
-1.16742
-1.17792
-1.0418
-0.8924
-0.868697
-0.723843
-0.721677
-0.717865
-0.705647
-0.681424
-0.648547
-0.609858
-0.566554
-0.520931
-0.480369
-0.460414
-0.591565
-1.09091
-1.8948
-2.52065
-2.59573
-2.36584
-2.03045
-1.76183
-1.65531
-0.700842
-0.699993
-0.69871
-0.692558
-0.673676
-0.64303
-0.604066
-0.558224
-0.506995
-0.447166
-0.400389
-0.397907
-0.591977
-0.757894
-0.836926
-0.766381
-0.540928
-0.327195
-0.189804
-0.134678
-0.687515
-0.687169
-0.686529
-0.683692
-0.669863
-0.640115
-0.598581
-0.548606
-0.487804
-0.41564
-0.340078
-0.251778
-0.134048
0.127899
0.450104
0.811296
1.11948
1.29936
1.37534
1.39638
-0.678875
-0.678524
-0.677592
-0.676448
-0.668333
-0.640233
-0.595693
-0.53956
-0.472176
-0.388383
-0.281095
-0.169775
0.06663
0.525202
1.02222
1.48325
1.8199
1.9852
2.04865
2.06234
-0.675556
-0.675235
-0.67451
-0.674352
-0.67033
-0.644585
-0.595847
-0.534314
-0.459511
-0.362067
-0.246901
-0.124042
0.110867
0.562722
1.03902
1.46238
1.7574
1.9048
1.95409
1.96292
-0.674842
-0.675563
-0.677645
-0.68064
-0.678916
-0.651532
-0.599767
-0.534526
-0.452919
-0.352906
-0.237919
-0.116341
0.0610216
0.440377
0.814096
1.1416
1.3671
1.47547
1.51015
1.51616
-0.670287
-0.671192
-0.672499
-0.673605
-0.671895
-0.650084
-0.60609
-0.540458
-0.455005
-0.352544
-0.244124
-0.135934
-0.00270576
0.277304
0.548907
0.763511
0.905902
0.972453
0.997851
1.00429
-0.682427
-0.679884
-0.665802
-0.638475
-0.624427
-0.636248
-0.618735
-0.553497
-0.463518
-0.360042
-0.260565
-0.167542
-0.0635275
0.130547
0.312741
0.445708
0.529223
0.57181
0.594225
0.602782
-0.73752
-0.732198
-0.719047
-0.699827
-0.691773
-0.698752
-0.663141
-0.577323
-0.473896
-0.367062
-0.278568
-0.207915
-0.134209
0.0199239
0.158663
0.253425
0.31585
0.351116
0.370729
0.377319
-0.853677
-0.864671
-0.895832
-0.925086
-0.919429
-0.874988
-0.751503
-0.610257
-0.480922
-0.371469
-0.290958
-0.235447
-0.179778
-0.0602887
0.0511169
0.136891
0.197143
0.232384
0.248689
0.252852
-0.961526
-0.984079
-1.0268
-1.05559
-1.04617
-0.975968
-0.800989
-0.620435
-0.475845
-0.365402
-0.290599
-0.246178
-0.206499
-0.101134
-0.00595075
0.0649684
0.119937
0.152319
0.165846
0.167762
-0.908287
-0.930776
-0.966795
-0.994727
-0.98625
-0.9044
-0.734595
-0.572892
-0.440867
-0.340962
-0.274365
-0.235101
-0.196605
-0.115863
-0.0419461
0.0134044
0.0551159
0.0786845
0.0877268
0.0891459
-0.64926
-0.668772
-0.702738
-0.734792
-0.736774
-0.674378
-0.566758
-0.461389
-0.372081
-0.297674
-0.242077
-0.20178
-0.159937
-0.107672
-0.0590333
-0.0185733
0.0130917
0.0315087
0.0389705
0.0387607
-0.303808
-0.314355
-0.335591
-0.363647
-0.384586
-0.379795
-0.358763
-0.324598
-0.286137
-0.243701
-0.203217
-0.164445
-0.127983
-0.0957752
-0.0657804
-0.0384841
-0.0170144
-0.00405129
0.000327186
-0.000434207
-0.0434248
-0.048074
-0.0621458
-0.0886811
-0.125425
-0.163381
-0.189976
-0.20412
-0.203488
-0.188805
-0.164406
-0.136735
-0.113031
-0.0960677
-0.0757599
-0.0562945
-0.0406677
-0.0319633
-0.029564
-0.0311415
0.080721
0.0783343
0.068333
0.0446249
0.00546066
-0.0421561
-0.0861275
-0.119955
-0.139357
-0.143063
-0.132623
-0.116745
-0.10637
-0.100868
-0.0893602
-0.0770767
-0.0671339
-0.0628465
-0.0628153
-0.0645749
0.11095
0.109306
0.101944
0.083521
0.0516733
0.0108096
-0.0315558
-0.0689073
-0.095947
-0.10953
-0.108969
-0.102749
-0.100879
-0.104117
-0.102135
-0.0996956
-0.0984835
-0.101094
-0.102802
-0.103863
0.0993571
0.0981904
0.0930495
0.0800903
0.0572293
0.0265441
-0.00810028
-0.0416475
-0.0697845
-0.088368
-0.0935023
-0.0910576
-0.0927795
-0.102246
-0.1106
-0.117853
-0.125396
-0.132149
-0.135179
-0.135683
0.0750037
0.0742156
0.0707533
0.0619897
0.0461774
0.023981
-0.00290036
-0.0310881
-0.0573862
-0.0779385
-0.0866198
-0.0849303
-0.084908
-0.101042
-0.118687
-0.131535
-0.141947
-0.148975
-0.151388
-0.15178
0.0499922
0.0494812
0.0471593
0.041252
0.0303436
0.0143639
-0.00618277
-0.0296252
-0.0541946
-0.0773023
-0.0925982
-0.0963039
-0.097291
-0.116045
-0.132526
-0.144184
-0.152035
-0.156251
-0.157603
-0.158104
0.0287494
0.0283626
0.0267868
0.022735
0.0150746
0.00335367
-0.0126541
-0.0325562
-0.0561294
-0.0837458
-0.111949
-0.135411
-0.147896
-0.157923
-0.161834
-0.162812
-0.163829
-0.164204
-0.164632
-0.165276
0.0126281
0.012333
0.0111932
0.00836432
0.00285959
-0.00591534
-0.0186222
-0.0357896
-0.058754
-0.0909928
-0.135444
-0.188964
-0.218499
-0.21174
-0.195244
-0.184662
-0.179858
-0.178731
-0.178574
-0.178873
0.00172677
0.00150908
0.000681201
-0.00130684
-0.00522334
-0.0118196
-0.0218847
-0.0364959
-0.0579302
-0.0921645
-0.146057
-0.218516
-0.254865
-0.232342
-0.206645
-0.19386
-0.189887
-0.18939
-0.188848
-0.188569
-0.00434785
-0.00451346
-0.00510124
-0.00645841
-0.00916157
-0.0139229
-0.0216067
-0.0334506
-0.051817
-0.0826858
-0.133222
-0.198912
-0.222358
-0.199752
-0.181755
-0.177322
-0.179209
-0.180789
-0.180109
-0.17939
-0.00625731
-0.00637751
-0.00676043
-0.00755505
-0.00926113
-0.0124058
-0.0176802
-0.0260992
-0.0395021
-0.0621157
-0.0978974
-0.138298
-0.144428
-0.134324
-0.12893
-0.134088
-0.140775
-0.14346
-0.142994
-0.142007
-0.0048709
-0.00492408
-0.00509236
-0.00548542
-0.00633801
-0.00800039
-0.0108898
-0.015596
-0.0231012
-0.0356764
-0.0530042
-0.0670999
-0.0648556
-0.0603984
-0.0660709
-0.0751728
-0.0816905
-0.0837397
-0.0833396
-0.0829062
-0.00127965
-0.00125534
-0.00128845
-0.00127373
-0.00120612
-0.00127434
-0.00162341
-0.00231647
-0.00345261
-0.00518737
-0.00711702
-0.00670067
-0.00972874
-0.00943067
-0.0121066
-0.0162703
-0.0171207
-0.0154684
-0.0156782
-0.0158431
-0.136814
0.0297611
0.224111
0.393735
0.529125
0.635573
0.723505
0.798407
0.83262
0.809363
0.164885
0.285301
0.414819
0.526687
0.620893
0.698779
0.761841
0.806639
0.829065
0.841192
0.383047
0.465621
0.554138
0.632257
0.699416
0.755602
0.800298
0.832973
0.856619
0.874635
0.543402
0.602518
0.663907
0.72084
0.770331
0.812371
0.846919
0.874497
0.897242
0.915563
0.668521
0.711504
0.757353
0.801037
0.839641
0.87337
0.902253
0.926306
0.946663
0.964511
0.772641
0.805442
0.843479
0.878948
0.911517
0.940723
0.966253
0.987721
1.00556
1.02291
0.865065
0.893715
0.927635
0.959728
0.989642
1.01679
1.04052
1.06022
1.07572
1.0928
0.953579
0.982756
1.01673
1.04875
1.07833
1.10491
1.12776
1.14624
1.1596
1.17663
1.04885
1.08204
1.11866
1.15223
1.18226
1.20844
1.23038
1.24766
1.25952
1.27692
1.16382
1.20163
1.24027
1.2745
1.30384
1.32858
1.34895
1.36484
1.3763
1.39437
1.30874
1.34728
1.38341
1.41409
1.43977
1.46186
1.48091
1.49644
1.50886
1.52686
1.48381
1.51543
1.5416
1.56405
1.58402
1.60274
1.62045
1.63693
1.65228
1.67034
1.67242
1.68962
1.70465
1.72088
1.73678
1.75131
1.76452
1.77844
1.79598
1.81614
1.85413
1.86367
1.87521
1.88602
1.8953
1.90488
1.91566
1.92703
1.93839
1.95375
2.06137
2.06503
2.05008
2.03527
2.02899
2.03467
2.05315
2.08346
2.11563
2.14229
2.36769
2.23282
2.15618
2.1138
2.09637
2.10034
2.12774
2.18415
2.28677
2.51113
0.675831
0.673703
0.66922
0.660596
0.648373
0.636247
0.626021
0.618131
0.612521
0.609278
0.608937
0.611687
0.616801
0.62403
0.633422
0.644964
0.657616
0.668652
0.674765
0.677819
0.600281
0.606128
0.612462
0.616955
0.619427
0.619105
0.616371
0.612566
0.609064
0.606816
0.606683
0.608893
0.612565
0.61686
0.620672
0.622558
0.621623
0.618143
0.61298
0.60636
0.591851
0.594147
0.597551
0.600548
0.602625
0.604123
0.604882
0.604571
0.603554
0.602684
0.602874
0.604314
0.606139
0.607451
0.607635
0.606748
0.605201
0.602866
0.599604
0.596684
0.586332
0.587418
0.589251
0.59163
0.593655
0.595085
0.59611
0.596868
0.597279
0.597515
0.598022
0.598844
0.599451
0.599525
0.599117
0.598272
0.596804
0.594722
0.592637
0.591254
0.581118
0.581781
0.582889
0.584595
0.586378
0.588012
0.589312
0.590334
0.591228
0.592033
0.592781
0.593348
0.593552
0.593393
0.592831
0.59178
0.590354
0.588813
0.587496
0.586717
0.576129
0.576589
0.577375
0.578674
0.580162
0.581682
0.583151
0.584456
0.585604
0.586676
0.587612
0.588198
0.588355
0.58809
0.587398
0.586413
0.58529
0.58416
0.583246
0.582729
0.571283
0.571627
0.572238
0.573307
0.574602
0.575979
0.577422
0.578875
0.580261
0.58156
0.582693
0.583404
0.583596
0.58333
0.582738
0.581966
0.581119
0.580255
0.579585
0.579207
0.566527
0.566795
0.567288
0.568197
0.569368
0.570667
0.572066
0.573562
0.575116
0.576656
0.57803
0.578922
0.57924
0.579131
0.578746
0.578192
0.577549
0.576913
0.576424
0.576135
0.561779
0.561992
0.562402
0.563201
0.564291
0.565541
0.566931
0.568474
0.57016
0.571938
0.573599
0.574753
0.575311
0.575442
0.575287
0.574953
0.574517
0.574073
0.573723
0.573497
0.556951
0.557122
0.557474
0.558199
0.559243
0.560472
0.561889
0.563517
0.565359
0.567392
0.569396
0.570906
0.571785
0.572203
0.5723
0.572195
0.57197
0.571698
0.571464
0.571285
0.551955
0.552093
0.552403
0.553083
0.554111
0.555364
0.556847
0.5586
0.560653
0.562996
0.56542
0.567374
0.568639
0.56939
0.569771
0.569911
0.569895
0.56979
0.569655
0.56951
0.546701
0.546812
0.547094
0.547755
0.5488
0.550122
0.551717
0.553649
0.555979
0.558716
0.561656
0.564143
0.565865
0.566999
0.567705
0.568109
0.568308
0.568373
0.568324
0.568206
0.541093
0.541182
0.541448
0.542114
0.543213
0.544646
0.546405
0.548586
0.55127
0.554506
0.558081
0.561208
0.56347
0.565049
0.566117
0.566832
0.567274
0.567496
0.567522
0.567426
0.535025
0.535093
0.535352
0.536046
0.537236
0.538828
0.540816
0.543324
0.546462
0.550319
0.554669
0.558566
0.561469
0.563571
0.565056
0.566117
0.566825
0.567218
0.567316
0.567237
0.528367
0.528415
0.528675
0.529419
0.530742
0.532548
0.534839
0.537765
0.541477
0.546104
0.551398
0.55622
0.559886
0.562604
0.56458
0.566026
0.567044
0.567621
0.56779
0.567725
0.520965
0.520995
0.521261
0.522078
0.523578
0.525663
0.528341
0.531799
0.53623
0.541803
0.548243
0.554178
0.558749
0.562194
0.564751
0.566659
0.568024
0.5688
0.56904
0.568985
0.512626
0.512642
0.51291
0.513824
0.515558
0.517989
0.521165
0.525298
0.530627
0.537365
0.545194
0.552459
0.558104
0.562402
0.565645
0.568106
0.569867
0.570859
0.571171
0.571124
0.50304
0.503026
0.503355
0.504411
0.506429
0.509314
0.513126
0.518108
0.524558
0.532733
0.542245
0.551089
0.558
0.563305
0.567352
0.570461
0.572677
0.573909
0.574293
0.57425
0.491921
0.491883
0.492256
0.493506
0.495896
0.49937
0.50399
0.51005
0.517906
0.527851
0.539392
0.55011
0.558501
0.564984
0.569975
0.573825
0.576569
0.578058
0.578512
0.578469
0.478788
0.478723
0.479175
0.480678
0.483553
0.487793
0.493461
0.500905
0.510534
0.522661
0.53664
0.549561
0.55967
0.567512
0.573605
0.578309
0.581641
0.583397
0.583915
0.583867
0.462993
0.462898
0.463475
0.465329
0.468856
0.474122
0.481181
0.490432
0.502324
0.517146
0.534033
0.549513
0.561587
0.570974
0.578321
0.58399
0.587964
0.589988
0.590555
0.590497
0.443601
0.443479
0.444258
0.446627
0.45107
0.45776
0.466717
0.478379
0.493183
0.511333
0.531659
0.55006
0.564342
0.575449
0.584174
0.590922
0.595566
0.597833
0.598427
0.59835
0.419196
0.419058
0.42017
0.423338
0.429168
0.437944
0.449594
0.464534
0.483097
0.505316
0.529643
0.551317
0.568013
0.581002
0.591202
0.599114
0.6044
0.606853
0.607438
0.607335
0.387479
0.387362
0.389085
0.393635
0.401763
0.413782
0.42938
0.448818
0.472194
0.499304
0.528188
0.553432
0.57269
0.58766
0.599429
0.608498
0.614321
0.616856
0.617387
0.61725
0.344302
0.344347
0.34741
0.35484
0.367229
0.38454
0.405982
0.431481
0.460848
0.493663
0.527575
0.556583
0.578473
0.59545
0.608767
0.618916
0.62506
0.627513
0.627939
0.627768
0.281914
0.283112
0.290599
0.30445
0.324619
0.350342
0.380009
0.413228
0.449691
0.488871
0.528095
0.560922
0.585405
0.604314
0.619055
0.629998
0.636183
0.638316
0.638575
0.638381
0.207924
0.209677
0.224004
0.247786
0.278861
0.314523
0.353168
0.394615
0.438675
0.484862
0.530241
0.567789
0.595627
0.616985
0.63344
0.645182
0.651248
0.653134
0.653356
0.653256
0.131576
0.137743
0.1589
0.192901
0.234364
0.279667
0.327251
0.376981
0.428738
0.482065
0.53378
0.5762
0.607481
0.631401
0.64976
0.662074
0.667631
0.669056
0.669208
0.669177
0.0691233
0.0775892
0.103308
0.14431
0.193911
0.247447
0.303096
0.360582
0.419678
0.479868
0.537658
0.584682
0.619164
0.645345
0.664994
0.677651
0.683124
0.684379
0.684555
0.684581
0.01833
0.0273915
0.0566525
0.102885
0.158631
0.218802
0.28127
0.345603
0.411404
0.478035
0.541593
0.592987
0.630461
0.65874
0.679784
0.692958
0.698293
0.699781
0.70005
0.700119
-0.0241798
-0.0148368
0.0168701
0.0670952
0.127885
0.193561
0.261819
0.332149
0.403992
0.476564
0.545546
0.6011
0.641443
0.671786
0.694192
0.708017
0.713775
0.71551
0.715802
0.715886
-0.0607673
-0.0513131
-0.017768
0.0356577
0.100619
0.170995
0.244299
0.319937
0.397245
0.475309
0.549405
0.608926
0.652039
0.684368
0.708104
0.722877
0.729108
0.731003
0.731329
0.731409
-0.093102
-0.0836115
-0.0486552
0.00747411
0.0759297
0.150355
0.228121
0.30854
0.390867
0.474059
0.553001
0.616317
0.662079
0.696297
0.721345
0.736897
0.743704
0.745775
0.746121
0.746189
-0.122464
-0.112933
-0.0768189
-0.0183565
0.0530953
0.131068
0.212806
0.297567
0.384524
0.472541
0.556113
0.623077
0.671373
0.70736
0.73362
0.749931
0.757253
0.759462
0.759813
0.759845
-0.149728
-0.14015
-0.103018
-0.0425459
0.0315767
0.11269
0.197978
0.286685
0.37794
0.470529
0.558578
0.629091
0.67982
0.717476
0.744803
0.761718
0.769473
0.771808
0.772166
0.77218
-0.175457
-0.165819
-0.127732
-0.0655632
0.0109657
0.0948769
0.183362
0.275673
0.370923
0.467863
0.560274
0.634297
0.687407
0.726647
0.754911
0.772302
0.780278
0.782722
0.783083
0.783072
-0.200153
-0.190359
-0.15142
-0.0876807
-0.00901201
0.0773962
0.168769
0.26437
0.363341
0.464423
0.561114
0.638671
0.694175
0.734932
0.764057
0.781795
0.789847
0.792288
0.792655
0.792618
-0.224065
-0.214053
-0.174369
-0.109104
-0.0285377
0.0600961
0.154074
0.252677
0.355095
0.460124
0.561042
0.642203
0.700185
0.742478
0.77234
0.790271
0.798314
0.800719
0.801052
0.800991
-0.247302
-0.237084
-0.196621
-0.129985
-0.0477283
0.0429033
0.139212
0.240539
0.346138
0.454905
0.560001
0.644891
0.705501
0.749415
0.779968
0.797978
0.805894
0.8082
0.80848
0.808394
-0.270033
-0.259518
-0.218307
-0.150402
-0.0666356
0.0257742
0.124164
0.227944
0.336459
0.448741
0.557937
0.646711
0.710195
0.755901
0.787127
0.805058
0.812726
0.814862
0.81507
0.814961
-0.292219
-0.281433
-0.239498
-0.170399
-0.0852684
0.0087159
0.108955
0.214922
0.326071
0.441614
0.554803
0.647615
0.714304
0.762065
0.794002
0.81169
0.818905
0.82077
0.820874
0.820738
-0.313923
-0.302835
-0.260129
-0.189963
-0.103613
-0.00824331
0.0936208
0.201524
0.315022
0.433542
0.550557
0.647531
0.717805
0.768019
0.80083
0.818093
0.824549
0.825975
0.825955
0.825803
-0.334979
-0.323659
-0.280197
-0.209057
-0.121627
-0.025037
0.0782237
0.187818
0.30338
0.424577
0.545171
0.646375
0.720621
0.773814
0.807891
0.824667
0.829972
0.830619
0.830383
0.830229
-0.355526
-0.343864
-0.299692
-0.227666
-0.139281
-0.0416291
0.0628521
0.17388
0.29123
0.414794
0.53865
0.644042
0.722603
0.779384
0.815407
0.832007
0.835836
0.835041
0.834242
0.834089
-0.375402
-0.363429
-0.318588
-0.245747
-0.1565
-0.0579376
0.0475848
0.159829
0.278678
0.404252
0.53103
0.640424
0.72355
0.784506
0.823343
0.84076
0.843468
0.840467
0.838023
0.837126
-0.394671
-0.382398
-0.336831
-0.26325
-0.173249
-0.0738946
0.0325038
0.145743
0.265832
0.393087
0.522378
0.635415
0.723223
0.78879
0.831188
0.851022
0.854416
0.849935
0.843458
0.835151
-0.413248
-0.400728
-0.354514
-0.280332
-0.189733
-0.089768
0.0172823
0.131232
0.252259
0.380811
0.512176
0.628475
0.721145
0.791899
0.838295
0.862118
0.869022
0.864689
0.854236
0.849067
-0.431088
-0.418343
-0.371623
-0.296964
-0.205962
-0.105552
0.00193191
0.116276
0.237908
0.367302
0.500221
0.619209
0.716523
0.793038
0.842678
0.869778
0.879019
0.878452
0.840576
0.788758
-0.447902
-0.434463
-0.388011
-0.313075
-0.222034
-0.121403
-0.013602
0.100988
0.222834
0.352612
0.48643
0.607356
0.708225
0.791573
0.842066
0.865041
0.873863
0.854644
0.797981
0.735905
-0.46401
-0.449685
-0.403564
-0.327971
-0.237451
-0.136864
-0.0295426
0.0854201
0.207179
0.336907
0.470819
0.592664
0.694986
0.787963
0.833939
0.870974
0.833979
0.784075
0.712321
0.645266
-0.449939
-0.431796
-0.381451
-0.301534
-0.204749
-0.10126
0.0114111
0.129192
0.25419
0.38799
0.516842
0.627525
0.722611
0.81981
0.853028
0.770032
0.716231
0.648192
0.574006
0.5255
-0.474158
-0.457819
-0.421754
-0.351201
-0.261087
-0.161679
-0.0540457
0.0603421
0.18146
0.310148
0.442601
0.563315
0.664057
0.749141
0.823033
0.808993
0.682388
0.594975
0.529528
0.446391
-0.493844
-0.478236
-0.436562
-0.364685
-0.274063
-0.175055
-0.0685189
0.044956
0.165135
0.292471
0.423362
0.542161
0.639794
0.713363
0.739017
0.656946
0.513596
0.415274
0.338459
0.25038
-0.514036
-0.501491
-0.455322
-0.382359
-0.291654
-0.192186
-0.0856862
0.0274938
0.14679
0.27265
0.400759
0.515039
0.603193
0.662813
0.638356
0.503549
0.349267
0.230157
0.131034
-0.00476274
-0.53737
-0.524431
-0.47614
-0.401959
-0.311101
-0.211523
-0.105162
0.00744796
0.125648
0.249621
0.374305
0.482948
0.561628
0.599987
0.539414
0.354596
0.172273
0.0188792
-0.121797
-0.317928
-0.559719
-0.547105
-0.497644
-0.422171
-0.33089
-0.231375
-0.125424
-0.0136661
0.10317
0.224845
0.345607
0.447773
0.518987
0.52154
0.411444
0.213073
0.000109399
-0.199611
-0.374141
-0.763603
-0.582167
-0.569889
-0.519914
-0.443512
-0.351876
-0.252349
-0.146823
-0.0359482
0.0793869
0.198484
0.314893
0.409747
0.469174
0.439104
0.287283
0.0869403
-0.129859
-0.340636
-0.518865
-0.79206
-0.605557
-0.593417
-0.543204
-0.466234
-0.374366
-0.274819
-0.169681
-0.0596777
0.0540803
0.170391
0.28212
0.369227
0.413448
0.366438
0.176283
-0.0169017
-0.213764
-0.380105
-0.452004
-0.490788
-0.630378
-0.61836
-0.567898
-0.490627
-0.398728
-0.299346
-0.194758
-0.0858658
0.025974
0.138987
0.245347
0.324091
0.351696
0.269547
0.0775173
-0.103544
-0.267422
-0.373381
-0.411161
-0.420276
-0.65684
-0.644831
-0.594168
-0.516708
-0.424907
-0.325883
-0.222072
-0.114565
-0.00502569
0.104168
0.204419
0.27461
0.275517
0.164006
-0.0127473
-0.17998
-0.318801
-0.373999
-0.386069
-0.390961
-0.685132
-0.673026
-0.622093
-0.544494
-0.452902
-0.35443
-0.251626
-0.145815
-0.0389537
0.0659654
0.159406
0.220229
0.19654
0.0654217
-0.0966546
-0.25373
-0.352405
-0.381068
-0.37728
-0.377335
-0.714959
-0.703043
-0.651638
-0.573948
-0.482675
-0.384941
-0.283406
-0.179602
-0.0757932
0.0243926
0.110597
0.159891
0.127341
-0.0250927
-0.172737
-0.31019
-0.350541
-0.363147
-0.368207
-0.368475
-0.746162
-0.734246
-0.682582
-0.604898
-0.514088
-0.417309
-0.317315
-0.215845
-0.115482
-0.0203714
0.058214
0.096555
0.0578544
-0.102514
-0.239681
-0.334655
-0.379235
-0.366636
-0.364007
-0.363759
-0.778215
-0.766273
-0.714601
-0.637006
-0.546847
-0.451278
-0.353118
-0.25433
-0.157806
-0.0679879
0.00266896
0.032581
-0.0267022
-0.169948
-0.293365
-0.343271
-0.359067
-0.360247
-0.360482
-0.360311
-0.81037
-0.798471
-0.746858
-0.669711
-0.580486
-0.486422
-0.390449
-0.294699
-0.202388
-0.118089
-0.0546515
-0.039282
-0.106421
-0.228467
-0.32629
-0.350115
-0.355462
-0.358597
-0.358342
-0.358193
-0.841365
-0.829914
-0.778456
-0.702283
-0.614294
-0.522116
-0.428726
-0.336389
-0.248597
-0.170189
-0.112022
-0.110255
-0.174841
-0.279009
-0.351876
-0.398598
-0.372153
-0.3608
-0.35754
-0.356741
-0.869719
-0.858767
-0.80832
-0.733345
-0.6473
-0.557495
-0.467163
-0.378645
-0.295602
-0.223294
-0.16938
-0.172069
-0.236445
-0.312515
-0.375999
-0.364796
-0.363731
-0.360536
-0.358292
-0.357439
-0.893709
-0.883451
-0.834495
-0.761688
-0.678234
-0.591421
-0.504728
-0.420502
-0.342414
-0.276044
-0.227479
-0.227749
-0.286222
-0.331132
-0.370798
-0.380525
-0.374873
-0.370515
-0.368873
-0.368126
-0.910941
-0.901608
-0.854974
-0.785361
-0.705549
-0.622606
-0.540178
-0.460778
-0.387935
-0.327303
-0.284647
-0.2818
-0.327042
-0.324419
-0.311018
-0.363104
-0.390645
-0.403499
-0.405703
-0.404272
-0.919317
-0.910803
-0.867626
-0.802394
-0.727413
-0.649463
-0.572159
-0.498077
-0.430907
-0.375984
-0.338662
-0.336008
-0.38373
-0.340884
-0.318293
-0.383518
-0.430652
-0.446887
-0.44694
-0.445719
-0.914446
-0.907478
-0.870734
-0.810855
-0.742057
-0.67036
-0.599122
-0.530992
-0.4698
-0.420816
-0.390851
-0.393002
-0.485268
-0.572701
-0.55405
-0.52497
-0.498331
-0.479035
-0.471772
-0.46984
-0.894952
-0.890188
-0.861339
-0.809337
-0.748114
-0.683913
-0.619663
-0.55796
-0.50267
-0.45992
-0.438437
-0.449384
-0.549742
-0.806181
-0.950991
-0.714351
-0.550074
-0.483034
-0.460369
-0.452513
-0.861299
-0.857863
-0.838226
-0.796832
-0.745061
-0.689453
-0.632787
-0.577582
-0.527539
-0.489515
-0.471698
-0.452563
-0.423367
-0.425033
-0.472644
-0.400981
-0.355862
-0.339015
-0.330175
-0.325929
-0.818069
-0.815885
-0.804655
-0.775413
-0.733935
-0.687426
-0.638395
-0.58904
-0.543222
-0.50645
-0.485254
-0.41526
-0.171116
0.182056
0.358975
0.181106
-0.0601243
-0.194278
-0.227054
-0.237395
-0.773784
-0.772498
-0.766855
-0.74952
-0.718417
-0.679617
-0.637554
-0.593072
-0.548987
-0.510992
-0.484247
-0.417461
-0.259307
-0.0533242
0.0767178
-0.127558
-0.300292
-0.382016
-0.39603
-0.405786
-0.737526
-0.736839
-0.733964
-0.72385
-0.701737
-0.670093
-0.632757
-0.591042
-0.547424
-0.505329
-0.476634
-0.481089
-0.688062
-1.23644
-1.91565
-2.32384
-2.3695
-2.16238
-1.93132
-1.72052
-0.711386
-0.710593
-0.709003
-0.704864
-0.689327
-0.662274
-0.626724
-0.585409
-0.539035
-0.488837
-0.449312
-0.413884
-0.680327
-1.11728
-1.56462
-1.71208
-1.56811
-1.32335
-1.08299
-0.905913
-0.693478
-0.693177
-0.692491
-0.690542
-0.6816
-0.657635
-0.621996
-0.578198
-0.526041
-0.466671
-0.395684
-0.340788
-0.31783
-0.289255
-0.164744
-0.014509
0.257836
0.49196
0.631406
0.706076
-0.682658
-0.682551
-0.682057
-0.681112
-0.67678
-0.656352
-0.619561
-0.571411
-0.513869
-0.443103
-0.356419
-0.267763
-0.134927
0.161237
0.595594
1.05219
1.44733
1.69596
1.80224
1.83822
-0.676544
-0.676377
-0.675665
-0.67465
-0.673199
-0.658397
-0.620563
-0.567417
-0.502557
-0.422129
-0.321457
-0.199235
-0.0338264
0.325679
0.83191
1.31544
1.71407
1.94948
2.05137
2.07759
-0.675458
-0.675471
-0.675645
-0.676079
-0.676302
-0.665696
-0.62506
-0.567173
-0.495957
-0.409055
-0.301134
-0.176763
-0.0428254
0.287445
0.731043
1.14088
1.46974
1.66157
1.74056
1.75927
-0.67226
-0.673077
-0.67508
-0.679108
-0.682456
-0.671382
-0.630339
-0.571552
-0.497488
-0.404604
-0.296357
-0.179815
-0.0711332
0.186747
0.527004
0.823897
1.05596
1.18783
1.24011
1.25433
-0.670853
-0.671741
-0.66975
-0.662576
-0.654436
-0.650004
-0.630479
-0.581832
-0.504625
-0.407897
-0.305224
-0.201128
-0.105216
0.0760254
0.316205
0.513641
0.652808
0.729359
0.764784
0.779214
-0.704912
-0.703833
-0.691928
-0.662595
-0.63516
-0.637245
-0.649303
-0.603779
-0.518235
-0.416612
-0.316418
-0.226935
-0.154502
-0.0168836
0.155547
0.287459
0.375055
0.425275
0.453691
0.467988
-0.79023
-0.786258
-0.790658
-0.800477
-0.805097
-0.7931
-0.754668
-0.650799
-0.53535
-0.42251
-0.325229
-0.25202
-0.200858
-0.0958544
0.0402868
0.147246
0.223275
0.270036
0.295976
0.306756
-0.921843
-0.925117
-0.957395
-1.00175
-1.01605
-0.986483
-0.873542
-0.701084
-0.546185
-0.422176
-0.32669
-0.265186
-0.228098
-0.140497
-0.0301463
0.0607072
0.128259
0.175314
0.1992
0.207279
-0.959975
-0.970068
-1.00342
-1.03811
-1.05048
-1.01255
-0.880166
-0.690044
-0.528552
-0.404616
-0.316314
-0.263618
-0.232934
-0.159426
-0.0660933
0.00769286
0.0640096
0.102896
0.12126
0.126913
-0.798472
-0.809624
-0.840958
-0.878122
-0.89631
-0.859551
-0.733589
-0.589222
-0.46263
-0.36272
-0.287986
-0.238728
-0.20547
-0.149826
-0.080239
-0.0277749
0.0144108
0.0432916
0.0575715
0.0610879
-0.471004
-0.480169
-0.501571
-0.531683
-0.555237
-0.546757
-0.495456
-0.427477
-0.360519
-0.300134
-0.246097
-0.202311
-0.165697
-0.123945
-0.0822117
-0.0448355
-0.0151213
0.00629584
0.0163444
0.0193218
-0.154661
-0.159311
-0.171142
-0.193884
-0.224501
-0.250544
-0.264139
-0.264708
-0.253336
-0.230618
-0.199898
-0.167111
-0.133723
-0.108686
-0.0849676
-0.0578332
-0.0374531
-0.0226931
-0.0156905
-0.0153606
0.0356549
0.0333826
0.0266592
0.00849558
-0.0244515
-0.069121
-0.11268
-0.145974
-0.165044
-0.168535
-0.157191
-0.136118
-0.115432
-0.104094
-0.0904345
-0.0738504
-0.0590249
-0.0489736
-0.0453529
-0.0460778
0.104557
0.103282
0.098861
0.0845713
0.055625
0.0134714
-0.0323525
-0.0740002
-0.104955
-0.122021
-0.12358
-0.114326
-0.1054
-0.104373
-0.100347
-0.0924806
-0.0850458
-0.0816642
-0.0820576
-0.0833652
0.108421
0.10764
0.104471
0.0941117
0.0726555
0.0404802
0.0025934
-0.0355675
-0.0682109
-0.0909206
-0.100372
-0.0985841
-0.0954859
-0.100483
-0.105468
-0.107623
-0.111097
-0.115615
-0.119652
-0.121082
0.0879159
0.0874916
0.0853063
0.0782376
0.0634009
0.0404604
0.0116299
-0.0196398
-0.0492906
-0.07339
-0.0870957
-0.0883799
-0.0857185
-0.0931291
-0.107722
-0.119863
-0.130302
-0.139052
-0.144446
-0.145438
0.0622386
0.0620496
0.0605689
0.0558329
0.0457587
0.0296658
0.00829158
-0.0166285
-0.0425827
-0.0665774
-0.0837494
-0.0887926
-0.0853465
-0.0950716
-0.116048
-0.131316
-0.142558
-0.150705
-0.154508
-0.155283
0.0387524
0.0386717
0.0376577
0.0344615
0.027563
0.016175
0.000247878
-0.0196546
-0.0425918
-0.0675832
-0.0910542
-0.107836
-0.11396
-0.12453
-0.140457
-0.14941
-0.15497
-0.1586
-0.160005
-0.160631
0.019979
0.0199524
0.0191858
0.0169698
0.0121514
0.00390772
-0.00822389
-0.0245387
-0.0453897
-0.0718144
-0.104332
-0.142923
-0.176209
-0.186631
-0.182825
-0.176287
-0.172839
-0.171185
-0.17089
-0.171235
0.00649315
0.00649001
0.00593432
0.00435221
0.000948465
-0.00512428
-0.0144809
-0.0279656
-0.0467275
-0.0739684
-0.115133
-0.174963
-0.234319
-0.240166
-0.215803
-0.197138
-0.188497
-0.18598
-0.185473
-0.185181
-0.00193357
-0.00193651
-0.00235024
-0.00345205
-0.00582086
-0.010192
-0.0173281
-0.0282093
-0.0445073
-0.0698934
-0.112497
-0.177319
-0.24109
-0.236226
-0.208718
-0.192741
-0.187886
-0.188046
-0.187991
-0.187173
-0.00580479
-0.00580127
-0.00608173
-0.00681199
-0.00837512
-0.0113382
-0.0164397
-0.0245799
-0.0373538
-0.0580905
-0.0934952
-0.145588
-0.187728
-0.176464
-0.161454
-0.157864
-0.161453
-0.165266
-0.165726
-0.164731
-0.00591727
-0.00590195
-0.00606581
-0.00645896
-0.00734208
-0.00908515
-0.0122361
-0.0174393
-0.0258077
-0.0394488
-0.0617507
-0.0909901
-0.10833
-0.0969666
-0.0940284
-0.101184
-0.110075
-0.114775
-0.114982
-0.114301
-0.00125621
-0.00127365
-0.00129049
-0.00123748
-0.00121513
-0.00140491
-0.0019274
-0.00279036
-0.00422638
-0.00621581
-0.00753282
-0.00546944
-0.00569848
-0.00906942
-0.0138427
-0.0169975
-0.0167425
-0.0152726
-0.0157983
-0.0499927
-1.17062
-0.493247
-0.0437265
0.215033
0.401018
0.543349
0.653593
0.742831
0.838733
0.930395
-0.122863
0.0715603
0.248971
0.398387
0.523203
0.62481
0.707472
0.775194
0.817279
0.821099
0.209034
0.324179
0.436966
0.537288
0.623492
0.696117
0.755601
0.800833
0.82997
0.847533
0.418881
0.497193
0.574849
0.64588
0.707774
0.76063
0.80415
0.83832
0.864341
0.883377
0.572788
0.625899
0.684654
0.737564
0.783902
0.824244
0.858511
0.886969
0.910288
0.927255
0.694562
0.735262
0.780835
0.820812
0.857913
0.89104
0.920066
0.944893
0.965667
0.979892
0.796944
0.831276
0.868164
0.902268
0.93437
0.963862
0.990101
1.01263
1.03124
1.04296
0.889899
0.920845
0.954691
0.987188
1.01783
1.04609
1.07114
1.09235
1.10926
1.11878
0.980696
1.01316
1.04839
1.08232
1.11355
1.14177
1.16628
1.18655
1.20198
1.21018
1.08251
1.11997
1.1582
1.19439
1.22639
1.25421
1.27761
1.29658
1.3107
1.31917
1.20934
1.25168
1.29083
1.32665
1.35702
1.38266
1.40418
1.42178
1.43527
1.44543
1.37081
1.41224
1.44592
1.47545
1.49995
1.52145
1.54102
1.55843
1.57316
1.58585
1.56118
1.59196
1.61318
1.6323
1.65034
1.66756
1.68376
1.69957
1.71607
1.73299
1.759
1.77039
1.78143
1.79552
1.80979
1.82262
1.83398
1.84482
1.85772
1.8746
1.94479
1.95469
1.96333
1.96577
1.96663
1.97089
1.98168
1.99761
2.01523
2.01983
2.24582
2.19041
2.13958
2.09933
2.07694
2.07289
2.08638
2.12018
2.17662
2.25217
0.818046
0.759352
0.716873
0.683014
0.658358
0.640805
0.628298
0.619372
0.613264
0.609788
0.609407
0.612275
0.61772
0.625661
0.636586
0.651642
0.672654
0.70175
0.740514
0.788341
0.619596
0.628354
0.633887
0.63471
0.631226
0.625181
0.618748
0.613277
0.609442
0.607796
0.608975
0.612575
0.61786
0.624339
0.631109
0.636382
0.638009
0.634775
0.627437
0.619769
0.596626
0.598657
0.603261
0.606772
0.609283
0.61071
0.610421
0.608683
0.606494
0.604927
0.604948
0.606779
0.609505
0.612133
0.613617
0.613283
0.611431
0.608634
0.604586
0.600205
0.589711
0.590577
0.59306
0.595773
0.597783
0.599142
0.600126
0.600575
0.600432
0.600181
0.600536
0.601627
0.602726
0.603211
0.602911
0.60207
0.600664
0.598429
0.595793
0.593828
0.584052
0.584514
0.585909
0.58793
0.589868
0.591442
0.592583
0.593478
0.594198
0.594777
0.595414
0.596063
0.596392
0.596304
0.595838
0.59488
0.593378
0.591556
0.589913
0.588898
0.57886
0.579147
0.580064
0.581533
0.583157
0.584758
0.586179
0.587349
0.588371
0.589327
0.59017
0.590724
0.590888
0.590671
0.590019
0.588963
0.58768
0.586369
0.585286
0.584662
0.573882
0.574083
0.574771
0.575943
0.577324
0.578765
0.580233
0.581634
0.582906
0.584089
0.585119
0.58576
0.585926
0.585639
0.584975
0.584092
0.583118
0.582127
0.581346
0.580907
0.569047
0.569199
0.569746
0.570727
0.571954
0.573288
0.574708
0.576187
0.577665
0.579084
0.580332
0.581125
0.581364
0.581161
0.580669
0.580007
0.579263
0.578515
0.577941
0.577612
0.564273
0.564393
0.564841
0.565689
0.566815
0.568089
0.569481
0.570997
0.572616
0.574275
0.575786
0.576798
0.577222
0.577226
0.576957
0.576512
0.575968
0.575428
0.575013
0.574759
0.559472
0.559568
0.559946
0.560704
0.561767
0.563005
0.564407
0.565987
0.567745
0.569645
0.571469
0.57279
0.573499
0.573767
0.573737
0.573516
0.573181
0.572822
0.572534
0.572333
0.554551
0.55463
0.554959
0.555657
0.556689
0.557928
0.559376
0.56106
0.562999
0.565177
0.56738
0.569101
0.570165
0.570742
0.57098
0.570993
0.570869
0.57068
0.570497
0.570336
0.549421
0.549487
0.54978
0.550447
0.551478
0.552765
0.554301
0.556136
0.558318
0.560845
0.563513
0.565721
0.567205
0.568139
0.568682
0.568947
0.569038
0.569012
0.56892
0.568791
0.543989
0.544044
0.544316
0.544975
0.546042
0.547419
0.549093
0.551139
0.553634
0.556605
0.559846
0.562639
0.564618
0.565964
0.566852
0.5674
0.567718
0.567856
0.567845
0.56774
0.538153
0.538199
0.53846
0.539135
0.540273
0.541786
0.543656
0.545989
0.548884
0.552413
0.556356
0.559851
0.562418
0.564244
0.565522
0.566403
0.566969
0.567269
0.567332
0.567245
0.531795
0.531834
0.532092
0.532804
0.534054
0.535753
0.537888
0.540591
0.543998
0.548219
0.553017
0.557356
0.560623
0.563016
0.564749
0.565992
0.566837
0.567318
0.567453
0.567382
0.524776
0.524805
0.525069
0.525842
0.527244
0.529191
0.531669
0.534844
0.538894
0.543968
0.549806
0.55516
0.559259
0.562322
0.56459
0.566253
0.567422
0.568095
0.568301
0.568242
0.516923
0.51694
0.517217
0.518071
0.519675
0.521936
0.524854
0.528628
0.533481
0.539606
0.546706
0.553276
0.558361
0.562212
0.565116
0.567279
0.568816
0.569699
0.569977
0.569927
0.50799
0.508016
0.508323
0.509274
0.51113
0.513791
0.517274
0.521804
0.52766
0.535077
0.543707
0.551728
0.55798
0.562757
0.566407
0.569166
0.571127
0.572238
0.572589
0.572545
0.497687
0.497702
0.49805
0.499148
0.501333
0.504522
0.50872
0.514206
0.521316
0.530328
0.540807
0.55055
0.558172
0.56404
0.568564
0.572005
0.57446
0.575823
0.576246
0.576205
0.485634
0.485644
0.486034
0.487326
0.489945
0.493813
0.49893
0.505634
0.51432
0.525297
0.538
0.549778
0.559
0.566136
0.571679
0.575913
0.578928
0.580555
0.581046
0.581003
0.471281
0.471286
0.471738
0.473297
0.476489
0.481256
0.487576
0.495857
0.506544
0.519946
0.535315
0.54947
0.560535
0.569119
0.575853
0.580983
0.584614
0.586514
0.587064
0.587013
0.453863
0.453864
0.45441
0.45635
0.460336
0.466327
0.474264
0.484624
0.497875
0.514273
0.53281
0.549706
0.56286
0.573081
0.581137
0.587279
0.591574
0.593734
0.594324
0.594259
0.432221
0.432217
0.432929
0.435464
0.440616
0.44835
0.458533
0.471698
0.48826
0.508344
0.530598
0.550594
0.566063
0.578094
0.587579
0.594836
0.599802
0.602182
0.602785
0.602697
0.404616
0.404612
0.40561
0.409127
0.416126
0.42648
0.439906
0.456911
0.477734
0.50229
0.528828
0.552257
0.570226
0.584195
0.595214
0.603636
0.60921
0.61173
0.612303
0.612184
0.368
0.368012
0.369635
0.375063
0.385346
0.399842
0.41808
0.440332
0.46655
0.496412
0.527758
0.554868
0.575448
0.591422
0.60402
0.613568
0.619603
0.622132
0.622623
0.622466
0.316555
0.316797
0.320499
0.330329
0.34671
0.368029
0.393261
0.422415
0.455205
0.491135
0.52768
0.558599
0.581807
0.599766
0.613892
0.624407
0.630658
0.633031
0.633393
0.6332
0.242673
0.244991
0.255842
0.275128
0.301693
0.332535
0.366687
0.404006
0.444214
0.486792
0.528924
0.56393
0.589979
0.6101
0.62585
0.637201
0.643502
0.645644
0.645894
0.645702
0.164014
0.170349
0.189626
0.219049
0.256341
0.296973
0.340109
0.385706
0.433619
0.483388
0.53196
0.57198
0.601581
0.624327
0.642066
0.654279
0.660294
0.661991
0.662141
0.662026
0.0965808
0.10328
0.129148
0.167185
0.213602
0.263236
0.314982
0.368682
0.424169
0.480967
0.535748
0.580498
0.613416
0.638569
0.65779
0.670299
0.675951
0.677437
0.677597
0.677534
0.0414768
0.0484393
0.0783125
0.122505
0.175728
0.232749
0.29194
0.352954
0.41548
0.478943
0.539655
0.588888
0.62489
0.652167
0.672693
0.685697
0.691291
0.692807
0.692995
0.692966
-0.0042935
0.0029806
0.0353329
0.0842143
0.142839
0.205866
0.271323
0.338743
0.40764
0.477299
0.543608
0.597104
0.636026
0.665369
0.687235
0.700861
0.706864
0.708332
0.708514
0.708506
-0.0431405
-0.0356989
-0.00160679
0.0508065
0.113949
0.182056
0.252904
0.325957
0.40059
0.475954
0.547525
0.605083
0.646825
0.678189
0.701359
0.715846
0.722272
0.723793
0.724012
0.724018
-0.0770713
-0.0695251
-0.0341763
0.0211736
0.0880622
0.160527
0.236116
0.3142
0.394062
0.474729
0.551276
0.612714
0.657167
0.690469
0.714983
0.730249
0.737107
0.738817
0.73909
0.739104
-0.107569
-0.0999206
-0.063548
-0.00568987
0.0643712
0.140619
0.220418
0.303056
0.38774
0.473375
0.554653
0.619807
0.666849
0.701972
0.727703
0.743774
0.75102
0.753003
0.753315
0.753332
-0.135585
-0.127848
-0.0905844
-0.0305849
0.042245
0.121828
0.205383
0.292158
0.3813
0.47163
0.557456
0.626203
0.675727
0.712563
0.739421
0.756164
0.763782
0.765986
0.76633
0.766329
-0.161879
-0.154029
-0.115909
-0.0541584
0.0212157
0.103764
0.190684
0.28123
0.374517
0.469306
0.559549
0.631816
0.683736
0.722201
0.750026
0.767317
0.77522
0.777565
0.777928
0.777909
-0.186915
-0.178919
-0.139957
-0.0766961
0.000943749
0.0861357
0.176096
0.270088
0.367229
0.466263
0.560821
0.636604
0.690907
0.73091
0.759631
0.777292
0.785348
0.787781
0.788132
0.788094
-0.211054
-0.202891
-0.1632
-0.0984481
-0.0187954
0.0687542
0.16146
0.258596
0.359321
0.462401
0.561211
0.640558
0.697286
0.738809
0.768325
0.786217
0.79433
0.796747
0.797092
0.797024
-0.234465
-0.22608
-0.185776
-0.119588
-0.038147
0.0515129
0.146683
0.246682
0.350722
0.457646
0.560659
0.643668
0.70294
0.746029
0.776247
0.794257
0.802313
0.804682
0.804989
0.804912
-0.257282
-0.24874
-0.20768
-0.140235
-0.0571934
0.0343491
0.131725
0.234312
0.341405
0.451954
0.559113
0.645924
0.707936
0.752722
0.783619
0.801621
0.80947
0.811725
0.811976
0.811872
-0.279573
-0.270855
-0.229068
-0.160444
-0.0759668
0.0172518
0.116592
0.2215
0.33136
0.445303
0.556516
0.647291
0.712335
0.759031
0.790605
0.80845
0.815942
0.817978
0.818141
0.818006
-0.301381
-0.292475
-0.24996
-0.180232
-0.094465
0.000238503
0.101308
0.208277
0.320631
0.437704
0.55283
0.64771
0.716145
0.765079
0.797424
0.814927
0.821819
0.823504
0.823556
0.8234
-0.322652
-0.313553
-0.270291
-0.199567
-0.112653
-0.016654
0.0859369
0.19471
0.309278
0.429177
0.548015
0.647103
0.719318
0.770951
0.804332
0.82135
0.827294
0.828399
0.828291
0.828127
-0.343331
-0.334034
-0.290059
-0.218427
-0.130492
-0.0333587
0.0705413
0.180878
0.297369
0.419792
0.542055
0.64537
0.721742
0.776651
0.811603
0.828219
0.832816
0.832853
0.832412
0.832268
-0.363424
-0.353917
-0.309249
-0.236778
-0.147941
-0.049808
0.0552074
0.166873
0.285001
0.409613
0.534982
0.642407
0.723235
0.782036
0.819358
0.836197
0.839356
0.83752
0.836142
0.836005
-0.382861
-0.373149
-0.327821
-0.25458
-0.164937
-0.0659511
0.0400154
0.152783
0.272283
0.398741
0.526828
0.638105
0.723578
0.786797
0.827348
0.845758
0.848519
0.844553
0.840872
0.839449
-0.40167
-0.391761
-0.345761
-0.271838
-0.181505
-0.081802
0.0249449
0.138583
0.25919
0.387147
0.517526
0.632245
0.72248
0.790549
0.834939
0.856604
0.861441
0.857143
0.849326
0.833962
-0.419879
-0.409754
-0.36317
-0.288729
-0.197887
-0.0976609
0.00962172
0.123816
0.245183
0.37421
0.506426
0.624154
0.719242
0.792788
0.841
0.866635
0.875389
0.869576
0.861119
0.816844
-0.437752
-0.426746
-0.379955
-0.305125
-0.213992
-0.113433
-0.00578721
0.108694
0.230477
0.36012
0.49357
0.613633
0.712958
0.792674
0.843202
0.869051
0.877535
0.874448
0.823001
0.763106
-0.456299
-0.441662
-0.395873
-0.320874
-0.230037
-0.129346
-0.0215454
0.0932151
0.215053
0.344853
0.478819
0.60036
0.7023
0.789977
0.838689
0.85112
0.859471
0.826292
0.760803
0.696443
-0.474623
-0.476617
-0.416657
-0.333567
-0.242812
-0.14251
-0.0370406
0.0780386
0.199648
0.329186
0.462799
0.584581
0.686863
0.786356
0.799742
0.81529
0.793976
0.73108
0.65649
0.586193
-0.450334
-0.449113
-0.390497
-0.307716
-0.211867
-0.108422
0.0018523
0.119465
0.244145
0.377478
0.505726
0.615948
0.708738
0.804486
0.814868
0.715134
0.630795
0.563225
0.490115
0.347939
-0.490966
-0.464739
-0.403351
-0.319684
-0.224271
-0.12089
-0.0111948
0.105831
0.229629
0.361555
0.487515
0.594823
0.678343
0.741031
0.709928
0.579288
0.459266
0.376985
0.292927
0.131564
-0.515198
-0.484202
-0.421855
-0.338763
-0.243212
-0.139993
-0.0300933
0.0861733
0.208685
0.338429
0.461113
0.563045
0.637814
0.665621
0.58672
0.423589
0.284724
0.181628
0.0667344
-0.165614
-0.538839
-0.505511
-0.441925
-0.358138
-0.262519
-0.1594
-0.0498485
0.065502
0.186487
0.313609
0.431997
0.526771
0.590178
0.582801
0.448398
0.262112
0.0916634
-0.0496992
-0.208921
-0.589022
-0.561535
-0.527338
-0.462682
-0.377973
-0.282256
-0.179334
-0.070428
0.043878
0.163125
0.287233
0.400478
0.487197
0.532411
0.495637
0.313881
0.107832
-0.10422
-0.281791
-0.52756
-1.07207
-0.584034
-0.549764
-0.484394
-0.399064
-0.30317
-0.200469
-0.0922011
0.0209612
0.138249
0.258968
0.366543
0.445104
0.470609
0.384914
0.190737
-0.0220346
-0.237465
-0.436607
-0.602418
-1.18954
-0.607482
-0.573121
-0.507336
-0.421642
-0.325605
-0.223095
-0.115437
-0.00345655
0.111722
0.22876
0.330394
0.399231
0.400526
0.272166
0.084776
-0.117838
-0.303529
-0.430948
-0.463845
-0.510721
-0.632303
-0.597858
-0.531824
-0.44599
-0.349997
-0.247845
-0.140975
-0.0304639
0.0821927
0.194881
0.290122
0.346208
0.325517
0.168462
-0.010977
-0.188792
-0.332227
-0.393151
-0.415854
-0.421611
-0.658847
-0.624165
-0.557949
-0.472092
-0.376313
-0.274712
-0.168899
-0.0601824
0.0495389
0.157253
0.245427
0.28658
0.251101
0.0718737
-0.0982856
-0.254322
-0.362711
-0.389174
-0.390331
-0.390722
-0.687207
-0.652185
-0.585756
-0.499936
-0.40452
-0.303697
-0.199207
-0.0926146
0.0137287
0.115941
0.196003
0.224779
0.158197
-0.0165987
-0.178099
-0.315618
-0.361869
-0.376215
-0.37741
-0.376982
-0.717274
-0.681853
-0.615202
-0.529507
-0.4346
-0.33477
-0.23188
-0.127764
-0.0252083
0.0710157
0.14237
0.157548
0.0606408
-0.0985441
-0.24592
-0.353928
-0.367237
-0.367314
-0.368523
-0.368195
-0.74858
-0.712941
-0.646101
-0.560627
-0.466417
-0.367826
-0.266839
-0.165568
-0.0671645
0.0226869
0.0854836
0.0832758
-0.0242505
-0.171045
-0.300067
-0.337534
-0.359739
-0.36341
-0.363857
-0.36364
-0.78077
-0.744818
-0.678098
-0.592989
-0.499706
-0.402627
-0.303863
-0.205807
-0.111918
-0.0285015
0.024939
0.011579
-0.103125
-0.231658
-0.336079
-0.376353
-0.36419
-0.360852
-0.360388
-0.360211
-0.812892
-0.776924
-0.710631
-0.626095
-0.534013
-0.438768
-0.342587
-0.24811
-0.15912
-0.0818311
-0.0392966
-0.0538251
-0.173457
-0.279333
-0.355569
-0.353153
-0.357453
-0.358342
-0.358273
-0.358106
-0.843911
-0.808441
-0.742508
-0.659202
-0.568675
-0.475664
-0.38245
-0.291888
-0.208145
-0.136823
-0.101103
-0.120275
-0.231146
-0.324121
-0.346425
-0.366389
-0.362255
-0.358645
-0.357024
-0.356485
-0.872224
-0.837727
-0.772908
-0.691222
-0.602776
-0.512479
-0.422691
-0.336379
-0.258015
-0.192849
-0.157641
-0.190998
-0.275586
-0.35154
-0.369333
-0.365397
-0.362351
-0.359171
-0.357783
-0.356974
-0.89611
-0.863075
-0.800103
-0.72083
-0.635141
-0.548144
-0.462307
-0.38062
-0.307606
-0.248884
-0.214443
-0.25252
-0.307504
-0.357761
-0.407147
-0.385412
-0.37184
-0.369477
-0.368493
-0.367482
-0.913213
-0.882333
-0.822048
-0.746314
-0.664339
-0.581376
-0.500084
-0.423455
-0.355865
-0.303553
-0.272729
-0.30743
-0.323382
-0.335515
-0.349981
-0.378572
-0.399084
-0.405507
-0.404903
-0.403987
-0.921147
-0.892973
-0.8368
-0.765742
-0.688676
-0.61076
-0.534701
-0.463545
-0.401661
-0.355693
-0.325488
-0.367482
-0.37332
-0.310385
-0.343276
-0.409407
-0.442475
-0.447758
-0.446089
-0.446248
-0.916978
-0.893051
-0.842472
-0.777254
-0.706462
-0.634706
-0.564642
-0.499432
-0.443536
-0.403601
-0.373166
-0.437782
-0.533661
-0.56649
-0.537212
-0.511829
-0.486762
-0.474201
-0.470414
-0.469923
-0.897139
-0.879319
-0.837242
-0.779473
-0.716327
-0.651792
-0.588458
-0.52935
-0.479493
-0.445463
-0.429792
-0.493386
-0.651586
-0.935789
-0.839633
-0.61758
-0.505621
-0.468715
-0.455286
-0.450776
-0.863183
-0.850866
-0.819536
-0.771782
-0.717586
-0.661258
-0.604917
-0.551762
-0.506706
-0.47764
-0.456663
-0.445583
-0.410564
-0.472888
-0.440525
-0.371706
-0.345602
-0.333676
-0.327769
-0.324061
-0.819688
-0.812012
-0.792231
-0.755631
-0.711081
-0.663204
-0.613703
-0.565533
-0.523266
-0.493884
-0.46506
-0.307137
-0.0177548
0.32595
0.301433
0.0630684
-0.142683
-0.212828
-0.234444
-0.237825
-0.775012
-0.770677
-0.759924
-0.735323
-0.699718
-0.659148
-0.615563
-0.570826
-0.528984
-0.495582
-0.466085
-0.349148
-0.164612
0.0684359
-0.00919087
-0.228006
-0.350511
-0.39483
-0.399452
-0.415634
-0.738252
-0.735957
-0.730222
-0.714214
-0.686911
-0.651914
-0.612377
-0.569454
-0.525361
-0.490204
-0.470103
-0.548189
-0.922829
-1.58135
-2.18098
-2.3894
-2.27648
-2.05545
-1.80421
-1.69513
-0.711053
-0.709913
-0.707729
-0.698695
-0.677002
-0.64539
-0.606902
-0.562597
-0.514972
-0.465268
-0.43623
-0.508353
-0.882675
-1.35872
-1.68275
-1.66867
-1.44928
-1.20024
-0.979425
-0.873882
-0.693393
-0.692849
-0.692026
-0.687632
-0.67135
-0.641084
-0.600971
-0.553518
-0.497413
-0.429291
-0.369121
-0.315712
-0.316581
-0.23039
-0.10554
0.113557
0.387809
0.571363
0.677113
0.721604
-0.682643
-0.682348
-0.68163
-0.680005
-0.668912
-0.639589
-0.596744
-0.543979
-0.479455
-0.403077
-0.309129
-0.201807
-0.0197039
0.373047
0.825089
1.26274
1.59401
1.76154
1.82646
1.84395
-0.67651
-0.676093
-0.67507
-0.67425
-0.668505
-0.641828
-0.59561
-0.53632
-0.465518
-0.373586
-0.259829
-0.14276
0.113463
0.577337
1.07856
1.53215
1.85307
2.01345
2.0707
2.08116
-0.67544
-0.675539
-0.675827
-0.676796
-0.674254
-0.648362
-0.597713
-0.533702
-0.454968
-0.355666
-0.240576
-0.116402
0.0865103
0.511375
0.940569
1.31982
1.58301
1.71239
1.75432
1.76159
-0.672626
-0.673838
-0.676924
-0.681165
-0.680124
-0.653779
-0.602798
-0.536672
-0.453135
-0.351768
-0.238751
-0.123252
0.0309695
0.360395
0.681098
0.951051
1.135
1.22112
1.25015
1.256
-0.671494
-0.67132
-0.666749
-0.657419
-0.651181
-0.643279
-0.610236
-0.545712
-0.458546
-0.35575
-0.252198
-0.150774
-0.0327154
0.198746
0.421822
0.590745
0.698585
0.750588
0.774048
0.781468
-0.704678
-0.699702
-0.679192
-0.646277
-0.63174
-0.648198
-0.633575
-0.563961
-0.468951
-0.363831
-0.2693
-0.187603
-0.0998156
0.0723344
0.228043
0.335512
0.404157
0.44137
0.46261
0.470651
-0.787799
-0.787554
-0.79393
-0.80629
-0.800237
-0.784655
-0.70576
-0.593825
-0.477917
-0.369964
-0.286359
-0.224023
-0.160108
-0.0257243
0.098144
0.188653
0.24988
0.285163
0.303071
0.308284
-0.91906
-0.938481
-0.981341
-1.01412
-1.00589
-0.945096
-0.787151
-0.620927
-0.481194
-0.370152
-0.292294
-0.242944
-0.196142
-0.08394
0.0183959
0.0966799
0.155069
0.189748
0.204784
0.208029
-0.962145
-0.984219
-1.02183
-1.04903
-1.03892
-0.962029
-0.783923
-0.605459
-0.462787
-0.355473
-0.284774
-0.24273
-0.2067
-0.112514
-0.0262683
0.037521
0.0863477
0.11418
0.125375
0.126555
-0.801103
-0.823476
-0.859864
-0.891429
-0.88704
-0.805681
-0.660185
-0.523331
-0.410054
-0.321346
-0.259638
-0.220367
-0.179766
-0.112916
-0.0527007
-0.00526556
0.0310496
0.0520939
0.0602975
0.0606554
-0.474499
-0.4893
-0.516136
-0.545797
-0.555855
-0.524979
-0.462475
-0.393178
-0.329886
-0.271444
-0.222846
-0.182346
-0.141799
-0.100554
-0.0625528
-0.0290909
-0.00276655
0.0124158
0.0187314
0.0184522
-0.156786
-0.163966
-0.181205
-0.208593
-0.239208
-0.2584
-0.266023
-0.260433
-0.243215
-0.215623
-0.183193
-0.150034
-0.118824
-0.0949579
-0.069867
-0.047155
-0.029134
-0.0179961
-0.0152288
-0.0163924
0.0344794
0.0310591
0.0192908
-0.00618574
-0.0456922
-0.0918347
-0.130658
-0.15734
-0.168674
-0.16443
-0.147461
-0.125284
-0.108986
-0.0979298
-0.0820875
-0.066119
-0.0530718
-0.0465036
-0.0452676
-0.0470212
0.103831
0.101892
0.0932754
0.0720213
0.035809
-0.00950427
-0.0539893
-0.0909305
-0.115277
-0.124739
-0.11971
-0.109482
-0.104368
-0.103345
-0.0964964
-0.088553
-0.0826579
-0.0817654
-0.0825448
-0.084047
0.108033
0.106639
0.100446
0.0848729
0.0576788
0.0219876
-0.0167732
-0.0527332
-0.0809057
-0.0974683
-0.100313
-0.0970028
-0.0972646
-0.103864
-0.106465
-0.109331
-0.113107
-0.117839
-0.120697
-0.121474
0.0877535
0.0867921
0.0825655
0.0718865
0.0528357
0.0266698
-0.00396582
-0.0347954
-0.0621403
-0.0818843
-0.0890562
-0.0868182
-0.0874591
-0.100476
-0.114273
-0.125053
-0.135004
-0.142458
-0.145267
-0.145646
0.0622197
0.0615701
0.0587371
0.0515466
0.0384278
0.0196107
-0.00388431
-0.0295665
-0.0548947
-0.0765697
-0.0878897
-0.0873543
-0.087008
-0.106076
-0.124345
-0.137409
-0.147107
-0.153131
-0.155065
-0.155499
0.0387639
0.0383525
0.0364269
0.0315445
0.0224345
0.00879933
-0.00927525
-0.0308031
-0.0547598
-0.0799218
-0.100889
-0.111883
-0.117521
-0.133645
-0.145433
-0.152458
-0.157228
-0.159479
-0.160336
-0.160945
0.0200325
0.0196829
0.0183225
0.014952
0.008484
-0.00163535
-0.0158771
-0.0343559
-0.0576673
-0.0878941
-0.123841
-0.162392
-0.184182
-0.185792
-0.179592
-0.173939
-0.171794
-0.170915
-0.17101
-0.171556
0.00654344
0.00629718
0.0053176
0.00293059
-0.00173005
-0.00934254
-0.0206619
-0.0365763
-0.0590744
-0.0926616
-0.143044
-0.208447
-0.245058
-0.228435
-0.204938
-0.192046
-0.186679
-0.185642
-0.185281
-0.18528
-0.00189114
-0.00208372
-0.00279013
-0.00443968
-0.00770966
-0.0133642
-0.0222216
-0.0355201
-0.055481
-0.0887601
-0.142656
-0.214966
-0.246538
-0.221859
-0.198596
-0.189258
-0.187842
-0.188173
-0.187565
-0.187056
-0.00576842
-0.0059063
-0.00636114
-0.00746914
-0.00964167
-0.0135746
-0.0200564
-0.0302526
-0.0463966
-0.0737863
-0.117989
-0.172561
-0.186478
-0.168515
-0.158029
-0.159133
-0.163716
-0.165878
-0.165247
-0.164435
-0.00588507
-0.00596365
-0.00622932
-0.00681609
-0.0080792
-0.0104573
-0.0145315
-0.0211318
-0.031777
-0.0494597
-0.0763146
-0.104047
-0.107034
-0.0953217
-0.0967569
-0.105945
-0.113056
-0.115263
-0.114591
-0.114083
-0.00324876
-0.0032194
-0.00330482
-0.00347141
-0.00374845
-0.00440162
-0.00568319
-0.00787518
-0.0113852
-0.0171244
-0.0257473
-0.0340735
-0.0307463
-0.0256055
-0.0338524
-0.0397075
-0.0475531
-0.050481
-0.0503405
-0.0497789
-0.786376
-0.222612
0.0975226
0.312281
0.47612
0.600973
0.700838
0.786666
0.895395
0.893645
0.0197342
0.166744
0.326901
0.464031
0.576795
0.668115
0.743316
0.800749
0.824311
0.828571
0.282903
0.381957
0.48901
0.582132
0.66146
0.72751
0.780182
0.817261
0.840447
0.85759
0.469414
0.537666
0.611607
0.677957
0.735351
0.78357
0.822378
0.852166
0.87565
0.894384
0.609331
0.660339
0.711979
0.761515
0.804829
0.842124
0.873445
0.899172
0.920767
0.939138
0.722635
0.759797
0.801052
0.839847
0.874986
0.906062
0.933024
0.955704
0.974767
0.992568
0.819946
0.850112
0.885471
0.918604
0.949489
0.977418
1.00187
1.02238
1.03903
1.0564
0.90932
0.937768
0.971168
1.00276
1.03231
1.05905
1.08227
1.10134
1.11575
1.13288
0.999641
1.0306
1.06568
1.09827
1.12808
1.15452
1.17698
1.19489
1.20744
1.22469
1.10318
1.1389
1.1768
1.2109
1.24084
1.26648
1.28767
1.30424
1.31579
1.33363
1.23227
1.27129
1.30943
1.34247
1.37038
1.39391
1.41349
1.42897
1.44077
1.45902
1.39335
1.42937
1.46143
1.48819
1.51098
1.53146
1.55005
1.56607
1.57976
1.59763
1.57803
1.60307
1.62293
1.64142
1.65907
1.6758
1.69166
1.70764
1.72476
1.7439
1.76469
1.77554
1.78825
1.80279
1.8164
1.82847
1.83937
1.85071
1.86611
1.88555
1.94658
1.96001
1.96507
1.96609
1.96805
1.97541
1.98911
2.00671
2.02045
2.03179
2.21545
2.16486
2.11739
2.08581
2.07275
2.0773
2.10055
2.1456
2.21229
2.30641
0.674671
0.671663
0.665604
0.654678
0.642188
0.630878
0.62182
0.615067
0.610606
0.608718
0.609957
0.613953
0.620123
0.628413
0.638917
0.651238
0.663593
0.672306
0.676819
0.678985
0.602972
0.60962
0.614867
0.618485
0.619599
0.617965
0.614512
0.610724
0.607745
0.606442
0.607535
0.610584
0.614682
0.618914
0.621949
0.622482
0.620167
0.61579
0.609498
0.603674
0.592856
0.595819
0.599182
0.601672
0.603433
0.604618
0.604847
0.604104
0.603047
0.602605
0.603481
0.605232
0.606913
0.60771
0.607301
0.606055
0.60416
0.601294
0.597961
0.595674
0.586799
0.588223
0.590436
0.592709
0.594433
0.595629
0.596522
0.597113
0.597392
0.597716
0.598427
0.599204
0.599563
0.599374
0.598763
0.597632
0.595829
0.593611
0.591864
0.590779
0.581423
0.582241
0.583706
0.585482
0.587224
0.588702
0.589843
0.59079
0.591636
0.59242
0.593107
0.5935
0.59352
0.593174
0.592371
0.591103
0.589594
0.588083
0.587068
0.586402
0.576352
0.576906
0.577989
0.579404
0.580919
0.582427
0.583824
0.585041
0.586145
0.587181
0.587964
0.588329
0.588281
0.587796
0.586934
0.585865
0.584715
0.583648
0.582963
0.582494
0.571454
0.571869
0.572735
0.573946
0.575278
0.576692
0.578149
0.579576
0.580917
0.582171
0.583119
0.583564
0.583517
0.583067
0.582369
0.581547
0.580672
0.57988
0.579378
0.579021
0.56666
0.566987
0.567701
0.568764
0.570003
0.571351
0.5728
0.574333
0.575889
0.577393
0.578557
0.579147
0.579231
0.578967
0.578488
0.577876
0.577219
0.576641
0.576269
0.575984
0.561885
0.562149
0.562757
0.56372
0.564898
0.566215
0.567681
0.569299
0.57104
0.57282
0.574264
0.575097
0.575422
0.575395
0.575139
0.574744
0.574287
0.573882
0.573605
0.573369
0.557035
0.557255
0.557789
0.558691
0.559834
0.561154
0.562674
0.564409
0.566353
0.568441
0.570243
0.571415
0.572044
0.572285
0.572267
0.5721
0.571831
0.571576
0.571374
0.571173
0.552021
0.552209
0.552693
0.553564
0.554708
0.556073
0.557686
0.559586
0.561789
0.564248
0.566494
0.568082
0.56907
0.569619
0.569866
0.569923
0.569847
0.569727
0.569587
0.569411
0.546752
0.546915
0.547371
0.54824
0.549427
0.55088
0.552634
0.554759
0.557294
0.560219
0.563006
0.565089
0.566496
0.567397
0.56794
0.568224
0.568356
0.568363
0.568273
0.568114
0.541131
0.541277
0.541722
0.54262
0.54389
0.545478
0.547435
0.549859
0.552814
0.55632
0.559762
0.562436
0.564334
0.565636
0.566511
0.567081
0.567412
0.567532
0.567486
0.567338
0.53505
0.535182
0.535633
0.53659
0.537986
0.539763
0.541996
0.544805
0.548294
0.552516
0.556751
0.560129
0.562608
0.564378
0.56563
0.566507
0.567062
0.567301
0.567293
0.567151
0.528379
0.528502
0.528973
0.53002
0.53159
0.533622
0.536211
0.539511
0.543667
0.548767
0.553962
0.558184
0.561349
0.563671
0.565356
0.566585
0.56739
0.567751
0.567777
0.567638
0.520965
0.521081
0.521583
0.522754
0.524555
0.526914
0.529958
0.533878
0.538862
0.545034
0.551389
0.556618
0.560596
0.563567
0.565772
0.567409
0.56849
0.568977
0.569036
0.568896
0.51261
0.512725
0.513266
0.514605
0.51669
0.519469
0.523095
0.527794
0.533805
0.541287
0.549038
0.555465
0.560401
0.564135
0.566964
0.569075
0.570465
0.571086
0.571175
0.57103
0.503006
0.503133
0.503767
0.505304
0.507766
0.511089
0.51545
0.521127
0.528412
0.537496
0.54692
0.554763
0.560829
0.56546
0.569022
0.571681
0.573422
0.574187
0.574304
0.574149
0.491869
0.491995
0.492747
0.494559
0.4975
0.501518
0.506814
0.513727
0.522597
0.533634
0.545056
0.554565
0.561951
0.567638
0.572036
0.575343
0.577475
0.578386
0.578527
0.57836
0.478713
0.478856
0.479769
0.481941
0.485505
0.490427
0.49693
0.505416
0.516263
0.529677
0.543473
0.554927
0.563837
0.570741
0.57612
0.580162
0.582717
0.583774
0.583931
0.583748
0.46289
0.463071
0.464213
0.466878
0.471274
0.477403
0.485497
0.496016
0.509347
0.525644
0.542231
0.555926
0.566568
0.574857
0.58135
0.586216
0.589214
0.590406
0.590568
0.590367
0.443462
0.44372
0.445211
0.448578
0.454136
0.461927
0.472171
0.485356
0.501821
0.521603
0.541425
0.557649
0.570229
0.580065
0.587777
0.593545
0.596981
0.598278
0.598432
0.598209
0.419014
0.419416
0.42146
0.425901
0.433191
0.44338
0.456614
0.473335
0.493735
0.517667
0.541179
0.560194
0.574892
0.58641
0.595428
0.602131
0.605951
0.607303
0.607428
0.607185
0.387245
0.387945
0.390961
0.397231
0.407302
0.421105
0.438588
0.459992
0.485271
0.514056
0.541671
0.563684
0.580612
0.593898
0.604299
0.611862
0.615951
0.617281
0.617356
0.617094
0.344024
0.345438
0.350527
0.360407
0.375326
0.394726
0.418201
0.445661
0.476811
0.511095
0.54313
0.568251
0.587456
0.602505
0.614271
0.622529
0.626671
0.627877
0.627883
0.627612
0.281651
0.286108
0.296737
0.313744
0.336903
0.364675
0.39614
0.431022
0.468916
0.509169
0.545766
0.573996
0.595412
0.612148
0.625056
0.633715
0.637642
0.63857
0.638496
0.638235
0.207442
0.215498
0.234882
0.262474
0.296231
0.33342
0.373468
0.416255
0.461444
0.508427
0.5505
0.582676
0.60696
0.625784
0.639982
0.648913
0.652568
0.653338
0.653317
0.65319
0.132964
0.146322
0.174807
0.21281
0.25661
0.303099
0.351747
0.402521
0.455127
0.508991
0.556704
0.592942
0.62019
0.641238
0.656823
0.665609
0.668655
0.669192
0.669195
0.669162
0.0711014
0.0882899
0.122447
0.168256
0.220253
0.274927
0.331495
0.389829
0.449542
0.51002
0.563111
0.603158
0.633111
0.655971
0.672308
0.681182
0.684037
0.684513
0.684567
0.684582
0.0203684
0.0396065
0.07822
0.129828
0.188234
0.249665
0.313083
0.378211
0.444513
0.511248
0.569452
0.613093
0.645553
0.670159
0.687494
0.696432
0.699301
0.699981
0.700079
0.700137
-0.0221663
-0.00167933
0.0402614
0.0964844
0.160185
0.227275
0.296603
0.367768
0.440079
0.512643
0.575689
0.622764
0.657653
0.683978
0.702271
0.711722
0.714941
0.715719
0.715839
0.715921
-0.0587932
-0.037509
0.00708745
0.0670525
0.135207
0.207183
0.2817
0.358264
0.43607
0.514081
0.581721
0.632092
0.669323
0.697332
0.716679
0.726841
0.730378
0.731247
0.731369
0.731455
-0.0911731
-0.0693288
-0.0225764
0.0405357
0.112479
0.188719
0.267869
0.349343
0.43224
0.515376
0.587393
0.640919
0.68039
0.709987
0.730345
0.741218
0.745084
0.746051
0.746158
0.746239
-0.120529
-0.0982741
-0.049701
0.0161181
0.0913588
0.171361
0.254676
0.340645
0.428283
0.516283
0.592502
0.649058
0.69065
0.721709
0.743057
0.754545
0.758745
0.759747
0.759833
0.759893
-0.147832
-0.125146
-0.0749742
-0.00681468
0.0713535
0.154699
0.241769
0.331863
0.423948
0.516606
0.596913
0.656401
0.700012
0.732426
0.754606
0.766575
0.771062
0.772101
0.772175
0.77221
-0.173605
-0.150469
-0.0989094
-0.0286863
0.0520912
0.138428
0.228897
0.322794
0.419063
0.516202
0.60053
0.662916
0.708479
0.742144
0.764988
0.77727
0.781941
0.783025
0.78308
0.783085
-0.198284
-0.174624
-0.121956
-0.0497748
0.033313
0.122336
0.215895
0.313292
0.41349
0.514971
0.603295
0.668612
0.716101
0.75093
0.774354
0.786818
0.791522
0.792591
0.792641
0.792612
-0.222147
-0.198021
-0.144235
-0.0702956
0.0148565
0.10629
0.202643
0.30326
0.407145
0.512826
0.60518
0.673515
0.722985
0.758933
0.782785
0.7953
0.799969
0.801007
0.801023
0.800967
-0.245377
-0.22073
-0.165857
-0.0903758
-0.00337621
0.0902113
0.189083
0.292647
0.399981
0.509715
0.606142
0.677653
0.729237
0.766324
0.7905
0.802961
0.80749
0.808456
0.808439
0.808359
-0.268045
-0.242855
-0.186943
-0.110074
-0.0214301
0.0740814
0.175212
0.281443
0.391965
0.505589
0.606134
0.681041
0.734972
0.773276
0.797679
0.809914
0.814223
0.815073
0.815016
0.814912
-0.290147
-0.264481
-0.207558
-0.129415
-0.0393066
0.0579044
0.161043
0.269671
0.383106
0.500419
0.605096
0.683667
0.740281
0.779962
0.804505
0.816308
0.820242
0.820912
0.820802
0.820683
-0.311745
-0.285558
-0.227686
-0.148384
-0.056981
0.0417198
0.146628
0.257378
0.373449
0.494196
0.60297
0.685479
0.74519
0.786568
0.81123
0.822316
0.825615
0.826028
0.825871
0.825747
-0.332752
-0.306055
-0.247288
-0.166956
-0.0744149
0.0255936
0.132037
0.24464
0.363049
0.486928
0.599686
0.686378
0.749669
0.79325
0.818216
0.828315
0.830569
0.83051
0.830289
0.830184
-0.353187
-0.325937
-0.266361
-0.185088
-0.0915449
0.00958705
0.117354
0.231552
0.351978
0.478666
0.595189
0.686228
0.753596
0.800059
0.825897
0.835007
0.835634
0.834536
0.83412
0.834123
-0.37296
-0.345207
-0.284858
-0.20274
-0.108322
-0.00622276
0.102654
0.21819
0.340345
0.469483
0.589448
0.684859
0.756746
0.806808
0.834527
0.843424
0.842196
0.83903
0.837399
0.837237
-0.392137
-0.363835
-0.302739
-0.219861
-0.124675
-0.0217531
0.0880564
0.204687
0.328271
0.459465
0.582464
0.682089
0.758809
0.81301
0.84375
0.854275
0.852669
0.846846
0.83994
0.823304
-0.410657
-0.381813
-0.320136
-0.236656
-0.140892
-0.0373255
0.0731532
0.190597
0.315258
0.448108
0.573719
0.677362
0.759457
0.818231
0.852766
0.867262
0.867937
0.861085
0.846627
0.861536
-0.42864
-0.39912
-0.336989
-0.253094
-0.156896
-0.0528835
0.0579496
0.175944
0.301296
0.435305
0.562993
0.670038
0.757923
0.821334
0.858407
0.876215
0.88032
0.870385
0.809523
0.793952
-0.44668
-0.416351
-0.353045
-0.268847
-0.172118
-0.0679834
0.0426581
0.160987
0.286667
0.421252
0.550267
0.659664
0.753184
0.82144
0.855784
0.872975
0.867503
0.830912
0.763452
0.722939
-0.465456
-0.434484
-0.367888
-0.283642
-0.186179
-0.0824809
0.027665
0.145896
0.271446
0.405947
0.535369
0.645994
0.742849
0.817168
0.866794
0.842767
0.813437
0.748106
0.675992
0.632431
-0.0435569
0.0713569
0.192805
0.322053
0.454998
0.576018
0.677176
0.511403
-0.485642
-0.466899
-0.428707
-0.357675
-0.267368
-0.168362
-0.0613976
0.0524151
0.173056
0.301088
0.43293
0.55311
0.653073
0.73296
0.785429
0.738958
0.593979
0.50406
0.433918
-0.502824
-0.489832
-0.445458
-0.37303
-0.282319
-0.183064
-0.076608
0.0367019
0.156455
0.283085
0.412692
0.529449
0.623186
0.690336
0.686767
0.579574
0.432893
0.32527
0.235132
-0.525574
-0.512909
-0.465556
-0.392072
-0.301339
-0.201784
-0.0953001
0.0176562
0.136441
0.261417
0.387876
0.499448
0.582339
0.632444
0.592225
0.428793
0.261803
0.127479
0.00888128
-0.548511
-0.535689
-0.486746
-0.411946
-0.320893
-0.221351
-0.115177
-0.00296965
0.114565
0.237435
0.360232
0.465727
0.54138
0.563406
0.476278
0.282555
0.0843909
-0.0945249
-0.261415
-0.570657
-0.558316
-0.508584
-0.432655
-0.341208
-0.241689
-0.135967
-0.0246602
0.0914367
0.21184
0.330458
0.429078
0.495215
0.478531
0.347828
0.146903
-0.0715521
-0.278251
-0.465126
-0.593402
-0.581329
-0.531293
-0.45464
-0.362881
-0.26332
-0.157981
-0.0475227
0.0670662
0.184839
0.299007
0.390118
0.44209
0.403373
0.230439
0.0332369
-0.177212
-0.374405
-0.496247
-0.535642
-0.617467
-0.605533
-0.555236
-0.47819
-0.386315
-0.286822
-0.181937
-0.0724527
0.0403896
0.155121
0.26427
0.347321
0.383552
0.321349
0.125491
-0.0629315
-0.242286
-0.377249
-0.423226
-0.446966
-0.642987
-0.631178
-0.58068
-0.50342
-0.411583
-0.312365
-0.208124
-0.0998904
0.0108448
0.122013
0.225426
0.300119
0.315683
0.215838
0.0317453
-0.142277
-0.293782
-0.376644
-0.396887
-0.402294
-0.670283
-0.65846
-0.607749
-0.530342
-0.438668
-0.339904
-0.236559
-0.129869
-0.0216165
0.0855032
0.182429
0.248438
0.234835
0.114126
-0.0554503
-0.218967
-0.338061
-0.382342
-0.382019
-0.383116
-0.699253
-0.687522
-0.636469
-0.558957
-0.467564
-0.369434
-0.267236
-0.162385
-0.0570005
0.0456143
0.135484
0.19114
0.160494
0.0184828
-0.136001
-0.287904
-0.353298
-0.371302
-0.372512
-0.372212
-0.729745
-0.718029
-0.666731
-0.589176
-0.498176
-0.400898
-0.300094
-0.197411
-0.0952826
0.00240879
0.0848728
0.128564
0.0944879
-0.0646154
-0.209242
-0.323265
-0.372883
-0.365948
-0.365832
-0.36588
-0.761262
-0.749472
-0.698264
-0.620737
-0.530306
-0.434109
-0.334987
-0.23481
-0.136316
-0.0438261
0.0308429
0.0653235
0.0165327
-0.137519
-0.269315
-0.347206
-0.363082
-0.361859
-0.361884
-0.361677
-0.793283
-0.781415
-0.730476
-0.653207
-0.563575
-0.468725
-0.371611
-0.274293
-0.179831
-0.0927363
-0.0257898
-0.00213465
-0.0681104
-0.200282
-0.315822
-0.33419
-0.351552
-0.358111
-0.358884
-0.358714
-0.824808
-0.812949
-0.76249
-0.685941
-0.597401
-0.504235
-0.409496
-0.315402
-0.225316
-0.143932
-0.0832608
-0.0755437
-0.141197
-0.256211
-0.337186
-0.385038
-0.366608
-0.360439
-0.358004
-0.357399
-0.853975
-0.842972
-0.793348
-0.717885
-0.630944
-0.539895
-0.447964
-0.357479
-0.27203
-0.196692
-0.140429
-0.142484
-0.206195
-0.299358
-0.369957
-0.374753
-0.366072
-0.359805
-0.35718
-0.356283
-0.880009
-0.869307
-0.821661
-0.747756
-0.663077
-0.574699
-0.486105
-0.399668
-0.319061
-0.249754
-0.198128
-0.200473
-0.263296
-0.325252
-0.376937
-0.372927
-0.368137
-0.36352
-0.361137
-0.360408
-0.900215
-0.890183
-0.845015
-0.774082
-0.692407
-0.607436
-0.522771
-0.440891
-0.365377
-0.301858
-0.256144
-0.254876
-0.306944
-0.334971
-0.344426
-0.378168
-0.381831
-0.383163
-0.383619
-0.382776
-0.912545
-0.90358
-0.861678
-0.794719
-0.71724
-0.63665
-0.556674
-0.47985
-0.409796
-0.351994
-0.311888
-0.308659
-0.352614
-0.318865
-0.301308
-0.361038
-0.406599
-0.426975
-0.428594
-0.428088
-0.91431
-0.907007
-0.86954
-0.807817
-0.735714
-0.66073
-0.58632
-0.515135
-0.450935
-0.398953
-0.364736
-0.363329
-0.432618
-0.42981
-0.40875
-0.439139
-0.459823
-0.460664
-0.458617
-0.458318
-0.903731
-0.897868
-0.866235
-0.811444
-0.74627
-0.678086
-0.610226
-0.545271
-0.487054
-0.441212
-0.415412
-0.420834
-0.529954
-0.746058
-0.80356
-0.649887
-0.541766
-0.49163
-0.475718
-0.470313
-0.877372
-0.87323
-0.849079
-0.804124
-0.747832
-0.687665
-0.627127
-0.568705
-0.516187
-0.476132
-0.451441
-0.455881
-0.52667
-0.717313
-0.839375
-0.635649
-0.483167
-0.419877
-0.40304
-0.396662
-0.838483
-0.835926
-0.820038
-0.786013
-0.740473
-0.689294
-0.636453
-0.584239
-0.536558
-0.499671
-0.481468
-0.428293
-0.290106
-0.0964945
-0.0593955
-0.129692
-0.208031
-0.255041
-0.265652
-0.265789
-0.793703
-0.792074
-0.784113
-0.760932
-0.726388
-0.684127
-0.638625
-0.591888
-0.547221
-0.510008
-0.485453
-0.408413
-0.14584
0.21764
0.441851
0.219224
-0.0382442
-0.190566
-0.250141
-0.270236
-0.753031
-0.751974
-0.748261
-0.735196
-0.709522
-0.674873
-0.635436
-0.592726
-0.549014
-0.509608
-0.480494
-0.455294
-0.462333
-0.613348
-0.799682
-1.07108
-1.19881
-1.11952
-0.956129
-0.863292
-0.723199
-0.722592
-0.7201
-0.713465
-0.694819
-0.665876
-0.629841
-0.588547
-0.544103
-0.498137
-0.468975
-0.466046
-0.803791
-1.46724
-2.27756
-2.6128
-2.5078
-2.19471
-1.87165
-1.69559
-0.701008
-0.700511
-0.699493
-0.696945
-0.684927
-0.659571
-0.624285
-0.582042
-0.532699
-0.478237
-0.421615
-0.368961
-0.486173
-0.68234
-0.808849
-0.828174
-0.659318
-0.428674
-0.245804
-0.155884
-0.687556
-0.687386
-0.686901
-0.685359
-0.679063
-0.656646
-0.620677
-0.574493
-0.519703
-0.454904
-0.375145
-0.309876
-0.209078
-0.0177468
0.283407
0.629955
0.979529
1.22539
1.34639
1.38822
-0.678886
-0.678767
-0.678155
-0.677397
-0.674666
-0.65688
-0.619599
-0.568846
-0.507976
-0.43184
-0.338376
-0.22817
-0.0717157
0.274571
0.775032
1.26257
1.67361
1.91965
2.02592
2.05757
-0.675612
-0.675447
-0.674918
-0.674096
-0.67339
-0.661394
-0.622136
-0.566483
-0.498325
-0.414407
-0.308443
-0.183137
-0.0306909
0.323916
0.804702
1.26232
1.62929
1.84642
1.93791
1.95989
-0.674714
-0.675089
-0.676439
-0.679144
-0.681151
-0.669735
-0.627586
-0.568717
-0.495861
-0.406041
-0.297454
-0.175685
-0.0559356
0.240156
0.633412
0.986131
1.27032
1.4335
1.49863
1.51438
-0.669713
-0.670717
-0.671764
-0.673163
-0.673983
-0.664199
-0.630718
-0.576009
-0.50038
-0.405024
-0.299214
-0.189338
-0.0882597
0.12874
0.419723
0.663814
0.845087
0.946199
0.9885
1.00244
-0.682057
-0.681985
-0.674805
-0.653118
-0.628907
-0.630083
-0.63438
-0.590661
-0.510756
-0.412312
-0.31137
-0.213355
-0.126873
0.0293456
0.226601
0.385998
0.493912
0.553817
0.584916
0.599846
-0.738953
-0.735074
-0.72718
-0.70852
-0.693667
-0.693306
-0.691177
-0.623445
-0.526722
-0.419958
-0.321151
-0.240814
-0.180918
-0.0606746
0.0947414
0.210597
0.289186
0.335783
0.362691
0.375228
-0.856789
-0.855944
-0.877746
-0.914225
-0.927016
-0.904745
-0.820704
-0.679749
-0.542701
-0.42385
-0.327299
-0.259842
-0.215829
-0.121737
-0.00178882
0.0975194
0.170235
0.217529
0.242434
0.251745
-0.961882
-0.969303
-1.00527
-1.0446
-1.05741
-1.0232
-0.896601
-0.70648
-0.542509
-0.415693
-0.32329
-0.266901
-0.23456
-0.153452
-0.0505802
0.0321737
0.0945065
0.139038
0.16089
0.167831
-0.906076
-0.916452
-0.948532
-0.983495
-0.997251
-0.95807
-0.822393
-0.650134
-0.501808
-0.387017
-0.3045
-0.25317
-0.221542
-0.157345
-0.0755236
-0.0127389
0.0361668
0.0689966
0.0845512
0.0892184
-0.644777
-0.656854
-0.684594
-0.720866
-0.741787
-0.716186
-0.621745
-0.512456
-0.414124
-0.333076
-0.268105
-0.221301
-0.185968
-0.136818
-0.0819833
-0.0377455
-0.00166037
0.0239535
0.0366003
0.0393386
-0.301052
-0.307729
-0.323738
-0.349217
-0.376802
-0.384824
-0.371383
-0.342474
-0.305829
-0.26541
-0.223104
-0.184668
-0.147689
-0.113979
-0.0826209
-0.0513271
-0.0270583
-0.00944311
-0.00108037
0.000461994
-0.0418189
-0.0448977
-0.0536071
-0.0738478
-0.106156
-0.145611
-0.17835
-0.198863
-0.205778
-0.197838
-0.177627
-0.149998
-0.123725
-0.105407
-0.0868945
-0.0655041
-0.0478013
-0.0353913
-0.029913
-0.0300753
0.081761
0.0800344
0.0747515
0.0585215
0.0267511
-0.0182854
-0.0651498
-0.104893
-0.131624
-0.143284
-0.139143
-0.124472
-0.109632
-0.104129
-0.0954822
-0.0831122
-0.0716134
-0.0644068
-0.0626336
-0.0637426
0.111494
0.110485
0.10673
0.0944331
0.0691621
0.0317684
-0.0106389
-0.0514076
-0.0840891
-0.104614
-0.110669
-0.105721
-0.10031
-0.103669
-0.103465
-0.100834
-0.0985755
-0.0994318
-0.101982
-0.103354
0.0996182
0.0990315
0.0963873
0.0877878
0.069861
0.0425847
0.00937488
-0.025376
-0.0568091
-0.0806515
-0.0924861
-0.0922867
-0.0901229
-0.0964517
-0.106509
-0.114241
-0.121865
-0.129082
-0.134237
-0.135409
0.0750969
0.0747973
0.0729944
0.0672086
0.0549792
0.0357643
0.0109148
-0.0170582
-0.0448208
-0.0688428
-0.0839912
-0.0864483
-0.0831337
-0.0919975
-0.110521
-0.125488
-0.136869
-0.145977
-0.150691
-0.151578
0.0499844
0.0498692
0.0486576
0.0447786
0.0364621
0.0229551
0.00454933
-0.0176644
-0.041984
-0.0663093
-0.0861628
-0.0957506
-0.0951983
-0.105233
-0.125095
-0.138977
-0.148399
-0.154606
-0.157184
-0.157852
0.0287039
0.0286348
0.0278122
0.0251563
0.0194045
0.00973168
-0.00413601
-0.0221018
-0.0439403
-0.0695975
-0.0975583
-0.124763
-0.14257
-0.152834
-0.160485
-0.162393
-0.163298
-0.164024
-0.164396
-0.164928
0.0125752
0.0125633
0.0119118
0.0100591
0.00598369
-0.00107928
-0.0117368
-0.0265819
-0.0464608
-0.0734101
-0.110962
-0.162109
-0.208521
-0.218352
-0.203007
-0.188957
-0.181811
-0.179135
-0.178605
-0.178649
0.00167972
0.00167835
0.00119552
-0.000117218
-0.00297217
-0.00814478
-0.0163527
-0.0285349
-0.0460207
-0.0729863
-0.115993
-0.179839
-0.248148
-0.246478
-0.218333
-0.198953
-0.190901
-0.189542
-0.189169
-0.188586
-0.00438675
-0.00438754
-0.0047337
-0.00564956
-0.00759712
-0.0112313
-0.0173373
-0.0268967
-0.0416378
-0.0649839
-0.105004
-0.16556
-0.220168
-0.211541
-0.18947
-0.178557
-0.177903
-0.1803
-0.180617
-0.179611
-0.00628853
-0.00628648
-0.00652973
-0.00708347
-0.00826358
-0.0106053
-0.014725
-0.0213984
-0.0320059
-0.0491851
-0.0782913
-0.118729
-0.147681
-0.137265
-0.129893
-0.130819
-0.137684
-0.142659
-0.143437
-0.142506
-0.00489909
-0.00488182
-0.00498934
-0.00524616
-0.00583891
-0.00704255
-0.00926027
-0.0129602
-0.0189046
-0.0286269
-0.04389
-0.0613563
-0.0654375
-0.0614016
-0.061814
-0.070035
-0.0789029
-0.083632
-0.0834362
-0.0831428
-0.00321674
-0.00325246
-0.00337749
-0.0035843
-0.00401342
-0.0049444
-0.00665189
-0.00941609
-0.0138645
-0.0212024
-0.0303848
-0.0343911
-0.0198079
-0.029656
-0.0364893
-0.0440139
-0.050025
-0.050246
-0.0501145
-0.015872
-0.434401
-0.0932304
0.124262
0.312627
0.464564
0.585253
0.681299
0.762951
0.822582
0.818066
0.0610131
0.212027
0.352253
0.472988
0.575983
0.661704
0.732192
0.787028
0.820374
0.832602
0.322008
0.417742
0.510855
0.59459
0.667205
0.728883
0.779447
0.818084
0.845511
0.864326
0.500539
0.564482
0.631624
0.693404
0.746509
0.792284
0.83057
0.861498
0.88636
0.904237
0.636552
0.682577
0.734229
0.779829
0.820957
0.857108
0.888412
0.914862
0.936911
0.952353
0.74729
0.784529
0.824865
0.861533
0.895632
0.926558
0.953972
0.977499
0.997127
1.00993
0.844185
0.876336
0.910882
0.943937
0.974989
1.0036
1.02912
1.05089
1.06862
1.07904
0.934765
0.965884
0.999914
1.03304
1.06388
1.09204
1.11684
1.13758
1.15374
1.1623
1.02925
1.06393
1.1006
1.1359
1.1677
1.19586
1.21996
1.23965
1.2544
1.26234
1.14188
1.18215
1.22131
1.25804
1.28976
1.31677
1.33929
1.35749
1.37114
1.3802
1.2856
1.32824
1.36585
1.39949
1.42745
1.4512
1.47178
1.48916
1.50299
1.51411
1.46338
1.50095
1.52893
1.55324
1.57424
1.5935
1.61173
1.62887
1.64475
1.65926
1.66102
1.68204
1.69692
1.7127
1.72896
1.74425
1.75796
1.77121
1.7867
1.80505
1.85161
1.85878
1.86931
1.88085
1.89076
1.89995
1.91019
1.92128
1.93289
1.94175
2.06463
2.0664
2.05847
2.04195
2.0308
2.03022
2.04237
2.06697
2.10109
2.12562
2.48427
2.29038
2.18933
2.13145
2.10231
2.09568
2.11087
2.15169
2.22754
2.37049
-0.449722
-0.454239
-0.414603
-0.342274
-0.251299
-0.151396
0.771028
0.836874
0.82642
0.742504
0.666885
0.59252
0.364301
0.142835
-0.126201
-0.481453
-0.829133
)
;

boundaryField
{
    wall-4
    {
        type            zeroGradient;
    }
    pressure-outlet-7
    {
        type            fixedValue;
        value           uniform 0;
    }
    velocity-inlet-6
    {
        type            zeroGradient;
    }
    velocity-inlet-5
    {
        type            zeroGradient;
    }
    frontAndBackPlanes
    {
        type            empty;
    }
}


// ************************************************************************* //
