/*--------------------------------*- C++ -*----------------------------------*\
  =========                 |
  \\      /  F ield         | OpenFOAM: The Open Source CFD Toolbox
   \\    /   O peration     | Website:  https://openfoam.org
    \\  /    A nd           | Version:  9
     \\/     M anipulation  |
\*---------------------------------------------------------------------------*/
FoamFile
{
    format      ascii;
    class       volScalarField;
    location    "55";
    object      p;
}
// * * * * * * * * * * * * * * * * * * * * * * * * * * * * * * * * * * * * * //

dimensions      [0 2 -2 0 0 0 0];

internalField   nonuniform List<scalar> 
8800
(
0.911491
0.863703
0.825014
0.796019
0.775155
0.760325
0.74973
0.742252
0.737436
0.735385
0.73666
0.740855
0.747504
0.756822
0.769604
0.787339
0.812116
0.846057
0.888607
0.947309
0.742741
0.75042
0.757895
0.761203
0.7597
0.754622
0.748136
0.74206
0.737339
0.734501
0.734228
0.73674
0.741233
0.747182
0.753953
0.760234
0.763875
0.763139
0.757719
0.749029
0.721147
0.727306
0.731433
0.734377
0.736425
0.73703
0.735924
0.733821
0.731808
0.730907
0.731876
0.734263
0.737066
0.739249
0.739857
0.738658
0.736316
0.732923
0.728365
0.724604
0.715342
0.717992
0.720743
0.723145
0.724779
0.725939
0.726681
0.7268
0.726508
0.726465
0.727224
0.728399
0.729242
0.729308
0.728699
0.727608
0.725792
0.723221
0.720818
0.719314
0.709968
0.711393
0.71317
0.7152
0.716983
0.718322
0.719311
0.720109
0.720727
0.721298
0.721957
0.722458
0.722559
0.722272
0.721575
0.720326
0.71863
0.716781
0.715473
0.714642
0.704901
0.705821
0.707061
0.708624
0.710254
0.711777
0.71306
0.714127
0.715095
0.715995
0.716692
0.717024
0.716984
0.716544
0.715662
0.714461
0.713132
0.711871
0.711048
0.710496
0.700006
0.700675
0.701635
0.702934
0.70434
0.705794
0.707231
0.708552
0.709753
0.710867
0.711695
0.712067
0.711983
0.711472
0.710664
0.709714
0.708699
0.707773
0.707188
0.706782
0.695237
0.695753
0.696534
0.69766
0.698933
0.700302
0.701743
0.703213
0.704642
0.705984
0.706996
0.707468
0.707441
0.707052
0.706445
0.705716
0.704939
0.704252
0.703817
0.703501
0.690523
0.690934
0.691587
0.692588
0.693787
0.695108
0.696547
0.698099
0.699719
0.701319
0.702568
0.703225
0.703384
0.703208
0.702818
0.702296
0.70172
0.701224
0.700899
0.700642
0.685779
0.686114
0.686677
0.687599
0.688748
0.690052
0.691524
0.693169
0.694971
0.696853
0.698411
0.699352
0.699779
0.699848
0.699681
0.699377
0.69899
0.698651
0.698411
0.698196
0.680919
0.681196
0.681698
0.682572
0.683702
0.685028
0.68657
0.688351
0.690375
0.692581
0.694528
0.695837
0.696585
0.696933
0.69701
0.696922
0.696724
0.696523
0.69635
0.696164
0.675854
0.676087
0.67655
0.677407
0.678557
0.679949
0.681603
0.683571
0.685881
0.688491
0.690915
0.692665
0.693789
0.694456
0.694804
0.69494
0.694927
0.694852
0.694735
0.69457
0.670496
0.670694
0.671137
0.672007
0.673219
0.67472
0.676541
0.678764
0.681438
0.684557
0.68756
0.689834
0.691396
0.692426
0.693075
0.693447
0.693637
0.693679
0.693607
0.693457
0.664745
0.664915
0.665355
0.666267
0.667582
0.669243
0.671297
0.673855
0.676996
0.680746
0.684451
0.687351
0.689426
0.690872
0.691864
0.69252
0.692906
0.693059
0.693028
0.692886
0.658488
0.658633
0.659086
0.660069
0.661533
0.663414
0.66578
0.668765
0.672491
0.677018
0.681575
0.685223
0.687908
0.689842
0.691222
0.692184
0.692795
0.693066
0.693071
0.692935
0.651589
0.65171
0.652189
0.653276
0.654941
0.657112
0.659874
0.663403
0.667861
0.673339
0.678927
0.683471
0.686879
0.68939
0.691224
0.692535
0.693399
0.693791
0.69383
0.693695
0.643876
0.643972
0.644495
0.64572
0.647643
0.650182
0.653453
0.657669
0.663034
0.669677
0.676511
0.682126
0.686386
0.689576
0.691959
0.693682
0.69482
0.695338
0.695409
0.695272
0.635117
0.635218
0.635794
0.637177
0.63943
0.642448
0.646369
0.65145
0.657946
0.666017
0.674349
0.681235
0.6865
0.690483
0.693515
0.695713
0.697167
0.697821
0.697922
0.697779
0.625019
0.625101
0.625766
0.627373
0.630058
0.633691
0.638433
0.644603
0.652505
0.662323
0.672452
0.680839
0.687292
0.692212
0.695985
0.698749
0.700559
0.701356
0.701486
0.701333
0.613212
0.613278
0.614042
0.615962
0.619202
0.623625
0.629421
0.636972
0.646627
0.658574
0.670852
0.681005
0.68884
0.694857
0.699491
0.702911
0.705115
0.70606
0.706214
0.706048
0.599156
0.599211
0.600117
0.602448
0.60642
0.611885
0.619055
0.628379
0.640234
0.654779
0.669604
0.681811
0.69123
0.698511
0.704149
0.70831
0.710938
0.71203
0.712201
0.712019
0.582091
0.582133
0.583255
0.586169
0.591148
0.598023
0.607026
0.618664
0.633295
0.650991
0.668798
0.683357
0.694575
0.703277
0.710038
0.715028
0.718098
0.719325
0.719502
0.7193
0.56089
0.56093
0.562393
0.56618
0.572606
0.581463
0.592978
0.607669
0.625801
0.647292
0.668536
0.685732
0.698955
0.709242
0.717215
0.723112
0.726611
0.727942
0.72811
0.727886
0.533823
0.533882
0.535927
0.541124
0.549787
0.561561
0.576616
0.595365
0.617869
0.643843
0.668982
0.689066
0.704449
0.716454
0.725737
0.732542
0.736412
0.737792
0.73793
0.737682
0.497874
0.49803
0.501273
0.509072
0.521517
0.537739
0.557838
0.581922
0.609797
0.640957
0.670368
0.693508
0.711143
0.724922
0.735581
0.743216
0.74733
0.748673
0.748754
0.748486
0.447299
0.448261
0.454707
0.467846
0.486866
0.509965
0.53702
0.567841
0.602034
0.638952
0.672891
0.699178
0.719093
0.734626
0.746615
0.754915
0.759075
0.760276
0.760282
0.759998
0.373223
0.38041
0.395329
0.418457
0.447287
0.47959
0.515146
0.553733
0.59496
0.638161
0.676989
0.706687
0.729099
0.746587
0.759981
0.768858
0.772988
0.774036
0.773992
0.773744
0.293497
0.310543
0.334734
0.368517
0.407541
0.449205
0.49336
0.539939
0.588633
0.638847
0.683535
0.71755
0.743135
0.763055
0.778216
0.787594
0.791428
0.792227
0.792202
0.792054
0.227072
0.247169
0.279039
0.321853
0.369889
0.420369
0.472849
0.527256
0.583269
0.640309
0.69061
0.728673
0.757231
0.77929
0.795634
0.805088
0.808679
0.809398
0.809407
0.809307
0.172667
0.194414
0.23178
0.280996
0.336147
0.394061
0.453925
0.515538
0.578447
0.641986
0.697613
0.739465
0.770697
0.794588
0.812009
0.821814
0.82557
0.826377
0.826419
0.82636
0.127335
0.150272
0.191421
0.245724
0.306602
0.370657
0.436857
0.504864
0.574075
0.643691
0.704354
0.749786
0.783553
0.809267
0.827832
0.838383
0.842434
0.843175
0.843256
0.843231
0.0888206
0.112436
0.156441
0.214791
0.28048
0.349756
0.42146
0.495157
0.570115
0.645382
0.71079
0.759623
0.795827
0.823319
0.84304
0.854352
0.858745
0.859575
0.859701
0.859708
0.0551119
0.0791816
0.125459
0.187132
0.25689
0.330709
0.407295
0.486123
0.566354
0.64689
0.716771
0.768825
0.807324
0.836481
0.857285
0.869254
0.874027
0.875029
0.875191
0.875209
0.024731
0.0492029
0.0973391
0.161854
0.235121
0.312917
0.393875
0.477378
0.562496
0.647999
0.722136
0.777234
0.817864
0.848475
0.87026
0.882845
0.887969
0.889197
0.889365
0.889379
-0.00326894
0.0215708
0.0712924
0.138254
0.21461
0.295928
0.380817
0.468604
0.558293
0.648523
0.726757
0.784763
0.827382
0.859338
0.881949
0.895007
0.900392
0.901761
0.901938
0.901941
-0.0296775
-0.00442383
0.0468006
0.115832
0.194941
0.2794
0.367844
0.459569
0.553544
0.648306
0.730541
0.791398
0.835913
0.869092
0.892285
0.90575
0.911294
0.912759
0.912935
0.912919
-0.0548621
-0.0291758
0.0232374
0.0942816
0.175817
0.263096
0.354757
0.450109
0.548112
0.647252
0.733447
0.797164
0.843555
0.87786
0.901665
0.915224
0.920867
0.922392
0.92254
0.922495
-0.0792282
-0.0529765
0.000472238
0.0733423
0.157041
0.246848
0.34143
0.440118
0.541905
0.645278
0.735445
0.8021
0.85041
0.885824
0.910106
0.923743
0.929392
0.9309
0.931031
0.930962
-0.102906
-0.0762447
-0.0216149
0.0528571
0.138494
0.230567
0.327789
0.42954
0.534865
0.64233
0.736516
0.806249
0.856598
0.893175
0.917866
0.931478
0.937039
0.938475
0.938584
0.938492
-0.126023
-0.0988285
-0.0431694
0.0327474
0.120121
0.214218
0.31381
0.418346
0.526964
0.638369
0.736623
0.809639
0.862231
0.900057
0.925079
0.938548
0.943939
0.94527
0.945313
0.94519
-0.148703
-0.120924
-0.0642637
0.0129826
0.101897
0.197798
0.299509
0.40656
0.518205
0.633363
0.735717
0.812256
0.8674
0.906621
0.931895
0.945078
0.950148
0.951297
0.951271
0.951125
-0.170958
-0.142511
-0.0849155
-0.00643771
0.0838547
0.181339
0.28493
0.394221
0.508614
0.627291
0.733734
0.81406
0.872149
0.913016
0.9385
0.951182
0.955739
0.956629
0.956536
0.956381
-0.192631
-0.163553
-0.105061
-0.0254901
0.0660249
0.164903
0.270132
0.381404
0.49825
0.620175
0.730606
0.814969
0.876454
0.919379
0.945184
0.957121
0.960835
0.961322
0.961149
0.960985
-0.2137
-0.184022
-0.124687
-0.0441239
0.0484638
0.148549
0.255205
0.368183
0.487187
0.61204
0.726281
0.814858
0.880214
0.925773
0.952329
0.963405
0.96576
0.96547
0.965161
0.965046
-0.234233
-0.203883
-0.143768
-0.0623084
0.0312342
0.13236
0.240233
0.354663
0.475518
0.602946
0.720712
0.813578
0.883228
0.93209
0.960268
0.9709
0.971426
0.969487
0.968702
0.968853
-0.254055
-0.223111
-0.162245
-0.0799818
0.014394
0.116417
0.225313
0.340952
0.463356
0.592987
0.71389
0.810956
0.885202
0.937964
0.968947
0.980578
0.979838
0.975425
0.972641
0.972124
-0.273262
-0.241697
-0.180137
-0.0971719
-0.00208992
0.100678
0.210389
0.326994
0.450636
0.58209
0.705681
0.806716
0.885814
0.942857
0.97768
0.992655
0.993335
0.987233
0.978849
0.964628
-0.291778
-0.259626
-0.197561
-0.114078
-0.0185011
0.0848131
0.19505
0.312314
0.436829
0.569627
0.695445
0.800075
0.88448
0.946012
0.98468
1.00477
1.00769
0.995437
0.975903
0.963873
-0.309428
-0.277032
-0.214321
-0.130493
-0.0344954
0.0691655
0.17952
0.297233
0.422237
0.555856
0.683251
0.790559
0.880396
0.946293
0.985661
1.00556
1.01142
0.988534
0.920688
0.890163
-0.325542
-0.295153
-0.230084
-0.145903
-0.0492991
0.0542357
0.164111
0.281979
0.407076
0.540899
0.669036
0.777861
0.872181
0.943061
0.975699
0.989961
0.98031
0.926526
0.857389
0.814829
-0.381395
-0.31114
-0.244423
-0.161415
-0.0645139
0.0385707
0.148758
0.266271
0.390977
0.524299
0.652203
0.761344
0.856026
0.933533
0.939102
0.942552
0.893869
0.824034
0.747477
0.704856
-0.342709
-0.32661
-0.265834
-0.182038
-0.0869435
0.0160627
0.125238
0.242091
0.365775
0.497601
0.623419
0.730622
0.817263
0.899054
0.886745
0.774251
0.669453
0.596522
0.523224
0.554073
-0.373851
-0.344375
-0.282643
-0.199638
-0.104547
-0.00169598
0.107744
0.223956
0.34656
0.476546
0.599517
0.702367
0.78008
0.823357
0.7754
0.627129
0.499605
0.40844
0.309751
0.360147
-0.397855
-0.365434
-0.302431
-0.219238
-0.124047
-0.0212902
0.0880738
0.203456
0.324659
0.452228
0.571465
0.668101
0.736673
0.745977
0.639959
0.467442
0.314976
0.19638
0.0653636
0.098356
-0.421369
-0.387389
-0.323182
-0.239065
-0.143756
-0.041131
0.0677268
0.182158
0.301777
0.426565
0.541155
0.630085
0.683124
0.661343
0.50334
0.307378
0.117269
-0.0504986
-0.238953
-0.256992
-0.444296
-0.409849
-0.344731
-0.259827
-0.164338
-0.0619086
0.046323
0.159688
0.277474
0.399104
0.50835
0.589528
0.623488
0.565538
0.373491
0.163326
-0.0537631
-0.242953
-0.48496
-0.783223
-0.467527
-0.433065
-0.367383
-0.281969
-0.186263
-0.0839732
0.0237084
0.135981
0.25184
0.370074
0.473681
0.546626
0.559873
0.450857
0.260629
0.0510419
-0.153091
-0.32536
-0.394559
-0.473971
-0.492022
-0.457486
-0.391488
-0.305817
-0.210031
-0.107968
-0.000922594
0.110095
0.223723
0.338062
0.435688
0.497719
0.486162
0.343522
0.160453
-0.0302054
-0.192833
-0.285649
-0.309739
-0.325666
-0.518094
-0.483427
-0.417221
-0.331458
-0.235775
-0.134105
-0.0279285
0.0815435
0.192543
0.30237
0.393526
0.441687
0.412588
0.244019
0.0697424
-0.0959098
-0.222248
-0.26125
-0.274145
-0.275464
-0.545949
-0.511066
-0.44465
-0.358888
-0.263445
-0.16239
-0.0573276
0.0502797
0.158238
0.263006
0.346816
0.380702
0.33247
0.152224
-0.0130809
-0.161461
-0.237603
-0.254648
-0.255899
-0.255684
-0.575653
-0.540468
-0.473799
-0.388107
-0.293058
-0.192812
-0.0891241
0.0162894
0.12082
0.220042
0.295636
0.318152
0.233832
0.068367
-0.0885817
-0.211136
-0.247817
-0.245967
-0.244833
-0.244173
-0.606922
-0.571457
-0.504568
-0.419027
-0.324529
-0.22532
-0.123287
-0.0204011
0.0803323
0.173586
0.240833
0.246464
0.143654
-0.00954447
-0.148157
-0.223983
-0.234301
-0.236945
-0.237649
-0.237293
-0.639205
-0.603587
-0.536704
-0.451425
-0.357675
-0.259758
-0.159668
-0.059662
0.0369531
0.123997
0.182864
0.173369
0.0621166
-0.0755861
-0.190944
-0.222666
-0.231047
-0.232691
-0.232574
-0.232297
-0.672036
-0.636313
-0.569761
-0.484908
-0.392155
-0.295812
-0.197995
-0.10121
-0.00905309
0.0719829
0.120763
0.104284
-0.0137457
-0.130425
-0.219798
-0.235797
-0.228996
-0.228291
-0.228343
-0.228209
-0.704533
-0.668916
-0.602858
-0.518889
-0.427432
-0.333017
-0.23783
-0.144579
-0.0572313
0.0181624
0.0575046
0.0417412
-0.0815712
-0.176785
-0.220939
-0.233063
-0.22986
-0.227101
-0.225954
-0.2256
-0.735095
-0.700213
-0.635049
-0.552445
-0.46275
-0.370684
-0.278538
-0.18912
-0.106782
-0.0369328
-0.000618786
-0.0264528
-0.136324
-0.230563
-0.225982
-0.236298
-0.233051
-0.226718
-0.223928
-0.222816
-0.76216
-0.728361
-0.665199
-0.584402
-0.497077
-0.407895
-0.319274
-0.234028
-0.156639
-0.0924717
-0.0553125
-0.0888109
-0.173494
-0.276658
-0.301189
-0.266414
-0.240198
-0.228348
-0.223867
-0.222067
-0.783583
-0.751561
-0.69124
-0.613352
-0.529138
-0.443515
-0.358981
-0.27833
-0.205787
-0.147104
-0.111296
-0.133608
-0.175006
-0.277946
-0.344699
-0.277205
-0.249869
-0.24217
-0.238152
-0.235467
-0.797155
-0.767879
-0.711289
-0.637418
-0.557422
-0.476225
-0.39647
-0.320873
-0.253332
-0.199829
-0.163977
-0.166657
-0.123366
-0.113218
-0.14714
-0.217826
-0.264232
-0.278204
-0.278021
-0.278371
-0.800213
-0.775047
-0.723387
-0.654761
-0.580221
-0.504606
-0.430402
-0.360435
-0.298308
-0.250338
-0.208577
-0.21424
-0.11706
0.101887
-0.0494974
-0.213812
-0.292063
-0.311151
-0.3156
-0.318401
-0.790557
-0.7703
-0.725318
-0.663745
-0.596013
-0.527073
-0.459343
-0.395651
-0.339872
-0.297719
-0.254115
-0.31422
-0.380756
-0.31949
-0.358709
-0.404124
-0.406432
-0.400541
-0.400652
-0.402326
-0.766201
-0.750944
-0.715264
-0.663091
-0.603701
-0.542462
-0.4819
-0.42483
-0.376242
-0.341481
-0.321075
-0.485272
-0.830143
-1.32803
-1.24845
-0.84928
-0.609844
-0.515971
-0.490448
-0.483813
-0.729528
-0.719702
-0.693918
-0.652862
-0.603096
-0.550272
-0.496937
-0.446248
-0.403472
-0.377943
-0.372048
-0.503354
-0.674728
-0.917164
-0.888742
-0.59559
-0.411064
-0.338486
-0.320672
-0.315086
-0.687021
-0.681508
-0.665958
-0.635688
-0.595915
-0.550939
-0.504091
-0.458339
-0.418394
-0.391956
-0.383315
-0.293337
-0.0187469
0.362068
0.559507
0.386869
0.111588
-0.0445002
-0.07852
-0.0746577
-0.648108
-0.644849
-0.637315
-0.616749
-0.584957
-0.546337
-0.504341
-0.460786
-0.420308
-0.388713
-0.37875
-0.259505
-0.0610185
0.116515
0.0540759
-0.245056
-0.408813
-0.351287
-0.247814
-0.239829
-0.619271
-0.617254
-0.613497
-0.600424
-0.574645
-0.539762
-0.499758
-0.456006
-0.410968
-0.375152
-0.3637
-0.37426
-0.459257
-0.778122
-1.13826
-1.40588
-1.48813
-1.37098
-1.22222
-1.14073
-0.596592
-0.595787
-0.594624
-0.588057
-0.567524
-0.53443
-0.493086
-0.445411
-0.395093
-0.342109
-0.306631
-0.311364
-0.467656
-0.700321
-0.975771
-1.06624
-0.960444
-0.742334
-0.567738
-0.48808
-0.583069
-0.582728
-0.582268
-0.579564
-0.564043
-0.53075
-0.485483
-0.432805
-0.371302
-0.29767
-0.228757
-0.131479
-0.0688041
-0.0168007
0.0374945
0.154353
0.40051
0.63876
0.787959
0.842282
-0.573742
-0.573591
-0.573266
-0.573115
-0.562695
-0.52897
-0.479616
-0.419814
-0.347223
-0.261756
-0.150954
-0.0024474
0.199761
0.488565
0.843307
1.21902
1.55274
1.77566
1.88615
1.91955
-0.566487
-0.566772
-0.567406
-0.568372
-0.560692
-0.52831
-0.476141
-0.409743
-0.328668
-0.225788
-0.100636
0.0233644
0.26581
0.651715
1.12622
1.55776
1.88914
2.08291
2.16562
2.1859
-0.558034
-0.558386
-0.558675
-0.558398
-0.552608
-0.526547
-0.476695
-0.40639
-0.316762
-0.20733
-0.0846085
0.0458936
0.222507
0.605518
1.02744
1.41094
1.68719
1.83572
1.89558
1.9088
-0.559622
-0.557007
-0.547447
-0.533007
-0.530355
-0.527818
-0.486512
-0.410993
-0.314127
-0.201434
-0.0833472
0.0357973
0.162648
0.452361
0.791615
1.0796
1.28773
1.39587
1.43713
1.44548
-0.604088
-0.598082
-0.58473
-0.572175
-0.572963
-0.571371
-0.515903
-0.42302
-0.31513
-0.200118
-0.0894714
0.0141838
0.107042
0.306634
0.547661
0.746811
0.889188
0.960604
0.987371
0.992431
-0.70188
-0.707746
-0.727523
-0.744507
-0.738387
-0.6907
-0.569783
-0.437344
-0.313909
-0.197667
-0.0978243
-0.012819
0.0603805
0.197272
0.352271
0.477389
0.564489
0.607183
0.622659
0.62571
-0.791489
-0.810979
-0.847063
-0.868143
-0.852642
-0.763905
-0.593465
-0.433409
-0.302535
-0.192402
-0.107053
-0.0376633
0.0196812
0.112146
0.20948
0.281926
0.326188
0.34694
0.355789
0.357212
-0.725993
-0.747147
-0.779906
-0.801945
-0.783235
-0.683789
-0.527992
-0.385799
-0.269126
-0.17692
-0.110267
-0.0605543
-0.0193259
0.0412625
0.100187
0.14273
0.166658
0.176988
0.182137
0.183417
-0.468404
-0.484299
-0.509999
-0.531577
-0.523413
-0.462312
-0.374668
-0.287894
-0.212032
-0.148524
-0.10489
-0.0762116
-0.0516497
-0.00475497
0.0365047
0.0631567
0.0772278
0.0829636
0.0858683
0.0864202
-0.154067
-0.161839
-0.17766
-0.199004
-0.214613
-0.213979
-0.198916
-0.172722
-0.141916
-0.110917
-0.0930366
-0.0906104
-0.0879321
-0.0473826
-0.00859799
0.0172414
0.0311205
0.0381638
0.0412463
0.0416047
0.0698005
0.0665069
0.0555054
0.0327759
-0.000629278
-0.034642
-0.0599156
-0.0732252
-0.0745393
-0.069433
-0.071438
-0.0907232
-0.10181
-0.0580136
-0.0198852
0.00384002
0.0174716
0.023812
0.0259431
0.0257435
0.172544
0.170549
0.161882
0.140732
0.105596
0.0642929
0.0268099
-0.00127664
-0.0183852
-0.0265175
-0.0353168
-0.0541611
-0.0582447
-0.0231427
0.00497424
0.0191483
0.0256272
0.0281271
0.0290562
0.0289958
0.1991
0.197616
0.191076
0.174641
0.146586
0.11188
0.076773
0.0469021
0.0258137
0.0149655
0.0112438
0.00900788
0.0203303
0.0392653
0.0474021
0.0506229
0.051116
0.051624
0.0525112
0.0521949
0.191674
0.19066
0.186208
0.174863
0.155093
0.129492
0.101778
0.0767741
0.0584253
0.0511158
0.0573663
0.0749601
0.100769
0.105593
0.0985867
0.0920055
0.0875916
0.086416
0.0853544
0.0848947
0.172375
0.171782
0.168993
0.16167
0.148541
0.130916
0.11099
0.0924992
0.079575
0.0778131
0.0939384
0.124471
0.154901
0.15278
0.139006
0.129663
0.126323
0.126301
0.125947
0.124814
0.150037
0.149741
0.148114
0.143617
0.135271
0.123707
0.110283
0.0977971
0.090006
0.0928443
0.113874
0.147731
0.177555
0.170223
0.15786
0.151572
0.150604
0.151645
0.151279
0.149898
0.127596
0.127502
0.126633
0.123996
0.118878
0.111559
0.102919
0.0949919
0.0908701
0.0958745
0.116661
0.146541
0.168877
0.16171
0.152294
0.150784
0.152782
0.154388
0.153614
0.152092
0.106059
0.106049
0.105598
0.104127
0.101107
0.0966278
0.0912387
0.0863217
0.0841441
0.0885962
0.10528
0.125938
0.13802
0.129527
0.125803
0.12841
0.132003
0.133033
0.132141
0.131062
0.0854735
0.085524
0.0853336
0.0845688
0.0828975
0.0802385
0.0768968
0.0736414
0.0718416
0.0737094
0.0818077
0.0916825
0.0957383
0.0874004
0.0858403
0.0937649
0.0984757
0.0995894
0.0989474
0.0980763
0.0660247
0.0660849
0.0660314
0.0657068
0.0648518
0.0633678
0.0612707
0.0587977
0.0564164
0.0543717
0.0522384
0.0478044
0.0386479
0.0303206
0.0398429
0.0508698
0.0576738
0.0595585
0.0595499
0.0590464
0.0478366
0.0478776
0.0478998
0.047819
0.0474991
0.0467663
0.0454373
0.0433138
0.0402245
0.0344107
0.0222962
0.00218288
-0.0147164
-0.0145748
-0.000813281
0.0124074
0.019255
0.0214924
0.0219115
0.0216762
0.0311778
0.0311935
0.0312306
0.0313371
0.0313808
0.0311265
0.0304257
0.0286392
0.0251537
0.017473
-0.00116508
-0.032855
-0.0555004
-0.0464701
-0.0271421
-0.013513
-0.00841998
-0.00701539
-0.00635355
-0.00629733
0.0162063
0.0161906
0.0162036
0.0163356
0.0165153
0.0165259
0.0161288
0.0152537
0.0129119
0.00667829
-0.0102531
-0.039597
-0.0655916
-0.0505477
-0.0303364
-0.0204608
-0.0177829
-0.0181795
-0.017667
-0.0173533
0.00296437
0.00294982
0.0029169
0.00296083
0.0031752
0.00337273
0.00340404
0.00327286
0.00288837
0.00207945
-0.000620292
-0.00870005
-0.0202013
-0.0174854
-0.0127545
-0.0119163
-0.0123561
-0.0109948
-0.00822093
-0.00693409
-0.00964412
0.157488
0.352662
0.523006
0.659193
0.766534
0.855347
0.93094
0.965356
0.942081
0.293692
0.414569
0.544641
0.65708
0.751881
0.830353
0.893897
0.939013
0.961602
0.97369
0.512948
0.595881
0.684788
0.763322
0.830879
0.887406
0.932366
0.965219
0.988968
1.00696
0.674
0.733344
0.795102
0.852275
0.902009
0.944254
0.978955
1.00664
1.02945
1.04775
0.799611
0.842789
0.888808
0.932671
0.971421
1.00527
1.03425
1.05837
1.07877
1.0966
0.904037
0.936951
0.975104
1.01068
1.04335
1.07263
1.09822
1.11973
1.13759
1.15493
0.996651
1.02537
1.05936
1.09152
1.1215
1.14869
1.17245
1.19219
1.2077
1.22477
1.08528
1.1145
1.14852
1.18058
1.2102
1.2368
1.25968
1.27817
1.29155
1.30858
1.18062
1.21384
1.25049
1.28408
1.31413
1.34033
1.36229
1.37957
1.39144
1.40884
1.29563
1.33346
1.37211
1.40636
1.43572
1.46047
1.48084
1.49674
1.50821
1.52628
1.44058
1.47913
1.51527
1.54596
1.57164
1.59374
1.6128
1.62833
1.64076
1.65875
1.61566
1.64729
1.67347
1.69592
1.71589
1.73462
1.75234
1.76882
1.78417
1.80223
1.80428
1.82148
1.83652
1.85275
1.86866
1.88319
1.8964
1.91033
1.92787
1.94802
1.986
1.99554
2.00708
2.01789
2.02718
2.03676
2.04754
2.05891
2.07027
2.08563
2.19324
2.1969
2.18195
2.16715
2.16087
2.16654
2.18502
2.21534
2.24751
2.27417
2.49956
2.36469
2.28806
2.24567
2.22825
2.23222
2.25961
2.31603
2.41865
2.64301
0.80209
0.799962
0.795478
0.786853
0.774628
0.762498
0.752268
0.744371
0.738753
0.735497
0.735141
0.737877
0.742979
0.7502
0.759586
0.771124
0.783774
0.794807
0.800919
0.803972
0.726545
0.732391
0.738724
0.743215
0.745685
0.745359
0.74262
0.738809
0.735298
0.733036
0.732887
0.735082
0.738742
0.743028
0.746833
0.748714
0.747776
0.744293
0.73913
0.732509
0.71812
0.720416
0.72382
0.726814
0.728888
0.730382
0.731136
0.730818
0.729791
0.728906
0.729078
0.730501
0.732313
0.733615
0.733792
0.732899
0.731347
0.72901
0.725745
0.722824
0.712611
0.713697
0.715529
0.717906
0.719927
0.721353
0.722371
0.72312
0.723519
0.723739
0.724227
0.725029
0.725621
0.725683
0.725266
0.724413
0.722941
0.720854
0.718766
0.717383
0.70741
0.708073
0.70918
0.710882
0.712661
0.71429
0.715583
0.716595
0.717474
0.718261
0.718985
0.71953
0.719716
0.719542
0.718969
0.717909
0.716477
0.714931
0.713611
0.71283
0.702437
0.702897
0.703682
0.704978
0.706461
0.707974
0.709435
0.710728
0.71186
0.71291
0.713818
0.714376
0.714512
0.714228
0.713523
0.712526
0.711395
0.710259
0.709341
0.708824
0.697612
0.697956
0.698566
0.699631
0.70092
0.702289
0.703722
0.705162
0.706528
0.707801
0.708901
0.709579
0.709743
0.709456
0.708846
0.70806
0.707202
0.70633
0.705655
0.705276
0.692881
0.693149
0.69364
0.694545
0.695709
0.696999
0.698387
0.699867
0.701398
0.702908
0.704242
0.705094
0.705378
0.705241
0.704834
0.704263
0.703605
0.702959
0.702464
0.702175
0.688163
0.688376
0.688785
0.689579
0.690661
0.691902
0.693278
0.694802
0.696461
0.698202
0.699816
0.700921
0.701436
0.701533
0.701351
0.700994
0.700539
0.700082
0.699726
0.6995
0.683372
0.683544
0.683894
0.684614
0.685649
0.686867
0.688268
0.689872
0.691683
0.693672
0.695619
0.69707
0.697897
0.698273
0.698334
0.698201
0.697952
0.697665
0.697423
0.697243
0.678421
0.678559
0.678868
0.679543
0.68056
0.6818
0.683264
0.684991
0.687006
0.689296
0.691651
0.693533
0.694736
0.695433
0.695772
0.695875
0.69583
0.695705
0.69556
0.695415
0.673221
0.673333
0.673613
0.674268
0.675303
0.676609
0.678182
0.680083
0.682369
0.685043
0.687901
0.690301
0.691947
0.693015
0.693666
0.694024
0.694187
0.694226
0.694165
0.694048
0.66768
0.667769
0.668033
0.668692
0.66978
0.671196
0.67293
0.675075
0.677709
0.680871
0.684348
0.687369
0.689537
0.691035
0.692035
0.692691
0.693086
0.693276
0.69329
0.693194
0.661691
0.661759
0.662016
0.662704
0.663882
0.665454
0.667415
0.669882
0.672961
0.676734
0.680968
0.684737
0.687525
0.689525
0.690927
0.691914
0.692561
0.692916
0.693
0.692922
0.65513
0.655178
0.655436
0.656173
0.657483
0.659267
0.661527
0.664406
0.66805
0.672578
0.677735
0.682407
0.685933
0.688528
0.690397
0.691753
0.692694
0.693225
0.693379
0.693315
0.647845
0.647875
0.648138
0.648949
0.650434
0.652496
0.655138
0.658543
0.662896
0.668353
0.674632
0.68039
0.684796
0.688092
0.690518
0.692308
0.693583
0.694303
0.694526
0.694473
0.639649
0.639667
0.639931
0.64084
0.642554
0.644959
0.648096
0.652169
0.657408
0.664015
0.67166
0.678714
0.684162
0.688282
0.691363
0.693681
0.695331
0.696258
0.69655
0.696506
0.630233
0.63022
0.630547
0.631592
0.633594
0.636451
0.64022
0.645137
0.651487
0.659512
0.668812
0.677414
0.684091
0.68918
0.693031
0.695964
0.698046
0.699203
0.699568
0.69953
0.619321
0.619283
0.619654
0.620893
0.623264
0.626706
0.631279
0.637266
0.64501
0.654788
0.666091
0.676528
0.684648
0.690876
0.695629
0.699271
0.701855
0.70326
0.703697
0.70366
0.606436
0.606371
0.606819
0.608309
0.611163
0.61537
0.620984
0.628346
0.637849
0.649787
0.663498
0.676108
0.685908
0.693457
0.699268
0.703723
0.70687
0.708539
0.709043
0.709005
0.59094
0.590845
0.591416
0.593255
0.596758
0.601986
0.608985
0.618146
0.629903
0.644522
0.661116
0.676247
0.68797
0.697018
0.704041
0.70942
0.713186
0.715124
0.715686
0.715639
0.571903
0.571781
0.572551
0.574903
0.57932
0.585967
0.594856
0.606416
0.62107
0.639
0.65901
0.677034
0.690928
0.701661
0.710021
0.716434
0.720859
0.723052
0.723653
0.723591
0.547934
0.547795
0.548894
0.552038
0.557831
0.566551
0.578121
0.592946
0.611345
0.633327
0.657322
0.678595
0.69488
0.707459
0.717261
0.724805
0.729879
0.732286
0.732895
0.73281
0.51673
0.51661
0.518317
0.522835
0.530915
0.542861
0.55836
0.577663
0.600855
0.627713
0.656256
0.681093
0.69993
0.714467
0.725811
0.734514
0.740156
0.742686
0.743261
0.743144
0.474175
0.474215
0.477255
0.484634
0.496948
0.514162
0.535479
0.560823
0.589998
0.622558
0.656126
0.684726
0.70619
0.722732
0.735639
0.745441
0.751474
0.753978
0.754465
0.754313
0.412571
0.413754
0.421192
0.434952
0.454995
0.480576
0.510073
0.543097
0.579334
0.618243
0.657139
0.689599
0.713691
0.732188
0.74656
0.757258
0.763457
0.7657
0.766017
0.765837
0.339405
0.341132
0.355374
0.379014
0.409907
0.445374
0.483817
0.52506
0.56891
0.61487
0.659978
0.697232
0.724773
0.745814
0.762032
0.773775
0.780082
0.782179
0.782463
0.782377
0.263845
0.269961
0.291006
0.324813
0.366054
0.411125
0.458482
0.507993
0.559537
0.612659
0.664186
0.706434
0.737554
0.761319
0.77961
0.792211
0.798241
0.799943
0.800167
0.800147
0.20204
0.210445
0.236049
0.276835
0.326163
0.379426
0.434817
0.49207
0.55097
0.611008
0.66869
0.715644
0.750077
0.776239
0.796076
0.809231
0.815245
0.816776
0.817072
0.81711
0.151755
0.160755
0.189896
0.235899
0.291349
0.351219
0.413415
0.477513
0.543127
0.609626
0.673127
0.724531
0.762032
0.790384
0.81171
0.825614
0.831758
0.8337
0.83409
0.834174
0.109614
0.118901
0.150494
0.20049
0.260964
0.326315
0.394275
0.464348
0.535996
0.608454
0.67742
0.733036
0.773473
0.803962
0.826772
0.841648
0.848344
0.850598
0.85103
0.851103
0.0732717
0.0826777
0.116121
0.169318
0.23394
0.303967
0.376952
0.452324
0.529436
0.60739
0.681476
0.741073
0.784294
0.816819
0.84109
0.856875
0.864275
0.866726
0.867231
0.867308
0.0410702
0.0505231
0.0853916
0.141293
0.209396
0.283454
0.360882
0.441018
0.523128
0.606191
0.685104
0.74847
0.794323
0.828705
0.854293
0.870944
0.878975
0.881657
0.882199
0.882274
0.0117463
0.0212507
0.0572878
0.11553
0.18662
0.264203
0.345578
0.430031
0.516752
0.604619
0.688136
0.755104
0.803416
0.839507
0.866244
0.883613
0.892191
0.895072
0.895636
0.895694
-0.0155568
-0.00599279
0.0310915
0.0913167
0.165077
0.245779
0.330684
0.419065
0.510062
0.602475
0.690429
0.760892
0.81156
0.84925
0.876956
0.894915
0.903819
0.906849
0.907437
0.907466
-0.0413921
-0.0317606
0.00630307
0.0682211
0.144382
0.227859
0.315943
0.407906
0.502874
0.599606
0.691884
0.765807
0.818797
0.857982
0.886592
0.904943
0.913994
0.917127
0.917754
0.91776
-0.0662633
-0.0564533
-0.0175378
0.0459923
0.124267
0.210221
0.301175
0.396405
0.495068
0.595914
0.692436
0.76985
0.8252
0.865858
0.895255
0.913902
0.923025
0.926167
0.926774
0.926769
-0.090394
-0.0803521
-0.0406766
0.02441
0.104558
0.192725
0.286264
0.384478
0.486565
0.591327
0.692035
0.773026
0.83084
0.873025
0.903188
0.922043
0.931139
0.934222
0.934782
0.934729
-0.11389
-0.103635
-0.0631323
0.00332375
0.0851523
0.175306
0.271161
0.372081
0.477326
0.585791
0.690639
0.775345
0.835795
0.879636
0.910561
0.929507
0.938477
0.941447
0.941942
0.941871
-0.136902
-0.126337
-0.0850744
-0.0173298
0.0660077
0.15793
0.255853
0.359209
0.467346
0.579291
0.688202
0.776779
0.840119
0.885822
0.917514
0.936427
0.945169
0.947944
0.948338
0.948229
-0.159395
-0.148545
-0.106533
-0.0375833
0.0471186
0.14061
0.240372
0.345901
0.45665
0.571821
0.684683
0.777273
0.843838
0.891699
0.924214
0.94294
0.951253
0.953722
0.953985
0.953844
-0.18142
-0.170255
-0.127444
-0.0574205
0.0285073
0.123382
0.224761
0.332216
0.445293
0.563405
0.680043
0.776753
0.846919
0.897347
0.930862
0.949272
0.956875
0.958852
0.958953
0.958787
-0.202799
-0.191391
-0.147803
-0.0767964
0.0102216
0.106317
0.209088
0.318224
0.433346
0.554099
0.67426
0.775131
0.849267
0.902773
0.9377
0.955812
0.962327
0.963457
0.96329
0.963112
-0.223672
-0.211911
-0.167594
-0.0956894
-0.00770532
0.0894535
0.193443
0.304007
0.4209
0.543982
0.66734
0.772304
0.850723
0.907867
0.944895
0.963133
0.968275
0.967888
0.967073
0.966876
-0.243871
-0.231789
-0.186782
-0.114053
-0.0251934
0.0728781
0.17791
0.289686
0.408062
0.533121
0.659324
0.768173
0.851077
0.912365
0.952363
0.971831
0.976037
0.973399
0.970829
0.969812
-0.263457
-0.251067
-0.205315
-0.131834
-0.0422053
0.0566599
0.162572
0.275342
0.394946
0.521651
0.650283
0.76264
0.85009
0.915857
0.959564
0.981908
0.987148
0.983162
0.97663
0.968052
-0.282346
-0.269701
-0.223285
-0.149185
-0.0589485
0.0405261
0.147097
0.260578
0.381107
0.509075
0.639684
0.755146
0.847247
0.91794
0.965769
0.992537
1.00182
0.998319
0.988277
0.982622
-0.300487
-0.287614
-0.240679
-0.166077
-0.0754257
0.0244812
0.1315
0.245375
0.366499
0.495274
0.627337
0.745306
0.841768
0.917823
0.968949
0.999246
1.01098
1.01187
0.974198
0.922246
-0.317587
-0.304023
-0.257357
-0.182433
-0.0917375
0.00837375
0.11573
0.229849
0.351179
0.480306
0.613169
0.732882
0.83256
0.914931
0.966887
0.99259
1.0044
0.98665
0.930095
0.867761
-0.333972
-0.319489
-0.273184
-0.197541
-0.107419
-0.00733332
0.099561
0.214053
0.335292
0.464341
0.597206
0.717642
0.818409
0.909915
0.957108
0.996708
0.961877
0.913719
0.842611
0.775567
-0.319951
-0.301708
-0.251408
-0.171366
-0.075267
0.0278518
0.140053
0.257356
0.381762
0.514674
0.642176
0.75114
0.844289
0.940484
0.976753
0.895472
0.843354
0.776585
0.702945
0.654713
-0.344297
-0.327988
-0.29175
-0.221291
-0.131539
-0.0324699
0.0747224
0.188658
0.309256
0.437239
0.568538
0.687627
0.78638
0.870041
0.943973
0.93302
0.808465
0.72227
0.657668
0.574866
-0.364334
-0.348657
-0.306794
-0.23501
-0.144763
-0.0460747
0.0600112
0.173048
0.292713
0.419332
0.549026
0.6661
0.76162
0.833864
0.859989
0.780662
0.639012
0.541873
0.465753
0.377942
-0.38486
-0.37223
-0.325862
-0.252886
-0.162563
-0.0634657
0.0426002
0.155355
0.274151
0.399295
0.526219
0.638723
0.724995
0.783042
0.759649
0.626952
0.474124
0.356057
0.257632
0.121877
-0.408574
-0.395533
-0.347006
-0.272803
-0.182276
-0.0830729
0.022883
0.135089
0.252814
0.376095
0.499637
0.606598
0.684043
0.720497
0.661341
0.478124
0.296896
0.144301
0.00416993
-0.191699
-0.43132
-0.418588
-0.368862
-0.293376
-0.202377
-0.10321
0.00236892
0.113754
0.230152
0.351179
0.470867
0.571546
0.641389
0.643032
0.5342
0.336954
0.124782
-0.0744451
-0.248652
-0.638765
-0.454174
-0.441775
-0.391512
-0.315087
-0.223694
-0.124488
-0.019296
0.0912465
0.206193
0.324703
0.440145
0.533547
0.591937
0.561242
0.410704
0.211294
-0.00491289
-0.215338
-0.393414
-0.667429
-0.477991
-0.465727
-0.415211
-0.338197
-0.246533
-0.147279
-0.0424303
0.0672906
0.180722
0.296528
0.407429
0.493291
0.53667
0.489366
0.300316
0.107991
-0.088316
-0.25422
-0.325818
-0.364449
-0.503269
-0.491127
-0.440349
-0.36301
-0.271277
-0.17215
-0.0678009
0.0408691
0.152461
0.265075
0.370776
0.448579
0.475525
0.393717
0.202156
0.021889
-0.141389
-0.24694
-0.284566
-0.293709
-0.530216
-0.518088
-0.467101
-0.38955
-0.297875
-0.199061
-0.0954287
0.01193
0.121319
0.230246
0.330035
0.399553
0.400151
0.289007
0.112663
-0.0539577
-0.192268
-0.247224
-0.259209
-0.264088
-0.559039
-0.546819
-0.495552
-0.417836
-0.326328
-0.228014
-0.12532
-0.0195702
0.0872598
0.192073
0.285278
0.345671
0.321771
0.191172
0.0295908
-0.127082
-0.225528
-0.254067
-0.250071
-0.25004
-0.589442
-0.57742
-0.525671
-0.447837
-0.356603
-0.258969
-0.157464
-0.0536182
0.0502998
0.150576
0.236794
0.285843
0.253093
0.101348
-0.045679
-0.182794
-0.223273
-0.235602
-0.240411
-0.240509
-0.621282
-0.609249
-0.557249
-0.479389
-0.38857
-0.291824
-0.191772
-0.0901378
0.0104973
0.10593
0.184765
0.223087
0.183991
0.0243836
-0.111424
-0.205931
-0.250751
-0.237957
-0.235244
-0.234962
-0.654035
-0.641981
-0.589974
-0.512165
-0.421945
-0.326335
-0.228017
-0.128922
-0.0319401
0.0584718
0.129623
0.159695
0.09932
-0.043088
-0.163681
-0.212196
-0.228569
-0.23012
-0.230628
-0.23053
-0.686955
-0.674967
-0.622999
-0.545613
-0.456272
-0.36209
-0.265849
-0.169626
-0.0766378
0.00856328
0.07272
0.0885083
0.0188075
-0.103195
-0.195848
-0.217278
-0.223701
-0.227238
-0.227202
-0.227139
-0.718809
-0.707264
-0.655462
-0.579023
-0.490859
-0.398485
-0.304707
-0.211714
-0.122971
-0.0432988
0.0159303
0.019051
-0.0499243
-0.160312
-0.225972
-0.266883
-0.24175
-0.229733
-0.225596
-0.224508
-0.748128
-0.737084
-0.686308
-0.61103
-0.524762
-0.434679
-0.343833
-0.254471
-0.170142
-0.0961272
-0.0406798
-0.0414469
-0.108155
-0.20669
-0.270271
-0.248186
-0.239874
-0.230855
-0.225217
-0.223141
-0.773218
-0.762879
-0.713601
-0.640478
-0.556747
-0.469566
-0.382237
-0.296978
-0.217239
-0.148555
-0.0976659
-0.0926345
-0.147349
-0.228331
-0.32781
-0.295053
-0.257775
-0.237474
-0.229002
-0.226047
-0.791712
-0.78231
-0.735375
-0.665429
-0.585294
-0.501903
-0.418744
-0.338117
-0.263288
-0.199653
-0.152999
-0.138304
-0.159999
-0.174557
-0.198997
-0.23994
-0.2547
-0.260886
-0.259435
-0.255914
-0.801579
-0.792997
-0.749547
-0.683964
-0.608599
-0.530148
-0.452052
-0.37663
-0.307213
-0.248532
-0.203992
-0.18157
-0.162083
-0.0168437
-0.0196123
-0.144136
-0.245291
-0.285367
-0.293277
-0.294324
-0.798388
-0.791389
-0.754441
-0.694165
-0.624938
-0.552701
-0.480683
-0.411253
-0.34779
-0.294308
-0.254971
-0.237604
-0.243341
-0.107348
-0.0419042
-0.20791
-0.313728
-0.344124
-0.349564
-0.352452
-0.780879
-0.776106
-0.74707
-0.694653
-0.632934
-0.568192
-0.503223
-0.440456
-0.383527
-0.336983
-0.307761
-0.331147
-0.488609
-0.728695
-0.808131
-0.68971
-0.560457
-0.483779
-0.463611
-0.458925
-0.749507
-0.746073
-0.726288
-0.68443
-0.632053
-0.575858
-0.518576
-0.462778
-0.412295
-0.373908
-0.355544
-0.420869
-0.687288
-1.20003
-1.43599
-1.09924
-0.710186
-0.537435
-0.480005
-0.461427
-0.708724
-0.706569
-0.695244
-0.665484
-0.623225
-0.575966
-0.526351
-0.476886
-0.431582
-0.397543
-0.388838
-0.39472
-0.365327
-0.228659
-0.125848
-0.0672476
-0.0843158
-0.147715
-0.161699
-0.159129
-0.666823
-0.665578
-0.659951
-0.64205
-0.609914
-0.570008
-0.527211
-0.482479
-0.439688
-0.404216
-0.387074
-0.327987
-0.0920745
0.275917
0.62926
0.538853
0.274949
0.0658718
-0.0124303
-0.0180151
-0.632412
-0.631767
-0.629057
-0.618458
-0.595066
-0.561815
-0.523183
-0.480868
-0.437417
-0.398613
-0.374551
-0.354657
-0.286266
-0.322266
-0.508657
-0.843519
-1.10022
-1.07806
-0.949588
-0.84668
-0.607101
-0.606347
-0.604901
-0.600625
-0.583874
-0.554858
-0.517255
-0.474331
-0.427887
-0.379503
-0.346987
-0.338001
-0.430248
-0.674229
-1.05003
-1.29385
-1.36688
-1.26206
-1.08009
-0.935713
-0.589132
-0.588815
-0.588173
-0.586401
-0.576623
-0.550338
-0.511723
-0.465371
-0.411592
-0.353334
-0.290929
-0.232728
-0.245356
-0.332888
-0.453371
-0.537075
-0.442511
-0.212575
-0.00585658
0.110748
-0.578066
-0.577952
-0.577628
-0.577055
-0.572558
-0.548743
-0.507454
-0.455111
-0.393715
-0.322133
-0.233026
-0.146548
0.0346354
0.199571
0.406821
0.632082
0.919345
1.19884
1.38251
1.4635
-0.570068
-0.570121
-0.570121
-0.570546
-0.568911
-0.548628
-0.50479
-0.44713
-0.378262
-0.292109
-0.184872
-0.0614512
0.112644
0.400859
0.812505
1.26644
1.65953
1.93664
2.08543
2.13906
-0.562161
-0.562575
-0.563363
-0.56454
-0.563567
-0.54678
-0.503686
-0.44337
-0.366237
-0.27059
-0.155475
-0.0228033
0.131961
0.437215
0.885814
1.32522
1.69408
1.93165
2.04686
2.08414
-0.555367
-0.555695
-0.553712
-0.548989
-0.543872
-0.537233
-0.506485
-0.446643
-0.363419
-0.261892
-0.145077
-0.0184685
0.0991562
0.33991
0.729729
1.09261
1.39058
1.57187
1.6562
1.68177
-0.575409
-0.5737
-0.563724
-0.54345
-0.531706
-0.540197
-0.526195
-0.460364
-0.367312
-0.258361
-0.143706
-0.0294319
0.0774432
0.234475
0.526858
0.792297
1.0057
1.13502
1.19249
1.2094
-0.648665
-0.644907
-0.643057
-0.645414
-0.647563
-0.6452
-0.591184
-0.4874
-0.372532
-0.257085
-0.14529
-0.0449619
0.0441034
0.152068
0.347589
0.527991
0.667017
0.749742
0.7858
0.796094
-0.759879
-0.762015
-0.786921
-0.819475
-0.82568
-0.791127
-0.669291
-0.512016
-0.371108
-0.251696
-0.147993
-0.0630619
0.00920762
0.0895041
0.217263
0.327993
0.407832
0.453288
0.47247
0.479206
-0.78378
-0.793144
-0.823468
-0.853763
-0.858561
-0.80843
-0.661226
-0.491027
-0.348243
-0.235225
-0.14538
-0.0779703
-0.0229923
0.0334938
0.112581
0.18114
0.223975
0.246
0.255482
0.25899
-0.612229
-0.623145
-0.650222
-0.679888
-0.687611
-0.638811
-0.521386
-0.398392
-0.28934
-0.201094
-0.133835
-0.0882156
-0.0516283
-0.010731
0.0418424
0.0816859
0.107138
0.119231
0.124777
0.127356
-0.30385
-0.311248
-0.327648
-0.349433
-0.364443
-0.35223
-0.310834
-0.257277
-0.203074
-0.152756
-0.113062
-0.0906778
-0.0766232
-0.0493199
-0.00617855
0.0270992
0.0442945
0.0524427
0.0565796
0.0582722
-0.0244137
-0.0278509
-0.0363686
-0.0541846
-0.0794742
-0.10382
-0.119741
-0.122997
-0.114544
-0.0986407
-0.0853346
-0.0876828
-0.100269
-0.0797708
-0.038487
-0.00553286
0.0154764
0.0263725
0.0311927
0.0324595
0.13509
0.133193
0.128049
0.112545
0.0827531
0.0427041
0.00484786
-0.0240694
-0.0408268
-0.0470219
-0.0504362
-0.0648715
-0.0887736
-0.0647979
-0.0257503
0.000366903
0.0144156
0.0209592
0.0234194
0.0239842
0.192895
0.191717
0.187839
0.17509
0.149222
0.112575
0.0736165
0.0390753
0.0137271
-0.00105959
-0.00894538
-0.0181217
-0.0287374
-0.00518243
0.017861
0.0297958
0.0356567
0.0382136
0.0394084
0.0397483
0.198214
0.197463
0.194679
0.185502
0.166561
0.138881
0.107394
0.0770268
0.0524568
0.0372084
0.0335801
0.0382563
0.0485583
0.0656082
0.0739476
0.072362
0.0689502
0.0672071
0.067762
0.0673767
0.182928
0.182532
0.180731
0.174696
0.161958
0.142785
0.119792
0.0964438
0.0771193
0.0661494
0.0693601
0.0887865
0.116466
0.133121
0.125576
0.116361
0.109581
0.106837
0.10623
0.105524
0.161365
0.161221
0.160162
0.156434
0.148293
0.135646
0.119938
0.103562
0.0902171
0.0844373
0.094049
0.121712
0.157385
0.175234
0.158237
0.145955
0.141429
0.141308
0.14187
0.140725
0.13869
0.138716
0.138168
0.135991
0.130999
0.122981
0.112753
0.101941
0.0934981
0.0916373
0.104278
0.133359
0.166549
0.179486
0.163867
0.155385
0.154016
0.155658
0.155923
0.154514
0.116644
0.116713
0.116469
0.115257
0.112318
0.107404
0.100979
0.0941526
0.0891401
0.089254
0.101024
0.125834
0.150122
0.154301
0.14373
0.141101
0.142993
0.145685
0.145984
0.144627
0.0955471
0.0956703
0.0955738
0.0949483
0.0933102
0.0904184
0.0864892
0.0821941
0.0790178
0.0791863
0.0868786
0.102794
0.1166
0.115394
0.107275
0.109472
0.114085
0.116994
0.116782
0.115874
0.0755262
0.0756506
0.0756443
0.0753742
0.0745322
0.0729182
0.070546
0.0677283
0.0651884
0.0639354
0.0654791
0.0690134
0.0696015
0.0628141
0.0596327
0.0686467
0.0760743
0.0796899
0.0800961
0.0794871
0.0566885
0.0567934
0.0568175
0.0567406
0.0564046
0.0556113
0.0542234
0.0522315
0.0497345
0.0464624
0.0410855
0.0308393
0.0173564
0.00714017
0.0116666
0.0248296
0.034904
0.0390195
0.0400018
0.0400263
0.0392509
0.0393227
0.0393362
0.0393787
0.0393958
0.039123
0.0384218
0.0369963
0.0343565
0.0296889
0.0189411
-0.0035548
-0.0301872
-0.0377313
-0.0254247
-0.00853481
0.00130385
0.00498849
0.00594624
0.00636529
0.0234213
0.0234557
0.0234448
0.0235303
0.0237048
0.0237521
0.0234219
0.02252
0.0205176
0.0158665
0.00372146
-0.0243626
-0.0603916
-0.0620863
-0.042266
-0.0246914
-0.0171431
-0.0150982
-0.0148265
-0.0141966
0.00296434
0.0029295
0.00292355
0.00304724
0.00329239
0.00340913
0.00335894
0.00311706
0.00256388
0.00111032
-0.00383969
-0.0150554
-0.0206812
-0.0143109
-0.0117003
-0.0124366
-0.0120826
-0.00952694
-0.00742391
-0.014609
-1.04626
-0.366603
0.083583
0.343114
0.529976
0.673244
0.784533
0.874918
0.971646
1.06334
0.00454876
0.199776
0.377888
0.52795
0.653439
0.755773
0.839152
0.907446
0.949856
0.953782
0.338111
0.453752
0.567014
0.667813
0.754516
0.827619
0.887509
0.933036
0.962356
0.979996
0.548987
0.627624
0.705627
0.776985
0.839213
0.89236
0.936111
0.970451
0.996584
1.01566
0.703521
0.756905
0.815831
0.86901
0.915547
0.956066
0.990472
1.01903
1.04242
1.05942
0.825749
0.866562
0.912306
0.952436
0.989668
1.0229
1.05201
1.0769
1.09772
1.11196
0.928389
0.962801
0.999802
1.034
1.06618
1.09574
1.12203
1.14459
1.16324
1.17497
1.02152
1.05251
1.08643
1.11898
1.14967
1.17797
1.20305
1.22429
1.24122
1.25074
1.11242
1.14492
1.18018
1.21414
1.24541
1.27365
1.29818
1.31847
1.33391
1.34211
1.2143
1.25177
1.29002
1.32624
1.35825
1.38609
1.40951
1.42848
1.44261
1.45109
1.34116
1.38351
1.42267
1.45851
1.48889
1.51454
1.53607
1.55368
1.56717
1.57734
1.50265
1.54409
1.57778
1.60731
1.63182
1.65333
1.6729
1.69032
1.70505
1.71774
1.69304
1.72383
1.74505
1.76417
1.78222
1.79944
1.81564
1.83145
1.84796
1.86488
1.89087
1.90226
1.9133
1.92739
1.94166
1.9545
1.96585
1.9767
1.9896
2.00648
2.07666
2.08656
2.0952
2.09764
2.09851
2.10276
2.11355
2.12949
2.14711
2.15171
2.37769
2.32229
2.27145
2.23121
2.20881
2.20476
2.21826
2.25206
2.3085
2.38405
0.944304
0.885609
0.843129
0.809269
0.784611
0.767056
0.754544
0.745612
0.739495
0.736008
0.735612
0.738465
0.743899
0.751832
0.762751
0.777803
0.798811
0.827906
0.866668
0.914494
0.745856
0.754614
0.760145
0.760966
0.75748
0.751431
0.744993
0.739514
0.735669
0.734008
0.735172
0.738759
0.744033
0.750505
0.75727
0.762539
0.764164
0.760928
0.753587
0.745919
0.722892
0.724922
0.729526
0.733035
0.735543
0.736966
0.736672
0.734928
0.732728
0.731148
0.731152
0.732968
0.735681
0.738299
0.739777
0.739437
0.737581
0.734781
0.730731
0.726349
0.715985
0.716851
0.719333
0.722044
0.72405
0.725405
0.726383
0.726824
0.72667
0.726404
0.726741
0.727813
0.728899
0.729372
0.729064
0.728216
0.726805
0.724567
0.721929
0.719963
0.710338
0.710799
0.712193
0.714211
0.716145
0.717714
0.718849
0.719735
0.720441
0.721003
0.721619
0.722247
0.722559
0.722458
0.721982
0.721016
0.719508
0.717682
0.716036
0.715019
0.70516
0.705447
0.706363
0.707828
0.709448
0.711043
0.712456
0.713615
0.714622
0.715557
0.716376
0.716905
0.717048
0.716815
0.71615
0.715085
0.713795
0.712478
0.711391
0.710766
0.7002
0.700402
0.701088
0.702256
0.703632
0.705066
0.706525
0.707913
0.709167
0.710326
0.711326
0.711937
0.712079
0.711772
0.711091
0.710197
0.709213
0.708214
0.707429
0.70699
0.695388
0.69554
0.696085
0.697063
0.698283
0.699609
0.701018
0.702482
0.703939
0.70533
0.706542
0.707298
0.707507
0.707279
0.706767
0.706089
0.705333
0.704576
0.703997
0.703667
0.690642
0.690761
0.691207
0.692051
0.69317
0.694436
0.695815
0.697313
0.698908
0.700533
0.702001
0.702967
0.703354
0.703327
0.703032
0.702568
0.702009
0.701456
0.701035
0.70078
0.685873
0.68597
0.686346
0.687099
0.688155
0.689382
0.690768
0.692328
0.694056
0.695916
0.697689
0.698955
0.699617
0.699848
0.699786
0.69954
0.699185
0.698811
0.698515
0.698314
0.680993
0.681073
0.681399
0.682093
0.683116
0.684342
0.685773
0.687432
0.689337
0.691467
0.693607
0.695263
0.696269
0.696799
0.696998
0.696978
0.696829
0.696621
0.696429
0.696268
0.675913
0.675979
0.676271
0.676932
0.677953
0.679225
0.680742
0.682548
0.684688
0.687157
0.68975
0.691879
0.693294
0.694169
0.694663
0.694889
0.694945
0.694896
0.694794
0.694664
0.67054
0.670596
0.670866
0.671519
0.672575
0.673936
0.675586
0.677599
0.680047
0.682949
0.686101
0.688798
0.690692
0.691966
0.692791
0.693288
0.693565
0.693673
0.693651
0.693545
0.664777
0.664824
0.665083
0.665751
0.666878
0.668372
0.670215
0.67251
0.675352
0.678802
0.682638
0.686016
0.68848
0.690215
0.691416
0.692233
0.692745
0.693008
0.693058
0.692971
0.658508
0.658546
0.658802
0.659508
0.660744
0.662423
0.664529
0.667189
0.670532
0.674661
0.679333
0.683533
0.686673
0.688956
0.690592
0.691755
0.692533
0.692969
0.69309
0.693019
0.651594
0.651624
0.651885
0.652651
0.654039
0.655964
0.65841
0.661535
0.665511
0.670478
0.676169
0.681358
0.685304
0.688232
0.690381
0.691941
0.693026
0.693648
0.693838
0.69378
0.643874
0.643889
0.644162
0.64501
0.646597
0.648834
0.651715
0.655432
0.660201
0.6662
0.673129
0.679507
0.68441
0.688098
0.690857
0.692895
0.694329
0.695148
0.695408
0.69536
0.635094
0.63512
0.635423
0.636366
0.638206
0.640841
0.644282
0.64875
0.654512
0.66179
0.670222
0.678016
0.684053
0.688632
0.692104
0.694707
0.69654
0.697581
0.697913
0.697873
0.624978
0.624993
0.625339
0.626427
0.628595
0.631755
0.635907
0.641323
0.648327
0.657182
0.667435
0.676916
0.684288
0.68992
0.694227
0.697482
0.699784
0.701066
0.70147
0.701435
0.613151
0.61316
0.613544
0.614828
0.61743
0.621266
0.626331
0.632957
0.641526
0.652324
0.664775
0.676255
0.685186
0.692048
0.697335
0.701343
0.704178
0.705718
0.706194
0.706159
0.599069
0.599074
0.59952
0.601069
0.60424
0.608969
0.615232
0.623426
0.633982
0.647188
0.662278
0.676102
0.686835
0.695103
0.701536
0.706402
0.70983
0.711639
0.71218
0.71214
0.581972
0.581972
0.582513
0.584445
0.588408
0.594356
0.60223
0.612496
0.625605
0.64179
0.660022
0.676554
0.689338
0.699198
0.706911
0.712745
0.716817
0.718892
0.719484
0.719432
0.560724
0.56072
0.561426
0.563945
0.569067
0.576748
0.586858
0.599914
0.616319
0.636175
0.658104
0.677708
0.692779
0.704417
0.713514
0.720432
0.725168
0.727483
0.7281
0.728029
0.533593
0.533588
0.534578
0.538072
0.545027
0.555315
0.568653
0.585535
0.606183
0.630491
0.656691
0.679714
0.697265
0.710816
0.721424
0.729474
0.73484
0.737329
0.737936
0.737836
0.497537
0.497548
0.499158
0.504554
0.514772
0.529182
0.547308
0.569415
0.595447
0.625059
0.656062
0.682761
0.702909
0.718449
0.730626
0.739816
0.745692
0.748241
0.748784
0.748647
0.446787
0.447025
0.450699
0.460472
0.476755
0.49795
0.523039
0.552023
0.584603
0.620266
0.656472
0.687002
0.709798
0.727338
0.741057
0.751275
0.757462
0.759914
0.76034
0.760163
0.37375
0.376047
0.386825
0.406002
0.432408
0.463076
0.497037
0.53415
0.574134
0.616458
0.658285
0.69295
0.718636
0.738381
0.753823
0.765024
0.771431
0.773743
0.774064
0.773882
0.295918
0.302204
0.321364
0.350637
0.387717
0.428134
0.471059
0.516449
0.564155
0.613707
0.662046
0.701832
0.731202
0.753708
0.771292
0.783662
0.790059
0.792019
0.792247
0.792144
0.229192
0.235848
0.261579
0.299425
0.345585
0.394966
0.446468
0.499937
0.555214
0.611832
0.66647
0.711101
0.743918
0.768974
0.788256
0.801202
0.807436
0.809213
0.809431
0.809382
0.174663
0.181585
0.21131
0.255295
0.308224
0.364956
0.423881
0.484666
0.547006
0.610331
0.670962
0.720169
0.75616
0.783452
0.804183
0.817817
0.824244
0.826193
0.826421
0.82641
0.129327
0.136565
0.168769
0.217436
0.275752
0.338467
0.40364
0.470815
0.539518
0.609052
0.675327
0.728863
0.76785
0.797303
0.819487
0.834047
0.841046
0.842964
0.843243
0.843254
0.0907842
0.0981955
0.132152
0.184358
0.247161
0.314931
0.385469
0.45826
0.532699
0.607956
0.679519
0.737152
0.779
0.810536
0.834227
0.84969
0.857243
0.859325
0.859667
0.859718
0.0570396
0.0645628
0.0997946
0.154934
0.221466
0.293572
0.368835
0.446645
0.526303
0.606852
0.68338
0.744884
0.789443
0.822927
0.847935
0.864347
0.872329
0.874731
0.875161
0.875202
0.0266259
0.0342595
0.0705312
0.128181
0.197877
0.273747
0.353196
0.435537
0.519995
0.60549
0.686727
0.751911
0.799011
0.834266
0.860496
0.877653
0.886115
0.88883
0.889336
0.88937
-0.00139196
0.00633843
0.0435345
0.103307
0.175766
0.254948
0.338129
0.424588
0.513484
0.603652
0.689402
0.758127
0.807625
0.844537
0.871809
0.889611
0.898418
0.901344
0.901913
0.901937
-0.0277607
-0.0199075
0.0181729
0.0796654
0.154681
0.236806
0.323334
0.413544
0.506561
0.601158
0.691286
0.763478
0.815305
0.853753
0.881935
0.900255
0.909247
0.912315
0.912908
0.912925
-0.0529382
-0.0449226
-0.00597349
0.0570355
0.134299
0.219044
0.308594
0.402227
0.499073
0.597885
0.692293
0.767951
0.822114
0.862038
0.891062
0.909621
0.918789
0.921928
0.922531
0.922517
-0.0772718
-0.0690808
-0.0294209
0.03515
0.114398
0.201485
0.293762
0.390517
0.490923
0.593752
0.692373
0.771561
0.828125
0.869539
0.899327
0.918124
0.927314
0.930443
0.931035
0.931
-0.100927
-0.0924817
-0.0521799
0.0138263
0.0948451
0.184031
0.278755
0.378356
0.482054
0.588693
0.691477
0.774308
0.833414
0.876408
0.90696
0.925896
0.934996
0.938049
0.938586
0.938549
-0.123996
-0.115424
-0.0743121
-0.00704229
0.0755717
0.16663
0.263545
0.365717
0.472444
0.582674
0.689566
0.776187
0.838046
0.882791
0.914101
0.93306
0.941969
0.944887
0.945347
0.945256
-0.146576
-0.137815
-0.0959674
-0.0274983
0.0565503
0.149278
0.248146
0.352623
0.462094
0.575682
0.68659
0.777157
0.842067
0.888808
0.920902
0.939753
0.948325
0.950988
0.951328
0.9512
-0.168696
-0.15974
-0.117133
-0.0475506
0.037789
0.131999
0.232587
0.339113
0.451056
0.567739
0.682513
0.777153
0.845474
0.894565
0.927548
0.946134
0.954148
0.956415
0.956613
0.956457
-0.190288
-0.181129
-0.13775
-0.0671645
0.0193311
0.114836
0.216939
0.325258
0.439396
0.558868
0.677302
0.776095
0.848205
0.900105
0.93426
0.952508
0.959627
0.961253
0.961246
0.961065
-0.211288
-0.201924
-0.157813
-0.0863074
0.00121945
0.097859
0.201268
0.311143
0.427186
0.549145
0.670945
0.773883
0.850131
0.905388
0.941265
0.959355
0.965206
0.965688
0.965282
0.965098
-0.231702
-0.222121
-0.177297
-0.104943
-0.0165008
0.0811404
0.185665
0.296864
0.414527
0.53864
0.663474
0.770415
0.851065
0.910228
0.948631
0.967303
0.971856
0.970405
0.968934
0.968703
-0.251457
-0.241664
-0.196161
-0.123026
-0.0337629
0.0647332
0.170211
0.28251
0.40153
0.527455
0.654926
0.765593
0.850781
0.914281
0.956067
0.976758
0.98116
0.977593
0.973729
0.972093
-0.270578
-0.260582
-0.214389
-0.140557
-0.0505914
0.0486224
0.154886
0.268055
0.38817
0.51556
0.645234
0.7592
0.848977
0.917138
0.962902
0.987298
0.994241
0.99063
0.982953
0.967218
-0.289093
-0.278877
-0.232084
-0.157714
-0.0672269
0.0325027
0.139312
0.253037
0.373901
0.502326
0.633736
0.750539
0.844921
0.918227
0.967908
0.996643
1.00794
1.0032
0.995096
0.950681
-0.307269
-0.296163
-0.249156
-0.174363
-0.0835747
0.0164707
0.123661
0.237672
0.358943
0.487951
0.620494
0.739441
0.837749
0.916761
0.968768
0.997652
1.00909
1.00734
0.955971
0.895809
-0.326133
-0.311353
-0.26537
-0.190347
-0.0998626
0.000306783
0.107672
0.22196
0.34328
0.472415
0.60538
0.725606
0.826174
0.912608
0.962711
0.977996
0.988657
0.957152
0.891982
0.827497
-0.344784
-0.346482
-0.28628
-0.20319
-0.112949
-0.0131049
0.0919482
0.20656
0.327647
0.456491
0.589015
0.709294
0.809865
0.907574
0.923258
0.939617
0.920873
0.859768
0.785971
0.715811
-0.320348
-0.319135
-0.260504
-0.177861
-0.0824963
0.0205692
0.130397
0.247535
0.371622
0.504055
0.630906
0.739288
0.829992
0.924516
0.937959
0.840244
0.757495
0.691017
0.618467
0.476212
-0.361464
-0.335016
-0.27362
-0.190158
-0.0950996
0.00784412
0.117106
0.233663
0.356866
0.487863
0.612348
0.717651
0.799296
0.861426
0.831997
0.703934
0.585338
0.503997
0.42038
0.258882
-0.386054
-0.354819
-0.292386
-0.209437
-0.114275
-0.0114946
0.0979844
0.213798
0.335726
0.46454
0.585767
0.685623
0.759264
0.786225
0.709234
0.547766
0.410141
0.307932
0.193457
-0.0390985
-0.410073
-0.376479
-0.312765
-0.229106
-0.133857
-0.0311544
0.078
0.19292
0.313351
0.43957
0.556577
0.649472
0.710899
0.703991
0.571247
0.386248
0.216701
0.0760353
-0.0828004
-0.463273
-0.433166
-0.398676
-0.333872
-0.249288
-0.153895
-0.0513587
0.057183
0.171093
0.289827
0.413077
0.525059
0.610001
0.653725
0.617475
0.437217
0.232178
0.020727
-0.156466
-0.402118
-0.94875
-0.456071
-0.4215
-0.355959
-0.270735
-0.175128
-0.0727786
0.0351633
0.147973
0.264802
0.384742
0.491161
0.568328
0.592788
0.507913
0.314621
0.102682
-0.112297
-0.311236
-0.476966
-1.06753
-0.479946
-0.445277
-0.3793
-0.293683
-0.197902
-0.0957039
0.0116745
0.123359
0.238148
0.354512
0.45516
0.522814
0.523486
0.395811
0.209257
0.00734496
-0.177838
-0.304903
-0.337522
-0.384488
-0.50522
-0.470464
-0.40422
-0.318434
-0.22266
-0.120774
-0.0141291
0.096155
0.208511
0.320665
0.41512
0.470269
0.449134
0.29283
0.114136
-0.0630624
-0.205956
-0.266592
-0.28929
-0.295042
-0.532254
-0.49726
-0.430815
-0.344977
-0.249376
-0.147985
-0.0423327
0.0662418
0.175774
0.283122
0.370717
0.411267
0.375601
0.197025
0.0274917
-0.128063
-0.236005
-0.262387
-0.263471
-0.263844
-0.561144
-0.525809
-0.459136
-0.373302
-0.278018
-0.177343
-0.0729368
0.0336148
0.139907
0.241948
0.321657
0.350043
0.283651
0.109378
-0.0515982
-0.18884
-0.23492
-0.249094
-0.250142
-0.249677
-0.59179
-0.556056
-0.489145
-0.403399
-0.308575
-0.208822
-0.105927
-0.00173159
0.10094
0.197216
0.268478
0.283378
0.186794
0.0281652
-0.11858
-0.226669
-0.239947
-0.239636
-0.240619
-0.240198
-0.62373
-0.587788
-0.520664
-0.4351
-0.340916
-0.242323
-0.141227
-0.0397379
0.0589794
0.14913
0.212057
0.209566
0.102219
-0.0434789
-0.171397
-0.20874
-0.230887
-0.234691
-0.235092
-0.23481
-0.656616
-0.620354
-0.553344
-0.468107
-0.374786
-0.277621
-0.178628
-0.0801897
0.0142394
0.0982282
0.152028
0.13823
0.0229353
-0.103388
-0.205322
-0.246336
-0.233937
-0.23098
-0.23059
-0.230443
-0.689506
-0.653245
-0.586639
-0.501932
-0.409746
-0.314324
-0.217779
-0.122723
-0.0329419
0.0452316
0.0884023
0.0732607
-0.0491258
-0.151769
-0.222098
-0.220913
-0.22603
-0.227157
-0.227176
-0.227095
-0.721373
-0.685634
-0.619372
-0.535846
-0.445154
-0.351864
-0.258144
-0.166768
-0.0819278
-0.00930484
0.0273125
0.00833557
-0.110443
-0.203734
-0.215571
-0.237048
-0.231909
-0.227038
-0.224885
-0.2242
-0.750653
-0.715888
-0.650754
-0.568789
-0.480119
-0.389436
-0.298992
-0.21161
-0.131763
-0.0647946
-0.0284289
-0.0595512
-0.157016
-0.252945
-0.256708
-0.245401
-0.235367
-0.227458
-0.223898
-0.22246
-0.775629
-0.742352
-0.679059
-0.599478
-0.513493
-0.426011
-0.33936
-0.256356
-0.181376
-0.119986
-0.0835724
-0.113039
-0.179784
-0.288817
-0.334334
-0.282224
-0.24508
-0.23219
-0.227151
-0.22493
-0.793996
-0.762902
-0.702277
-0.626226
-0.543884
-0.460348
-0.378112
-0.299936
-0.229854
-0.173732
-0.139218
-0.150757
-0.156168
-0.211818
-0.244266
-0.247583
-0.259327
-0.260883
-0.257424
-0.255102
-0.80341
-0.775046
-0.718548
-0.647126
-0.569631
-0.491102
-0.414005
-0.341131
-0.276244
-0.225303
-0.187346
-0.186857
-0.0965325
0.0128124
-0.0743766
-0.20106
-0.272381
-0.291083
-0.294206
-0.294927
-0.800935
-0.776897
-0.725984
-0.660356
-0.58909
-0.5167
-0.445634
-0.378721
-0.319624
-0.274796
-0.230727
-0.253821
-0.198347
0.00638005
-0.123601
-0.272837
-0.335045
-0.347533
-0.351147
-0.353904
-0.783069
-0.765178
-0.722785
-0.664547
-0.600892
-0.535743
-0.471537
-0.411139
-0.358918
-0.320102
-0.29231
-0.403382
-0.608571
-0.784163
-0.769098
-0.621014
-0.511505
-0.470381
-0.460182
-0.459214
-0.751388
-0.739043
-0.707393
-0.659086
-0.604287
-0.547341
-0.490461
-0.436641
-0.39124
-0.361128
-0.357279
-0.527145
-0.916742
-1.40114
-1.34798
-0.868379
-0.600752
-0.501111
-0.468325
-0.458118
-0.71034
-0.70269
-0.682609
-0.645335
-0.599966
-0.551445
-0.501469
-0.45358
-0.412748
-0.38837
-0.379263
-0.41232
-0.290208
-0.176887
-0.0886976
-0.0606097
-0.121564
-0.160159
-0.160943
-0.156585
-0.668045
-0.663813
-0.652818
-0.627367
-0.590622
-0.549119
-0.504996
-0.460611
-0.420872
-0.391999
-0.382394
-0.234905
0.0786513
0.481739
0.644296
0.402416
0.161268
0.00792255
-0.0144603
-0.0251878
-0.63314
-0.630982
-0.625193
-0.608237
-0.579473
-0.54295
-0.502421
-0.459338
-0.416934
-0.384024
-0.378127
-0.322504
-0.291812
-0.391923
-0.665406
-1.01086
-1.11983
-1.01905
-0.886493
-0.840242
-0.606768
-0.605739
-0.603666
-0.593981
-0.570651
-0.536834
-0.496624
-0.4512
-0.403589
-0.360628
-0.337808
-0.369242
-0.522827
-0.857275
-1.19725
-1.35238
-1.33539
-1.17068
-0.987342
-0.923126
-0.589038
-0.588491
-0.587785
-0.583255
-0.565346
-0.532344
-0.489367
-0.439274
-0.384179
-0.319572
-0.267091
-0.216063
-0.292808
-0.383924
-0.518904
-0.513195
-0.334067
-0.101062
0.0658377
0.133642
-0.578034
-0.577804
-0.577403
-0.576278
-0.563302
-0.529782
-0.482324
-0.426177
-0.358479
-0.279431
-0.190119
-0.0553404
0.111602
0.297266
0.519543
0.764644
1.06846
1.30503
1.43471
1.47717
-0.570075
-0.570119
-0.570145
-0.570515
-0.561974
-0.52887
-0.47755
-0.414092
-0.337362
-0.242801
-0.120114
0.0112931
0.244288
0.594227
1.04034
1.4742
1.81492
2.02604
2.12173
2.14695
-0.562352
-0.562895
-0.563945
-0.565183
-0.558362
-0.527835
-0.475516
-0.407072
-0.321536
-0.21391
-0.0897843
0.041152
0.252594
0.653204
1.11007
1.52216
1.83104
2.00203
2.07277
2.08912
-0.555752
-0.555044
-0.551717
-0.546633
-0.542542
-0.525341
-0.47994
-0.407746
-0.314618
-0.203793
-0.0826581
0.0423841
0.191648
0.53113
0.915722
1.25461
1.49604
1.62413
1.67415
1.68458
-0.575178
-0.570111
-0.554436
-0.534945
-0.533632
-0.539268
-0.498166
-0.416171
-0.314414
-0.200414
-0.0862337
0.0260392
0.13339
0.376255
0.665613
0.906708
1.08192
1.17081
1.20457
1.20963
-0.646705
-0.643996
-0.642309
-0.647768
-0.646576
-0.628268
-0.541678
-0.430712
-0.315365
-0.199187
-0.0930277
0.000973903
0.0832454
0.247054
0.442458
0.602913
0.715927
0.771844
0.793044
0.796937
-0.757481
-0.772233
-0.804973
-0.826908
-0.815971
-0.741207
-0.590026
-0.439552
-0.310125
-0.195706
-0.102965
-0.0256737
0.0394472
0.153599
0.276348
0.37131
0.434753
0.465224
0.477215
0.479135
-0.786039
-0.80594
-0.839908
-0.860962
-0.84294
-0.746383
-0.574003
-0.416239
-0.289073
-0.186367
-0.109616
-0.0496899
-0.000466919
0.0732632
0.149386
0.205513
0.236874
0.251997
0.257734
0.259088
-0.615192
-0.635245
-0.665851
-0.688384
-0.672304
-0.584245
-0.458969
-0.341813
-0.243151
-0.164083
-0.108568
-0.069046
-0.0355225
0.01684
0.0636586
0.0960069
0.114672
0.122336
0.126493
0.127345
-0.306775
-0.318287
-0.33841
-0.358841
-0.362788
-0.333833
-0.284908
-0.22981
-0.177559
-0.130567
-0.0998127
-0.083413
-0.0701522
-0.0270238
0.0122751
0.0375829
0.0491301
0.0548425
0.0577124
0.0582552
-0.0261312
-0.0310941
-0.0440941
-0.0663064
-0.0921214
-0.113134
-0.122777
-0.119911
-0.107116
-0.090379
-0.0838576
-0.0955233
-0.100175
-0.0587989
-0.0202261
0.00617527
0.0219698
0.029397
0.0321671
0.0321024
0.13403
0.131527
0.121879
0.0994562
0.0633222
0.0229659
-0.0108328
-0.0337373
-0.0448865
-0.0481369
-0.0551911
-0.0770585
-0.0874377
-0.045367
-0.0103729
0.00852252
0.0184013
0.022519
0.0238798
0.0238275
0.192221
0.190503
0.182873
0.163855
0.131779
0.093
0.0555028
0.0253033
0.00515454
-0.00521572
-0.012754
-0.0244439
-0.0212872
0.00634484
0.0244002
0.0335193
0.0371627
0.0388873
0.0397171
0.0394688
0.197831
0.196582
0.191121
0.177322
0.153535
0.123392
0.0917794
0.063922
0.0435887
0.0336349
0.0353189
0.0428605
0.063094
0.0728647
0.0729153
0.0705953
0.0679216
0.0674442
0.0675446
0.0671044
0.182754
0.181964
0.178407
0.16923
0.153025
0.131639
0.107899
0.0861056
0.0703619
0.0657462
0.077317
0.102812
0.131523
0.132584
0.121093
0.112374
0.107536
0.106552
0.105947
0.105195
0.16132
0.160898
0.158745
0.152972
0.14245
0.128094
0.111637
0.0963106
0.0861169
0.086899
0.106113
0.13932
0.170314
0.165811
0.151436
0.142845
0.141232
0.141662
0.141463
0.140156
0.138705
0.138576
0.137358
0.13389
0.127325
0.118094
0.107271
0.0972521
0.0914697
0.0957783
0.117344
0.150337
0.176826
0.170019
0.158375
0.154261
0.154728
0.156113
0.155352
0.153903
0.116717
0.116653
0.116027
0.114041
0.110087
0.104343
0.0975035
0.0912712
0.0883413
0.0934468
0.112611
0.138516
0.15587
0.148006
0.141274
0.141584
0.144607
0.146321
0.14541
0.144028
0.0956276
0.0956564
0.0953601
0.0942767
0.0920171
0.0885567
0.0843221
0.0803658
0.0785582
0.081941
0.0946446
0.11038
0.11749
0.109318
0.107379
0.111791
0.116026
0.11687
0.116324
0.115413
0.0756051
0.0756652
0.0755599
0.07504
0.0738251
0.0718148
0.0691564
0.066387
0.0643993
0.0643267
0.067345
0.069706
0.0674013
0.0597986
0.0648872
0.0727283
0.0783809
0.0801291
0.0797793
0.079046
0.0567574
0.0568102
0.0568002
0.0566168
0.0560734
0.0550006
0.0532716
0.0510929
0.0482602
0.0441637
0.0366365
0.0241715
0.0112914
0.00688356
0.0181651
0.030686
0.0376394
0.0398539
0.0400867
0.0397044
0.0393027
0.0393278
0.039353
0.0394128
0.0393013
0.0388315
0.0378643
0.0357845
0.0324508
0.0253659
0.00910619
-0.0178571
-0.0369514
-0.033437
-0.0166287
-0.00261863
0.00341677
0.00562735
0.00625741
0.00615441
0.0234536
0.0234451
0.023471
0.0236196
0.0237534
0.0236567
0.0230307
0.0217621
0.0186375
0.011248
-0.00821925
-0.0424302
-0.0661663
-0.0529341
-0.0320651
-0.0200808
-0.0154164
-0.0150298
-0.0144428
-0.0142643
0.00933966
0.00934651
0.00933968
0.00947486
0.00962961
0.00976253
0.00972309
0.00931758
0.00837788
0.00607478
-0.000828591
-0.0183717
-0.0499158
-0.0447897
-0.0284389
-0.0194986
-0.0154533
-0.015529
-0.0152812
-0.0145933
-0.660478
-0.0955468
0.225201
0.440805
0.60551
0.731375
0.832346
0.919244
1.02835
1.0263
0.147757
0.295321
0.456144
0.593924
0.707389
0.799447
0.875307
0.933201
0.956951
0.961178
0.412323
0.51177
0.61929
0.712908
0.792729
0.859226
0.912253
0.949567
0.972885
0.989994
0.5997
0.668245
0.742549
0.809233
0.866942
0.915424
0.954431
0.98436
1.00792
1.02663
0.740195
0.791437
0.843327
0.893066
0.936567
0.97402
1.00546
1.03128
1.05292
1.07128
0.853906
0.891209
0.932599
0.97154
1.0068
1.03797
1.065
1.08774
1.10683
1.12462
0.95145
0.981699
1.01716
1.05037
1.08133
1.10932
1.13382
1.15436
1.17103
1.1884
1.04097
1.06947
1.10293
1.13458
1.16417
1.19095
1.21419
1.23329
1.24771
1.26484
1.13138
1.16237
1.19749
1.23011
1.25995
1.28641
1.30889
1.32682
1.33937
1.35663
1.23498
1.27072
1.30864
1.34276
1.37271
1.39836
1.41957
1.43615
1.44771
1.46554
1.36409
1.40313
1.44128
1.47433
1.50226
1.52579
1.54538
1.56086
1.57267
1.59092
1.5252
1.56122
1.59329
1.62005
1.64286
1.66334
1.68194
1.69796
1.71165
1.72953
1.70989
1.73493
1.75479
1.7733
1.79094
1.80768
1.82354
1.83953
1.85665
1.87579
1.89656
1.9074
1.92012
1.93467
1.94828
1.96035
1.97125
1.98259
1.998
2.01743
2.07845
2.09189
2.09694
2.09796
2.09993
2.10729
2.12099
2.13858
2.15232
2.16366
2.34732
2.29673
2.24927
2.21768
2.20463
2.20918
2.23242
2.27748
2.34417
2.43829
0.800931
0.797921
0.791862
0.780934
0.768441
0.757127
0.748064
0.741303
0.736832
0.73493
0.736154
0.740137
0.746297
0.75458
0.765079
0.777396
0.789749
0.79846
0.802973
0.805138
0.729236
0.735882
0.741128
0.744744
0.745855
0.744217
0.740759
0.736962
0.733973
0.732655
0.733732
0.736767
0.740854
0.745078
0.748107
0.748637
0.746318
0.74194
0.735648
0.729823
0.719126
0.722088
0.72545
0.727937
0.729695
0.730875
0.731097
0.730345
0.729277
0.728819
0.729676
0.731413
0.733081
0.733869
0.733455
0.732203
0.730305
0.727437
0.724102
0.721814
0.713079
0.714502
0.716713
0.718983
0.720703
0.721894
0.722779
0.72336
0.723625
0.72393
0.724621
0.725381
0.725727
0.725527
0.724908
0.72377
0.721963
0.719741
0.717992
0.716908
0.707715
0.708533
0.709995
0.711768
0.713505
0.714977
0.71611
0.717045
0.717874
0.718637
0.719299
0.719672
0.719675
0.719317
0.718504
0.717229
0.715714
0.714199
0.713182
0.712515
0.70266
0.703214
0.704295
0.705706
0.707215
0.708715
0.710102
0.711305
0.71239
0.713401
0.714156
0.714496
0.714428
0.713927
0.713053
0.711975
0.710817
0.709745
0.709057
0.708588
0.697782
0.698197
0.69906
0.700267
0.701593
0.702997
0.704443
0.705853
0.707172
0.708395
0.70931
0.709725
0.709653
0.709184
0.70847
0.707636
0.706751
0.705952
0.705447
0.705091
0.693014
0.69334
0.694052
0.695109
0.69634
0.697678
0.699114
0.700627
0.702157
0.703626
0.704749
0.705301
0.705354
0.705066
0.704567
0.703938
0.703269
0.702684
0.702308
0.702023
0.688269
0.688533
0.689138
0.690095
0.691265
0.692569
0.694019
0.695614
0.697323
0.699062
0.700455
0.701243
0.701529
0.701471
0.701191
0.700775
0.700302
0.699887
0.699607
0.699372
0.683456
0.683676
0.684207
0.685102
0.686235
0.687541
0.689042
0.69075
0.692657
0.694693
0.696435
0.697551
0.698134
0.698336
0.698287
0.698093
0.697805
0.697537
0.697332
0.697132
0.678487
0.678674
0.679155
0.680019
0.681151
0.6825
0.684091
0.685959
0.688118
0.690514
0.692688
0.694209
0.695139
0.69564
0.695848
0.69587
0.695771
0.695635
0.695491
0.695316
0.673272
0.673435
0.673887
0.674749
0.675922
0.677357
0.679086
0.681173
0.683655
0.686506
0.689206
0.691207
0.692543
0.693384
0.693877
0.69412
0.69422
0.694208
0.694114
0.693957
0.667718
0.667863
0.668304
0.669194
0.670449
0.672016
0.673944
0.676325
0.679219
0.682638
0.685975
0.688548
0.690359
0.691587
0.692399
0.692915
0.693205
0.693305
0.693253
0.693108
0.661717
0.661848
0.662295
0.663242
0.664622
0.666377
0.668576
0.671336
0.674755
0.678874
0.682985
0.686241
0.688611
0.690289
0.691463
0.692272
0.692776
0.69299
0.692976
0.692838
0.655143
0.655265
0.655731
0.656768
0.658321
0.660327
0.662878
0.666121
0.670195
0.675175
0.680223
0.684299
0.687333
0.68954
0.691127
0.692271
0.693013
0.693344
0.693366
0.693231
0.647845
0.647959
0.648458
0.649619
0.6514
0.653731
0.656732
0.660587
0.665475
0.671506
0.677689
0.682745
0.686566
0.689398
0.691478
0.693008
0.694016
0.694468
0.694522
0.694386
0.639635
0.639748
0.640281
0.641608
0.643675
0.646422
0.649999
0.654625
0.660527
0.667849
0.675397
0.68162
0.686367
0.689933
0.692606
0.69459
0.695888
0.69647
0.696555
0.696415
0.6302
0.630326
0.630955
0.632479
0.634918
0.638207
0.642514
0.648111
0.655273
0.664175
0.673365
0.68097
0.686809
0.691236
0.694607
0.697112
0.698746
0.699466
0.69958
0.699433
0.61927
0.619393
0.62014
0.621938
0.624854
0.628834
0.634071
0.640893
0.649626
0.660458
0.671615
0.680847
0.687967
0.693409
0.697581
0.700702
0.702708
0.703574
0.703714
0.703556
0.606362
0.606503
0.607406
0.609563
0.6131
0.617981
0.624417
0.632801
0.643493
0.656676
0.670177
0.681319
0.689926
0.696544
0.701652
0.705474
0.70789
0.708903
0.709063
0.70889
0.590837
0.591016
0.592147
0.594793
0.599159
0.60524
0.613261
0.623669
0.636835
0.652882
0.669141
0.682483
0.692779
0.700739
0.706919
0.711528
0.714379
0.715533
0.715705
0.715514
0.571765
0.572019
0.573496
0.576842
0.582367
0.590104
0.600265
0.613326
0.629609
0.64912
0.66859
0.684428
0.696626
0.706094
0.713447
0.71893
0.722221
0.723496
0.723666
0.723454
0.547752
0.548148
0.550174
0.554585
0.561829
0.571951
0.585089
0.601673
0.621876
0.645522
0.668659
0.687269
0.701552
0.712669
0.721292
0.727693
0.73139
0.732746
0.732896
0.732662
0.516495
0.517187
0.520179
0.526409
0.53642
0.550139
0.567506
0.588753
0.613817
0.642303
0.66954
0.691135
0.707637
0.720496
0.730478
0.73776
0.741767
0.743134
0.743243
0.742989
0.473896
0.475298
0.480352
0.490167
0.505
0.524289
0.547624
0.574913
0.605843
0.639826
0.67148
0.696184
0.714954
0.729588
0.740941
0.748967
0.753099
0.754378
0.754422
0.754156
0.412306
0.41673
0.427291
0.444184
0.467212
0.494826
0.52611
0.560783
0.598431
0.638381
0.674629
0.702482
0.72349
0.739841
0.752403
0.760953
0.764974
0.765992
0.76595
0.765691
0.338916
0.346916
0.366189
0.393613
0.427181
0.464171
0.504016
0.546596
0.591571
0.638304
0.680089
0.711972
0.735951
0.75448
0.768526
0.777614
0.781524
0.782429
0.782432
0.782312
0.265216
0.278494
0.306821
0.344616
0.388184
0.434444
0.482868
0.533427
0.585823
0.639487
0.687021
0.723095
0.750181
0.771101
0.786759
0.795987
0.799441
0.800132
0.800162
0.800137
0.204
0.221095
0.25509
0.300647
0.352367
0.406775
0.463096
0.521214
0.580753
0.6411
0.694104
0.734093
0.764008
0.786912
0.803579
0.813067
0.816318
0.816992
0.817098
0.817125
0.153775
0.172916
0.211361
0.2627
0.3208
0.381943
0.445107
0.510022
0.576162
0.642799
0.700984
0.74465
0.777149
0.801899
0.819706
0.829519
0.833047
0.833991
0.834143
0.834214
0.111611
0.132008
0.17378
0.229729
0.2931
0.359876
0.428925
0.499861
0.572015
0.644512
0.707588
0.754745
0.789741
0.816313
0.835292
0.845886
0.849823
0.850915
0.851081
0.851169
0.0752313
0.0964366
0.14087
0.20055
0.268353
0.339991
0.414212
0.490544
0.568196
0.646144
0.713822
0.764289
0.801656
0.829979
0.850098
0.8615
0.865876
0.867106
0.867278
0.867367
0.0429869
0.0647685
0.111368
0.174186
0.245761
0.321644
0.400482
0.481704
0.564426
0.647481
0.719515
0.773113
0.812697
0.84258
0.863784
0.875927
0.880732
0.882086
0.882245
0.882324
0.0136707
0.0358816
0.0843057
0.149832
0.224689
0.304309
0.387287
0.472983
0.560426
0.648322
0.724525
0.781091
0.822727
0.85401
0.876149
0.888904
0.894094
0.89551
0.895674
0.895729
-0.0136679
0.0089948
0.0590522
0.126874
0.20465
0.287591
0.374305
0.464106
0.555973
0.648495
0.728738
0.788173
0.831747
0.86432
0.887193
0.900358
0.905827
0.907309
0.907465
0.90748
-0.03955
-0.0164012
0.0350141
0.104931
0.185291
0.271204
0.361298
0.454878
0.550901
0.64787
0.732089
0.79437
0.839821
0.873564
0.897067
0.910463
0.916082
0.917612
0.917772
0.917759
-0.0643956
-0.0406981
0.0118248
0.0837214
0.166365
0.254946
0.348109
0.445166
0.545091
0.646369
0.734545
0.799716
0.847057
0.881907
0.905942
0.919476
0.925116
0.926634
0.92679
0.926745
-0.0884744
-0.0643024
-0.0106085
0.0630283
0.147718
0.238696
0.334633
0.434889
0.538475
0.643916
0.736085
0.804257
0.853564
0.889547
0.914029
0.927622
0.933199
0.934668
0.93477
0.934689
-0.111957
-0.0872499
-0.0324377
0.0427418
0.129266
0.222383
0.320824
0.424006
0.531012
0.640466
0.73668
0.808027
0.859463
0.896648
0.921506
0.935032
0.940475
0.941854
0.941923
0.941814
-0.134905
-0.109632
-0.0537706
0.0228106
0.110971
0.206
0.306684
0.412515
0.522681
0.635985
0.736289
0.811032
0.864855
0.903351
0.928504
0.941838
0.947058
0.948289
0.948294
0.948159
-0.157306
-0.131539
-0.0746516
0.00321747
0.0928369
0.189557
0.292237
0.400447
0.513498
0.630451
0.73485
0.81325
0.869814
0.909814
0.935188
0.948137
0.952966
0.953982
0.953919
0.953765
-0.179221
-0.152911
-0.0950547
-0.0160195
0.0748965
0.173099
0.277541
0.387857
0.503516
0.623858
0.732307
0.814621
0.874349
0.91618
0.941792
0.954119
0.958294
0.958999
0.958868
0.958706
-0.200548
-0.17371
-0.11494
-0.0348688
0.0571928
0.156699
0.26267
0.374826
0.492795
0.616223
0.72859
0.815039
0.878401
0.922558
0.948656
0.960147
0.963247
0.96341
0.963187
0.963047
-0.221305
-0.193897
-0.1343
-0.0532786
0.0397925
0.140421
0.247712
0.361452
0.481413
0.607601
0.723646
0.814365
0.881819
0.928942
0.956173
0.966906
0.968369
0.967394
0.966916
0.966875
-0.241397
-0.21347
-0.153084
-0.0712077
0.0227489
0.124344
0.232745
0.347815
0.469481
0.598065
0.71745
0.812435
0.884353
0.935101
0.964533
0.975394
0.975086
0.971913
0.970136
0.969879
-0.26089
-0.232399
-0.171244
-0.0886003
0.00613574
0.108555
0.217891
0.334049
0.457122
0.587709
0.710011
0.809075
0.885681
0.940528
0.973322
0.986256
0.985767
0.980096
0.972973
0.956099
-0.279719
-0.250673
-0.188918
-0.105659
-0.01034
0.0927251
0.202736
0.319702
0.44383
0.576014
0.700792
0.803703
0.885418
0.944716
0.981635
0.999013
1.0013
0.995097
0.980328
0.994918
-0.298004
-0.26827
-0.206044
-0.122348
-0.0266025
0.0769137
0.187287
0.304797
0.429598
0.562879
0.689585
0.795686
0.882809
0.946528
0.986176
1.0071
1.01325
1.00397
0.943097
0.92722
-0.316351
-0.285775
-0.22236
-0.138323
-0.0420972
0.0615667
0.171756
0.289598
0.414707
0.548503
0.67639
0.784594
0.876907
0.94513
0.981974
1.00217
0.999092
0.963084
0.89545
0.854777
-0.335451
-0.304161
-0.237449
-0.153274
-0.0564477
0.0468337
0.156526
0.274274
0.39924
0.532894
0.661058
0.770214
0.865463
0.939374
0.990527
0.969561
0.94233
0.878217
0.806329
0.76283
0.0853078
0.199762
0.320686
0.44923
0.581042
0.700478
0.79972
0.640279
-0.355959
-0.33719
-0.298807
-0.22792
-0.137954
-0.0392593
0.0672555
0.180624
0.300747
0.428068
0.558728
0.677236
0.775114
0.853661
0.906289
0.862855
0.719737
0.631023
0.561633
-0.373478
-0.360402
-0.315842
-0.243441
-0.153119
-0.0542119
0.0517988
0.164677
0.283921
0.409832
0.538244
0.653241
0.744729
0.81072
0.808011
0.703053
0.557998
0.451499
0.362027
-0.396581
-0.383826
-0.336257
-0.262748
-0.172373
-0.073197
0.0328667
0.145407
0.263702
0.387971
0.513264
0.623085
0.704603
0.752733
0.713669
0.55223
0.386502
0.253108
0.135184
-0.419911
-0.406979
-0.357785
-0.282968
-0.192221
-0.0930408
0.0127438
0.124562
0.241639
0.363836
0.485519
0.589434
0.663753
0.684333
0.598715
0.406234
0.209009
0.0307416
-0.135777
-0.442458
-0.429997
-0.379989
-0.304043
-0.212859
-0.113674
-0.00830613
0.102647
0.218329
0.338112
0.455703
0.552849
0.617768
0.60042
0.470903
0.271016
0.0532262
-0.153072
-0.339711
-0.465617
-0.453423
-0.403093
-0.326405
-0.234871
-0.135617
-0.0305902
0.0795597
0.193789
0.311013
0.424275
0.514018
0.565067
0.525758
0.354173
0.157854
-0.0520407
-0.248868
-0.370418
-0.409596
-0.490125
-0.478068
-0.42746
-0.350359
-0.258669
-0.159451
-0.054831
0.0543998
0.166953
0.28123
0.389627
0.471597
0.507034
0.444932
0.249822
0.0622419
-0.116551
-0.251059
-0.2968
-0.320561
-0.516112
-0.504184
-0.453367
-0.376028
-0.284336
-0.185353
-0.0813218
0.0267253
0.137259
0.248095
0.350937
0.424828
0.439956
0.340434
0.156753
-0.0165531
-0.167495
-0.250052
-0.270157
-0.275572
-0.543914
-0.531977
-0.48094
-0.403429
-0.31186
-0.213281
-0.110082
-0.00349765
0.10466
0.211594
0.308169
0.373591
0.359804
0.239497
0.0704046
-0.0926306
-0.21134
-0.255408
-0.255008
-0.256061
-0.573437
-0.561599
-0.510209
-0.432567
-0.341235
-0.243235
-0.141109
-0.0362682
0.0691497
0.171752
0.261519
0.316842
0.286043
0.144573
-0.00934472
-0.160908
-0.226351
-0.244123
-0.245024
-0.244597
-0.604535
-0.592707
-0.541074
-0.46336
-0.372374
-0.275163
-0.174347
-0.0715625
0.0307525
0.128636
0.211228
0.25479
0.220486
0.0620613
-0.081581
-0.195434
-0.245085
-0.237901
-0.237568
-0.237536
-0.636718
-0.624811
-0.573276
-0.495555
-0.405088
-0.308887
-0.209658
-0.109249
-0.0103905
0.0825393
0.157579
0.192151
0.142659
-0.0105726
-0.140163
-0.217607
-0.233595
-0.232525
-0.232655
-0.232455
-0.669469
-0.657496
-0.606222
-0.528731
-0.439007
-0.344076
-0.246751
-0.149047
-0.0540177
0.0338219
0.101377
0.125271
0.0574875
-0.0740057
-0.185225
-0.201734
-0.220065
-0.227236
-0.228351
-0.2283
-0.701775
-0.689856
-0.639047
-0.562255
-0.473564
-0.38024
-0.285173
-0.190517
-0.0996247
-0.0171389
0.0443563
0.0530172
-0.0165088
-0.133191
-0.206001
-0.251979
-0.234877
-0.229025
-0.226386
-0.22574
-0.731864
-0.720762
-0.670831
-0.595079
-0.507942
-0.416654
-0.32427
-0.233036
-0.146486
-0.06964
-0.0121623
-0.0126533
-0.0806676
-0.186942
-0.249708
-0.247962
-0.238333
-0.229377
-0.224954
-0.223341
-0.758922
-0.748139
-0.700191
-0.625973
-0.541045
-0.452342
-0.363166
-0.275792
-0.193732
-0.122428
-0.069017
-0.0677581
-0.130946
-0.225027
-0.298721
-0.274994
-0.249123
-0.233292
-0.225439
-0.222941
-0.780287
-0.770202
-0.724754
-0.653482
-0.571513
-0.486131
-0.40077
-0.317763
-0.240425
-0.17431
-0.12565
-0.116196
-0.156209
-0.217305
-0.321088
-0.290466
-0.259466
-0.245239
-0.23993
-0.236712
-0.793995
-0.784995
-0.742819
-0.675507
-0.597677
-0.516609
-0.435861
-0.35775
-0.285552
-0.224411
-0.17896
-0.159368
-0.159383
-0.100168
-0.0952901
-0.185115
-0.245462
-0.274035
-0.278524
-0.278031
-0.797362
-0.790037
-0.752328
-0.690225
-0.617714
-0.542209
-0.466997
-0.39448
-0.327974
-0.271773
-0.228959
-0.206451
-0.187921
-0.00374889
0.0284749
-0.143873
-0.26378
-0.305359
-0.31391
-0.316866
-0.788606
-0.782724
-0.750907
-0.695719
-0.630094
-0.561372
-0.492749
-0.426581
-0.366366
-0.315846
-0.281052
-0.27502
-0.351395
-0.373253
-0.329909
-0.383641
-0.409791
-0.403151
-0.400328
-0.401265
-0.764395
-0.760246
-0.735924
-0.690546
-0.633731
-0.572991
-0.511816
-0.452509
-0.398902
-0.356741
-0.3298
-0.379922
-0.624307
-1.10877
-1.35333
-1.03848
-0.709783
-0.549014
-0.499691
-0.485696
-0.727898
-0.725357
-0.709326
-0.674823
-0.62862
-0.576799
-0.523358
-0.47093
-0.423194
-0.387658
-0.375825
-0.4243
-0.578812
-0.806718
-0.944627
-0.750514
-0.485633
-0.363345
-0.327273
-0.317915
-0.685577
-0.68399
-0.67597
-0.652243
-0.616817
-0.573653
-0.52753
-0.480662
-0.437113
-0.40284
-0.390155
-0.347951
-0.178521
0.161707
0.5088
0.499123
0.248442
0.0150249
-0.0717693
-0.0787343
-0.647084
-0.64606
-0.642458
-0.628854
-0.602031
-0.565967
-0.525644
-0.482474
-0.439466
-0.402869
-0.382437
-0.33663
-0.154795
0.0421893
0.132967
-0.0912431
-0.356249
-0.397057
-0.294433
-0.227567
-0.618626
-0.61807
-0.615769
-0.608811
-0.588866
-0.558071
-0.520363
-0.477954
-0.433533
-0.39028
-0.362635
-0.365432
-0.392342
-0.600156
-0.968562
-1.2893
-1.4745
-1.44024
-1.28832
-1.17159
-0.596763
-0.596272
-0.595332
-0.592812
-0.579729
-0.552292
-0.514329
-0.470048
-0.420448
-0.367504
-0.32334
-0.284668
-0.374149
-0.574209
-0.845029
-1.04529
-1.03688
-0.853308
-0.643432
-0.517289
-0.583129
-0.582932
-0.582511
-0.58128
-0.574392
-0.549205
-0.509306
-0.46013
-0.402344
-0.337798
-0.25979
-0.190578
-0.0897521
-0.0425259
0.00590603
0.0825284
0.26736
0.529471
0.7252
0.824244
-0.573755
-0.573694
-0.573454
-0.573524
-0.570701
-0.548572
-0.505748
-0.450723
-0.385866
-0.306713
-0.207705
-0.096845
0.0891501
0.334624
0.661589
1.031
1.39797
1.67894
1.84295
1.90871
-0.56641
-0.566597
-0.567035
-0.567862
-0.566838
-0.548016
-0.503991
-0.444666
-0.37138
-0.279674
-0.167172
-0.0381755
0.135026
0.437061
0.891837
1.35146
1.73961
2.00238
2.13485
2.1796
-0.557714
-0.558241
-0.558607
-0.558534
-0.556642
-0.54303
-0.504351
-0.443993
-0.363562
-0.265032
-0.14886
-0.0172563
0.111467
0.396651
0.820095
1.22822
1.5664
1.77474
1.87399
1.90492
-0.559389
-0.55899
-0.553108
-0.539466
-0.52936
-0.532987
-0.51284
-0.45183
-0.364929
-0.259712
-0.143325
-0.0228359
0.0901824
0.284996
0.629251
0.942472
1.19671
1.35218
1.42244
1.4435
-0.605117
-0.601816
-0.59248
-0.577068
-0.571237
-0.576632
-0.551101
-0.472198
-0.370113
-0.257841
-0.14468
-0.0368952
0.0617921
0.189969
0.431298
0.653007
0.827588
0.931869
0.977818
0.991381
-0.704599
-0.70288
-0.715361
-0.739297
-0.744237
-0.723933
-0.635279
-0.502728
-0.373377
-0.255156
-0.146474
-0.0540528
0.0257882
0.119214
0.277098
0.419452
0.526881
0.590187
0.617016
0.625742
-0.791825
-0.798373
-0.829087
-0.861213
-0.865872
-0.822014
-0.68117
-0.509435
-0.363637
-0.245581
-0.147896
-0.0709365
-0.0065068
0.06087
0.162602
0.249742
0.307528
0.338431
0.352625
0.357178
-0.724361
-0.733192
-0.763257
-0.794314
-0.800001
-0.747039
-0.605564
-0.453819
-0.323457
-0.220125
-0.140731
-0.0840803
-0.0385292
0.00950365
0.0719631
0.123965
0.156787
0.172812
0.180004
0.183322
-0.464837
-0.474548
-0.496577
-0.522644
-0.533477
-0.499467
-0.419069
-0.330209
-0.24808
-0.178347
-0.124419
-0.0900877
-0.0637052
-0.0294847
0.0174952
0.0516823
0.0716564
0.0806428
0.0846557
0.0864778
-0.151795
-0.156973
-0.168764
-0.188213
-0.20847
-0.216463
-0.208487
-0.186726
-0.157709
-0.125759
-0.100053
-0.0903702
-0.0898392
-0.0687921
-0.0270453
0.00643963
0.0252483
0.0352486
0.0401046
0.0417359
0.0711066
0.0688484
0.0623097
0.0457772
0.0168874
-0.0183801
-0.0487252
-0.0684641
-0.0752669
-0.0722532
-0.0688451
-0.0795894
-0.102016
-0.0796284
-0.0374728
-0.00665722
0.011866
0.0213103
0.0252342
0.026066
0.173446
0.171954
0.167497
0.153177
0.124639
0.0848783
0.0445892
0.0111872
-0.0113599
-0.0231972
-0.0302145
-0.0438581
-0.0626002
-0.0377149
-0.00648247
0.0131152
0.023064
0.0272
0.0287184
0.0291584
0.199619
0.198662
0.195336
0.184369
0.161897
0.129557
0.0939581
0.0607879
0.0349377
0.0191389
0.0124478
0.00993884
0.00958239
0.0282302
0.0452206
0.0497185
0.0508317
0.0513697
0.0521895
0.0524883
0.191942
0.191379
0.189111
0.181602
0.165954
0.142751
0.115573
0.0886047
0.0664011
0.0529809
0.0527576
0.0651472
0.0851034
0.102009
0.101781
0.0955145
0.0893783
0.0866499
0.0857763
0.0851333
0.172475
0.172218
0.170821
0.166046
0.155804
0.140147
0.121017
0.10127
0.0849876
0.076686
0.0835178
0.108097
0.141036
0.15829
0.144548
0.133405
0.127265
0.126656
0.126316
0.1253
0.150017
0.149978
0.149194
0.146325
0.139924
0.129811
0.117068
0.103678
0.0929575
0.0893722
0.100883
0.130102
0.165497
0.183661
0.164247
0.153507
0.15056
0.151031
0.151826
0.150491
0.12755
0.127591
0.127223
0.125602
0.121756
0.115445
0.107301
0.098679
0.0921631
0.091549
0.104161
0.131411
0.160383
0.169355
0.156087
0.151046
0.151453
0.15391
0.154144
0.152738
0.105978
0.106094
0.105912
0.105035
0.102824
0.0990232
0.0939837
0.0885853
0.0846763
0.085021
0.0946779
0.115691
0.134537
0.135432
0.126753
0.126986
0.130237
0.13287
0.132586
0.131559
0.085393
0.0855193
0.0854739
0.0850483
0.0838604
0.0816755
0.0786201
0.075174
0.0724097
0.0720015
0.0769101
0.0871043
0.0953089
0.0947824
0.0842449
0.0910651
0.0964699
0.0996874
0.0994618
0.0985463
0.0659495
0.0660668
0.0660804
0.0659248
0.0653546
0.064192
0.0623884
0.0600423
0.0575391
0.0552894
0.0534352
0.0504742
0.0437074
0.0320565
0.034693
0.0456081
0.0547659
0.0588147
0.0596124
0.0594093
0.0477757
0.0478652
0.0478898
0.047886
0.0476915
0.0471972
0.0462054
0.0444599
0.0419324
0.0378713
0.029506
0.0131938
-0.00786293
-0.0169735
-0.0083094
0.00644874
0.0167675
0.0208035
0.0217059
0.0219407
0.0311338
0.0311917
0.0312036
0.0312775
0.0313815
0.0313043
0.0308375
0.0297541
0.0271328
0.022231
0.0102102
-0.0161202
-0.0484753
-0.0529833
-0.0368319
-0.0190262
-0.0102061
-0.00739598
-0.00672013
-0.00616052
0.0161815
0.0162038
0.0161862
0.0162486
0.0164385
0.0165542
0.0164023
0.0157643
0.0143925
0.0106288
0.000340491
-0.0246507
-0.0636864
-0.0599089
-0.0397813
-0.024314
-0.0184345
-0.0179839
-0.0180851
-0.0173559
0.00935456
0.00933347
0.00938484
0.00956109
0.00970566
0.00977238
0.0095725
0.00893478
0.0074902
0.00349555
-0.00805726
-0.0331523
-0.0520342
-0.0364952
-0.0232421
-0.0169306
-0.01526
-0.0155882
-0.0148926
-0.00702464
-0.308171
0.0340067
0.252418
0.441528
0.59422
0.715754
0.81271
0.89518
0.955279
0.950838
0.189321
0.341007
0.4818
0.603092
0.706671
0.792991
0.864025
0.919264
0.952847
0.965171
0.451641
0.54778
0.64132
0.725445
0.798474
0.860524
0.911394
0.950251
0.97782
0.996694
0.630989
0.695262
0.762628
0.8247
0.878069
0.92407
0.962535
0.993594
1.01854
1.03646
0.767537
0.813738
0.865574
0.91138
0.952667
0.988954
1.02037
1.0469
1.069
1.08447
0.878622
0.915952
0.956432
0.993216
1.02742
1.05843
1.08591
1.10949
1.12915
1.14196
0.975728
1.00794
1.04257
1.0757
1.10682
1.13548
1.16104
1.18285
1.20059
1.21103
1.06644
1.0976
1.13168
1.16485
1.19573
1.22392
1.24874
1.26951
1.28568
1.29425
1.16101
1.19572
1.23241
1.26774
1.29956
1.32774
1.35185
1.37156
1.38632
1.39427
1.27368
1.31397
1.35314
1.38989
1.42162
1.44865
1.47118
1.48939
1.50304
1.51211
1.41744
1.46009
1.4977
1.53135
1.55932
1.58307
1.60366
1.62105
1.63488
1.646
1.59524
1.63281
1.6608
1.68511
1.70611
1.72538
1.74361
1.76075
1.77664
1.79115
1.79289
1.8139
1.82879
1.84457
1.86084
1.87613
1.88984
1.90309
1.91858
1.93694
1.98347
1.99064
2.00119
2.01272
2.02263
2.03183
2.04207
2.05316
2.06477
2.07363
2.1965
2.19827
2.19034
2.17382
2.16267
2.1621
2.17425
2.19885
2.23297
2.2575
2.61614
2.42226
2.3212
2.26332
2.23418
2.22755
2.24275
2.28357
2.35942
2.50237
-0.319753
-0.324255
-0.284514
-0.211982
-0.121621
-0.0221004
0.891803
0.95864
0.950962
0.868876
0.794676
0.721141
0.492366
0.269949
0.000253069
-0.355731
-0.704583
)
;

boundaryField
{
    wall-4
    {
        type            zeroGradient;
    }
    pressure-outlet-7
    {
        type            fixedValue;
        value           uniform 0;
    }
    velocity-inlet-6
    {
        type            zeroGradient;
    }
    velocity-inlet-5
    {
        type            zeroGradient;
    }
    frontAndBackPlanes
    {
        type            empty;
    }
}


// ************************************************************************* //
