/*--------------------------------*- C++ -*----------------------------------*\
  =========                 |
  \\      /  F ield         | OpenFOAM: The Open Source CFD Toolbox
   \\    /   O peration     | Website:  https://openfoam.org
    \\  /    A nd           | Version:  9
     \\/     M anipulation  |
\*---------------------------------------------------------------------------*/
FoamFile
{
    format      ascii;
    class       volScalarField;
    location    "15";
    object      p;
}
// * * * * * * * * * * * * * * * * * * * * * * * * * * * * * * * * * * * * * //

dimensions      [0 2 -2 0 0 0 0];

internalField   nonuniform List<scalar> 
8800
(
0.389521
0.341757
0.303105
0.274146
0.253328
0.238556
0.22802
0.22058
0.215757
0.213611
0.214669
0.218603
0.224999
0.234094
0.246692
0.264291
0.288974
0.322845
0.365322
0.424017
0.220697
0.228377
0.23595
0.239287
0.237829
0.232816
0.226395
0.220379
0.215695
0.212813
0.212377
0.214621
0.21883
0.224519
0.231081
0.237191
0.240707
0.2399
0.234359
0.225592
0.199017
0.205206
0.209403
0.212453
0.214608
0.215314
0.214308
0.212276
0.210256
0.209225
0.209965
0.212067
0.214571
0.216468
0.216831
0.215427
0.2129
0.209353
0.204728
0.20095
0.193089
0.195776
0.198652
0.201199
0.202979
0.204271
0.205119
0.205305
0.205011
0.204845
0.205338
0.20618
0.206686
0.206437
0.20554
0.204184
0.202128
0.199345
0.196809
0.195303
0.187579
0.189036
0.191043
0.193357
0.195395
0.196939
0.198063
0.19893
0.199555
0.20001
0.200348
0.200443
0.200159
0.199504
0.198431
0.196796
0.194707
0.192501
0.191
0.190188
0.182582
0.183512
0.185043
0.186987
0.189007
0.190895
0.192453
0.193639
0.194557
0.19524
0.195609
0.195548
0.195056
0.194099
0.192638
0.190859
0.188991
0.187259
0.186211
0.185709
0.177961
0.178587
0.179944
0.18178
0.183644
0.185467
0.187234
0.1888
0.190031
0.190924
0.191345
0.191193
0.190468
0.189269
0.187813
0.186216
0.184496
0.182919
0.182075
0.18177
0.174388
0.174747
0.175879
0.17753
0.179196
0.180776
0.182267
0.183693
0.185023
0.186106
0.186632
0.186531
0.185986
0.185139
0.184035
0.182695
0.181201
0.179849
0.179224
0.179085
0.172275
0.172472
0.173225
0.174448
0.175801
0.177245
0.178741
0.180214
0.181591
0.182783
0.183496
0.183592
0.183204
0.182448
0.1815
0.180499
0.179438
0.178562
0.17819
0.178124
0.170405
0.170534
0.17093
0.171593
0.172459
0.173466
0.174602
0.175916
0.177328
0.178687
0.179626
0.179988
0.17994
0.179708
0.179239
0.178732
0.178295
0.177937
0.177762
0.177709
0.167745
0.167836
0.168106
0.168569
0.169185
0.170037
0.171186
0.172513
0.173995
0.175543
0.176774
0.177455
0.177687
0.17758
0.177505
0.177394
0.17721
0.177057
0.176962
0.17692
0.164339
0.164397
0.16464
0.165093
0.165683
0.16646
0.167539
0.16891
0.170547
0.172373
0.173961
0.174994
0.175564
0.175858
0.175993
0.176035
0.175988
0.175907
0.175864
0.175838
0.160469
0.160498
0.160728
0.161212
0.161899
0.162691
0.163852
0.165338
0.167179
0.169338
0.171379
0.172856
0.173806
0.174393
0.174767
0.174929
0.174934
0.1749
0.1749
0.174884
0.156287
0.156309
0.156521
0.15701
0.157717
0.158729
0.159992
0.161675
0.163834
0.166468
0.169061
0.171041
0.172414
0.173306
0.173797
0.174147
0.174271
0.174326
0.174363
0.174352
0.1517
0.151731
0.15194
0.152435
0.153204
0.154287
0.155765
0.157754
0.160359
0.163611
0.166897
0.169474
0.171314
0.172561
0.173362
0.17385
0.17412
0.174271
0.174338
0.174325
0.146489
0.146516
0.146761
0.147286
0.148146
0.149395
0.151151
0.153563
0.156766
0.160811
0.164948
0.168247
0.170595
0.17226
0.173365
0.174072
0.174503
0.174748
0.174843
0.174827
0.140437
0.140466
0.140763
0.141385
0.142387
0.14388
0.146017
0.14899
0.152969
0.158025
0.163222
0.167378
0.170434
0.172544
0.17398
0.174921
0.175513
0.175848
0.175972
0.175951
0.133309
0.133345
0.133707
0.134483
0.135722
0.13755
0.140216
0.143933
0.148914
0.155254
0.161779
0.16702
0.170831
0.173506
0.175329
0.176536
0.177303
0.177737
0.17789
0.177862
0.124824
0.124873
0.125337
0.1263
0.127872
0.130208
0.13357
0.138253
0.144529
0.152492
0.160661
0.167201
0.17195
0.175285
0.177569
0.179086
0.180049
0.180591
0.180785
0.18075
0.114614
0.114683
0.115282
0.116524
0.118544
0.121544
0.125833
0.131802
0.139751
0.149753
0.159937
0.168047
0.173926
0.178061
0.180897
0.18279
0.183994
0.184666
0.184902
0.184856
0.102124
0.102219
0.103005
0.104643
0.107297
0.111196
0.116766
0.124442
0.134534
0.147078
0.159717
0.169719
0.176955
0.182045
0.185545
0.187889
0.189383
0.190211
0.190503
0.190444
0.0865634
0.0866904
0.0877542
0.0899819
0.0935475
0.0987355
0.10606
0.11599
0.128833
0.144531
0.16013
0.172382
0.181233
0.187471
0.191773
0.194671
0.196527
0.197542
0.197896
0.197822
0.0667848
0.0669698
0.0684659
0.0715914
0.0765019
0.0835491
0.0933141
0.106277
0.122654
0.142215
0.161321
0.176209
0.186961
0.194572
0.199857
0.203445
0.205762
0.207034
0.207459
0.207363
0.0409962
0.0412909
0.0435174
0.04811
0.0551487
0.0649935
0.0782502
0.0952838
0.116112
0.140302
0.163466
0.181368
0.194317
0.203558
0.210053
0.214523
0.217446
0.219058
0.219587
0.219458
0.00602296
0.00656277
0.0102951
0.0176688
0.0283285
0.042557
0.0608068
0.0831877
0.109479
0.139048
0.16676
0.188001
0.203419
0.214558
0.222535
0.228157
0.231913
0.233995
0.234652
0.234477
-0.0441551
-0.0424306
-0.0348191
-0.0217823
-0.00481448
0.0161559
0.0412842
0.070428
0.103166
0.138741
0.171351
0.196153
0.214248
0.227525
0.237284
0.244403
0.249363
0.252223
0.253111
0.252864
-0.119403
-0.109932
-0.0925388
-0.0692644
-0.0428225
-0.0128816
0.0206566
0.0575982
0.0975041
0.139659
0.177643
0.206456
0.227702
0.243641
0.25578
0.265141
0.272143
0.276571
0.278176
0.278217
-0.199701
-0.178514
-0.150678
-0.117099
-0.0809661
-0.0419605
2.84217e-05
0.0449145
0.0923802
0.141849
0.186248
0.220164
0.245578
0.265115
0.280493
0.292815
0.302614
0.310142
0.313316
0.313519
-0.262886
-0.23936
-0.20332
-0.16154
-0.11691
-0.0695319
-0.0195079
0.0330219
0.0877433
0.144117
0.194379
0.232721
0.261551
0.283854
0.301521
0.315736
0.327019
0.33567
0.338533
0.339014
-0.314122
-0.288464
-0.247694
-0.20001
-0.148843
-0.0946547
-0.0377089
0.0216653
0.0830129
0.14569
0.201135
0.243133
0.274478
0.298514
0.317352
0.332396
0.34426
0.352849
0.356097
0.356605
-0.355716
-0.329362
-0.28517
-0.233098
-0.176843
-0.117153
-0.0543911
0.0109237
0.0781558
0.146477
0.206436
0.251377
0.284526
0.309641
0.329092
0.344425
0.356381
0.364896
0.368344
0.368829
-0.391085
-0.364342
-0.317736
-0.262089
-0.201717
-0.13744
-0.069747
0.000743864
0.0732257
0.146626
0.210661
0.258224
0.292908
0.318848
0.338647
0.354009
0.365868
0.374215
0.377834
0.378306
-0.422149
-0.395254
-0.346798
-0.288278
-0.224438
-0.15621
-0.0841812
-0.00906798
0.0682015
0.146362
0.214245
0.26422
0.300256
0.326868
0.34693
0.362314
0.374083
0.382263
0.385916
0.386388
-0.450383
-0.423352
-0.373382
-0.312438
-0.245618
-0.173959
-0.0980917
-0.0187977
0.0628947
0.145521
0.217069
0.269441
0.306873
0.33423
0.354628
0.3701
0.38183
0.389827
0.393484
0.393986
-0.476613
-0.449451
-0.398225
-0.335171
-0.265794
-0.19113
-0.111842
-0.0287575
0.0570221
0.143951
0.219254
0.274173
0.313147
0.341369
0.362194
0.377828
0.389562
0.397458
0.401019
0.401592
-0.501526
-0.47417
-0.421796
-0.356904
-0.285271
-0.207952
-0.125619
-0.0390899
0.0505571
0.141707
0.220843
0.278494
0.319222
0.348488
0.36988
0.385775
0.397574
0.405398
0.408842
0.409426
-0.525357
-0.497764
-0.444348
-0.377942
-0.304283
-0.224612
-0.139542
-0.0498377
0.0434333
0.138677
0.221738
0.282385
0.32515
0.355704
0.377843
0.394125
0.40607
0.413856
0.417158
0.417692
-0.548469
-0.520516
-0.466275
-0.398435
-0.322989
-0.241224
-0.15369
-0.0611211
0.0355077
0.134733
0.221846
0.285778
0.330897
0.363025
0.386134
0.402955
0.415136
0.422941
0.42609
0.426523
-0.570891
-0.542625
-0.487661
-0.418458
-0.341445
-0.257841
-0.168133
-0.072982
0.026755
0.12981
0.221045
0.288548
0.336388
0.370416
0.394757
0.412307
0.424837
0.432687
0.435712
0.435982
-0.592682
-0.564011
-0.508463
-0.438065
-0.359687
-0.274474
-0.182851
-0.0853966
0.0171714
0.123837
0.21919
0.290524
0.341491
0.377816
0.403686
0.422163
0.435159
0.443079
0.445986
0.446078
-0.613907
-0.584921
-0.528656
-0.457254
-0.377697
-0.291072
-0.197788
-0.0983258
0.00676093
0.116765
0.216155
0.291488
0.345972
0.385053
0.412826
0.43247
0.446048
0.454044
0.456798
0.456721
-0.634611
-0.6052
-0.548288
-0.475998
-0.395412
-0.307589
-0.212887
-0.111709
-0.00442431
0.108586
0.211824
0.291231
0.349538
0.391883
0.422059
0.443177
0.45742
0.465434
0.467924
0.467704
-0.654635
-0.624816
-0.567319
-0.494261
-0.412791
-0.323955
-0.228076
-0.125451
-0.0163042
0.0993371
0.20611
0.289539
0.351897
0.398022
0.431249
0.454287
0.469257
0.477107
0.479218
0.478835
-0.673943
-0.643762
-0.585724
-0.511987
-0.429772
-0.340098
-0.243249
-0.13946
-0.0287816
0.0890712
0.198984
0.286218
0.352706
0.403043
0.440138
0.465908
0.481764
0.488954
0.490306
0.489765
-0.692599
-0.661977
-0.603472
-0.529139
-0.446289
-0.355935
-0.258317
-0.153619
-0.0417419
0.0778916
0.190441
0.281144
0.351594
0.406349
0.448186
0.478091
0.495693
0.501453
0.500851
0.500087
-0.710444
-0.679461
-0.620512
-0.545657
-0.46229
-0.37139
-0.273185
-0.167814
-0.0550499
0.0659304
0.180559
0.274234
0.348287
0.407207
0.454382
0.490329
0.512241
0.517293
0.512248
0.509907
-0.727574
-0.696214
-0.636872
-0.561569
-0.477808
-0.38651
-0.287911
-0.182102
-0.0687711
0.0531249
0.169231
0.26526
0.342496
0.404834
0.45706
0.500717
0.531041
0.541998
0.533918
0.511689
-0.74394
-0.712246
-0.652669
-0.577048
-0.493119
-0.401607
-0.302889
-0.196952
-0.0834426
0.0388104
0.155744
0.253338
0.33335
0.398046
0.452985
0.503655
0.541652
0.552985
0.53794
0.511715
-0.759403
-0.72775
-0.66774
-0.591842
-0.507949
-0.41635
-0.317896
-0.212037
-0.0987306
0.0233237
0.140332
0.238367
0.32046
0.386532
0.437977
0.488262
0.521849
0.522288
0.453425
0.410105
-0.773387
-0.743613
-0.681709
-0.605402
-0.521635
-0.430301
-0.332659
-0.227144
-0.11442
0.00683126
0.123044
0.220339
0.303181
0.371096
0.413285
0.443028
0.461955
0.419986
0.343731
0.29374
-0.826006
-0.756675
-0.694343
-0.619209
-0.535541
-0.444772
-0.347247
-0.242517
-0.130814
-0.0110123
0.103466
0.198966
0.279482
0.352958
0.366293
0.373183
0.345361
0.278991
0.192673
0.14436
-0.785209
-0.7709
-0.712127
-0.63879
-0.555401
-0.465295
-0.369112
-0.2657
-0.155943
-0.0390295
0.0712676
0.162323
0.23507
0.297305
0.304546
0.184848
0.0684349
-0.0115367
-0.0953834
-0.0505248
-0.81291
-0.785695
-0.727248
-0.653669
-0.570956
-0.481377
-0.385317
-0.282972
-0.17487
-0.0606193
0.0457556
0.131692
0.197144
0.230358
0.177645
0.0112472
-0.141863
-0.249852
-0.367865
-0.296241
-0.833771
-0.803104
-0.744431
-0.670472
-0.588038
-0.49881
-0.403213
-0.302115
-0.195949
-0.084839
0.016974
0.0965558
0.152159
0.157797
0.0380471
-0.182081
-0.373139
-0.520057
-0.691264
-0.626037
-0.853555
-0.821595
-0.761994
-0.687485
-0.605095
-0.516216
-0.421442
-0.321695
-0.217624
-0.109993
-0.0134974
0.059182
0.10112
0.0679072
-0.122552
-0.379107
-0.62611
-0.848917
-1.09946
-1.08461
-0.872094
-0.840191
-0.780006
-0.705042
-0.622692
-0.534228
-0.440371
-0.342065
-0.240316
-0.136504
-0.045824
0.0195392
0.0449134
-0.0317382
-0.277787
-0.561309
-0.858094
-1.12635
-1.45609
-1.83268
-0.890515
-0.858957
-0.798651
-0.723465
-0.641169
-0.553091
-0.460081
-0.363223
-0.263863
-0.164007
-0.079266
-0.0217467
-0.013463
-0.13957
-0.415564
-0.704566
-1.00273
-1.25455
-1.35966
-1.52361
-0.909379
-0.878219
-0.818164
-0.742976
-0.66086
-0.573256
-0.48118
-0.385923
-0.289222
-0.193747
-0.115489
-0.0667695
-0.0795236
-0.264302
-0.536626
-0.810182
-1.05347
-1.20651
-1.2362
-1.26633
-0.929038
-0.898244
-0.838486
-0.76357
-0.681771
-0.594792
-0.503851
-0.410456
-0.316778
-0.226289
-0.155147
-0.116103
-0.159787
-0.382509
-0.643434
-0.895231
-1.09186
-1.17146
-1.19216
-1.19565
-0.949635
-0.919099
-0.859704
-0.785112
-0.703748
-0.617576
-0.527966
-0.436691
-0.346421
-0.261536
-0.197968
-0.170686
-0.243674
-0.494538
-0.741647
-0.977302
-1.14677
-1.17419
-1.16921
-1.16698
-0.971014
-0.940742
-0.881654
-0.807479
-0.726676
-0.641444
-0.553347
-0.464448
-0.3779
-0.299168
-0.243744
-0.23054
-0.328682
-0.604634
-0.832774
-1.04012
-1.15492
-1.15968
-1.15083
-1.14703
-0.992901
-0.962877
-0.904143
-0.830481
-0.750318
-0.666159
-0.579741
-0.493456
-0.410869
-0.338693
-0.292442
-0.290715
-0.427724
-0.709604
-0.917438
-1.03106
-1.11043
-1.11389
-1.12176
-1.12249
-1.01466
-0.985169
-0.92693
-0.85376
-0.774303
-0.691354
-0.606769
-0.523254
-0.444837
-0.379446
-0.343445
-0.352239
-0.542208
-0.814515
-1.03095
-1.01389
-1.04846
-1.11025
-1.13233
-1.13716
-1.03577
-1.00677
-0.949549
-0.876844
-0.79818
-0.716479
-0.633881
-0.553189
-0.479056
-0.420276
-0.394832
-0.418318
-0.673389
-0.943393
-1.24904
-1.4129
-1.30225
-1.24461
-1.22875
-1.22743
-1.05564
-1.02737
-0.970969
-0.899023
-0.821309
-0.740941
-0.660284
-0.58237
-0.512369
-0.459793
-0.445168
-0.488787
-0.807447
-1.11846
-1.36153
-1.51105
-1.45453
-1.48877
-1.47883
-1.45255
-1.07313
-1.04594
-0.990585
-0.919436
-0.842694
-0.763793
-0.685111
-0.60973
-0.54335
-0.496369
-0.492249
-0.554303
-0.923996
-1.21548
-1.1064
-0.868828
-1.27359
-1.74499
-1.83547
-1.80926
-1.08714
-1.06139
-1.00735
-0.937035
-0.861303
-0.783911
-0.707155
-0.634146
-0.570221
-0.527559
-0.529236
-0.601044
-1.05526
-1.58712
-2.02051
-2.32991
-2.5695
-2.33656
-2.04499
-2.00771
-1.09635
-1.07245
-1.02004
-0.95055
-0.875879
-0.800002
-0.725137
-0.654163
-0.591457
-0.548405
-0.548396
-0.639893
-1.19944
-2.09966
-3.30253
-4.01939
-4.19753
-3.8411
-3.2904
-2.99663
-1.0996
-1.07776
-1.02709
-0.958655
-0.884994
-0.810738
-0.737967
-0.668766
-0.605357
-0.556465
-0.546763
-0.612661
-1.14283
-1.93497
-2.9311
-3.60814
-3.75445
-3.45421
-3.0456
-2.82763
-1.09471
-1.07546
-1.02682
-0.959335
-0.887039
-0.814881
-0.74463
-0.677013
-0.612315
-0.550929
-0.505843
-0.498561
-0.696741
-1.01461
-1.24104
-1.28171
-1.06909
-0.731447
-0.441996
-0.30916
-1.0794
-1.06243
-1.0165
-0.950608
-0.880413
-0.811066
-0.744207
-0.679675
-0.613594
-0.534888
-0.444323
-0.358854
-0.168187
0.159234
0.607122
1.08378
1.54391
1.87153
2.04279
2.08785
-1.0515
-1.03693
-0.993969
-0.930875
-0.863738
-0.798667
-0.737634
-0.679818
-0.617792
-0.528058
-0.39346
-0.209622
0.0716443
0.595614
1.27353
1.90629
2.38603
2.66613
2.78802
2.81476
-1.00909
-0.996774
-0.957342
-0.898531
-0.836361
-0.777972
-0.726297
-0.682772
-0.638173
-0.555754
-0.391504
-0.14558
0.112125
0.5639
1.16897
1.69889
2.08031
2.29714
2.39477
2.42063
-0.948685
-0.938459
-0.904686
-0.853289
-0.798933
-0.750104
-0.712053
-0.690858
-0.691177
-0.685907
-0.575749
-0.284422
0.0500634
0.362189
0.823803
1.22915
1.52644
1.70714
1.79524
1.82024
-0.873815
-0.865506
-0.839138
-0.797236
-0.753314
-0.716728
-0.696834
-0.711575
-0.798851
-1.01788
-1.15029
-0.801895
-0.301781
0.0355601
0.416022
0.754114
1.0074
1.16438
1.24106
1.24926
-0.788558
-0.782563
-0.762607
-0.731512
-0.699558
-0.675874
-0.674675
-0.731124
-0.947288
-1.51062
-2.11614
-1.64667
-0.933902
-0.475957
-0.0403638
0.294033
0.515262
0.633158
0.681841
0.690278
-0.685634
-0.682959
-0.67089
-0.651024
-0.630808
-0.618398
-0.628716
-0.699718
-0.949836
-1.58436
-2.269
-1.86214
-1.1872
-0.67906
-0.250015
0.0465749
0.217587
0.303076
0.344191
0.352648
-0.575683
-0.575036
-0.567696
-0.555181
-0.542704
-0.536019
-0.547134
-0.605846
-0.804986
-1.29109
-1.74858
-1.47574
-0.984058
-0.545457
-0.228864
-0.045366
0.0436819
0.0846984
0.102078
0.105746
-0.463405
-0.462884
-0.45802
-0.449289
-0.440065
-0.433804
-0.437571
-0.470115
-0.579929
-0.840414
-1.04544
-0.864281
-0.555142
-0.291699
-0.129663
-0.0547616
-0.0222379
-0.00753728
-0.0012992
-9.88576e-05
-0.351068
-0.350979
-0.347595
-0.341114
-0.333456
-0.32596
-0.321486
-0.327718
-0.362197
-0.444245
-0.474303
-0.371236
-0.190394
-0.0775925
-0.0300705
-0.0145434
-0.0110038
-0.0109408
-0.0113537
-0.0117421
-0.245718
-0.245883
-0.244128
-0.239958
-0.234014
-0.226147
-0.216635
-0.206844
-0.199257
-0.189738
-0.140768
-0.0728947
-0.0106319
0.0277917
0.0325674
0.0282433
0.0220981
0.0172326
0.0145884
0.0135634
-0.154849
-0.155216
-0.155092
-0.153442
-0.149682
-0.1429
-0.132292
-0.116729
-0.0940591
-0.0586296
-0.00425707
0.0395857
0.0600077
0.0702872
0.0659665
0.0582431
0.0510468
0.0458953
0.0431419
0.0420513
-0.0834966
-0.0839625
-0.0849385
-0.0851799
-0.0835113
-0.078751
-0.0696259
-0.0543673
-0.0304915
0.00518801
0.0476016
0.0763163
0.0848259
0.0861047
0.0812729
0.0747941
0.0688814
0.0646615
0.062421
0.0614939
-0.0320203
-0.0324741
-0.0338743
-0.0351125
-0.0348527
-0.032024
-0.0253478
-0.0130977
0.00668188
0.0353041
0.0654897
0.0843172
0.0899357
0.0895746
0.0858837
0.081062
0.076565
0.0733357
0.0716342
0.0709117
0.00259818
0.00221898
0.000833057
-0.000759811
-0.00128432
0.000229859
0.00479414
0.0137523
0.0284805
0.0494468
0.0703267
0.0829414
0.0872375
0.0868834
0.0841918
0.0806722
0.077288
0.0748003
0.0735172
0.0729771
0.0244237
0.0241329
0.0229623
0.0214099
0.0204938
0.0210591
0.023993
0.0302439
0.0406504
0.0553391
0.0696402
0.0781626
0.0812548
0.0810433
0.0791679
0.0765812
0.0739896
0.0720468
0.0710739
0.0706801
0.0372301
0.0370144
0.0361103
0.03479
0.0338349
0.0338521
0.0355064
0.0395806
0.0466862
0.056738
0.066394
0.0721311
0.0743485
0.0742323
0.0728251
0.070855
0.0688434
0.0673079
0.0665651
0.066282
0.0440468
0.0438832
0.0432143
0.0421575
0.0413046
0.0410957
0.0420008
0.0445161
0.0491122
0.0558124
0.0623411
0.0662202
0.0676397
0.0674121
0.0662864
0.0647468
0.0631568
0.0619377
0.0613682
0.0611644
0.0470398
0.0469082
0.0463966
0.0455459
0.0447893
0.044433
0.0448384
0.0463813
0.049347
0.0537019
0.0579333
0.0603897
0.0612147
0.0609339
0.060011
0.0587867
0.0575319
0.0565753
0.0561427
0.0559948
0.0475513
0.0474418
0.0470274
0.0463174
0.0456363
0.0451999
0.045247
0.0460415
0.0478223
0.0505801
0.0532967
0.0548477
0.0552761
0.0549332
0.0541528
0.0531751
0.05219
0.0514493
0.0511235
0.0510148
0.0463731
0.0462822
0.0459381
0.0453367
0.0447259
0.0442643
0.0441223
0.0444755
0.0454758
0.0471291
0.0487757
0.0496529
0.0497819
0.0494034
0.0487385
0.0479501
0.0471743
0.0466005
0.0463533
0.0462723
0.0440134
0.0439392
0.0436518
0.0431376
0.0425893
0.0421224
0.0418547
0.0419104
0.0424002
0.0433211
0.044245
0.0446813
0.0446311
0.0442479
0.0436824
0.0430472
0.0424377
0.0419936
0.0418049
0.041744
0.0408262
0.040767
0.040533
0.0401023
0.0396244
0.0391849
0.038864
0.0387444
0.0389029
0.0393433
0.0397971
0.0399425
0.0397768
0.0394026
0.0389205
0.0384056
0.0379234
0.0375769
0.0374317
0.0373858
0.0370773
0.0370304
0.0368442
0.0364919
0.036087
0.0356921
0.0353613
0.0351517
0.0351145
0.0352511
0.0353983
0.0353609
0.035135
0.0347847
0.0343758
0.0339576
0.0335749
0.0333041
0.0331924
0.0331577
0.0329626
0.0329254
0.03278
0.0324989
0.0321653
0.0318245
0.0315118
0.0312649
0.0311189
0.0310755
0.0310416
0.0309016
0.0306526
0.0303351
0.0299909
0.0296519
0.0293483
0.029137
0.029051
0.0290248
0.0286233
0.0285939
0.0284819
0.0282621
0.0279941
0.02771
0.027432
0.0271844
0.0269906
0.0268513
0.0267177
0.0265288
0.026283
0.0260037
0.0257179
0.0254452
0.0252062
0.0250425
0.0249764
0.0249566
0.0241541
0.0241311
0.0240454
0.0238762
0.0236652
0.0234349
0.0231985
0.0229716
0.0227695
0.0225922
0.0224176
0.0222175
0.0219918
0.0217545
0.0215216
0.0213053
0.0211188
0.0209926
0.020942
0.020927
0.0196139
0.0195962
0.0195312
0.0194028
0.0192403
0.0190591
0.0188672
0.0186739
0.0184887
0.0183109
0.0181341
0.0179483
0.0177544
0.0175603
0.0173757
0.0172075
0.0170644
0.0169681
0.0169298
0.0169185
0.0150348
0.0150216
0.0149732
0.0148778
0.0147564
0.0146196
0.0144721
0.0143196
0.0141671
0.0140138
0.0138603
0.0137062
0.0135525
0.0134028
0.0132625
0.0131359
0.0130287
0.0129568
0.0129283
0.01292
0.0104316
0.0104221
0.0103877
0.0103203
0.0102351
0.0101397
0.0100368
0.00992914
0.00981958
0.0097075
0.0095947
0.00948359
0.00937483
0.00927006
0.00917218
0.00908324
0.00900728
0.00895588
0.00893554
0.00892955
0.00580902
0.00580265
0.00578137
0.0057403
0.0056903
0.00563645
0.00557927
0.00551967
0.00545846
0.00539529
0.00533148
0.00526878
0.00520799
0.00514976
0.00509504
0.0050441
0.00499875
0.00496721
0.00495443
0.00495002
0.00117506
0.0011756
0.00117917
0.00117462
0.00116308
0.0011501
0.0011363
0.00112169
0.00110607
0.00108893
0.00107093
0.0010537
0.00103774
0.00102282
0.00100893
0.000995832
0.000983569
0.000974728
0.00097488
0.000977473
-0.795552
-0.560547
-0.297236
-0.08202
0.0926168
0.233551
0.352862
0.453543
0.499928
0.477373
-0.375457
-0.215986
-0.050202
0.092507
0.213769
0.315487
0.398396
0.457788
0.488769
0.499924
-0.0899073
0.015414
0.126115
0.224608
0.309626
0.381022
0.43781
0.479307
0.508353
0.525365
0.108791
0.181052
0.258566
0.328708
0.389693
0.441303
0.483396
0.516488
0.542483
0.560164
0.25847
0.310545
0.365731
0.417872
0.463773
0.503561
0.537217
0.56477
0.58713
0.604598
0.377988
0.416431
0.45995
0.500955
0.538173
0.5712
0.599751
0.623422
0.642565
0.659743
0.47974
0.511518
0.549332
0.584755
0.617594
0.64716
0.672805
0.693916
0.710298
0.727332
0.573957
0.605092
0.641473
0.675568
0.706955
0.735052
0.759132
0.778517
0.792499
0.809562
0.672755
0.707143
0.745218
0.780057
0.811218
0.838359
0.86109
0.878952
0.891263
0.90872
0.789916
0.828353
0.867889
0.902938
0.932979
0.958328
0.979195
0.995477
1.00725
1.02538
0.936209
0.975172
1.01175
1.04291
1.06902
1.09149
1.11085
1.12663
1.13925
1.1573
1.11187
1.14391
1.17038
1.19311
1.21335
1.23228
1.25018
1.2668
1.28227
1.30038
1.30099
1.31836
1.33362
1.35005
1.3661
1.38075
1.39406
1.40808
1.4257
1.44589
1.48309
1.49266
1.50428
1.51514
1.52448
1.53417
1.54509
1.55653
1.56795
1.58333
1.69048
1.69418
1.67924
1.66445
1.65828
1.66403
1.68254
1.7129
1.74511
1.77178
1.99678
1.86193
1.7854
1.74317
1.72576
1.72973
1.75718
1.81358
1.91621
2.14059
0.280105
0.277997
0.273513
0.264927
0.252761
0.240696
0.230533
0.222699
0.217107
0.213807
0.213287
0.215767
0.220598
0.227569
0.236745
0.248118
0.260633
0.271567
0.277638
0.280655
0.204488
0.21035
0.216711
0.221275
0.22381
0.223566
0.22092
0.217177
0.213689
0.211367
0.211046
0.212978
0.216358
0.220381
0.223947
0.22563
0.22454
0.220924
0.215664
0.209012
0.195911
0.19821
0.201689
0.204798
0.206995
0.208608
0.209464
0.209238
0.208267
0.207336
0.207317
0.208445
0.209922
0.210905
0.210805
0.209669
0.207899
0.205369
0.201958
0.198975
0.190288
0.191369
0.193323
0.195911
0.19815
0.199765
0.200927
0.201761
0.202181
0.202335
0.202612
0.20308
0.203325
0.203048
0.202304
0.201125
0.199327
0.196929
0.194597
0.193139
0.185019
0.185648
0.186914
0.18892
0.191018
0.192934
0.194456
0.195609
0.196545
0.197283
0.197768
0.197903
0.197648
0.197045
0.19603
0.194517
0.192625
0.190642
0.188993
0.188145
0.180216
0.180617
0.181598
0.18334
0.185293
0.187258
0.189141
0.190725
0.191915
0.192787
0.193378
0.193573
0.193261
0.192394
0.191005
0.189319
0.187537
0.185781
0.184424
0.183849
0.175974
0.176183
0.176973
0.178574
0.180371
0.182068
0.183677
0.185264
0.186744
0.187962
0.188726
0.188833
0.188352
0.18745
0.186321
0.184995
0.183464
0.181848
0.180664
0.180294
0.173199
0.173286
0.173839
0.175128
0.176683
0.178241
0.179806
0.181276
0.182638
0.183868
0.184768
0.185085
0.184865
0.184238
0.183276
0.18212
0.180842
0.179549
0.178688
0.178479
0.171409
0.171461
0.171783
0.172543
0.173577
0.174715
0.175969
0.177348
0.178791
0.18017
0.181257
0.181759
0.181701
0.181294
0.180679
0.179971
0.179216
0.178521
0.178083
0.177962
0.16918
0.169217
0.169407
0.169815
0.170395
0.17131
0.172279
0.173476
0.174832
0.17628
0.177581
0.178392
0.178699
0.178674
0.178489
0.178094
0.177872
0.177636
0.177461
0.17739
0.16612
0.166144
0.166299
0.166659
0.16718
0.167803
0.168811
0.170055
0.171529
0.173177
0.174764
0.175898
0.176481
0.176702
0.176717
0.176735
0.176657
0.176549
0.176453
0.176411
0.162444
0.162449
0.162576
0.162939
0.163508
0.164172
0.1651
0.166358
0.167927
0.169795
0.171744
0.1733
0.17429
0.174885
0.175235
0.1754
0.175446
0.175389
0.175346
0.175336
0.158412
0.158408
0.158512
0.158873
0.159461
0.160256
0.161378
0.162716
0.164489
0.166681
0.169101
0.171153
0.17256
0.173436
0.174051
0.174399
0.17453
0.174548
0.174563
0.174572
0.154053
0.154041
0.154149
0.154512
0.155133
0.156003
0.157179
0.158767
0.160856
0.163507
0.166522
0.169175
0.171088
0.172413
0.173262
0.173778
0.174054
0.174194
0.174274
0.174294
0.149187
0.149171
0.149299
0.149665
0.150318
0.151277
0.152638
0.154519
0.157047
0.160307
0.164081
0.167475
0.169952
0.171697
0.172872
0.173633
0.174098
0.17437
0.174509
0.174535
0.143593
0.143575
0.143723
0.144141
0.144861
0.145969
0.147589
0.149875
0.152983
0.157033
0.161764
0.166054
0.169186
0.171464
0.173018
0.174049
0.174713
0.175118
0.175314
0.175349
0.13704
0.137018
0.1372
0.137707
0.138575
0.139913
0.141899
0.144721
0.148588
0.153651
0.159582
0.164973
0.168997
0.17184
0.173816
0.175146
0.176022
0.176562
0.176818
0.176862
0.129282
0.129253
0.129485
0.13011
0.131205
0.132897
0.135372
0.138912
0.143774
0.150133
0.157568
0.164321
0.169346
0.17292
0.175393
0.17707
0.178181
0.178865
0.179185
0.179245
0.119979
0.11994
0.120247
0.121065
0.122462
0.124613
0.127778
0.132288
0.138441
0.146444
0.155753
0.164166
0.170401
0.174844
0.177923
0.180011
0.181399
0.182264
0.182666
0.182735
0.108675
0.108624
0.109038
0.110121
0.111947
0.114739
0.118844
0.12463
0.132458
0.142556
0.154185
0.164617
0.172316
0.177803
0.181609
0.184192
0.185911
0.186983
0.187482
0.187569
0.0947226
0.0946637
0.0952417
0.0966997
0.099122
0.10281
0.108179
0.115675
0.12571
0.138465
0.152946
0.165809
0.175262
0.181999
0.186683
0.189871
0.191996
0.19333
0.193951
0.194053
0.0771805
0.0771202
0.0779541
0.0799579
0.0832531
0.0882224
0.0953765
0.105222
0.118142
0.134227
0.15216
0.167904
0.179429
0.187653
0.193395
0.197325
0.199957
0.201609
0.202388
0.202512
0.0545555
0.0545059
0.0557709
0.05865
0.0633138
0.070235
0.0799965
0.0930726
0.109749
0.129961
0.151995
0.171084
0.18501
0.194983
0.201999
0.206846
0.210123
0.212191
0.213163
0.213316
0.0244857
0.0245066
0.0265651
0.0309693
0.0379157
0.0479445
0.0615707
0.0791075
0.100637
0.12586
0.152643
0.175512
0.192155
0.204153
0.212702
0.218701
0.222821
0.225449
0.226675
0.226863
-0.0173153
-0.0170421
-0.0132123
-0.00565615
0.00547406
0.0206403
0.0399943
0.0635555
0.091138
0.122227
0.154317
0.18131
0.200926
0.215203
0.22557
0.233028
0.238293
0.241725
0.243307
0.243527
-0.0788876
-0.0771325
-0.0680696
-0.0537944
-0.0348154
-0.0114591
0.0159128
0.0471214
0.0818373
0.119463
0.157217
0.188513
0.211243
0.227968
0.240377
0.249614
0.256384
0.260939
0.263113
0.263399
-0.152513
-0.149657
-0.132839
-0.107628
-0.0781002
-0.045224
-0.00908584
0.0302973
0.0726884
0.117584
0.162009
0.198796
0.225836
0.246183
0.261763
0.27384
0.283279
0.289628
0.291931
0.292778
-0.228245
-0.219338
-0.194416
-0.159184
-0.120054
-0.0780494
-0.0332802
0.0142185
0.0642609
0.116428
0.167583
0.209894
0.241189
0.26505
0.283699
0.29852
0.3103
0.31852
0.322682
0.32419
-0.286213
-0.276046
-0.246181
-0.204326
-0.157848
-0.108235
-0.0558851
-0.00097917
0.0561908
0.115153
0.172457
0.219573
0.254318
0.28076
0.301367
0.317677
0.330588
0.340073
0.34524
0.346894
-0.333068
-0.322387
-0.289135
-0.242595
-0.190637
-0.135102
-0.0765124
-0.0152141
0.0483054
0.113404
0.176208
0.227401
0.264769
0.292884
0.314543
0.331518
0.344844
0.354645
0.359996
0.361785
-0.371714
-0.361006
-0.325736
-0.275565
-0.219259
-0.158937
-0.0951523
-0.0284112
0.04066
0.111244
0.178932
0.233621
0.273119
0.30249
0.324843
0.342133
0.35554
0.365344
0.370695
0.372483
-0.405185
-0.394544
-0.357747
-0.30473
-0.24489
-0.180557
-0.112338
-0.0408292
0.0332025
0.108762
0.180994
0.238947
0.280356
0.310762
0.333585
0.351012
0.36438
0.374143
0.379503
0.381212
-0.435011
-0.42446
-0.386556
-0.331222
-0.268429
-0.200636
-0.128522
-0.0527733
0.0257716
0.105969
0.182482
0.243495
0.286706
0.318095
0.34139
0.358991
0.372374
0.382092
0.387495
0.389032
-0.462395
-0.451886
-0.413112
-0.355812
-0.290472
-0.219703
-0.144173
-0.0646061
0.0180724
0.102589
0.183215
0.247357
0.292488
0.324978
0.348839
0.366676
0.380125
0.389818
0.395212
0.39664
-0.488098
-0.477612
-0.438037
-0.37904
-0.311512
-0.238127
-0.159574
-0.0765869
0.00988037
0.0985404
0.183312
0.250717
0.297937
0.331679
0.356237
0.374416
0.387991
0.397675
0.403088
0.404405
-0.512552
-0.502054
-0.461782
-0.401306
-0.331837
-0.256132
-0.174895
-0.0888195
0.00118071
0.0938079
0.182707
0.253539
0.303093
0.33832
0.363761
0.382418
0.396214
0.405947
0.411331
0.412594
-0.536117
-0.525555
-0.484617
-0.422894
-0.351672
-0.27391
-0.190266
-0.101378
-0.00812914
0.0882423
0.181263
0.255756
0.307962
0.344969
0.371516
0.390815
0.404944
0.41478
0.420088
0.42134
-0.558999
-0.548287
-0.50667
-0.443891
-0.371105
-0.291539
-0.205756
-0.114361
-0.018152
0.0817787
0.178895
0.257254
0.31246
0.3516
0.379525
0.399653
0.414238
0.424252
0.429479
0.43071
-0.581203
-0.570324
-0.528207
-0.464366
-0.390206
-0.309057
-0.221402
-0.127779
-0.028881
0.0743656
0.175493
0.257888
0.316415
0.358073
0.387713
0.408913
0.424102
0.43436
0.439535
0.440683
-0.602852
-0.591764
-0.549168
-0.484324
-0.408996
-0.326465
-0.237167
-0.141584
-0.0402947
0.0659836
0.170956
0.257491
0.319645
0.364214
0.395977
0.418544
0.434519
0.445101
0.450221
0.451233
-0.623871
-0.612584
-0.569501
-0.503786
-0.427435
-0.343702
-0.252989
-0.155726
-0.0523551
0.0566383
0.165221
0.255885
0.321944
0.369868
0.404216
0.42849
0.445424
0.456354
0.461399
0.462219
-0.644301
-0.632785
-0.589192
-0.522727
-0.445481
-0.360724
-0.268817
-0.170129
-0.0649837
0.0463732
0.158239
0.252905
0.323023
0.374748
0.412233
0.438692
0.456784
0.468005
0.472823
0.47342
-0.663984
-0.652314
-0.608226
-0.5411
-0.463082
-0.377456
-0.284571
-0.1847
-0.0780863
0.0352698
0.150011
0.248427
0.322593
0.378436
0.419712
0.449081
0.468697
0.480033
0.484313
0.484585
-0.68303
-0.671133
-0.626581
-0.558874
-0.480195
-0.393845
-0.300149
-0.199348
-0.0915556
0.0234346
0.140587
0.242357
0.320411
0.380477
0.426175
0.459513
0.481508
0.492741
0.495644
0.495294
-0.70131
-0.689183
-0.644228
-0.575999
-0.496745
-0.40981
-0.315472
-0.213949
-0.105267
0.0109646
0.130055
0.234672
0.316288
0.380395
0.430856
0.469456
0.495683
0.50755
0.50747
0.505057
-0.718862
-0.706547
-0.661128
-0.592431
-0.512696
-0.425293
-0.330461
-0.228419
-0.1191
-0.00197681
0.118549
0.225382
0.310101
0.377758
0.432669
0.477518
0.510753
0.527016
0.524824
0.513252
-0.735623
-0.723158
-0.677388
-0.608307
-0.528243
-0.44056
-0.345439
-0.243157
-0.133514
-0.0159264
0.105464
0.21382
0.301135
0.371835
0.429978
0.481006
0.523508
0.548574
0.549399
0.540172
-0.751576
-0.738896
-0.693022
-0.623594
-0.543383
-0.455616
-0.360383
-0.258166
-0.148528
-0.0309505
0.0906862
0.199763
0.28883
0.362051
0.420729
0.473858
0.519994
0.548247
0.530411
0.465608
-0.766525
-0.753111
-0.707953
-0.638295
-0.558261
-0.470585
-0.375334
-0.273322
-0.164056
-0.0469394
0.074247
0.183189
0.272624
0.348168
0.404809
0.447707
0.488441
0.495226
0.443159
0.371025
-0.780587
-0.767289
-0.722027
-0.651947
-0.57256
-0.485005
-0.390477
-0.28856
-0.179941
-0.0636998
0.0562449
0.164039
0.25193
0.33093
0.384222
0.430849
0.415477
0.385804
0.313247
0.235438
-0.764484
-0.74725
-0.701048
-0.628729
-0.545117
-0.454445
-0.355347
-0.251037
-0.139938
-0.0210047
0.0923519
0.186792
0.265207
0.344257
0.41521
0.328015
0.280111
0.215055
0.1328
0.0774934
-0.787892
-0.770139
-0.737355
-0.673404
-0.594529
-0.507733
-0.41346
-0.312635
-0.205454
-0.091409
0.025262
0.129194
0.212195
0.284813
0.350894
0.352825
0.232652
0.139606
0.07019
-0.0269431
-0.805059
-0.789458
-0.750067
-0.684963
-0.60601
-0.519982
-0.427045
-0.327406
-0.221632
-0.109636
0.00435941
0.104795
0.184045
0.244062
0.265479
0.192623
0.0264636
-0.0850891
-0.17202
-0.27651
-0.822628
-0.810692
-0.766434
-0.700246
-0.621329
-0.535412
-0.442811
-0.343865
-0.239441
-0.12959
-0.0192589
0.0757697
0.147695
0.193716
0.165591
0.0140605
-0.175358
-0.319655
-0.43989
-0.601655
-0.842818
-0.830364
-0.784489
-0.717313
-0.638368
-0.552595
-0.460392
-0.362384
-0.2595
-0.152144
-0.0459687
0.0430985
0.106426
0.134287
0.0596529
-0.163154
-0.395705
-0.589878
-0.772503
-1.01554
-0.861669
-0.849551
-0.802858
-0.734712
-0.655583
-0.570028
-0.478455
-0.381606
-0.280493
-0.175972
-0.0743513
0.00829373
0.0628348
0.0653067
-0.0700773
-0.335758
-0.61435
-0.888142
-1.1203
-1.63529
-0.87988
-0.868418
-0.821537
-0.752809
-0.673565
-0.588217
-0.497283
-0.401601
-0.30236
-0.200875
-0.104118
-0.0284044
0.0167071
-0.0198188
-0.212188
-0.490559
-0.790823
-1.08833
-1.34869
-1.81052
-0.898419
-0.887363
-0.840745
-0.771764
-0.692528
-0.607395
-0.517077
-0.422544
-0.325213
-0.226906
-0.135247
-0.0667404
-0.0324649
-0.10671
-0.342428
-0.617769
-0.902089
-1.15274
-1.26627
-1.30566
-0.91772
-0.906968
-0.860872
-0.791732
-0.712718
-0.627938
-0.538386
-0.445208
-0.350083
-0.255422
-0.16948
-0.108954
-0.0885493
-0.192272
-0.462637
-0.724602
-0.968655
-1.14471
-1.19793
-1.21534
-0.937846
-0.927467
-0.881592
-0.812668
-0.733965
-0.649704
-0.561101
-0.469495
-0.376901
-0.286381
-0.206788
-0.155038
-0.148359
-0.294751
-0.569889
-0.818833
-1.04153
-1.15548
-1.17606
-1.17875
-0.958885
-0.948702
-0.903069
-0.83448
-0.756156
-0.672568
-0.585071
-0.495277
-0.4055
-0.319546
-0.24702
-0.204297
-0.218315
-0.409156
-0.672254
-0.901845
-1.10582
-1.17133
-1.16294
-1.15905
-0.980553
-0.970648
-0.925251
-0.857032
-0.779133
-0.696331
-0.610111
-0.522327
-0.435618
-0.354578
-0.28985
-0.255994
-0.302277
-0.519059
-0.774105
-0.962312
-1.11631
-1.14336
-1.13616
-1.13372
-1.00241
-0.992822
-0.947844
-0.879939
-0.802632
-0.720708
-0.63592
-0.550293
-0.466913
-0.390994
-0.334647
-0.310128
-0.386648
-0.629167
-0.877583
-1.00081
-0.993213
-1.0722
-1.11001
-1.12071
-1.02412
-1.01476
-0.970336
-0.902942
-0.826195
-0.745285
-0.662028
-0.578681
-0.498792
-0.428092
-0.380353
-0.367472
-0.475395
-0.747705
-1.0049
-1.15733
-1.11234
-1.15291
-1.16694
-1.17292
-1.0449
-1.03586
-0.992056
-0.925386
-0.84933
-0.769428
-0.687847
-0.606835
-0.530423
-0.464926
-0.425642
-0.426333
-0.566185
-0.899397
-1.17026
-1.55919
-1.62076
-1.39213
-1.32376
-1.30645
-1.06395
-1.05536
-1.01238
-0.946365
-0.871208
-0.792462
-0.71247
-0.633867
-0.560598
-0.500053
-0.468316
-0.482518
-0.658689
-1.05568
-1.22523
-1.12033
-1.14472
-1.48115
-1.69631
-1.66149
-1.08019
-1.0721
-1.0303
-0.965093
-0.890797
-0.813289
-0.735042
-0.658639
-0.588065
-0.531417
-0.505268
-0.534965
-0.746688
-1.18584
-1.37867
-1.22753
-1.41258
-1.74149
-1.86986
-1.81773
-1.09246
-1.08499
-1.04469
-0.98036
-0.906992
-0.830739
-0.754221
-0.679909
-0.611441
-0.556296
-0.533809
-0.579802
-0.834652
-1.47299
-2.35854
-3.16765
-3.61731
-3.44297
-2.92077
-2.51895
-1.09926
-1.09255
-1.05428
-0.990745
-0.91844
-0.843502
-0.768807
-0.696405
-0.629104
-0.572997
-0.546245
-0.586
-0.876377
-1.6446
-2.72704
-3.71296
-4.16873
-4.11094
-3.73074
-3.36747
-1.09902
-1.09302
-1.05716
-0.994979
-0.923521
-0.850172
-0.777433
-0.707104
-0.640883
-0.580285
-0.538968
-0.546121
-0.716836
-1.24543
-1.88469
-2.54881
-2.71073
-2.48813
-2.10207
-1.80535
-1.08934
-1.08447
-1.05137
-0.990897
-0.920476
-0.849155
-0.77912
-0.7119
-0.647014
-0.58041
-0.512707
-0.463264
-0.390869
-0.411019
-0.313926
-0.0645801
0.240386
0.620831
0.907453
1.04942
-1.06806
-1.064
-1.03401
-0.975775
-0.907652
-0.839191
-0.773292
-0.710746
-0.648967
-0.577025
-0.476924
-0.33866
-0.160265
0.210981
0.776245
1.39313
1.97635
2.37536
2.58379
2.6499
-1.03335
-1.03016
-1.00325
-0.948214
-0.883583
-0.81965
-0.760005
-0.705741
-0.653443
-0.588374
-0.474114
-0.277994
-0.048023
0.321003
0.944809
1.59375
2.12374
2.46098
2.62337
2.67254
-0.982304
-0.979854
-0.956278
-0.906546
-0.847762
-0.790816
-0.740657
-0.700358
-0.669506
-0.633387
-0.546373
-0.332719
-0.0115785
0.257669
0.748276
1.25227
1.65985
1.92238
2.06251
2.11738
-0.914433
-0.912856
-0.892793
-0.85107
-0.801237
-0.754238
-0.717064
-0.698365
-0.712848
-0.769819
-0.833404
-0.673732
-0.273753
0.0531535
0.418014
0.815523
1.13947
1.36239
1.48902
1.5413
-0.833331
-0.831462
-0.816191
-0.784701
-0.746163
-0.711035
-0.688934
-0.697205
-0.780155
-1.04913
-1.5018
-1.48999
-0.895694
-0.406122
-0.00239962
0.369
0.656949
0.850446
0.960491
1.0103
-0.739991
-0.738397
-0.729101
-0.707282
-0.680261
-0.657082
-0.648144
-0.676677
-0.811339
-1.22878
-2.06419
-2.20721
-1.46741
-0.876989
-0.395222
-0.00926705
0.250932
0.396862
0.467723
0.50593
-0.6313
-0.631048
-0.626168
-0.612968
-0.596508
-0.583247
-0.583418
-0.610169
-0.743758
-1.12964
-1.86075
-1.96797
-1.40394
-0.878775
-0.428856
-0.116528
0.0653764
0.155025
0.197285
0.211685
-0.519389
-0.519629
-0.516988
-0.508395
-0.497541
-0.488549
-0.487611
-0.509669
-0.597895
-0.851078
-1.2887
-1.33328
-0.98339
-0.591192
-0.28805
-0.110305
-0.0252858
0.0128713
0.0302232
0.0367865
-0.406492
-0.407157
-0.405255
-0.398976
-0.390656
-0.382684
-0.378005
-0.384428
-0.422231
-0.534068
-0.713477
-0.68849
-0.461689
-0.244758
-0.11543
-0.0527557
-0.0281902
-0.0185042
-0.014885
-0.0135409
-0.296513
-0.297234
-0.296158
-0.292045
-0.285804
-0.278384
-0.270383
-0.26426
-0.26594
-0.284614
-0.296706
-0.233887
-0.143305
-0.039718
-0.00115477
0.008086
0.00674784
0.00336414
0.000594279
-0.000584502
-0.197613
-0.198332
-0.1981
-0.196272
-0.192377
-0.186242
-0.177284
-0.165228
-0.149731
-0.12892
-0.0895045
-0.0226115
0.0135781
0.0467964
0.0544081
0.0489129
0.0412354
0.0348579
0.0307802
0.0289815
-0.116195
-0.116807
-0.11728
-0.117499
-0.11597
-0.111882
-0.104072
-0.0913095
-0.0715592
-0.0415485
0.00272364
0.0506725
0.0704632
0.0794557
0.0785322
0.071761
0.0645235
0.0587557
0.0551553
0.0535178
-0.0551125
-0.0556001
-0.0564106
-0.0577622
-0.0578406
-0.0556886
-0.0500601
-0.0394039
-0.0216722
0.00541412
0.0413151
0.0732251
0.086649
0.089534
0.0870906
0.0818312
0.0762543
0.0717306
0.0689307
0.0676478
-0.0126296
-0.0129884
-0.0138361
-0.0155757
-0.016508
-0.015686
-0.012035
-0.00420203
0.0095111
0.0305189
0.056904
0.0781241
0.0876492
0.0894338
0.0874202
0.0835868
0.0794497
0.076016
0.0738813
0.0729239
0.0150136
0.01476
0.0140274
0.0123556
0.0110729
0.0110677
0.0132972
0.018765
0.02862
0.0437269
0.06224
0.07656
0.08332
0.0846769
0.0832151
0.0804765
0.0774051
0.0747589
0.0731114
0.0724085
0.0318546
0.0316766
0.0311028
0.0296984
0.02842
0.0279536
0.029075
0.0326453
0.039477
0.0500042
0.0627098
0.0723305
0.0769413
0.0779789
0.0769931
0.0749846
0.072648
0.0705831
0.0692958
0.068783
0.041311
0.0411782
0.0407519
0.0396635
0.0385603
0.0379761
0.0384539
0.040573
0.0449885
0.0520575
0.0606444
0.0671779
0.0703584
0.0710539
0.0702482
0.0686962
0.0668852
0.0652528
0.0642406
0.0638652
0.045983
0.0458767
0.0455565
0.0447303
0.0438102
0.0432118
0.0433392
0.0446085
0.0474235
0.0520335
0.0577204
0.0620408
0.0640467
0.0643704
0.0636742
0.06244
0.0610065
0.059711
0.0589182
0.058642
0.0475967
0.0475101
0.047254
0.0465955
0.045809
0.0452103
0.0450683
0.0456918
0.0474014
0.0503484
0.054002
0.0567677
0.0580085
0.0581091
0.0574881
0.0564895
0.0553596
0.0543457
0.0537365
0.0535333
0.0471751
0.0471059
0.046894
0.0463504
0.0456707
0.0450982
0.0448187
0.0450341
0.0459602
0.0477337
0.0500291
0.0517586
0.0524477
0.0523564
0.0517837
0.0509645
0.0500673
0.0492748
0.0488081
0.048657
0.0453458
0.0452918
0.0451152
0.0446575
0.0440642
0.043523
0.0431643
0.0431335
0.0435802
0.0445827
0.0459234
0.0469034
0.0472118
0.0470103
0.0464929
0.0458188
0.0451066
0.0444886
0.0441305
0.0440165
0.0425269
0.0424853
0.0423407
0.0419581
0.0414456
0.0409486
0.0405573
0.0403692
0.0404895
0.040981
0.0417042
0.0422039
0.0422708
0.0420054
0.0415405
0.0409841
0.0404168
0.0399333
0.0396569
0.0395704
0.0390249
0.0389929
0.0388778
0.0385656
0.0381344
0.0376963
0.0373139
0.037054
0.0369869
0.0371532
0.0374678
0.037647
0.0375586
0.0372649
0.0368519
0.0363912
0.0359367
0.0355558
0.0353413
0.0352754
0.0350687
0.035044
0.0349536
0.0347045
0.0343503
0.033976
0.0336237
0.033338
0.0331671
0.0331388
0.0332019
0.0331855
0.0330117
0.0327167
0.0323561
0.0319758
0.0316114
0.0313113
0.0311451
0.0310947
0.030824
0.0308045
0.0307342
0.0305394
0.0302562
0.0299468
0.0296386
0.0293609
0.0291455
0.0290108
0.0289281
0.0288015
0.0285889
0.0283103
0.0280001
0.0276882
0.0273971
0.0271615
0.0270328
0.0269942
0.0264077
0.0263925
0.0263379
0.0261881
0.0259666
0.0257172
0.0254577
0.0252067
0.0249845
0.0248034
0.0246485
0.0244711
0.0242521
0.0240012
0.0237402
0.0234876
0.0232576
0.0230747
0.0229756
0.0229458
0.0218959
0.021884
0.0218421
0.0217282
0.0215576
0.021361
0.0211497
0.0209353
0.0207307
0.0205433
0.0203657
0.0201777
0.019974
0.0197589
0.0195455
0.0193448
0.0191657
0.0190252
0.0189496
0.0189269
0.0173318
0.0173227
0.0172912
0.017206
0.0170771
0.0169265
0.0167614
0.0165887
0.0164159
0.0162476
0.0160805
0.0159099
0.0157368
0.0155625
0.0153947
0.0152397
0.0151029
0.0149967
0.0149399
0.0149229
0.012738
0.0127312
0.0127083
0.0126462
0.0125522
0.0124425
0.0123217
0.0121933
0.0120618
0.0119291
0.0117947
0.0116597
0.0115272
0.0113971
0.0112735
0.0111599
0.0110596
0.0109815
0.0109401
0.0109278
0.00812396
0.00811902
0.00810362
0.00806151
0.00799878
0.00792738
0.00784983
0.00776784
0.00768302
0.00759628
0.00750758
0.00741889
0.00733298
0.00724957
0.00717055
0.00709729
0.00703108
0.00697816
0.00695002
0.00694177
0.00117441
0.00117781
0.0011784
0.00116931
0.0011567
0.00114326
0.00112903
0.00111384
0.00109778
0.00108053
0.00106265
0.00104561
0.00103008
0.00101575
0.00100232
0.000989581
0.0009783
0.000973742
0.000976986
0.00296861
-2.08113
-1.16337
-0.633261
-0.314536
-0.0771173
0.107695
0.255613
0.381015
0.505977
0.604377
-0.765372
-0.498497
-0.264412
-0.0726541
0.0871013
0.21959
0.329528
0.419847
0.477274
0.487367
-0.314215
-0.163966
-0.0214424
0.10585
0.215601
0.308912
0.385774
0.44443
0.482816
0.50452
-0.0429389
0.0549934
0.150749
0.239018
0.316368
0.382476
0.436785
0.479203
0.511025
0.532536
0.14528
0.212834
0.281694
0.34533
0.40162
0.450372
0.49142
0.52509
0.552007
0.570602
0.288942
0.336125
0.389822
0.437265
0.480724
0.519156
0.55248
0.58061
0.603636
0.618994
0.404897
0.44292
0.485377
0.523857
0.560005
0.592865
0.621811
0.646435
0.666505
0.679021
0.50608
0.539553
0.576656
0.611954
0.645056
0.675428
0.702197
0.724756
0.742619
0.752711
0.602134
0.636155
0.673284
0.70892
0.741673
0.771212
0.796812
0.817953
0.834019
0.842635
0.707131
0.745488
0.784824
0.822068
0.855006
0.88366
0.907752
0.927287
0.941837
0.950611
0.835935
0.878753
0.918505
0.954997
0.985942
1.0121
1.03405
1.05203
1.06581
1.07616
0.99842
1.04028
1.07441
1.10422
1.12907
1.15088
1.17072
1.18835
1.20327
1.21608
1.18943
1.22042
1.24197
1.26132
1.27958
1.29697
1.31331
1.32925
1.34587
1.36287
1.38772
1.39923
1.41041
1.42462
1.43899
1.45191
1.46338
1.47434
1.48732
1.50424
1.57382
1.58376
1.59245
1.59489
1.59573
1.60007
1.611
1.62705
1.64472
1.64935
1.87497
1.81961
1.76879
1.72854
1.70625
1.70229
1.71576
1.74958
1.80607
1.88164
0.422333
0.363643
0.321204
0.287377
0.262759
0.245257
0.232805
0.223924
0.217827
0.214296
0.213741
0.216344
0.221517
0.229211
0.239925
0.254816
0.275714
0.304727
0.343419
0.391203
0.223813
0.232618
0.238219
0.239071
0.235641
0.229658
0.223283
0.217857
0.214013
0.21225
0.213192
0.216498
0.221495
0.227733
0.234308
0.239426
0.240951
0.237652
0.230153
0.222478
0.20076
0.202803
0.207451
0.211058
0.213673
0.215199
0.215008
0.213356
0.211192
0.209547
0.209365
0.210917
0.213334
0.215656
0.216867
0.216306
0.214254
0.21128
0.207122
0.202692
0.193721
0.194598
0.197173
0.200025
0.202179
0.203674
0.204773
0.205303
0.205186
0.204866
0.205005
0.205762
0.206509
0.206655
0.206045
0.204921
0.203257
0.200792
0.197972
0.195938
0.187924
0.18839
0.189934
0.192225
0.194436
0.196237
0.197544
0.19853
0.199275
0.199797
0.200195
0.200436
0.200347
0.199873
0.199027
0.197678
0.195783
0.193571
0.19163
0.190537
0.182805
0.183084
0.184174
0.185998
0.188007
0.189985
0.19173
0.193089
0.194131
0.194931
0.195468
0.195631
0.195353
0.194637
0.193417
0.191768
0.189916
0.188087
0.186625
0.185935
0.178097
0.178263
0.179153
0.180838
0.182724
0.184562
0.186369
0.18806
0.189464
0.190525
0.191199
0.191336
0.190895
0.18991
0.188558
0.187027
0.185363
0.183663
0.182383
0.181911
0.174446
0.174524
0.175201
0.176677
0.178374
0.180005
0.181534
0.18299
0.18438
0.185613
0.186447
0.186646
0.186301
0.185592
0.184615
0.183385
0.181964
0.180474
0.179429
0.179149
0.172296
0.172336
0.172766
0.173799
0.175119
0.176506
0.178
0.179491
0.180921
0.182223
0.18321
0.183612
0.183446
0.182862
0.181978
0.181008
0.179967
0.178955
0.178308
0.178152
0.170418
0.17045
0.170692
0.171235
0.172007
0.172955
0.174004
0.175243
0.176622
0.178032
0.179221
0.179869
0.18
0.179835
0.179513
0.178966
0.178513
0.178097
0.177824
0.177732
0.167754
0.167776
0.167946
0.168315
0.168841
0.169578
0.170589
0.171828
0.173241
0.174777
0.176212
0.177179
0.177615
0.177666
0.177515
0.177474
0.177299
0.177129
0.176998
0.176941
0.16434
0.164352
0.16449
0.164844
0.165378
0.166031
0.166964
0.168189
0.169701
0.171457
0.173212
0.174546
0.175325
0.175742
0.175931
0.176017
0.176023
0.175945
0.175879
0.175855
0.160465
0.160465
0.16058
0.160944
0.161523
0.162294
0.163222
0.164554
0.166214
0.168227
0.170397
0.172192
0.173388
0.17412
0.174634
0.174869
0.174943
0.174914
0.174897
0.174898
0.156273
0.156283
0.156378
0.156734
0.157343
0.15818
0.159314
0.160778
0.162695
0.165098
0.167799
0.170135
0.171793
0.172929
0.173541
0.174014
0.174221
0.1743
0.174349
0.174365
0.151683
0.151687
0.151805
0.152155
0.152785
0.153701
0.154969
0.156689
0.158977
0.161911
0.165281
0.168285
0.170493
0.172
0.17301
0.173641
0.174004
0.174206
0.174316
0.17434
0.146468
0.146472
0.14661
0.14698
0.147674
0.148715
0.150201
0.152266
0.155061
0.158688
0.162911
0.166734
0.169495
0.171512
0.172872
0.17376
0.174314
0.174645
0.174812
0.174846
0.140409
0.140415
0.140575
0.141033
0.141832
0.143064
0.144855
0.147388
0.150848
0.155369
0.160661
0.165456
0.169042
0.171584
0.173334
0.174502
0.175253
0.175709
0.175932
0.175975
0.133273
0.13328
0.133479
0.134039
0.135043
0.136545
0.138767
0.141929
0.146257
0.151924
0.158562
0.164592
0.16909
0.172294
0.174507
0.175996
0.176965
0.177557
0.177842
0.177892
0.124779
0.124789
0.125047
0.125751
0.127002
0.128929
0.131744
0.135729
0.141183
0.148313
0.156635
0.164177
0.169778
0.17377
0.176538
0.178408
0.179626
0.180366
0.180723
0.180788
0.114557
0.114572
0.114908
0.115815
0.117425
0.119905
0.123503
0.128587
0.135521
0.144514
0.154926
0.164302
0.171236
0.176182
0.179616
0.181943
0.183465
0.184389
0.184828
0.184905
0.102051
0.102072
0.102514
0.103709
0.105831
0.109067
0.113744
0.12032
0.129181
0.140527
0.153511
0.165105
0.173644
0.179731
0.183963
0.186839
0.188727
0.189869
0.190411
0.190505
0.0864643
0.0864932
0.0870873
0.0887121
0.0915839
0.0959073
0.1021
0.110679
0.122049
0.136368
0.152492
0.166736
0.177183
0.184633
0.189826
0.19337
0.195712
0.197129
0.197784
0.197898
0.0666503
0.0666927
0.0675286
0.0698096
0.0738131
0.0797218
0.0880608
0.0993818
0.114055
0.132098
0.151996
0.169354
0.182038
0.191105
0.197462
0.201831
0.204743
0.206517
0.207327
0.207459
0.0408074
0.0408765
0.0421261
0.0455005
0.0513219
0.0596801
0.0711721
0.0862982
0.105261
0.12787
0.152201
0.17313
0.188379
0.199336
0.207098
0.212505
0.216158
0.218403
0.219427
0.21958
0.00573182
0.0058589
0.00797815
0.0135368
0.0226025
0.034967
0.0511793
0.0715098
0.0959072
0.123959
0.153335
0.178231
0.196334
0.209448
0.218886
0.225602
0.230252
0.233153
0.234458
0.234636
-0.0446135
-0.0441346
-0.0393613
-0.0288627
-0.01375
0.00517026
0.0282318
0.0554124
0.0864346
0.120722
0.155614
0.184746
0.205909
0.221401
0.232784
0.241136
0.247139
0.251058
0.252858
0.253083
-0.118584
-0.115527
-0.102163
-0.0813254
-0.0564156
-0.0282566
0.0034993
0.0387895
0.077295
0.118447
0.159355
0.193181
0.217866
0.236233
0.250117
0.260767
0.268945
0.274704
0.277673
0.278308
-0.197126
-0.189385
-0.165631
-0.134179
-0.0993133
-0.0617656
-0.0212612
0.022208
0.0684502
0.117016
0.164861
0.20449
0.233753
0.255968
0.273252
0.287003
0.297996
0.306729
0.312406
0.313448
-0.260736
-0.253188
-0.222442
-0.182754
-0.139493
-0.0934661
-0.0447485
0.00656346
0.0602527
0.115887
0.170193
0.214996
0.248117
0.273395
0.293192
0.309025
0.321721
0.33181
0.337709
0.338899
-0.311883
-0.303718
-0.269324
-0.224231
-0.174741
-0.122005
-0.0663948
-0.0081797
0.052259
0.114373
0.174507
0.223752
0.259901
0.287269
0.308494
0.325294
0.338737
0.349031
0.355091
0.356487
-0.353568
-0.345224
-0.308741
-0.259644
-0.205325
-0.147297
-0.086001
-0.0218801
0.0444904
0.112399
0.177713
0.230697
0.269157
0.297927
0.319974
0.337214
0.350839
0.361108
0.367231
0.368736
-0.388975
-0.380547
-0.342723
-0.290545
-0.232311
-0.169918
-0.103852
-0.0346596
0.0369532
0.11006
0.180045
0.236398
0.276879
0.306791
0.329401
0.346812
0.360376
0.37052
0.376623
0.378237
-0.420101
-0.411661
-0.372911
-0.318258
-0.256827
-0.190714
-0.120489
-0.0468022
0.0295332
0.107448
0.181848
0.241349
0.283653
0.314539
0.33759
0.355129
0.368625
0.378653
0.384679
0.386332
-0.448381
-0.439907
-0.400408
-0.343701
-0.279549
-0.210226
-0.136357
-0.0586534
0.0220047
0.1044
0.182961
0.245519
0.28967
0.321591
0.34516
0.362892
0.376403
0.386323
0.39221
0.393953
-0.474633
-0.466136
-0.426043
-0.367528
-0.301057
-0.22895
-0.151865
-0.0705439
0.0140636
0.100667
0.183372
0.249123
0.295277
0.328364
0.352553
0.370563
0.384145
0.394027
0.399747
0.401528
-0.499514
-0.490961
-0.450285
-0.390209
-0.321717
-0.247139
-0.16721
-0.0826455
0.00561852
0.0962853
0.183131
0.252218
0.300577
0.335033
0.360001
0.37841
0.392144
0.402026
0.407602
0.409381
-0.523343
-0.514711
-0.473511
-0.41215
-0.341778
-0.265017
-0.182549
-0.0950294
-0.00336932
0.0911549
0.182108
0.254743
0.30559
0.341684
0.367645
0.386601
0.400591
0.410525
0.41598
0.417669
-0.546414
-0.537661
-0.495888
-0.433436
-0.36141
-0.28272
-0.197973
-0.107797
-0.0130369
0.0851403
0.180216
0.256619
0.31027
0.348305
0.375514
0.395204
0.409571
0.41962
0.425002
0.426535
-0.568785
-0.559929
-0.517597
-0.45417
-0.380673
-0.300291
-0.213545
-0.121003
-0.0234174
0.0782038
0.177343
0.257702
0.314511
0.354837
0.383594
0.404244
0.41914
0.42937
0.434709
0.436048
-0.590563
-0.581533
-0.538892
-0.47439
-0.399621
-0.317764
-0.229262
-0.134623
-0.0344876
0.0703073
0.173384
0.257841
0.31815
0.361191
0.391845
0.4137
0.429281
0.439764
0.445054
0.446217
-0.61177
-0.602587
-0.559499
-0.494104
-0.418244
-0.335093
-0.245061
-0.148603
-0.0462406
0.0614338
0.168251
0.256858
0.320954
0.367161
0.400132
0.423504
0.439944
0.450745
0.455945
0.456942
-0.632379
-0.623062
-0.579496
-0.513313
-0.436497
-0.352229
-0.260899
-0.162891
-0.0585987
0.0516262
0.161893
0.254584
0.322661
0.372455
0.408282
0.433582
0.451072
0.46219
0.467205
0.467979
-0.652331
-0.642875
-0.598844
-0.531979
-0.45433
-0.369123
-0.276699
-0.177395
-0.0714751
0.0409301
0.154288
0.250867
0.323018
0.376766
0.416069
0.443883
0.462681
0.474016
0.478677
0.479168
-0.671591
-0.662017
-0.617527
-0.550061
-0.471692
-0.385696
-0.292377
-0.192016
-0.0847768
0.0294445
0.14545
0.2456
0.321748
0.379697
0.423117
0.454331
0.474984
0.486294
0.490076
0.490126
-0.69016
-0.680454
-0.635524
-0.567517
-0.488535
-0.401873
-0.307841
-0.206652
-0.098386
0.0172718
0.13546
0.238724
0.31861
0.380743
0.428799
0.464624
0.488442
0.499776
0.501416
0.500388
-0.707972
-0.698116
-0.6528
-0.584304
-0.504795
-0.417606
-0.323015
-0.221208
-0.112178
0.00454397
0.124414
0.230228
0.313462
0.379422
0.432187
0.473875
0.50327
0.516682
0.515007
0.510564
-0.725044
-0.715076
-0.669357
-0.600426
-0.520498
-0.432919
-0.337921
-0.235717
-0.126186
-0.00876909
0.11226
0.219946
0.306044
0.375284
0.432025
0.480152
0.518058
0.539063
0.539579
0.522466
-0.741422
-0.731271
-0.685318
-0.616036
-0.535861
-0.448109
-0.352919
-0.250625
-0.140949
-0.0233114
0.0982847
0.207105
0.295437
0.367457
0.426228
0.479123
0.525533
0.549393
0.554877
0.505001
-0.757374
-0.74632
-0.700627
-0.63103
-0.550813
-0.463088
-0.367838
-0.26571
-0.156217
-0.0388148
0.082682
0.1918
0.281264
0.355647
0.413506
0.463401
0.50801
0.532156
0.492173
0.421335
-0.773714
-0.75959
-0.715162
-0.645414
-0.565647
-0.47802
-0.382908
-0.280957
-0.171981
-0.0552556
0.0654104
0.173924
0.262842
0.33985
0.395134
0.424333
0.457702
0.447547
0.382963
0.308195
-0.789411
-0.793863
-0.731415
-0.656869
-0.577697
-0.490323
-0.397567
-0.295755
-0.187552
-0.0718995
0.0471159
0.153872
0.240367
0.322348
0.36225
0.339989
0.365483
0.314759
0.237108
0.155329
-0.764331
-0.763969
-0.707769
-0.635013
-0.551492
-0.461085
-0.364192
-0.260288
-0.149833
-0.0318585
0.0801299
0.173129
0.248704
0.323477
0.36614
0.261625
0.175865
0.10687
0.0248989
-0.149418
-0.802078
-0.778117
-0.719154
-0.645643
-0.562608
-0.472777
-0.376686
-0.273784
-0.164801
-0.0491417
0.0592536
0.147904
0.217231
0.264654
0.239863
0.101924
-0.0352104
-0.128263
-0.225811
-0.425198
-0.823581
-0.794285
-0.735795
-0.662038
-0.579507
-0.490132
-0.394236
-0.2925
-0.185344
-0.0726337
0.0315584
0.114414
0.175196
0.195448
0.113144
-0.0846036
-0.253905
-0.378096
-0.51654
-0.803473
-0.844165
-0.812443
-0.75321
-0.678958
-0.596553
-0.507491
-0.41227
-0.311837
-0.206698
-0.0972863
0.00195202
0.0780853
0.127098
0.115108
-0.0423191
-0.281071
-0.498685
-0.676798
-0.889068
-1.35549
-0.863216
-0.831042
-0.77096
-0.696162
-0.613794
-0.525111
-0.430798
-0.331764
-0.228826
-0.123071
-0.0294354
0.0396532
0.073808
0.0188043
-0.201217
-0.473439
-0.752264
-1.00439
-1.31103
-2.19263
-0.88157
-0.849715
-0.789288
-0.714151
-0.631822
-0.543558
-0.450137
-0.352564
-0.252006
-0.150177
-0.0624697
-0.0010544
0.0158583
-0.0836003
-0.349385
-0.638268
-0.941767
-1.22346
-1.48242
-2.54514
-0.900206
-0.868726
-0.808342
-0.733086
-0.650858
-0.562998
-0.47044
-0.374347
-0.276272
-0.178538
-0.0969693
-0.043865
-0.0447214
-0.201765
-0.477998
-0.761514
-1.03523
-1.23311
-1.27566
-1.34336
-0.9195
-0.888335
-0.82828
-0.753155
-0.671175
-0.583866
-0.492328
-0.39797
-0.302738
-0.209681
-0.134926
-0.0912118
-0.119183
-0.324939
-0.591434
-0.853296
-1.06909
-1.18845
-1.20986
-1.2192
-0.939699
-0.908789
-0.849037
-0.774245
-0.692641
-0.606044
-0.515743
-0.423383
-0.331357
-0.243604
-0.176204
-0.143107
-0.200522
-0.438961
-0.693023
-0.93536
-1.11986
-1.16647
-1.1781
-1.17856
-0.960777
-0.930077
-0.870716
-0.796207
-0.715113
-0.629395
-0.540522
-0.450405
-0.361961
-0.280099
-0.220525
-0.20057
-0.285622
-0.550209
-0.788225
-1.01125
-1.1629
-1.1672
-1.16055
-1.15735
-0.982534
-0.95206
-0.892953
-0.818915
-0.738435
-0.653725
-0.566448
-0.478828
-0.394239
-0.318749
-0.267849
-0.261199
-0.375865
-0.658052
-0.873273
-1.04876
-1.12977
-1.13644
-1.13507
-1.13256
-1.00441
-0.974427
-0.915651
-0.842126
-0.762304
-0.67874
-0.593216
-0.508308
-0.427782
-0.358999
-0.317795
-0.321388
-0.483985
-0.762911
-0.961649
-1.015
-1.06441
-1.09732
-1.11745
-1.12146
-1.02606
-0.996524
-0.938435
-0.865389
-0.786281
-0.703983
-0.620368
-0.538268
-0.461996
-0.399937
-0.369158
-0.384651
-0.605561
-0.874959
-1.12008
-1.11073
-1.12733
-1.16065
-1.17068
-1.17324
-1.04677
-1.01792
-0.960554
-0.888127
-0.809909
-0.728812
-0.647254
-0.567957
-0.495932
-0.440342
-0.420399
-0.454075
-0.741347
-1.02343
-1.35947
-1.69004
-1.44295
-1.35016
-1.31063
-1.30355
-1.06575
-1.03788
-0.98115
-0.909551
-0.832286
-0.752664
-0.672968
-0.596376
-0.528289
-0.478583
-0.469345
-0.522661
-0.870034
-1.17958
-1.19351
-1.03348
-1.30395
-1.62767
-1.68561
-1.6524
-1.08186
-1.05525
-0.999473
-0.928679
-0.852437
-0.774293
-0.696585
-0.62241
-0.557441
-0.512896
-0.513023
-0.580573
-0.982829
-1.3285
-1.31918
-1.2853
-1.57323
-1.86685
-1.82046
-1.83828
-1.09397
-1.06894
-1.01433
-0.944372
-0.869193
-0.792569
-0.716756
-0.644801
-0.581655
-0.539656
-0.540204
-0.623028
-1.13719
-1.8784
-2.81771
-3.45188
-3.60002
-3.19721
-2.68524
-2.48385
-1.10072
-1.07758
-1.0244
-0.955286
-0.881247
-0.806151
-0.732281
-0.662208
-0.599399
-0.554066
-0.552417
-0.642348
-1.21755
-2.14656
-3.30847
-3.99183
-4.19641
-3.95021
-3.5216
-3.30093
-1.10072
-1.0794
-1.02802
-0.959889
-0.887018
-0.813742
-0.742188
-0.673713
-0.610102
-0.555444
-0.530811
-0.559796
-0.956973
-1.5498
-2.24407
-2.69502
-2.6367
-2.29562
-1.93256
-1.71784
-1.09076
-1.07223
-1.02326
-0.9562
-0.884918
-0.814082
-0.745317
-0.678965
-0.613213
-0.543281
-0.476471
-0.437804
-0.401182
-0.388371
-0.199073
0.0719072
0.429035
0.783408
0.995712
1.08062
-1.0692
-1.05323
-1.00711
-0.942291
-0.873403
-0.80596
-0.741645
-0.679822
-0.614675
-0.528534
-0.415767
-0.276712
-0.025029
0.478926
1.08012
1.70152
2.20229
2.50176
2.63004
2.65904
-1.03423
-1.02079
-0.97804
-0.916367
-0.851407
-0.789352
-0.732513
-0.680838
-0.624718
-0.534193
-0.383688
-0.157547
0.11312
0.606546
1.27871
1.8787
2.31798
2.56113
2.65796
2.6787
-0.982981
-0.971719
-0.933551
-0.877571
-0.818836
-0.764851
-0.719393
-0.685545
-0.660995
-0.602443
-0.4499
-0.186086
0.105656
0.477373
1.01001
1.472
1.80902
2.00585
2.09818
2.12535
-0.915051
-0.906076
-0.873845
-0.826441
-0.777048
-0.734091
-0.704684
-0.699723
-0.734846
-0.819869
-0.802893
-0.479965
-0.0890611
0.213168
0.623607
0.988344
1.26377
1.43763
1.52234
1.54809
-0.834011
-0.826019
-0.802006
-0.76569
-0.727711
-0.697738
-0.687667
-0.724299
-0.878007
-1.28026
-1.6113
-1.2354
-0.604608
-0.209458
0.191726
0.525293
0.76517
0.914214
0.987543
1.02061
-0.739433
-0.735292
-0.719377
-0.693785
-0.667818
-0.650002
-0.655515
-0.723623
-0.970184
-1.61177
-2.31046
-1.87852
-1.13337
-0.631387
-0.187004
0.136974
0.33707
0.438435
0.490024
0.510307
-0.631311
-0.629661
-0.620271
-0.604831
-0.589104
-0.580698
-0.596467
-0.658852
-0.892719
-1.4732
-2.05757
-1.70664
-1.12617
-0.63855
-0.256976
-0.0110697
0.118624
0.180578
0.207351
0.212018
-0.519647
-0.518962
-0.51325
-0.503018
-0.492583
-0.48652
-0.494356
-0.541285
-0.696532
-1.06931
-1.39301
-1.1836
-0.783889
-0.423902
-0.183374
-0.0593186
-0.00263395
0.0233537
0.0345968
0.037014
-0.406943
-0.406712
-0.402532
-0.394934
-0.386533
-0.379658
-0.379082
-0.397515
-0.465965
-0.627849
-0.743514
-0.582878
-0.345689
-0.170675
-0.0760301
-0.0373033
-0.0222705
-0.0162626
-0.0139865
-0.0137156
-0.296997
-0.29703
-0.294453
-0.289096
-0.282245
-0.274378
-0.266864
-0.263623
-0.272868
-0.297197
-0.268025
-0.200353
-0.0821809
-0.0137614
0.00572524
0.00809382
0.00509921
0.00178298
-0.000157009
-0.000964476
-0.19808
-0.198361
-0.197442
-0.194546
-0.189638
-0.182144
-0.171662
-0.157955
-0.140346
-0.112875
-0.057194
-0.00251722
0.033205
0.0539675
0.0521524
0.0450421
0.0378002
0.0324933
0.029651
0.0285485
-0.116589
-0.117019
-0.117541
-0.116959
-0.114318
-0.108499
-0.0984063
-0.0824699
-0.0581146
-0.0208498
0.0281712
0.0637523
0.0760493
0.08033
0.0753261
0.0680293
0.0613957
0.0566641
0.0541415
0.0531188
-0.0554202
-0.0558925
-0.0571506
-0.0579878
-0.0571138
-0.0533815
-0.0454629
-0.0315573
-0.00942524
0.0230264
0.0589913
0.0821924
0.0888647
0.0888839
0.0845914
0.0789826
0.0738012
0.0701005
0.068142
0.0673181
-0.0128525
-0.013273
-0.0147055
-0.0161841
-0.0163746
-0.0142736
-0.00873121
0.00182652
0.0190604
0.0437635
0.0689205
0.084275
0.0891766
0.0887821
0.0856206
0.0814908
0.0775967
0.0747688
0.0732918
0.0726648
0.0148578
0.0145231
0.013232
0.0116231
0.0108545
0.0118585
0.0155676
0.0230848
0.035506
0.0531079
0.0704147
0.0808132
0.0844937
0.0841953
0.0819437
0.0789413
0.0759853
0.0737904
0.0726742
0.0722118
0.0317459
0.0314955
0.0304576
0.0290094
0.0280406
0.0282738
0.0305097
0.035622
0.0442829
0.0564747
0.0682311
0.0751925
0.0778059
0.0776763
0.0760764
0.073825
0.0715463
0.069821
0.0689714
0.0686373
0.0412309
0.0410444
0.0402661
0.0390793
0.0381711
0.0380546
0.0392741
0.0424661
0.0481984
0.056431
0.0643869
0.0691412
0.0709611
0.0707924
0.0695364
0.0678021
0.0660172
0.064649
0.0639986
0.0637585
0.0459204
0.0457748
0.0451946
0.0442516
0.043451
0.0431636
0.0438097
0.0458056
0.0495055
0.054923
0.0602065
0.0633009
0.0643806
0.0641206
0.0631059
0.0617327
0.0603176
0.0592347
0.0587373
0.058564
0.0475473
0.0474273
0.0469689
0.0461935
0.0454751
0.0450681
0.045267
0.0463984
0.0487251
0.052206
0.0555974
0.0575602
0.0581788
0.0578689
0.0570223
0.0559302
0.0548192
0.0539774
0.0536022
0.0534757
0.0471368
0.0470368
0.0466601
0.0460082
0.045364
0.0449127
0.044854
0.0453987
0.0467417
0.0488951
0.0510364
0.0522227
0.0524834
0.0521166
0.051396
0.050518
0.0496434
0.0489912
0.0487077
0.048614
0.0453167
0.0452344
0.0449194
0.0443626
0.0437825
0.0433144
0.0431008
0.0432918
0.0440135
0.0452614
0.0465044
0.0471355
0.0471647
0.0467823
0.0461694
0.0454621
0.0447748
0.0442703
0.0440545
0.0439843
0.042505
0.0424386
0.0421783
0.0417062
0.0411921
0.0407355
0.0404334
0.0403868
0.04069
0.0413458
0.0420119
0.0422884
0.042173
0.0417921
0.0412697
0.0406981
0.0401564
0.0397644
0.039599
0.0395462
0.0390085
0.0389559
0.0387466
0.0383557
0.0379142
0.0374955
0.0371659
0.0369941
0.0370417
0.037311
0.037593
0.037635
0.0374333
0.0370696
0.036625
0.0361607
0.0357309
0.0354243
0.035297
0.0352572
0.0350564
0.0350148
0.0348498
0.0345336
0.0341643
0.0337955
0.0334709
0.0332367
0.0331358
0.0331701
0.0332146
0.033118
0.0328769
0.0325423
0.0321668
0.03179
0.0314487
0.031209
0.0311111
0.031081
0.0308146
0.0307815
0.0306534
0.0304039
0.0301038
0.0297916
0.0294948
0.0292443
0.0290686
0.0289689
0.0288764
0.0287063
0.0284565
0.0281577
0.0278434
0.0275389
0.0272689
0.0270822
0.0270067
0.0269839
0.0264006
0.0263744
0.026276
0.0260828
0.0258447
0.0255882
0.0253304
0.0250912
0.0248893
0.0247252
0.0245656
0.0243675
0.0241299
0.0238712
0.0236123
0.0233691
0.0231578
0.0230135
0.0229554
0.0229381
0.0218904
0.0218699
0.0217951
0.0216476
0.0214621
0.0212569
0.0210425
0.0208313
0.0206352
0.0204539
0.0202741
0.0200785
0.0198675
0.0196516
0.0194433
0.0192521
0.0190888
0.0189786
0.0189343
0.0189211
0.0173277
0.017312
0.0172561
0.0171454
0.0170042
0.0168456
0.0166758
0.016502
0.0163315
0.0161636
0.0159959
0.0158243
0.0156497
0.0154776
0.0153155
0.0151687
0.0150447
0.0149616
0.0149284
0.0149185
0.0127348
0.0127234
0.0126827
0.012602
0.0124991
0.0123834
0.0122583
0.0121278
0.0119958
0.0118617
0.0117272
0.0115936
0.0114618
0.0113344
0.0112154
0.0111079
0.0110168
0.0109559
0.0109318
0.0109244
0.00812156
0.00811384
0.00808627
0.00803181
0.007964
0.00788936
0.00780938
0.00772568
0.00764006
0.00755193
0.00746308
0.00737586
0.00729098
0.00720951
0.00713327
0.00706321
0.00700218
0.00696067
0.0069445
0.00693928
0.00349042
0.00348764
0.00348175
0.00346164
0.00343189
0.00340005
0.00336642
0.00333122
0.00329478
0.00325693
0.00321822
0.0031797
0.00314227
0.00310609
0.00307191
0.00303972
0.00300936
0.00298401
0.00297151
0.00296675
-1.51661
-0.845966
-0.461683
-0.19051
0.0196378
0.18431
0.321213
0.440573
0.570463
0.5583
-0.575482
-0.373176
-0.163884
0.0110674
0.156608
0.277001
0.377397
0.454225
0.488186
0.492059
-0.218832
-0.0910106
0.0445381
0.162846
0.264285
0.349445
0.417593
0.465972
0.496047
0.512113
0.018025
0.103861
0.196247
0.279098
0.350863
0.411131
0.459443
0.496263
0.523933
0.541847
0.188737
0.24945
0.314409
0.374418
0.426959
0.471843
0.509147
0.539324
0.563426
0.581315
0.321327
0.366087
0.413799
0.459631
0.500576
0.536456
0.567207
0.592703
0.613365
0.630895
0.430497
0.464946
0.504881
0.542295
0.576895
0.607852
0.634698
0.657007
0.674717
0.691986
0.52714
0.558176
0.594579
0.628798
0.660642
0.6893
0.714043
0.734275
0.749411
0.766537
0.621953
0.654557
0.691447
0.725659
0.756891
0.784538
0.807972
0.826645
0.839711
0.857009
0.728277
0.764963
0.803964
0.839059
0.869889
0.896288
0.918105
0.93518
0.947105
0.965002
0.859105
0.898645
0.937446
0.971115
0.999571
1.02358
1.04356
1.05937
1.07141
1.08972
1.02106
1.05774
1.09004
1.11713
1.14027
1.16103
1.17987
1.19609
1.20994
1.22786
1.20636
1.2317
1.25183
1.27056
1.28839
1.30528
1.32128
1.33739
1.35461
1.37378
1.39346
1.40444
1.41729
1.43195
1.44565
1.45781
1.46883
1.48027
1.49574
1.5152
1.57562
1.58912
1.5942
1.59518
1.59718
1.60467
1.6185
1.63617
1.64995
1.66131
1.84462
1.79407
1.74659
1.71505
1.70212
1.70671
1.72993
1.77503
1.84175
1.93588
0.27895
0.275957
0.269912
0.259035
0.246606
0.235359
0.226363
0.21965
0.215174
0.213164
0.214178
0.217891
0.223787
0.231838
0.242151
0.25432
0.266555
0.275187
0.279686
0.281813
0.207183
0.213847
0.21915
0.222836
0.224019
0.22247
0.219097
0.215349
0.212346
0.210916
0.211764
0.214523
0.218336
0.222309
0.225116
0.225471
0.223016
0.218513
0.21217
0.20632
0.196909
0.199913
0.203375
0.205982
0.207862
0.209152
0.209473
0.208801
0.207746
0.207168
0.207777
0.209191
0.210527
0.211015
0.210344
0.208861
0.206757
0.203714
0.20027
0.197976
0.19074
0.192218
0.194609
0.197098
0.199024
0.200385
0.201385
0.20202
0.202266
0.202441
0.202846
0.203258
0.203259
0.202729
0.201783
0.200319
0.19819
0.195677
0.193763
0.192684
0.185293
0.18616
0.187875
0.189965
0.19201
0.193744
0.195064
0.196097
0.196938
0.197565
0.197888
0.197824
0.197392
0.196602
0.19534
0.193608
0.191638
0.18972
0.188496
0.187867
0.180396
0.18099
0.182422
0.184304
0.186273
0.188217
0.189976
0.191362
0.192381
0.193125
0.193539
0.193486
0.192905
0.19176
0.190186
0.188439
0.186643
0.185003
0.184067
0.183664
0.176067
0.176456
0.177719
0.17948
0.181228
0.182875
0.184471
0.186024
0.187388
0.188423
0.188867
0.188662
0.187943
0.186909
0.18569
0.184256
0.182639
0.18115
0.180407
0.180195
0.173233
0.173462
0.174421
0.175902
0.177461
0.179022
0.180552
0.181968
0.183274
0.184384
0.185009
0.185032
0.184604
0.183796
0.182717
0.181498
0.180173
0.179028
0.17853
0.178439
0.171425
0.171567
0.172118
0.17304
0.174121
0.175335
0.176638
0.178064
0.179493
0.18078
0.181593
0.181792
0.181529
0.18101
0.180338
0.179595
0.178851
0.178257
0.177996
0.177938
0.169191
0.169284
0.169586
0.170073
0.170845
0.171768
0.172857
0.174135
0.175548
0.176983
0.178064
0.178598
0.178721
0.178612
0.178279
0.177977
0.17775
0.177537
0.177415
0.177369
0.166126
0.166197
0.166454
0.166913
0.16745
0.16828
0.169402
0.170764
0.172332
0.174015
0.175412
0.176249
0.176628
0.176721
0.176737
0.176699
0.176607
0.176496
0.176427
0.176392
0.162443
0.162489
0.162727
0.163202
0.163828
0.164562
0.165692
0.167103
0.168824
0.170801
0.172604
0.173855
0.174622
0.175079
0.17534
0.175445
0.175422
0.175362
0.175341
0.175321
0.158402
0.158435
0.158655
0.159145
0.159815
0.16083
0.161988
0.163548
0.165534
0.167913
0.170214
0.171928
0.173068
0.173766
0.174261
0.174491
0.174546
0.174553
0.174572
0.174559
0.154037
0.154078
0.15429
0.154789
0.155533
0.156549
0.157916
0.159742
0.162107
0.165031
0.167953
0.170217
0.171808
0.172895
0.173544
0.173942
0.174137
0.174241
0.174292
0.17428
0.149168
0.14921
0.149444
0.149957
0.150754
0.151901
0.153505
0.155694
0.158581
0.162207
0.165899
0.168816
0.170899
0.172344
0.173295
0.173896
0.174253
0.174455
0.174534
0.174518
0.143569
0.143622
0.143898
0.144458
0.145361
0.146706
0.148638
0.151316
0.154884
0.159408
0.164055
0.167745
0.170435
0.172317
0.173587
0.17442
0.174944
0.175241
0.175348
0.175326
0.13701
0.137078
0.137409
0.138094
0.139173
0.140815
0.143191
0.14651
0.150962
0.156627
0.162458
0.167142
0.170541
0.172924
0.174548
0.175632
0.17633
0.176724
0.176861
0.176834
0.129242
0.129329
0.129743
0.130593
0.131967
0.13402
0.136992
0.141162
0.146757
0.153865
0.161171
0.167034
0.171293
0.174274
0.176315
0.177685
0.178573
0.179067
0.179241
0.17921
0.119927
0.120041
0.120587
0.121685
0.12343
0.126047
0.129845
0.13514
0.142201
0.151123
0.160247
0.167533
0.172818
0.176529
0.179071
0.180779
0.181892
0.182518
0.182732
0.182692
0.108607
0.108761
0.109493
0.110933
0.113203
0.116605
0.121502
0.128265
0.137213
0.148415
0.159765
0.168776
0.175301
0.179886
0.183029
0.185142
0.186523
0.187299
0.187565
0.187516
0.0946336
0.0948568
0.0958582
0.0977786
0.100785
0.105256
0.11163
0.12035
0.13174
0.145784
0.159838
0.170918
0.178926
0.184561
0.188434
0.191045
0.192754
0.193726
0.194051
0.193987
0.0770652
0.0774057
0.0788087
0.0814294
0.0854992
0.0914928
0.0999296
0.111274
0.125784
0.143325
0.160611
0.174133
0.183898
0.190789
0.195551
0.198779
0.200897
0.202104
0.202511
0.202429
0.0544033
0.0549486
0.0570103
0.060738
0.0664542
0.0747253
0.0860887
0.10094
0.119413
0.141191
0.16226
0.178609
0.190422
0.198806
0.204652
0.208652
0.2113
0.21281
0.213316
0.213214
0.024292
0.0252495
0.0284821
0.0340943
0.0425037
0.0542781
0.0698236
0.0893589
0.11279
0.13958
0.164964
0.184499
0.198649
0.208795
0.215973
0.220964
0.224316
0.226232
0.226864
0.226735
-0.017537
-0.0156231
-0.00984422
-0.000576398
0.0125294
0.0297736
0.0512278
0.076832
0.106244
0.138754
0.168886
0.19189
0.208627
0.220802
0.229611
0.235901
0.240245
0.242742
0.243539
0.243367
-0.0790411
-0.0734182
-0.0614785
-0.0449052
-0.0236839
0.00170118
0.0310087
0.0640175
0.100273
0.139012
0.174136
0.200756
0.220229
0.234625
0.245334
0.25328
0.258949
0.262326
0.263448
0.263157
-0.152459
-0.142828
-0.120896
-0.0933493
-0.0621215
-0.0276282
0.0101376
0.0510608
0.0947729
0.140629
0.181875
0.213303
0.236698
0.254471
0.268171
0.278846
0.287005
0.29119
0.292454
0.292776
-0.226122
-0.208812
-0.177486
-0.140071
-0.0994749
-0.0560937
-0.00995695
0.0388417
0.0900046
0.142996
0.190416
0.226644
0.253875
0.274912
0.291517
0.304756
0.315073
0.320899
0.323858
0.324311
-0.283875
-0.26321
-0.226116
-0.181604
-0.133492
-0.0824948
-0.0288464
0.0272283
0.0853572
0.144968
0.197909
0.23818
0.268382
0.291668
0.309977
0.324523
0.335896
0.343078
0.34652
0.347003
-0.330727
-0.308089
-0.266857
-0.217225
-0.163369
-0.106287
-0.0462998
0.01617
0.0805616
0.146141
0.203926
0.247466
0.279767
0.304379
0.323525
0.338597
0.350289
0.35782
0.361379
0.361856
-0.369437
-0.346018
-0.30175
-0.248084
-0.189666
-0.127573
-0.0622511
0.00573065
0.0756685
0.146591
0.208612
0.254888
0.288833
0.31439
0.334022
0.349271
0.36096
0.368576
0.371961
0.372522
-0.403005
-0.379048
-0.33245
-0.275544
-0.213357
-0.147032
-0.0770977
-0.00422983
0.0706962
0.146525
0.212515
0.261306
0.296677
0.322954
0.342864
0.358142
0.369758
0.37741
0.380717
0.381242
-0.4329
-0.408639
-0.360184
-0.300632
-0.23523
-0.165217
-0.0912084
-0.0139531
0.0655713
0.146007
0.215729
0.266883
0.303602
0.330572
0.350783
0.366147
0.377703
0.385408
0.388631
0.389045
-0.460293
-0.43576
-0.385897
-0.323998
-0.255848
-0.182633
-0.105003
-0.0237598
0.0600114
0.144786
0.218206
0.271833
0.310017
0.337793
0.358381
0.373878
0.38546
0.393114
0.396316
0.396579
-0.486051
-0.461222
-0.410099
-0.346174
-0.275639
-0.199603
-0.118746
-0.0338992
0.053842
0.142896
0.220106
0.276364
0.316177
0.3449
0.365985
0.381701
0.393339
0.400975
0.404153
0.404308
-0.510543
-0.485433
-0.433148
-0.367533
-0.294849
-0.216317
-0.132582
-0.0444277
0.047069
0.140286
0.221364
0.280477
0.322168
0.352044
0.373789
0.389839
0.401605
0.40923
0.412377
0.41247
-0.534106
-0.508682
-0.455399
-0.38828
-0.313696
-0.232944
-0.146599
-0.0554227
0.0395556
0.136807
0.221884
0.284137
0.328027
0.359316
0.381914
0.398435
0.41041
0.418024
0.42113
0.421191
-0.55694
-0.531189
-0.477038
-0.408526
-0.332265
-0.249546
-0.16089
-0.0669929
0.0312212
0.132387
0.221557
0.287243
0.333698
0.366719
0.390394
0.40754
0.419826
0.427491
0.430483
0.430538
-0.579141
-0.552992
-0.498147
-0.428334
-0.350611
-0.266175
-0.175478
-0.079135
0.0220603
0.126947
0.220246
0.289634
0.339014
0.374145
0.399189
0.417152
0.429855
0.437601
0.440477
0.440499
-0.600749
-0.574241
-0.518634
-0.44773
-0.368741
-0.282795
-0.190307
-0.0918091
0.0120577
0.120427
0.217817
0.291128
0.343791
0.381447
0.408219
0.427241
0.440488
0.448354
0.451076
0.451016
-0.621719
-0.594905
-0.538548
-0.4667
-0.386606
-0.299356
-0.205332
-0.104973
0.00124962
0.112807
0.214144
0.291516
0.347853
0.388503
0.417418
0.437751
0.451638
0.459603
0.462152
0.461947
-0.642076
-0.614897
-0.557884
-0.485205
-0.404158
-0.315808
-0.220487
-0.11855
-0.0102904
0.104087
0.209136
0.290567
0.350885
0.395054
0.426664
0.448656
0.463241
0.471167
0.473439
0.473102
-0.661704
-0.634225
-0.576603
-0.503207
-0.421347
-0.33207
-0.235678
-0.132439
-0.0224798
0.0943175
0.202718
0.288083
0.352515
0.400705
0.435745
0.460004
0.475366
0.482941
0.48471
0.48423
-0.680686
-0.652827
-0.594684
-0.520649
-0.438101
-0.348066
-0.250807
-0.146528
-0.0352172
0.0835818
0.194878
0.2839
0.352395
0.404949
0.444307
0.471913
0.488443
0.494983
0.495578
0.494947
-0.698867
-0.670705
-0.612081
-0.537486
-0.454368
-0.363721
-0.265795
-0.160727
-0.0483702
0.0719965
0.185656
0.277913
0.35022
0.407129
0.451608
0.484248
0.503561
0.508562
0.506006
0.504628
-0.716376
-0.687844
-0.628754
-0.553667
-0.470081
-0.378958
-0.280524
-0.174897
-0.0617969
0.0596973
0.175145
0.270073
0.345753
0.406494
0.456312
0.495856
0.521454
0.528029
0.519757
0.500319
-0.733107
-0.704249
-0.644843
-0.569381
-0.485518
-0.394093
-0.2954
-0.189497
-0.076027
0.0461109
0.16272
0.259654
0.338343
0.402019
0.456212
0.503629
0.539579
0.55229
0.537969
0.551532
-0.749224
-0.719949
-0.660302
-0.584563
-0.500634
-0.409064
-0.310404
-0.204487
-0.0910391
0.0311889
0.148266
0.246236
0.327385
0.392845
0.447173
0.498946
0.535562
0.552688
0.494895
0.463295
-0.765238
-0.735475
-0.674885
-0.598802
-0.514978
-0.423456
-0.325342
-0.219612
-0.106543
0.015179
0.131907
0.229716
0.312403
0.37918
0.4263
0.470966
0.498396
0.476507
0.405008
0.355182
-0.781702
-0.751157
-0.688093
-0.611907
-0.528208
-0.437169
-0.33988
-0.234711
-0.122442
-0.00184265
0.11363
0.210172
0.292414
0.36247
0.405277
0.415662
0.408107
0.352045
0.271741
0.221913
-0.403781
-0.302299
-0.194526
-0.0795585
0.0381722
0.143214
0.227391
0.0563604
-0.798202
-0.778497
-0.743278
-0.679049
-0.600152
-0.513862
-0.420372
-0.320238
-0.213772
-0.100738
0.0147381
0.117264
0.199016
0.265772
0.310497
0.279307
0.125028
0.0263293
-0.0509667
-0.812825
-0.800246
-0.757839
-0.692135
-0.613183
-0.527225
-0.434518
-0.335237
-0.230124
-0.119174
-0.00692774
0.0909418
0.166815
0.220181
0.217627
0.102561
-0.0718174
-0.199178
-0.304968
-0.832707
-0.820485
-0.775345
-0.708724
-0.629814
-0.543966
-0.451518
-0.35299
-0.249305
-0.140652
-0.0323518
0.0597539
0.12753
0.165179
0.113221
-0.0744201
-0.283432
-0.44986
-0.599506
-0.852243
-0.839881
-0.793599
-0.725947
-0.646915
-0.561249
-0.469346
-0.3719
-0.269889
-0.163915
-0.0599617
0.0259668
0.0850475
0.101242
-0.000814189
-0.250997
-0.507051
-0.738604
-0.965797
-0.870651
-0.858869
-0.812083
-0.743643
-0.66446
-0.579003
-0.487765
-0.391509
-0.291328
-0.188319
-0.0891167
-0.00989644
0.0401426
0.0242009
-0.142656
-0.416751
-0.71136
-0.997926
-1.26044
-0.888795
-0.877644
-0.830956
-0.762142
-0.682884
-0.597622
-0.506988
-0.411862
-0.313539
-0.213584
-0.119284
-0.0470471
-0.00691671
-0.0631222
-0.277835
-0.556896
-0.853399
-1.14154
-1.32463
-1.38917
-0.907704
-0.896845
-0.850628
-0.781612
-0.70248
-0.617497
-0.527544
-0.433658
-0.337392
-0.240845
-0.151956
-0.0872942
-0.0595568
-0.149082
-0.403943
-0.674299
-0.937481
-1.14868
-1.22505
-1.25509
-0.927291
-0.916845
-0.87101
-0.802067
-0.723213
-0.638675
-0.549566
-0.457147
-0.36325
-0.270597
-0.187741
-0.131425
-0.117548
-0.240658
-0.5174
-0.774287
-1.00308
-1.14784
-1.19401
-1.19516
-0.947843
-0.937609
-0.892073
-0.823462
-0.744944
-0.661005
-0.57293
-0.482207
-0.390984
-0.302694
-0.226539
-0.179141
-0.181537
-0.352049
-0.620756
-0.862794
-1.07802
-1.15914
-1.16571
-1.16778
-0.969177
-0.959084
-0.913923
-0.845657
-0.767559
-0.684342
-0.597467
-0.508652
-0.420376
-0.336841
-0.268109
-0.229579
-0.259956
-0.464611
-0.723295
-0.939181
-1.11869
-1.18962
-1.1578
-1.14879
-0.990889
-0.981111
-0.93633
-0.8684
-0.790841
-0.708457
-0.622932
-0.536209
-0.451136
-0.372641
-0.312026
-0.282352
-0.344095
-0.573067
-0.824221
-0.985574
-1.06137
-1.10303
-1.1186
-1.12277
-1.01243
-1.00295
-0.958933
-0.891407
-0.814428
-0.732994
-0.648957
-0.564458
-0.482803
-0.409494
-0.35746
-0.338212
-0.43132
-0.68383
-0.936216
-1.04842
-1.00838
-1.08931
-1.12448
-1.13584
-1.03341
-1.02429
-0.98113
-0.914203
-0.837863
-0.757416
-0.675009
-0.592821
-0.51468
-0.4466
-0.403131
-0.396607
-0.520426
-0.818585
-1.08613
-1.37983
-1.36647
-1.27303
-1.23328
-1.22806
-1.0532
-1.04444
-1.0022
-0.936021
-0.860483
-0.781153
-0.700308
-0.620538
-0.545769
-0.482781
-0.447464
-0.454811
-0.611479
-0.986111
-1.23579
-1.46518
-1.50132
-1.47102
-1.49076
-1.46389
-1.07073
-1.06238
-1.02139
-0.955999
-0.881352
-0.803187
-0.724089
-0.64658
-0.574702
-0.516355
-0.487808
-0.509292
-0.703838
-1.10877
-1.22348
-0.911108
-1.01789
-1.53213
-1.83738
-1.81162
-1.08481
-1.07705
-1.03757
-0.973225
-0.899391
-0.822499
-0.745106
-0.669773
-0.60028
-0.544763
-0.520894
-0.558988
-0.79
-1.31898
-1.84447
-2.1334
-2.51216
-2.47915
-2.17744
-1.98203
-1.09412
-1.0871
-1.04957
-0.986375
-0.913397
-0.837761
-0.762141
-0.68882
-0.621133
-0.56567
-0.542625
-0.588191
-0.868309
-1.60495
-2.70097
-3.72501
-4.18731
-4.06803
-3.55533
-3.09442
-1.09769
-1.09135
-1.05589
-0.994013
-0.921884
-0.847668
-0.773916
-0.702466
-0.635668
-0.577815
-0.544927
-0.572438
-0.828995
-1.51732
-2.4175
-3.344
-3.74454
-3.64181
-3.23856
-2.9018
-1.09345
-1.08802
-1.05472
-0.994342
-0.923149
-0.850682
-0.779142
-0.710204
-0.644504
-0.580957
-0.527936
-0.511429
-0.563327
-0.858752
-1.13915
-1.30246
-1.19581
-0.90693
-0.567459
-0.358656
-1.07837
-1.0738
-1.04317
-0.984918
-0.915336
-0.845312
-0.777147
-0.711987
-0.648029
-0.578773
-0.495129
-0.39748
-0.234864
-0.0294587
0.374539
0.845838
1.32418
1.72716
1.97638
2.07313
-1.05065
-1.04699
-1.01921
-0.963742
-0.897052
-0.830608
-0.767477
-0.708443
-0.650559
-0.579305
-0.466839
-0.298083
-0.108475
0.306681
0.93794
1.60015
2.17176
2.54824
2.74329
2.80735
-1.00843
-1.00558
-0.980746
-0.929041
-0.867082
-0.806282
-0.750939
-0.702828
-0.658617
-0.604742
-0.498234
-0.280808
-0.0133198
0.302268
0.872898
1.4463
1.91264
2.20587
2.3577
2.41352
-0.948027
-0.945727
-0.92488
-0.880138
-0.825633
-0.773351
-0.729268
-0.698776
-0.687206
-0.685325
-0.652741
-0.450358
-0.0935553
0.179118
0.59357
1.03695
1.39362
1.62941
1.76092
1.81626
-0.873083
-0.870891
-0.8553
-0.819135
-0.774741
-0.733505
-0.70377
-0.69827
-0.744935
-0.893914
-1.11169
-1.02903
-0.531503
-0.132805
0.227813
0.593174
0.893451
1.09772
1.21011
1.25101
-0.787795
-0.786595
-0.774644
-0.747793
-0.715019
-0.685904
-0.670882
-0.691457
-0.807586
-1.17903
-1.90929
-1.97592
-1.24971
-0.700659
-0.245262
0.140541
0.418005
0.585244
0.664005
0.689891
-0.685847
-0.685062
-0.678365
-0.661557
-0.640372
-0.622847
-0.61908
-0.650447
-0.790105
-1.20422
-2.03694
-2.17194
-1.49821
-0.927326
-0.446537
-0.0847691
0.145598
0.267395
0.327848
0.351975
-0.575549
-0.575763
-0.572234
-0.56172
-0.548581
-0.538049
-0.538025
-0.565484
-0.678266
-1.00491
-1.59566
-1.67635
-1.22531
-0.7567
-0.37027
-0.121871
0.00786691
0.068018
0.0954607
0.105255
-0.463027
-0.463491
-0.461186
-0.453899
-0.4445
-0.436232
-0.433606
-0.447976
-0.510143
-0.68873
-0.984917
-0.986285
-0.711149
-0.409322
-0.198539
-0.0853119
-0.0352613
-0.0133699
-0.00373764
-8.44926e-05
-0.350598
-0.351296
-0.349813
-0.344612
-0.33732
-0.32956
-0.322982
-0.322374
-0.339677
-0.397536
-0.483283
-0.432861
-0.276421
-0.122236
-0.0490921
-0.0201522
-0.0121264
-0.0107367
-0.0112066
-0.0114458
-0.245235
-0.24597
-0.245313
-0.242322
-0.237202
-0.230316
-0.221527
-0.211617
-0.202594
-0.196152
-0.17279
-0.100087
-0.0455319
0.0136838
0.0320505
0.0310227
0.0250829
0.0194334
0.015628
0.0139852
-0.154415
-0.155085
-0.155244
-0.154534
-0.151887
-0.146724
-0.138126
-0.125237
-0.106483
-0.0786796
-0.0337681
0.0237338
0.0494555
0.0671441
0.0691172
0.0622656
0.0544387
0.0481786
0.0442438
0.042475
-0.0831447
-0.0836964
-0.0843845
-0.0852823
-0.0846624
-0.0816005
-0.0748417
-0.0629107
-0.0436942
-0.0143674
0.0262707
0.0654859
0.0815784
0.0863398
0.0841803
0.078086
0.0716761
0.0665226
0.0633232
0.0618595
-0.0317567
-0.032178
-0.033035
-0.0346555
-0.0352409
-0.0338409
-0.029278
-0.0200564
-0.00427164
0.01988
0.0508994
0.0768959
0.0881804
0.0902881
0.0880009
0.0835111
0.0786973
0.0747588
0.0723175
0.0712055
0.00278499
0.00248221
0.00168139
-6.31042e-05
-0.00122113
-0.0008522
0.00204134
0.00861906
0.0203169
0.0382457
0.0604258
0.0778208
0.0858804
0.0874541
0.0857139
0.0824618
0.0789064
0.0758977
0.074025
0.0732037
0.0245533
0.0243416
0.0236871
0.0221354
0.0208191
0.0205287
0.0221583
0.026635
0.0348814
0.0475266
0.0629055
0.074668
0.0802554
0.0814262
0.0802345
0.0779108
0.0752384
0.0729046
0.0714503
0.0708498
0.0373226
0.0371703
0.0366739
0.035428
0.0342304
0.0336785
0.0344184
0.0371835
0.042729
0.0514079
0.0618612
0.0697626
0.0736046
0.0744985
0.0736297
0.0718699
0.0698192
0.0679861
0.0668449
0.0664067
0.0441172
0.0439991
0.0436319
0.0426865
0.0416791
0.0410851
0.0413744
0.0430178
0.0465287
0.0522422
0.0592658
0.0646283
0.0671849
0.0676714
0.0669199
0.0655409
0.0639308
0.062475
0.0615775
0.0612556
0.0470955
0.0469995
0.0467152
0.0459828
0.0451354
0.0445343
0.0445126
0.0454412
0.0476736
0.051381
0.0559446
0.0593937
0.0609693
0.0611753
0.0605243
0.0594157
0.0581427
0.056995
0.0562986
0.0560618
0.0475949
0.0475173
0.0472848
0.046688
0.045957
0.0453687
0.0451442
0.0455299
0.0467974
0.0491011
0.0520175
0.0542287
0.0551778
0.0551746
0.0545772
0.0536742
0.0526684
0.0517723
0.0512394
0.0510645
0.0464066
0.0463453
0.0461517
0.0456538
0.0450197
0.0444628
0.0441399
0.0442232
0.0448869
0.0462339
0.0480034
0.0493186
0.0497938
0.0496381
0.0490927
0.0483494
0.0475496
0.0468493
0.0464406
0.0463094
0.0440387
0.0439911
0.0438307
0.043411
0.0428577
0.0423361
0.0419542
0.0418313
0.0420954
0.042816
0.043815
0.0445303
0.0447062
0.0444688
0.0439781
0.0433662
0.0427313
0.0421854
0.0418712
0.041772
0.0408452
0.0408087
0.0406794
0.0403328
0.0398616
0.0393931
0.0390029
0.0387715
0.0387844
0.0390934
0.0395904
0.0399122
0.0398912
0.0396074
0.0391684
0.0386622
0.0381548
0.0377259
0.0374824
0.0374068
0.0370915
0.0370634
0.0369612
0.0366817
0.03629
0.0358835
0.035514
0.0352361
0.0351087
0.0351646
0.0353372
0.0354049
0.0352668
0.0349699
0.0345831
0.0341645
0.0337577
0.03342
0.0332312
0.0331735
0.0329734
0.0329514
0.0328716
0.0326513
0.0323341
0.0319927
0.0316613
0.0313765
0.0311772
0.0310864
0.0310657
0.0309859
0.0307876
0.0304987
0.0301634
0.0298185
0.0294927
0.029227
0.0290808
0.0290367
0.0286314
0.0286143
0.0285525
0.0283818
0.0281308
0.0278521
0.0275681
0.0273021
0.0270795
0.0269154
0.0267886
0.0266302
0.0264111
0.0261451
0.0258597
0.0255784
0.0253194
0.025112
0.0249993
0.0249655
0.0241603
0.024147
0.0240994
0.0239686
0.0237735
0.0235513
0.0233161
0.0230824
0.0228666
0.0226785
0.0225072
0.0223203
0.0221066
0.021873
0.0216362
0.0214104
0.0212068
0.021046
0.0209595
0.0209337
0.0196187
0.0196084
0.019572
0.0194731
0.019324
0.0191514
0.0189637
0.0187698
0.0185798
0.0183992
0.0182237
0.0180416
0.0178516
0.0176564
0.017466
0.017289
0.0171317
0.0170088
0.016943
0.0169235
0.0150384
0.0150307
0.0150036
0.0149301
0.0148191
0.0146895
0.0145466
0.0143959
0.014243
0.0140908
0.0139375
0.0137827
0.0136289
0.0134765
0.013331
0.0131971
0.0130791
0.0129872
0.0129381
0.0129237
0.0104342
0.0104286
0.0104092
0.0103572
0.010279
0.0101884
0.0100889
0.00998331
0.00987445
0.00976385
0.00965127
0.00953846
0.0094287
0.00932161
0.00921996
0.00912632
0.00904309
0.00897761
0.0089425
0.00893227
0.00581106
0.00580685
0.00579465
0.00576257
0.00571576
0.00566377
0.00560814
0.0055497
0.00548926
0.00542704
0.00536334
0.00529968
0.00523806
0.00517838
0.00512184
0.00506901
0.00502035
0.00498058
0.00495888
0.00495212
0.0034886
0.00348593
0.00347372
0.00344734
0.00341618
0.00338346
0.00334898
0.00331305
0.00327608
0.00323794
0.00319917
0.00316093
0.00312396
0.00308876
0.00305563
0.00302431
0.00299553
0.00297592
0.00296964
0.000978133
-1.16587
-0.729559
-0.425614
-0.185252
0.00904931
0.166349
0.295409
0.406139
0.486167
0.487274
-0.514734
-0.310042
-0.130002
0.0239661
0.155736
0.266919
0.359403
0.431574
0.476666
0.494174
-0.167174
-0.0445661
0.0719902
0.177085
0.268799
0.347052
0.411328
0.460386
0.49511
0.517113
0.0577674
0.139022
0.220123
0.2948
0.36036
0.416678
0.46353
0.500972
0.530313
0.550261
0.221424
0.276445
0.337691
0.392601
0.441595
0.484427
0.521153
0.551725
0.576609
0.593406
0.349948
0.391014
0.438515
0.480868
0.520076
0.555222
0.586062
0.612195
0.633617
0.64738
0.456685
0.491791
0.530737
0.567344
0.601541
0.632824
0.660518
0.683945
0.702834
0.713944
0.553977
0.586943
0.623493
0.658855
0.691633
0.721458
0.747636
0.769447
0.786364
0.795428
0.652536
0.688321
0.726448
0.763112
0.796113
0.825316
0.850294
0.870671
0.885938
0.894245
0.767644
0.808525
0.848473
0.886082
0.918556
0.946225
0.969301
0.987947
1.00195
1.01125
0.912841
0.955996
0.993935
1.02807
1.0565
1.08064
1.10157
1.11923
1.13328
1.14456
1.09137
1.12918
1.15758
1.18216
1.20344
1.22294
1.24137
1.25867
1.27468
1.28929
1.28953
1.31068
1.32578
1.34178
1.35822
1.37363
1.38745
1.4008
1.41638
1.4348
1.48054
1.48774
1.49834
1.50995
1.51991
1.52917
1.53956
1.55075
1.56242
1.57132
1.69375
1.69553
1.68763
1.6711
1.66002
1.65956
1.67175
1.69639
1.73055
1.75511
2.11337
1.91948
1.81847
1.76077
1.73169
1.72506
1.74029
1.78113
1.85698
1.99994
-0.764163
-0.768898
-0.731153
-0.664761
-0.585697
-0.498437
0.304948
0.377868
0.380198
0.303519
0.230269
0.151558
-0.131478
-0.414174
-0.768262
-1.23902
-1.79024
)
;

boundaryField
{
    wall-4
    {
        type            zeroGradient;
    }
    pressure-outlet-7
    {
        type            fixedValue;
        value           uniform 0;
    }
    velocity-inlet-6
    {
        type            zeroGradient;
    }
    velocity-inlet-5
    {
        type            zeroGradient;
    }
    frontAndBackPlanes
    {
        type            empty;
    }
}


// ************************************************************************* //
