/*--------------------------------*- C++ -*----------------------------------*\
  =========                 |
  \\      /  F ield         | OpenFOAM: The Open Source CFD Toolbox
   \\    /   O peration     | Website:  https://openfoam.org
    \\  /    A nd           | Version:  9
     \\/     M anipulation  |
\*---------------------------------------------------------------------------*/
FoamFile
{
    format      ascii;
    class       volScalarField;
    location    "36";
    object      p;
}
// * * * * * * * * * * * * * * * * * * * * * * * * * * * * * * * * * * * * * //

dimensions      [0 2 -2 0 0 0 0];

internalField   nonuniform List<scalar> 
8800
(
0.941902
0.894113
0.855419
0.826417
0.805543
0.790695
0.780074
0.772564
0.767702
0.765588
0.766782
0.770914
0.777511
0.786789
0.799541
0.817257
0.842022
0.875954
0.918496
0.977197
0.773164
0.780842
0.788305
0.791609
0.790097
0.785007
0.778504
0.772402
0.767641
0.764743
0.764396
0.766829
0.771258
0.777159
0.783896
0.790151
0.793774
0.793028
0.787596
0.778899
0.751586
0.757745
0.761867
0.764801
0.766838
0.767425
0.766294
0.764156
0.762092
0.761114
0.762
0.764311
0.767053
0.76919
0.769763
0.768538
0.766176
0.762769
0.758204
0.754441
0.745815
0.748463
0.751208
0.753602
0.755223
0.756364
0.757076
0.757154
0.756804
0.756679
0.757344
0.758435
0.759208
0.75922
0.758569
0.757445
0.755604
0.753014
0.7506
0.749096
0.740485
0.741909
0.743681
0.745703
0.747471
0.74879
0.749748
0.7505
0.751052
0.751529
0.752078
0.752479
0.752498
0.752145
0.751395
0.750104
0.748373
0.746499
0.745178
0.744347
0.735477
0.736396
0.737632
0.739188
0.740804
0.742305
0.743556
0.744571
0.745462
0.746252
0.746819
0.747031
0.74689
0.746367
0.745418
0.744161
0.742787
0.741492
0.740654
0.740104
0.730657
0.731325
0.732283
0.733577
0.73497
0.736404
0.737808
0.739074
0.740189
0.741174
0.741847
0.74207
0.741858
0.741239
0.740341
0.739317
0.738242
0.737272
0.736669
0.736266
0.725984
0.726499
0.727279
0.728403
0.729666
0.731016
0.732423
0.733835
0.735168
0.736358
0.737183
0.737471
0.73728
0.736751
0.736028
0.735202
0.734343
0.733601
0.733147
0.732834
0.721394
0.721803
0.722457
0.723459
0.724652
0.725954
0.727356
0.728842
0.730354
0.73178
0.732802
0.733227
0.73318
0.732828
0.73229
0.731643
0.730962
0.730395
0.730048
0.729797
0.716808
0.717139
0.717705
0.718633
0.719779
0.721064
0.722491
0.724054
0.725719
0.727391
0.728675
0.729343
0.729525
0.729379
0.729027
0.728562
0.728039
0.727614
0.727349
0.727142
0.712155
0.712427
0.712933
0.713818
0.71495
0.716257
0.717748
0.719428
0.721285
0.723239
0.724859
0.72584
0.726293
0.726376
0.72622
0.725929
0.725557
0.725251
0.725051
0.724877
0.70736
0.707583
0.708051
0.708926
0.710083
0.711459
0.713058
0.714916
0.717032
0.719338
0.721375
0.722733
0.723491
0.723825
0.723878
0.723755
0.723528
0.723323
0.723176
0.723028
0.702352
0.702536
0.702983
0.703876
0.705101
0.706585
0.708345
0.710442
0.712902
0.715671
0.71821
0.720004
0.721115
0.721736
0.722021
0.722072
0.721988
0.721877
0.721777
0.721648
0.697061
0.697213
0.697655
0.69859
0.699918
0.701551
0.703518
0.705915
0.708793
0.712131
0.715295
0.717631
0.719182
0.720151
0.720706
0.720958
0.721011
0.72099
0.720933
0.72082
0.691401
0.691523
0.691969
0.692967
0.694431
0.696264
0.698518
0.701301
0.704697
0.708729
0.712662
0.715673
0.717759
0.719125
0.719976
0.720475
0.720697
0.720772
0.720754
0.720652
0.685255
0.685341
0.685807
0.6869
0.688554
0.690654
0.693276
0.696573
0.700666
0.705584
0.710453
0.71425
0.716937
0.718774
0.719987
0.720734
0.721145
0.721323
0.721347
0.721256
0.678497
0.678569
0.679049
0.680244
0.682113
0.68453
0.687601
0.691506
0.696423
0.702423
0.708442
0.713224
0.716703
0.719148
0.720807
0.72189
0.722528
0.722825
0.72289
0.722805
0.670868
0.670925
0.671462
0.672776
0.674917
0.677744
0.681394
0.686096
0.692067
0.699403
0.706839
0.712805
0.71718
0.72033
0.722577
0.724085
0.725009
0.725447
0.725555
0.725472
0.662121
0.662154
0.662754
0.66425
0.666736
0.670092
0.674482
0.680201
0.687515
0.69653
0.705665
0.713034
0.718508
0.722515
0.725447
0.727454
0.728728
0.729336
0.729487
0.729398
0.651795
0.651817
0.652501
0.654236
0.657167
0.661202
0.66654
0.673541
0.682511
0.693569
0.704801
0.713885
0.720684
0.725712
0.729467
0.7321
0.733799
0.734597
0.734784
0.734681
0.639244
0.639267
0.64009
0.64218
0.645754
0.650742
0.657377
0.666094
0.677224
0.69084
0.704549
0.715601
0.72391
0.730118
0.734777
0.738115
0.740271
0.741264
0.741484
0.741359
0.623614
0.623643
0.624688
0.627332
0.631837
0.63815
0.646543
0.657512
0.671369
0.688108
0.704778
0.718151
0.728199
0.735753
0.741452
0.745581
0.748223
0.749408
0.749656
0.749505
0.603739
0.603783
0.605184
0.608706
0.614625
0.622871
0.633746
0.647752
0.665105
0.685637
0.705754
0.721738
0.733736
0.742771
0.749647
0.754621
0.757756
0.759127
0.759397
0.759218
0.577871
0.577951
0.579974
0.584946
0.593132
0.604259
0.618673
0.636731
0.658472
0.68353
0.707581
0.726484
0.740635
0.751333
0.759446
0.765368
0.769015
0.770552
0.770828
0.770617
0.543082
0.543292
0.546583
0.554202
0.566173
0.581765
0.601208
0.624601
0.651741
0.682053
0.71048
0.732537
0.748996
0.761478
0.770988
0.777909
0.782058
0.783712
0.783967
0.783719
0.493661
0.494747
0.501357
0.514377
0.532872
0.555303
0.581671
0.611817
0.645343
0.681545
0.714668
0.74002
0.758875
0.773212
0.784235
0.792195
0.79678
0.798484
0.798679
0.798387
0.420499
0.427989
0.443303
0.466433
0.49461
0.526146
0.560994
0.598958
0.63964
0.682338
0.720635
0.749679
0.771274
0.78782
0.800656
0.809816
0.814996
0.816882
0.817102
0.816861
0.341767
0.359127
0.383871
0.417628
0.455911
0.496768
0.54022
0.586258
0.634589
0.684624
0.729239
0.763126
0.788463
0.808032
0.823322
0.834191
0.840115
0.842167
0.842451
0.842385
0.276519
0.296781
0.329349
0.371951
0.419114
0.468742
0.520518
0.574436
0.630229
0.687329
0.737923
0.776325
0.805118
0.827344
0.844466
0.856365
0.862843
0.865475
0.865794
0.8658
0.223166
0.245147
0.283041
0.331935
0.386115
0.44306
0.502165
0.563296
0.626051
0.689824
0.746002
0.788481
0.820195
0.844448
0.862884
0.875893
0.883539
0.886064
0.886482
0.886547
0.178909
0.201913
0.243402
0.297258
0.35708
0.420054
0.485427
0.552935
0.622027
0.691944
0.753251
0.799345
0.83351
0.859425
0.879073
0.892932
0.901126
0.904026
0.904633
0.904736
0.141298
0.164891
0.209103
0.266791
0.331235
0.399322
0.470141
0.5433
0.618115
0.693667
0.759638
0.808934
0.845197
0.872471
0.893021
0.907541
0.916186
0.919538
0.920294
0.920409
0.108373
0.132356
0.178653
0.239448
0.307738
0.380232
0.455859
0.534106
0.614159
0.694905
0.765168
0.817319
0.855355
0.883707
0.904919
0.919894
0.928847
0.932522
0.933414
0.93353
0.0786303
0.102986
0.150916
0.214316
0.285904
0.362223
0.442144
0.525024
0.609918
0.695534
0.769818
0.824615
0.864231
0.893501
0.91521
0.930523
0.939659
0.943564
0.944494
0.944589
0.0511071
0.0758194
0.125152
0.190756
0.265185
0.344873
0.428649
0.515766
0.605184
0.695426
0.773587
0.830934
0.872062
0.902187
0.924346
0.93988
0.949157
0.953141
0.954098
0.954143
0.0250005
0.0501237
0.100876
0.168286
0.245208
0.327876
0.415126
0.506138
0.599795
0.69448
0.776465
0.836378
0.879048
0.910036
0.932649
0.948374
0.957678
0.961676
0.962707
0.962747
-3.32167e-05
0.0255314
0.0772892
0.146588
0.225693
0.311027
0.401414
0.496006
0.593642
0.692626
0.778446
0.841033
0.885362
0.917306
0.940416
0.956339
0.965675
0.96961
0.970596
0.970617
-0.0243962
0.00173962
0.0544908
0.125406
0.206463
0.294184
0.387412
0.485287
0.586651
0.689798
0.779517
0.844954
0.891124
0.924166
0.947863
0.964028
0.973388
0.977267
0.978122
0.978082
-0.0482024
-0.0215815
0.0322747
0.104614
0.187424
0.277279
0.373068
0.473945
0.578785
0.685959
0.77965
0.848164
0.896413
0.930725
0.955115
0.971553
0.980891
0.984638
0.985383
0.985259
-0.071548
-0.0443548
0.0104923
0.0841458
0.16854
0.260299
0.358378
0.461972
0.570033
0.68107
0.778784
0.850627
0.901246
0.937052
0.962232
0.978938
0.988177
0.991709
0.992302
0.992115
-0.0945132
-0.0666905
-0.0109058
0.063986
0.149798
0.243258
0.343376
0.449408
0.56041
0.6751
0.77684
0.852259
0.90561
0.943197
0.969287
0.986216
0.995244
0.99846
0.998891
0.998658
-0.117089
-0.0885778
-0.0318682
0.044154
0.131242
0.226197
0.328118
0.436306
0.549953
0.668031
0.773741
0.85296
0.909444
0.949207
0.97639
0.993441
1.00205
1.00483
1.00508
1.00481
-0.139104
-0.109944
-0.0523506
0.0246924
0.112917
0.209188
0.31267
0.422747
0.53873
0.659895
0.769425
0.852599
0.912611
0.955085
0.98372
1.0008
1.00863
1.01073
1.01077
1.01048
-0.16052
-0.130747
-0.072324
0.00565856
0.0948854
0.192297
0.29713
0.408819
0.52683
0.650734
0.763848
0.851019
0.914922
0.960744
0.991502
1.00875
1.01527
1.01618
1.01589
1.01565
-0.181398
-0.150941
-0.0917458
-0.0129068
0.0772154
0.17561
0.28159
0.394631
0.514355
0.640624
0.756974
0.848075
0.916112
0.965916
0.999834
1.01807
1.02297
1.02166
1.02047
1.02047
-0.201553
-0.170493
-0.110551
-0.0309336
0.0599686
0.15921
0.266146
0.380299
0.501429
0.629673
0.748817
0.843631
0.915874
0.970086
1.00836
1.02943
1.03389
1.02964
1.02587
1.02504
-0.221075
-0.189389
-0.128753
-0.0484461
0.0431131
0.143051
0.25074
0.365761
0.487982
0.617808
0.739246
0.837419
0.913868
0.972539
1.01601
1.04245
1.05002
1.04567
1.0356
1.01936
-0.239884
-0.207616
-0.146468
-0.0656361
0.0263567
0.126796
0.234952
0.350527
0.473462
0.604371
0.727581
0.828593
0.90942
0.972182
1.02031
1.05351
1.0652
1.05494
1.03664
1.02094
-0.2578
-0.225298
-0.163508
-0.0822676
0.0100055
0.110794
0.219009
0.334928
0.458192
0.589651
0.713965
0.816788
0.901958
0.967945
1.01626
1.04925
1.06453
1.04479
0.975163
0.942842
-0.274158
-0.243617
-0.179545
-0.0977509
-0.0052165
0.0955428
0.203211
0.319194
0.442395
0.573785
0.698381
0.801803
0.890353
0.959625
0.999701
1.02483
1.02413
0.973582
0.903207
0.859472
-0.330441
-0.259738
-0.194294
-0.113157
-0.0207873
0.0796238
0.187498
0.303053
0.425717
0.556353
0.680288
0.783223
0.871149
0.947508
0.952884
0.964944
0.926764
0.861332
0.785111
0.742321
-0.291672
-0.275609
-0.215907
-0.134936
-0.0434465
0.0567105
0.163574
0.278307
0.399719
0.528487
0.649748
0.750195
0.829485
0.906887
0.901681
0.796557
0.694594
0.623573
0.550806
0.584651
-0.323088
-0.29362
-0.232963
-0.152642
-0.0610775
0.0387523
0.145799
0.259819
0.380039
0.506794
0.624908
0.721156
0.792687
0.833033
0.788539
0.645751
0.519827
0.429805
0.330845
0.384095
-0.347306
-0.314881
-0.252932
-0.17232
-0.0806695
0.019018
0.12592
0.239028
0.357736
0.481929
0.596128
0.686631
0.748477
0.757185
0.654984
0.483427
0.330488
0.211189
0.0799762
0.114615
-0.371018
-0.337014
-0.273839
-0.192357
-0.10052
-0.000963923
0.105398
0.217474
0.334488
0.455787
0.56528
0.649335
0.695944
0.673487
0.518625
0.322042
0.129857
-0.0430124
-0.23645
-0.250001
-0.394074
-0.359638
-0.295549
-0.213303
-0.121237
-0.021861
0.0838513
0.194793
0.309879
0.427946
0.532185
0.608941
0.638092
0.580971
0.389151
0.177211
-0.0435453
-0.239079
-0.488966
-0.802284
-0.417409
-0.382969
-0.318336
-0.235563
-0.143251
-0.0439975
0.0611443
0.170936
0.284014
0.398639
0.497446
0.565802
0.577091
0.469495
0.276962
0.0654707
-0.142319
-0.318907
-0.386348
-0.475254
-0.441937
-0.407456
-0.342529
-0.259477
-0.167051
-0.0680014
0.0364848
0.144968
0.255737
0.366426
0.459394
0.517661
0.504302
0.362697
0.177953
-0.0138556
-0.178181
-0.271964
-0.296096
-0.312841
-0.46798
-0.433421
-0.368293
-0.285127
-0.192759
-0.0940677
0.00953657
0.116421
0.224481
0.330601
0.417224
0.462666
0.430687
0.263393
0.0883898
-0.0771602
-0.204829
-0.243362
-0.257948
-0.25935
-0.495742
-0.46102
-0.395685
-0.31249
-0.220308
-0.122183
-0.0196951
0.0852729
0.1902
0.291173
0.370626
0.402677
0.35333
0.170442
0.00506145
-0.142571
-0.220928
-0.237635
-0.239516
-0.23958
-0.525265
-0.49026
-0.424717
-0.341546
-0.249693
-0.152313
-0.0511848
0.0515412
0.152925
0.24823
0.319498
0.34021
0.255856
0.0843871
-0.0726776
-0.193763
-0.228073
-0.230224
-0.230784
-0.23033
-0.556253
-0.521061
-0.455263
-0.37219
-0.280801
-0.184371
-0.0848636
0.0152974
0.112723
0.201881
0.264522
0.268308
0.161178
0.00360284
-0.136063
-0.214139
-0.223508
-0.225908
-0.226658
-0.226532
-0.588124
-0.552821
-0.487066
-0.404183
-0.313419
-0.218161
-0.120532
-0.0232678
0.0698317
0.152428
0.206483
0.192279
0.073212
-0.0683379
-0.185572
-0.211433
-0.2234
-0.225468
-0.224851
-0.224558
-0.620436
-0.585047
-0.519647
-0.437116
-0.347168
-0.25332
-0.157854
-0.0637936
0.0246422
0.100562
0.144906
0.117278
-0.0148629
-0.135701
-0.21961
-0.250641
-0.234095
-0.227173
-0.225589
-0.224979
-0.652337
-0.617153
-0.552136
-0.470334
-0.381477
-0.289322
-0.196306
-0.105706
-0.0222465
0.0471534
0.0809757
0.0458724
-0.102304
-0.204942
-0.235999
-0.234646
-0.239186
-0.238994
-0.236367
-0.23477
-0.68225
-0.647968
-0.58366
-0.502933
-0.415544
-0.325406
-0.235144
-0.148199
-0.0698722
-0.00689743
0.0198296
-0.0304439
-0.184647
-0.307032
-0.302266
-0.300818
-0.273958
-0.254787
-0.248114
-0.246154
-0.708741
-0.675328
-0.61314
-0.533789
-0.448317
-0.36057
-0.27339
-0.190263
-0.116829
-0.0604749
-0.0354643
-0.106323
-0.25944
-0.42828
-0.444665
-0.37619
-0.318141
-0.287202
-0.276032
-0.272225
-0.729803
-0.698213
-0.638396
-0.5615
-0.478495
-0.393609
-0.309815
-0.230671
-0.161618
-0.111642
-0.0858979
-0.160509
-0.292568
-0.483588
-0.569985
-0.45673
-0.413536
-0.393758
-0.376849
-0.366644
-0.743452
-0.714481
-0.657933
-0.584267
-0.504546
-0.423111
-0.34302
-0.26794
-0.20287
-0.157745
-0.13012
-0.181426
-0.224384
-0.298621
-0.399678
-0.463805
-0.527503
-0.538536
-0.522534
-0.516619
-0.747228
-0.722161
-0.669944
-0.600421
-0.524778
-0.447508
-0.371482
-0.300427
-0.239349
-0.196523
-0.162923
-0.191449
-0.117004
-0.0269124
-0.178853
-0.391193
-0.5146
-0.542884
-0.554352
-0.558645
-0.73948
-0.719019
-0.672449
-0.608427
-0.53775
-0.465217
-0.393552
-0.32645
-0.269486
-0.228742
-0.198139
-0.267374
-0.250063
0.0235043
-0.0572738
-0.409661
-0.632699
-0.652096
-0.659516
-0.660735
-0.71826
-0.702311
-0.663912
-0.607188
-0.542468
-0.475038
-0.407687
-0.344064
-0.290617
-0.25541
-0.252911
-0.424334
-0.70491
-0.876674
-1.06232
-1.21741
-1.15173
-0.965119
-0.842717
-0.852452
-0.685302
-0.674596
-0.644778
-0.596892
-0.538777
-0.476451
-0.41281
-0.351419
-0.298283
-0.265467
-0.278685
-0.551884
-1.27194
-2.372
-2.95571
-3.13105
-2.84962
-2.35487
-1.94694
-1.76025
-0.645707
-0.639508
-0.618993
-0.579749
-0.528187
-0.469979
-0.40859
-0.347037
-0.290368
-0.250169
-0.266521
-0.485209
-1.02095
-1.60855
-2.02752
-2.13189
-1.96419
-1.68263
-1.41913
-1.28716
-0.606898
-0.603427
-0.591706
-0.560508
-0.513562
-0.457865
-0.396375
-0.331011
-0.266367
-0.205951
-0.169365
-0.168911
-0.134141
0.0643338
0.347319
0.664434
0.933173
1.12158
1.24306
1.29445
-0.575422
-0.573347
-0.567378
-0.54367
-0.500131
-0.443649
-0.379503
-0.307256
-0.228439
-0.141322
-0.041133
0.0943273
0.431866
0.988604
1.60416
2.15427
2.55016
2.77222
2.86145
2.8857
-0.5482
-0.547522
-0.546005
-0.530541
-0.49009
-0.431504
-0.362402
-0.283719
-0.193445
-0.0916361
0.0258517
0.146097
0.444932
0.984123
1.5549
2.05515
2.41319
2.62187
2.71883
2.74693
-0.527072
-0.526819
-0.52681
-0.517892
-0.481907
-0.421596
-0.347613
-0.263995
-0.17055
-0.0648786
0.0413586
0.155988
0.336155
0.797068
1.26968
1.67244
1.97715
2.15614
2.23638
2.25837
-0.508191
-0.50722
-0.507015
-0.50369
-0.473231
-0.411572
-0.334115
-0.248258
-0.156095
-0.0540035
0.0466747
0.149444
0.277778
0.591132
0.966404
1.26925
1.4928
1.62202
1.68166
1.69819
-0.498431
-0.497332
-0.498147
-0.496321
-0.465269
-0.399014
-0.317968
-0.231835
-0.14203
-0.0446363
0.0470513
0.133221
0.218018
0.4256
0.689497
0.906549
1.0685
1.16116
1.20138
1.21159
-0.491377
-0.493758
-0.49819
-0.493817
-0.45421
-0.378754
-0.294043
-0.21017
-0.126735
-0.0400413
0.0391834
0.106702
0.16976
0.307368
0.487332
0.63418
0.743535
0.808208
0.837329
0.842358
-0.445916
-0.451295
-0.459235
-0.451
-0.407381
-0.333476
-0.255581
-0.181165
-0.109011
-0.0352557
0.0326824
0.0886207
0.142001
0.224561
0.344421
0.44382
0.51429
0.554661
0.570742
0.572807
-0.323935
-0.329635
-0.335337
-0.329352
-0.298432
-0.249609
-0.1959
-0.141013
-0.08578
-0.0273317
0.0263719
0.0701308
0.112251
0.163142
0.238638
0.303877
0.350636
0.377722
0.388887
0.389526
-0.164382
-0.167281
-0.171564
-0.172698
-0.164375
-0.147888
-0.123728
-0.0940627
-0.058822
-0.0179765
0.020388
0.0529862
0.0849341
0.114458
0.160643
0.20495
0.235841
0.254164
0.26049
0.259893
-0.0340644
-0.0354101
-0.0394079
-0.0473387
-0.0566232
-0.0616109
-0.0596683
-0.0500266
-0.032292
-0.00764913
0.0170983
0.0386637
0.0583877
0.0763608
0.104633
0.133226
0.154487
0.166239
0.17054
0.169412
0.0410387
0.040346
0.0365287
0.0265152
0.0111094
-0.00342581
-0.0127772
-0.0150155
-0.00968127
0.00213134
0.015074
0.0247902
0.0315894
0.0420191
0.0627263
0.083306
0.0976344
0.104855
0.106936
0.105599
0.0721458
0.0715676
0.0683395
0.0595376
0.0452912
0.0301076
0.0176036
0.00987662
0.00801028
0.0110458
0.0142115
0.0132047
0.00919822
0.0140229
0.0313029
0.0474277
0.0578811
0.0624411
0.0634793
0.0623714
0.0792784
0.0787934
0.076414
0.0700262
0.0592805
0.0468036
0.0352292
0.0264584
0.0213779
0.0193872
0.0164454
0.00819658
-0.00259866
0.00109808
0.0162528
0.0290986
0.0361881
0.0388244
0.0392501
0.0382796
0.0760924
0.0756986
0.0740783
0.0699173
0.0626997
0.053735
0.0446451
0.0369347
0.031447
0.0279771
0.0232013
0.0130936
0.00070276
0.00564661
0.019225
0.0282098
0.0320386
0.0325977
0.0323609
0.0316682
0.0697408
0.0694232
0.0683506
0.0658075
0.0613052
0.0553957
0.0490351
0.0433725
0.0392573
0.037428
0.0351158
0.0292842
0.0232399
0.0302891
0.0397703
0.0435278
0.0438695
0.0431912
0.0427626
0.0421668
0.0633867
0.0631407
0.0624293
0.0609022
0.0582482
0.0545735
0.050493
0.0469069
0.0448387
0.0454951
0.0495353
0.0537968
0.0577682
0.0653188
0.0687167
0.0689394
0.0681391
0.067471
0.0670402
0.0661781
0.0579151
0.0577384
0.0572527
0.0562559
0.0546775
0.0524485
0.0499525
0.0480664
0.0479831
0.0521
0.0634695
0.0805084
0.0970627
0.102865
0.0995924
0.0961849
0.0953277
0.0961965
0.0960634
0.094971
0.0531097
0.0529763
0.0526144
0.0518226
0.0506528
0.0493181
0.0477614
0.046799
0.0478498
0.054057
0.0708077
0.0986256
0.125302
0.129411
0.119635
0.113836
0.114457
0.116511
0.116752
0.115359
0.0485853
0.048498
0.0482595
0.0475908
0.0465584
0.0452517
0.0440999
0.0431473
0.043965
0.0494282
0.0659745
0.0969808
0.128062
0.12915
0.116112
0.112968
0.115143
0.118915
0.118282
0.116244
0.0439275
0.0438523
0.0436716
0.0430779
0.0421582
0.0408042
0.0389725
0.0375936
0.0365302
0.0377523
0.0467843
0.0677638
0.0915228
0.088312
0.0766918
0.0762801
0.0832342
0.0878727
0.0867764
0.0847968
0.0390687
0.0390217
0.0389376
0.0385738
0.0374643
0.0361303
0.0339775
0.0308032
0.0266214
0.0209555
0.0145696
0.0126412
0.0120452
0.00464618
0.00337541
0.0108701
0.0192794
0.022001
0.0208581
0.0193824
0.0336601
0.033613
0.0334921
0.0333884
0.0328439
0.0314407
0.0291024
0.0249377
0.0178308
0.00402651
-0.0210886
-0.0576758
-0.0962941
-0.101648
-0.088434
-0.0734631
-0.0669562
-0.0650895
-0.066153
-0.0674113
0.0280717
0.027977
0.0279972
0.0279784
0.0278085
0.0269527
0.0247747
0.0204819
0.0118983
-0.00684237
-0.0446741
-0.112834
-0.177526
-0.17999
-0.160748
-0.154308
-0.158501
-0.161691
-0.159977
-0.159404
0.0227525
0.0226886
0.0228803
0.0232971
0.0236805
0.0236347
0.0227938
0.019584
0.011558
-0.00627486
-0.0469749
-0.1114
-0.175322
-0.179725
-0.179018
-0.195659
-0.216627
-0.22505
-0.222507
-0.220773
0.0167062
0.0166507
0.0171165
0.0178883
0.0189736
0.0204068
0.0209906
0.0197337
0.0156022
0.00368965
-0.0215137
-0.0689248
-0.109675
-0.12465
-0.144274
-0.18024
-0.212992
-0.225485
-0.221385
-0.2177
0.00943688
0.00926484
0.00953011
0.0107435
0.0126164
0.0142302
0.0156636
0.0169792
0.0169835
0.0156897
0.00537441
-0.0143966
-0.0296616
-0.0496241
-0.078828
-0.109724
-0.131716
-0.138837
-0.138433
-0.136032
0.00270719
0.00245941
0.00199339
0.00134732
0.000861312
0.000669749
0.000885491
0.0014234
0.00263731
0.00477708
0.0101734
0.0174782
0.0172986
0.00526093
-0.0099885
-0.0173609
-0.0219343
-0.0249203
-0.0235017
-0.0221111
-5.43171e-05
0.174572
0.378601
0.554856
0.696599
0.809362
0.903227
0.982613
1.01818
0.995014
0.318097
0.443734
0.578467
0.695202
0.793997
0.876108
0.942571
0.989629
1.01331
1.02523
0.545988
0.631911
0.723845
0.805369
0.875573
0.934323
0.980985
1.01503
1.03951
1.05734
0.712193
0.77315
0.8376
0.896591
0.94799
0.991598
1.02735
1.0558
1.07906
1.09727
0.84142
0.886012
0.933206
0.978248
1.01805
1.05275
1.0824
1.10702
1.1277
1.14548
0.947862
0.981641
1.02061
1.05698
1.09031
1.12013
1.14615
1.16798
1.18603
1.20335
1.04182
1.07103
1.1056
1.13823
1.16862
1.19616
1.22021
1.24015
1.25579
1.27286
1.13128
1.16081
1.19517
1.22753
1.25741
1.28424
1.3073
1.32593
1.3394
1.35644
1.22713
1.26049
1.29738
1.33117
1.3614
1.38774
1.40982
1.42719
1.43913
1.45654
1.34249
1.38039
1.41917
1.45356
1.48302
1.50786
1.52831
1.54426
1.55578
1.57386
1.48764
1.52628
1.56246
1.59322
1.61897
1.64112
1.66022
1.67579
1.68825
1.70626
1.6628
1.69452
1.72074
1.74322
1.76323
1.78199
1.79973
1.81623
1.8316
1.84968
1.85148
1.86873
1.88381
1.90007
1.91599
1.93054
1.94376
1.95771
1.97526
1.99542
2.03332
2.04282
2.05437
2.06519
2.07449
2.08409
2.09489
2.10627
2.11764
2.133
2.24051
2.24419
2.22925
2.21445
2.20819
2.21388
2.23236
2.26268
2.29486
2.32152
2.54683
2.41198
2.33535
2.293
2.27559
2.27955
2.30696
2.36337
2.466
2.69037
0.8325
0.830369
0.825883
0.817252
0.805019
0.792878
0.782631
0.774707
0.769047
0.765735
0.765308
0.767967
0.773007
0.780182
0.789534
0.801048
0.813681
0.824702
0.830808
0.833856
0.756967
0.762812
0.769147
0.773631
0.776091
0.775752
0.772996
0.769157
0.765604
0.763281
0.763053
0.765169
0.768763
0.772999
0.776767
0.778621
0.777664
0.774166
0.768991
0.762366
0.748574
0.750869
0.754268
0.757256
0.759321
0.760801
0.761533
0.761183
0.760109
0.759159
0.759245
0.760581
0.762321
0.763566
0.763699
0.762773
0.761197
0.75884
0.755562
0.752636
0.743103
0.744189
0.746017
0.748386
0.750397
0.751808
0.752802
0.753515
0.753863
0.754008
0.754398
0.755101
0.75561
0.755603
0.755133
0.754239
0.752735
0.750623
0.748518
0.747129
0.737953
0.738616
0.73972
0.741416
0.743185
0.744799
0.746066
0.747038
0.747857
0.748558
0.74917
0.749596
0.749682
0.749427
0.748787
0.747674
0.746199
0.744618
0.743275
0.742489
0.733047
0.733508
0.73429
0.735581
0.737055
0.738553
0.739987
0.741238
0.742302
0.743253
0.744028
0.744444
0.744456
0.744069
0.743277
0.74221
0.741022
0.739841
0.738895
0.738372
0.728307
0.728651
0.72926
0.730322
0.731605
0.732959
0.734366
0.735761
0.737056
0.738216
0.739157
0.739662
0.73967
0.739247
0.738525
0.737647
0.736712
0.735781
0.735071
0.734687
0.723687
0.723954
0.724445
0.725351
0.726512
0.72779
0.729149
0.730582
0.732035
0.733415
0.73456
0.7352
0.735287
0.734978
0.734427
0.733735
0.732978
0.732253
0.731715
0.731421
0.719108
0.719319
0.719728
0.720526
0.721609
0.722837
0.724183
0.725652
0.727217
0.728805
0.730194
0.731039
0.731314
0.7312
0.730839
0.730328
0.729744
0.729189
0.728782
0.728551
0.714498
0.714666
0.715016
0.715744
0.716786
0.717995
0.719363
0.720898
0.722591
0.724395
0.726072
0.727211
0.727751
0.727873
0.727715
0.727385
0.726969
0.726553
0.726252
0.726069
0.709784
0.709918
0.710225
0.710912
0.71194
0.713172
0.714602
0.716251
0.718123
0.720183
0.722212
0.723731
0.724593
0.724979
0.72504
0.724895
0.72464
0.724358
0.724144
0.723999
0.704892
0.704996
0.705274
0.705945
0.706997
0.708299
0.709836
0.711657
0.71379
0.716211
0.718686
0.72064
0.721859
0.722536
0.722836
0.722882
0.722782
0.72262
0.72248
0.722366
0.699753
0.699831
0.70009
0.700766
0.701875
0.703286
0.704974
0.707014
0.70946
0.712316
0.715344
0.717841
0.719505
0.72054
0.721124
0.72139
0.721448
0.721404
0.721332
0.721244
0.694285
0.694339
0.694586
0.695288
0.696486
0.698045
0.69994
0.70227
0.705118
0.70853
0.712238
0.715393
0.717592
0.719046
0.719957
0.720488
0.720724
0.720807
0.720798
0.720733
0.688397
0.688426
0.688669
0.689415
0.69073
0.692478
0.694647
0.697361
0.700724
0.704808
0.709352
0.713337
0.716195
0.718149
0.719424
0.720221
0.720693
0.720914
0.720973
0.72093
0.681969
0.681976
0.682211
0.683011
0.684484
0.686484
0.689002
0.692197
0.696229
0.701209
0.706797
0.711735
0.715354
0.717915
0.719655
0.720781
0.721506
0.721877
0.722007
0.721985
0.674799
0.674785
0.675047
0.675919
0.677564
0.679842
0.682784
0.686564
0.69138
0.697392
0.704249
0.710435
0.715036
0.718348
0.720664
0.722257
0.723309
0.72387
0.724079
0.724074
0.666648
0.666605
0.666888
0.667872
0.669751
0.672415
0.675919
0.680483
0.686368
0.693755
0.702184
0.709789
0.715497
0.719669
0.722671
0.724819
0.726259
0.727053
0.727352
0.727361
0.657166
0.657101
0.657426
0.658553
0.660716
0.663858
0.66806
0.673593
0.680766
0.689803
0.700157
0.709549
0.716649
0.721901
0.725747
0.728559
0.730478
0.731559
0.731955
0.731971
0.645792
0.645706
0.646104
0.647439
0.65
0.653802
0.658952
0.665781
0.674652
0.685798
0.6985
0.709982
0.718679
0.725167
0.730001
0.733573
0.736058
0.737451
0.737944
0.73796
0.631777
0.631671
0.632199
0.633867
0.637011
0.641746
0.648197
0.656755
0.667822
0.681604
0.697149
0.711108
0.721667
0.729588
0.735534
0.739961
0.74307
0.744787
0.745374
0.745385
0.614123
0.613998
0.614736
0.616921
0.620942
0.627032
0.635307
0.646217
0.660149
0.67722
0.696176
0.713007
0.7257
0.73522
0.742435
0.747814
0.75159
0.753638
0.754314
0.754318
0.59141
0.591276
0.592366
0.59537
0.600788
0.608917
0.61985
0.634016
0.651689
0.672832
0.695793
0.715891
0.730955
0.742261
0.750862
0.757299
0.761771
0.764144
0.764896
0.764886
0.561387
0.561282
0.563009
0.567431
0.575176
0.586531
0.6014
0.620035
0.642513
0.668566
0.696141
0.719869
0.737529
0.750794
0.76089
0.768502
0.773712
0.776391
0.777194
0.777161
0.520005
0.520073
0.523216
0.530574
0.542543
0.559164
0.579834
0.604495
0.632976
0.6648
0.697522
0.725154
0.745556
0.76088
0.772601
0.781469
0.787422
0.790324
0.791132
0.791065
0.459533
0.460771
0.468461
0.482293
0.501974
0.5269
0.555682
0.588025
0.623629
0.661928
0.700165
0.731852
0.755051
0.772477
0.785858
0.796006
0.802605
0.805634
0.806341
0.806228
0.387153
0.38911
0.403723
0.427598
0.45818
0.492848
0.530539
0.571138
0.614469
0.660039
0.704848
0.741771
0.768868
0.789349
0.80511
0.816845
0.82442
0.827818
0.828699
0.828702
0.312528
0.319049
0.340484
0.374503
0.415277
0.45951
0.506094
0.555001
0.606144
0.659106
0.710689
0.753072
0.784271
0.808036
0.826496
0.840199
0.848783
0.851902
0.852661
0.8528
0.252028
0.260568
0.286663
0.327608
0.376258
0.428576
0.483137
0.53978
0.598346
0.658362
0.716361
0.763829
0.798728
0.825251
0.84562
0.860594
0.869604
0.873541
0.874936
0.875159
0.202779
0.211878
0.241443
0.28742
0.34212
0.40094
0.462205
0.525656
0.590954
0.657527
0.7215
0.773599
0.81171
0.840433
0.862339
0.878422
0.888549
0.893197
0.894872
0.895137
0.161631
0.170937
0.202814
0.252614
0.312186
0.376365
0.443314
0.512696
0.584017
0.656559
0.726019
0.782287
0.823175
0.853764
0.876932
0.893921
0.904874
0.910084
0.911995
0.91229
0.126136
0.135504
0.169101
0.221958
0.285437
0.354123
0.426015
0.500641
0.577389
0.655395
0.729888
0.789928
0.833225
0.86534
0.889467
0.90719
0.918726
0.924437
0.926472
0.926783
0.0946549
0.104039
0.138911
0.194309
0.261006
0.333537
0.409764
0.489098
0.57081
0.653866
0.733049
0.796548
0.841988
0.875381
0.900265
0.918472
0.93036
0.936414
0.938566
0.938897
0.0658988
0.0753239
0.11128
0.16878
0.238198
0.314054
0.394123
0.477719
0.563998
0.651794
0.735421
0.80221
0.849651
0.884212
0.909756
0.928309
0.940448
0.946708
0.948879
0.949221
0.0390046
0.0484809
0.0854423
0.1447
0.216516
0.295275
0.378763
0.46623
0.556746
0.649023
0.736946
0.806962
0.856384
0.892083
0.91826
0.937139
0.949403
0.955766
0.957913
0.958189
0.0133893
0.022973
0.0608336
0.121613
0.195591
0.276909
0.363463
0.454455
0.5489
0.645436
0.737569
0.810847
0.862323
0.899236
0.926071
0.945274
0.957679
0.964013
0.966161
0.966358
-0.0114094
-0.00162243
0.0370226
0.0992891
0.175154
0.258761
0.348074
0.442275
0.540367
0.640955
0.737246
0.813901
0.867583
0.905846
0.933439
0.953008
0.965542
0.971849
0.973912
0.974118
-0.0356096
-0.0255848
0.01384
0.0775384
0.155061
0.240711
0.332507
0.429627
0.531087
0.635528
0.735943
0.816125
0.87224
0.912036
0.940514
0.960526
0.973198
0.979448
0.981386
0.98155
-0.0592803
-0.0490175
-0.00875409
0.0561938
0.135237
0.222718
0.316731
0.416487
0.521041
0.629116
0.73361
0.817498
0.876309
0.917875
0.94739
0.967896
0.980673
0.98679
0.988568
0.988657
-0.0825417
-0.0719417
-0.0309463
0.035219
0.115646
0.204763
0.300753
0.402873
0.510243
0.621715
0.730191
0.817943
0.879758
0.923399
0.954128
0.975161
0.987978
0.993886
0.995437
0.995436
-0.105343
-0.0944433
-0.0526623
0.0146061
0.0962982
0.186874
0.284619
0.388833
0.49873
0.613324
0.725634
0.817359
0.882518
0.928616
0.960809
0.982395
0.995101
1.00064
1.00192
1.00184
-0.127709
-0.116477
-0.0738822
-0.00559953
0.0772308
0.169096
0.268381
0.37444
0.486567
0.603975
0.719905
0.815654
0.884468
0.933484
0.96753
0.989739
1.0021
1.00702
1.00795
1.00779
-0.149438
-0.137948
-0.0945747
-0.0253502
0.0585038
0.151508
0.252115
0.359772
0.473838
0.593739
0.712998
0.812728
0.885439
0.937885
0.974384
0.997489
1.00921
1.01305
1.01345
1.01322
-0.170662
-0.158808
-0.1147
-0.0446118
0.0401574
0.134158
0.235919
0.344919
0.460642
0.58271
0.704934
0.808473
0.885236
0.941591
0.981349
1.00609
1.01711
1.01909
1.01842
1.01806
-0.191204
-0.17902
-0.134217
-0.0633259
0.0222764
0.117133
0.219876
0.330007
0.447096
0.570966
0.695768
0.802813
0.883645
0.944243
0.98812
1.01585
1.02706
1.02665
1.0235
1.0221
-0.211116
-0.198618
-0.153065
-0.0814325
0.00490407
0.100503
0.204073
0.315118
0.433318
0.558653
0.685592
0.795688
0.880472
0.945377
0.993933
1.02635
1.0403
1.03927
1.03206
1.02238
-0.230309
-0.217556
-0.171338
-0.0990825
-0.0121694
0.0839842
0.188166
0.299841
0.418842
0.545244
0.673838
0.786468
0.875125
0.944387
0.997632
1.03612
1.05623
1.05805
1.0483
1.04004
-0.248729
-0.235749
-0.18903
-0.11623
-0.0289304
0.0675738
0.172177
0.284159
0.40363
0.530634
0.660341
0.774819
0.866926
0.940521
0.996792
1.03964
1.06273
1.06979
1.03291
0.979592
-0.266085
-0.252417
-0.206029
-0.132805
-0.0454812
0.0511358
0.156062
0.268194
0.38775
0.514898
0.645059
0.760599
0.854897
0.933437
0.9894
1.02579
1.04988
1.03821
0.981373
0.916937
-0.282704
-0.268114
-0.222144
-0.148167
-0.061477
0.035151
0.139596
0.252007
0.371346
0.498211
0.628021
0.743673
0.837959
0.924244
0.973728
1.02549
0.995529
0.954155
0.884695
0.816492
-0.268738
-0.250657
-0.201734
-0.123291
-0.0315518
0.068878
0.178678
0.29397
0.416255
0.546355
0.669691
0.772206
0.85825
0.950219
0.997111
0.917617
0.872464
0.809966
0.737309
0.689168
-0.29319
-0.276922
-0.241067
-0.172509
-0.0862836
0.00977481
0.114365
0.226135
0.344644
0.470173
0.597937
0.711616
0.802582
0.882378
0.953988
0.954242
0.833716
0.750677
0.688258
0.605214
-0.31347
-0.297756
-0.256243
-0.186271
-0.0997394
-0.00405474
0.0993419
0.210175
0.327652
0.451662
0.577528
0.688819
0.776707
0.843911
0.870458
0.799525
0.66086
0.565403
0.490341
0.401718
-0.334175
-0.321539
-0.275543
-0.204261
-0.117533
-0.0216417
0.0816997
0.192177
0.308693
0.431087
0.553962
0.660571
0.740935
0.792831
0.770865
0.643113
0.49171
0.374027
0.275915
0.138457
-0.358106
-0.344997
-0.296855
-0.224403
-0.137323
-0.0413972
0.0618233
0.171679
0.287027
0.407432
0.526787
0.627964
0.700405
0.731882
0.674767
0.493364
0.311593
0.156986
0.0139813
-0.183901
-0.381026
-0.368255
-0.318849
-0.245189
-0.157569
-0.0616728
0.041173
0.150152
0.264083
0.38213
0.49757
0.592744
0.656576
0.657623
0.550296
0.351843
0.137935
-0.0656985
-0.24686
-0.651001
-0.403996
-0.391572
-0.341633
-0.267067
-0.179
-0.0830585
0.0194061
0.127499
0.239901
0.355347
0.46654
0.555077
0.60774
0.57637
0.427753
0.226515
0.00705356
-0.208188
-0.391805
-0.684507
-0.427884
-0.415599
-0.365434
-0.290291
-0.2019
-0.105902
-0.00377569
0.103457
0.214274
0.326941
0.433629
0.515027
0.554321
0.505914
0.317877
0.124734
-0.0744176
-0.243012
-0.314702
-0.351112
-0.453178
-0.441033
-0.390631
-0.315166
-0.226651
-0.130756
-0.0291206
0.0770251
0.185933
0.295333
0.396848
0.470407
0.494913
0.414868
0.220182
0.0401098
-0.124322
-0.231011
-0.268391
-0.278761
-0.480052
-0.467963
-0.417384
-0.3417
-0.25319
-0.157566
-0.0566294
0.0481749
0.154807
0.260434
0.35604
0.421639
0.422133
0.310126
0.131067
-0.0350162
-0.173229
-0.229052
-0.241859
-0.247713
-0.508701
-0.496653
-0.445756
-0.369901
-0.281496
-0.186314
-0.0862844
0.0168916
0.120884
0.222287
0.311265
0.368353
0.343235
0.211409
0.046054
-0.109038
-0.207005
-0.238995
-0.234772
-0.234964
-0.538906
-0.527031
-0.475715
-0.399717
-0.311514
-0.216934
-0.118043
-0.0167762
0.0842111
0.18092
0.262785
0.308826
0.270485
0.118086
-0.0317172
-0.168821
-0.209476
-0.222237
-0.227474
-0.228188
-0.570418
-0.558459
-0.507016
-0.430963
-0.343092
-0.249291
-0.151775
-0.052705
0.0449053
0.136512
0.210822
0.244967
0.200208
0.0356699
-0.100964
-0.197441
-0.244919
-0.229954
-0.226394
-0.225929
-0.60273
-0.59078
-0.539496
-0.463319
-0.375915
-0.2831
-0.187205
-0.0906264
0.00325521
0.0894514
0.155744
0.180432
0.11162
-0.0413888
-0.159746
-0.216522
-0.226364
-0.22653
-0.225498
-0.224985
-0.635048
-0.623293
-0.571858
-0.496244
-0.409492
-0.317906
-0.223915
-0.13011
-0.0402665
0.0402934
0.0986388
0.110051
0.0189757
-0.118129
-0.207942
-0.212291
-0.226231
-0.231257
-0.230796
-0.229229
-0.666293
-0.654948
-0.603734
-0.528837
-0.443106
-0.353052
-0.261265
-0.170506
-0.0848944
-0.0102821
0.0412987
0.0359522
-0.066837
-0.203653
-0.266444
-0.283863
-0.265561
-0.251709
-0.244383
-0.241834
-0.695005
-0.684109
-0.633972
-0.560019
-0.475792
-0.387641
-0.2984
-0.210949
-0.129604
-0.0611106
-0.0148801
-0.0314375
-0.147541
-0.298417
-0.392512
-0.35802
-0.314058
-0.27794
-0.260825
-0.256598
-0.719595
-0.709407
-0.660686
-0.588535
-0.506341
-0.420525
-0.334211
-0.250337
-0.173187
-0.110271
-0.0693232
-0.0885386
-0.209785
-0.377267
-0.528025
-0.44843
-0.38184
-0.338266
-0.317657
-0.309639
-0.737913
-0.728618
-0.682043
-0.612538
-0.53322
-0.450384
-0.367383
-0.287318
-0.214325
-0.155834
-0.120361
-0.131399
-0.225616
-0.340038
-0.499653
-0.485724
-0.483554
-0.489296
-0.471196
-0.451211
-0.748086
-0.739612
-0.696223
-0.630334
-0.554705
-0.475629
-0.396474
-0.320331
-0.251577
-0.196303
-0.165464
-0.157173
-0.186648
-0.123591
-0.166825
-0.354481
-0.482519
-0.53851
-0.546008
-0.540553
-0.746387
-0.739312
-0.701736
-0.640145
-0.569176
-0.494648
-0.419879
-0.347832
-0.283125
-0.231079
-0.205965
-0.187635
-0.204328
-0.0472115
0.0615632
-0.225521
-0.501642
-0.58253
-0.589568
-0.594523
-0.731436
-0.726598
-0.696173
-0.640733
-0.575273
-0.506123
-0.436042
-0.368083
-0.30698
-0.259823
-0.239465
-0.272279
-0.400271
-0.411864
-0.20049
-0.418398
-0.662008
-0.72949
-0.732444
-0.737043
-0.703583
-0.699998
-0.678083
-0.631412
-0.572741
-0.509287
-0.443882
-0.379462
-0.32075
-0.276439
-0.263258
-0.347257
-0.737004
-1.39806
-2.00967
-2.40178
-2.40468
-2.00314
-1.4873
-1.2377
-0.666436
-0.664146
-0.650281
-0.613735
-0.562312
-0.504449
-0.442969
-0.380745
-0.322061
-0.275232
-0.264408
-0.341832
-0.881219
-1.76197
-2.60669
-2.88327
-2.88693
-2.5904
-2.22339
-2.01074
-0.626064
-0.624798
-0.616986
-0.591401
-0.54725
-0.493197
-0.434228
-0.371671
-0.30954
-0.253439
-0.222326
-0.242169
-0.474588
-0.668014
-0.796756
-0.779621
-0.607529
-0.385939
-0.178876
-0.0127399
-0.590139
-0.589411
-0.585889
-0.568245
-0.530682
-0.479299
-0.420352
-0.354485
-0.283952
-0.212284
-0.137782
-0.0712468
0.0798905
0.426041
0.923395
1.42991
1.85128
2.14621
2.32142
2.40149
-0.561498
-0.560553
-0.559078
-0.55009
-0.518315
-0.467451
-0.405011
-0.333978
-0.253343
-0.163582
-0.0594858
0.0636856
0.271111
0.736345
1.34061
1.92691
2.38377
2.66781
2.80961
2.8639
-0.537513
-0.537073
-0.536807
-0.533214
-0.508569
-0.458138
-0.391493
-0.315042
-0.228617
-0.129103
-0.022005
0.0990271
0.235725
0.626043
1.16694
1.65719
2.05976
2.32577
2.4665
2.51914
-0.517305
-0.516953
-0.516702
-0.515893
-0.498825
-0.449616
-0.379964
-0.299351
-0.210368
-0.112039
-0.00787368
0.100638
0.201573
0.474991
0.914265
1.30221
1.61519
1.822
1.92756
1.96739
-0.502217
-0.501044
-0.499776
-0.500146
-0.488543
-0.440365
-0.367347
-0.284227
-0.195429
-0.10039
0.00023812
0.0958023
0.190665
0.352451
0.666375
0.958466
1.18411
1.33506
1.4124
1.44049
-0.496951
-0.495862
-0.497559
-0.499991
-0.48548
-0.429027
-0.349384
-0.264522
-0.178239
-0.0886794
0.00212734
0.0812605
0.155094
0.2577
0.474078
0.673908
0.830122
0.93554
0.989461
1.00975
-0.477321
-0.479059
-0.485897
-0.487584
-0.465325
-0.401078
-0.31859
-0.236495
-0.15734
-0.0785987
-0.000100501
0.0676982
0.131128
0.196879
0.338003
0.476137
0.579871
0.650359
0.684217
0.695684
-0.39264
-0.395936
-0.404201
-0.405877
-0.383825
-0.329051
-0.262238
-0.194893
-0.129892
-0.0651824
-0.000228304
0.0567222
0.106462
0.152161
0.241521
0.331102
0.399209
0.445409
0.468029
0.473296
-0.242912
-0.246135
-0.25128
-0.253626
-0.243255
-0.215738
-0.179927
-0.139113
-0.0953997
-0.0483311
0.000826695
0.0445584
0.081607
0.112277
0.166531
0.225126
0.270891
0.301227
0.315544
0.319809
-0.0917833
-0.0936328
-0.0965977
-0.101558
-0.105157
-0.104257
-0.0965482
-0.0813931
-0.0589787
-0.030022
0.0036217
0.0346206
0.0584207
0.0781078
0.11312
0.149137
0.179749
0.200114
0.209979
0.212286
0.0109879
0.00995914
0.00798726
0.00141708
-0.0109307
-0.0242122
-0.0325659
-0.0336522
-0.0266856
-0.0122716
0.00713667
0.0246563
0.0376228
0.0499481
0.0698695
0.0949865
0.115915
0.12917
0.134843
0.135499
0.0611803
0.0605842
0.0589788
0.0526156
0.0396152
0.0234757
0.00943198
0.000535134
-0.00165987
0.00248474
0.0109852
0.0170069
0.0186824
0.0203264
0.0352611
0.0551677
0.0705825
0.0794715
0.0828194
0.0827026
0.0779234
0.0775191
0.0762063
0.0712438
0.0608428
0.0470174
0.0334719
0.0227636
0.0165048
0.0147941
0.0155876
0.0130981
0.00573926
0.000698603
0.0129133
0.0291851
0.0410929
0.0471494
0.0490128
0.0487818
0.0785632
0.0782834
0.0773016
0.073905
0.0667281
0.0566341
0.045787
0.0361841
0.0291336
0.0249342
0.0220491
0.0151902
0.00269102
-0.00459803
0.00809639
0.0216903
0.029447
0.0325637
0.0330936
0.0328388
0.0731582
0.0729465
0.0722362
0.0700613
0.0655183
0.058819
0.0510901
0.0437362
0.0378095
0.0338434
0.0311804
0.024989
0.014169
0.0101254
0.022331
0.031813
0.0359452
0.0367484
0.036263
0.0358301
0.06657
0.0663963
0.0658892
0.0645257
0.0618095
0.0576547
0.052611
0.0476236
0.0436147
0.0415367
0.0419523
0.0419304
0.0397604
0.0428293
0.0509127
0.0544698
0.0550344
0.0545232
0.0538175
0.0533656
0.0606235
0.0604795
0.0601229
0.0592361
0.0576273
0.0551579
0.0520235
0.0489705
0.0468868
0.0473522
0.0524061
0.0621904
0.071928
0.0802759
0.0857203
0.0842153
0.0818623
0.0810121
0.0809776
0.0803825
0.0555156
0.0553978
0.0551486
0.0545079
0.0534452
0.0519424
0.0499927
0.048236
0.0476189
0.05021
0.0597484
0.0793019
0.103694
0.11936
0.115844
0.10937
0.107124
0.108703
0.109755
0.108487
0.0509119
0.050816
0.050644
0.0501269
0.049268
0.0480389
0.0467762
0.045571
0.0453913
0.0484362
0.05961
0.0843442
0.117575
0.136799
0.127189
0.118501
0.116192
0.118799
0.120931
0.119508
0.0463378
0.0462497
0.0461263
0.0457276
0.0448528
0.0436745
0.0422936
0.041232
0.0402449
0.0416082
0.0494597
0.0708482
0.103311
0.119371
0.106684
0.0982973
0.100316
0.105964
0.107455
0.105326
0.041613
0.0415257
0.0414508
0.041193
0.0405057
0.0392491
0.0374331
0.0353146
0.0331954
0.0307154
0.0299216
0.0358702
0.0515163
0.0561414
0.045363
0.0449716
0.0520726
0.0585525
0.0594807
0.057253
0.0365044
0.0364131
0.0363736
0.036281
0.0356156
0.0345704
0.0327359
0.029826
0.0253874
0.0177649
0.00492934
-0.0130382
-0.0326002
-0.0450349
-0.046502
-0.0363708
-0.0257693
-0.0201997
-0.0199678
-0.0211336
0.030921
0.0307751
0.0306908
0.0306132
0.0304803
0.0297189
0.028276
0.0252863
0.0190529
0.00758783
-0.0164785
-0.0605129
-0.12377
-0.152031
-0.140918
-0.121364
-0.114978
-0.115239
-0.115602
-0.115037
0.0254558
0.0252698
0.0252311
0.0253893
0.0256807
0.0258537
0.0251845
0.0225665
0.0168629
0.00414259
-0.0232081
-0.0761925
-0.170567
-0.195524
-0.182442
-0.177885
-0.186343
-0.195931
-0.19701
-0.195108
0.0198788
0.0196956
0.0196409
0.0200427
0.0210087
0.0217158
0.0221831
0.0214751
0.0177178
0.00856817
-0.0158863
-0.0591412
-0.127659
-0.152297
-0.16005
-0.180263
-0.210652
-0.233873
-0.235771
-0.231816
0.0133481
0.0131328
0.0131932
0.0139489
0.0153049
0.0166751
0.017562
0.0183491
0.0189648
0.0145484
0.00369755
-0.0198719
-0.0571207
-0.0750502
-0.0985977
-0.131121
-0.163644
-0.184586
-0.187978
-0.185104
0.00257164
0.0022846
0.00166299
0.00107117
0.000707523
0.000752098
0.00134643
0.00157349
0.00367119
0.00707103
0.0140588
0.0199882
0.0111215
-0.00444661
-0.0135036
-0.0201121
-0.0232196
-0.0248018
-0.0229932
-0.0810518
-1.06446
-0.356945
0.101328
0.367625
0.561004
0.710448
0.827867
0.924505
1.02554
1.11721
0.0166242
0.220125
0.405168
0.560765
0.691143
0.798147
0.885791
0.957407
1.00174
1.00645
0.364803
0.484789
0.601871
0.706376
0.796534
0.872731
0.935173
0.98255
1.0131
1.0313
0.583557
0.664829
0.745313
0.819131
0.883649
0.938724
0.984006
1.01948
1.04641
1.06584
0.742692
0.798034
0.858347
0.913303
0.961277
1.00299
1.03835
1.06764
1.09153
1.10876
0.868224
0.909744
0.956746
0.997951
1.03609
1.07008
1.09979
1.12516
1.1463
1.16071
0.972601
1.00756
1.04539
1.08023
1.11298
1.14302
1.1697
1.19257
1.21142
1.22328
1.06693
1.09829
1.13268
1.16564
1.19668
1.22529
1.25062
1.27206
1.28913
1.29875
1.15859
1.1913
1.22683
1.26105
1.29254
1.32099
1.34568
1.3661
1.38164
1.38991
1.26094
1.29851
1.3369
1.37331
1.40548
1.43344
1.45695
1.47602
1.49021
1.49874
1.3881
1.43054
1.46976
1.50568
1.53616
1.56189
1.58348
1.60115
1.61469
1.62488
1.54974
1.59127
1.62502
1.65457
1.67913
1.70068
1.72029
1.73774
1.7525
1.76521
1.74019
1.77101
1.79232
1.81147
1.82954
1.84678
1.86301
1.87884
1.89536
1.9123
1.93811
1.94952
1.96058
1.97469
1.98898
2.00182
2.0132
2.02406
2.03697
2.05386
2.12394
2.13384
2.1425
2.14494
2.1458
2.15007
2.16088
2.17684
2.19446
2.19907
2.42498
2.36958
2.31876
2.27852
2.25613
2.2521
2.2656
2.2994
2.35584
2.4314
0.974715
0.916021
0.873536
0.839671
0.815004
0.797435
0.784901
0.77594
0.769786
0.766244
0.765773
0.768555
0.77393
0.781817
0.792702
0.80773
0.828723
0.857807
0.896561
0.944382
0.776278
0.785029
0.790553
0.791369
0.787873
0.781809
0.77535
0.769838
0.765943
0.764213
0.7653
0.768813
0.774033
0.780464
0.787199
0.792446
0.794057
0.790813
0.783458
0.775788
0.753331
0.755361
0.759962
0.763464
0.765962
0.767371
0.767056
0.765283
0.76304
0.761396
0.761318
0.763051
0.765696
0.768262
0.769699
0.76933
0.767451
0.764633
0.760573
0.756186
0.746457
0.747323
0.749801
0.752505
0.754501
0.755841
0.756794
0.757202
0.756998
0.756662
0.756908
0.757888
0.758897
0.759309
0.758954
0.758068
0.756629
0.754369
0.751715
0.749743
0.740855
0.741316
0.742707
0.744718
0.746642
0.748194
0.749304
0.750151
0.750802
0.751284
0.751796
0.752316
0.752537
0.752362
0.751827
0.750814
0.749268
0.747412
0.745745
0.744723
0.735736
0.736023
0.736936
0.738396
0.740005
0.741583
0.74297
0.744088
0.745031
0.745873
0.746569
0.746969
0.747002
0.746678
0.745938
0.744812
0.743471
0.742114
0.741002
0.740372
0.730851
0.731052
0.731737
0.732902
0.734269
0.735687
0.737121
0.738466
0.73965
0.740703
0.741558
0.742012
0.742015
0.74159
0.740811
0.739836
0.738784
0.737733
0.736915
0.736471
0.726135
0.726286
0.72683
0.727807
0.729022
0.730334
0.731717
0.733137
0.734519
0.735788
0.736826
0.737392
0.737425
0.737045
0.736404
0.735621
0.734776
0.733949
0.733332
0.732997
0.721512
0.721631
0.722077
0.722922
0.724039
0.725293
0.726645
0.728093
0.729604
0.731091
0.732354
0.733082
0.733249
0.733032
0.732575
0.731975
0.7313
0.730657
0.73019
0.729931
0.716901
0.716996
0.717372
0.71813
0.719189
0.720406
0.721762
0.723259
0.724881
0.72657
0.728096
0.729079
0.729482
0.729483
0.729221
0.728803
0.728297
0.727809
0.727459
0.727254
0.712228
0.712305
0.712631
0.713333
0.714365
0.715583
0.716981
0.718566
0.72034
0.722264
0.724108
0.725425
0.72612
0.726371
0.72632
0.726083
0.725743
0.725391
0.725136
0.724973
0.707416
0.707478
0.707768
0.708441
0.709478
0.710747
0.71223
0.713956
0.715947
0.718173
0.720411
0.72214
0.723174
0.7237
0.72388
0.723831
0.723647
0.723418
0.723241
0.723112
0.702393
0.702443
0.702708
0.703376
0.704454
0.705815
0.707428
0.709351
0.711632
0.714259
0.716995
0.719205
0.720631
0.721474
0.721912
0.722069
0.72204
0.72193
0.721824
0.721723
0.697088
0.697128
0.697378
0.698061
0.699211
0.700701
0.702488
0.70466
0.707296
0.710416
0.713766
0.716573
0.718491
0.719728
0.72047
0.720869
0.720999
0.721005
0.720963
0.720888
0.691414
0.691444
0.691685
0.692397
0.693647
0.695305
0.697333
0.69984
0.702921
0.706643
0.710746
0.714299
0.716817
0.718518
0.7196
0.720285
0.72061
0.720747
0.720771
0.720716
0.685254
0.685272
0.685506
0.68627
0.687663
0.68955
0.691891
0.694834
0.698519
0.703032
0.708071
0.712505
0.715715
0.717947
0.719446
0.720416
0.720975
0.721256
0.721349
0.721317
0.67848
0.678503
0.678732
0.679551
0.681103
0.683252
0.685975
0.68944
0.693834
0.699298
0.705486
0.711016
0.715111
0.718038
0.720062
0.721409
0.722259
0.72271
0.722878
0.722865
0.670832
0.670839
0.671116
0.672003
0.673762
0.676242
0.679455
0.683601
0.688917
0.695573
0.703178
0.710044
0.715168
0.718886
0.721551
0.723414
0.724615
0.725278
0.72553
0.725533
0.662068
0.662069
0.662361
0.663369
0.665385
0.668302
0.672142
0.67716
0.683652
0.691824
0.701165
0.709613
0.715983
0.720671
0.724095
0.726552
0.728178
0.729102
0.72945
0.729465
0.651723
0.65172
0.652051
0.653212
0.655564
0.659044
0.663689
0.669815
0.677773
0.687795
0.699265
0.709667
0.71754
0.723388
0.727732
0.730906
0.733067
0.734293
0.73474
0.734758
0.63915
0.639147
0.639549
0.640945
0.643788
0.64807
0.653828
0.661455
0.671353
0.683748
0.697801
0.710467
0.72006
0.727242
0.732622
0.736592
0.739346
0.74089
0.741434
0.741451
0.623491
0.623488
0.624002
0.625773
0.629353
0.634768
0.642057
0.651688
0.664083
0.679415
0.696593
0.711941
0.723538
0.732245
0.738819
0.743692
0.747094
0.748967
0.749603
0.749613
0.603576
0.603574
0.604264
0.60664
0.611362
0.618465
0.627948
0.640348
0.656026
0.675029
0.695909
0.714323
0.728174
0.738568
0.746469
0.752348
0.756427
0.758622
0.759343
0.759344
0.577646
0.577648
0.578649
0.582048
0.588654
0.598331
0.611034
0.627252
0.647178
0.670663
0.695857
0.717729
0.734069
0.746352
0.755696
0.762669
0.76748
0.769995
0.770779
0.770761
0.542752
0.542779
0.544458
0.549829
0.559696
0.573523
0.59101
0.612441
0.637767
0.666601
0.696688
0.722339
0.741362
0.755657
0.766582
0.774775
0.780332
0.783127
0.783933
0.783882
0.493161
0.493437
0.497281
0.507116
0.523072
0.543623
0.568034
0.596331
0.628245
0.663231
0.698677
0.728325
0.750125
0.76652
0.77911
0.78861
0.794903
0.797903
0.798677
0.798571
0.42107
0.423474
0.434593
0.454023
0.480127
0.510003
0.543228
0.579675
0.619074
0.660885
0.702211
0.736286
0.761239
0.780075
0.794682
0.805729
0.812886
0.816243
0.817094
0.817013
0.344019
0.350514
0.370241
0.399868
0.436513
0.476085
0.518248
0.563017
0.610266
0.659551
0.707785
0.747484
0.776668
0.798856
0.816185
0.829378
0.83772
0.841499
0.842406
0.842445
0.278589
0.285223
0.311607
0.349785
0.395268
0.443751
0.49446
0.547329
0.602248
0.658785
0.713614
0.758591
0.791705
0.816939
0.836523
0.851146
0.860143
0.864588
0.865737
0.8658
0.225168
0.23213
0.262299
0.306543
0.358693
0.41442
0.472465
0.532623
0.594641
0.658
0.719045
0.768879
0.805444
0.833131
0.85435
0.870102
0.880349
0.885311
0.886369
0.886525
0.180885
0.188121
0.220669
0.269308
0.326775
0.388381
0.45258
0.519087
0.587475
0.657099
0.72387
0.77811
0.817652
0.847354
0.869971
0.886707
0.897714
0.903106
0.904434
0.904698
0.14324
0.150629
0.184762
0.236769
0.298546
0.365057
0.434547
0.506621
0.580716
0.656043
0.728068
0.786264
0.8284
0.859794
0.883503
0.900988
0.912605
0.918397
0.92005
0.92037
0.110271
0.117756
0.153021
0.207799
0.273042
0.343711
0.417829
0.494865
0.574143
0.654716
0.731588
0.793385
0.837779
0.870557
0.895101
0.913179
0.925094
0.931213
0.933138
0.933497
0.080492
0.0880828
0.124319
0.181319
0.249491
0.323731
0.401926
0.483439
0.567477
0.652934
0.73436
0.799519
0.845966
0.879955
0.905186
0.923649
0.935824
0.942135
0.944224
0.944574
0.0529556
0.0606457
0.0977605
0.156644
0.227288
0.304633
0.386454
0.472028
0.560463
0.650526
0.736313
0.804716
0.853146
0.888272
0.914145
0.932904
0.94526
0.951674
0.953837
0.954154
0.0268948
0.0347295
0.0726802
0.133066
0.206017
0.286087
0.371141
0.46041
0.552926
0.647356
0.737393
0.809029
0.859461
0.895755
0.922258
0.94133
0.953778
0.960198
0.962404
0.962782
0.00186834
0.00988602
0.0486117
0.110388
0.185356
0.267845
0.355809
0.448443
0.544742
0.643328
0.737545
0.812492
0.865049
0.902617
0.929822
0.949222
0.961776
0.968168
0.970298
0.970678
-0.022466
-0.014218
0.025129
0.0883764
0.165096
0.249751
0.340336
0.43603
0.535838
0.638378
0.736735
0.815133
0.87
0.909005
0.937025
0.956825
0.969494
0.975857
0.977898
0.97816
-0.0462194
-0.0377869
0.00229393
0.0668366
0.145141
0.231731
0.324662
0.423134
0.526175
0.632459
0.734921
0.816936
0.874364
0.915011
0.943991
0.964258
0.977031
0.983299
0.985211
0.985367
-0.0694974
-0.0609014
-0.0200336
0.045676
0.125433
0.213751
0.308778
0.409751
0.51575
0.625551
0.732053
0.817854
0.878127
0.920689
0.950788
0.971563
0.984397
0.990479
0.99219
0.992249
-0.0923479
-0.0835564
-0.041959
0.0248741
0.105957
0.195823
0.292716
0.395918
0.504581
0.617647
0.728067
0.817794
0.881242
0.92606
0.957484
0.978798
0.991603
0.997379
0.998836
0.99881
-0.114789
-0.105797
-0.0634086
0.00445617
0.086738
0.177983
0.276516
0.381687
0.492731
0.608776
0.722925
0.81666
0.883614
0.931112
0.964172
0.98606
0.998646
1.00394
1.00508
1.00497
-0.136722
-0.127516
-0.0843518
-0.0155306
0.0678308
0.160283
0.260257
0.367139
0.480275
0.598973
0.716606
0.81436
0.885098
0.935765
0.97095
0.993558
1.00565
1.01012
1.01084
1.01064
-0.15807
-0.14865
-0.104751
-0.0350475
0.0492883
0.142801
0.244014
0.352368
0.467298
0.588327
0.709113
0.810779
0.885509
0.939855
0.977873
1.00167
1.01303
1.01606
1.01604
1.01577
-0.178828
-0.169186
-0.124568
-0.0540436
0.0311615
0.125613
0.22788
0.337474
0.453909
0.576922
0.700493
0.805829
0.884637
0.943087
0.984803
1.01084
1.02176
1.02255
1.02089
1.02038
-0.198916
-0.189056
-0.143756
-0.0724655
0.0135224
0.108775
0.211938
0.322552
0.440227
0.564874
0.690801
0.799442
0.882276
0.945039
0.991222
1.0211
1.03328
1.03214
1.02737
1.0251
-0.218351
-0.208288
-0.162293
-0.09031
-0.00365162
0.0922673
0.196166
0.307571
0.426221
0.552146
0.679971
0.791403
0.878141
0.945217
0.996181
1.03153
1.0482
1.04873
1.04066
1.02339
-0.237162
-0.226876
-0.180288
-0.107746
-0.0205966
0.0757719
0.180178
0.292055
0.411329
0.538087
0.667314
0.780962
0.871445
0.942865
0.997944
1.03899
1.06185
1.06219
1.05531
1.00956
-0.255616
-0.244428
-0.197667
-0.124629
-0.0372009
0.059386
0.164159
0.276231
0.395789
0.522922
0.652939
0.768052
0.861482
0.937396
0.99402
1.03501
1.05895
1.06298
1.0115
0.949343
-0.274744
-0.259873
-0.214222
-0.140838
-0.0537365
0.04292
0.147848
0.260103
0.379588
0.506642
0.636732
0.752469
0.847068
0.928983
0.982664
1.00829
1.02825
1.00333
0.938572
0.872436
-0.293618
-0.294875
-0.234759
-0.153923
-0.0673282
0.0292013
0.131841
0.244331
0.363456
0.490017
0.619309
0.734547
0.828069
0.919878
0.943041
0.947638
0.949834
0.895542
0.823834
0.752954
-0.269134
-0.268042
-0.210468
-0.130368
-0.0388794
0.0614387
0.168938
0.283992
0.405871
0.535371
0.657875
0.759685
0.842674
0.932628
0.95599
0.863373
0.784139
0.720825
0.649185
0.504017
-0.310588
-0.284136
-0.223823
-0.143158
-0.051617
0.04837
0.155287
0.26969
0.390564
0.518409
0.638172
0.736726
0.81202
0.870405
0.845315
0.724539
0.608139
0.528207
0.444715
0.279621
-0.335396
-0.304171
-0.242802
-0.162454
-0.0708434
0.0288839
0.135929
0.249509
0.369001
0.494509
0.610774
0.704265
0.77119
0.796414
0.72399
0.564828
0.42793
0.326039
0.211405
-0.0265637
-0.359626
-0.326015
-0.26334
-0.182287
-0.0905486
0.00908196
0.115755
0.228359
0.346239
0.469022
0.580948
0.668267
0.72296
0.715832
0.58632
0.401488
0.23046
0.0873845
-0.073334
-0.463651
-0.382885
-0.348386
-0.284609
-0.20268
-0.110731
-0.0112565
0.0947775
0.206296
0.322376
0.442097
0.549013
0.629531
0.667398
0.630353
0.452732
0.246354
0.0324601
-0.151764
-0.404087
-0.988261
-0.405914
-0.371353
-0.306847
-0.224277
-0.132079
-0.0327746
0.072638
0.182996
0.297082
0.413432
0.514952
0.587514
0.608581
0.525802
0.330562
0.116581
-0.102285
-0.306971
-0.47857
-1.13097
-0.429856
-0.395219
-0.3303
-0.247317
-0.154915
-0.0557424
0.0490866
0.158264
0.270232
0.382966
0.478893
0.542351
0.541342
0.414671
0.226117
0.0227594
-0.165307
-0.294321
-0.324369
-0.372719
-0.455133
-0.420452
-0.35528
-0.272107
-0.179673
-0.0807833
0.0232946
0.131018
0.240475
0.348951
0.438803
0.490802
0.467353
0.312327
0.13208
-0.0453968
-0.189583
-0.250474
-0.274307
-0.280113
-0.482115
-0.447246
-0.381874
-0.298623
-0.206312
-0.107877
-0.0047996
0.101161
0.20771
0.311311
0.394448
0.432762
0.394362
0.215987
0.0460609
-0.108542
-0.217521
-0.246501
-0.247152
-0.247521
-0.510864
-0.475701
-0.410117
-0.326836
-0.234783
-0.137008
-0.0351705
0.0687173
0.171923
0.270115
0.345516
0.372304
0.305879
0.126594
-0.0344521
-0.170254
-0.216724
-0.232585
-0.234731
-0.234687
-0.541281
-0.505731
-0.439958
-0.356716
-0.265048
-0.16812
-0.0677701
0.0337172
0.133165
0.225449
0.292282
0.305777
0.206494
0.0430637
-0.10503
-0.211265
-0.228132
-0.226966
-0.228093
-0.227964
-0.572866
-0.537314
-0.471203
-0.388077
-0.296948
-0.201078
-0.102479
-0.0037257
0.091581
0.177491
0.235678
0.230129
0.116759
-0.0330655
-0.162211
-0.2023
-0.225016
-0.225971
-0.225951
-0.22585
-0.605278
-0.56932
-0.50345
-0.42061
-0.330193
-0.235609
-0.139031
-0.0433303
0.0474796
0.126728
0.175894
0.154588
0.0287535
-0.101353
-0.202499
-0.238163
-0.229361
-0.226256
-0.225134
-0.224819
-0.637588
-0.601745
-0.536212
-0.453786
-0.364307
-0.27127
-0.176999
-0.0846412
0.00133895
0.0739849
0.112538
0.0812571
-0.0587997
-0.166478
-0.229985
-0.225247
-0.230514
-0.231394
-0.229905
-0.228591
-0.668818
-0.633605
-0.568308
-0.486835
-0.398612
-0.307426
-0.215752
-0.126957
-0.0460761
0.0201216
0.049219
0.00871985
-0.143628
-0.249345
-0.251867
-0.265775
-0.256003
-0.247167
-0.242786
-0.24107
-0.697492
-0.663177
-0.599026
-0.518742
-0.432174
-0.343192
-0.254438
-0.169379
-0.0935611
-0.0339025
-0.00882563
-0.0697339
-0.224585
-0.363816
-0.371833
-0.333741
-0.293607
-0.26711
-0.257854
-0.255293
-0.721946
-0.689109
-0.626575
-0.548263
-0.463831
-0.377457
-0.291942
-0.210786
-0.139612
-0.0866093
-0.0614676
-0.137239
-0.285802
-0.473578
-0.505519
-0.420193
-0.355534
-0.325879
-0.312583
-0.307192
-0.740125
-0.709401
-0.649126
-0.573719
-0.492161
-0.408916
-0.326934
-0.249832
-0.182785
-0.135568
-0.1096
-0.174093
-0.274154
-0.425381
-0.517321
-0.477227
-0.491192
-0.482205
-0.459142
-0.448876
-0.749893
-0.721776
-0.665082
-0.593366
-0.5155
-0.436074
-0.35798
-0.284919
-0.221816
-0.177972
-0.148665
-0.184329
-0.158516
-0.136604
-0.272748
-0.423641
-0.521669
-0.546034
-0.543823
-0.540274
-0.748867
-0.724608
-0.672685
-0.605514
-0.532254
-0.457308
-0.383455
-0.314407
-0.25542
-0.213009
-0.178708
-0.219358
-0.145389
0.0525627
-0.0645333
-0.383885
-0.564372
-0.585618
-0.592804
-0.594917
-0.733586
-0.715185
-0.670507
-0.608836
-0.541128
-0.471184
-0.401735
-0.336449
-0.281412
-0.244174
-0.232653
-0.342769
-0.438355
-0.252364
-0.273572
-0.547746
-0.724123
-0.730535
-0.734481
-0.73723
-0.705382
-0.69232
-0.657029
-0.603058
-0.541499
-0.476815
-0.411461
-0.349192
-0.296327
-0.262945
-0.269075
-0.505226
-1.02455
-1.77247
-2.23429
-2.44699
-2.25206
-1.73049
-1.31597
-1.23968
-0.667951
-0.659445
-0.634674
-0.589224
-0.533935
-0.474134
-0.411875
-0.350756
-0.296525
-0.261361
-0.280608
-0.553984
-1.28431
-2.25903
-2.78056
-2.92448
-2.77043
-2.40404
-2.08844
-1.97579
-0.627277
-0.6225
-0.606771
-0.571014
-0.521112
-0.464432
-0.403332
-0.34038
-0.280169
-0.232205
-0.227097
-0.348666
-0.585323
-0.732979
-0.81812
-0.705674
-0.498761
-0.279689
-0.0879272
0.0355324
-0.59096
-0.588571
-0.579465
-0.551587
-0.506429
-0.450769
-0.388303
-0.319697
-0.248733
-0.173871
-0.103905
-0.00718025
0.222711
0.662777
1.18194
1.65527
2.01486
2.24795
2.37147
2.41751
-0.560997
-0.560029
-0.556721
-0.537039
-0.494879
-0.43714
-0.370744
-0.295089
-0.209457
-0.113823
0.00163282
0.131412
0.474003
1.0309
1.6438
2.17643
2.54718
2.75327
2.84506
2.87332
-0.537292
-0.536885
-0.53632
-0.524337
-0.485891
-0.42633
-0.354635
-0.273255
-0.180483
-0.0750989
0.0368405
0.154118
0.388597
0.898608
1.41934
1.87329
2.21044
2.41003
2.50161
2.52691
-0.517174
-0.51676
-0.51684
-0.510927
-0.477588
-0.416721
-0.340924
-0.255866
-0.162816
-0.0587752
0.044185
0.15326
0.300536
0.692643
1.11716
1.46908
1.73374
1.88542
1.95386
1.97336
-0.501745
-0.500275
-0.499888
-0.497918
-0.468744
-0.405906
-0.326708
-0.24049
-0.149333
-0.0490889
0.04819
0.143875
0.252529
0.500562
0.820939
1.07895
1.2702
1.38165
1.43126
1.44356
-0.496171
-0.496259
-0.498881
-0.497029
-0.461948
-0.390637
-0.307272
-0.221736
-0.134422
-0.0417662
0.0434084
0.119254
0.187934
0.362185
0.578669
0.757511
0.890359
0.967872
1.00292
1.01155
-0.477317
-0.482283
-0.488202
-0.481032
-0.437711
-0.360356
-0.277225
-0.196903
-0.118494
-0.0380972
0.0356538
0.0971859
0.156217
0.261745
0.410473
0.531838
0.620402
0.671025
0.692016
0.696093
-0.393376
-0.400055
-0.406694
-0.39883
-0.359786
-0.296105
-0.228477
-0.162463
-0.0980576
-0.0315942
0.0296401
0.0795015
0.126995
0.192628
0.287927
0.368006
0.425446
0.459237
0.47227
0.472703
-0.244285
-0.248629
-0.253324
-0.25049
-0.231116
-0.198607
-0.15995
-0.117783
-0.072469
-0.0227545
0.0231711
0.0612401
0.0982921
0.1368
0.195968
0.250385
0.288369
0.309899
0.318795
0.318668
-0.0928005
-0.0948341
-0.0988889
-0.103969
-0.105236
-0.101372
-0.0897883
-0.0711798
-0.0452775
-0.0129073
0.0183042
0.0454998
0.0720939
0.0940158
0.130743
0.165685
0.191425
0.206179
0.211919
0.211017
0.0102831
0.00935894
0.00540135
-0.00409691
-0.0179369
-0.0291053
-0.0340156
-0.0312077
-0.0203336
-0.00258013
0.0160678
0.0317636
0.0449055
0.0590088
0.0823454
0.106321
0.123639
0.132808
0.135703
0.134428
0.0607646
0.0601446
0.0565701
0.0468825
0.0315621
0.0160104
0.00430314
-0.00140809
-0.000278588
0.00665942
0.0143645
0.0183762
0.0193399
0.0263753
0.0454045
0.0636638
0.0759149
0.0816392
0.0831299
0.0818241
0.0776736
0.0771401
0.0743292
0.0667023
0.0541115
0.0400497
0.0276886
0.019067
0.0151959
0.015258
0.0148713
0.00975433
0.00187718
0.0056253
0.0213171
0.0358771
0.0448517
0.0484086
0.0491409
0.0481116
0.0784156
0.0779799
0.0760056
0.0707996
0.0619137
0.0511974
0.040742
0.0323114
0.0267351
0.0235419
0.0192097
0.00919779
-0.00331443
0.000792948
0.0155944
0.026299
0.0314781
0.0330013
0.0330713
0.0323477
0.0730613
0.0727102
0.0713901
0.0681088
0.0623766
0.0550161
0.0472855
0.0405541
0.0356209
0.0326578
0.0286327
0.0197417
0.00974434
0.016036
0.0278612
0.0345219
0.0366682
0.0364808
0.0361099
0.0353584
0.0664948
0.0662165
0.0653437
0.063358
0.0598845
0.0551918
0.0500472
0.0454455
0.0423389
0.0415563
0.0422398
0.0408352
0.039695
0.047017
0.0530505
0.0550261
0.0548272
0.0541286
0.0536253
0.052961
0.0605592
0.0603484
0.0597607
0.0585297
0.0565073
0.0536437
0.0504475
0.0477318
0.0467831
0.0491572
0.0568929
0.0671677
0.076251
0.0840772
0.0853298
0.0828556
0.0813585
0.0809602
0.0807935
0.0800008
0.0554592
0.0553051
0.0548891
0.0540126
0.0527655
0.0509902
0.0490756
0.0477237
0.0483886
0.053819
0.0684149
0.0913692
0.113696
0.118918
0.111899
0.107474
0.107762
0.10949
0.109405
0.107871
0.0508619
0.0507526
0.0504492
0.0497514
0.0486612
0.0474048
0.0461209
0.0452869
0.046291
0.0526571
0.0701335
0.100863
0.13073
0.133453
0.121497
0.117134
0.116809
0.120434
0.120488
0.118887
0.0462891
0.0462033
0.0459812
0.0453245
0.0443337
0.0430207
0.0417204
0.0406812
0.0404197
0.0443943
0.0580461
0.0867976
0.115454
0.114534
0.101258
0.0979315
0.103487
0.107423
0.106436
0.104507
0.0415618
0.0414937
0.0413624
0.0408856
0.0399598
0.0383731
0.0363557
0.0342848
0.0317867
0.0297859
0.0316757
0.0432216
0.0568503
0.0509212
0.0436522
0.0480244
0.055771
0.0596445
0.0583026
0.0562983
0.0364502
0.0363835
0.0363727
0.0360491
0.0351212
0.0337604
0.031389
0.0278309
0.0219992
0.0120644
-0.00360993
-0.022212
-0.0407294
-0.0476518
-0.0420129
-0.0306196
-0.0221058
-0.019315
-0.0205211
-0.0219052
0.0308397
0.0307258
0.0306519
0.030569
0.0302011
0.0291148
0.0270396
0.0225598
0.0142823
-0.00232997
-0.0358641
-0.0915036
-0.144111
-0.148974
-0.13011
-0.116072
-0.115403
-0.115644
-0.115133
-0.115409
0.0253457
0.025233
0.0252839
0.0255472
0.0258134
0.0256305
0.0240441
0.0203432
0.0119923
-0.00771569
-0.0469145
-0.114235
-0.189442
-0.189791
-0.176776
-0.181817
-0.191473
-0.197588
-0.195884
-0.195012
0.0197624
0.0196735
0.0197339
0.0204853
0.0213922
0.0220103
0.0222499
0.0202007
0.0142174
-0.00160587
-0.0352042
-0.0952196
-0.146526
-0.157362
-0.166948
-0.195317
-0.225209
-0.236673
-0.233867
-0.230755
0.013213
0.0131142
0.0134804
0.0145895
0.0160344
0.0171357
0.0177242
0.0188654
0.0170341
0.00974875
-0.00640355
-0.0392116
-0.0671002
-0.0858593
-0.114025
-0.148118
-0.176286
-0.188094
-0.186625
-0.183762
0.00601312
0.005796
0.00597977
0.00680638
0.00780337
0.0087889
0.00993124
0.0108911
0.00999909
0.0103634
0.0142509
0.00804726
0.00224641
-0.00659695
-0.0281237
-0.0554407
-0.0748984
-0.0800241
-0.0827289
-0.0797856
-0.658275
-0.0810514
0.246175
0.468619
0.639551
0.771612
0.878822
0.971407
1.08242
1.07866
0.165266
0.319209
0.486331
0.629224
0.747455
0.844034
0.923761
0.98431
1.00927
1.01342
0.441667
0.544732
0.656012
0.753242
0.836348
0.905694
0.96093
0.999755
1.02399
1.04093
0.63559
0.706394
0.78346
0.852571
0.912389
0.962603
1.00294
1.03383
1.05797
1.07656
0.78038
0.833341
0.887001
0.938086
0.982926
1.02145
1.05373
1.08017
1.10216
1.12045
0.896877
0.935258
0.977573
1.01753
1.05362
1.08546
1.11304
1.13618
1.15549
1.17325
0.996061
1.02691
1.06307
1.0969
1.12839
1.15681
1.18165
1.20246
1.21928
1.23664
1.08663
1.11549
1.1494
1.18142
1.21134
1.2384
1.26187
1.28114
1.29567
1.3128
1.17769
1.20888
1.24427
1.27714
1.30719
1.33384
1.35646
1.3745
1.38714
1.4044
1.28169
1.3175
1.35561
1.38991
1.42
1.44576
1.46706
1.48372
1.49533
1.51318
1.41107
1.4502
1.4884
1.52156
1.54957
1.57318
1.59283
1.60836
1.6202
1.63846
1.57231
1.60847
1.64053
1.66733
1.69019
1.71072
1.72935
1.7454
1.75912
1.777
1.75704
1.78217
1.80209
1.82061
1.83828
1.85504
1.87092
1.88693
1.90406
1.9232
1.94381
1.95468
1.96741
1.98198
1.9956
2.00768
2.0186
2.02996
2.04537
2.06481
2.12572
2.13918
2.14424
2.14526
2.14723
2.1546
2.16833
2.18594
2.19968
2.21103
2.39461
2.34403
2.29657
2.265
2.25196
2.25652
2.27976
2.32482
2.39152
2.48564
0.83134
0.828327
0.822264
0.81133
0.798827
0.7875
0.778415
0.771619
0.7671
0.765133
0.76628
0.770194
0.7763
0.784543
0.795014
0.807312
0.81965
0.828351
0.83286
0.835021
0.759658
0.766305
0.771548
0.775155
0.776255
0.774603
0.771123
0.767292
0.764251
0.76286
0.763857
0.766819
0.770848
0.775029
0.778026
0.778534
0.776198
0.771806
0.765507
0.75968
0.74958
0.752539
0.755895
0.758375
0.760121
0.761284
0.76148
0.760689
0.759566
0.759029
0.759798
0.761455
0.76306
0.763797
0.763344
0.762065
0.760145
0.757259
0.753915
0.751626
0.743571
0.744992
0.747197
0.749459
0.751166
0.752339
0.753195
0.753731
0.753934
0.754152
0.754741
0.75541
0.755679
0.75542
0.754753
0.75358
0.751744
0.7495
0.747739
0.746655
0.738259
0.739075
0.740533
0.742297
0.744022
0.745474
0.746575
0.747461
0.748218
0.74888
0.749423
0.749686
0.749599
0.749166
0.748294
0.746971
0.745418
0.743873
0.742841
0.742176
0.733271
0.733823
0.734901
0.736305
0.737802
0.739282
0.740636
0.741785
0.742788
0.74368
0.744292
0.7445
0.744318
0.743723
0.74277
0.741629
0.74042
0.73931
0.738605
0.738139
0.728478
0.728892
0.729753
0.730956
0.732271
0.733656
0.735067
0.736422
0.73765
0.738734
0.739478
0.739727
0.739509
0.738916
0.738101
0.737183
0.736228
0.735381
0.734858
0.734505
0.72382
0.724144
0.724857
0.725914
0.727138
0.728457
0.729856
0.731308
0.732736
0.734042
0.73496
0.735306
0.735174
0.734728
0.734097
0.733359
0.7326
0.73195
0.731553
0.731274
0.719213
0.719476
0.720083
0.721043
0.722208
0.723493
0.7249
0.726423
0.728011
0.729559
0.730703
0.731238
0.731298
0.731045
0.730599
0.73004
0.729454
0.728961
0.728657
0.72843
0.714581
0.714798
0.715333
0.716236
0.71737
0.718656
0.720108
0.721724
0.723481
0.725289
0.726731
0.727545
0.727857
0.727823
0.727567
0.727189
0.726751
0.726386
0.726155
0.725966
0.709848
0.710031
0.710517
0.711394
0.71253
0.713859
0.715396
0.717157
0.719131
0.721247
0.723066
0.724234
0.724837
0.725044
0.724989
0.724778
0.724494
0.724242
0.72407
0.723909
0.70494
0.705096
0.705554
0.706436
0.707617
0.709033
0.710706
0.712681
0.714966
0.717494
0.719769
0.72133
0.722255
0.722725
0.722887
0.722845
0.722702
0.722547
0.722425
0.722287
0.699786
0.699921
0.700366
0.701279
0.702546
0.704089
0.705944
0.708182
0.710835
0.713872
0.716709
0.718766
0.72009
0.720878
0.721292
0.721435
0.721433
0.721371
0.721292
0.721173
0.694304
0.694421
0.694868
0.695839
0.697226
0.698943
0.701042
0.703622
0.706751
0.710423
0.713948
0.716598
0.718399
0.719559
0.720266
0.720624
0.720782
0.720813
0.720774
0.720667
0.688399
0.688503
0.688965
0.690016
0.691556
0.6935
0.695926
0.698953
0.70267
0.707111
0.711493
0.714896
0.71727
0.718859
0.71987
0.72049
0.720831
0.720961
0.720963
0.720868
0.681964
0.682043
0.682521
0.683679
0.685427
0.687666
0.690502
0.694095
0.698593
0.704038
0.709446
0.713692
0.71675
0.718875
0.720278
0.721191
0.721729
0.721968
0.722012
0.721925
0.67477
0.674868
0.675387
0.676656
0.678628
0.681218
0.684555
0.688827
0.694226
0.700846
0.707548
0.712916
0.716833
0.719616
0.721527
0.722851
0.723645
0.724012
0.724097
0.724015
0.666602
0.666686
0.667271
0.668707
0.670987
0.674048
0.678049
0.683242
0.689862
0.698003
0.706239
0.71286
0.717749
0.721297
0.723836
0.725624
0.726731
0.727254
0.727382
0.727298
0.657102
0.657195
0.657867
0.659508
0.662165
0.66581
0.670637
0.676951
0.685037
0.695015
0.705156
0.713357
0.719475
0.723976
0.727277
0.729622
0.731123
0.731827
0.731995
0.731901
0.645708
0.645824
0.646629
0.648565
0.651745
0.656189
0.662129
0.669936
0.679926
0.692199
0.704615
0.71464
0.722161
0.727755
0.731931
0.734948
0.736891
0.737788
0.73799
0.737878
0.631668
0.631831
0.632864
0.635248
0.639175
0.644733
0.652181
0.661948
0.674359
0.68946
0.704587
0.71676
0.725911
0.732767
0.73792
0.741685
0.744103
0.745193
0.745423
0.745287
0.613983
0.614229
0.615622
0.618691
0.623721
0.630867
0.640397
0.652779
0.668282
0.686829
0.705163
0.719804
0.730793
0.739069
0.745327
0.749916
0.752828
0.75411
0.754366
0.754203
0.59123
0.591631
0.593601
0.597759
0.604508
0.614001
0.626496
0.64239
0.661822
0.684527
0.706552
0.723958
0.737005
0.746836
0.75433
0.759799
0.763213
0.764675
0.764945
0.764754
0.561157
0.561873
0.564841
0.570862
0.580416
0.593496
0.61022
0.630775
0.655089
0.682687
0.708878
0.729336
0.744618
0.756174
0.764982
0.771434
0.775354
0.776968
0.777234
0.777013
0.519733
0.521201
0.526336
0.535962
0.550326
0.568974
0.591641
0.618242
0.648463
0.681656
0.712403
0.736095
0.75374
0.767119
0.777371
0.784848
0.789224
0.790917
0.791154
0.790903
0.459284
0.463849
0.474653
0.491367
0.513901
0.540792
0.571373
0.605392
0.642424
0.681743
0.717282
0.744305
0.764352
0.779588
0.791322
0.799795
0.804523
0.806183
0.806331
0.806067
0.386847
0.395017
0.414728
0.442124
0.475063
0.511262
0.550402
0.5924
0.636921
0.683315
0.724804
0.756306
0.779782
0.797739
0.811467
0.821216
0.826571
0.828465
0.828743
0.828642
0.314035
0.327757
0.356448
0.394202
0.436992
0.482431
0.530158
0.580206
0.632321
0.685942
0.733594
0.769784
0.796903
0.817846
0.833966
0.845236
0.850921
0.852404
0.852774
0.852812
0.253995
0.271466
0.30582
0.3512
0.401989
0.455491
0.511085
0.568722
0.628078
0.688576
0.742027
0.782525
0.812844
0.836117
0.853781
0.865925
0.87199
0.874496
0.875102
0.875207
0.204802
0.224244
0.262928
0.31396
0.371054
0.431171
0.493538
0.557966
0.623977
0.690897
0.749698
0.794049
0.827032
0.852131
0.871111
0.884281
0.891374
0.894336
0.895073
0.895202
0.163613
0.184152
0.226061
0.28151
0.343742
0.409388
0.47758
0.548
0.620027
0.692825
0.756522
0.804263
0.839525
0.866149
0.886203
0.900209
0.908049
0.911359
0.91221
0.912352
0.128063
0.149315
0.19376
0.252728
0.319175
0.38956
0.462863
0.538632
0.616125
0.694325
0.762485
0.813246
0.850427
0.878261
0.899117
0.913765
0.922215
0.925799
0.926704
0.926828
0.0965357
0.118287
0.164701
0.226596
0.296597
0.371079
0.448918
0.529538
0.612061
0.695278
0.767578
0.821073
0.859915
0.888731
0.910162
0.925208
0.934071
0.937853
0.938824
0.938924
0.0677873
0.0899268
0.137999
0.202336
0.275383
0.353452
0.435354
0.520404
0.607599
0.695556
0.771792
0.827868
0.868244
0.897942
0.919847
0.935174
0.944266
0.948163
0.949168
0.94922
0.0408499
0.0634215
0.113047
0.179368
0.255084
0.336314
0.421874
0.510984
0.602556
0.695043
0.775119
0.833742
0.875629
0.906177
0.928545
0.944103
0.953249
0.95724
0.95816
0.958151
0.015201
0.0382955
0.0890649
0.157329
0.235374
0.319416
0.408276
0.50112
0.596801
0.693651
0.777552
0.838782
0.882264
0.913711
0.93655
0.952324
0.961525
0.965485
0.966367
0.966291
-0.00956543
0.0140605
0.0658516
0.135916
0.216021
0.302585
0.394434
0.490705
0.590236
0.691322
0.77908
0.843066
0.888289
0.920762
0.944142
0.960143
0.969392
0.973267
0.974134
0.974022
-0.0337055
-0.00957605
0.0433481
0.114945
0.196899
0.285723
0.380266
0.479679
0.582813
0.687995
0.779691
0.846636
0.893811
0.927462
0.951485
0.96776
0.977038
0.980808
0.981571
0.981436
-0.0573541
-0.0326581
0.0213401
0.0943237
0.177944
0.26878
0.365748
0.468023
0.574509
0.683636
0.779335
0.849481
0.898872
0.9339
0.958667
0.975223
0.984465
0.98806
0.988704
0.988525
-0.0805408
-0.0552742
-0.000258737
0.0740142
0.159132
0.251769
0.350901
0.455751
0.565319
0.678209
0.777942
0.851539
0.903475
0.940129
0.965744
0.982557
0.991683
0.99503
0.995512
0.99529
-0.103235
-0.0774562
-0.0214453
0.0540144
0.140481
0.234714
0.335763
0.442911
0.55527
0.671693
0.775426
0.85272
0.907589
0.946204
0.972807
0.989798
0.998627
1.00162
1.00194
1.00168
-0.125484
-0.0991418
-0.0421724
0.034366
0.122035
0.217668
0.3204
0.429568
0.544424
0.664089
0.771729
0.852911
0.91111
0.952153
0.979999
0.997058
1.00531
1.00777
1.00791
1.00763
-0.147156
-0.120271
-0.062403
0.0151112
0.103847
0.200711
0.304897
0.415811
0.532854
0.655429
0.76679
0.851961
0.913877
0.957942
0.987529
1.00464
1.01186
1.01345
1.01335
1.01307
-0.168259
-0.140792
-0.0821084
-0.00369124
0.0859914
0.183915
0.289348
0.401749
0.520649
0.645784
0.760566
0.849719
0.915665
0.963407
0.995595
1.01316
1.01884
1.01879
1.01818
1.01796
-0.18869
-0.160694
-0.101227
-0.0219887
0.068524
0.167362
0.273835
0.387467
0.50793
0.635242
0.753046
0.84604
0.91618
0.968162
1.00412
1.02345
1.02782
1.02494
1.02257
1.02205
-0.208506
-0.179938
-0.119706
-0.0397202
0.0515227
0.151136
0.25848
0.373104
0.49483
0.623912
0.744267
0.840797
0.915114
0.971562
1.01235
1.0357
1.04118
1.03614
1.02777
1.01028
-0.22764
-0.198516
-0.13768
-0.0570857
0.0346908
0.134901
0.24286
0.358188
0.480815
0.611241
0.733642
0.833334
0.911959
0.972791
1.01889
1.04861
1.05905
1.05492
1.03869
1.05132
-0.246213
-0.216404
-0.15509
-0.074032
0.0180864
0.118717
0.226981
0.342748
0.465887
0.597143
0.721002
0.823071
0.90608
0.970569
1.01968
1.05369
1.069
1.0627
1.00124
0.983201
-0.264829
-0.234156
-0.17168
-0.0901656
0.00220501
0.103035
0.211051
0.327049
0.450338
0.581834
0.706404
0.809671
0.896759
0.964276
1.00936
1.04192
1.04894
1.01504
0.945721
0.903586
-0.284186
-0.252691
-0.187059
-0.105098
-0.0125639
0.0880035
0.195444
0.311266
0.434259
0.565348
0.689746
0.793068
0.882064
0.953966
1.00323
0.999299
0.979794
0.920156
0.848007
0.803799
0.125034
0.237347
0.356241
0.482399
0.610793
0.724949
0.816678
0.673265
-0.304982
-0.286211
-0.248159
-0.179195
-0.0928529
0.00288525
0.106744
0.217931
0.335913
0.460701
0.587678
0.700568
0.790654
0.864859
0.916523
0.883115
0.743606
0.657202
0.589153
-0.322699
-0.309608
-0.265417
-0.194736
-0.108095
-0.0123002
0.0910001
0.20164
0.318652
0.44188
0.566342
0.675473
0.759919
0.820276
0.819437
0.720129
0.577587
0.472322
0.383473
-0.346005
-0.333213
-0.286032
-0.214233
-0.127366
-0.0314482
0.0718827
0.182106
0.298073
0.419527
0.540691
0.644659
0.721105
0.763196
0.725076
0.567901
0.402444
0.268141
0.150128
-0.36952
-0.356549
-0.307707
-0.234681
-0.147339
-0.0514356
0.0516137
0.161051
0.275704
0.39497
0.512425
0.610698
0.679258
0.697065
0.614264
0.421213
0.222793
0.0413745
-0.131554
-0.392235
-0.37974
-0.33005
-0.255948
-0.168114
-0.072196
0.0304412
0.138966
0.25214
0.368899
0.482232
0.574161
0.632857
0.615808
0.487417
0.285969
0.0654533
-0.145986
-0.338584
-0.415479
-0.403261
-0.353273
-0.27845
-0.190212
-0.0942211
0.00808096
0.115761
0.227411
0.341534
0.450564
0.535681
0.581808
0.54053
0.371593
0.173648
-0.0392423
-0.240545
-0.363962
-0.400052
-0.440034
-0.427964
-0.377722
-0.302494
-0.214046
-0.118074
-0.0161734
0.09055
0.200454
0.311557
0.415757
0.493373
0.525437
0.46418
0.267628
0.0796918
-0.101116
-0.237198
-0.282617
-0.30746
-0.465988
-0.454081
-0.403661
-0.328193
-0.239689
-0.143919
-0.0425947
0.0629118
0.170726
0.278308
0.376971
0.446732
0.460749
0.361887
0.175073
0.00223421
-0.149034
-0.234218
-0.25326
-0.259476
-0.493673
-0.481835
-0.431196
-0.355552
-0.267113
-0.171697
-0.0711807
0.0328378
0.1382
0.241783
0.33416
0.395962
0.381931
0.260281
0.0879839
-0.0739902
-0.192687
-0.235837
-0.238048
-0.239929
-0.523027
-0.511306
-0.460353
-0.384558
-0.296289
-0.201386
-0.101901
0.000360303
0.102896
0.202019
0.287504
0.339655
0.305879
0.163623
0.00589034
-0.14387
-0.212121
-0.229485
-0.230525
-0.23068
-0.553854
-0.54209
-0.491009
-0.415109
-0.327107
-0.232902
-0.134665
-0.0344555
0.0648809
0.159089
0.237262
0.277322
0.237082
0.0759588
-0.068889
-0.184632
-0.227549
-0.224995
-0.226559
-0.22667
-0.585663
-0.573797
-0.522952
-0.446938
-0.359355
-0.266031
-0.169287
-0.0714235
0.0243665
0.113293
0.183683
0.213161
0.158079
-0.00296969
-0.132615
-0.2142
-0.229026
-0.226072
-0.225103
-0.2247
-0.617886
-0.606034
-0.555413
-0.479656
-0.392627
-0.300402
-0.205421
-0.110192
-0.018293
0.0651091
0.12741
0.14654
0.0644592
-0.0795423
-0.187838
-0.20812
-0.227182
-0.229035
-0.226114
-0.225325
-0.64947
-0.637902
-0.58763
-0.512494
-0.426327
-0.335475
-0.242541
-0.150223
-0.0624784
0.0151498
0.0699761
0.0732192
-0.0246796
-0.161333
-0.228598
-0.241862
-0.239812
-0.240023
-0.237561
-0.235468
-0.679054
-0.668068
-0.61877
-0.544495
-0.459608
-0.37047
-0.279902
-0.190762
-0.107287
-0.0357298
0.0131298
0.0012181
-0.1073
-0.252826
-0.326346
-0.327112
-0.292833
-0.262859
-0.250228
-0.247103
-0.705552
-0.694907
-0.647569
-0.574512
-0.491385
-0.404362
-0.316525
-0.230829
-0.151592
-0.0859839
-0.0422543
-0.0616519
-0.181541
-0.345108
-0.468524
-0.401394
-0.343633
-0.29972
-0.279829
-0.274024
-0.726567
-0.716662
-0.671609
-0.601054
-0.520305
-0.435918
-0.351185
-0.269194
-0.194123
-0.133569
-0.0951088
-0.112053
-0.227173
-0.3773
-0.568905
-0.486333
-0.427283
-0.40385
-0.384874
-0.37057
-0.74035
-0.731478
-0.689451
-0.622209
-0.544701
-0.463674
-0.382511
-0.304381
-0.233507
-0.17676
-0.14328
-0.146459
-0.208669
-0.25453
-0.327294
-0.433171
-0.497841
-0.538804
-0.530719
-0.517805
-0.744431
-0.737167
-0.699247
-0.636339
-0.562884
-0.485998
-0.408957
-0.334836
-0.268161
-0.214354
-0.185779
-0.169026
-0.174509
-0.0506873
-0.0770955
-0.29003
-0.469304
-0.531028
-0.550005
-0.55653
-0.737606
-0.731668
-0.698999
-0.641698
-0.573372
-0.501388
-0.428914
-0.358934
-0.296104
-0.246365
-0.223855
-0.214786
-0.2806
-0.14141
0.0679235
-0.226108
-0.553775
-0.656379
-0.657585
-0.660915
-0.716545
-0.712205
-0.68626
-0.637039
-0.575249
-0.508755
-0.44101
-0.374938
-0.315277
-0.270143
-0.252125
-0.313758
-0.562075
-0.845432
-0.93788
-1.18018
-1.20178
-1.05997
-0.890991
-0.833804
-0.683819
-0.681126
-0.662555
-0.622556
-0.568576
-0.507823
-0.444468
-0.381373
-0.323066
-0.278319
-0.267342
-0.352075
-0.862084
-1.80887
-2.73101
-3.10963
-3.03981
-2.59192
-2.13868
-1.80255
-0.644342
-0.642735
-0.632126
-0.601229
-0.555193
-0.499515
-0.439395
-0.377423
-0.317452
-0.267033
-0.24968
-0.304879
-0.743943
-1.30991
-1.86659
-2.11064
-2.07805
-1.82077
-1.54991
-1.32751
-0.605872
-0.604863
-0.599768
-0.578638
-0.538627
-0.486225
-0.427723
-0.363799
-0.298224
-0.234771
-0.183574
-0.160881
-0.169431
-0.0516107
0.202374
0.506999
0.808487
1.03638
1.19079
1.27465
-0.574659
-0.574057
-0.571572
-0.558578
-0.523875
-0.472942
-0.412536
-0.344227
-0.268151
-0.187033
-0.0930855
0.0126559
0.23205
0.692525
1.29884
1.89436
2.37433
2.6808
2.82886
2.87751
-0.548544
-0.547874
-0.547152
-0.541398
-0.513207
-0.462544
-0.397982
-0.324182
-0.240202
-0.144088
-0.0367337
0.0885803
0.261862
0.700317
1.27417
1.81996
2.25397
2.53394
2.68125
2.73816
-0.527218
-0.526912
-0.526847
-0.524884
-0.503924
-0.454049
-0.385623
-0.306804
-0.218743
-0.118948
-0.0133254
0.10183
0.211277
0.546766
1.04315
1.48025
1.84017
2.08107
2.20581
2.25167
-0.508434
-0.507745
-0.506883
-0.506836
-0.493425
-0.44522
-0.373939
-0.292044
-0.202862
-0.106314
-0.003528
0.0985932
0.198999
0.411509
0.786212
1.12718
1.39293
1.56766
1.65866
1.69334
-0.499115
-0.497759
-0.497495
-0.498762
-0.48636
-0.435082
-0.35933
-0.275256
-0.187318
-0.094239
0.00231511
0.0898132
0.17322
0.300019
0.562097
0.804884
0.99541
1.12287
1.18606
1.20895
-0.492041
-0.491938
-0.496449
-0.498397
-0.480145
-0.418917
-0.336447
-0.251764
-0.168331
-0.0837635
0.000851815
0.0735275
0.142003
0.224109
0.400082
0.566213
0.693391
0.781197
0.826253
0.842102
-0.445275
-0.447878
-0.456859
-0.458487
-0.43452
-0.371989
-0.29424
-0.217799
-0.144644
-0.0724317
-0.000369487
0.0624495
0.119319
0.173617
0.285886
0.39824
0.482239
0.538236
0.564704
0.57327
-0.322553
-0.326282
-0.333103
-0.33486
-0.31739
-0.274976
-0.223076
-0.168279
-0.11326
-0.0570604
0.000198552
0.0505407
0.0936023
0.131538
0.201693
0.273691
0.329338
0.367168
0.38471
0.390535
-0.1632
-0.165613
-0.169436
-0.173078
-0.169775
-0.157051
-0.136686
-0.109519
-0.0769901
-0.0392609
0.00189374
0.0393427
0.0697841
0.0941574
0.137742
0.183925
0.221778
0.246586
0.258478
0.261109
-0.0332176
-0.0345835
-0.0369357
-0.0428903
-0.0522388
-0.059983
-0.0616292
-0.055876
-0.0420505
-0.0208498
0.00542594
0.029574
0.0476943
0.0647709
0.0900679
0.11962
0.144875
0.161491
0.169128
0.170595
0.0415588
0.0408268
0.0390885
0.0323986
0.0191183
0.00335595
-0.00901895
-0.0148932
-0.0132282
-0.00454928
0.00896529
0.0204187
0.0277491
0.0345955
0.0516452
0.0736712
0.0913444
0.102056
0.106405
0.106578
0.0724701
0.0719797
0.0705079
0.0647683
0.0528436
0.0375233
0.0233151
0.0129802
0.00819311
0.00896271
0.0131348
0.0144736
0.0111393
0.00877429
0.0220116
0.0399836
0.0534154
0.0607396
0.0632773
0.063107
0.0794697
0.0791352
0.0779907
0.0738359
0.0650664
0.0530622
0.04073
0.0303845
0.0234125
0.0200602
0.0185178
0.013184
0.00268953
-0.00390603
0.0083046
0.0233359
0.0332986
0.0379089
0.0392165
0.038898
0.0762103
0.0759684
0.0751295
0.0723983
0.0666368
0.0583219
0.0490809
0.0405431
0.0338613
0.0295409
0.0262817
0.0190406
0.00649044
-9.74837e-05
0.0125506
0.0243659
0.0306448
0.0326038
0.0324409
0.0321343
0.0698255
0.0696324
0.0690282
0.0673139
0.0637915
0.0584655
0.0522012
0.0460475
0.041047
0.0379463
0.0365339
0.032737
0.0256382
0.0250648
0.0358198
0.0423383
0.0438838
0.0435621
0.0429246
0.0425538
0.0634558
0.0632966
0.0628688
0.0617905
0.0597297
0.0565042
0.0525295
0.0485775
0.0455696
0.0447359
0.0473023
0.0519226
0.0556415
0.0614228
0.0678394
0.0690386
0.068461
0.0678044
0.0672721
0.0666353
0.0579733
0.0578471
0.0575527
0.0568245
0.0555372
0.053623
0.0511738
0.0488539
0.0476177
0.0492641
0.056829
0.0716856
0.0887508
0.102159
0.101676
0.0979715
0.0954424
0.0956903
0.096324
0.0954378
0.053163
0.0530556
0.0528424
0.0522719
0.0513091
0.0500207
0.0485203
0.0471201
0.0469306
0.0499446
0.0607391
0.0839281
0.113509
0.13141
0.124768
0.11605
0.113425
0.115504
0.117007
0.115892
0.0486324
0.0485468
0.0484137
0.0479934
0.0470599
0.0459187
0.0446197
0.0436159
0.0433211
0.0457362
0.0559429
0.0798915
0.114555
0.133266
0.122023
0.11324
0.114161
0.117062
0.119129
0.117082
0.0439777
0.0438904
0.0437928
0.0434564
0.0426676
0.041522
0.0398994
0.0382163
0.0369313
0.0366148
0.0408133
0.0558634
0.0816188
0.0937217
0.0808618
0.0754742
0.0794529
0.0863555
0.0879197
0.0856872
0.0391182
0.0390403
0.0389977
0.0388035
0.0380745
0.0369176
0.0352331
0.0325294
0.0288694
0.0242605
0.0175424
0.0127995
0.0117982
0.00903388
0.00214156
0.00623537
0.0153213
0.0212583
0.0216306
0.0201646
0.0337204
0.033629
0.0335766
0.033438
0.0332473
0.0322193
0.0304592
0.0273402
0.0220159
0.011988
-0.00696792
-0.0383553
-0.079492
-0.102564
-0.0965481
-0.0797352
-0.0690889
-0.0652559
-0.0658236
-0.0666731
0.0281568
0.0280169
0.0279627
0.0280074
0.0279133
0.0274935
0.0261375
0.0231351
0.0167804
0.00474339
-0.0221723
-0.0742827
-0.155129
-0.18535
-0.171071
-0.155079
-0.156317
-0.160813
-0.161059
-0.159342
0.0228523
0.0226958
0.0227501
0.0230676
0.0235117
0.023772
0.0234051
0.0213999
0.0161096
0.00464649
-0.0209461
-0.0689702
-0.153152
-0.181571
-0.176534
-0.186396
-0.206524
-0.222812
-0.224128
-0.221223
0.0168276
0.0166382
0.0168241
0.0174613
0.0183875
0.0196982
0.0208539
0.0209244
0.0178994
0.0112767
-0.00718148
-0.0419631
-0.0936988
-0.116919
-0.133018
-0.161508
-0.198262
-0.221887
-0.224019
-0.218972
0.00959749
0.0093086
0.00931894
0.0100089
0.0116625
0.0134982
0.0150226
0.0163296
0.0174393
0.0165501
0.0115277
-0.00256176
-0.024096
-0.0375944
-0.0635479
-0.0954227
-0.122054
-0.13625
-0.139477
-0.137323
0.00586649
0.00580559
0.00632972
0.00731738
0.00827981
0.00932839
0.0105993
0.0105698
0.0106269
0.0143152
0.0116096
0.0039881
-0.000651062
-0.0148767
-0.0424743
-0.0666534
-0.0776447
-0.0815992
-0.082375
-0.0225808
-0.306591
0.0456328
0.274853
0.470455
0.628864
0.755871
0.858143
0.945205
1.00785
1.00396
0.209463
0.367601
0.513374
0.63911
0.746823
0.836989
0.911354
0.969024
1.00412
1.01714
0.482657
0.582232
0.678893
0.766029
0.841893
0.906388
0.95923
0.99952
1.02807
1.04739
0.668071
0.734822
0.804095
0.86806
0.923254
0.970772
1.01044
1.04241
1.06797
1.08619
0.808538
0.855989
0.909168
0.956385
0.998794
1.03603
1.0682
1.09532
1.11782
1.13349
0.92205
0.96
1.00153
1.03913
1.07406
1.10567
1.13364
1.15759
1.17751
1.19047
1.02061
1.05327
1.08854
1.12218
1.15374
1.18279
1.20867
1.23071
1.24863
1.25917
1.11228
1.14372
1.17816
1.21165
1.24281
1.27125
1.29628
1.3172
1.33349
1.34214
1.20744
1.24227
1.27918
1.31474
1.34675
1.37508
1.39933
1.41913
1.43398
1.44198
1.3205
1.36088
1.40012
1.43702
1.46888
1.496
1.51861
1.53689
1.5506
1.5597
1.46447
1.50722
1.54487
1.57857
1.60661
1.63043
1.65107
1.66849
1.68236
1.69351
1.64237
1.67998
1.70806
1.7324
1.75343
1.77274
1.791
1.80816
1.82406
1.83859
1.84008
1.86112
1.87606
1.89188
1.90817
1.92347
1.9372
1.95046
1.96597
1.98433
2.03079
2.03793
2.04847
2.06002
2.06994
2.07914
2.0894
2.10051
2.11213
2.121
2.24378
2.24555
2.23764
2.22112
2.20998
2.20943
2.22159
2.24619
2.28032
2.30485
2.66343
2.46954
2.36849
2.31064
2.28152
2.27489
2.29009
2.33091
2.40677
2.54972
-0.268548
-0.273046
-0.233849
-0.162725
-0.0762814
0.0201461
0.902939
0.971652
0.971954
0.894933
0.825917
0.754584
0.51984
0.290591
0.0135027
-0.353437
-0.723188
)
;

boundaryField
{
    wall-4
    {
        type            zeroGradient;
    }
    pressure-outlet-7
    {
        type            fixedValue;
        value           uniform 0;
    }
    velocity-inlet-6
    {
        type            zeroGradient;
    }
    velocity-inlet-5
    {
        type            zeroGradient;
    }
    frontAndBackPlanes
    {
        type            empty;
    }
}


// ************************************************************************* //
