/*--------------------------------*- C++ -*----------------------------------*\
  =========                 |
  \\      /  F ield         | OpenFOAM: The Open Source CFD Toolbox
   \\    /   O peration     | Website:  https://openfoam.org
    \\  /    A nd           | Version:  9
     \\/     M anipulation  |
\*---------------------------------------------------------------------------*/
FoamFile
{
    format      ascii;
    class       volScalarField;
    location    "62";
    object      p;
}
// * * * * * * * * * * * * * * * * * * * * * * * * * * * * * * * * * * * * * //

dimensions      [0 2 -2 0 0 0 0];

internalField   nonuniform List<scalar> 
8800
(
0.91894
0.871154
0.832466
0.803473
0.782612
0.767787
0.757199
0.749731
0.744929
0.742897
0.744192
0.748405
0.755067
0.764395
0.777183
0.794923
0.819704
0.853647
0.896199
0.954901
0.750186
0.757865
0.765343
0.768652
0.767151
0.762078
0.755598
0.749531
0.744823
0.742002
0.74175
0.744282
0.748792
0.754752
0.761532
0.767819
0.771464
0.77073
0.765314
0.756626
0.728585
0.734745
0.738874
0.741821
0.743874
0.744484
0.743386
0.741294
0.739298
0.738418
0.73941
0.741817
0.744634
0.746828
0.747445
0.746252
0.743915
0.740526
0.735969
0.732208
0.722769
0.72542
0.728173
0.730579
0.732217
0.733385
0.734136
0.734267
0.733994
0.733974
0.734759
0.735957
0.736816
0.736896
0.736297
0.735213
0.733403
0.730836
0.728435
0.726931
0.71738
0.718805
0.720585
0.72262
0.724408
0.725755
0.726755
0.727568
0.728207
0.728805
0.729494
0.73002
0.730143
0.729872
0.729187
0.727946
0.726257
0.724414
0.723109
0.722277
0.712292
0.713213
0.714456
0.716025
0.717661
0.719193
0.72049
0.721575
0.722567
0.723499
0.724231
0.724594
0.724578
0.724158
0.723291
0.722101
0.720782
0.719527
0.718707
0.718155
0.707372
0.708042
0.709006
0.710311
0.711724
0.71319
0.714642
0.715984
0.717213
0.718365
0.719236
0.719645
0.719591
0.719105
0.718315
0.71738
0.716376
0.715459
0.714877
0.714471
0.702572
0.703089
0.703873
0.705006
0.706289
0.707671
0.70913
0.710624
0.712087
0.713474
0.714537
0.715055
0.715066
0.714708
0.714125
0.713414
0.712652
0.711975
0.711544
0.711226
0.69782
0.698231
0.698888
0.699897
0.701108
0.702444
0.703904
0.705484
0.707144
0.708798
0.710109
0.710822
0.711028
0.710891
0.710531
0.710032
0.709476
0.708992
0.708672
0.708414
0.69303
0.693365
0.693933
0.694863
0.696026
0.697347
0.698844
0.700524
0.702373
0.704319
0.705952
0.706962
0.707447
0.707563
0.707434
0.707161
0.706798
0.706475
0.70624
0.706023
0.688114
0.688391
0.688898
0.689782
0.690927
0.692274
0.693845
0.695666
0.697746
0.70003
0.702068
0.70346
0.70428
0.704686
0.704811
0.704764
0.704596
0.704413
0.704246
0.704058
0.682981
0.683214
0.683682
0.684551
0.685717
0.687133
0.688821
0.690837
0.693213
0.695917
0.69845
0.700302
0.701513
0.702254
0.702662
0.702847
0.702875
0.702823
0.702711
0.702543
0.677541
0.677739
0.678187
0.679069
0.6803
0.681828
0.683688
0.685967
0.68872
0.691949
0.695083
0.697482
0.699151
0.700273
0.700998
0.701433
0.701673
0.701742
0.701677
0.701524
0.671691
0.67186
0.672306
0.673232
0.674567
0.676259
0.678358
0.680979
0.68421
0.68809
0.691952
0.695004
0.697212
0.698772
0.699859
0.700595
0.701044
0.701231
0.701206
0.701061
0.665313
0.665459
0.665917
0.666915
0.668402
0.670317
0.672732
0.67579
0.679623
0.684302
0.689046
0.692877
0.695725
0.697801
0.699299
0.70036
0.701051
0.701362
0.701374
0.701233
0.658269
0.65839
0.658876
0.659978
0.661667
0.663875
0.666695
0.670308
0.67489
0.680547
0.686355
0.691118
0.694721
0.697407
0.699392
0.700832
0.701788
0.702224
0.70227
0.702129
0.650376
0.650476
0.651005
0.652247
0.654197
0.656777
0.660114
0.664425
0.669933
0.676784
0.683876
0.68975
0.694245
0.697647
0.700214
0.702093
0.703349
0.703919
0.703996
0.703852
0.641408
0.641509
0.642093
0.643491
0.645773
0.648838
0.652831
0.658019
0.664675
0.672984
0.681616
0.688807
0.694356
0.698598
0.701855
0.704249
0.705841
0.706552
0.706659
0.706506
0.631053
0.631134
0.631809
0.633434
0.63615
0.639834
0.644656
0.650945
0.659027
0.669114
0.679589
0.688332
0.69512
0.70035
0.704398
0.707398
0.709371
0.71023
0.710362
0.710199
0.618938
0.619005
0.619779
0.621715
0.624989
0.62947
0.635354
0.643039
0.652897
0.665148
0.677818
0.688379
0.696602
0.702987
0.707948
0.711655
0.714042
0.715049
0.715201
0.715023
0.604509
0.604565
0.605481
0.607834
0.611846
0.617375
0.624642
0.634115
0.646195
0.661076
0.676336
0.689006
0.698872
0.706579
0.712606
0.717099
0.719928
0.721077
0.721239
0.721044
0.587002
0.587047
0.588176
0.591113
0.596136
0.603083
0.612194
0.623995
0.63887
0.656934
0.675219
0.690293
0.702016
0.711211
0.718415
0.723786
0.727063
0.728332
0.728492
0.728276
0.565257
0.5653
0.566776
0.570594
0.577074
0.586016
0.597654
0.612528
0.630927
0.652812
0.674573
0.692328
0.7061
0.716939
0.725413
0.731723
0.735415
0.736762
0.7369
0.736663
0.537532
0.537594
0.53966
0.5449
0.553642
0.565517
0.580718
0.599675
0.622473
0.648867
0.674544
0.695214
0.711186
0.723775
0.733618
0.740836
0.744855
0.746211
0.746307
0.746049
0.500796
0.500958
0.504234
0.512094
0.524649
0.541001
0.561278
0.585595
0.613779
0.645371
0.675332
0.699077
0.717326
0.731718
0.742944
0.750953
0.75514
0.75641
0.75644
0.756167
0.449235
0.450216
0.456726
0.469969
0.489152
0.512432
0.539708
0.5708
0.605329
0.642692
0.677168
0.704039
0.724564
0.740686
0.753217
0.761783
0.765904
0.766985
0.766939
0.766657
0.373923
0.381206
0.396263
0.419584
0.448649
0.481206
0.517039
0.555933
0.597508
0.641128
0.680442
0.710659
0.733629
0.75164
0.765416
0.774343
0.778256
0.779132
0.779041
0.778794
0.292984
0.310214
0.334612
0.368659
0.407989
0.449957
0.494413
0.541295
0.5903
0.640856
0.685908
0.720281
0.746236
0.76652
0.781721
0.790708
0.794064
0.794663
0.794598
0.794439
0.225521
0.245814
0.277932
0.321092
0.369485
0.420314
0.473131
0.527856
0.584163
0.641465
0.691984
0.730234
0.758969
0.781144
0.79715
0.80585
0.808814
0.809348
0.809342
0.809231
0.170269
0.192219
0.229851
0.279451
0.335013
0.393319
0.453544
0.515473
0.578637
0.642364
0.698093
0.739996
0.771256
0.795087
0.811896
0.820664
0.823477
0.824052
0.824095
0.824005
0.124284
0.14741
0.18883
0.243546
0.30487
0.369349
0.435932
0.504263
0.573721
0.643484
0.704168
0.749547
0.783223
0.808702
0.82642
0.835496
0.838539
0.839015
0.839099
0.839019
0.085296
0.109082
0.15337
0.212131
0.278301
0.348036
0.420154
0.494198
0.569403
0.644792
0.710179
0.758901
0.794942
0.822045
0.840769
0.85041
0.853579
0.854081
0.854147
0.854108
0.0512784
0.0754925
0.122043
0.184146
0.254412
0.328724
0.405752
0.484944
0.565436
0.646107
0.715979
0.767928
0.806253
0.834973
0.854648
0.864901
0.868343
0.868898
0.868971
0.868958
0.0207311
0.0453204
0.0937136
0.15867
0.23247
0.310792
0.392222
0.476122
0.561538
0.647216
0.721387
0.776439
0.816955
0.847197
0.867831
0.878633
0.882384
0.883055
0.883126
0.883123
-0.0073171
0.0176084
0.0675764
0.134993
0.211899
0.29378
0.379179
0.4674
0.557426
0.647876
0.726205
0.78426
0.826866
0.858519
0.880056
0.89137
0.895377
0.896177
0.896245
0.896245
-0.0336725
-0.00836425
0.0430437
0.112591
0.192272
0.277329
0.366314
0.458511
0.552868
0.647908
0.730315
0.791308
0.835926
0.868919
0.891203
0.902905
0.907115
0.907974
0.908015
0.907993
-0.0587147
-0.0330175
0.019641
0.0911184
0.173269
0.261175
0.353412
0.449278
0.547714
0.647194
0.733635
0.797559
0.844142
0.878357
0.901214
0.913224
0.917541
0.918438
0.918459
0.918415
-0.0828728
-0.0566856
-0.00299599
0.0703284
0.154675
0.245138
0.340333
0.439577
0.541847
0.645625
0.736106
0.803019
0.851564
0.88692
0.910289
0.922406
0.926735
0.927643
0.927629
0.927564
-0.106283
-0.0796564
-0.0248993
0.0500488
0.136359
0.229116
0.326984
0.429331
0.535192
0.643133
0.73769
0.807711
0.858304
0.89477
0.918502
0.930599
0.934891
0.935752
0.935716
0.935631
-0.129081
-0.101978
-0.0461953
0.0301836
0.118255
0.213059
0.313327
0.4185
0.527708
0.639662
0.738341
0.811661
0.864461
0.902076
0.926066
0.938005
0.942132
0.942913
0.942851
0.942746
-0.151405
-0.123762
-0.0669906
0.0106949
0.100324
0.196953
0.299369
0.407094
0.519385
0.635166
0.738009
0.814871
0.870155
0.909021
0.933148
0.944744
0.948583
0.949239
0.949134
0.949009
-0.173288
-0.145011
-0.08733
-0.00842658
0.0825914
0.180821
0.285142
0.395143
0.510238
0.629617
0.736632
0.81731
0.875459
0.915791
0.939974
0.950982
0.954334
0.954794
0.954649
0.954516
-0.194578
-0.165701
-0.107149
-0.0271621
0.0650793
0.164718
0.270697
0.382712
0.500315
0.623028
0.734136
0.81891
0.880383
0.922584
0.946861
0.956973
0.959526
0.959669
0.959479
0.959352
-0.215261
-0.185811
-0.12644
-0.0454696
0.0478382
0.148696
0.256118
0.36987
0.489687
0.615415
0.730466
0.819552
0.884866
0.929528
0.954239
0.963249
0.96448
0.963964
0.963696
0.96363
-0.235405
-0.205311
-0.145185
-0.0633281
0.030926
0.132833
0.241486
0.356716
0.478436
0.606835
0.725564
0.819084
0.888734
0.936584
0.962517
0.970712
0.970078
0.968087
0.967465
0.967694
-0.254846
-0.224181
-0.16333
-0.0806806
0.0143967
0.117207
0.226892
0.343355
0.466673
0.597373
0.719411
0.817322
0.891715
0.943435
0.971742
0.980405
0.978288
0.973902
0.97148
0.971215
-0.273679
-0.242415
-0.180897
-0.0975589
-0.0017833
0.101777
0.212282
0.329733
0.454335
0.586959
0.711873
0.81399
0.89351
0.949594
0.981327
0.992687
0.99159
0.984745
0.977001
0.963127
-0.291831
-0.259998
-0.198001
-0.114163
-0.0178933
0.0862186
0.197249
0.315381
0.440903
0.574979
0.702332
0.808342
0.893606
0.954418
0.989669
1.00555
1.00601
0.993074
0.972926
0.961777
-0.309133
-0.277073
-0.214451
-0.1303
-0.0335813
0.0708695
0.182016
0.300618
0.426673
0.561675
0.690825
0.799862
0.891117
0.956722
0.992656
1.0084
1.01121
0.987254
0.919699
0.889453
-0.324923
-0.294898
-0.229931
-0.145492
-0.0480529
0.0562278
0.166899
0.285669
0.411857
0.547164
0.677267
0.788212
0.884545
0.955772
0.985145
0.995776
0.983136
0.927966
0.858756
0.816222
-0.380026
-0.310622
-0.243948
-0.16087
-0.0629454
0.0408227
0.151827
0.270248
0.396079
0.530973
0.661023
0.772682
0.869893
0.947712
0.950863
0.951883
0.899928
0.828178
0.750976
0.70803
-0.341656
-0.325702
-0.264879
-0.180723
-0.0849977
0.018724
0.1287
0.246474
0.371321
0.504825
0.633019
0.743194
0.832893
0.915938
0.900582
0.784464
0.677452
0.603032
0.528926
0.558725
-0.372262
-0.343106
-0.281392
-0.198071
-0.10237
0.00123532
0.111478
0.228611
0.352387
0.484085
0.609501
0.715476
0.795511
0.839754
0.789588
0.63806
0.508479
0.415924
0.316538
0.365943
-0.395843
-0.36376
-0.300866
-0.217409
-0.121588
-0.0180865
0.0920671
0.208361
0.33073
0.460014
0.581688
0.681427
0.752499
0.761962
0.653363
0.478627
0.324457
0.204561
0.0727728
0.105256
-0.418901
-0.385306
-0.321249
-0.236875
-0.140979
-0.0376335
0.0719897
0.187314
0.308078
0.434559
0.551504
0.643403
0.698976
0.676643
0.516155
0.318322
0.126894
-0.0418531
-0.230844
-0.249643
-0.44137
-0.407334
-0.342396
-0.257249
-0.161221
-0.0581036
0.0508626
0.16509
0.283984
0.407255
0.518747
0.60268
0.638493
0.57957
0.385557
0.173759
-0.0444039
-0.234323
-0.476683
-0.773913
-0.464138
-0.4301
-0.364629
-0.279002
-0.182795
-0.079852
0.0285273
0.14162
0.258533
0.378321
0.484055
0.55934
0.573886
0.463687
0.271908
0.060797
-0.144401
-0.317394
-0.387284
-0.466304
-0.488157
-0.454057
-0.388293
-0.302445
-0.206192
-0.103517
0.00418167
0.115966
0.230577
0.346347
0.445892
0.509951
0.499365
0.35549
0.170908
-0.021178
-0.185017
-0.278598
-0.302858
-0.318724
-0.513733
-0.479508
-0.413557
-0.327652
-0.231541
-0.129309
-0.022531
0.0876427
0.199529
0.310632
0.403451
0.453243
0.424879
0.255046
0.0794336
-0.0875739
-0.215066
-0.254469
-0.267329
-0.268637
-0.541066
-0.506627
-0.440487
-0.354621
-0.258794
-0.157232
-0.0516292
0.0566005
0.165328
0.271182
0.356371
0.391475
0.343601
0.16235
-0.00413687
-0.153694
-0.230727
-0.247796
-0.249062
-0.248849
-0.570218
-0.53548
-0.46911
-0.383351
-0.287967
-0.187276
-0.0831162
0.0228269
0.127991
0.228074
0.304746
0.328302
0.243977
0.0777395
-0.0802684
-0.20359
-0.240596
-0.238969
-0.238021
-0.237393
-0.600905
-0.565886
-0.499322
-0.413758
-0.318975
-0.219386
-0.116961
-0.0136499
0.0875584
0.181425
0.249436
0.25592
0.153326
-0.000747298
-0.140441
-0.216911
-0.227376
-0.230081
-0.230787
-0.230503
-0.63258
-0.597407
-0.530871
-0.445614
-0.351635
-0.25341
-0.153012
-0.0526971
0.0442197
0.131598
0.190977
0.182154
0.0717234
-0.0670834
-0.183775
-0.215685
-0.224311
-0.22588
-0.225722
-0.225457
-0.664778
-0.629491
-0.563312
-0.478529
-0.385607
-0.289029
-0.190993
-0.0940264
-0.0017415
0.0792991
0.128424
0.112227
-0.00402691
-0.121042
-0.212945
-0.229984
-0.222362
-0.221834
-0.221965
-0.221784
-0.696606
-0.661418
-0.595772
-0.511915
-0.420352
-0.325776
-0.230463
-0.13716
-0.0498594
0.025182
0.0645991
0.04824
-0.0713036
-0.163707
-0.212973
-0.224774
-0.222516
-0.221144
-0.220535
-0.220302
-0.726507
-0.692016
-0.627287
-0.544856
-0.455114
-0.362964
-0.270779
-0.181426
-0.0993255
-0.03014
0.00574653
-0.0220489
-0.127619
-0.208915
-0.205761
-0.221765
-0.224253
-0.221451
-0.220207
-0.219637
-0.75288
-0.719473
-0.656732
-0.576174
-0.488866
-0.399676
-0.311094
-0.225997
-0.149012
-0.0857839
-0.049848
-0.0879588
-0.175081
-0.248331
-0.261663
-0.244354
-0.232148
-0.226203
-0.223936
-0.222888
-0.773603
-0.741924
-0.682068
-0.604463
-0.520341
-0.434785
-0.350347
-0.269883
-0.197823
-0.140349
-0.106141
-0.137609
-0.202885
-0.298971
-0.333781
-0.277514
-0.24685
-0.237873
-0.234243
-0.232396
-0.786451
-0.75748
-0.70138
-0.627858
-0.548052
-0.46699
-0.387364
-0.311929
-0.24477
-0.192202
-0.158904
-0.172027
-0.185785
-0.248522
-0.24615
-0.245904
-0.24918
-0.248634
-0.246241
-0.245805
-0.788789
-0.763882
-0.712727
-0.64455
-0.570315
-0.494912
-0.420854
-0.350947
-0.288847
-0.24051
-0.201505
-0.193694
-0.128716
-0.0818843
-0.129275
-0.188891
-0.221844
-0.233299
-0.238111
-0.239901
-0.778405
-0.758365
-0.713926
-0.652931
-0.585654
-0.517049
-0.4495
-0.385686
-0.329249
-0.285049
-0.238516
-0.230887
-0.145897
0.0287826
-0.0810559
-0.193393
-0.242254
-0.260898
-0.268318
-0.271116
-0.753318
-0.738261
-0.703157
-0.651747
-0.593039
-0.532362
-0.472088
-0.414802
-0.364647
-0.326276
-0.283242
-0.323826
-0.401058
-0.448749
-0.46637
-0.42941
-0.38963
-0.371463
-0.365919
-0.365221
-0.716043
-0.706355
-0.681207
-0.641112
-0.592378
-0.540469
-0.487797
-0.437065
-0.392761
-0.36186
-0.346023
-0.446141
-0.71957
-1.10064
-1.07277
-0.717528
-0.498496
-0.423463
-0.402922
-0.396481
-0.673243
-0.667776
-0.652859
-0.62375
-0.58547
-0.542002
-0.496368
-0.451403
-0.411335
-0.383918
-0.368639
-0.395325
-0.324378
-0.265874
-0.177378
-0.143429
-0.181157
-0.210573
-0.210946
-0.20401
-0.634587
-0.631317
-0.624197
-0.604953
-0.575197
-0.538596
-0.498797
-0.457167
-0.418019
-0.386008
-0.3717
-0.271044
-0.0566264
0.214406
0.340866
0.177071
0.0153424
-0.0681169
-0.0905764
-0.104041
-0.606491
-0.60448
-0.600831
-0.588935
-0.565423
-0.533501
-0.496761
-0.456347
-0.414279
-0.377504
-0.360821
-0.319031
-0.290718
-0.378518
-0.602793
-0.875221
-1.01748
-0.972432
-0.86696
-0.812139
-0.584726
-0.583937
-0.582713
-0.576833
-0.558897
-0.529732
-0.49306
-0.45064
-0.404865
-0.359615
-0.331778
-0.348615
-0.435537
-0.685528
-0.980855
-1.15207
-1.19336
-1.07668
-0.931945
-0.872094
-0.5721
-0.571799
-0.571206
-0.568561
-0.555602
-0.52751
-0.488603
-0.442491
-0.389975
-0.327065
-0.275649
-0.215796
-0.24521
-0.313462
-0.442334
-0.477359
-0.341172
-0.126006
0.0346178
0.10157
-0.563619
-0.563416
-0.562809
-0.561926
-0.554167
-0.527538
-0.485821
-0.434243
-0.370979
-0.297108
-0.2113
-0.0916766
0.0696696
0.264448
0.501789
0.745999
1.03062
1.25829
1.38315
1.42286
-0.559165
-0.55883
-0.557964
-0.557448
-0.553964
-0.530814
-0.485829
-0.427309
-0.356357
-0.268271
-0.154491
-0.0390325
0.192514
0.54504
0.975887
1.39725
1.73033
1.93754
2.03116
2.05567
-0.558739
-0.559072
-0.560041
-0.561375
-0.561012
-0.537907
-0.488922
-0.424975
-0.347075
-0.247219
-0.130295
-0.00664627
0.200073
0.585782
1.02195
1.41599
1.71515
1.88448
1.95426
1.97049
-0.555442
-0.556775
-0.560216
-0.565194
-0.565886
-0.542346
-0.494061
-0.429391
-0.34585
-0.242272
-0.126971
-0.00828658
0.138564
0.471059
0.835736
1.15604
1.387
1.51082
1.55933
1.56934
-0.560221
-0.559737
-0.552341
-0.536994
-0.524758
-0.524659
-0.501028
-0.440361
-0.35221
-0.245821
-0.135957
-0.0273401
0.0802539
0.323467
0.600411
0.83065
0.995838
1.08039
1.1122
1.11645
-0.601212
-0.596653
-0.576993
-0.541844
-0.522831
-0.536165
-0.529982
-0.46155
-0.364499
-0.254537
-0.149819
-0.0553716
0.028126
0.195171
0.382729
0.536308
0.644775
0.697619
0.7162
0.719908
-0.694095
-0.697182
-0.712928
-0.735669
-0.729184
-0.706009
-0.619874
-0.498565
-0.376769
-0.261322
-0.165181
-0.0853828
-0.0185167
0.0971275
0.216026
0.30463
0.361034
0.387489
0.397892
0.399206
-0.82868
-0.851071
-0.897286
-0.933076
-0.926961
-0.867761
-0.707022
-0.530313
-0.382017
-0.26417
-0.176998
-0.111546
-0.0573994
0.017177
0.0855761
0.130823
0.152416
0.161539
0.166496
0.1683
-0.858281
-0.879509
-0.917104
-0.945336
-0.939107
-0.868469
-0.693317
-0.510298
-0.362761
-0.252383
-0.180726
-0.134516
-0.0994441
-0.0416916
0.00495311
0.027685
0.0336505
0.0363362
0.0404574
0.042786
-0.680387
-0.702872
-0.739571
-0.772917
-0.77251
-0.699033
-0.556071
-0.41956
-0.306461
-0.221885
-0.170142
-0.145537
-0.127282
-0.0794158
-0.0391448
-0.0156428
-0.00242681
0.00514262
0.00907839
0.00980261
-0.34687
-0.36163
-0.389114
-0.420722
-0.434953
-0.409491
-0.350843
-0.283674
-0.223686
-0.173873
-0.145091
-0.140004
-0.134174
-0.0881666
-0.0482252
-0.0204127
-0.00318927
0.00546094
0.00964282
0.00994519
-0.0287227
-0.0361225
-0.0540037
-0.0826663
-0.115441
-0.137715
-0.14878
-0.146875
-0.134486
-0.116375
-0.10519
-0.107689
-0.103372
-0.0616627
-0.0263702
-0.00195448
0.0147357
0.0236723
0.0266438
0.0261077
0.162094
0.158345
0.145865
0.11954
0.0786903
0.0301981
-0.0109799
-0.0402739
-0.0551652
-0.0575894
-0.0539002
-0.0499577
-0.0373911
-0.012856
0.00620073
0.0197587
0.0299475
0.0358067
0.0372793
0.0365685
0.231386
0.229267
0.220273
0.198536
0.161577
0.115009
0.068911
0.0304408
0.00495165
-0.00561584
-0.00207914
0.0132579
0.0339276
0.0407346
0.0429603
0.0459599
0.0496845
0.0521685
0.0525213
0.0515229
0.234157
0.232754
0.226513
0.210858
0.183494
0.147494
0.108612
0.0733173
0.0473247
0.035614
0.0425545
0.0612843
0.0814076
0.0784545
0.0709585
0.0677095
0.0674232
0.0680642
0.0677409
0.0665713
0.210819
0.209962
0.205958
0.19565
0.177145
0.151827
0.122756
0.0949526
0.0733064
0.0635464
0.0707198
0.0884428
0.102787
0.0955145
0.0864767
0.0817883
0.0794032
0.0772902
0.0754281
0.0741394
0.180303
0.17984
0.177439
0.171017
0.159112
0.142203
0.121881
0.101651
0.0857453
0.0793929
0.0867734
0.100248
0.107205
0.0981095
0.0892111
0.0828303
0.0783391
0.0743145
0.0720223
0.0712478
0.149445
0.149239
0.14791
0.144091
0.136726
0.125891
0.112452
0.0987423
0.0880652
0.0849846
0.0933048
0.105238
0.108306
0.0985462
0.0893111
0.0822221
0.075556
0.0700646
0.067713
0.0673496
0.120484
0.120413
0.119682
0.117505
0.113105
0.106398
0.0978463
0.089019
0.0825356
0.0822623
0.0922582
0.106916
0.110875
0.0983036
0.087913
0.0806518
0.0749422
0.0703446
0.0687643
0.0684425
0.0935378
0.0935705
0.0932389
0.0921043
0.0897
0.0856281
0.0804432
0.0750165
0.071184
0.0719994
0.0815626
0.097794
0.105795
0.0911182
0.0804944
0.0754274
0.0727973
0.0715286
0.0708339
0.0703142
0.068623
0.0686862
0.068574
0.0680752
0.0668171
0.0646477
0.0616203
0.0582074
0.0556787
0.0551998
0.0585989
0.0663064
0.0715429
0.0643688
0.0603355
0.0616804
0.0638894
0.0652561
0.0650123
0.0642658
0.0455527
0.0456132
0.0456169
0.0454674
0.0449655
0.0439012
0.0422765
0.0401591
0.0380397
0.0350372
0.0281761
0.0142447
0.00854805
0.0129965
0.0263132
0.0378757
0.0444278
0.046992
0.0468795
0.046146
0.0242366
0.0242883
0.0243468
0.0243911
0.024288
0.0239362
0.02326
0.0223328
0.0204107
0.0171616
0.00264594
-0.0298479
-0.0470327
-0.0284958
-0.00307947
0.013189
0.0197012
0.0207817
0.0206913
0.0203481
0.00448954
0.00452865
0.00451087
0.00459169
0.00482559
0.00500074
0.004978
0.004757
0.00450747
0.00385386
0.00115623
-0.0099417
-0.023956
-0.0193569
-0.0075816
-0.00519508
-0.00452468
-0.00344238
-0.00105791
0.000282181
-0.00341672
0.163074
0.357293
0.526732
0.661878
0.768006
0.855598
0.930205
0.964299
0.941044
0.297863
0.418183
0.547561
0.659256
0.753259
0.830931
0.893804
0.938471
0.960832
0.972975
0.515705
0.598178
0.686577
0.764561
0.831582
0.887642
0.93224
0.964849
0.988462
1.00649
0.675828
0.734874
0.796149
0.853002
0.902406
0.944375
0.978869
1.00641
1.02914
1.04746
0.800781
0.843704
0.889496
0.933122
0.971676
1.00536
1.03422
1.05825
1.07859
1.09644
0.904797
0.937562
0.975561
1.01099
1.04353
1.07271
1.09823
1.11968
1.13751
1.15486
0.997156
1.02579
1.05968
1.09175
1.12165
1.14878
1.1725
1.19219
1.20768
1.22476
1.08563
1.1148
1.14876
1.18076
1.21034
1.2369
1.25974
1.27822
1.29158
1.30861
1.18088
1.21406
1.25068
1.28423
1.31426
1.34043
1.36237
1.37964
1.3915
1.4089
1.29583
1.33365
1.37227
1.40651
1.43584
1.46058
1.48094
1.49682
1.50829
1.52635
1.44075
1.47928
1.51541
1.54609
1.57176
1.59385
1.6129
1.62843
1.64085
1.65885
1.61581
1.64743
1.6736
1.69604
1.71601
1.73473
1.75245
1.76892
1.78427
1.80234
1.80442
1.82162
1.83665
1.85287
1.86878
1.88331
1.89651
1.91044
1.92798
1.94813
1.98613
1.99566
2.0072
2.01801
2.0273
2.03688
2.04766
2.05902
2.07038
2.08574
2.19336
2.19702
2.18208
2.16727
2.16099
2.16666
2.18514
2.21545
2.24763
2.27428
2.49968
2.36482
2.28818
2.24579
2.22837
2.23233
2.25973
2.31615
2.41876
2.64313
0.809537
0.807409
0.802926
0.794303
0.782081
0.769956
0.759732
0.751844
0.746238
0.742999
0.742663
0.745419
0.750537
0.757769
0.767163
0.778707
0.791361
0.802397
0.80851
0.811565
0.733986
0.739833
0.746167
0.750661
0.753134
0.752813
0.75008
0.746278
0.74278
0.740537
0.740409
0.742625
0.746302
0.750601
0.754414
0.756302
0.755369
0.751889
0.746727
0.740107
0.725553
0.727849
0.731254
0.734252
0.736329
0.737829
0.73859
0.738282
0.737269
0.736404
0.7366
0.738047
0.739877
0.741193
0.74138
0.740495
0.738949
0.736615
0.733354
0.730434
0.72003
0.721117
0.72295
0.72533
0.727357
0.728789
0.729815
0.730577
0.730992
0.731234
0.731749
0.732577
0.733191
0.733269
0.732864
0.732021
0.730556
0.728475
0.726391
0.725009
0.714812
0.715474
0.716583
0.71829
0.720075
0.721711
0.723014
0.72404
0.724939
0.725751
0.726507
0.727083
0.727294
0.72714
0.726582
0.725534
0.724111
0.722571
0.721256
0.720477
0.709816
0.710276
0.711063
0.712363
0.713854
0.715376
0.716848
0.718158
0.719312
0.720393
0.721339
0.721934
0.7221
0.721841
0.721154
0.720173
0.719053
0.717925
0.717013
0.716497
0.704963
0.705307
0.705919
0.706989
0.708287
0.709666
0.711113
0.712572
0.713964
0.715273
0.716419
0.717142
0.717344
0.717086
0.7165
0.715733
0.71489
0.714029
0.71336
0.712983
0.700198
0.700466
0.700959
0.70187
0.703043
0.704345
0.705749
0.707252
0.708814
0.710366
0.711755
0.712662
0.712992
0.712893
0.712516
0.711969
0.71133
0.710698
0.71021
0.709922
0.695439
0.695651
0.696062
0.696862
0.697955
0.69921
0.700605
0.702156
0.703852
0.705644
0.707322
0.708495
0.709067
0.709211
0.709066
0.708741
0.70831
0.70787
0.707523
0.707298
0.690596
0.690767
0.691119
0.691847
0.692894
0.694128
0.695552
0.697188
0.699042
0.701092
0.703117
0.70465
0.705548
0.705981
0.70609
0.705996
0.705778
0.705513
0.705281
0.705102
0.685583
0.685721
0.686032
0.686715
0.687746
0.689004
0.690495
0.692258
0.694326
0.696689
0.699138
0.701119
0.702408
0.703177
0.703574
0.703727
0.703721
0.703624
0.703491
0.703347
0.680309
0.68042
0.680703
0.681366
0.682415
0.683744
0.685347
0.687292
0.689638
0.692399
0.69537
0.69789
0.69964
0.700798
0.701523
0.701943
0.702156
0.70223
0.702184
0.702067
0.674677
0.674765
0.675032
0.6757
0.676804
0.678245
0.680014
0.682208
0.684913
0.688176
0.691788
0.694954
0.697251
0.698859
0.699952
0.700688
0.701147
0.701379
0.701409
0.701314
0.668579
0.668646
0.668906
0.669603
0.670799
0.672398
0.674398
0.676921
0.680082
0.683972
0.688366
0.692311
0.695256
0.697393
0.69891
0.699997
0.700726
0.701132
0.701236
0.701157
0.661885
0.661932
0.662194
0.662941
0.66427
0.666085
0.668388
0.671332
0.675071
0.679736
0.685081
0.689961
0.693678
0.69644
0.698454
0.699933
0.700978
0.701571
0.701746
0.70168
0.654441
0.65447
0.654737
0.655557
0.657063
0.659158
0.661849
0.665329
0.669791
0.675409
0.681909
0.687911
0.692544
0.696042
0.698648
0.700597
0.701995
0.70279
0.703036
0.702981
0.646048
0.646064
0.646335
0.647252
0.64899
0.651432
0.654625
0.658781
0.664145
0.670935
0.678835
0.686178
0.691896
0.696261
0.699563
0.702075
0.703875
0.704891
0.705209
0.705162
0.6364
0.636386
0.636716
0.637775
0.6398
0.642697
0.646526
0.651535
0.658024
0.666258
0.675851
0.684788
0.691787
0.69717
0.701289
0.70446
0.706725
0.707984
0.708374
0.70833
0.625205
0.625166
0.625541
0.626795
0.629192
0.632678
0.637317
0.643407
0.651307
0.661318
0.672952
0.683777
0.692271
0.698849
0.703928
0.707852
0.710653
0.712172
0.712632
0.712588
0.61198
0.611914
0.612368
0.613875
0.616759
0.621013
0.626701
0.634178
0.643857
0.656058
0.670141
0.683184
0.693413
0.701366
0.707561
0.712357
0.715755
0.717543
0.718065
0.718015
0.596074
0.595979
0.596559
0.598418
0.601954
0.607233
0.614315
0.623603
0.63555
0.650455
0.66746
0.683078
0.695286
0.7048
0.71227
0.718045
0.722093
0.724148
0.724717
0.724655
0.576546
0.576425
0.577206
0.579582
0.584035
0.590741
0.599724
0.611426
0.62629
0.64453
0.664986
0.683541
0.697975
0.70923
0.71809
0.724962
0.729684
0.731979
0.73257
0.732488
0.551976
0.551839
0.552955
0.556131
0.561972
0.570767
0.582447
0.597434
0.616066
0.638385
0.662853
0.684692
0.701553
0.714704
0.72506
0.733109
0.738471
0.740941
0.741518
0.741409
0.520054
0.519938
0.521667
0.526229
0.534375
0.546421
0.562056
0.581548
0.604999
0.632217
0.661249
0.686669
0.706107
0.721253
0.733191
0.7424
0.748291
0.750827
0.751342
0.751199
0.476622
0.476669
0.479743
0.487193
0.499609
0.516955
0.538446
0.564012
0.593466
0.626398
0.660464
0.68965
0.711727
0.728888
0.742381
0.752669
0.758856
0.76129
0.761694
0.761516
0.413895
0.415101
0.422614
0.436505
0.456724
0.482503
0.512238
0.545535
0.582094
0.621395
0.660777
0.693782
0.718452
0.737548
0.75246
0.763517
0.769711
0.771805
0.772041
0.771842
0.339536
0.341302
0.355679
0.379526
0.410677
0.446415
0.485143
0.526682
0.570845
0.617149
0.662665
0.700361
0.728348
0.749863
0.766441
0.778234
0.784238
0.786054
0.786252
0.786146
0.262825
0.269019
0.290247
0.324341
0.365899
0.411299
0.458978
0.508803
0.560653
0.614079
0.665905
0.708432
0.739816
0.763835
0.782266
0.794489
0.799892
0.801231
0.80136
0.801324
0.200069
0.208571
0.234364
0.275474
0.325186
0.378829
0.434584
0.492174
0.551372
0.611657
0.669525
0.716611
0.751143
0.77736
0.796974
0.809424
0.814685
0.815869
0.816004
0.816025
0.149026
0.158125
0.187466
0.233815
0.289684
0.349977
0.412565
0.477008
0.542905
0.609612
0.673224
0.724645
0.762131
0.790402
0.811336
0.824249
0.829309
0.830631
0.830856
0.830914
0.106318
0.115698
0.147487
0.197832
0.258757
0.324566
0.392947
0.463391
0.535334
0.607985
0.677011
0.732569
0.772896
0.803183
0.825409
0.838869
0.844276
0.845835
0.84608
0.846159
0.0695821
0.0790693
0.112693
0.166241
0.231346
0.301865
0.375306
0.451073
0.52849
0.606634
0.680769
0.740287
0.783371
0.81563
0.839173
0.853469
0.859317
0.861017
0.86129
0.861369
0.0371423
0.0466618
0.0816933
0.137946
0.206554
0.281134
0.359049
0.439605
0.522046
0.605328
0.684321
0.747643
0.793385
0.827534
0.852349
0.867461
0.873792
0.875653
0.875942
0.876012
0.00771211
0.0172671
0.0534531
0.112038
0.183649
0.261785
0.343682
0.428592
0.515682
0.603809
0.68745
0.75444
0.802732
0.838662
0.864693
0.880539
0.88739
0.889372
0.88967
0.889719
-0.019592
-0.00999444
0.027198
0.0878036
0.162086
0.243374
0.328836
0.417709
0.509114
0.601831
0.68997
0.760536
0.811295
0.848924
0.87604
0.89251
0.899788
0.901872
0.90215
0.902138
-0.0453389
-0.0356838
0.00245312
0.0647642
0.141456
0.225554
0.314226
0.406717
0.502137
0.599228
0.69176
0.765865
0.819033
0.858279
0.886371
0.903322
0.910839
0.913026
0.913309
0.913292
-0.0700272
-0.0602245
-0.0212305
0.0426339
0.121477
0.208084
0.299657
0.395455
0.494617
0.595877
0.69272
0.770387
0.825974
0.866762
0.895713
0.913026
0.920651
0.922836
0.923129
0.923084
-0.0939162
-0.0839016
-0.0441683
0.0212108
0.101965
0.190809
0.285
0.38382
0.486451
0.591686
0.692787
0.774081
0.832163
0.874492
0.904194
0.921711
0.929323
0.931485
0.931742
0.931679
-0.117116
-0.106899
-0.0664089
0.0003477
0.0828006
0.173654
0.27019
0.37175
0.477585
0.586587
0.691897
0.776943
0.837665
0.881605
0.911979
0.929571
0.937069
0.939137
0.939344
0.939254
-0.139802
-0.129293
-0.0880602
-0.0200391
0.0639291
0.15657
0.255199
0.35923
0.468003
0.580552
0.689994
0.778951
0.842546
0.888256
0.919278
0.936777
0.944019
0.945927
0.946074
0.945963
-0.161932
-0.151158
-0.109211
-0.0399997
0.0453374
0.139562
0.240053
0.346287
0.457718
0.573559
0.687031
0.780055
0.846852
0.894591
0.926271
0.943493
0.950288
0.951943
0.951998
0.951865
-0.183574
-0.172503
-0.129796
-0.0595229
0.0270383
0.122655
0.224784
0.33297
0.446773
0.565623
0.682964
0.780187
0.850571
0.900732
0.933217
0.949969
0.956001
0.957239
0.957185
0.957038
-0.204565
-0.193267
-0.149814
-0.07857
0.00907204
0.105914
0.209451
0.319343
0.435234
0.556794
0.677762
0.77926
0.853631
0.906743
0.940406
0.956607
0.961474
0.961962
0.961711
0.961565
-0.225047
-0.213413
-0.169258
-0.0971312
-0.00853399
0.0893752
0.194143
0.305483
0.423184
0.547144
0.671428
0.777166
0.855889
0.912567
0.948083
0.964016
0.967373
0.966445
0.965666
0.965517
-0.24486
-0.232918
-0.188102
-0.115165
-0.0257056
0.0731183
0.178936
0.291506
0.410726
0.536732
0.663993
0.773794
0.85714
0.917987
0.956239
0.972869
0.975037
0.971914
0.969526
0.968684
-0.264065
-0.251828
-0.206294
-0.132621
-0.0424095
0.0572105
0.163912
0.277488
0.397971
0.52569
0.655518
0.769032
0.857138
0.922616
0.964384
0.983293
0.986013
0.981349
0.974896
0.966695
-0.282583
-0.270101
-0.223929
-0.149657
-0.0588517
0.041385
0.148745
0.263044
0.384484
0.513535
0.645493
0.762352
0.85542
0.92615
0.971915
0.994683
1.00072
0.996062
0.985405
0.98043
-0.300367
-0.287661
-0.240991
-0.166247
-0.0750412
0.0256476
0.133446
0.248152
0.370217
0.500143
0.633711
0.753353
0.851181
0.927799
0.976871
1.00284
1.01119
1.01005
0.972063
0.920262
-0.31713
-0.30373
-0.257331
-0.18232
-0.0910793
0.00983981
0.117958
0.232923
0.355219
0.485563
0.620083
0.741764
0.84327
0.926922
0.976958
0.999005
1.00674
0.986925
0.930138
0.868097
-0.333191
-0.318923
-0.272852
-0.197188
-0.106456
-0.005581
0.10206
0.21741
0.339637
0.469962
0.604624
0.727322
0.830413
0.923931
0.969628
1.0058
0.967969
0.917312
0.845195
0.778047
-0.319161
-0.301032
-0.250645
-0.170645
-0.073575
0.0302063
0.143244
0.261458
0.387002
0.52152
0.651238
0.762877
0.85873
0.956468
0.988694
0.90502
0.85047
0.781836
0.707335
0.658653
-0.343365
-0.326992
-0.290977
-0.220351
-0.130024
-0.030352
0.0776143
0.1924
0.31401
0.443334
0.576596
0.698298
0.800007
0.885729
0.959728
0.944562
0.817062
0.729054
0.663175
0.579805
-0.362979
-0.347383
-0.305756
-0.233793
-0.142958
-0.0436928
0.0631849
0.177066
0.297753
0.425747
0.557489
0.677347
0.776005
0.850178
0.875779
0.792633
0.648436
0.549518
0.472317
0.384021
-0.38311
-0.370598
-0.324474
-0.251445
-0.160525
-0.060789
0.0460572
0.159653
0.27947
0.406006
0.535002
0.650372
0.73961
0.799707
0.775039
0.639279
0.484219
0.364551
0.265027
0.129039
-0.406379
-0.393477
-0.345251
-0.271014
-0.179949
-0.0800956
0.0266136
0.139648
0.258381
0.383046
0.508639
0.618399
0.69812
0.736865
0.675873
0.490204
0.307192
0.153274
0.0122088
-0.184187
-0.428664
-0.416096
-0.366715
-0.291187
-0.199708
-0.0999161
0.00638427
0.118574
0.235952
0.35833
0.480016
0.583313
0.655512
0.658313
0.547613
0.348476
0.134885
-0.065341
-0.240275
-0.629934
-0.45106
-0.438833
-0.388948
-0.312492
-0.220666
-0.120863
-0.0149855
0.0963281
0.212214
0.332022
0.449365
0.545327
0.605714
0.575753
0.423209
0.222114
0.00465821
-0.206632
-0.385281
-0.658748
-0.474407
-0.46232
-0.412206
-0.335187
-0.243135
-0.143311
-0.0378181
0.0726313
0.186948
0.303975
0.416637
0.504846
0.549859
0.502876
0.311999
0.11805
-0.0795128
-0.246417
-0.318685
-0.357514
-0.499195
-0.487231
-0.436876
-0.35956
-0.267482
-0.167822
-0.0628749
0.0464719
0.15888
0.272612
0.379886
0.459702
0.487958
0.405714
0.213052
0.0312276
-0.133377
-0.239877
-0.277765
-0.286853
-0.525636
-0.513682
-0.463131
-0.385631
-0.293656
-0.194352
-0.0901762
0.0177961
0.127915
0.237828
0.338969
0.41018
0.411628
0.299966
0.122682
-0.0452894
-0.184829
-0.24038
-0.252397
-0.257262
-0.553921
-0.541872
-0.491055
-0.413422
-0.321658
-0.222904
-0.119728
-0.0134387
0.0940187
0.199655
0.293968
0.355777
0.332407
0.20126
0.0387786
-0.118957
-0.218295
-0.247202
-0.24322
-0.243218
-0.58376
-0.5719
-0.520617
-0.4429
-0.351458
-0.253438
-0.151519
-0.0472185
0.0572076
0.158115
0.24517
0.295309
0.263058
0.110667
-0.0371217
-0.175155
-0.216036
-0.228541
-0.233498
-0.23372
-0.615001
-0.60314
-0.551606
-0.4739
-0.382923
-0.285853
-0.185458
-0.0834656
0.0175467
0.113387
0.19278
0.23173
0.193538
0.0334831
-0.103353
-0.198752
-0.244043
-0.231188
-0.22842
-0.228148
-0.647126
-0.635242
-0.583703
-0.506097
-0.415771
-0.319901
-0.221319
-0.12197
-0.0247487
0.0658226
0.137261
0.167618
0.108561
-0.0338189
-0.155624
-0.206381
-0.222303
-0.223659
-0.223989
-0.223842
-0.679402
-0.667561
-0.616085
-0.538939
-0.449546
-0.355172
-0.258748
-0.162378
-0.0692996
0.0158288
0.0799335
0.0958516
0.0273418
-0.0920417
-0.186919
-0.209767
-0.216939
-0.220981
-0.221181
-0.221191
-0.710583
-0.699187
-0.647878
-0.571711
-0.483558
-0.391059
-0.29718
-0.204143
-0.11547
-0.0360751
0.0225977
0.0252855
-0.0434629
-0.145297
-0.20905
-0.257219
-0.232675
-0.222939
-0.220486
-0.219962
-0.739213
-0.728315
-0.678021
-0.603061
-0.516866
-0.426723
-0.335858
-0.246539
-0.162424
-0.0888826
-0.0344139
-0.0361957
-0.107334
-0.191378
-0.237555
-0.224656
-0.226674
-0.224411
-0.222178
-0.221249
-0.763598
-0.753389
-0.704589
-0.631826
-0.548231
-0.461069
-0.373789
-0.288642
-0.209202
-0.141192
-0.0916955
-0.089951
-0.15518
-0.234173
-0.286135
-0.272682
-0.247444
-0.234786
-0.229263
-0.227323
-0.781374
-0.772087
-0.72562
-0.656076
-0.57615
-0.492863
-0.409808
-0.329334
-0.254778
-0.191806
-0.147273
-0.137195
-0.179267
-0.242898
-0.298388
-0.279304
-0.25736
-0.248747
-0.24408
-0.241051
-0.790497
-0.78202
-0.739024
-0.6739
-0.598843
-0.520589
-0.442646
-0.367364
-0.298063
-0.23974
-0.197462
-0.174931
-0.176149
-0.144747
-0.167578
-0.200349
-0.229483
-0.241935
-0.243821
-0.243707
-0.786572
-0.779659
-0.743137
-0.68341
-0.614614
-0.542694
-0.47089
-0.401553
-0.337903
-0.284066
-0.242488
-0.210548
-0.176962
-0.0462609
-0.0351623
-0.131622
-0.20259
-0.230635
-0.241777
-0.246135
-0.768329
-0.7636
-0.734988
-0.683242
-0.622152
-0.557885
-0.493257
-0.430556
-0.373056
-0.32483
-0.287591
-0.262591
-0.256869
-0.188317
-0.147146
-0.236959
-0.287949
-0.303918
-0.309693
-0.312252
-0.73627
-0.732869
-0.713478
-0.67243
-0.620935
-0.565504
-0.508845
-0.453184
-0.401956
-0.360528
-0.337024
-0.347273
-0.470463
-0.761238
-0.903237
-0.740345
-0.551217
-0.452163
-0.419362
-0.410409
-0.695009
-0.69286
-0.68186
-0.653053
-0.611986
-0.565941
-0.517389
-0.468608
-0.423087
-0.387018
-0.370828
-0.400987
-0.520881
-0.711161
-0.773584
-0.597021
-0.438264
-0.371415
-0.340356
-0.331225
-0.653086
-0.65183
-0.646394
-0.629449
-0.598857
-0.560872
-0.519656
-0.476469
-0.434858
-0.399698
-0.382531
-0.34618
-0.234498
0.0127022
0.245744
0.295335
0.142618
-0.0326557
-0.11031
-0.126029
-0.619239
-0.618596
-0.615885
-0.606038
-0.584449
-0.553615
-0.517488
-0.477913
-0.436708
-0.398893
-0.372305
-0.331233
-0.205745
-0.0664728
0.00769401
-0.164772
-0.395627
-0.471729
-0.412085
-0.359873
-0.594748
-0.594031
-0.592565
-0.588584
-0.573589
-0.54763
-0.513697
-0.474831
-0.432507
-0.3882
-0.35469
-0.349453
-0.354133
-0.492291
-0.763117
-1.00236
-1.16919
-1.1968
-1.08562
-0.991236
-0.577731
-0.577455
-0.5768
-0.574889
-0.56653
-0.544027
-0.510455
-0.469874
-0.422932
-0.371143
-0.324108
-0.289472
-0.328304
-0.46514
-0.693523
-0.935319
-0.978708
-0.838397
-0.644247
-0.510082
-0.56744
-0.567389
-0.567036
-0.566333
-0.56231
-0.54304
-0.508662
-0.463903
-0.40971
-0.348507
-0.274394
-0.210881
-0.101618
-0.0404275
0.0279235
0.104166
0.260603
0.497053
0.681149
0.784411
-0.560785
-0.560708
-0.56018
-0.559381
-0.557942
-0.544352
-0.5092
-0.458957
-0.398854
-0.32504
-0.23262
-0.129337
0.0322346
0.285901
0.616584
0.987824
1.34426
1.61515
1.7732
1.83655
-0.558763
-0.558663
-0.558342
-0.557745
-0.557205
-0.549562
-0.512609
-0.457512
-0.39002
-0.305675
-0.201104
-0.0795034
0.086142
0.382966
0.822108
1.26114
1.63794
1.89618
2.02739
2.07128
-0.557442
-0.558055
-0.559861
-0.563602
-0.5676
-0.558511
-0.518148
-0.460222
-0.387769
-0.297514
-0.188056
-0.0624056
0.0604005
0.337745
0.745023
1.13174
1.45352
1.65648
1.75373
1.78423
-0.554258
-0.555444
-0.556097
-0.555335
-0.555104
-0.547428
-0.518907
-0.468301
-0.394099
-0.298226
-0.187314
-0.0718853
0.0352117
0.233266
0.565267
0.861678
1.10381
1.25164
1.31882
1.33888
-0.575727
-0.575572
-0.567546
-0.540645
-0.506666
-0.504035
-0.520352
-0.485378
-0.406314
-0.305018
-0.196615
-0.0911072
0.00511413
0.137501
0.375475
0.587234
0.754197
0.853256
0.897069
0.907106
-0.641097
-0.637119
-0.631936
-0.618034
-0.608151
-0.601776
-0.600022
-0.526108
-0.425981
-0.314357
-0.206742
-0.112653
-0.0324192
0.065264
0.22136
0.356889
0.459216
0.517706
0.542241
0.550343
-0.767172
-0.767517
-0.795904
-0.839696
-0.858159
-0.833324
-0.745227
-0.592875
-0.446598
-0.32056
-0.215863
-0.133797
-0.0660082
0.00497065
0.102187
0.182422
0.23188
0.256742
0.267702
0.271454
-0.86544
-0.87406
-0.910677
-0.95099
-0.966572
-0.935639
-0.815217
-0.618881
-0.446958
-0.315026
-0.216525
-0.149876
-0.100807
-0.0470393
0.013312
0.0568736
0.077336
0.0825809
0.0864447
0.0904927
-0.793565
-0.802751
-0.834517
-0.870139
-0.886253
-0.852448
-0.723947
-0.551048
-0.401193
-0.285089
-0.204789
-0.158223
-0.128432
-0.089137
-0.0403039
-0.00788954
0.00584835
0.0109682
0.0170022
0.0199302
-0.519488
-0.531545
-0.559342
-0.596925
-0.621139
-0.601658
-0.512527
-0.404897
-0.307651
-0.23052
-0.176158
-0.150127
-0.14188
-0.111133
-0.0673352
-0.0332286
-0.0125366
-0.00170275
0.0038737
0.00597759
-0.172762
-0.179445
-0.195766
-0.222357
-0.252223
-0.26343
-0.254669
-0.229383
-0.196045
-0.161568
-0.134376
-0.125349
-0.130656
-0.100541
-0.0581921
-0.0247483
-0.00283754
0.0121556
0.018734
0.0194521
0.085968
0.0827223
0.0734508
0.0523405
0.0187027
-0.023254
-0.0584624
-0.0817248
-0.092464
-0.0904881
-0.0830278
-0.0799963
-0.0814759
-0.0537646
-0.0235708
-0.000381025
0.0157712
0.0262975
0.0307339
0.0314808
0.209534
0.207658
0.201927
0.185045
0.152558
0.106147
0.0572709
0.0151868
-0.0137475
-0.0284128
-0.0299058
-0.0237984
-0.0117369
0.00764481
0.0207079
0.0289606
0.0365218
0.0419706
0.0444026
0.0442262
0.238548
0.237496
0.233598
0.22105
0.195441
0.157294
0.114084
0.0724831
0.0398178
0.020277
0.0172683
0.0295548
0.0502833
0.0611918
0.0599324
0.0580367
0.0583545
0.0600748
0.0609177
0.0600366
0.224423
0.223866
0.221294
0.212811
0.195059
0.16796
0.13524
0.101554
0.0729889
0.0546273
0.0526125
0.0671593
0.0885146
0.093319
0.0841677
0.0774992
0.0749205
0.074342
0.0736017
0.072309
0.195916
0.195703
0.194134
0.188792
0.177287
0.159165
0.136135
0.111304
0.0893009
0.0750997
0.0748078
0.0880012
0.103468
0.10368
0.093104
0.0857158
0.0810863
0.0783128
0.0754004
0.0738799
0.164619
0.164643
0.163787
0.160606
0.153481
0.141864
0.126519
0.109406
0.0937935
0.0841057
0.0859284
0.0977362
0.107883
0.104134
0.0936792
0.0853947
0.0791457
0.0743157
0.070453
0.0691802
0.134624
0.134696
0.134262
0.132443
0.128197
0.120996
0.111167
0.0999705
0.0897192
0.0839706
0.088004
0.100816
0.11013
0.104858
0.0939088
0.0849991
0.0778967
0.0719306
0.0682706
0.0674799
0.106632
0.106778
0.106576
0.10562
0.103227
0.098918
0.0928811
0.0858748
0.0795019
0.0765628
0.0816299
0.0958242
0.109414
0.104371
0.0914087
0.0818027
0.0762131
0.0726825
0.0707151
0.0700888
0.0807466
0.0809003
0.0808557
0.0804207
0.0791833
0.0768056
0.0732747
0.0689955
0.0650303
0.0632358
0.066564
0.0773821
0.0916955
0.0897309
0.0757614
0.071151
0.0699714
0.0696695
0.069608
0.0690444
0.0567822
0.0569183
0.0569406
0.0567971
0.0562541
0.0550774
0.0531438
0.050582
0.0479002
0.0460012
0.0446128
0.0426001
0.0421133
0.0415071
0.0420072
0.0475339
0.0533545
0.0566606
0.0575411
0.0570097
0.034623
0.0347319
0.0347687
0.0347958
0.0346493
0.0341989
0.0333557
0.0321271
0.0299387
0.0274268
0.0210676
0.00183967
-0.0237262
-0.0202963
-0.000216694
0.0180479
0.0291749
0.0334592
0.0341636
0.033877
0.00452293
0.00451492
0.00453073
0.00469731
0.00493505
0.00501488
0.0049056
0.00461323
0.00433774
0.00303175
-0.00280583
-0.0191326
-0.0227548
-0.0130424
-0.00553767
-0.00480294
-0.00428454
-0.0023241
-0.000230978
0.00900496
-1.03686
-0.359671
0.089795
0.348415
0.534174
0.676205
0.786073
0.874861
0.970392
1.06196
0.0104307
0.204705
0.381987
0.531246
0.655856
0.757211
0.839603
0.907091
0.949031
0.952805
0.34193
0.456946
0.569608
0.669788
0.755826
0.82828
0.887611
0.932727
0.961794
0.979334
0.551471
0.629681
0.707233
0.778158
0.83994
0.892692
0.936128
0.970238
0.99622
1.01524
0.705168
0.758194
0.816891
0.869714
0.915986
0.956267
0.990486
1.01891
1.04221
1.05916
0.826789
0.867449
0.912969
0.952897
0.989956
1.02305
1.05205
1.07685
1.09761
1.11183
0.929082
0.963388
1.00024
1.03432
1.06639
1.09586
1.12208
1.1446
1.1632
1.17492
1.02198
1.05291
1.08674
1.11921
1.14984
1.17808
1.20312
1.22433
1.24123
1.25075
1.11274
1.1452
1.18042
1.21433
1.24556
1.27377
1.29827
1.31853
1.33396
1.34216
1.21454
1.25199
1.29021
1.3264
1.35839
1.38621
1.40961
1.42857
1.44268
1.45116
1.34135
1.38369
1.42283
1.45865
1.48902
1.51466
1.53617
1.55377
1.56726
1.57742
1.50281
1.54424
1.57792
1.60744
1.63195
1.65345
1.67301
1.69042
1.70515
1.71784
1.69318
1.72396
1.74518
1.7643
1.78234
1.79955
1.81575
1.83156
1.84807
1.86499
1.891
1.90239
1.91342
1.92751
1.94178
1.95461
1.96597
1.97682
1.98971
2.00659
2.07678
2.08669
2.09532
2.09777
2.09863
2.10288
2.11367
2.12961
2.14722
2.15182
2.37781
2.32241
2.27157
2.23133
2.20893
2.20488
2.21838
2.25217
2.30861
2.38417
0.951753
0.893059
0.85058
0.816722
0.792066
0.774515
0.762009
0.753085
0.746981
0.74351
0.743134
0.746007
0.751456
0.7594
0.770327
0.785385
0.806398
0.835495
0.87426
0.922086
0.753301
0.76206
0.767594
0.768417
0.764934
0.75889
0.752459
0.746992
0.74316
0.74152
0.742705
0.74631
0.751598
0.758081
0.764852
0.770126
0.771754
0.76852
0.761184
0.753516
0.73033
0.732361
0.736965
0.740477
0.742989
0.744417
0.74413
0.742395
0.740209
0.738647
0.738674
0.740512
0.743242
0.745873
0.747361
0.747029
0.745178
0.742382
0.738335
0.733953
0.723411
0.724278
0.726761
0.729475
0.731486
0.732847
0.733833
0.734285
0.734146
0.7339
0.734263
0.73536
0.736465
0.736954
0.736657
0.735817
0.734413
0.73218
0.729545
0.72758
0.717749
0.71821
0.719606
0.721628
0.723567
0.725143
0.726287
0.727186
0.72791
0.728496
0.729141
0.729798
0.730133
0.73005
0.729588
0.728632
0.727132
0.725312
0.72367
0.722655
0.712551
0.712838
0.713756
0.715225
0.716851
0.718454
0.719879
0.721053
0.72208
0.723044
0.723897
0.72446
0.724631
0.72442
0.723772
0.72272
0.72144
0.720131
0.719049
0.718425
0.707566
0.707768
0.708456
0.709629
0.711012
0.712456
0.713928
0.715333
0.716612
0.717804
0.718845
0.719497
0.719673
0.719393
0.718734
0.717856
0.716885
0.715896
0.715117
0.714679
0.702722
0.702875
0.703422
0.704405
0.705634
0.706971
0.708395
0.70988
0.711366
0.712796
0.714057
0.714864
0.715114
0.71492
0.714435
0.713778
0.713039
0.712295
0.711722
0.711394
0.697939
0.698058
0.698506
0.699356
0.700485
0.701763
0.70316
0.704683
0.706311
0.707983
0.70951
0.710538
0.710976
0.710992
0.710731
0.710293
0.709755
0.709219
0.708807
0.708553
0.693124
0.693221
0.693599
0.694359
0.695425
0.696668
0.698075
0.699663
0.701432
0.703347
0.705191
0.706532
0.707258
0.707541
0.707521
0.707309
0.706981
0.706628
0.706342
0.706142
0.688188
0.688268
0.688596
0.689297
0.690333
0.691576
0.693032
0.694725
0.696677
0.698874
0.7011
0.702846
0.70393
0.704524
0.704776
0.7048
0.704686
0.704503
0.704323
0.704163
0.683039
0.683105
0.6834
0.684069
0.685104
0.686396
0.687941
0.689787
0.691984
0.694533
0.697229
0.699467
0.700976
0.701931
0.702492
0.702772
0.702875
0.702857
0.702769
0.702639
0.677585
0.67764
0.677913
0.678574
0.679646
0.68103
0.682713
0.684772
0.687285
0.690282
0.693557
0.696386
0.698396
0.699768
0.700678
0.701244
0.701578
0.701726
0.701719
0.701614
0.671722
0.671768
0.67203
0.672708
0.673851
0.675371
0.677251
0.679599
0.682516
0.686075
0.690058
0.693596
0.696202
0.698061
0.699366
0.700271
0.700855
0.701168
0.701235
0.701148
0.665332
0.665371
0.665629
0.666345
0.6676
0.669307
0.671454
0.674174
0.677606
0.681862
0.686708
0.691098
0.694412
0.696846
0.698612
0.699884
0.700753
0.70125
0.701391
0.70132
0.658274
0.658303
0.658567
0.659343
0.660751
0.662707
0.665199
0.668393
0.672472
0.677588
0.683482
0.688897
0.693051
0.696165
0.698476
0.700176
0.701374
0.702065
0.702277
0.702218
0.650372
0.650391
0.650668
0.651525
0.653135
0.655406
0.65834
0.662136
0.667022
0.673194
0.68036
0.687004
0.692155
0.696066
0.699023
0.701233
0.702806
0.70371
0.703995
0.703945
0.641384
0.641409
0.641717
0.642672
0.644532
0.647205
0.650705
0.655261
0.661154
0.668626
0.677332
0.685439
0.691771
0.696621
0.700334
0.703149
0.705155
0.706293
0.70665
0.706605
0.631011
0.631026
0.631375
0.632477
0.634669
0.637869
0.642086
0.647599
0.65475
0.663824
0.67439
0.684233
0.691951
0.697907
0.702508
0.706019
0.708527
0.709919
0.710348
0.710306
0.618875
0.618885
0.619276
0.620572
0.623197
0.627079
0.632216
0.638951
0.647685
0.658732
0.671535
0.683426
0.692758
0.699997
0.705636
0.709951
0.713029
0.714688
0.715185
0.71514
0.60442
0.604426
0.604879
0.606442
0.609642
0.614424
0.620766
0.629081
0.63982
0.6533
0.668781
0.683067
0.694258
0.702961
0.709808
0.715035
0.71874
0.720671
0.721224
0.721171
0.586881
0.586882
0.58743
0.589375
0.593369
0.599377
0.607338
0.617737
0.631046
0.64753
0.66619
0.683233
0.696529
0.706889
0.715072
0.721326
0.725703
0.727893
0.728483
0.728414
0.56509
0.565087
0.5658
0.568341
0.573503
0.581255
0.591466
0.604673
0.621299
0.641478
0.663867
0.684024
0.699654
0.711838
0.721472
0.728855
0.733904
0.736307
0.736904
0.736811
0.5373
0.537297
0.538298
0.541824
0.548839
0.559216
0.572676
0.589732
0.610627
0.635286
0.661969
0.685568
0.70371
0.717848
0.729028
0.73759
0.74324
0.74577
0.74633
0.746205
0.500457
0.50047
0.502099
0.507541
0.517846
0.532373
0.550653
0.572964
0.599263
0.629238
0.660736
0.688025
0.708786
0.724944
0.737716
0.747401
0.753497
0.756018
0.756489
0.756326
0.448721
0.448964
0.45268
0.462538
0.478957
0.500322
0.525612
0.554839
0.58772
0.623768
0.660468
0.691567
0.714964
0.733109
0.747408
0.758053
0.764334
0.766677
0.767015
0.766816
0.374466
0.376795
0.387683
0.407022
0.433654
0.464561
0.498788
0.536193
0.576502
0.619204
0.661486
0.696659
0.722883
0.743183
0.75909
0.770533
0.776818
0.778905
0.779127
0.778929
0.295431
0.301792
0.321133
0.350633
0.388014
0.428735
0.471962
0.517654
0.565665
0.615539
0.664234
0.704384
0.734114
0.756998
0.774837
0.78702
0.792914
0.794526
0.794652
0.794534
0.22767
0.234396
0.260346
0.298481
0.345005
0.39474
0.446585
0.500381
0.555966
0.612862
0.667738
0.712572
0.745567
0.770787
0.790019
0.802379
0.807825
0.809217
0.809363
0.809296
0.172292
0.179281
0.209245
0.253544
0.306887
0.364022
0.423326
0.484451
0.547078
0.610625
0.6714
0.720677
0.756708
0.784005
0.804459
0.817217
0.822543
0.823901
0.824089
0.824055
0.1263
0.133599
0.166046
0.215042
0.273797
0.336953
0.40253
0.470062
0.539052
0.608787
0.675144
0.728655
0.767574
0.796886
0.818608
0.831905
0.837546
0.838893
0.83906
0.839052
0.0872814
0.0947457
0.12893
0.181459
0.244743
0.312986
0.383964
0.457139
0.531879
0.607323
0.678934
0.73649
0.778208
0.809511
0.832495
0.846572
0.852581
0.853936
0.854128
0.854128
0.053225
0.0607911
0.0962264
0.151694
0.218733
0.291347
0.36708
0.445297
0.52527
0.60602
0.682609
0.744047
0.788473
0.821703
0.845998
0.860821
0.867237
0.86873
0.868959
0.868965
0.0226415
0.0303068
0.066761
0.124737
0.194957
0.271364
0.351317
0.434095
0.518903
0.604638
0.685976
0.751146
0.798175
0.833234
0.858749
0.874335
0.881134
0.882866
0.883118
0.883124
-0.00542775
0.00232255
0.039657
0.0997819
0.172773
0.252524
0.336246
0.423179
0.512464
0.602912
0.688815
0.757601
0.807136
0.843932
0.87057
0.886866
0.894006
0.895953
0.89624
0.896253
-0.0317488
-0.0238904
0.0142881
0.0761796
0.151713
0.234442
0.321542
0.412262
0.505708
0.600635
0.690983
0.763319
0.815284
0.853736
0.881369
0.898224
0.905658
0.907743
0.908027
0.908002
-0.0567895
-0.048791
-0.0097795
0.0536239
0.131431
0.216816
0.306969
0.40115
0.498471
0.597669
0.692365
0.768243
0.822618
0.862645
0.891194
0.908427
0.916035
0.918205
0.918479
0.918433
-0.0809157
-0.0727494
-0.0329993
0.0318652
0.111699
0.199453
0.292366
0.389708
0.490636
0.593907
0.692885
0.772354
0.829173
0.870731
0.900083
0.917565
0.925238
0.927408
0.927667
0.927593
-0.104296
-0.0959222
-0.055571
0.010735
0.0923668
0.182244
0.277634
0.377858
0.482122
0.589266
0.692478
0.775632
0.835011
0.878134
0.908184
0.925781
0.933408
0.935537
0.935769
0.935673
-0.127075
-0.118536
-0.0774534
-0.00988721
0.0733524
0.165121
0.26273
0.36556
0.4729
0.5837
0.691088
0.778068
0.840192
0.884995
0.915702
0.933285
0.940714
0.942728
0.942907
0.9428
-0.149317
-0.140608
-0.0988018
-0.0300634
0.0546178
0.148072
0.247659
0.352825
0.462956
0.577181
0.688657
0.779629
0.844782
0.89147
0.922818
0.940213
0.947283
0.949101
0.949205
0.949072
-0.171067
-0.162172
-0.119651
-0.0498135
0.0361632
0.13111
0.232439
0.339683
0.45233
0.569717
0.685146
0.780257
0.848799
0.897695
0.929751
0.946769
0.953239
0.954723
0.954732
0.954581
-0.192276
-0.183192
-0.139934
-0.069105
0.0180222
0.114271
0.217132
0.326196
0.441081
0.561327
0.680513
0.779872
0.852203
0.903768
0.936781
0.953259
0.958773
0.959704
0.95957
0.959417
-0.212891
-0.203613
-0.159651
-0.0879163
0.000231037
0.0976193
0.201801
0.312443
0.429273
0.552076
0.674741
0.778374
0.854886
0.909701
0.944193
0.960192
0.964337
0.964229
0.96379
0.963688
-0.23292
-0.223436
-0.178789
-0.10622
-0.0171704
0.0812224
0.186529
0.298513
0.417003
0.542029
0.667853
0.775654
0.856669
0.915362
0.952135
0.968251
0.970907
0.968944
0.967618
0.967532
-0.252296
-0.242608
-0.197309
-0.123975
-0.0341201
0.0651298
0.171395
0.284495
0.404377
0.531283
0.65988
0.771599
0.857329
0.920444
0.960383
0.977937
0.980109
0.975993
0.972398
0.971069
-0.271045
-0.261162
-0.215199
-0.141186
-0.0506447
0.0493272
0.156381
0.270362
0.391372
0.51981
0.650755
0.765991
0.856571
0.924575
0.968329
0.989001
0.993083
0.98852
0.980588
0.965401
-0.289195
-0.2791
-0.23256
-0.158033
-0.0669849
0.0335156
0.141111
0.25566
0.37745
0.506993
0.639831
0.758164
0.853707
0.927283
0.974888
0.999425
1.00725
1.00103
0.992387
0.948151
-0.307011
-0.296038
-0.249298
-0.17439
-0.083054
0.0177889
0.125751
0.2406
0.362824
0.493016
0.627143
0.747909
0.847811
0.92772
0.977732
1.00253
1.00993
1.00633
0.954797
0.894958
-0.325495
-0.310909
-0.265171
-0.190103
-0.0990633
0.00191628
0.110036
0.225178
0.347475
0.477856
0.612549
0.734895
0.83754
0.925637
0.973969
0.985394
0.992942
0.959053
0.893332
0.828941
-0.34375
-0.345885
-0.285983
-0.202793
-0.111787
-0.0112022
0.0945839
0.210055
0.332141
0.462291
0.596677
0.719356
0.82248
0.922642
0.935345
0.950659
0.928352
0.864672
0.789664
0.719224
-0.319596
-0.318345
-0.259706
-0.176779
-0.0806742
0.0230664
0.133702
0.251755
0.37699
0.51106
0.640203
0.751421
0.845082
0.941428
0.95084
0.850236
0.76516
0.697059
0.623627
0.481354
-0.360096
-0.333943
-0.272514
-0.188701
-0.0930439
0.0106451
0.12071
0.238189
0.362562
0.495259
0.622165
0.730537
0.815015
0.87796
0.846277
0.714513
0.593779
0.511011
0.42666
0.265199
-0.384257
-0.353348
-0.290986
-0.207755
-0.111963
-0.00843024
0.101847
0.218577
0.341677
0.472208
0.595885
0.698907
0.774589
0.802532
0.722899
0.558908
0.419375
0.3158
0.200602
-0.0318929
-0.407832
-0.374602
-0.311023
-0.227104
-0.131243
-0.0278061
0.0821269
0.197951
0.319539
0.447465
0.566877
0.662774
0.726954
0.719647
0.584399
0.397352
0.226304
0.0844875
-0.075075
-0.455365
-0.430465
-0.39638
-0.331741
-0.246904
-0.15095
-0.047709
0.0615835
0.176372
0.296234
0.421157
0.535438
0.623319
0.669159
0.632293
0.449664
0.242892
0.0302986
-0.14776
-0.393818
-0.93849
-0.452912
-0.418762
-0.353417
-0.267963
-0.171836
-0.0688164
0.0398426
0.153496
0.271407
0.392946
0.501564
0.581248
0.607322
0.521207
0.326298
0.112788
-0.103236
-0.302805
-0.469021
-1.05609
-0.476317
-0.442081
-0.37633
-0.290517
-0.19425
-0.0914196
0.0166353
0.129115
0.244924
0.362784
0.465462
0.53532
0.537076
0.408226
0.220123
0.0167548
-0.169579
-0.297479
-0.330573
-0.377429
-0.501107
-0.466792
-0.400795
-0.314849
-0.218626
-0.116152
-0.00887891
0.102141
0.215435
0.328944
0.425194
0.482209
0.461881
0.304322
0.124189
-0.0543927
-0.198505
-0.259738
-0.282449
-0.288183
-0.527629
-0.493081
-0.426908
-0.340944
-0.244936
-0.14301
-0.0367854
0.0724522
0.182817
0.29135
0.380466
0.42246
0.387282
0.207593
0.0367905
-0.119994
-0.229003
-0.255598
-0.256651
-0.257015
-0.555982
-0.521097
-0.454716
-0.368794
-0.273149
-0.171998
-0.0670842
0.040044
0.147041
0.250063
0.331011
0.360518
0.294187
0.119075
-0.0429788
-0.181206
-0.227893
-0.242175
-0.24331
-0.242857
-0.58606
-0.55078
-0.484184
-0.39839
-0.303255
-0.203089
-0.0997598
0.00491219
0.108139
0.205159
0.277356
0.293264
0.196542
0.0372021
-0.110459
-0.219196
-0.232835
-0.232668
-0.233784
-0.233433
-0.617404
-0.581909
-0.51513
-0.429563
-0.335122
-0.236184
-0.134736
-0.0328805
0.066221
0.156849
0.220431
0.21861
0.111748
-0.0350698
-0.163816
-0.202085
-0.224288
-0.227845
-0.228253
-0.228024
-0.649665
-0.613858
-0.547209
-0.462015
-0.368496
-0.271057
-0.1718
-0.0731168
0.0215221
0.105683
0.159924
0.146497
0.0326341
-0.0947313
-0.198266
-0.239226
-0.227461
-0.224278
-0.223909
-0.223739
-0.681906
-0.646089
-0.579872
-0.495258
-0.402935
-0.307314
-0.210596
-0.115425
-0.0255992
0.052404
0.095769
0.0804366
-0.0390171
-0.140999
-0.215227
-0.21402
-0.219514
-0.221039
-0.221216
-0.221127
-0.713113
-0.677794
-0.611952
-0.528568
-0.4378
-0.344386
-0.250584
-0.15922
-0.0745132
-0.00240481
0.0339966
0.0138425
-0.100503
-0.185624
-0.202822
-0.225678
-0.223567
-0.221268
-0.220147
-0.219778
-0.741703
-0.707355
-0.64264
-0.560884
-0.472197
-0.381468
-0.291026
-0.203761
-0.124232
-0.05802
-0.0223723
-0.0568222
-0.152341
-0.22522
-0.227154
-0.227075
-0.226035
-0.223096
-0.221616
-0.220854
-0.765983
-0.733092
-0.670241
-0.590921
-0.50499
-0.417535
-0.330958
-0.248133
-0.173614
-0.113334
-0.0781958
-0.115149
-0.192287
-0.273629
-0.29984
-0.265446
-0.239921
-0.231307
-0.22808
-0.226593
-0.783635
-0.752895
-0.692745
-0.616999
-0.534798
-0.45136
-0.369243
-0.291254
-0.221631
-0.166693
-0.134107
-0.156431
-0.20052
-0.294114
-0.30634
-0.265637
-0.252373
-0.246168
-0.242256
-0.240397
-0.792317
-0.764272
-0.708268
-0.637236
-0.559986
-0.481622
-0.404671
-0.331921
-0.267273
-0.216828
-0.1819
-0.183894
-0.154292
-0.167948
-0.182637
-0.215751
-0.237904
-0.243312
-0.243787
-0.24403
-0.7891
-0.765335
-0.714967
-0.649834
-0.578941
-0.50681
-0.435913
-0.368961
-0.309571
-0.263393
-0.220975
-0.207993
-0.118422
0.0168741
-0.0687197
-0.173345
-0.220074
-0.237379
-0.244581
-0.246824
-0.770509
-0.75283
-0.71103
-0.653463
-0.590358
-0.525626
-0.461657
-0.401061
-0.347693
-0.305947
-0.265076
-0.266328
-0.235213
-0.11328
-0.192819
-0.269279
-0.297801
-0.307374
-0.311254
-0.312973
-0.738154
-0.725962
-0.694965
-0.647526
-0.593557
-0.537324
-0.480862
-0.426896
-0.379841
-0.345464
-0.320771
-0.395089
-0.594409
-0.867647
-0.851519
-0.633894
-0.490195
-0.430513
-0.41329
-0.409615
-0.696629
-0.689076
-0.669645
-0.633485
-0.589345
-0.541982
-0.492932
-0.445281
-0.403464
-0.376184
-0.362233
-0.455599
-0.606407
-0.782934
-0.707222
-0.501495
-0.398574
-0.35255
-0.334137
-0.329879
-0.654306
-0.650089
-0.639633
-0.615494
-0.580536
-0.540771
-0.498233
-0.455291
-0.416209
-0.387167
-0.373975
-0.314438
-0.11699
0.144127
0.306251
0.230623
0.0493077
-0.082973
-0.1235
-0.124722
-0.619956
-0.617785
-0.612265
-0.596628
-0.570013
-0.535883
-0.498104
-0.45744
-0.417306
-0.38229
-0.367082
-0.282465
-0.13677
-0.00549492
-0.0508488
-0.300323
-0.45752
-0.447302
-0.380041
-0.366431
-0.594444
-0.593412
-0.59134
-0.582632
-0.561758
-0.531431
-0.495031
-0.454143
-0.410072
-0.370301
-0.348877
-0.348921
-0.391314
-0.621383
-0.889497
-1.09789
-1.20683
-1.15132
-1.02675
-0.975055
-0.577657
-0.577145
-0.576344
-0.572172
-0.556908
-0.528397
-0.491
-0.446758
-0.39834
-0.344682
-0.306474
-0.294671
-0.387188
-0.56382
-0.836069
-0.983094
-0.925763
-0.739794
-0.564256
-0.483721
-0.567443
-0.567246
-0.566703
-0.5653
-0.554875
-0.527389
-0.487199
-0.438332
-0.380273
-0.310653
-0.24412
-0.151442
-0.0666584
-0.00799041
0.0634183
0.165558
0.378206
0.598896
0.745736
0.804247
-0.560793
-0.560505
-0.559702
-0.559099
-0.553594
-0.529043
-0.485735
-0.430384
-0.36297
-0.283227
-0.179089
-0.0520706
0.144453
0.44277
0.797562
1.17237
1.49338
1.70849
1.81471
1.84709
-0.558719
-0.558542
-0.558072
-0.557796
-0.556228
-0.534376
-0.486734
-0.425222
-0.350931
-0.255491
-0.138812
-0.0234223
0.215358
0.591262
1.04525
1.46073
1.78436
1.9761
2.05759
2.07745
-0.557688
-0.558728
-0.561529
-0.565558
-0.566016
-0.541765
-0.490606
-0.426215
-0.345306
-0.243348
-0.126925
-0.0032958
0.168681
0.539757
0.942143
1.30486
1.57062
1.71631
1.77496
1.78802
-0.554924
-0.555874
-0.555906
-0.55458
-0.553066
-0.535976
-0.496331
-0.434162
-0.348265
-0.243013
-0.130024
-0.0161172
0.110043
0.397218
0.718595
0.992667
1.19007
1.29347
1.33269
1.34009
-0.576021
-0.573341
-0.556054
-0.52128
-0.500098
-0.515809
-0.510211
-0.449212
-0.357814
-0.250224
-0.142966
-0.040886
0.0527172
0.254435
0.486552
0.677218
0.812756
0.880399
0.904879
0.908179
-0.639343
-0.635003
-0.626188
-0.612783
-0.603723
-0.607543
-0.568806
-0.478125
-0.371114
-0.258069
-0.157299
-0.0707117
0.00374531
0.143876
0.293323
0.41205
0.493824
0.533324
0.547669
0.549833
-0.763893
-0.778863
-0.818012
-0.853947
-0.849502
-0.802213
-0.670073
-0.518262
-0.381016
-0.263906
-0.171962
-0.0985969
-0.0374503
0.0545501
0.146121
0.210523
0.246554
0.263535
0.270064
0.271513
-0.865488
-0.889297
-0.932431
-0.963126
-0.956374
-0.891271
-0.717647
-0.528604
-0.376828
-0.260489
-0.180201
-0.124155
-0.0793831
-0.0148478
0.0388195
0.0697473
0.0814132
0.0839685
0.0888312
0.0910538
-0.795215
-0.817362
-0.852981
-0.882231
-0.877311
-0.803287
-0.636132
-0.473237
-0.339063
-0.239657
-0.177395
-0.141524
-0.115468
-0.0629945
-0.021237
0.000310505
0.00878926
0.0128523
0.0190093
0.0202195
-0.524052
-0.543388
-0.577942
-0.612146
-0.618908
-0.563269
-0.458578
-0.354412
-0.267034
-0.19955
-0.1594
-0.146079
-0.134353
-0.0882956
-0.0484681
-0.0214535
-0.00614388
0.00165593
0.00521713
0.00592951
-0.175512
-0.186165
-0.208013
-0.237817
-0.261492
-0.260675
-0.244033
-0.212997
-0.178862
-0.145839
-0.127025
-0.127687
-0.124162
-0.0787936
-0.0399317
-0.0127905
0.00505426
0.0164307
0.0195852
0.019024
0.0843122
0.0793154
0.0644986
0.0369697
-0.00168821
-0.0423117
-0.0713529
-0.0887337
-0.0926428
-0.0865744
-0.0805626
-0.081013
-0.073017
-0.0390839
-0.0108837
0.0084747
0.0218058
0.0291151
0.0314674
0.0309045
0.20846
0.205769
0.195197
0.170811
0.130702
0.0813281
0.0351007
-0.00093226
-0.0227376
-0.0304557
-0.0273518
-0.0180426
0.000220193
0.0144878
0.0248083
0.0328652
0.0395988
0.0436161
0.0445229
0.0436623
0.237988
0.236261
0.228699
0.209987
0.177638
0.135932
0.0927005
0.0548816
0.0282727
0.0165541
0.0216227
0.0403431
0.0609503
0.0620857
0.0584221
0.0579218
0.0592747
0.0607114
0.0606208
0.0595028
0.22417
0.223056
0.218009
0.205192
0.182519
0.15211
0.118165
0.0864452
0.0622606
0.0511864
0.0583952
0.0777532
0.0953535
0.0896011
0.0804331
0.0756181
0.0745082
0.0740079
0.0730272
0.071776
0.19585
0.195219
0.192084
0.183895
0.168979
0.148174
0.123673
0.0997306
0.080963
0.0729261
0.0803259
0.0960184
0.106249
0.0979474
0.0891982
0.0831496
0.0799901
0.0767023
0.0745094
0.0734517
0.164634
0.164415
0.162585
0.157604
0.148204
0.134611
0.117997
0.101215
0.0879842
0.0833577
0.091246
0.103479
0.107469
0.0982871
0.0893838
0.082013
0.0763562
0.0720719
0.0694962
0.0689195
0.134722
0.134573
0.133584
0.130679
0.124956
0.116392
0.105626
0.0945345
0.0861312
0.0846093
0.0938782
0.106586
0.109094
0.0984008
0.0891712
0.0812776
0.0749644
0.0697058
0.0676522
0.0673395
0.106736
0.106729
0.106238
0.104637
0.101324
0.0961086
0.0894066
0.0824471
0.077519
0.0780997
0.0880788
0.103702
0.109857
0.0975913
0.0858527
0.0787531
0.0740753
0.0714551
0.0703206
0.0698998
0.080848
0.0809046
0.0807122
0.0799254
0.0781514
0.0751695
0.0711725
0.0668861
0.0638556
0.0641546
0.0710586
0.0851843
0.0940828
0.0814787
0.072658
0.0702615
0.0696703
0.0697637
0.0693629
0.068724
0.056871
0.0569386
0.056899
0.0565936
0.0557556
0.0542026
0.0519105
0.0492053
0.0470126
0.0453439
0.0435555
0.0419317
0.042521
0.0402152
0.0442747
0.050852
0.0553593
0.0573855
0.057356
0.0566054
0.0346949
0.0347511
0.0347863
0.0347551
0.0344729
0.0338307
0.0327857
0.0312511
0.0288801
0.0252898
0.0133034
-0.014283
-0.0255308
-0.0107054
0.00957551
0.0245418
0.0319948
0.03409
0.034081
0.0335149
0.0142114
0.0142898
0.0143047
0.014366
0.0144064
0.0143805
0.0141307
0.0135083
0.0128133
0.0112604
0.00575066
-0.0141642
-0.0529469
-0.0433329
-0.0154462
-0.000558679
0.0057799
0.00859393
0.00893224
0.00883557
-0.652712
-0.089069
0.230984
0.445553
0.609147
0.73365
0.8331
0.918485
1.027
1.02531
0.152911
0.299826
0.459845
0.596793
0.709328
0.80038
0.875323
0.93256
0.956032
0.960307
0.415708
0.514662
0.621585
0.71455
0.793708
0.859593
0.912128
0.949116
0.972254
0.989412
0.601946
0.67011
0.743939
0.810179
0.867463
0.915588
0.954323
0.984061
1.00752
1.02626
0.741667
0.792603
0.844164
0.893632
0.936881
0.974121
1.0054
1.0311
1.05268
1.07106
0.854835
0.891952
0.933162
0.97191
1.00701
1.03805
1.06499
1.08765
1.10671
1.12451
0.952065
0.982205
1.01753
1.05064
1.0815
1.10941
1.13384
1.15434
1.17099
1.18836
1.04139
1.06982
1.1032
1.13478
1.16431
1.19104
1.21425
1.23331
1.24772
1.26485
1.13168
1.16263
1.1977
1.23028
1.26008
1.28652
1.30896
1.32687
1.33942
1.35667
1.2352
1.27092
1.30881
1.3429
1.37284
1.39847
1.41966
1.43623
1.44778
1.46561
1.36428
1.4033
1.44143
1.47447
1.50238
1.5259
1.54549
1.56096
1.57276
1.591
1.52536
1.56137
1.59343
1.62018
1.64298
1.66346
1.68205
1.69806
1.71175
1.72962
1.71003
1.73507
1.75492
1.77342
1.79106
1.80779
1.82365
1.83964
1.85676
1.87589
1.89669
1.90753
1.92024
1.93479
1.9484
1.96046
1.97136
1.98271
1.99811
2.01754
2.07858
2.09201
2.09707
2.09808
2.10005
2.10741
2.12111
2.1387
2.15244
2.16378
2.34744
2.29685
2.24939
2.2178
2.20475
2.2093
2.23254
2.27759
2.34429
2.43841
0.808378
0.805369
0.799311
0.788386
0.775896
0.764588
0.755532
0.748781
0.744324
0.742442
0.743687
0.747687
0.753861
0.762153
0.77266
0.784982
0.797338
0.806051
0.810564
0.81273
0.736677
0.743325
0.748573
0.752191
0.753306
0.751674
0.748224
0.744438
0.741464
0.740166
0.741265
0.744319
0.74842
0.752655
0.755692
0.756227
0.753913
0.749537
0.743245
0.737421
0.726559
0.729521
0.732885
0.735376
0.737138
0.738325
0.738556
0.737816
0.736765
0.736329
0.73721
0.738968
0.740653
0.741453
0.741047
0.739802
0.737909
0.735044
0.731711
0.729424
0.720498
0.721922
0.724136
0.72641
0.728135
0.729334
0.730229
0.730824
0.731108
0.731439
0.732157
0.732941
0.733305
0.73312
0.732511
0.731382
0.729581
0.727364
0.725618
0.724534
0.715117
0.715935
0.717401
0.719178
0.720922
0.722402
0.723547
0.724499
0.725351
0.726143
0.726838
0.727238
0.727264
0.726923
0.726123
0.724859
0.723352
0.721842
0.720828
0.720161
0.710039
0.710594
0.711678
0.713095
0.714611
0.716122
0.717523
0.718745
0.719857
0.720902
0.721695
0.72207
0.722029
0.72155
0.720692
0.719627
0.718479
0.717415
0.71673
0.716261
0.705134
0.705549
0.706416
0.707629
0.708964
0.71038
0.711843
0.713276
0.714625
0.71589
0.716851
0.717307
0.717269
0.716827
0.716134
0.715317
0.714444
0.713655
0.713154
0.712797
0.700331
0.700657
0.701373
0.702438
0.70368
0.705032
0.706487
0.708027
0.709592
0.711111
0.71229
0.712893
0.712988
0.712733
0.712261
0.711655
0.711002
0.710428
0.710056
0.70977
0.695544
0.695808
0.696417
0.697383
0.698565
0.699886
0.701358
0.702985
0.704737
0.706534
0.707997
0.708846
0.709185
0.709169
0.708922
0.708534
0.708083
0.707681
0.707405
0.707169
0.69068
0.690901
0.691436
0.69234
0.693487
0.694813
0.69634
0.698085
0.700044
0.702151
0.703976
0.705168
0.705815
0.706069
0.706063
0.705904
0.705643
0.705392
0.705192
0.70499
0.685649
0.685837
0.686323
0.687196
0.688345
0.689716
0.691338
0.69325
0.69547
0.697953
0.700226
0.701839
0.702848
0.703414
0.703676
0.703744
0.703677
0.703562
0.703424
0.703247
0.68036
0.680523
0.68098
0.681853
0.683045
0.684506
0.68627
0.68841
0.690964
0.693917
0.696736
0.69885
0.700283
0.701206
0.701766
0.702066
0.702209
0.702222
0.702134
0.701974
0.674714
0.67486
0.675307
0.676209
0.677485
0.679081
0.68105
0.68349
0.68647
0.690008
0.693489
0.6962
0.69813
0.699459
0.700357
0.700946
0.70129
0.701419
0.701374
0.701225
0.668604
0.668736
0.669188
0.67015
0.671552
0.673339
0.675585
0.678413
0.681929
0.68619
0.690472
0.693896
0.696414
0.698216
0.699497
0.700399
0.700971
0.70122
0.701213
0.70107
0.661897
0.66202
0.662493
0.663544
0.665122
0.667164
0.669768
0.67309
0.677278
0.682423
0.687674
0.69195
0.695165
0.697527
0.699248
0.700506
0.701334
0.701705
0.701733
0.701593
0.654441
0.654557
0.65506
0.656236
0.658044
0.660415
0.663476
0.667422
0.672443
0.678668
0.685089
0.690382
0.694419
0.69744
0.69969
0.701365
0.702472
0.702972
0.703032
0.70289
0.646032
0.646148
0.646692
0.648034
0.650127
0.65292
0.656565
0.661293
0.667346
0.674891
0.682718
0.689222
0.694228
0.698023
0.70091
0.703064
0.704487
0.705123
0.705214
0.705066
0.636366
0.636492
0.63713
0.638671
0.641142
0.644479
0.648862
0.654572
0.661904
0.671059
0.680572
0.688506
0.694656
0.699362
0.702992
0.705707
0.707487
0.708267
0.708385
0.708228
0.625153
0.625279
0.626034
0.627852
0.630802
0.634835
0.640155
0.647104
0.656027
0.667145
0.67867
0.688283
0.69577
0.701546
0.706027
0.709401
0.711578
0.712506
0.712646
0.712477
0.611905
0.612048
0.612964
0.615143
0.618717
0.623656
0.630186
0.638712
0.649619
0.663123
0.677036
0.688611
0.697637
0.704646
0.710125
0.714248
0.716852
0.717924
0.71808
0.717894
0.59597
0.596152
0.597299
0.59997
0.604377
0.610524
0.618647
0.629211
0.64261
0.65901
0.675727
0.689558
0.700331
0.708746
0.715355
0.720313
0.723364
0.724569
0.724728
0.724523
0.576407
0.576666
0.578162
0.581537
0.587108
0.59492
0.605196
0.61843
0.634969
0.654861
0.674828
0.691205
0.703938
0.713913
0.721758
0.727631
0.731119
0.732424
0.732572
0.732346
0.551794
0.552199
0.554249
0.5587
0.566004
0.576217
0.589489
0.606266
0.62675
0.650804
0.674471
0.693652
0.708514
0.72019
0.729359
0.736173
0.740037
0.741388
0.741504
0.741257
0.519819
0.520523
0.523548
0.529834
0.539926
0.553761
0.571289
0.592757
0.618125
0.647039
0.67482
0.697011
0.714116
0.727575
0.73814
0.745809
0.749927
0.751243
0.751306
0.751043
0.476343
0.477764
0.482869
0.492773
0.507723
0.527164
0.550696
0.578232
0.609483
0.643904
0.676106
0.701411
0.720801
0.736033
0.747964
0.756316
0.760462
0.761641
0.761632
0.761361
0.413633
0.418109
0.42877
0.445824
0.469035
0.496868
0.528406
0.563375
0.601376
0.641769
0.678536
0.706947
0.728555
0.745471
0.758532
0.767251
0.77115
0.772045
0.771958
0.771698
0.339055
0.347145
0.366587
0.394251
0.428084
0.465353
0.505488
0.548372
0.593671
0.640782
0.682997
0.715322
0.739763
0.758715
0.773031
0.781941
0.785519
0.786243
0.786209
0.786079
0.264221
0.277628
0.306199
0.344297
0.388193
0.434779
0.483521
0.534389
0.587091
0.641059
0.688884
0.725225
0.752574
0.773722
0.789303
0.797945
0.800861
0.801351
0.801343
0.801305
0.202058
0.219305
0.253555
0.299476
0.351581
0.406362
0.463035
0.521472
0.581284
0.641851
0.695011
0.735113
0.765113
0.787983
0.804211
0.812825
0.815556
0.815976
0.81601
0.816021
0.151075
0.170377
0.209088
0.260819
0.319348
0.3809
0.444434
0.509667
0.576054
0.642855
0.701099
0.744759
0.777222
0.801786
0.818934
0.827582
0.830211
0.830802
0.830862
0.830928
0.108342
0.128892
0.170935
0.227289
0.291124
0.358342
0.427789
0.499061
0.571463
0.644091
0.70716
0.754227
0.789085
0.815311
0.833354
0.842364
0.845336
0.846007
0.846088
0.846185
0.0715653
0.0929083
0.137608
0.197708
0.266006
0.338121
0.412772
0.489457
0.56736
0.645432
0.713088
0.76344
0.800629
0.828513
0.847538
0.857229
0.860475
0.86122
0.861324
0.86141
0.0390792
0.060977
0.107831
0.171083
0.243181
0.319574
0.398867
0.480467
0.563468
0.646677
0.718721
0.772238
0.811669
0.841142
0.861151
0.871518
0.875039
0.875883
0.875976
0.876057
0.00965416
0.0319556
0.0806308
0.146592
0.221994
0.302158
0.385627
0.471739
0.5595
0.647592
0.723857
0.780422
0.821991
0.852927
0.873913
0.884899
0.888738
0.889613
0.889693
0.889761
-0.0176901
0.00503417
0.0552975
0.123614
0.201949
0.28547
0.37271
0.462964
0.55519
0.647959
0.728335
0.787865
0.831483
0.863807
0.88565
0.897124
0.901222
0.902109
0.902148
0.902183
-0.0434792
-0.020318
0.0313436
0.101718
0.182673
0.269199
0.359852
0.453924
0.550354
0.647632
0.732062
0.794515
0.840119
0.873729
0.896258
0.908054
0.912351
0.913273
0.9133
0.913311
-0.0681538
-0.0444816
0.0082947
0.0806215
0.1639
0.253123
0.346881
0.444474
0.544857
0.646507
0.734963
0.80037
0.847929
0.882712
0.905818
0.917829
0.922167
0.92309
0.923105
0.923086
-0.0919961
-0.0678571
-0.0139896
0.0601084
0.145463
0.23711
0.333677
0.434509
0.538605
0.644485
0.736998
0.805446
0.854998
0.890904
0.914455
0.926512
0.930829
0.931718
0.931714
0.931664
-0.11519
-0.0905359
-0.0355965
0.0400496
0.127262
0.221074
0.320177
0.423975
0.531545
0.641511
0.738123
0.809766
0.861433
0.898459
0.922324
0.934329
0.93852
0.939343
0.939297
0.939227
-0.137812
-0.112629
-0.0566489
0.0203814
0.109248
0.204995
0.306371
0.412856
0.523642
0.637531
0.738291
0.813345
0.867345
0.905564
0.929631
0.941405
0.945375
0.946093
0.946016
0.945924
-0.159863
-0.134209
-0.0772251
0.00107735
0.0914172
0.188874
0.292272
0.401174
0.5149
0.632514
0.737442
0.816175
0.872841
0.912397
0.936553
0.94788
0.951493
0.952048
0.951926
0.951819
-0.181399
-0.155235
-0.0973084
-0.0178507
0.0737912
0.172747
0.27793
0.388972
0.505361
0.626446
0.735518
0.818209
0.877958
0.919158
0.943365
0.953953
0.956944
0.957264
0.957102
0.956991
-0.202344
-0.175678
-0.116862
-0.0363773
0.0564071
0.15668
0.26341
0.376324
0.495079
0.619337
0.732445
0.819348
0.882676
0.926017
0.950441
0.960001
0.961962
0.961838
0.961622
0.961531
-0.222715
-0.195504
-0.135886
-0.0544606
0.0393262
0.140731
0.248796
0.363324
0.484124
0.611234
0.728164
0.819458
0.886879
0.933038
0.958231
0.966734
0.96707
0.965944
0.965552
0.965575
-0.242425
-0.214718
-0.154334
-0.0720657
0.0225972
0.124977
0.234163
0.350045
0.472601
0.602205
0.722637
0.818365
0.890343
0.940052
0.967022
0.975203
0.973643
0.970496
0.968935
0.968819
-0.261542
-0.233291
-0.172166
-0.0891422
0.00629084
0.1095
0.219627
0.336621
0.46063
0.592336
0.715863
0.815883
0.892753
0.946584
0.976491
0.98615
0.984135
0.978248
0.971435
0.954898
-0.280003
-0.251216
-0.189517
-0.105893
-0.00988208
0.0939783
0.204783
0.322606
0.447719
0.581126
0.707332
0.811467
0.8938
0.952242
0.985884
0.999345
0.999417
0.99231
0.97794
0.992957
-0.297928
-0.268473
-0.206327
-0.12229
-0.0258435
0.0784693
0.189636
0.308025
0.433855
0.568467
0.696818
0.804469
0.89271
0.955905
0.992082
1.00878
1.01212
1.00191
0.94101
0.925524
-0.315909
-0.285664
-0.222344
-0.138011
-0.0410196
0.0634162
0.174398
0.293137
0.419319
0.554549
0.684298
0.794424
0.888439
0.956683
0.990213
1.00636
0.999969
0.96309
0.895616
0.855124
-0.334618
-0.303764
-0.237156
-0.152788
-0.055033
0.0489615
0.159456
0.27811
0.404185
0.53937
0.669595
0.781075
0.878567
0.953113
1.00233
0.977188
0.947013
0.881106
0.808796
0.765148
0.0880934
0.203403
0.325337
0.455213
0.588952
0.710917
0.812974
0.6447
-0.354813
-0.336059
-0.297918
-0.226797
-0.136282
-0.0370185
0.0702832
0.184497
0.305638
0.434317
0.56699
0.688201
0.78916
0.869671
0.922197
0.874587
0.728728
0.638214
0.56767
-0.371928
-0.358964
-0.314632
-0.242127
-0.1512
-0.0516827
0.055117
0.168838
0.289106
0.416403
0.546882
0.664714
0.759517
0.827222
0.823466
0.715312
0.567808
0.459602
0.369076
-0.394617
-0.381986
-0.334687
-0.261144
-0.170199
-0.0703717
0.0364597
0.149836
0.269148
0.394808
0.522167
0.634842
0.718811
0.76933
0.728841
0.564473
0.396757
0.261891
0.142892
-0.417486
-0.404707
-0.355837
-0.280981
-0.189727
-0.0899074
0.016615
0.129251
0.247324
0.370891
0.494603
0.601229
0.677884
0.700251
0.612568
0.418069
0.219249
0.0398186
-0.127464
-0.439575
-0.427283
-0.377637
-0.301651
-0.210012
-0.110216
-0.00414394
0.107599
0.224242
0.345353
0.464898
0.564641
0.631767
0.615244
0.483872
0.282191
0.0631005
-0.144115
-0.331389
-0.462273
-0.450252
-0.40031
-0.323605
-0.23166
-0.131823
-0.0261306
0.0847703
0.199914
0.318401
0.433503
0.525715
0.578549
0.539945
0.366257
0.168298
-0.042835
-0.240564
-0.362823
-0.402423
-0.4863
-0.474419
-0.424224
-0.347132
-0.255076
-0.155305
-0.0500637
0.0598711
0.173277
0.288728
0.3988
0.482945
0.519868
0.457649
0.261111
0.0719297
-0.108156
-0.243692
-0.289903
-0.313634
-0.511793
-0.500037
-0.449649
-0.372347
-0.280333
-0.180837
-0.0762344
0.0324595
0.143768
0.255658
0.359971
0.435698
0.451901
0.351903
0.167218
-0.00755749
-0.159802
-0.24316
-0.263369
-0.268746
-0.539075
-0.527307
-0.476709
-0.399265
-0.307419
-0.208374
-0.104662
0.0025006
0.111339
0.219178
0.316986
0.383939
0.370867
0.250034
0.0799709
-0.0842613
-0.204078
-0.248539
-0.248167
-0.249227
-0.568047
-0.556372
-0.505436
-0.427894
-0.336331
-0.237918
-0.135342
-0.0300032
0.0759858
0.179315
0.270053
0.326601
0.296388
0.154337
-0.000507364
-0.153014
-0.219229
-0.237082
-0.23815
-0.237806
-0.598564
-0.586901
-0.535729
-0.458148
-0.366981
-0.269415
-0.16822
-0.0650277
0.0377342
0.136141
0.219433
0.263809
0.230286
0.0712209
-0.0733697
-0.187927
-0.237733
-0.230877
-0.230693
-0.230711
-0.630135
-0.618399
-0.567323
-0.489777
-0.399181
-0.302687
-0.203155
-0.102438
-0.00326796
0.0899527
0.165412
0.200441
0.152094
-0.00136162
-0.132288
-0.210846
-0.227063
-0.225773
-0.225819
-0.225609
-0.662251
-0.65044
-0.599633
-0.52236
-0.43256
-0.337404
-0.239854
-0.14195
-0.0467532
0.0411311
0.108787
0.133003
0.0664471
-0.0640908
-0.177225
-0.195908
-0.214089
-0.221004
-0.221979
-0.221903
-0.693927
-0.682125
-0.631803
-0.555261
-0.466553
-0.373071
-0.277863
-0.183112
-0.0922092
-0.00990169
0.0513064
0.0599276
-0.00858628
-0.120732
-0.195079
-0.243612
-0.227432
-0.222507
-0.220774
-0.220403
-0.723324
-0.712372
-0.662898
-0.587441
-0.500345
-0.408966
-0.316523
-0.22529
-0.138886
-0.0624258
-0.00574882
-0.00691918
-0.0761085
-0.170766
-0.228319
-0.231954
-0.227125
-0.222655
-0.220647
-0.219939
-0.749687
-0.739036
-0.691539
-0.617665
-0.532841
-0.444116
-0.354958
-0.267663
-0.185868
-0.115168
-0.0629273
-0.0638077
-0.133611
-0.214928
-0.256809
-0.244272
-0.235356
-0.228693
-0.22474
-0.223417
-0.77035
-0.760371
-0.71536
-0.644484
-0.562683
-0.477362
-0.392079
-0.309205
-0.232172
-0.166748
-0.119788
-0.114344
-0.170685
-0.248215
-0.321086
-0.289481
-0.257374
-0.241364
-0.235684
-0.233217
-0.783321
-0.774411
-0.732668
-0.665798
-0.588224
-0.507306
-0.426686
-0.348716
-0.276744
-0.216137
-0.172967
-0.157337
-0.181624
-0.209806
-0.235603
-0.244674
-0.247891
-0.249229
-0.247297
-0.245852
-0.785963
-0.778708
-0.741405
-0.67981
-0.60767
-0.532415
-0.457388
-0.384968
-0.318465
-0.262354
-0.22008
-0.191163
-0.17311
-0.0836438
-0.112911
-0.162725
-0.209761
-0.228963
-0.236197
-0.23921
-0.776462
-0.770644
-0.739217
-0.684629
-0.619527
-0.551191
-0.482844
-0.416737
-0.356121
-0.304916
-0.264177
-0.232863
-0.198829
-0.0686684
-0.0260334
-0.14589
-0.223903
-0.253716
-0.265405
-0.269981
-0.751511
-0.747413
-0.723481
-0.678819
-0.622755
-0.562626
-0.501908
-0.442707
-0.388334
-0.343386
-0.310621
-0.295742
-0.354585
-0.45385
-0.467874
-0.449252
-0.408811
-0.377972
-0.367778
-0.365194
-0.714403
-0.71188
-0.696244
-0.662569
-0.617403
-0.566563
-0.513946
-0.461846
-0.413593
-0.375142
-0.354246
-0.382399
-0.554865
-0.934749
-1.12579
-0.890892
-0.587724
-0.446174
-0.410484
-0.399134
-0.671797
-0.670197
-0.662457
-0.639678
-0.605599
-0.563982
-0.519232
-0.473456
-0.430239
-0.395298
-0.381551
-0.377973
-0.368786
-0.300565
-0.214863
-0.153723
-0.156991
-0.199905
-0.212663
-0.207927
-0.633572
-0.632544
-0.62902
-0.616295
-0.591122
-0.557349
-0.518961
-0.477961
-0.43679
-0.400465
-0.378355
-0.326295
-0.177781
0.0758887
0.315691
0.283611
0.08104
-0.0290702
-0.0874776
-0.0952554
-0.60587
-0.605323
-0.602981
-0.596557
-0.578401
-0.5503
-0.515731
-0.476727
-0.435086
-0.394617
-0.363615
-0.343136
-0.286414
-0.320008
-0.47676
-0.745054
-0.96944
-1.01275
-0.918793
-0.822862
-0.584872
-0.584422
-0.583471
-0.581014
-0.569579
-0.545493
-0.512015
-0.472351
-0.428417
-0.380559
-0.343575
-0.330938
-0.376469
-0.55028
-0.83702
-1.07743
-1.19388
-1.14666
-1.00848
-0.890524
-0.572134
-0.571992
-0.571555
-0.570084
-0.564269
-0.543116
-0.509179
-0.466751
-0.416317
-0.360193
-0.298466
-0.247388
-0.220576
-0.273566
-0.374679
-0.481659
-0.429337
-0.231388
-0.0343417
0.0781092
-0.563594
-0.563565
-0.563189
-0.562784
-0.560206
-0.543264
-0.508224
-0.4609
-0.404029
-0.336766
-0.253055
-0.170487
-0.0147862
0.162285
0.383694
0.618401
0.889973
1.1555
1.33481
1.40994
-0.559191
-0.559058
-0.558466
-0.557404
-0.556258
-0.54612
-0.510255
-0.457866
-0.394148
-0.314256
-0.214738
-0.10014
0.0635886
0.351821
0.759452
1.19377
1.57836
1.84973
1.99571
2.04801
-0.558704
-0.55885
-0.55948
-0.560716
-0.561925
-0.553927
-0.515554
-0.458708
-0.387754
-0.30005
-0.192396
-0.066122
0.0821625
0.377164
0.808226
1.22711
1.5817
1.81461
1.92871
1.96551
-0.554934
-0.555971
-0.558079
-0.562801
-0.567118
-0.558293
-0.520521
-0.463765
-0.390051
-0.297202
-0.186505
-0.0654014
0.0454609
0.285339
0.65973
1.00245
1.28577
1.46024
1.54189
1.56661
-0.559582
-0.560355
-0.557353
-0.545557
-0.5309
-0.526664
-0.517202
-0.475021
-0.399254
-0.300772
-0.191075
-0.0809822
0.0217757
0.182856
0.468471
0.721349
0.924062
1.04639
1.10066
1.11652
-0.601811
-0.600291
-0.58921
-0.560051
-0.52755
-0.525381
-0.540945
-0.50126
-0.415432
-0.309944
-0.201861
-0.101432
-0.0132158
0.0996058
0.292526
0.464044
0.598401
0.676719
0.709925
0.719637
-0.696862
-0.6933
-0.704044
-0.726272
-0.735819
-0.718465
-0.674295
-0.559691
-0.43705
-0.317963
-0.211767
-0.123965
-0.0500727
0.0333556
0.158944
0.264607
0.336987
0.377031
0.393868
0.399395
-0.831239
-0.835843
-0.871993
-0.919299
-0.936888
-0.90764
-0.797182
-0.615431
-0.451122
-0.320401
-0.217558
-0.142151
-0.0829989
-0.0211569
0.0525761
0.111322
0.144536
0.157552
0.164141
0.168019
-0.855698
-0.865886
-0.898516
-0.933948
-0.948624
-0.915531
-0.790137
-0.597295
-0.431082
-0.303136
-0.212716
-0.15611
-0.116556
-0.0703423
-0.0174817
0.0189325
0.0317091
0.0348903
0.0383867
0.0421045
-0.677102
-0.689229
-0.720349
-0.758515
-0.77952
-0.748131
-0.629085
-0.485226
-0.35872
-0.260614
-0.19241
-0.156128
-0.136822
-0.103253
-0.057381
-0.0261835
-0.00729619
0.00155579
0.00781399
0.00976791
-0.343398
-0.352485
-0.37408
-0.405381
-0.431895
-0.428825
-0.382104
-0.316988
-0.252213
-0.196941
-0.156756
-0.140308
-0.140498
-0.111212
-0.0669218
-0.0326336
-0.0107571
0.00185984
0.00820848
0.0101055
-0.0265789
-0.0313116
-0.043562
-0.067194
-0.0995973
-0.128193
-0.145199
-0.149275
-0.141951
-0.125582
-0.109454
-0.104924
-0.110229
-0.0809581
-0.0427017
-0.0130444
0.00736017
0.0202092
0.0256422
0.0267468
0.163338
0.160888
0.153627
0.134642
0.100756
0.0541024
0.00820167
-0.0275385
-0.0496064
-0.0578177
-0.0559944
-0.052231
-0.04714
-0.0236269
-0.00188097
0.0133493
0.0253014
0.0335272
0.0369527
0.0371265
0.232146
0.230774
0.226068
0.211333
0.181846
0.13863
0.0914317
0.0480453
0.0158196
-0.00238594
-0.00529646
0.00435493
0.0215054
0.0371034
0.0422465
0.0444365
0.0478042
0.0510786
0.0526243
0.0520656
0.234548
0.233764
0.230566
0.22014
0.198588
0.166108
0.128034
0.0899559
0.058757
0.0393002
0.0367953
0.0511413
0.072207
0.0800736
0.0739462
0.0690012
0.067284
0.0678559
0.0681382
0.0670979
0.210963
0.210598
0.20857
0.201796
0.187415
0.165119
0.137463
0.108298
0.0829378
0.0664927
0.0651455
0.0789577
0.0979578
0.100698
0.0902273
0.0835578
0.0804457
0.0780913
0.0762315
0.0746564
0.18027
0.180211
0.179019
0.174871
0.165769
0.151182
0.132267
0.111493
0.0927589
0.080886
0.0815096
0.0935415
0.106008
0.104284
0.0930978
0.0857849
0.0802903
0.0765627
0.0729634
0.0715821
0.149384
0.149407
0.148796
0.146403
0.140879
0.131697
0.119359
0.105442
0.0927195
0.0850422
0.087928
0.0998359
0.109043
0.104698
0.093387
0.0857655
0.078894
0.0725398
0.0684756
0.0675205
0.120377
0.120513
0.120176
0.118836
0.115611
0.110013
0.102259
0.0933533
0.0852272
0.0810677
0.0859457
0.0999653
0.111367
0.105227
0.0930916
0.0839929
0.0774352
0.0722718
0.06924
0.0685827
0.0934347
0.0935866
0.0934695
0.0928077
0.0910791
0.0877466
0.0831531
0.0776969
0.0726911
0.0705173
0.0754037
0.0894502
0.104612
0.101574
0.085014
0.0775437
0.0740468
0.0720659
0.0711304
0.0705654
0.0685277
0.0686733
0.0686618
0.0684042
0.0675565
0.0658489
0.0632227
0.0599383
0.0566701
0.0549428
0.056352
0.0617716
0.0700677
0.0685871
0.0614435
0.0606126
0.0627971
0.0647999
0.0652433
0.0646494
0.045473
0.0455944
0.0456247
0.0455642
0.0452832
0.0445082
0.0431547
0.0412871
0.0386784
0.0366128
0.0325047
0.0223669
0.00911356
0.0101884
0.0195827
0.0326646
0.0417951
0.0462766
0.0470859
0.0465629
0.0241777
0.0242667
0.0243162
0.0243711
0.0243724
0.024145
0.0236462
0.022816
0.0214909
0.0187583
0.0120833
-0.0125001
-0.0439043
-0.0390646
-0.0157169
0.00665762
0.0172726
0.0204999
0.0206994
0.0206114
0.0142669
0.014296
0.0143266
0.0143972
0.014412
0.0142853
0.0138897
0.0131392
0.0123345
0.00959817
-0.00137509
-0.0330504
-0.0508409
-0.0299315
-0.00499087
0.00283112
0.00775987
0.00877175
0.00898079
0.000197832
-0.300874
0.040143
0.257521
0.445723
0.597447
0.717854
0.813562
0.894883
0.954297
0.949722
0.194105
0.344971
0.485068
0.605646
0.708454
0.793964
0.864244
0.918917
0.952164
0.96436
0.454743
0.550361
0.643353
0.726964
0.799439
0.860984
0.911435
0.949988
0.977365
0.996164
0.633015
0.696855
0.763925
0.825607
0.878626
0.924321
0.962545
0.993427
1.01826
1.03613
0.768847
0.814815
0.866407
0.911942
0.953017
0.989121
1.02039
1.04681
1.06884
1.08428
0.879467
0.916674
0.956966
0.993597
1.02766
1.05856
1.08595
1.10946
1.12908
1.14187
0.97629
1.00842
1.04294
1.07597
1.107
1.1356
1.16111
1.18287
1.20059
1.211
1.06683
1.09793
1.13195
1.16506
1.19589
1.22404
1.24882
1.26957
1.28572
1.29427
1.16128
1.19596
1.23262
1.26791
1.2997
1.32785
1.35195
1.37163
1.38638
1.39433
1.2739
1.31416
1.35331
1.39004
1.42176
1.44877
1.47129
1.48948
1.50313
1.51219
1.41761
1.46025
1.49785
1.53149
1.55945
1.58319
1.60377
1.62115
1.63498
1.6461
1.59539
1.63295
1.66093
1.68524
1.70624
1.7255
1.74372
1.76086
1.77674
1.79125
1.79302
1.81404
1.82892
1.8447
1.86096
1.87625
1.88995
1.9032
1.91869
1.93704
1.9836
1.99077
2.00131
2.01285
2.02275
2.03195
2.04218
2.05327
2.06488
2.07374
2.19662
2.19839
2.19046
2.17394
2.16279
2.16222
2.17437
2.19897
2.23308
2.25761
2.61627
2.42238
2.32132
2.26344
2.2343
2.22767
2.24287
2.28368
2.35954
2.50249
-0.318943
-0.323453
-0.28384
-0.211482
-0.120251
-0.0200742
0.907564
0.973229
0.961778
0.877078
0.800804
0.726011
0.497824
0.276572
0.00758892
-0.347728
-0.695604
)
;

boundaryField
{
    wall-4
    {
        type            zeroGradient;
    }
    pressure-outlet-7
    {
        type            fixedValue;
        value           uniform 0;
    }
    velocity-inlet-6
    {
        type            zeroGradient;
    }
    velocity-inlet-5
    {
        type            zeroGradient;
    }
    frontAndBackPlanes
    {
        type            empty;
    }
}


// ************************************************************************* //
