/*--------------------------------*- C++ -*----------------------------------*\
  =========                 |
  \\      /  F ield         | OpenFOAM: The Open Source CFD Toolbox
   \\    /   O peration     | Website:  https://openfoam.org
    \\  /    A nd           | Version:  9
     \\/     M anipulation  |
\*---------------------------------------------------------------------------*/
FoamFile
{
    format      ascii;
    class       volScalarField;
    location    "4";
    object      p;
}
// * * * * * * * * * * * * * * * * * * * * * * * * * * * * * * * * * * * * * //

dimensions      [0 2 -2 0 0 0 0];

internalField   nonuniform List<scalar> 
8800
(
0.654771
0.607627
0.569967
0.542075
0.522354
0.508601
0.498963
0.492262
0.487922
0.485996
0.486844
0.490289
0.495962
0.504141
0.515723
0.532228
0.555805
0.588618
0.630087
0.688614
0.484775
0.493046
0.502242
0.506788
0.506637
0.503007
0.49784
0.492612
0.488308
0.485483
0.484965
0.487106
0.490957
0.495994
0.501437
0.506127
0.508254
0.506202
0.499174
0.489024
0.467388
0.473828
0.479038
0.482619
0.484666
0.485235
0.484447
0.482852
0.481196
0.480355
0.480866
0.482518
0.484499
0.485961
0.486249
0.484991
0.482252
0.47782
0.472121
0.468627
0.471185
0.472911
0.475493
0.477796
0.479541
0.480266
0.480257
0.479653
0.478828
0.47836
0.478813
0.479869
0.480875
0.48137
0.481165
0.480045
0.478045
0.475543
0.473271
0.472577
0.469288
0.469544
0.470085
0.470745
0.471441
0.472153
0.472662
0.472856
0.472823
0.472839
0.473185
0.473661
0.473911
0.473771
0.473269
0.472638
0.472017
0.471419
0.471044
0.470936
0.465713
0.465901
0.466252
0.466695
0.467165
0.467603
0.467955
0.468196
0.468361
0.468567
0.468907
0.469242
0.469421
0.469386
0.46916
0.468808
0.468408
0.468032
0.467775
0.467693
0.461292
0.461367
0.461511
0.461723
0.462
0.462327
0.462677
0.46302
0.463352
0.463716
0.464101
0.464391
0.464514
0.464485
0.464357
0.46419
0.464028
0.463893
0.463809
0.463776
0.456522
0.456572
0.456669
0.456811
0.457003
0.457249
0.45755
0.457903
0.458311
0.458787
0.45926
0.459608
0.459804
0.459877
0.459871
0.459823
0.459761
0.4597
0.459656
0.459635
0.451562
0.451592
0.45166
0.451769
0.451928
0.452152
0.452453
0.452844
0.453335
0.453932
0.454529
0.454977
0.455262
0.455422
0.455496
0.455521
0.455519
0.455504
0.455488
0.455475
0.44642
0.446441
0.446496
0.446593
0.446744
0.44697
0.447294
0.447741
0.448333
0.449078
0.449838
0.450429
0.450825
0.451079
0.45123
0.451312
0.451352
0.451367
0.451368
0.451359
0.441081
0.441099
0.441157
0.441257
0.44142
0.441672
0.442047
0.44258
0.443306
0.44424
0.445206
0.445964
0.446507
0.446863
0.447089
0.447226
0.447302
0.44734
0.447353
0.447348
0.435535
0.435551
0.435613
0.435728
0.435918
0.436218
0.43667
0.437325
0.438229
0.439407
0.44064
0.441628
0.442327
0.442801
0.443109
0.4433
0.443412
0.443472
0.443496
0.443492
0.429733
0.429751
0.429824
0.429961
0.430193
0.430562
0.431123
0.431941
0.43308
0.434573
0.436142
0.437403
0.438306
0.438924
0.439329
0.439583
0.439734
0.439816
0.439851
0.439847
0.423612
0.423632
0.423722
0.423893
0.424184
0.424648
0.425355
0.42639
0.427832
0.429729
0.431725
0.433333
0.434487
0.435279
0.4358
0.436128
0.436325
0.436434
0.436481
0.436476
0.417087
0.417112
0.417226
0.417443
0.417812
0.418402
0.419303
0.42062
0.422457
0.424871
0.427409
0.429453
0.430921
0.431929
0.432592
0.433012
0.433263
0.433402
0.433463
0.433458
0.410046
0.410078
0.410225
0.410503
0.410977
0.411734
0.412888
0.414573
0.416919
0.419995
0.423219
0.425811
0.427672
0.428948
0.429789
0.430321
0.43064
0.430816
0.430894
0.430888
0.402338
0.40238
0.40257
0.402931
0.403543
0.404521
0.406007
0.408172
0.411175
0.415095
0.419189
0.42247
0.424821
0.426432
0.427493
0.428164
0.428566
0.42879
0.428887
0.428879
0.393761
0.393817
0.394066
0.394538
0.395336
0.396606
0.398531
0.401323
0.405175
0.410174
0.415365
0.419508
0.422471
0.424499
0.425834
0.426678
0.427185
0.427466
0.427588
0.427578
0.384043
0.384119
0.38445
0.385073
0.386123
0.387787
0.390295
0.39391
0.398861
0.405235
0.411805
0.417024
0.420749
0.423296
0.424973
0.426032
0.426668
0.42702
0.427173
0.427159
0.372809
0.372914
0.37336
0.374195
0.375593
0.377793
0.381088
0.385793
0.392172
0.400292
0.408584
0.415135
0.419803
0.422995
0.425097
0.426427
0.427225
0.427666
0.427858
0.427841
0.359527
0.359679
0.360292
0.361432
0.363324
0.366276
0.370648
0.376812
0.385046
0.395375
0.405795
0.413981
0.419809
0.423801
0.426436
0.428106
0.429111
0.429667
0.429908
0.429886
0.343429
0.343657
0.344523
0.346121
0.348742
0.352778
0.35866
0.366796
0.377444
0.390534
0.403548
0.413713
0.420959
0.425946
0.429257
0.431366
0.43264
0.433347
0.433653
0.433625
0.323359
0.323714
0.324983
0.327311
0.331074
0.33674
0.344789
0.355613
0.369375
0.385862
0.40197
0.414485
0.423446
0.429673
0.433856
0.436552
0.438193
0.439106
0.439501
0.439469
0.297443
0.298011
0.300003
0.303632
0.30932
0.317552
0.32877
0.343247
0.360959
0.381513
0.401197
0.416424
0.427419
0.435192
0.440529
0.44405
0.446234
0.447457
0.447982
0.447946
0.262207
0.263215
0.266877
0.273171
0.282336
0.294707
0.310551
0.329889
0.352452
0.377692
0.401345
0.419583
0.432917
0.442582
0.449463
0.454208
0.457297
0.459096
0.459877
0.459834
0.210389
0.213447
0.22183
0.233889
0.249297
0.268154
0.290461
0.315949
0.344172
0.374543
0.402385
0.423803
0.439704
0.451589
0.460466
0.467025
0.471737
0.474878
0.47649
0.476486
0.129258
0.144901
0.164713
0.187165
0.211998
0.239546
0.26968
0.302081
0.336355
0.372068
0.404258
0.42909
0.447917
0.462521
0.474069
0.483346
0.4909
0.49699
0.501835
0.503533
0.0433855
0.0763851
0.108264
0.14144
0.176104
0.212292
0.249981
0.289019
0.329159
0.370218
0.407029
0.435687
0.457862
0.475598
0.490168
0.502441
0.512956
0.522111
0.531823
0.534287
-0.0140571
0.0208058
0.0604141
0.101807
0.14436
0.18799
0.232448
0.277442
0.322715
0.368195
0.408522
0.439839
0.464129
0.48358
0.499479
0.512668
0.523738
0.533121
0.541573
0.54393
-0.0555474
-0.0184072
0.0250825
0.0710966
0.118901
0.167916
0.217539
0.26722
0.316516
0.365307
0.408048
0.440983
0.46635
0.486472
0.502726
0.516024
0.527031
0.536272
0.544387
0.546787
-0.0848866
-0.0472094
-0.00123424
0.0478977
0.0992656
0.152131
0.205639
0.258883
0.311131
0.362121
0.406211
0.43989
0.465666
0.48598
0.502268
0.515488
0.526347
0.535375
0.543081
0.545445
-0.107659
-0.0692524
-0.0216027
0.0298611
0.084015
0.139899
0.196358
0.252198
0.306402
0.358534
0.403042
0.436833
0.462633
0.482912
0.499118
0.512237
0.522862
0.531722
0.539118
0.541468
-0.125879
-0.0867052
-0.0375813
0.0157626
0.0721253
0.130394
0.189166
0.246904
0.302248
0.354591
0.398692
0.432106
0.457695
0.477857
0.49396
0.506935
0.51752
0.526201
0.533331
0.535681
-0.140887
-0.100941
-0.0504201
0.0046013
0.062892
0.123167
0.18379
0.242868
0.298646
0.350326
0.393229
0.425843
0.451123
0.471216
0.487316
0.50028
0.510809
0.519419
0.526376
0.528748
-0.153511
-0.11276
-0.0609937
-0.00436961
0.0556775
0.11775
0.179944
0.239967
0.295602
0.345759
0.386635
0.418054
0.443025
0.463235
0.479551
0.492682
0.503287
0.511901
0.518733
0.521117
-0.16465
-0.12293
-0.0698535
-0.0116838
0.0500377
0.113797
0.177407
0.238125
0.293129
0.340923
0.378821
0.408611
0.433369
0.454054
0.470967
0.484571
0.495459
0.504202
0.511012
0.513445
-0.174556
-0.131736
-0.0774942
-0.0178102
0.0455856
0.111025
0.176008
0.237292
0.291298
0.335876
0.36966
0.397229
0.42196
0.443705
0.461842
0.476413
0.487928
0.497007
0.503905
0.506412
-0.183732
-0.140093
-0.0843387
-0.0231037
0.0420127
0.109165
0.175576
0.23743
0.29021
0.33071
0.358985
0.383486
0.408405
0.432088
0.45241
0.468724
0.481393
0.491119
0.498298
0.500942
-0.192436
-0.147834
-0.0906645
-0.0278449
0.0390415
0.107998
0.175962
0.238504
0.289984
0.325617
0.346646
0.366778
0.39206
0.418927
0.442876
0.462096
0.476748
0.487581
0.495276
0.49809
-0.201001
-0.155263
-0.0967162
-0.0322587
0.0364514
0.107319
0.176996
0.240462
0.290749
0.320856
0.33255
0.346329
0.371934
0.403694
0.433414
0.457107
0.475126
0.487679
0.496207
0.499278
-0.209672
-0.162648
-0.102683
-0.0365462
0.0340468
0.106935
0.178527
0.243218
0.292617
0.316777
0.316718
0.321243
0.34665
0.385525
0.424249
0.455175
0.477472
0.492999
0.502789
0.5062
-0.21862
-0.170151
-0.108727
-0.0408803
0.0316587
0.106672
0.180394
0.246667
0.295653
0.313763
0.299348
0.290493
0.314406
0.362718
0.415208
0.456517
0.485968
0.505331
0.517038
0.521002
-0.227715
-0.177846
-0.114913
-0.0453499
0.0291482
0.106359
0.182411
0.250681
0.299888
0.312247
0.280894
0.252726
0.272679
0.334466
0.405454
0.462364
0.502022
0.527155
0.54152
0.546178
-0.236996
-0.185793
-0.121325
-0.0500319
0.0264309
0.105866
0.184409
0.255093
0.305297
0.312633
0.262111
0.206817
0.218216
0.296347
0.394707
0.474076
0.528013
0.560683
0.577803
0.581938
-0.246662
-0.193969
-0.127959
-0.0549665
0.0234315
0.10511
0.186235
0.259682
0.311758
0.315286
0.243934
0.151901
0.145513
0.243882
0.385093
0.494162
0.567037
0.608723
0.627135
0.628958
-0.256488
-0.202364
-0.134779
-0.0601294
0.0201106
0.103999
0.187787
0.264267
0.319058
0.320469
0.227394
0.0872271
0.0476379
0.170006
0.368483
0.522135
0.620761
0.675023
0.692536
0.682695
-0.266722
-0.210946
-0.14173
-0.0655359
0.0164412
0.102501
0.188961
0.268757
0.327078
0.328395
0.213415
0.0144219
-0.0900758
0.0591856
0.343191
0.558206
0.684475
0.754978
0.781398
0.759144
-0.277224
-0.219604
-0.148777
-0.071269
0.0123005
0.100506
0.189655
0.273057
0.335881
0.339683
0.203789
-0.076448
-0.306094
-0.130152
0.305306
0.584914
0.732888
0.778393
0.787535
0.732005
-0.287611
-0.227953
-0.155675
-0.0772458
0.00782867
0.0981058
0.189767
0.276987
0.345089
0.354237
0.202459
-0.183094
-0.669446
-0.528984
0.170649
0.570279
0.731004
0.724279
0.612337
0.531853
-0.29696
-0.235241
-0.161838
-0.0828342
0.0036248
0.0957039
0.189463
0.280559
0.354416
0.371898
0.212924
-0.310814
-1.24101
-1.20785
-0.14668
0.415854
0.543993
0.495388
0.374927
0.295743
-0.379452
-0.239044
-0.168688
-0.089007
-0.00157137
0.0920806
0.188752
0.283508
0.36405
0.393663
0.2433
-0.385047
-1.86322
-2.03843
-0.683852
-0.0209809
0.101835
0.116218
0.039901
-0.00489055
-0.26366
-0.244675
-0.179174
-0.0987602
-0.00976175
0.0863409
0.185867
0.285741
0.375203
0.422624
0.304527
-0.421157
-2.33699
-2.60711
-1.31219
-0.830121
-0.592492
-0.496524
-0.511152
-0.359864
-0.307027
-0.258002
-0.188989
-0.108026
-0.0176671
0.0800054
0.182312
0.285723
0.381849
0.444714
0.362874
-0.300903
-1.95209
-2.21424
-1.49495
-1.10184
-0.960068
-0.888683
-0.918678
-0.731465
-0.332156
-0.276018
-0.20264
-0.119697
-0.0276394
0.0718661
0.176674
0.283498
0.38541
0.461568
0.416743
-0.089326
-1.28692
-1.57087
-1.32367
-1.21643
-1.23219
-1.25437
-1.35101
-1.16563
-0.357551
-0.295038
-0.21777
-0.132164
-0.0380731
0.0632878
0.170374
0.28016
0.386866
0.474686
0.466878
0.131574
-0.644932
-0.993586
-1.07971
-1.22717
-1.42996
-1.61133
-1.83084
-1.73903
-0.381177
-0.314725
-0.234135
-0.145829
-0.0496112
0.0537016
0.162901
0.275053
0.386087
0.48411
0.506529
0.309543
-0.168316
-0.545429
-0.863157
-1.21731
-1.58914
-1.92073
-2.3026
-2.67293
-0.403995
-0.335264
-0.252025
-0.161176
-0.0627752
0.042641
0.153639
0.268225
0.38295
0.486771
0.532252
0.425949
0.11516
-0.27713
-0.703942
-1.18663
-1.69792
-2.11161
-2.25497
-2.5138
-0.427292
-0.357019
-0.27165
-0.178524
-0.0779051
0.0294511
0.142429
0.259115
0.375881
0.485468
0.547242
0.494486
0.278625
-0.0961193
-0.564296
-1.12732
-1.75502
-2.17274
-2.16249
-2.21448
-0.451643
-0.380335
-0.293189
-0.19791
-0.0952626
0.0140569
0.12885
0.247187
0.366383
0.478632
0.549266
0.527409
0.363604
0.0301881
-0.433683
-1.05288
-1.82163
-2.43548
-2.36014
-2.32861
-0.47789
-0.405484
-0.316697
-0.219434
-0.114794
-0.00358484
0.112835
0.232548
0.352725
0.467126
0.544171
0.541919
0.416748
0.144434
-0.275491
-0.912147
-1.73607
-2.51032
-2.52552
-2.35978
-0.506519
-0.432861
-0.342351
-0.243143
-0.136607
-0.023725
0.0942137
0.21542
0.337139
0.452808
0.533279
0.544415
0.456558
0.258042
-0.0592994
-0.545306
-1.12379
-1.55112
-1.5966
-1.49296
-0.537527
-0.462515
-0.37025
-0.269202
-0.160759
-0.0459241
0.0737381
0.196147
0.318658
0.435605
0.520909
0.546984
0.500583
0.381943
0.203143
-0.0278519
-0.239864
-0.351338
-0.360029
-0.330786
-0.570674
-0.494471
-0.400326
-0.297252
-0.186802
-0.0702571
0.0508935
0.174779
0.298591
0.417749
0.509373
0.552881
0.547148
0.504218
0.445956
0.387956
0.356714
0.371952
0.408802
0.423535
-0.606134
-0.528589
-0.432472
-0.32742
-0.214954
-0.0963357
0.0267405
0.152174
0.27745
0.399947
0.499299
0.560417
0.58954
0.5998
0.608025
0.627171
0.663864
0.712997
0.752089
0.76249
-0.643637
-0.564608
-0.46626
-0.358931
-0.244212
-0.123505
0.0014073
0.12864
0.256362
0.383264
0.491132
0.568254
0.622862
0.666742
0.709705
0.756744
0.807714
0.856545
0.8902
0.898545
-0.682622
-0.601817
-0.501146
-0.391382
-0.274268
-0.151341
-0.0242648
0.105304
0.236355
0.36796
0.484847
0.575137
0.646509
0.707714
0.763836
0.816416
0.864761
0.906296
0.935274
0.943309
-0.721958
-0.639443
-0.536162
-0.423775
-0.304123
-0.178838
-0.0493048
0.0830051
0.217546
0.354472
0.478937
0.579531
0.661189
0.730581
0.790577
0.842518
0.886722
0.923087
0.94938
0.957299
-0.760318
-0.675527
-0.569915
-0.454822
-0.33261
-0.20483
-0.0727145
0.0624413
0.200366
0.342215
0.473911
0.581076
0.668556
0.741333
0.802234
0.852948
0.894866
0.929046
0.952906
0.961054
-0.794807
-0.708275
-0.600387
-0.482681
-0.358084
-0.227948
-0.0935355
0.0440988
0.185029
0.331104
0.467373
0.579128
0.669461
0.743472
0.804215
0.854002
0.894619
0.927679
0.95072
0.95879
-0.821751
-0.734755
-0.624862
-0.505087
-0.378665
-0.246823
-0.110866
0.028436
0.171425
0.320192
0.459118
0.573069
0.664323
0.738365
0.798565
0.847478
0.887189
0.919283
0.941557
0.949633
-0.837181
-0.751379
-0.640417
-0.519633
-0.392333
-0.259966
-0.123736
0.0158315
0.159335
0.30882
0.448328
0.562431
0.653228
0.726487
0.785804
0.833885
0.87288
0.904382
0.926238
0.934293
-0.837838
-0.75395
-0.643454
-0.523248
-0.396878
-0.265828
-0.131188
0.00674689
0.148608
0.29634
0.434105
0.54638
0.635535
0.707333
0.765482
0.812661
0.85099
0.88196
0.903454
0.911678
-0.817172
-0.737114
-0.629592
-0.512265
-0.389354
-0.262361
-0.132016
0.00155492
0.139008
0.282052
0.415552
0.523878
0.609966
0.679483
0.736024
0.782121
0.819784
0.850099
0.871519
0.880061
-0.768452
-0.694525
-0.59366
-0.48253
-0.366818
-0.24745
-0.124914
0.000842723
0.130555
0.26586
0.391721
0.493621
0.57475
0.640596
0.69458
0.738969
0.775493
0.805355
0.827046
0.835743
-0.683698
-0.619098
-0.528952
-0.429921
-0.326459
-0.21951
-0.109013
0.00514782
0.123545
0.247349
0.362155
0.454625
0.528005
0.587647
0.636943
0.677861
0.711617
0.73934
0.761627
0.770311
-0.554999
-0.506791
-0.432717
-0.351868
-0.267127
-0.177778
-0.0838594
0.0147635
0.118276
0.227073
0.327484
0.407229
0.469347
0.518844
0.559143
0.592584
0.619889
0.641016
0.656365
0.662364
-0.360501
-0.338599
-0.297453
-0.24735
-0.189328
-0.123863
-0.0510173
0.029018
0.115998
0.20955
0.29675
0.365652
0.418331
0.458951
0.490147
0.513868
0.532523
0.54809
0.5602
0.564111
-0.179823
-0.174195
-0.159625
-0.137064
-0.105577
-0.064382
-0.0132344
0.0476933
0.117799
0.196052
0.270187
0.328553
0.372256
0.404736
0.428757
0.446341
0.458455
0.465823
0.469732
0.470919
-0.067524
-0.0667362
-0.0621142
-0.0521294
-0.035627
-0.0109403
0.0232708
0.0676791
0.122152
0.185694
0.247346
0.295912
0.331636
0.357327
0.375087
0.38667
0.39382
0.397994
0.399936
0.400223
-0.00487191
-0.00513848
-0.00365277
0.00151323
0.011678
0.0280836
0.0520164
0.0846287
0.126492
0.177107
0.227188
0.266692
0.29534
0.315421
0.329026
0.3379
0.343279
0.346096
0.347177
0.347362
0.0327525
0.0329099
0.0341476
0.0375239
0.0441455
0.055354
0.0725255
0.0968453
0.129066
0.169067
0.20932
0.241186
0.264173
0.280145
0.290785
0.297504
0.301468
0.303589
0.304514
0.30471
0.0578983
0.0581378
0.0591815
0.0617274
0.0665624
0.0746776
0.0872481
0.105471
0.130239
0.161665
0.193725
0.219196
0.237489
0.250071
0.258371
0.263604
0.266707
0.268374
0.269105
0.269261
0.0744976
0.0747443
0.075617
0.0775696
0.0811896
0.0872539
0.0967042
0.110553
0.129652
0.154261
0.179651
0.199902
0.214426
0.224389
0.230944
0.23506
0.237494
0.238806
0.239387
0.239511
0.08523
0.0854485
0.086158
0.0876808
0.0904502
0.0950556
0.102242
0.112847
0.12762
0.146869
0.166902
0.182936
0.194435
0.202308
0.207474
0.210715
0.212633
0.213667
0.214126
0.214223
0.0915941
0.091773
0.0923349
0.0935184
0.0956519
0.0991879
0.104705
0.112876
0.124333
0.13938
0.155143
0.167803
0.176886
0.183101
0.187178
0.189733
0.191244
0.192059
0.192419
0.192493
0.0946463
0.0947899
0.0952316
0.0961519
0.0978025
0.100531
0.10479
0.111113
0.120017
0.131778
0.144163
0.154135
0.161297
0.166198
0.16941
0.171423
0.172611
0.173251
0.173533
0.173591
0.0951626
0.0952762
0.0956221
0.0963382
0.0976185
0.099733
0.103034
0.107942
0.114873
0.124065
0.133782
0.141625
0.147263
0.151122
0.153651
0.155234
0.156167
0.156669
0.156889
0.156934
0.093727
0.0938162
0.0940862
0.0946434
0.0956385
0.0972808
0.0998451
0.103662
0.109064
0.116249
0.123868
0.130029
0.134461
0.137494
0.139481
0.140724
0.141458
0.141851
0.142023
0.142057
0.0907804
0.0908504
0.0910612
0.0914954
0.0922695
0.0935466
0.0955417
0.0985146
0.102728
0.108344
0.114311
0.119144
0.122623
0.125005
0.126567
0.127544
0.128118
0.128426
0.128559
0.128585
0.0866637
0.0867183
0.0868825
0.0872205
0.0878234
0.088818
0.0903719
0.092688
0.0959744
0.100362
0.105034
0.108822
0.111551
0.113419
0.114642
0.115408
0.115858
0.116099
0.116203
0.116223
0.0816363
0.0816789
0.081807
0.0820702
0.0825396
0.0833142
0.0845244
0.0863297
0.0888939
0.0923214
0.0959743
0.0989391
0.101076
0.10254
0.103498
0.104096
0.104447
0.104635
0.104715
0.10473
0.075902
0.075935
0.0760343
0.0762391
0.0766044
0.0772074
0.0781496
0.0795558
0.0815546
0.0842286
0.0870821
0.089399
0.0910685
0.0922119
0.0929615
0.0934306
0.0937058
0.093852
0.0939148
0.0939267
0.0696159
0.0696416
0.0697189
0.0698781
0.070162
0.0706305
0.0713636
0.0724582
0.0740143
0.0760971
0.0783221
0.0801298
0.0814328
0.0823257
0.08291
0.0832744
0.0834884
0.083602
0.0836506
0.0836597
0.0629028
0.0629225
0.0629821
0.0631054
0.0633256
0.0636892
0.0642574
0.0651057
0.0663135
0.0679321
0.0696613
0.0710674
0.0720826
0.0727779
0.0732319
0.0735144
0.0736796
0.0737671
0.0738041
0.073811
0.055857
0.0558721
0.0559181
0.056013
0.0561823
0.0564627
0.0569021
0.0575585
0.0584925
0.0597447
0.0610831
0.0621713
0.0629554
0.0634913
0.0638423
0.0640619
0.0641907
0.0642589
0.0642883
0.0642936
0.048554
0.0485655
0.0486007
0.0486734
0.048803
0.0490174
0.0493537
0.049857
0.0505737
0.0515345
0.0525614
0.0533961
0.0539979
0.0544104
0.0546806
0.0548488
0.0549471
0.0549991
0.0550208
0.0550248
0.0410554
0.0410638
0.0410897
0.0411441
0.0412421
0.0414041
0.0416581
0.0420384
0.0425803
0.0433076
0.0440866
0.0447211
0.0451792
0.045493
0.0456973
0.0458236
0.0458971
0.0459356
0.0459509
0.0459539
0.0334076
0.0334138
0.0334326
0.0334721
0.0335436
0.0336636
0.0338525
0.0341347
0.0345367
0.0350761
0.0356531
0.0361216
0.0364587
0.0366885
0.0368389
0.0369335
0.0369889
0.0370181
0.0370309
0.0370331
0.025648
0.0256518
0.0256643
0.0256923
0.0257441
0.0258301
0.025964
0.0261644
0.0264506
0.0268346
0.0272447
0.0275775
0.0278168
0.0279807
0.0280872
0.0281523
0.0281901
0.0282098
0.0282172
0.0282184
0.0178069
0.0178097
0.0178187
0.0178372
0.0178711
0.0179267
0.0180137
0.0181444
0.0183313
0.0185822
0.0188506
0.0190691
0.0192268
0.0193337
0.0194031
0.0194459
0.0194696
0.0194808
0.0194848
0.0194856
0.00991273
0.00991464
0.00992037
0.00993113
0.00994858
0.00997739
0.0100233
0.0100928
0.0101918
0.0103256
0.0104686
0.0105833
0.0106653
0.0107218
0.0107588
0.0107813
0.0107943
0.0108013
0.0108047
0.0108058
0.00198379
0.00198259
0.0019813
0.00198143
0.00198388
0.00198909
0.00199738
0.00200967
0.00202757
0.00205303
0.00208131
0.00210862
0.00212869
0.00214239
0.00215092
0.0021562
0.00215975
0.00216181
0.00216202
0.00216064
-1.3167
-0.984932
-0.61624
-0.299835
-0.022379
0.220123
0.424889
0.596734
0.705026
0.670292
-0.646981
-0.425524
-0.190365
0.0193717
0.205487
0.365228
0.495691
0.591918
0.6411
0.639688
-0.204788
-0.0597936
0.0903542
0.22705
0.347711
0.449629
0.52945
0.584901
0.61619
0.623689
0.0830257
0.176724
0.274295
0.362951
0.44109
0.506133
0.556721
0.591962
0.614025
0.623189
0.275874
0.337761
0.401705
0.459373
0.509729
0.551397
0.584136
0.609558
0.625718
0.631836
0.411836
0.451263
0.49241
0.531095
0.565508
0.595835
0.620167
0.637438
0.645702
0.649288
0.511646
0.538317
0.568306
0.599443
0.627222
0.649772
0.666557
0.675823
0.681232
0.686103
0.583571
0.607129
0.635949
0.661926
0.6852
0.705641
0.722728
0.735096
0.741604
0.750251
0.642707
0.672518
0.705157
0.736508
0.766173
0.791629
0.810684
0.823301
0.828157
0.84111
0.726763
0.770882
0.814742
0.852089
0.881453
0.903742
0.920952
0.933229
0.940997
0.956274
0.872283
0.913547
0.951713
0.981804
1.00716
1.02906
1.04723
1.06089
1.07117
1.08827
1.0444
1.07705
1.10457
1.12812
1.148
1.1661
1.18317
1.19931
1.2145
1.23202
1.23474
1.25254
1.26742
1.28348
1.29956
1.31434
1.32752
1.3412
1.35826
1.37816
1.41622
1.42595
1.43787
1.44883
1.45803
1.46737
1.47799
1.48929
1.50072
1.51607
1.62344
1.62698
1.61223
1.59775
1.59161
1.59729
1.61578
1.64596
1.67793
1.7045
1.93031
1.79555
1.71871
1.67586
1.65836
1.66249
1.68968
1.74612
1.84894
2.07334
0.544913
0.543342
0.539932
0.532675
0.52179
0.510925
0.501755
0.494665
0.489508
0.486376
0.485819
0.488087
0.492499
0.498772
0.507001
0.517219
0.528439
0.538114
0.542768
0.545108
0.469432
0.475315
0.483289
0.48874
0.492065
0.492696
0.490965
0.488036
0.485137
0.483133
0.482805
0.484372
0.487177
0.49041
0.493048
0.493759
0.491807
0.487343
0.480845
0.472872
0.4693
0.471022
0.475145
0.478793
0.481091
0.482192
0.482314
0.481645
0.48048
0.479448
0.479327
0.480358
0.481812
0.482977
0.483405
0.482922
0.481303
0.478421
0.474309
0.471078
0.470902
0.471133
0.472029
0.473326
0.474578
0.475802
0.4766
0.476731
0.476439
0.476101
0.476181
0.476797
0.477474
0.477814
0.477524
0.47654
0.475395
0.474148
0.473009
0.472457
0.467553
0.46765
0.467986
0.468473
0.468983
0.469464
0.469862
0.47013
0.470248
0.470304
0.470517
0.470935
0.471264
0.471354
0.471209
0.470886
0.470458
0.469995
0.469578
0.469376
0.463592
0.463643
0.463804
0.464077
0.46443
0.464832
0.465235
0.46559
0.46588
0.466154
0.46649
0.466828
0.467039
0.467064
0.466916
0.466663
0.466377
0.466115
0.465918
0.465826
0.458928
0.458954
0.45904
0.459181
0.459373
0.459618
0.459911
0.460241
0.460597
0.460986
0.461417
0.461803
0.462039
0.462129
0.46211
0.462032
0.461933
0.461838
0.46176
0.461719
0.454066
0.454081
0.454139
0.45424
0.454387
0.454589
0.454854
0.455189
0.455598
0.456089
0.456638
0.457113
0.457425
0.457595
0.457665
0.457674
0.457651
0.457617
0.457583
0.457562
0.449015
0.449022
0.449063
0.449142
0.449267
0.449452
0.449715
0.450075
0.450551
0.451153
0.451845
0.452455
0.452879
0.453146
0.4533
0.453381
0.453416
0.453425
0.453421
0.453414
0.443776
0.443781
0.443819
0.443893
0.444016
0.444208
0.444496
0.444908
0.445475
0.44622
0.447094
0.447881
0.448437
0.448819
0.44906
0.449205
0.449286
0.449326
0.449342
0.449343
0.438336
0.438337
0.438377
0.438458
0.438595
0.438816
0.439152
0.439646
0.440341
0.44127
0.442376
0.44338
0.444123
0.444626
0.444959
0.445168
0.445293
0.445363
0.445395
0.445402
0.43267
0.43267
0.432714
0.432807
0.43297
0.433235
0.433645
0.434254
0.43512
0.43629
0.437694
0.438982
0.439933
0.440593
0.441034
0.441315
0.441487
0.441584
0.441633
0.441645
0.426717
0.426716
0.426768
0.426882
0.427082
0.427412
0.427924
0.428689
0.429781
0.431262
0.433046
0.434689
0.435903
0.436754
0.437324
0.437691
0.437916
0.438046
0.438112
0.43813
0.420406
0.420404
0.420469
0.420612
0.420865
0.421281
0.42193
0.4229
0.424287
0.42617
0.428439
0.430529
0.432076
0.43316
0.433889
0.434359
0.434649
0.434817
0.434903
0.434927
0.41364
0.413637
0.41372
0.413902
0.414225
0.414757
0.415586
0.416825
0.418595
0.420995
0.423881
0.426536
0.428499
0.429875
0.430801
0.431398
0.431767
0.431981
0.432091
0.432122
0.406287
0.406283
0.40639
0.406625
0.407042
0.407727
0.408793
0.410383
0.412649
0.415713
0.419385
0.422752
0.425238
0.426979
0.428149
0.428905
0.429371
0.429641
0.42978
0.429819
0.398173
0.398169
0.398309
0.398615
0.399157
0.400044
0.401424
0.403474
0.406385
0.410301
0.414971
0.419235
0.422374
0.42457
0.426044
0.426996
0.427583
0.427924
0.428099
0.428148
0.389066
0.389061
0.389246
0.389649
0.390359
0.391519
0.393315
0.395971
0.399721
0.404732
0.410667
0.416056
0.420011
0.422773
0.424626
0.425822
0.42656
0.426988
0.427208
0.427269
0.378645
0.378641
0.37889
0.379428
0.380369
0.381899
0.384255
0.387716
0.392563
0.398982
0.406512
0.413304
0.418271
0.421737
0.424062
0.425563
0.426489
0.427026
0.427301
0.427377
0.366469
0.366467
0.366808
0.367538
0.368805
0.370849
0.373972
0.378517
0.384807
0.393031
0.402562
0.411088
0.417303
0.421638
0.424549
0.426432
0.427596
0.428271
0.428616
0.42871
0.351899
0.351905
0.352388
0.353404
0.355145
0.357926
0.362124
0.368147
0.376347
0.386879
0.398892
0.409534
0.417274
0.422682
0.426327
0.428691
0.430157
0.43101
0.431447
0.431567
0.333974
0.333999
0.33472
0.336193
0.33866
0.342536
0.348288
0.356366
0.367101
0.380559
0.3956
0.408782
0.41836
0.425087
0.429656
0.432642
0.434506
0.435599
0.436164
0.43632
0.311146
0.311227
0.3124
0.314655
0.318306
0.323904
0.331979
0.342954
0.357044
0.374152
0.392804
0.408959
0.420712
0.42905
0.434796
0.438614
0.441035
0.442481
0.443248
0.443468
0.280792
0.281066
0.283198
0.286913
0.29266
0.301124
0.312771
0.327827
0.346278
0.367812
0.39063
0.410149
0.424404
0.434683
0.441945
0.446921
0.450187
0.452218
0.453355
0.453711
0.238146
0.239023
0.243526
0.250357
0.260177
0.273598
0.290682
0.3113
0.335176
0.361832
0.389228
0.41238
0.429393
0.441925
0.451099
0.457702
0.462324
0.465436
0.467366
0.467999
0.174584
0.177285
0.188233
0.202405
0.220334
0.241875
0.26662
0.294263
0.324428
0.356626
0.388739
0.415567
0.435426
0.450403
0.461816
0.470539
0.477191
0.48227
0.485889
0.486676
0.0951341
0.102093
0.123354
0.149847
0.178547
0.209403
0.242356
0.277267
0.313843
0.351762
0.388931
0.420006
0.44345
0.461732
0.476328
0.488183
0.497954
0.506157
0.511915
0.514113
0.0167357
0.0324612
0.0650575
0.101632
0.13982
0.179383
0.220142
0.261903
0.304451
0.347598
0.389336
0.424142
0.450568
0.471445
0.488402
0.502408
0.514042
0.52374
0.531073
0.535003
-0.0326823
-0.0161262
0.0206938
0.0632213
0.107958
0.154054
0.201018
0.248435
0.29593
0.34326
0.388382
0.42569
0.453918
0.476112
0.493967
0.508501
0.520376
0.530095
0.537392
0.541225
-0.0680897
-0.0511492
-0.011414
0.034671
0.0833765
0.133874
0.185382
0.237137
0.288457
0.338925
0.386367
0.425176
0.454305
0.477028
0.495155
0.509792
0.521657
0.531282
0.538585
0.542524
-0.0938508
-0.0770388
-0.0357293
0.012833
0.0645396
0.118332
0.173246
0.228244
0.282329
0.334835
0.383493
0.422895
0.452305
0.475148
0.493281
0.507847
0.519593
0.529086
0.536384
0.540373
-0.114561
-0.0974389
-0.0546502
-0.00419291
0.0497903
0.106183
0.163779
0.221238
0.277233
0.330842
0.379768
0.419051
0.448327
0.471074
0.489116
0.503574
0.515208
0.524579
0.53188
0.535898
-0.131381
-0.113927
-0.0697665
-0.0176304
0.0382892
0.0968042
0.156556
0.215885
0.273109
0.326985
0.375285
0.413798
0.442659
0.465234
0.483195
0.4976
0.50919
0.518506
0.525754
0.52982
-0.145423
-0.127556
-0.0821173
-0.028467
0.0291959
0.0896077
0.151184
0.21198
0.26988
0.32327
0.370053
0.407182
0.435424
0.457877
0.475908
0.490401
0.50205
0.511387
0.518652
0.522809
-0.157444
-0.139176
-0.0924658
-0.0373553
0.0219647
0.0841109
0.147341
0.209342
0.267508
0.319726
0.364071
0.399129
0.426597
0.449118
0.467513
0.482362
0.494259
0.503733
0.51107
0.515301
-0.168157
-0.14937
-0.101369
-0.0447926
0.0161162
0.0799668
0.14477
0.20785
0.265998
0.316427
0.357303
0.389463
0.416009
0.438942
0.458203
0.473853
0.486325
0.496149
0.50368
0.508073
-0.177893
-0.158459
-0.109313
-0.0512384
0.0112919
0.0768518
0.143248
0.20738
0.265377
0.313476
0.349745
0.377905
0.403302
0.427177
0.448094
0.465263
0.478829
0.489322
0.497212
0.501775
-0.187004
-0.16703
-0.116576
-0.0570225
0.00718355
0.0745143
0.142572
0.207855
0.265672
0.311047
0.341414
0.364083
0.38791
0.413461
0.437213
0.45699
0.472457
0.484135
0.492657
0.497546
-0.195804
-0.17526
-0.123468
-0.0624144
0.00352037
0.072708
0.142564
0.209157
0.266941
0.309313
0.332432
0.347582
0.369012
0.397151
0.425468
0.449464
0.468071
0.481667
0.491215
0.49658
-0.204571
-0.183328
-0.130201
-0.0676015
9.14343e-05
0.0712154
0.14302
0.211164
0.26918
0.308538
0.323004
0.327957
0.345477
0.37723
0.412637
0.44322
0.466581
0.483239
0.494433
0.500467
-0.213378
-0.191448
-0.136953
-0.07276
-0.00326846
0.0698591
0.143758
0.213741
0.272401
0.308949
0.313517
0.304813
0.315786
0.35225
0.398354
0.438815
0.469282
0.490445
0.504115
0.511185
-0.222513
-0.199745
-0.143844
-0.0780345
-0.00669991
0.0684872
0.144609
0.21672
0.276531
0.310785
0.304496
0.277846
0.278087
0.320178
0.381257
0.436447
0.477504
0.505109
0.522244
0.530295
-0.23172
-0.208285
-0.150936
-0.0834913
-0.0103133
0.0669776
0.145423
0.219914
0.281444
0.314203
0.296602
0.247049
0.230663
0.278275
0.360229
0.436452
0.492959
0.529483
0.551094
0.561014
-0.241246
-0.217063
-0.158257
-0.0891777
-0.0141772
0.0652028
0.146062
0.223176
0.286983
0.31929
0.290529
0.212991
0.170426
0.221503
0.33036
0.439983
0.51847
0.567296
0.593758
0.60426
-0.251021
-0.226035
-0.16579
-0.095092
-0.0183037
0.063117
0.146397
0.22634
0.29297
0.326006
0.287019
0.176355
0.0935305
0.143206
0.290726
0.447308
0.554121
0.61934
0.651313
0.658208
-0.261143
-0.235292
-0.17348
-0.101182
-0.0227266
0.0606725
0.146376
0.229231
0.299176
0.334254
0.286754
0.136541
-0.00417966
0.0326944
0.231205
0.459541
0.604948
0.68877
0.729797
0.722864
-0.271551
-0.244826
-0.181273
-0.107462
-0.0274978
0.0577997
0.145922
0.231825
0.305618
0.34429
0.290696
0.0923526
-0.139509
-0.142392
0.142262
0.462827
0.654223
0.751027
0.802252
0.814313
-0.282127
-0.254498
-0.188956
-0.113897
-0.0326618
0.0544359
0.144951
0.233923
0.312028
0.355883
0.300155
0.0466748
-0.335215
-0.45254
-0.0363941
0.454394
0.683637
0.77046
0.744162
0.653195
-0.292179
-0.263679
-0.196229
-0.12061
-0.0382865
0.0503967
0.143297
0.235377
0.318081
0.368534
0.316288
0.00729287
-0.628207
-1.0401
-0.409197
0.318283
0.623548
0.66215
0.575094
0.446343
-0.302881
-0.271428
-0.202411
-0.127571
-0.044182
0.0460157
0.140628
0.2361
0.323555
0.38158
0.338525
-0.017641
-1.00662
-1.90021
-0.964785
0.00203206
0.319373
0.338945
0.269976
0.161674
-0.257402
-0.238844
-0.175393
-0.0954343
-0.00746037
0.0871715
0.186778
0.283239
0.366372
0.400002
0.250268
-0.463442
-2.078
-2.36854
-0.987854
-0.329539
-0.14452
-0.0794237
-0.116088
-0.154959
-0.279364
-0.261041
-0.213992
-0.139637
-0.0553498
0.0369197
0.134942
0.234892
0.329686
0.401709
0.384224
0.0105397
-1.43495
-2.77091
-1.85231
-0.845415
-0.467046
-0.335319
-0.292892
-0.362431
-0.294169
-0.271404
-0.220156
-0.144865
-0.0599792
0.0333969
0.132403
0.234649
0.333504
0.413584
0.415274
0.0871939
-1.27076
-2.65868
-1.91721
-1.1562
-0.866243
-0.728899
-0.684977
-0.742033
-0.314448
-0.292287
-0.232697
-0.155625
-0.0689796
0.0261507
0.127416
0.232556
0.33574
0.424973
0.450184
0.195147
-0.901377
-2.0031
-1.63931
-1.26704
-1.13311
-1.08855
-1.08188
-1.17673
-0.339679
-0.315012
-0.248965
-0.168873
-0.0801492
0.0168254
0.120345
0.228043
0.335319
0.433021
0.479546
0.30638
-0.453176
-1.23377
-1.20848
-1.20424
-1.27405
-1.38775
-1.48231
-1.68901
-0.363593
-0.337161
-0.26633
-0.183132
-0.0920513
0.0068881
0.112348
0.222273
0.333298
0.437664
0.502564
0.404248
-0.0639221
-0.614407
-0.852581
-1.08837
-1.36838
-1.65854
-1.89472
-2.44357
-0.386503
-0.359176
-0.284919
-0.198916
-0.105379
-0.00438224
0.102934
0.215141
0.32915
0.438582
0.517139
0.476012
0.203508
-0.210553
-0.581143
-0.98808
-1.4315
-1.86547
-2.207
-2.81854
-0.409298
-0.381617
-0.30488
-0.216423
-0.12051
-0.0174873
0.0918988
0.206149
0.322334
0.435755
0.524728
0.523366
0.360553
0.0214591
-0.396579
-0.892175
-1.43809
-1.97601
-2.18009
-2.20115
-0.433214
-0.405243
-0.326495
-0.235879
-0.137836
-0.0327093
0.0785841
0.194483
0.313118
0.429575
0.52452
0.547266
0.441409
0.163707
-0.247816
-0.788567
-1.43323
-2.09602
-2.25302
-2.19846
-0.458573
-0.43028
-0.349932
-0.25737
-0.157272
-0.0501818
0.0629058
0.180784
0.300631
0.418245
0.517427
0.555059
0.482068
0.257351
-0.117985
-0.65786
-1.40072
-2.24964
-2.64744
-2.45624
-0.486048
-0.457299
-0.375388
-0.280963
-0.178917
-0.069888
0.0449517
0.163919
0.285128
0.404611
0.506237
0.55217
0.505366
0.334911
0.0324805
-0.441453
-1.12301
-1.86541
-2.23046
-2.08512
-0.515926
-0.486657
-0.403076
-0.306784
-0.202864
-0.0920256
0.0245223
0.145256
0.267679
0.387815
0.491269
0.544875
0.522757
0.407833
0.203988
-0.098069
-0.490002
-0.813748
-0.945944
-0.91337
-0.54822
-0.518269
-0.433076
-0.334889
-0.228918
-0.116082
0.00217108
0.124116
0.247578
0.369132
0.475619
0.539209
0.543742
0.48958
0.392838
0.270633
0.149383
0.0827637
0.084586
0.106705
-0.582857
-0.55206
-0.465177
-0.364953
-0.257009
-0.14238
-0.02234
0.101369
0.22626
0.349543
0.460238
0.535482
0.567029
0.564272
0.545223
0.527913
0.527105
0.555405
0.601306
0.625293
-0.61946
-0.588151
-0.499295
-0.396997
-0.286889
-0.170071
-0.0479889
0.0773676
0.20399
0.329877
0.446383
0.533692
0.588405
0.623034
0.650984
0.683724
0.726895
0.77792
0.824677
0.846693
-0.657789
-0.626375
-0.534819
-0.430177
-0.317788
-0.198747
-0.0745982
0.0527521
0.181856
0.311243
0.43418
0.533141
0.605727
0.663744
0.716043
0.767245
0.818403
0.867403
0.907191
0.927117
-0.697232
-0.665281
-0.571188
-0.464055
-0.349136
-0.227676
-0.101263
0.0285319
0.160524
0.293995
0.423471
0.532752
0.618202
0.689126
0.751283
0.806865
0.856267
0.899094
0.933391
0.952355
-0.736625
-0.703691
-0.607104
-0.49729
-0.379733
-0.255785
-0.126922
0.00555168
0.140576
0.278171
0.414058
0.531646
0.625294
0.703067
0.768842
0.824719
0.871801
0.911162
0.942783
0.960865
-0.773569
-0.740212
-0.640945
-0.528384
-0.408165
-0.281707
-0.150403
-0.0153798
0.122582
0.264107
0.405154
0.528752
0.627504
0.708426
0.775345
0.830732
0.876387
0.913963
0.944292
0.963122
-0.805594
-0.772051
-0.670072
-0.554951
-0.432469
-0.303878
-0.170576
-0.0335426
0.106723
0.251223
0.395962
0.523306
0.624514
0.706645
0.773659
0.828363
0.873061
0.90959
0.939288
0.95783
-0.828484
-0.795667
-0.691418
-0.574511
-0.450438
-0.320683
-0.186265
-0.0482606
0.0931611
0.239194
0.385744
0.514631
0.616414
0.698398
0.764827
0.818768
0.862652
0.898408
0.927727
0.946227
-0.838761
-0.807154
-0.701293
-0.584126
-0.459971
-0.330173
-0.196188
-0.0589259
0.0820174
0.22757
0.37368
0.501852
0.602688
0.683489
0.748891
0.801946
0.845132
0.880319
0.909523
0.927761
-0.83054
-0.800487
-0.696205
-0.580228
-0.457773
-0.330379
-0.199106
-0.0645813
0.0733918
0.215954
0.358941
0.484026
0.582311
0.661075
0.72488
0.776868
0.819378
0.854111
0.883411
0.901467
-0.79866
-0.771271
-0.670347
-0.558237
-0.440514
-0.318578
-0.193163
-0.0646257
0.0673459
0.203907
0.340881
0.460286
0.554034
0.629369
0.690739
0.741201
0.782915
0.817409
0.846898
0.864787
-0.73557
-0.711502
-0.617038
-0.512768
-0.404585
-0.292441
-0.176966
-0.0582045
0.0642223
0.191332
0.31883
0.429551
0.516302
0.586105
0.643304
0.690912
0.731173
0.765314
0.794887
0.812943
-0.629216
-0.606435
-0.528383
-0.439866
-0.347003
-0.250178
-0.149402
-0.0446637
0.0643576
0.178284
0.292635
0.391329
0.467967
0.529141
0.578934
0.620238
0.655594
0.687206
0.715283
0.734434
-0.466846
-0.451944
-0.401356
-0.336919
-0.267315
-0.191832
-0.11076
-0.023946
0.0685459
0.166656
0.26565
0.350476
0.415136
0.465449
0.505208
0.536666
0.561258
0.580712
0.597642
0.610742
-0.262081
-0.258682
-0.239275
-0.20902
-0.169857
-0.121643
-0.0643419
0.00177175
0.0763339
0.158737
0.243897
0.317237
0.372539
0.414381
0.445855
0.469476
0.48747
0.501107
0.510107
0.514558
-0.115775
-0.115303
-0.109855
-0.0984609
-0.0801687
-0.0532686
-0.0165617
0.0304545
0.0876096
0.154163
0.225136
0.286867
0.332912
0.366888
0.391586
0.408994
0.420404
0.427254
0.431088
0.432814
-0.0313201
-0.0317915
-0.0310784
-0.0264562
-0.0166242
-0.000422558
0.0235581
0.056651
0.0995536
0.152043
0.209862
0.26071
0.29831
0.325333
0.34405
0.35649
0.364439
0.369177
0.37149
0.372148
0.0159558
0.0158185
0.0162226
0.0186999
0.0245757
0.0352225
0.0519797
0.0760794
0.108493
0.149511
0.195842
0.237008
0.267335
0.288884
0.303686
0.313444
0.319472
0.322851
0.324474
0.325009
0.0466306
0.0466657
0.0472353
0.0491746
0.0533191
0.0606984
0.072574
0.090264
0.114846
0.146809
0.18365
0.216687
0.241
0.258135
0.269717
0.277198
0.281782
0.284393
0.285692
0.286148
0.0670588
0.0671224
0.0676697
0.0691708
0.072266
0.0777344
0.0865414
0.099785
0.118511
0.143347
0.172442
0.198743
0.218099
0.231677
0.240815
0.246707
0.250312
0.252358
0.253378
0.253738
0.0804865
0.0805592
0.0810279
0.0822316
0.0846008
0.0887221
0.0953603
0.105418
0.119795
0.139106
0.162005
0.182848
0.198205
0.208961
0.216177
0.220814
0.223647
0.225258
0.226067
0.226354
0.0888808
0.0889448
0.089328
0.0902749
0.0921052
0.0952632
0.100335
0.108038
0.119123
0.13415
0.152131
0.168587
0.180732
0.189234
0.19493
0.198588
0.20082
0.202089
0.202725
0.20295
0.0934759
0.093529
0.0938352
0.0945763
0.0959933
0.0984262
0.10233
0.108269
0.116851
0.128557
0.142656
0.155619
0.1652
0.171908
0.176401
0.179284
0.181044
0.182043
0.182543
0.182718
0.0951775
0.0952205
0.0954619
0.0960396
0.0971392
0.0990227
0.102042
0.10664
0.113302
0.122427
0.133474
0.143667
0.151214
0.1565
0.16004
0.16231
0.163693
0.164477
0.16487
0.165007
0.0946552
0.0946895
0.0948791
0.0953302
0.0961849
0.0976463
0.099989
0.103558
0.108741
0.115861
0.124511
0.132515
0.138449
0.142607
0.145392
0.147177
0.148265
0.148881
0.149186
0.149292
0.0924167
0.0924437
0.0925918
0.0929428
0.0936077
0.0947441
0.0965648
0.0993416
0.103379
0.108936
0.115707
0.121986
0.126646
0.129913
0.132101
0.133503
0.134357
0.134839
0.13508
0.135163
0.0888484
0.0888696
0.0889856
0.0892597
0.0897774
0.0906614
0.0920785
0.0942409
0.0973874
0.101726
0.107023
0.111943
0.115599
0.118163
0.11988
0.120981
0.121651
0.122028
0.122215
0.122278
0.0842482
0.0842647
0.0843549
0.0845679
0.084971
0.08566
0.086764
0.0884487
0.0909021
0.0942892
0.0984305
0.102282
0.105147
0.107157
0.108503
0.109364
0.109887
0.110183
0.110329
0.110377
0.0788458
0.0788585
0.0789288
0.0790949
0.0794088
0.0799451
0.0808045
0.0821164
0.0840288
0.0866721
0.0899072
0.0929193
0.0951604
0.0967327
0.0977849
0.0984588
0.0988691
0.0991006
0.0992142
0.0992526
0.0728182
0.0728282
0.0728829
0.0730119
0.0732558
0.0736725
0.0743414
0.0753634
0.0768535
0.0789131
0.0814365
0.083788
0.0855369
0.0867647
0.0875878
0.088115
0.0884345
0.0886139
0.088702
0.0887318
0.0663056
0.0663132
0.0663553
0.0664552
0.0666447
0.0669689
0.0674884
0.0682818
0.0694394
0.0710415
0.0730058
0.0748379
0.076202
0.07716
0.0778008
0.0782099
0.0784579
0.0785974
0.0786656
0.0786885
0.0594157
0.0594216
0.0594543
0.0595316
0.0596778
0.059928
0.06033
0.0609447
0.0618414
0.0630835
0.0646071
0.0660281
0.0670871
0.0678305
0.0683273
0.0686453
0.0688379
0.0689456
0.0689981
0.0690157
0.0522343
0.0522389
0.0522635
0.0523223
0.0524342
0.0526267
0.0529364
0.0534102
0.0541018
0.0550595
0.0562345
0.0573304
0.0581454
0.0587166
0.059099
0.0593437
0.0594923
0.0595762
0.0596169
0.0596304
0.0448264
0.0448298
0.0448484
0.0448933
0.0449792
0.045126
0.0453614
0.0457218
0.0462487
0.0469788
0.0478751
0.0487118
0.0493355
0.0497735
0.0500672
0.0502545
0.0503667
0.0504291
0.0504595
0.0504692
0.0372465
0.0372489
0.037263
0.0372966
0.0373605
0.0374704
0.0376469
0.0379171
0.0383123
0.03886
0.0395333
0.0401622
0.0406308
0.0409593
0.0411775
0.0413165
0.0414009
0.0414477
0.0414699
0.0414774
0.0295379
0.0295394
0.0295492
0.0295733
0.0296194
0.0296987
0.0298268
0.0300235
0.0303114
0.0307106
0.0312003
0.0316569
0.0319962
0.0322343
0.0323937
0.0324956
0.0325569
0.032591
0.0326072
0.0326122
0.0217344
0.0217353
0.0217422
0.021759
0.0217905
0.0218447
0.0219322
0.0220668
0.0222641
0.0225378
0.0228747
0.0231893
0.0234238
0.0235891
0.0236994
0.0237685
0.0238093
0.0238314
0.0238413
0.0238442
0.0138663
0.0138674
0.0138716
0.0138814
0.0139005
0.0139338
0.0139879
0.0140701
0.0141898
0.0143559
0.0145607
0.0147511
0.0148915
0.014988
0.0150524
0.0150943
0.0151199
0.0151334
0.0151393
0.0151411
0.00198333
0.00198181
0.00198114
0.0019823
0.00198614
0.0019928
0.00200294
0.00201779
0.00203939
0.00206712
0.00209582
0.00211943
0.00213627
0.00214723
0.00215387
0.00215814
0.00216098
0.00216216
0.00216145
0.00647725
-2.92042
-1.75581
-1.12502
-0.700394
-0.347329
-0.0336587
0.240146
0.468432
0.670679
0.841327
-1.23622
-0.849848
-0.527123
-0.250073
-0.00632709
0.207729
0.388921
0.537169
0.642765
0.668146
-0.55297
-0.326041
-0.12855
0.0510973
0.211719
0.350848
0.466773
0.555081
0.60979
0.631472
-0.13561
0.00518773
0.131019
0.247322
0.351533
0.441278
0.512859
0.567198
0.601601
0.619527
0.133185
0.221942
0.304218
0.380255
0.44784
0.505173
0.551256
0.585743
0.609254
0.623166
0.313292
0.371452
0.42498
0.474278
0.518317
0.556587
0.588199
0.611438
0.627395
0.634567
0.441051
0.477201
0.512924
0.547745
0.579997
0.609073
0.632632
0.649884
0.657298
0.657757
0.534302
0.558515
0.589319
0.618362
0.645341
0.66773
0.68576
0.698355
0.706021
0.704899
0.600431
0.623658
0.652996
0.680721
0.706601
0.731049
0.752649
0.769227
0.779595
0.779168
0.663484
0.695671
0.735082
0.773517
0.807737
0.835996
0.856812
0.871483
0.87983
0.882464
0.770454
0.814886
0.861349
0.89923
0.929186
0.953042
0.972812
0.988623
1.00007
1.00758
0.933338
0.975687
1.00973
1.04041
1.0655
1.08738
1.1066
1.12268
1.13573
1.14713
1.12107
1.15301
1.17569
1.19531
1.21324
1.23013
1.24611
1.26197
1.27851
1.29505
1.32156
1.33287
1.34379
1.35816
1.37273
1.38561
1.39681
1.40736
1.42009
1.43678
1.50678
1.51673
1.52563
1.52821
1.52929
1.53369
1.54442
1.56039
1.57778
1.58209
1.80764
1.75216
1.70149
1.6616
1.63946
1.63522
1.64881
1.68259
1.73885
1.81431
0.687537
0.629012
0.587561
0.554775
0.531241
0.514802
0.503315
0.495267
0.489782
0.486607
0.486075
0.488303
0.492871
0.499728
0.509478
0.523311
0.543085
0.571011
0.608693
0.655846
0.4879
0.498076
0.505131
0.507209
0.505132
0.500513
0.495178
0.490311
0.486696
0.484877
0.48575
0.488841
0.493351
0.498718
0.503967
0.50766
0.50785
0.503317
0.494167
0.4859
0.46863
0.470883
0.476596
0.481055
0.483834
0.485155
0.484988
0.483706
0.481973
0.480621
0.480437
0.481601
0.483528
0.485339
0.486274
0.485797
0.483797
0.480248
0.475061
0.469871
0.471293
0.471881
0.474171
0.476714
0.478782
0.480017
0.480351
0.480014
0.479234
0.478503
0.478465
0.479313
0.480411
0.481203
0.481352
0.480752
0.479096
0.476847
0.474294
0.472685
0.469318
0.469393
0.469782
0.470412
0.471091
0.471808
0.472447
0.4728
0.472854
0.472797
0.472969
0.473436
0.473829
0.47389
0.473554
0.472949
0.472324
0.471708
0.47119
0.470969
0.465737
0.465793
0.46606
0.466467
0.466931
0.467393
0.467793
0.468089
0.468282
0.46845
0.46872
0.469089
0.469357
0.469429
0.469292
0.468993
0.468608
0.468212
0.46788
0.467718
0.461303
0.461325
0.46143
0.461609
0.461854
0.462159
0.462502
0.462851
0.463187
0.463526
0.463909
0.464264
0.464472
0.464515
0.464429
0.464274
0.464106
0.463956
0.463843
0.463789
0.456527
0.456542
0.456614
0.456734
0.456901
0.457119
0.457393
0.45772
0.458101
0.458541
0.459029
0.459453
0.459723
0.459853
0.459881
0.45985
0.459792
0.45973
0.459675
0.459644
0.451563
0.451572
0.451621
0.451709
0.451841
0.452031
0.452292
0.452637
0.453077
0.453621
0.454237
0.454775
0.455139
0.455355
0.455467
0.455513
0.455522
0.455512
0.455495
0.455482
0.44642
0.446428
0.446463
0.446538
0.44666
0.446846
0.447119
0.447501
0.448018
0.448687
0.449465
0.450158
0.450645
0.450968
0.451165
0.451278
0.451336
0.451362
0.451368
0.451365
0.441078
0.441083
0.441124
0.4412
0.441329
0.441533
0.441842
0.442291
0.442917
0.443748
0.444731
0.445621
0.446261
0.446704
0.44699
0.447166
0.44727
0.447325
0.447349
0.447353
0.435531
0.435536
0.435577
0.435663
0.435811
0.436052
0.436422
0.436969
0.437743
0.438785
0.440031
0.44117
0.442011
0.442588
0.442972
0.443216
0.443364
0.443447
0.443487
0.443497
0.429728
0.429733
0.42978
0.429883
0.430062
0.430357
0.430815
0.431496
0.432467
0.433783
0.435366
0.43682
0.437895
0.438646
0.439149
0.439471
0.439668
0.439782
0.439838
0.439853
0.423604
0.42361
0.423669
0.423795
0.424021
0.42439
0.424966
0.425826
0.427056
0.428726
0.430737
0.43259
0.433962
0.434922
0.435567
0.435984
0.43624
0.436388
0.436464
0.436484
0.417077
0.417085
0.417158
0.417319
0.417605
0.418074
0.418807
0.419903
0.421469
0.423594
0.426153
0.428509
0.430252
0.431475
0.432296
0.432827
0.433154
0.433344
0.433441
0.433468
0.410033
0.410043
0.410137
0.410344
0.410711
0.411313
0.412253
0.413656
0.415658
0.418369
0.421624
0.424615
0.426824
0.428373
0.429414
0.430086
0.430502
0.430742
0.430866
0.4309
0.402321
0.402334
0.402456
0.402724
0.403199
0.403978
0.40519
0.406994
0.409562
0.413025
0.417166
0.420956
0.42375
0.425706
0.42702
0.427868
0.428392
0.428696
0.428852
0.428895
0.393739
0.393756
0.393917
0.394268
0.394888
0.395901
0.397474
0.399806
0.403108
0.407537
0.412803
0.417598
0.421122
0.423586
0.425239
0.426307
0.426966
0.427348
0.427544
0.427598
0.384015
0.384039
0.384253
0.384717
0.385534
0.386864
0.388919
0.391949
0.39621
0.401881
0.408568
0.41462
0.419054
0.422149
0.424226
0.425566
0.426393
0.426872
0.427117
0.427185
0.372771
0.372805
0.373095
0.373719
0.374809
0.376575
0.379284
0.383246
0.388765
0.396031
0.404506
0.41212
0.41768
0.421557
0.42416
0.425841
0.426879
0.427481
0.427789
0.427873
0.359478
0.359527
0.359928
0.360784
0.362265
0.364645
0.36826
0.373486
0.380665
0.389974
0.400682
0.410216
0.417157
0.422002
0.42526
0.42737
0.428676
0.429434
0.429821
0.429927
0.343365
0.34344
0.34401
0.345215
0.347279
0.350556
0.355461
0.362428
0.371808
0.383721
0.397179
0.40904
0.417659
0.423696
0.427777
0.430435
0.432087
0.43305
0.433542
0.433677
0.323278
0.323394
0.324232
0.325995
0.328983
0.333639
0.34044
0.349843
0.362142
0.377331
0.39411
0.40873
0.419356
0.426854
0.431981
0.435359
0.43748
0.438723
0.439358
0.439534
0.297336
0.297519
0.298822
0.301589
0.306187
0.31309
0.32277
0.335606
0.351733
0.370952
0.391622
0.409416
0.422384
0.431655
0.438122
0.442482
0.445281
0.446944
0.447793
0.448027
0.262022
0.262341
0.264709
0.269682
0.277377
0.288106
0.302199
0.319815
0.340825
0.364824
0.389876
0.411177
0.42678
0.438149
0.446326
0.452068
0.455933
0.458336
0.459594
0.459949
0.21007
0.211136
0.217058
0.227454
0.241182
0.258307
0.278915
0.302868
0.329797
0.359184
0.388926
0.413912
0.43234
0.446082
0.456358
0.464004
0.469588
0.473502
0.47586
0.47669
0.131529
0.137166
0.154313
0.175718
0.199287
0.22548
0.254361
0.285682
0.319078
0.354133
0.388723
0.417581
0.439132
0.455672
0.468628
0.478961
0.487323
0.494114
0.499593
0.503432
0.0476706
0.0603417
0.0922124
0.12473
0.158654
0.194075
0.231032
0.269426
0.309053
0.349672
0.389253
0.42235
0.447447
0.467207
0.483231
0.496563
0.507913
0.517716
0.526943
0.534143
-0.0105957
0.00223842
0.0403472
0.0810441
0.123027
0.166145
0.210228
0.254997
0.30016
0.345524
0.389081
0.425261
0.45271
0.47438
0.491928
0.506384
0.518451
0.528584
0.537585
0.543615
-0.0521641
-0.0384013
0.00293794
0.0479249
0.0949038
0.143399
0.192797
0.242518
0.292049
0.341076
0.387494
0.425678
0.454452
0.476981
0.495031
0.50971
0.521797
0.531833
0.540554
0.546452
-0.0816291
-0.0676919
-0.0247646
0.0231029
0.0734459
0.125672
0.178981
0.232472
0.285289
0.336897
0.385065
0.424265
0.453594
0.476414
0.494573
0.509224
0.521187
0.531059
0.539467
0.545074
-0.104318
-0.0900934
-0.0460334
0.00383142
0.0567629
0.111928
0.168258
0.22456
0.279689
0.332848
0.381748
0.421171
0.450555
0.473369
0.491468
0.506025
0.517761
0.527507
0.535654
0.541073
-0.122492
-0.107976
-0.0628014
-0.011251
0.0437373
0.101226
0.159946
0.218399
0.275082
0.32892
0.377636
0.416607
0.445705
0.46837
0.486362
0.500799
0.512498
0.522092
0.529988
0.535262
-0.137474
-0.122606
-0.076404
-0.0232836
0.0335221
0.0930026
0.153689
0.213792
0.271409
0.325123
0.372776
0.410672
0.439245
0.461745
0.479718
0.494155
0.505819
0.515343
0.523132
0.528297
-0.150064
-0.134868
-0.087585
-0.0330837
0.0254177
0.0866981
0.149113
0.21053
0.268605
0.321489
0.367167
0.40335
0.431223
0.453679
0.471847
0.486482
0.498271
0.507829
0.515567
0.520637
-0.161112
-0.145484
-0.0971011
-0.0411794
0.0189301
0.0819199
0.145934
0.208477
0.26666
0.318053
0.360794
0.394517
0.421544
0.444222
0.462972
0.478157
0.490324
0.500079
0.507872
0.512933
-0.170998
-0.155068
-0.105447
-0.0480838
0.0136306
0.0783282
0.143914
0.207509
0.265584
0.314905
0.353629
0.383942
0.409953
0.433279
0.453252
0.469555
0.482521
0.492746
0.500746
0.505859
-0.180235
-0.163447
-0.11302
-0.0541777
0.00918723
0.075628
0.142843
0.207526
0.265418
0.312189
0.34567
0.371298
0.395983
0.420596
0.442757
0.461069
0.475483
0.486586
0.495027
0.50033
-0.188791
-0.171644
-0.120056
-0.059736
0.00531976
0.0735725
0.142516
0.20843
0.266198
0.310082
0.336993
0.356186
0.378951
0.40568
0.431462
0.453107
0.469978
0.482579
0.491809
0.497408
-0.197169
-0.179723
-0.126837
-0.0649968
0.00180655
0.0719405
0.142751
0.210098
0.267955
0.308795
0.327744
0.338174
0.357886
0.387712
0.419202
0.446109
0.467077
0.481946
0.492421
0.498517
-0.205601
-0.187723
-0.13356
-0.0701509
-0.00156094
0.0705472
0.143369
0.212398
0.270687
0.308594
0.318234
0.316829
0.331479
0.365466
0.405688
0.440828
0.467352
0.486163
0.498492
0.505403
-0.214215
-0.195874
-0.140374
-0.0753671
-0.00495308
0.0692077
0.144194
0.215195
0.274361
0.309696
0.308915
0.291796
0.298006
0.33719
0.390799
0.43736
0.472665
0.496722
0.512043
0.520078
-0.223088
-0.204236
-0.147355
-0.0807203
-0.00846814
0.0677669
0.145053
0.218309
0.278896
0.312294
0.300379
0.262882
0.255713
0.300779
0.371153
0.436088
0.484274
0.516118
0.535488
0.545172
-0.232187
-0.212868
-0.154567
-0.0862946
-0.0121944
0.0661328
0.145784
0.22157
0.284159
0.31653
0.293308
0.2304
0.202331
0.252091
0.346134
0.437633
0.503977
0.546588
0.570836
0.581428
-0.241541
-0.221689
-0.161997
-0.0920987
-0.0161954
0.0642212
0.146283
0.224792
0.289959
0.322456
0.288403
0.195008
0.134216
0.185465
0.31102
0.443897
0.534941
0.591208
0.620276
0.629792
-0.251141
-0.230768
-0.169627
-0.0981067
-0.0204701
0.0619547
0.146448
0.227837
0.296078
0.329985
0.286437
0.157469
0.0475635
0.0929714
0.264282
0.451981
0.577763
0.652451
0.688592
0.688903
-0.261114
-0.240143
-0.177378
-0.104279
-0.0250446
0.0593231
0.146231
0.230606
0.302405
0.339087
0.288131
0.114724
-0.0654979
-0.0436234
0.193617
0.463333
0.630349
0.72411
0.776555
0.764842
-0.271488
-0.249767
-0.185164
-0.110655
-0.0300217
0.0562005
0.145526
0.23298
0.308898
0.34998
0.294753
0.0695498
-0.227763
-0.271767
0.0724307
0.466742
0.672327
0.763699
0.796379
0.742466
-0.282904
-0.259292
-0.192694
-0.117188
-0.035371
0.0525396
0.144259
0.234789
0.315199
0.36222
0.307422
0.0251766
-0.46782
-0.70436
-0.193736
0.406145
0.675022
0.744747
0.675666
0.555808
-0.297014
-0.267719
-0.199649
-0.124182
-0.0413159
0.0481307
0.142114
0.235875
0.32099
0.375292
0.326837
-0.00718181
-0.813493
-1.455
-0.681781
0.19594
0.52
0.533289
0.438966
0.316437
-0.310507
-0.282679
-0.203752
-0.129355
-0.0454901
0.0454355
0.139374
0.236568
0.3264
0.388875
0.354686
-0.00885184
-1.13348
-2.37666
-1.25946
-0.263147
0.0514066
0.12011
0.0854318
-0.00489574
-0.235394
-0.242672
-0.178457
-0.0982581
-0.00982248
0.0855943
0.18447
0.282813
0.369386
0.410193
0.277187
-0.488088
-2.37175
-2.59881
-1.19511
-0.634853
-0.395591
-0.2998
-0.317656
-0.512831
-0.292421
-0.250315
-0.183269
-0.102749
-0.0130923
0.0837687
0.184649
0.286292
0.379101
0.434486
0.33451
-0.379585
-2.18798
-2.46492
-1.45122
-0.984643
-0.783189
-0.691888
-0.708717
-0.91398
-0.319802
-0.266843
-0.195558
-0.113755
-0.0225924
0.0759657
0.179579
0.284717
0.383913
0.453611
0.39017
-0.200301
-1.63626
-1.90092
-1.42906
-1.18037
-1.11181
-1.07197
-1.12736
-1.39292
-0.345425
-0.285515
-0.210087
-0.125829
-0.0327816
0.0676509
0.173624
0.282007
0.386408
0.468587
0.442522
0.0237304
-0.949629
-1.26541
-1.204
-1.22606
-1.33356
-1.42911
-1.57551
-2.06145
-0.36999
-0.304862
-0.225781
-0.138803
-0.0436578
0.0586613
0.166831
0.277867
0.38671
0.48
0.488566
0.228126
-0.381669
-0.747763
-0.965661
-1.22277
-1.51667
-1.78376
-2.08743
-3.20457
-0.392987
-0.324977
-0.242905
-0.15328
-0.0559862
0.0483752
0.158504
0.271788
0.384966
0.486279
0.520777
0.374871
-0.00642261
-0.393743
-0.778168
-1.20544
-1.6501
-2.04893
-2.37942
-3.81032
-0.416043
-0.346086
-0.261625
-0.169596
-0.070072
0.0363348
0.148268
0.264091
0.379773
0.486458
0.541434
0.465918
0.209515
-0.178676
-0.632788
-1.16038
-1.72728
-2.12789
-2.18041
-2.25758
-0.439873
-0.368631
-0.282197
-0.187964
-0.0863054
0.0220285
0.135967
0.253404
0.371569
0.482995
0.549547
0.514066
0.327663
-0.0279012
-0.498684
-1.09278
-1.78971
-2.27091
-2.19828
-2.22837
-0.46514
-0.392868
-0.304722
-0.208408
-0.104766
0.00551283
0.121162
0.240303
0.359949
0.473105
0.547458
0.536617
0.392856
0.0867799
-0.361328
-1.00176
-1.8247
-2.57499
-2.54712
-2.42096
-0.492681
-0.419142
-0.329295
-0.231022
-0.125393
-0.0133286
0.103782
0.224152
0.345189
0.460476
0.53927
0.543965
0.436907
0.201372
-0.174511
-0.761407
-1.50162
-2.14548
-2.18756
-2.03164
-0.522639
-0.447712
-0.356055
-0.255897
-0.148455
-0.0346347
0.0842473
0.206143
0.328221
0.444357
0.527007
0.545181
0.477904
0.318106
0.0680062
-0.288424
-0.670078
-0.909471
-0.939892
-0.887853
-0.554909
-0.478577
-0.385118
-0.28301
-0.173504
-0.0577864
0.0625399
0.185602
0.308754
0.42672
0.515015
0.549628
0.523931
0.445772
0.334553
0.205943
0.107443
0.0758977
0.0974527
0.111781
-0.589678
-0.511665
-0.416199
-0.312106
-0.200706
-0.0831813
0.0389502
0.163637
0.2881
0.408745
0.504088
0.556521
0.56938
0.555738
0.535847
0.524561
0.537229
0.578087
0.61794
0.627277
-0.626512
-0.546844
-0.44931
-0.343084
-0.229477
-0.109798
0.014167
0.140432
0.266803
0.391398
0.494949
0.564417
0.607445
0.636995
0.666153
0.703837
0.751719
0.803097
0.839739
0.848449
-0.665455
-0.583562
-0.483696
-0.3751
-0.259219
-0.137428
-0.0114711
0.11687
0.246164
0.375409
0.487829
0.571865
0.635919
0.690039
0.741449
0.792762
0.843426
0.889065
0.920341
0.928596
-0.705273
-0.621039
-0.51886
-0.407704
-0.289314
-0.165227
-0.0369548
0.0939516
0.22677
0.361089
0.481762
0.577747
0.654897
0.72103
0.779726
0.832287
0.878533
0.917533
0.945662
0.953509
-0.744854
-0.658502
-0.553425
-0.439596
-0.318667
-0.192145
-0.0613148
0.072435
0.208693
0.347998
0.476664
0.580655
0.665709
0.737211
0.797878
0.849248
0.892341
0.927968
0.954361
0.962151
-0.781618
-0.693478
-0.585901
-0.469336
-0.345883
-0.216871
-0.0835553
0.0529183
0.192429
0.336599
0.470763
0.580594
0.669803
0.743386
0.804315
0.854624
0.896058
0.929984
0.95639
0.964208
-0.813225
-0.723946
-0.613757
-0.494775
-0.369133
-0.238052
-0.102752
0.0358527
0.177974
0.325611
0.463496
0.576623
0.667622
0.741784
0.802344
0.851801
0.892224
0.925196
0.951163
0.95896
-0.835522
-0.746557
-0.634191
-0.513521
-0.386564
-0.254261
-0.117963
0.0216671
0.165134
0.31455
0.454035
0.568331
0.659524
0.733295
0.793156
0.841789
0.881423
0.913752
0.939493
0.947357
-0.845421
-0.757223
-0.643922
-0.523074
-0.39596
-0.263922
-0.128208
0.0107756
0.153764
0.302683
0.441634
0.555082
0.645256
0.717866
0.776751
0.824603
0.863612
0.895513
0.921069
0.929018
-0.836855
-0.751398
-0.639362
-0.519945
-0.394876
-0.265452
-0.132533
0.00364093
0.14367
0.289438
0.42535
0.535924
0.623746
0.694581
0.752147
0.799144
0.837616
0.869258
0.894856
0.902891
-0.804463
-0.724098
-0.615262
-0.500224
-0.380268
-0.256532
-0.129558
0.000603151
0.134658
0.274313
0.404364
0.50977
0.593624
0.661532
0.717133
0.763007
0.800933
0.832666
0.858205
0.866418
-0.740649
-0.667467
-0.565499
-0.459477
-0.349165
-0.235348
-0.118251
0.00224832
0.126835
0.256938
0.377754
0.475343
0.552954
0.61602
0.668101
0.711818
0.748891
0.780675
0.806193
0.814831
-0.635243
-0.569649
-0.48494
-0.394131
-0.299285
-0.200477
-0.0977552
0.00906089
0.120419
0.237169
0.345271
0.431871
0.500145
0.555222
0.600449
0.638456
0.671734
0.701769
0.726831
0.737218
-0.463898
-0.429333
-0.370097
-0.302984
-0.230389
-0.152149
-0.0682124
0.0214358
0.116728
0.217654
0.311023
0.384866
0.441774
0.486447
0.52185
0.549721
0.571468
0.589339
0.60524
0.613194
-0.26205
-0.250598
-0.225245
-0.190652
-0.146927
-0.0941811
-0.0324601
0.0379193
0.116474
0.20245
0.283161
0.346781
0.39491
0.431235
0.458489
0.479054
0.494816
0.506198
0.512944
0.514861
-0.116204
-0.113224
-0.104877
-0.0902728
-0.0678996
-0.0362002
0.00561448
0.0577365
0.1197
0.190408
0.258197
0.311583
0.351202
0.380246
0.401115
0.41538
0.424298
0.429472
0.432212
0.43293
-0.0315606
-0.0318007
-0.0293397
-0.0222363
-0.00939699
0.0105011
0.0388921
0.0768344
0.124597
0.181409
0.2371
0.280981
0.312989
0.335604
0.350939
0.360935
0.367158
0.3706
0.371953
0.372134
0.0158751
0.0158545
0.0171264
0.0211416
0.0292272
0.04276
0.0630357
0.0911876
0.127912
0.172936
0.217881
0.253396
0.279075
0.297015
0.309109
0.316858
0.321438
0.323839
0.324839
0.32504
0.0466125
0.0468357
0.0479882
0.0509198
0.0565366
0.0659944
0.0806148
0.101634
0.129884
0.165364
0.201323
0.229842
0.250362
0.264528
0.273892
0.279792
0.283292
0.285175
0.286001
0.286178
0.0670551
0.0672947
0.0682649
0.0704797
0.074652
0.0816573
0.0925393
0.108403
0.13014
0.157955
0.1865
0.209223
0.225527
0.236724
0.244104
0.248748
0.251495
0.252971
0.253622
0.253761
0.080489
0.0807252
0.081516
0.0832414
0.086402
0.0916753
0.0999043
0.112014
0.128807
0.150574
0.173136
0.191165
0.204092
0.212949
0.218767
0.222418
0.224578
0.225744
0.226262
0.226372
0.0888848
0.0890831
0.0897152
0.0910574
0.0934875
0.0975198
0.103811
0.113113
0.126118
0.143138
0.160912
0.175164
0.185387
0.192384
0.196974
0.199852
0.201553
0.202471
0.202878
0.202963
0.09348
0.0936407
0.0941396
0.0951835
0.0970588
0.100163
0.105008
0.112193
0.122291
0.135594
0.149568
0.160807
0.168874
0.174393
0.178012
0.18028
0.181622
0.182344
0.182662
0.182728
0.0951812
0.0953089
0.0956997
0.0965111
0.0979648
0.100366
0.104114
0.109683
0.117538
0.127935
0.138907
0.147752
0.154108
0.158458
0.161309
0.163094
0.164147
0.164713
0.164963
0.165014
0.0946584
0.0947592
0.0950651
0.0956971
0.0968254
0.0986884
0.101597
0.105924
0.112042
0.120169
0.128774
0.135726
0.140726
0.144147
0.146389
0.147793
0.148621
0.149065
0.149259
0.149298
0.0924193
0.0924982
0.0927365
0.0932282
0.094106
0.095554
0.0978153
0.101184
0.105954
0.112307
0.119051
0.124508
0.128435
0.131123
0.132885
0.133987
0.134636
0.134984
0.135137
0.135167
0.0888504
0.0889124
0.0890988
0.089482
0.0901649
0.0912917
0.0930524
0.0956761
0.0993969
0.104361
0.109641
0.11392
0.117003
0.119113
0.120495
0.12136
0.121869
0.122141
0.122258
0.122281
0.0842498
0.0842979
0.0844428
0.084741
0.0852731
0.086151
0.0875225
0.0895675
0.0924707
0.096349
0.100481
0.103832
0.106247
0.107901
0.108984
0.109661
0.110058
0.110271
0.110361
0.110379
0.078847
0.0788845
0.0789974
0.0792296
0.079644
0.0803274
0.0813951
0.0829881
0.0852523
0.0882803
0.0915094
0.0941313
0.0960211
0.0973149
0.0981617
0.0986913
0.0990032
0.0991693
0.0992405
0.099254
0.0728192
0.0728484
0.0729361
0.0731167
0.0734384
0.0739699
0.0748014
0.0760427
0.0778069
0.0801672
0.0826876
0.0847342
0.0862091
0.0872199
0.0878826
0.0882964
0.0885385
0.0886672
0.0887224
0.0887329
0.0663063
0.0663287
0.0663965
0.0665365
0.0667869
0.0672
0.0678455
0.0688093
0.0701808
0.0720178
0.0739804
0.0755755
0.0767262
0.0775146
0.0780297
0.0783505
0.0785388
0.0786387
0.0786813
0.0786892
0.0594162
0.0594337
0.0594862
0.0595944
0.0597875
0.0601067
0.0606067
0.0613533
0.062416
0.0638406
0.0653627
0.0666008
0.0674944
0.0681054
0.0685052
0.0687547
0.0689003
0.0689774
0.0690102
0.0690164
0.0522348
0.0522479
0.0522877
0.0523702
0.0525185
0.0527643
0.0531496
0.0537254
0.0545449
0.0556433
0.0568173
0.0577712
0.058458
0.0589281
0.0592358
0.0594279
0.059541
0.059601
0.0596262
0.0596309
0.0448268
0.0448366
0.0448668
0.0449301
0.0450436
0.0452306
0.0455235
0.0459619
0.0465864
0.0474241
0.0483201
0.0490492
0.0495753
0.0499359
0.0501722
0.0503185
0.0504029
0.0504476
0.0504662
0.0504695
0.0372467
0.037254
0.0372768
0.037324
0.0374087
0.0375488
0.0377684
0.0380971
0.0385656
0.0391944
0.0398676
0.0404154
0.0408107
0.0410805
0.0412553
0.0413644
0.0414282
0.0414612
0.041475
0.0414778
0.0295379
0.0295428
0.0295591
0.029593
0.0296541
0.0297556
0.0299153
0.0301546
0.0304961
0.030954
0.0314433
0.0318406
0.0321266
0.0323222
0.0324507
0.0325305
0.0325767
0.0326009
0.0326106
0.0326125
0.0217343
0.0217378
0.0217491
0.0217726
0.0218142
0.0218835
0.0219927
0.0221567
0.0223907
0.022705
0.023042
0.0233159
0.0235141
0.0236504
0.0237383
0.0237918
0.0238223
0.0238376
0.0238432
0.0238445
0.0138664
0.013869
0.0138756
0.0138896
0.013915
0.0139579
0.0140249
0.0141246
0.0142666
0.0144577
0.0146621
0.0148275
0.0149446
0.0150234
0.0150756
0.015109
0.0151279
0.0151371
0.0151405
0.0151414
0.00595262
0.00595296
0.00595398
0.0059575
0.00596539
0.00597928
0.00600104
0.00603492
0.00608501
0.00615598
0.00624195
0.00631913
0.00637652
0.00641679
0.00644281
0.0064583
0.00646758
0.00647336
0.00647624
0.00647764
-2.18193
-1.38866
-0.900783
-0.518192
-0.188699
0.106603
0.359968
0.569846
0.772455
0.803728
-0.961465
-0.677721
-0.38423
-0.124131
0.104791
0.302546
0.467271
0.597646
0.666625
0.655972
-0.402579
-0.22459
-0.0363701
0.133904
0.284059
0.411898
0.514699
0.587026
0.624751
0.629971
-0.0446218
0.0694227
0.190441
0.301272
0.398461
0.479243
0.542344
0.587057
0.612786
0.622154
0.189621
0.263674
0.34338
0.415067
0.477888
0.529683
0.569954
0.599411
0.617965
0.626679
0.349881
0.399141
0.450299
0.49697
0.538255
0.5735
0.60058
0.622236
0.634292
0.63943
0.465904
0.497744
0.53069
0.56423
0.595065
0.621637
0.64214
0.654756
0.660714
0.664088
0.550566
0.57449
0.603927
0.632356
0.657109
0.677282
0.692864
0.702436
0.708176
0.714941
0.61315
0.638228
0.667257
0.693729
0.719088
0.74237
0.761578
0.775382
0.781243
0.792099
0.678271
0.71538
0.75455
0.791305
0.822751
0.847288
0.864875
0.87639
0.881911
0.896181
0.792774
0.838682
0.881481
0.915078
0.941725
0.963344
0.981328
0.994793
1.00431
1.02058
0.956744
0.992778
1.02593
1.05341
1.07679
1.09737
1.11501
1.1295
1.14162
1.15892
1.13811
1.16511
1.1857
1.20448
1.22179
1.23823
1.25405
1.27006
1.28709
1.30573
1.32735
1.3378
1.3508
1.36557
1.37941
1.39141
1.40204
1.41317
1.42841
1.44778
1.50849
1.52223
1.52738
1.52865
1.53082
1.53819
1.5519
1.5694
1.58279
1.59406
1.77722
1.72666
1.67948
1.64824
1.63517
1.63966
1.66299
1.70792
1.77446
1.86854
0.544013
0.541688
0.53706
0.527418
0.516247
0.506105
0.497986
0.491872
0.48769
0.485743
0.486623
0.490035
0.495379
0.5026
0.511863
0.522789
0.533714
0.540999
0.544429
0.54601
0.471713
0.479685
0.486193
0.490693
0.492699
0.492067
0.489565
0.48653
0.483981
0.482722
0.483374
0.48566
0.48879
0.491885
0.493721
0.493155
0.489873
0.484455
0.476466
0.470592
0.469771
0.473011
0.477152
0.480086
0.481772
0.482356
0.482069
0.481093
0.479906
0.479231
0.479733
0.481077
0.482466
0.483299
0.483297
0.482278
0.480037
0.476433
0.472327
0.470605
0.470941
0.4715
0.472665
0.473963
0.475187
0.476281
0.476732
0.476615
0.47625
0.476065
0.47645
0.477155
0.47771
0.477769
0.477106
0.475974
0.474787
0.473528
0.472649
0.472412
0.467581
0.467785
0.468222
0.468727
0.46923
0.469677
0.470014
0.470207
0.470275
0.470379
0.470717
0.471121
0.471342
0.471308
0.471066
0.470682
0.470228
0.469771
0.469445
0.469346
0.463609
0.463707
0.463929
0.464244
0.464627
0.465036
0.46542
0.465741
0.466013
0.466316
0.46667
0.466956
0.467076
0.467009
0.466799
0.466521
0.466241
0.466006
0.465859
0.465808
0.458936
0.458989
0.459104
0.459271
0.459488
0.459759
0.460072
0.460416
0.460785
0.461202
0.461627
0.461942
0.462101
0.46213
0.462076
0.461983
0.461885
0.461796
0.461735
0.461709
0.454069
0.454104
0.454185
0.454308
0.454481
0.454713
0.455012
0.455383
0.455832
0.456366
0.456896
0.457289
0.457526
0.45764
0.457675
0.457665
0.457635
0.457599
0.457571
0.457554
0.449016
0.449036
0.449098
0.449198
0.449351
0.449572
0.449882
0.450298
0.450835
0.451502
0.452175
0.45269
0.453028
0.453235
0.453348
0.453403
0.453423
0.453424
0.453418
0.453408
0.443774
0.443797
0.443851
0.443947
0.444102
0.444338
0.444684
0.44517
0.445824
0.446658
0.447515
0.448185
0.44865
0.448954
0.449142
0.449252
0.44931
0.449337
0.449344
0.449337
0.438332
0.438352
0.438412
0.438518
0.438693
0.438967
0.439377
0.439966
0.440775
0.441824
0.442914
0.443781
0.444399
0.444811
0.445076
0.44524
0.445334
0.445383
0.445402
0.445397
0.432665
0.432687
0.432753
0.432878
0.433087
0.433419
0.433921
0.434652
0.435665
0.436991
0.438382
0.439498
0.440294
0.440837
0.441191
0.441412
0.441543
0.441614
0.441643
0.441639
0.42671
0.426736
0.426816
0.426969
0.427228
0.427641
0.428271
0.429189
0.43047
0.432153
0.433922
0.435346
0.436369
0.437069
0.437529
0.437818
0.437991
0.438086
0.438127
0.438123
0.420397
0.420428
0.42053
0.420722
0.421049
0.421572
0.422369
0.423536
0.425163
0.427302
0.429553
0.431366
0.432669
0.433563
0.434151
0.434523
0.434746
0.434869
0.434922
0.434918
0.413628
0.413668
0.413797
0.414043
0.41446
0.415128
0.416147
0.417636
0.419711
0.422436
0.425297
0.427598
0.429252
0.430386
0.431134
0.431606
0.43189
0.432047
0.432116
0.43211
0.406272
0.406323
0.40649
0.406807
0.407345
0.408204
0.409513
0.411422
0.414076
0.417548
0.421182
0.424098
0.426191
0.427625
0.42857
0.429168
0.429526
0.429725
0.429812
0.429805
0.398154
0.398221
0.398438
0.398851
0.39955
0.400663
0.402353
0.40481
0.40821
0.412637
0.417248
0.420935
0.423576
0.425384
0.426574
0.427327
0.427779
0.42803
0.428139
0.42813
0.38904
0.38913
0.389417
0.389959
0.390873
0.392325
0.39452
0.397695
0.402061
0.407706
0.413548
0.418199
0.421523
0.423797
0.425293
0.426239
0.426806
0.42712
0.427257
0.427246
0.378613
0.378735
0.379118
0.379838
0.381047
0.382957
0.385829
0.38995
0.395568
0.402763
0.410147
0.415997
0.420169
0.423021
0.424899
0.426085
0.426798
0.427192
0.427363
0.427348
0.366426
0.366596
0.367118
0.368092
0.369713
0.372255
0.376044
0.381425
0.38867
0.39783
0.407131
0.414459
0.419676
0.423246
0.425599
0.427089
0.427983
0.428478
0.428693
0.428674
0.351843
0.352089
0.352822
0.354168
0.356384
0.359823
0.364882
0.371955
0.381316
0.392948
0.404603
0.413731
0.420233
0.424694
0.427644
0.429518
0.430647
0.431273
0.431545
0.43152
0.3339
0.334277
0.335353
0.33728
0.340395
0.345148
0.352009
0.361383
0.373488
0.388189
0.402683
0.413973
0.422034
0.427603
0.431316
0.433692
0.435133
0.435939
0.436292
0.436261
0.311045
0.311689
0.313381
0.316275
0.320828
0.3276
0.337079
0.349596
0.365223
0.383658
0.401494
0.415318
0.425252
0.432203
0.436911
0.439972
0.441859
0.442939
0.443426
0.443392
0.280671
0.281937
0.284845
0.289488
0.296517
0.306524
0.319856
0.33662
0.356663
0.379502
0.401137
0.417842
0.429972
0.438641
0.444681
0.448738
0.451333
0.452887
0.453635
0.453613
0.238059
0.240968
0.246622
0.254841
0.266418
0.281672
0.300539
0.322824
0.348153
0.375943
0.401697
0.421529
0.436135
0.446874
0.454681
0.460229
0.464046
0.46654
0.467862
0.467867
0.174409
0.182353
0.1949
0.210873
0.230654
0.253833
0.280056
0.309008
0.340249
0.373252
0.403191
0.426204
0.443422
0.456487
0.466466
0.47409
0.479888
0.484329
0.486657
0.486457
0.0969344
0.111328
0.136315
0.163869
0.193655
0.225558
0.259515
0.295294
0.332573
0.371044
0.405634
0.432487
0.453116
0.469412
0.482542
0.493286
0.50223
0.509568
0.513171
0.514655
0.0207452
0.0475193
0.0830815
0.120463
0.159361
0.19954
0.240821
0.282998
0.325857
0.36929
0.408032
0.438176
0.461565
0.480327
0.495719
0.508483
0.519094
0.52788
0.533412
0.53545
-0.0285498
0.000828353
0.0415323
0.0852887
0.130773
0.177352
0.224589
0.272084
0.319508
0.366779
0.408445
0.440691
0.465627
0.485492
0.50159
0.514729
0.525466
0.53418
0.53972
0.541715
-0.064197
-0.0327512
0.0111514
0.0586549
0.108347
0.159438
0.211155
0.262766
0.313684
0.363729
0.407281
0.440684
0.466317
0.486574
0.502846
0.516026
0.526712
0.53533
0.540979
0.542976
-0.0901144
-0.0580144
-0.012001
0.0382661
0.0911236
0.145594
0.200673
0.255324
0.308666
0.360354
0.404765
0.43857
0.464396
0.484708
0.500945
0.514028
0.524584
0.533095
0.538824
0.540824
-0.110925
-0.0777293
-0.0300283
0.0223286
0.0776415
0.134785
0.192478
0.249351
0.304224
0.356583
0.400992
0.434653
0.460369
0.48059
0.496727
0.5097
0.52014
0.528562
0.53435
0.536349
-0.12778
-0.0935765
-0.0443404
0.00982665
0.0671804
0.126493
0.18624
0.244709
0.300358
0.352482
0.396087
0.429153
0.454592
0.474703
0.490781
0.503699
0.514098
0.522439
0.528265
0.530269
-0.141746
-0.106627
-0.055958
-0.000169602
0.0590268
0.120228
0.181665
0.24126
0.297037
0.348065
0.390066
0.422136
0.447255
0.467371
0.483539
0.496536
0.506973
0.515311
0.521229
0.523271
-0.153805
-0.117588
-0.065624
-0.00824353
0.0526532
0.115582
0.1785
0.238901
0.294274
0.343361
0.382882
0.413548
0.438394
0.458781
0.475333
0.488635
0.499264
0.507687
0.513703
0.515793
-0.164472
-0.127139
-0.0738225
-0.0149123
0.0476521
0.112257
0.176555
0.23757
0.292115
0.338413
0.374415
0.403184
0.427898
0.449022
0.466444
0.480446
0.49153
0.500203
0.506414
0.508595
-0.17416
-0.135748
-0.0810134
-0.0205678
0.0436747
0.109969
0.175658
0.237228
0.290649
0.333292
0.364523
0.390688
0.415484
0.438063
0.457144
0.472457
0.484417
0.493584
0.500055
0.502346
-0.183139
-0.143745
-0.0875622
-0.0255415
0.0404503
0.108484
0.175653
0.237832
0.289971
0.328142
0.353038
0.375554
0.40064
0.425725
0.447637
0.465232
0.478719
0.488776
0.495692
0.498187
-0.191791
-0.151368
-0.0937339
-0.0300959
0.0377029
0.107598
0.176387
0.23936
0.290226
0.323176
0.339827
0.357088
0.382558
0.411617
0.438129
0.459393
0.475431
0.486913
0.494538
0.497301
-0.20042
-0.158801
-0.0997187
-0.0344339
0.0352225
0.107095
0.177704
0.241728
0.291522
0.318708
0.324854
0.334451
0.360062
0.395074
0.428783
0.45577
0.475651
0.489459
0.49819
0.50128
-0.209055
-0.166272
-0.1057
-0.0387205
0.0328369
0.106786
0.179429
0.244862
0.293965
0.315094
0.308218
0.30667
0.331539
0.374894
0.419711
0.455327
0.480892
0.498128
0.508547
0.511909
-0.217928
-0.1739
-0.11181
-0.0431039
0.030412
0.106507
0.181378
0.248617
0.297618
0.312768
0.290218
0.272652
0.295138
0.349723
0.410383
0.458839
0.492819
0.514834
0.527494
0.53092
-0.227009
-0.181738
-0.1181
-0.0476815
0.027809
0.106131
0.183398
0.252832
0.302462
0.312168
0.271475
0.230909
0.247274
0.31655
0.400235
0.467435
0.513485
0.541868
0.557563
0.561442
-0.236336
-0.189825
-0.124621
-0.0524828
0.0249533
0.105519
0.185346
0.257354
0.308397
0.313667
0.252861
0.180609
0.184609
0.272322
0.388863
0.483265
0.546193
0.582835
0.600929
0.604103
-0.245836
-0.198111
-0.131356
-0.0575304
0.021802
0.104585
0.187032
0.261971
0.31528
0.317555
0.235394
0.120903
0.10034
0.210436
0.376568
0.506382
0.591444
0.639156
0.65736
0.655314
-0.255718
-0.206605
-0.138237
-0.0628067
0.0183174
0.103294
0.188398
0.266493
0.322916
0.323996
0.220089
0.0529103
-0.0139875
0.121309
0.36211
0.540992
0.653055
0.714499
0.732803
0.695573
-0.265905
-0.215258
-0.145253
-0.0683739
0.0144092
0.101548
0.189355
0.27091
0.331378
0.33356
0.207927
-0.0288216
-0.186122
-0.0213304
0.323184
0.574035
0.711186
0.780934
0.813971
0.805188
-0.276658
-0.223816
-0.152268
-0.074262
0.0100653
0.0993124
0.189751
0.275026
0.340377
0.346504
0.201754
-0.127015
-0.462733
-0.290994
0.258984
0.588295
0.744399
0.770598
0.700494
0.634618
-0.289162
-0.231766
-0.158881
-0.0801678
0.00563743
0.0968535
0.189595
0.27875
0.349655
0.36267
0.206056
-0.244629
-0.930841
-0.844253
0.0412706
0.520825
0.664718
0.632369
0.508004
0.422076
-0.304033
-0.237868
-0.164728
-0.0854798
0.00150812
0.0943345
0.189149
0.282006
0.358957
0.38138
0.222668
-0.383034
-1.56877
-1.62194
-0.392739
0.238403
0.347714
0.31531
0.214249
0.151796
0.139089
0.237718
0.329807
0.39654
0.368234
-0.0138431
-1.2906
-0.222732
-0.287637
-0.264135
-0.216679
-0.141869
-0.057483
0.0352211
0.133586
0.234582
0.331423
0.407332
0.398419
0.0426224
-1.34754
-2.7955
-1.92748
-1.02625
-0.683517
-0.533488
-0.492808
-0.30267
-0.281091
-0.225613
-0.149646
-0.0639435
0.0302896
0.130344
0.234022
0.335022
0.419671
0.433119
0.139651
-1.10879
-2.3729
-1.8183
-1.24059
-1.01821
-0.915848
-0.891383
-0.326786
-0.303596
-0.240626
-0.162129
-0.0744692
0.0215635
0.124003
0.230495
0.335772
0.429395
0.465679
0.251304
-0.675964
-1.60617
-1.41925
-1.25293
-1.20898
-1.2442
-1.28658
-0.351516
-0.326007
-0.257503
-0.175847
-0.0859683
0.0119687
0.116491
0.225315
0.334518
0.435782
0.491911
0.358113
-0.246002
-0.90246
-1.02439
-1.1456
-1.32716
-1.52624
-1.70792
-0.374817
-0.347959
-0.275433
-0.190804
-0.0985102
0.00147126
0.107838
0.218904
0.33154
0.438651
0.511002
0.443564
0.0864223
-0.381394
-0.700502
-1.03601
-1.40506
-1.762
-2.07786
-0.397316
-0.370042
-0.294677
-0.207426
-0.112676
-0.0106571
0.0976625
0.210954
0.326115
0.437537
0.521609
0.502344
0.292461
-0.0817563
-0.484216
-0.94096
-1.44296
-1.94022
-2.20692
-2.31056
-0.420521
-0.393007
-0.315431
-0.225896
-0.128904
-0.024835
0.0855647
0.200613
0.317968
0.433254
0.525793
0.538044
0.408583
0.102059
-0.317805
-0.84098
-1.43131
-2.02394
-2.19181
-2.18521
-0.444942
-0.417252
-0.337928
-0.246367
-0.147281
-0.0411507
0.0709941
0.187942
0.307436
0.424408
0.521479
0.552549
0.464453
0.212811
-0.184101
-0.729621
-1.42772
-2.18953
-2.44305
-2.3237
-0.471154
-0.443132
-0.362325
-0.268884
-0.167816
-0.0597601
0.0543018
0.172713
0.293038
0.411691
0.512443
0.554781
0.495326
0.298321
-0.0452507
-0.565937
-1.31019
-2.16759
-2.6118
-2.41529
-0.49964
-0.471254
-0.388886
-0.293565
-0.190577
-0.0806501
0.0349421
0.154795
0.276807
0.396636
0.498986
0.548465
0.513915
0.369941
0.114793
-0.281531
-0.834715
-1.3759
-1.61377
-1.54307
-0.530512
-0.501654
-0.417693
-0.320558
-0.215665
-0.103809
0.0136809
0.135025
0.257824
0.378586
0.483453
0.54183
0.532694
0.44856
0.299032
0.0922207
-0.145146
-0.306264
-0.369128
-0.344044
-0.563515
-0.534257
-0.448749
-0.349617
-0.242649
-0.128958
-0.00990563
0.112886
0.237096
0.35945
0.46785
0.537051
0.555397
0.528467
0.475533
0.415231
0.367019
0.35869
0.392576
0.417958
-0.598568
-0.56906
-0.481872
-0.380763
-0.271794
-0.156084
-0.0349985
0.0895379
0.215189
0.339658
0.453091
0.53439
0.578103
0.595814
0.603106
0.615663
0.643471
0.688035
0.735739
0.759913
-0.635679
-0.606029
-0.516741
-0.413407
-0.302188
-0.184287
-0.061206
0.0650812
0.19287
0.320374
0.440096
0.533379
0.597609
0.645514
0.688075
0.732821
0.782083
0.833141
0.876147
0.896955
-0.67435
-0.644239
-0.55279
-0.447062
-0.333458
-0.213218
-0.0879591
0.0405661
0.171085
0.302535
0.428596
0.532948
0.612635
0.67803
0.736414
0.790697
0.841263
0.886646
0.922883
0.942057
-0.71348
-0.682523
-0.589075
-0.480767
-0.364564
-0.241874
-0.11426
0.0168666
0.150357
0.285824
0.418547
0.532367
0.622344
0.697302
0.761701
0.817601
0.86561
0.905929
0.938038
0.955855
-0.751437
-0.71945
-0.624117
-0.513156
-0.394298
-0.269084
-0.138963
-0.00517516
0.131358
0.271028
0.409671
0.530478
0.627043
0.706679
0.77321
0.828814
0.874973
0.91289
0.942718
0.959374
-0.785968
-0.752689
-0.655899
-0.542293
-0.420935
-0.293317
-0.160924
-0.0247973
0.114424
0.25756
0.40066
0.526408
0.626647
0.708362
0.775403
0.830403
0.875389
0.912036
0.940802
0.957126
-0.812907
-0.779138
-0.68152
-0.565688
-0.442355
-0.313043
-0.179006
-0.0413181
0.0997083
0.245193
0.391074
0.519443
0.621135
0.703321
0.770075
0.824327
0.868404
0.904175
0.931824
0.947936
-0.828027
-0.795753
-0.697752
-0.580723
-0.456448
-0.326393
-0.192001
-0.0540813
0.0873278
0.233422
0.380065
0.508878
0.610347
0.69184
0.757749
0.811141
0.85443
0.889586
0.916595
0.932559
-0.828932
-0.798287
-0.700948
-0.584001
-0.460474
-0.331586
-0.198618
-0.062378
0.0774177
0.221841
0.366763
0.493696
0.593473
0.673385
0.737974
0.790336
0.832844
0.867467
0.893811
0.909997
-0.808956
-0.779706
-0.685945
-0.571548
-0.451149
-0.326046
-0.197304
-0.0653692
0.070002
0.209984
0.350366
0.47303
0.569337
0.646594
0.709243
0.760284
0.801918
0.835993
0.861714
0.878479
-0.761221
-0.734312
-0.646607
-0.538617
-0.424946
-0.307299
-0.18631
-0.0622005
0.0654001
0.197631
0.330303
0.445783
0.536436
0.60939
0.668956
0.717901
0.758134
0.791462
0.816845
0.834011
-0.677788
-0.655881
-0.575582
-0.479986
-0.378405
-0.273216
-0.164478
-0.0521823
0.064008
0.184919
0.306196
0.411264
0.493359
0.559345
0.613485
0.6584
0.695602
0.726133
0.751439
0.768037
-0.55199
-0.536322
-0.471251
-0.39248
-0.309906
-0.222846
-0.131213
-0.0349475
0.0660954
0.172199
0.278671
0.369999
0.440168
0.495468
0.540001
0.57667
0.607038
0.631195
0.649408
0.660995
-0.36092
-0.35317
-0.319545
-0.273211
-0.219231
-0.157429
-0.0882399
-0.0117626
0.0718082
0.162135
0.254346
0.333601
0.393746
0.439976
0.475625
0.502816
0.523673
0.540674
0.554746
0.563368
-0.179899
-0.17814
-0.167925
-0.149413
-0.12246
-0.0861987
-0.0400014
0.0161123
0.0817417
0.156117
0.234088
0.301493
0.352018
0.389729
0.41766
0.438275
0.453039
0.462668
0.468105
0.470713
-0.0671455
-0.0673781
-0.0650779
-0.0578653
-0.0448094
-0.0243992
0.00492278
0.0442216
0.0937534
0.152977
0.217232
0.273454
0.315198
0.345594
0.367082
0.381535
0.390687
0.396216
0.39921
0.400228
-0.00473057
-0.00504333
-0.00476268
-0.00163375
0.00587901
0.0190173
0.0390326
0.0671974
0.104439
0.150854
0.202663
0.248455
0.28223
0.306314
0.322909
0.333963
0.340958
0.344948
0.346804
0.347342
0.0327935
0.0327728
0.0333169
0.0354984
0.0403394
0.0490813
0.0631122
0.0837384
0.11197
0.148199
0.189558
0.226485
0.253674
0.272922
0.286033
0.294552
0.299761
0.302709
0.304169
0.304678
0.057906
0.0579624
0.0585117
0.0602172
0.0637962
0.070135
0.0803259
0.0955886
0.117017
0.145192
0.177951
0.207448
0.22915
0.244398
0.254671
0.261303
0.26537
0.267682
0.268831
0.269235
0.0744972
0.0745696
0.0750747
0.0764226
0.079123
0.083857
0.0914899
0.103019
0.119418
0.141315
0.167135
0.190562
0.207811
0.2199
0.228024
0.233251
0.236445
0.23826
0.239168
0.239491
0.0852265
0.0852957
0.0857221
0.0867916
0.0888739
0.0924775
0.0982724
0.107065
0.119682
0.136714
0.157011
0.175538
0.189199
0.198763
0.205174
0.209291
0.211806
0.213236
0.213953
0.214208
0.0915899
0.0916485
0.0919915
0.0928293
0.094439
0.0972094
0.101656
0.108416
0.118166
0.131427
0.14735
0.161959
0.17275
0.180304
0.185363
0.188611
0.190593
0.19172
0.192283
0.192482
0.0946424
0.0946903
0.0949625
0.0956168
0.096865
0.0990045
0.102436
0.107659
0.115218
0.125552
0.138034
0.149531
0.158036
0.163992
0.16798
0.170539
0.172099
0.172985
0.173427
0.173583
0.0951592
0.0951975
0.0954117
0.0959223
0.0968915
0.0985503
0.101209
0.105259
0.111134
0.119194
0.128969
0.138003
0.144695
0.149385
0.152526
0.154539
0.155766
0.156461
0.156807
0.156928
0.0937241
0.0937545
0.0939221
0.0943199
0.0950737
0.0963621
0.0984272
0.101575
0.106148
0.112438
0.120092
0.127182
0.132442
0.136129
0.138597
0.140178
0.141142
0.141688
0.141959
0.142053
0.0907781
0.090802
0.0909332
0.0912434
0.0918302
0.0928323
0.0944383
0.0968885
0.100453
0.105363
0.111352
0.11691
0.121038
0.123933
0.125872
0.127116
0.127871
0.128298
0.128509
0.128582
0.0866619
0.0866806
0.0867828
0.0870244
0.0874812
0.0882617
0.0895125
0.091421
0.0941991
0.0980328
0.102717
0.107071
0.110308
0.112578
0.114098
0.115072
0.115664
0.115999
0.116164
0.116221
0.0816349
0.0816495
0.0817292
0.0819174
0.0822732
0.0828809
0.083855
0.085342
0.0875084
0.090501
0.0941618
0.0975686
0.100103
0.101881
0.103072
0.103834
0.104296
0.104557
0.104686
0.104729
0.0759009
0.0759122
0.075974
0.0761203
0.076397
0.0768702
0.0776285
0.0787861
0.0804743
0.0828079
0.0856656
0.0883276
0.0903078
0.0916973
0.0926281
0.0932248
0.0935876
0.0937915
0.0938915
0.0939254
0.0696151
0.0696238
0.069672
0.0697857
0.0700009
0.0703683
0.070958
0.0718593
0.0731734
0.0749904
0.0772177
0.0792943
0.0808393
0.0819239
0.08265
0.0831145
0.0833965
0.083555
0.0836326
0.0836588
0.0629022
0.0629089
0.0629459
0.0630338
0.0632005
0.0634858
0.0639431
0.0646413
0.0656604
0.067072
0.0688029
0.070417
0.0716198
0.0724651
0.0730303
0.0733907
0.0736086
0.073731
0.0737905
0.0738103
0.0558566
0.0558617
0.0558902
0.0559579
0.0560862
0.0563058
0.0566589
0.0571992
0.0579874
0.059079
0.0604185
0.061668
0.0625985
0.0632502
0.0636861
0.0639655
0.0641353
0.0642307
0.0642774
0.0642932
0.0485537
0.0485576
0.0485793
0.0486313
0.0487294
0.0488973
0.0491675
0.0495815
0.0501864
0.0510239
0.0520517
0.0530102
0.0537237
0.0542246
0.0545603
0.0547751
0.054905
0.0549776
0.0550128
0.0550244
0.0410551
0.0410581
0.0410739
0.0411124
0.0411864
0.0413135
0.0415175
0.0418301
0.0422871
0.0429208
0.0436997
0.0444275
0.0449704
0.045352
0.0456069
0.0457684
0.0458655
0.0459198
0.0459456
0.0459536
0.0334073
0.0334096
0.0334211
0.0334491
0.0335028
0.0335963
0.0337479
0.0339802
0.0343194
0.0347893
0.0353665
0.0359051
0.0363052
0.0365851
0.0367718
0.0368919
0.0369652
0.037006
0.0370261
0.037033
0.0256476
0.0256494
0.0256566
0.0256758
0.0257146
0.025782
0.02589
0.0260546
0.0262957
0.0266306
0.0270412
0.0274238
0.0277079
0.0279069
0.0280401
0.0281239
0.0281738
0.0282018
0.0282147
0.0282183
0.0178067
0.0178077
0.0178132
0.0178264
0.0178518
0.0178956
0.0179655
0.0180729
0.0182302
0.0184487
0.0187173
0.018968
0.0191551
0.0192857
0.0193722
0.0194272
0.0194597
0.0194764
0.0194834
0.0194854
0.00991272
0.00991328
0.00991693
0.00992509
0.00993874
0.00996124
0.00999779
0.0100547
0.0101383
0.0102542
0.010398
0.0105304
0.0106279
0.0106963
0.0107424
0.0107716
0.0107887
0.0107984
0.0108034
0.0108055
0.00595271
0.00595324
0.00595535
0.00596078
0.00597156
0.00598892
0.00601625
0.00605769
0.00611757
0.00619915
0.00628318
0.00635005
0.00639858
0.00643139
0.00645163
0.00646347
0.00647088
0.00647513
0.00647685
0.00216086
-1.79954
-1.21397
-0.796379
-0.454261
-0.158642
0.102466
0.327622
0.514154
0.665836
0.700978
-0.860171
-0.555748
-0.30423
-0.0826775
0.11559
0.288779
0.434262
0.548775
0.623012
0.6459
-0.324571
-0.141987
0.0171468
0.160444
0.289576
0.401146
0.492527
0.560185
0.603377
0.622769
0.0110812
0.124105
0.226318
0.319844
0.403762
0.475112
0.533504
0.575988
0.604393
0.61994
0.231213
0.302983
0.37034
0.431436
0.485504
0.531659
0.568898
0.59698
0.61579
0.627178
0.381843
0.42801
0.471088
0.512218
0.548769
0.581346
0.608754
0.629864
0.640403
0.644075
0.491631
0.519892
0.552759
0.584125
0.61387
0.63927
0.658903
0.672285
0.678575
0.677916
0.570423
0.59227
0.621878
0.649214
0.674
0.695707
0.714727
0.729508
0.739472
0.73862
0.629621
0.656487
0.688851
0.721079
0.751634
0.779618
0.801958
0.817942
0.826686
0.827505
0.708418
0.747496
0.793602
0.834349
0.867728
0.893405
0.912844
0.927763
0.937697
0.942826
0.847808
0.893031
0.933611
0.967535
0.994998
1.01848
1.03872
1.05461
1.06633
1.07567
1.024
1.06209
1.09107
1.11697
1.13834
1.15722
1.17473
1.1914
1.20705
1.22121
1.22271
1.24463
1.25992
1.27529
1.29164
1.30717
1.32101
1.33409
1.34923
1.36721
1.41375
1.42091
1.43172
1.44369
1.45354
1.46257
1.47256
1.48357
1.49516
1.50413
1.62661
1.62841
1.62051
1.60423
1.5934
1.59283
1.60502
1.62956
1.66346
1.68787
2.04684
1.8531
1.752
1.69378
1.6642
1.65781
1.67291
1.71362
1.78962
1.93268
-0.257935
-0.262176
-0.208245
-0.134157
-0.049882
0.0419117
-2.64231
-1.59846
-0.584104
-0.230956
-0.140409
-0.132735
-0.525085
-0.934297
-1.40238
-1.96363
-2.69222
)
;

boundaryField
{
    wall-4
    {
        type            zeroGradient;
    }
    pressure-outlet-7
    {
        type            fixedValue;
        value           uniform 0;
    }
    velocity-inlet-6
    {
        type            zeroGradient;
    }
    velocity-inlet-5
    {
        type            zeroGradient;
    }
    frontAndBackPlanes
    {
        type            empty;
    }
}


// ************************************************************************* //
