/*--------------------------------*- C++ -*----------------------------------*\
  =========                 |
  \\      /  F ield         | OpenFOAM: The Open Source CFD Toolbox
   \\    /   O peration     | Website:  https://openfoam.org
    \\  /    A nd           | Version:  9
     \\/     M anipulation  |
\*---------------------------------------------------------------------------*/
FoamFile
{
    format      ascii;
    class       volScalarField;
    location    "28";
    object      p;
}
// * * * * * * * * * * * * * * * * * * * * * * * * * * * * * * * * * * * * * //

dimensions      [0 2 -2 0 0 0 0];

internalField   nonuniform List<scalar> 
8800
(
1.01588
0.968094
0.9294
0.900398
0.879523
0.864673
0.854048
0.846528
0.841652
0.83951
0.840667
0.844753
0.851311
0.860559
0.87329
0.890991
0.915744
0.949668
0.992203
1.0509
0.847144
0.854822
0.862286
0.865591
0.86408
0.858989
0.852484
0.846378
0.841605
0.838685
0.838299
0.840686
0.845074
0.850939
0.857646
0.863881
0.86749
0.866735
0.861292
0.85259
0.825567
0.831727
0.835851
0.838789
0.840828
0.841416
0.840283
0.838137
0.836057
0.835048
0.835886
0.838148
0.840847
0.842947
0.843491
0.842244
0.839863
0.836442
0.83187
0.828104
0.819797
0.822447
0.825197
0.827596
0.829222
0.830367
0.83108
0.831152
0.830783
0.83062
0.831233
0.832271
0.832992
0.832959
0.832272
0.831118
0.829253
0.826643
0.824218
0.822713
0.814469
0.815894
0.817678
0.819713
0.821494
0.822823
0.823783
0.824528
0.825061
0.8255
0.825987
0.82632
0.82628
0.825873
0.825074
0.82374
0.821973
0.820068
0.818731
0.817901
0.809471
0.810392
0.811643
0.81322
0.814858
0.816378
0.817641
0.818656
0.819526
0.820272
0.820766
0.820897
0.82068
0.820084
0.819067
0.817749
0.816324
0.814989
0.814132
0.813584
0.804665
0.805333
0.806313
0.80764
0.809068
0.810535
0.811966
0.813248
0.814351
0.815287
0.815873
0.815992
0.815672
0.81495
0.813959
0.812851
0.811703
0.810677
0.81005
0.809653
0.800029
0.800542
0.801352
0.802527
0.803842
0.805237
0.806684
0.808122
0.809446
0.810577
0.811301
0.811465
0.811136
0.810474
0.809629
0.80869
0.807731
0.806914
0.806433
0.806128
0.795507
0.795908
0.796598
0.797663
0.798919
0.800271
0.801711
0.803216
0.804719
0.806086
0.806982
0.807248
0.807044
0.806544
0.805863
0.805076
0.804271
0.803612
0.803237
0.802999
0.791039
0.791357
0.791964
0.792973
0.794201
0.795548
0.797014
0.798584
0.800219
0.801808
0.802949
0.803448
0.803459
0.803142
0.80262
0.80198
0.801293
0.800753
0.800461
0.800272
0.786589
0.78684
0.787386
0.788366
0.789592
0.790975
0.792519
0.794208
0.796014
0.797855
0.799316
0.800117
0.800374
0.800245
0.799875
0.799371
0.798798
0.798362
0.798138
0.79799
0.782129
0.782323
0.78283
0.783807
0.785068
0.786515
0.78816
0.790033
0.792114
0.7943
0.79615
0.797278
0.797791
0.797883
0.797695
0.797319
0.796862
0.79651
0.796343
0.796226
0.777598
0.777739
0.77821
0.779187
0.780478
0.781984
0.783721
0.785742
0.788086
0.7907
0.793028
0.794606
0.795517
0.795944
0.796011
0.795825
0.795506
0.795251
0.795142
0.795054
0.773012
0.773104
0.773548
0.774535
0.775894
0.777514
0.77944
0.781747
0.784471
0.787596
0.790534
0.792663
0.793992
0.794725
0.795044
0.795081
0.794908
0.794762
0.794713
0.794652
0.768357
0.768405
0.768807
0.769755
0.771128
0.772828
0.774922
0.777526
0.780736
0.784545
0.788225
0.790995
0.792891
0.794094
0.794783
0.795117
0.795214
0.795231
0.795237
0.795189
0.763248
0.763299
0.763673
0.764583
0.765977
0.767796
0.770144
0.773151
0.776943
0.781564
0.786174
0.789775
0.792314
0.794065
0.795241
0.795958
0.796364
0.796564
0.796622
0.796574
0.757344
0.757384
0.757765
0.758705
0.760219
0.762278
0.765007
0.768595
0.773207
0.778892
0.784618
0.789172
0.792483
0.794829
0.796497
0.797616
0.79832
0.798682
0.798778
0.798722
0.750307
0.750344
0.750779
0.751804
0.753537
0.75594
0.759175
0.763484
0.769087
0.776081
0.783218
0.788959
0.793197
0.796266
0.798479
0.800027
0.801045
0.801564
0.801695
0.80163
0.741799
0.741842
0.742363
0.743596
0.745668
0.748583
0.752544
0.757865
0.764801
0.773457
0.782287
0.789413
0.794697
0.798566
0.801381
0.803381
0.804703
0.805355
0.805515
0.805437
0.731398
0.731446
0.732102
0.733641
0.736208
0.739831
0.74478
0.751423
0.760066
0.770803
0.78171
0.790486
0.797014
0.8018
0.805309
0.807817
0.809453
0.810231
0.810427
0.810338
0.718594
0.718651
0.719488
0.72146
0.724735
0.729354
0.735657
0.744071
0.754916
0.768238
0.781636
0.792357
0.800298
0.806155
0.810487
0.81358
0.815559
0.816484
0.816717
0.816613
0.702663
0.702721
0.703803
0.706403
0.710711
0.716734
0.724896
0.735651
0.749298
0.765796
0.782167
0.795173
0.80481
0.811914
0.817171
0.820888
0.823243
0.824344
0.824625
0.824503
0.682648
0.682721
0.684164
0.687655
0.693444
0.70147
0.712186
0.72605
0.743251
0.763592
0.783444
0.799088
0.810671
0.819215
0.825522
0.82998
0.832764
0.834079
0.834406
0.834256
0.656893
0.65701
0.659073
0.66399
0.672
0.682961
0.697269
0.715243
0.73689
0.761811
0.785658
0.804271
0.818038
0.828226
0.835729
0.841029
0.844339
0.845889
0.846251
0.846067
0.622493
0.622756
0.626098
0.633613
0.645276
0.660662
0.680008
0.703359
0.730462
0.76071
0.789019
0.810879
0.827023
0.839008
0.847866
0.854155
0.858088
0.859889
0.860267
0.860037
0.573744
0.57492
0.581632
0.594472
0.612415
0.634499
0.66073
0.690854
0.724401
0.760617
0.793734
0.819014
0.837643
0.851523
0.861869
0.869312
0.873972
0.87603
0.876392
0.876102
0.501489
0.509237
0.524754
0.547467
0.574804
0.605792
0.640421
0.678353
0.719094
0.761896
0.800314
0.829423
0.850906
0.867045
0.879275
0.88827
0.89402
0.89664
0.897159
0.896952
0.423971
0.441782
0.466857
0.499881
0.536872
0.576954
0.620088
0.666076
0.714496
0.764727
0.809587
0.843661
0.868984
0.88821
0.903066
0.914364
0.921612
0.924963
0.925914
0.925899
0.360284
0.38102
0.413914
0.455423
0.500967
0.549521
0.600826
0.654639
0.710538
0.767886
0.81877
0.857338
0.886056
0.90797
0.924909
0.937693
0.946301
0.950497
0.951215
0.9513
0.308371
0.330928
0.36898
0.41652
0.468769
0.524386
0.582861
0.643785
0.706606
0.770603
0.826998
0.869509
0.901038
0.924996
0.943511
0.957492
0.967222
0.971616
0.972485
0.972663
0.265288
0.288893
0.330481
0.382812
0.440421
0.501825
0.566392
0.633568
0.702623
0.772648
0.833996
0.879921
0.913751
0.93934
0.95903
0.973887
0.984125
0.98898
0.990182
0.990393
0.228445
0.252663
0.296974
0.353031
0.415105
0.481416
0.551247
0.623921
0.69856
0.774042
0.839829
0.888728
0.924472
0.951305
0.971804
0.987246
0.997717
1.00297
1.00438
1.0046
0.195919
0.220544
0.26694
0.326116
0.391964
0.462528
0.537
0.614594
0.6943
0.774792
0.844658
0.896226
0.933598
0.961381
0.982397
0.998127
1.0087
1.01412
1.01565
1.01582
0.166288
0.191278
0.239401
0.301255
0.370339
0.44462
0.52323
0.605287
0.689668
0.774862
0.848605
0.902688
0.941544
0.970134
0.991526
1.00738
1.018
1.02348
1.0251
1.02525
0.13869
0.16401
0.213654
0.27778
0.349729
0.427308
0.509624
0.595757
0.684502
0.774184
0.85171
0.908309
0.948639
0.978035
0.99982
1.01581
1.02645
1.03192
1.03362
1.03376
0.11241
0.138118
0.189148
0.255273
0.329766
0.410286
0.495953
0.585828
0.678663
0.772674
0.853991
0.913176
0.955105
0.985417
1.00767
1.02384
1.03452
1.03989
1.04159
1.04176
0.0871641
0.11329
0.165413
0.233451
0.310219
0.393376
0.482071
0.575382
0.672056
0.770276
0.855437
0.917402
0.961124
0.992508
1.01535
1.0318
1.04255
1.04785
1.04943
1.04955
0.0625987
0.0892749
0.142392
0.212129
0.290925
0.376448
0.46789
0.56435
0.664622
0.766933
0.856053
0.921033
0.966769
0.999421
1.02301
1.03983
1.05069
1.05593
1.05735
1.05738
0.0386442
0.0657148
0.119938
0.191192
0.271802
0.35945
0.453367
0.552705
0.656335
0.762617
0.855773
0.92399
0.97204
1.0062
1.03068
1.04798
1.05894
1.06408
1.06536
1.06528
0.0152155
0.0428159
0.0979489
0.17059
0.252834
0.342378
0.438507
0.540448
0.647185
0.757258
0.85447
0.926204
0.976898
1.01283
1.03839
1.05622
1.06725
1.07221
1.07333
1.07315
-0.00777655
0.0203999
0.0764306
0.150325
0.234019
0.325253
0.423349
0.527618
0.637175
0.750806
0.852069
0.927557
0.981264
1.01932
1.04615
1.06454
1.07559
1.08026
1.08116
1.08092
-0.0303271
-0.00152272
0.0553918
0.130423
0.215411
0.308124
0.407952
0.514267
0.626343
0.743262
0.848489
0.927892
0.984989
1.0256
1.05399
1.07296
1.08384
1.0881
1.08875
1.08845
-0.0522602
-0.0228748
0.0348727
0.110925
0.19706
0.291068
0.392386
0.500482
0.61477
0.734661
0.843643
0.927049
0.98788
1.0316
1.062
1.08161
1.09202
1.09559
1.09593
1.09558
-0.0735473
-0.0436062
0.014912
0.0918898
0.17903
0.274154
0.376754
0.486359
0.602548
0.725038
0.837487
0.924859
0.98969
1.03711
1.07029
1.09089
1.10041
1.10267
1.10253
1.10218
-0.0942436
-0.0636778
-0.00445049
0.0733609
0.161389
0.257469
0.361149
0.472006
0.589778
0.714476
0.830003
0.921181
0.990116
1.04176
1.07877
1.10141
1.10999
1.10986
1.10849
1.10829
-0.11418
-0.0830668
-0.0231568
0.0554067
0.1442
0.241097
0.345668
0.457539
0.576585
0.703094
0.821217
0.915899
0.988849
1.04494
1.08689
1.11354
1.12275
1.11979
1.1153
1.11413
-0.13344
-0.101763
-0.0412261
0.0380014
0.127431
0.224991
0.330252
0.442895
0.562903
0.69082
0.811005
0.90876
0.985567
1.04586
1.09339
1.12644
1.14019
1.13845
1.12782
1.11002
-0.151955
-0.119764
-0.0587811
0.020955
0.11079
0.208817
0.314483
0.427585
0.548176
0.676987
0.798675
0.898891
0.979572
1.04329
1.09548
1.13585
1.15509
1.14713
1.132
1.1125
-0.169557
-0.137209
-0.0756398
0.00451237
0.0945725
0.192922
0.298589
0.411944
0.532734
0.661901
0.784405
0.886003
0.970384
1.0364
1.08796
1.12898
1.15032
1.13405
1.06276
1.02828
-0.185604
-0.155236
-0.0914635
-0.0107389
0.0794895
0.177789
0.282864
0.396195
0.516796
0.645708
0.768202
0.869958
0.95701
1.02549
1.06718
1.09869
1.10392
1.05491
0.982137
0.936537
-0.241246
-0.170936
-0.105954
-0.0260251
0.0641126
0.162032
0.267246
0.380074
0.500023
0.628006
0.749566
0.850418
0.936384
1.01203
1.01477
1.03083
0.99796
0.93359
0.855354
0.811161
-0.202423
-0.186582
-0.126998
-0.047733
0.0418128
0.139397
0.243561
0.35546
0.473999
0.599872
0.7184
0.81624
0.893633
0.968354
0.967072
0.860758
0.755339
0.682751
0.607881
0.644288
-0.233183
-0.204149
-0.143839
-0.0649494
0.0244627
0.121691
0.225977
0.33709
0.454339
0.578058
0.693275
0.786797
0.856644
0.896266
0.851052
0.704368
0.572569
0.479139
0.37665
0.433088
-0.256858
-0.224808
-0.163395
-0.084177
0.00523795
0.102302
0.206383
0.316517
0.432168
0.553211
0.664411
0.752217
0.812305
0.821256
0.715801
0.534668
0.373279
0.248192
0.110557
0.150038
-0.279909
-0.246331
-0.183795
-0.103765
-0.0141979
0.0827121
0.186206
0.29525
0.409133
0.527187
0.633634
0.715087
0.76057
0.735699
0.574864
0.366224
0.16122
-0.024123
-0.227276
-0.232126
-0.302173
-0.268304
-0.204926
-0.124191
-0.0344384
0.0622647
0.165068
0.272923
0.384815
0.499566
0.60073
0.675087
0.703331
0.643654
0.440326
0.214563
-0.0220858
-0.234988
-0.502008
-0.834627
-0.324655
-0.290882
-0.227041
-0.145839
-0.0558908
0.0406562
0.142847
0.249502
0.359328
0.470596
0.566308
0.632683
0.643628
0.532796
0.323324
0.0972045
-0.128347
-0.320878
-0.394669
-0.500386
-0.348175
-0.314488
-0.250444
-0.169031
-0.079012
0.017295
0.118788
0.224086
0.331554
0.438881
0.52873
0.585673
0.571866
0.421173
0.220055
0.0133185
-0.165732
-0.269967
-0.29398
-0.313619
-0.373063
-0.339435
-0.275283
-0.193826
-0.103902
-0.00798686
0.0925897
0.196248
0.300964
0.40375
0.487259
0.532427
0.496336
0.318327
0.126614
-0.0543298
-0.193563
-0.239684
-0.25473
-0.257013
-0.399521
-0.365824
-0.301604
-0.22018
-0.130476
-0.0351531
0.0642829
0.165996
0.267544
0.365218
0.441733
0.473599
0.419157
0.221467
0.0399764
-0.122118
-0.218504
-0.231766
-0.234158
-0.23428
-0.427536
-0.393735
-0.329401
-0.248051
-0.158702
-0.0641396
0.0339259
0.133383
0.231362
0.323412
0.392048
0.412261
0.32528
0.131356
-0.0409526
-0.175344
-0.216498
-0.223054
-0.22385
-0.223172
-0.456794
-0.422825
-0.358503
-0.277313
-0.18844
-0.0948248
0.00162806
0.0985292
0.192529
0.278527
0.338761
0.344202
0.22584
0.0446625
-0.109609
-0.203627
-0.211233
-0.21492
-0.216851
-0.21675
-0.486731
-0.452702
-0.388701
-0.3077
-0.219446
-0.126973
-0.0323651
0.0616798
0.15135
0.230863
0.283022
0.269827
0.135632
-0.0365973
-0.173942
-0.197217
-0.215137
-0.215613
-0.214023
-0.213519
-0.516896
-0.483059
-0.419317
-0.338793
-0.251316
-0.160176
-0.0676607
0.0232498
0.108315
0.180989
0.225245
0.195358
0.0487245
-0.112562
-0.237764
-0.259428
-0.236337
-0.220276
-0.213418
-0.211131
-0.546436
-0.513013
-0.449694
-0.369916
-0.283447
-0.193864
-0.103667
-0.0161278
0.0641118
0.129971
0.165243
0.121488
-0.0373769
-0.174361
-0.294547
-0.276011
-0.247893
-0.225267
-0.213552
-0.209908
-0.573963
-0.541301
-0.479057
-0.400222
-0.31501
-0.22723
-0.139561
-0.0555492
0.0196948
0.0787972
0.105956
0.053879
-0.118618
-0.226363
-0.265261
-0.272107
-0.28025
-0.279968
-0.271027
-0.265301
-0.598161
-0.566591
-0.506181
-0.428595
-0.344988
-0.259232
-0.174284
-0.0938453
-0.0235315
0.0285902
0.0520902
-0.0152381
-0.182268
-0.308194
-0.255852
-0.348723
-0.395077
-0.421799
-0.418626
-0.41075
-0.617235
-0.587501
-0.529263
-0.453716
-0.3721
-0.28864
-0.206472
-0.129572
-0.0638527
-0.0186285
0.00219961
-0.0858437
-0.257288
-0.446651
-0.735344
-0.588417
-0.570455
-0.583282
-0.582188
-0.582142
-0.629449
-0.602269
-0.546987
-0.473981
-0.394822
-0.313942
-0.234582
-0.161051
-0.0993917
-0.0597495
-0.0476838
-0.16424
-0.326728
-0.352013
-0.246003
-0.477002
-0.733009
-0.749353
-0.732297
-0.728463
-0.632724
-0.609198
-0.557725
-0.487899
-0.4116
-0.333549
-0.256923
-0.186143
-0.127851
-0.0932759
-0.099015
-0.237722
-0.418404
-0.288295
-0.142092
-0.464424
-0.731987
-0.741192
-0.75014
-0.764383
-0.625875
-0.60647
-0.559855
-0.494193
-0.421145
-0.345961
-0.271703
-0.202516
-0.146043
-0.115143
-0.134404
-0.325463
-0.770224
-1.4437
-2.01525
-2.41248
-2.25193
-1.76856
-1.35936
-1.27605
-0.607273
-0.591857
-0.55221
-0.491989
-0.422643
-0.350135
-0.277421
-0.20842
-0.149939
-0.116552
-0.136406
-0.371182
-1.04777
-2.04731
-2.7566
-3.09424
-2.9736
-2.62053
-2.22333
-1.9919
-0.57816
-0.567401
-0.53506
-0.481483
-0.416081
-0.34591
-0.273516
-0.202396
-0.138012
-0.0889104
-0.0888123
-0.217364
-0.568525
-0.925381
-1.23539
-1.26716
-1.06995
-0.79677
-0.551716
-0.41262
-0.542157
-0.535652
-0.51133
-0.464605
-0.403007
-0.334346
-0.261129
-0.185041
-0.109554
-0.0378639
0.0199234
0.107624
0.233879
0.540967
0.941286
1.35252
1.68248
1.90185
2.02226
2.06738
-0.504207
-0.500599
-0.484934
-0.444807
-0.386346
-0.318311
-0.242911
-0.161298
-0.0719391
0.0246503
0.144712
0.274697
0.624921
1.21634
1.863
2.44217
2.86699
3.1102
3.21301
3.24262
-0.469379
-0.467282
-0.458211
-0.425834
-0.370578
-0.301633
-0.22378
-0.136969
-0.0404934
0.0713927
0.194126
0.331848
0.554521
1.07535
1.65869
2.16289
2.5283
2.73876
2.83352
2.86115
-0.434594
-0.433487
-0.430434
-0.408288
-0.357044
-0.286805
-0.207282
-0.119573
-0.0242789
0.0863522
0.202616
0.326575
0.47261
0.80981
1.2587
1.62499
1.89987
2.06722
2.14861
2.17395
-0.411567
-0.410915
-0.410698
-0.39399
-0.343112
-0.271298
-0.190997
-0.105936
-0.0146181
0.0876469
0.191601
0.29391
0.393038
0.588319
0.890516
1.15747
1.35866
1.47918
1.53358
1.54809
-0.391847
-0.394305
-0.396107
-0.378582
-0.323119
-0.248261
-0.169539
-0.0900307
-0.006852
0.0830859
0.170899
0.24912
0.326857
0.439856
0.633944
0.812149
0.94489
1.02308
1.05831
1.0675
-0.33276
-0.33725
-0.339554
-0.322307
-0.272047
-0.205761
-0.136835
-0.0681966
0.00261263
0.0774064
0.148005
0.2057
0.261346
0.332591
0.459994
0.573666
0.656457
0.704432
0.724174
0.725972
-0.217632
-0.220583
-0.221992
-0.211104
-0.180648
-0.138346
-0.0905706
-0.0396165
0.0149737
0.0735401
0.125015
0.160813
0.19301
0.236977
0.32199
0.399663
0.453466
0.483893
0.495355
0.495891
-0.0930062
-0.0940049
-0.0949741
-0.0923373
-0.0825291
-0.0653801
-0.0406055
-0.00869842
0.02969
0.0725232
0.107506
0.124436
0.133679
0.159778
0.219201
0.276403
0.315961
0.337125
0.345566
0.345235
-0.00428138
-0.00445799
-0.00573608
-0.00879363
-0.010953
-0.00818915
0.00174404
0.0195475
0.0453095
0.0753492
0.097818
0.100414
0.0912274
0.109382
0.160512
0.204119
0.232261
0.246938
0.252322
0.251615
0.0422312
0.0420274
0.0404279
0.0365222
0.031671
0.0292413
0.0321833
0.0422077
0.0599362
0.0828718
0.100667
0.0995892
0.0831783
0.104491
0.148801
0.179677
0.196767
0.204034
0.206189
0.205545
0.0611881
0.0608979
0.0595083
0.0562923
0.0523727
0.0498201
0.0509485
0.0580536
0.0724668
0.0939113
0.114475
0.123694
0.124169
0.146761
0.173434
0.190315
0.199194
0.203076
0.204549
0.203746
0.0651387
0.0649817
0.0641652
0.0620491
0.0595952
0.0583843
0.0602263
0.0672609
0.0820422
0.105114
0.133316
0.158759
0.183536
0.204353
0.217262
0.222023
0.225065
0.228302
0.229601
0.228454
0.058853
0.0590021
0.0589465
0.0580841
0.0571061
0.0574943
0.0609761
0.0697594
0.0866624
0.113888
0.149097
0.186699
0.229366
0.252089
0.250725
0.251873
0.256627
0.260985
0.26336
0.261998
0.0421326
0.0425977
0.0432326
0.0435969
0.0442753
0.0466678
0.0525038
0.0639379
0.0847128
0.116262
0.155437
0.194314
0.237946
0.257478
0.260049
0.269585
0.27973
0.290815
0.294674
0.291734
0.0134613
0.0142619
0.0155145
0.0169262
0.019261
0.0239086
0.032485
0.0472926
0.0724195
0.108954
0.149764
0.182474
0.210569
0.223992
0.234343
0.251632
0.269801
0.280265
0.283523
0.282162
-0.0279823
-0.0269953
-0.0253736
-0.023118
-0.0194752
-0.0130916
-0.00226674
0.0157068
0.045391
0.0879964
0.132948
0.162048
0.172294
0.17106
0.197541
0.229622
0.253653
0.262492
0.264259
0.263414
-0.0841607
-0.0829371
-0.0810185
-0.0783113
-0.0741805
-0.067538
-0.0567276
-0.0383928
-0.0076172
0.0409534
0.0996708
0.141006
0.138513
0.137714
0.177834
0.218973
0.244444
0.258121
0.258342
0.258222
-0.15613
-0.154851
-0.153084
-0.150776
-0.147784
-0.14388
-0.138175
-0.127632
-0.106759
-0.0603952
0.0235522
0.102304
0.119806
0.129477
0.177023
0.230782
0.266156
0.277515
0.277408
0.278382
-0.24271
-0.241769
-0.240932
-0.240464
-0.241381
-0.245211
-0.253526
-0.26653
-0.279077
-0.253967
-0.132657
0.00484892
0.0602253
0.0955996
0.176649
0.252297
0.312645
0.329441
0.324346
0.324147
-0.337248
-0.337199
-0.338296
-0.34159
-0.350039
-0.368152
-0.402638
-0.461887
-0.542583
-0.569263
-0.396669
-0.171502
-0.0547959
0.0250718
0.148915
0.264276
0.336425
0.353837
0.348664
0.345061
-0.425739
-0.427078
-0.430944
-0.439665
-0.458743
-0.496837
-0.568844
-0.697716
-0.886836
-0.982561
-0.756265
-0.420633
-0.234169
-0.0906054
0.0699356
0.204045
0.270591
0.272673
0.268816
0.265116
-0.488175
-0.491035
-0.497731
-0.512085
-0.542081
-0.600771
-0.712792
-0.916067
-1.21303
-1.3908
-1.09486
-0.686757
-0.424043
-0.235042
-0.0379304
0.0687409
0.105631
0.113319
0.114779
0.113248
-0.504679
-0.508648
-0.516884
-0.535008
-0.57164
-0.643159
-0.781704
-1.03301
-1.38143
-1.62709
-1.31873
-0.876646
-0.603484
-0.361762
-0.150203
-0.0519197
-0.0451594
-0.046847
-0.0484972
-0.0510561
-0.463861
-0.467733
-0.475991
-0.493603
-0.530675
-0.602641
-0.740769
-0.992541
-1.34325
-1.57468
-1.31097
-0.931429
-0.719532
-0.519795
-0.32425
-0.243609
-0.231187
-0.232326
-0.23539
-0.239449
-0.372283
-0.375242
-0.381597
-0.395595
-0.425448
-0.48419
-0.59776
-0.80525
-1.07757
-1.23258
-1.05393
-0.836507
-0.766819
-0.778325
-0.675055
-0.555633
-0.499828
-0.476252
-0.466317
-0.465759
-0.250726
-0.2523
-0.255738
-0.264189
-0.283171
-0.321469
-0.39706
-0.538586
-0.723723
-0.797546
-0.693062
-0.631819
-0.716468
-1.04679
-1.11609
-0.879452
-0.731418
-0.659674
-0.625612
-0.614114
-0.126301
-0.126601
-0.127662
-0.130798
-0.139202
-0.1573
-0.19427
-0.268693
-0.378251
-0.421818
-0.375605
-0.358855
-0.459329
-0.715166
-0.879975
-0.714777
-0.592016
-0.528345
-0.497114
-0.485799
-0.0194965
-0.0193838
-0.0179056
-0.0162779
-0.0159187
-0.017
-0.0201136
-0.0274219
-0.0464345
-0.0759018
-0.0763853
-0.0911753
-0.0989241
-0.147092
-0.190041
-0.167654
-0.130181
-0.109968
-0.103147
-0.0999126
0.0212201
0.209146
0.428011
0.61392
0.763819
0.88361
0.983807
1.06835
1.10611
1.08334
0.363222
0.496962
0.639333
0.76254
0.866925
0.95389
1.02436
1.07437
1.09984
1.11159
0.604865
0.69582
0.792331
0.877976
0.951861
1.01375
1.06289
1.09876
1.12439
1.142
0.779326
0.84282
0.910395
0.972303
1.02608
1.07168
1.109
1.13861
1.16255
1.18062
0.913414
0.959775
1.00889
1.05577
1.0971
1.13307
1.16372
1.18907
1.21018
1.22788
1.02298
1.0578
1.09801
1.13555
1.16986
1.20049
1.22715
1.24944
1.26777
1.28505
1.1188
1.14866
1.18409
1.21743
1.24844
1.2765
1.30095
1.32118
1.33702
1.35408
1.20947
1.2394
1.2743
1.3071
1.33736
1.36452
1.38784
1.40667
1.42027
1.43732
1.3061
1.33966
1.37688
1.41095
1.44142
1.46797
1.49022
1.50772
1.51976
1.53718
1.422
1.45985
1.49889
1.53349
1.5631
1.58807
1.60862
1.62466
1.63624
1.65433
1.56753
1.60626
1.6424
1.67325
1.69908
1.72131
1.74047
1.75609
1.76859
1.7866
1.74257
1.7745
1.80079
1.82329
1.84335
1.86215
1.87993
1.89645
1.91185
1.92993
1.93135
1.94866
1.96384
1.98014
1.99609
2.01067
2.02391
2.03787
2.05545
2.07561
2.1134
2.12283
2.1344
2.14524
2.15455
2.16417
2.17501
2.1864
2.19778
2.21315
2.32052
2.32422
2.3093
2.29451
2.28827
2.29398
2.31247
2.3428
2.37499
2.40165
2.62687
2.49201
2.4154
2.37309
2.35569
2.35965
2.38707
2.44349
2.54612
2.77049
0.90648
0.904349
0.899863
0.891232
0.879
0.866859
0.85661
0.848683
0.843012
0.839679
0.839212
0.841827
0.846825
0.853965
0.86329
0.874783
0.887399
0.89841
0.90451
0.907555
0.830946
0.836791
0.843127
0.847614
0.850074
0.849737
0.84698
0.843138
0.839574
0.837226
0.836959
0.839028
0.842578
0.846776
0.850514
0.852344
0.851369
0.847857
0.842669
0.836038
0.822554
0.82485
0.828252
0.831244
0.833313
0.834797
0.83553
0.835176
0.83409
0.833114
0.833158
0.834441
0.836132
0.837334
0.837431
0.836476
0.834875
0.832498
0.829207
0.826276
0.817085
0.818171
0.820004
0.822382
0.824403
0.825821
0.826821
0.827532
0.827868
0.827986
0.828327
0.828971
0.82942
0.829361
0.828845
0.827912
0.826375
0.824235
0.822109
0.820713
0.811942
0.812604
0.813716
0.815427
0.817213
0.81884
0.820117
0.82109
0.821896
0.822569
0.823127
0.823479
0.823493
0.823174
0.822477
0.821311
0.819789
0.818168
0.816798
0.816005
0.807045
0.807503
0.808297
0.809613
0.811117
0.812642
0.814101
0.815365
0.816424
0.817345
0.818056
0.818385
0.818306
0.817829
0.816953
0.81581
0.814554
0.813315
0.812331
0.811801
0.802332
0.802671
0.803292
0.80439
0.805714
0.80711
0.808555
0.809979
0.811279
0.812406
0.813271
0.813672
0.813562
0.813018
0.812181
0.811203
0.810179
0.80917
0.808414
0.808024
0.797758
0.798018
0.798524
0.799478
0.8007
0.802034
0.80344
0.804907
0.806376
0.807733
0.808791
0.809294
0.809226
0.808767
0.808079
0.807259
0.806381
0.805552
0.804957
0.804659
0.793271
0.793471
0.793893
0.794749
0.795906
0.797203
0.798598
0.800088
0.801643
0.803182
0.804468
0.805162
0.805281
0.805011
0.804491
0.803825
0.803091
0.802407
0.801936
0.801705
0.788814
0.788965
0.789325
0.790122
0.791258
0.792552
0.793981
0.795542
0.797225
0.798969
0.800522
0.801485
0.80184
0.801774
0.801422
0.800899
0.800294
0.79972
0.799346
0.799169
0.784363
0.784474
0.784787
0.785549
0.786688
0.788017
0.789519
0.791209
0.793062
0.795033
0.796911
0.798247
0.798907
0.799062
0.798885
0.798506
0.798022
0.797549
0.797258
0.797124
0.779873
0.77995
0.780226
0.780969
0.782124
0.783503
0.785068
0.786881
0.788979
0.791319
0.793628
0.795343
0.796313
0.796763
0.796844
0.796655
0.796309
0.79594
0.795724
0.795629
0.775313
0.775354
0.775596
0.776319
0.777496
0.778937
0.780611
0.782588
0.784905
0.787579
0.790398
0.792697
0.79418
0.795011
0.795368
0.795408
0.795238
0.794997
0.794863
0.794807
0.770707
0.770709
0.770925
0.771629
0.772834
0.774362
0.776182
0.778408
0.781127
0.784365
0.787845
0.790748
0.79271
0.793949
0.794643
0.794961
0.794998
0.794923
0.794882
0.794859
0.76589
0.765894
0.766072
0.766718
0.767881
0.769433
0.771381
0.773854
0.776963
0.780794
0.785073
0.78882
0.791502
0.793316
0.794449
0.795174
0.79559
0.795772
0.795846
0.795841
0.760416
0.760398
0.760595
0.761237
0.762429
0.764096
0.766299
0.769193
0.772924
0.777588
0.782877
0.78758
0.791011
0.793446
0.795153
0.796284
0.797027
0.797444
0.797616
0.797622
0.753987
0.75396
0.754171
0.754847
0.75615
0.75803
0.760584
0.763998
0.768474
0.774167
0.780712
0.786614
0.791022
0.794214
0.796495
0.798119
0.79922
0.799877
0.80014
0.800152
0.746261
0.746224
0.746476
0.747276
0.748774
0.750987
0.754051
0.758196
0.763682
0.77069
0.778787
0.786139
0.791659
0.795712
0.79865
0.800777
0.80226
0.80315
0.803489
0.803507
0.736847
0.736798
0.737121
0.738109
0.739934
0.742651
0.746435
0.751577
0.758389
0.767089
0.777109
0.786188
0.793029
0.798069
0.801742
0.804429
0.80631
0.80741
0.807819
0.807845
0.725299
0.725234
0.725653
0.726913
0.729207
0.73262
0.737394
0.743877
0.752424
0.76326
0.775646
0.78681
0.795195
0.801372
0.805895
0.809227
0.811565
0.812896
0.813383
0.813416
0.710995
0.71091
0.711465
0.713109
0.716079
0.720492
0.726641
0.734927
0.745746
0.759279
0.774543
0.788167
0.798355
0.805867
0.811406
0.815497
0.818291
0.819857
0.820439
0.820482
0.693108
0.692999
0.693757
0.695939
0.699873
0.705722
0.713795
0.724521
0.738279
0.75516
0.773865
0.79037
0.802673
0.811749
0.818454
0.823334
0.826692
0.828557
0.829255
0.829303
0.670373
0.670253
0.671359
0.674359
0.679687
0.687633
0.698427
0.712472
0.730027
0.751028
0.773794
0.79361
0.808316
0.81918
0.827203
0.833037
0.837002
0.839221
0.840041
0.840087
0.640601
0.640514
0.642277
0.646677
0.654249
0.665392
0.680129
0.698693
0.721112
0.747089
0.774535
0.798055
0.81542
0.828267
0.837771
0.84469
0.849398
0.852026
0.852964
0.852996
0.599734
0.599829
0.603057
0.610378
0.622019
0.638305
0.658792
0.683396
0.711863
0.743672
0.776353
0.803891
0.824097
0.839066
0.850187
0.858337
0.863922
0.866993
0.868022
0.868026
0.540111
0.541416
0.549289
0.562979
0.582139
0.606497
0.634974
0.667232
0.702851
0.741198
0.779492
0.811209
0.834331
0.851471
0.864284
0.873784
0.880363
0.883888
0.884959
0.884918
0.46878
0.470899
0.485826
0.509501
0.539214
0.573024
0.610271
0.650737
0.694106
0.739792
0.784778
0.82188
0.849046
0.869357
0.884696
0.896174
0.904255
0.908612
0.90979
0.909816
0.395425
0.402274
0.424342
0.457934
0.497371
0.540381
0.586329
0.635027
0.686192
0.739329
0.791181
0.833824
0.865113
0.888694
0.906798
0.920636
0.930392
0.934835
0.936459
0.936823
0.336537
0.345306
0.37205
0.41238
0.459372
0.510146
0.563855
0.62018
0.67873
0.738925
0.797207
0.844885
0.879783
0.906056
0.926209
0.941573
0.95237
0.958002
0.960482
0.960979
0.28863
0.297959
0.32817
0.373392
0.426137
0.483121
0.543338
0.606323
0.671519
0.738207
0.802361
0.854508
0.892458
0.920882
0.942626
0.959272
0.971102
0.977584
0.980418
0.980982
0.24847
0.258011
0.290515
0.339537
0.396933
0.459029
0.524732
0.593492
0.664581
0.737111
0.806576
0.862663
0.903179
0.933337
0.956279
0.973798
0.986358
0.993503
0.996572
0.997166
0.213549
0.22317
0.257378
0.30945
0.3707
0.437143
0.507607
0.581439
0.6578
0.735622
0.809917
0.869545
0.912275
0.943811
0.967603
0.985636
0.99856
1.00612
1.00931
1.00994
0.182307
0.191955
0.227474
0.282133
0.346596
0.416767
0.491423
0.569798
0.650951
0.733654
0.812449
0.875372
0.920104
0.952797
0.977213
0.995532
1.00861
1.01634
1.01951
1.02019
0.153552
0.163245
0.199858
0.25672
0.323964
0.39741
0.475778
0.558248
0.643804
0.731087
0.814193
0.880295
0.926967
0.960751
0.985723
1.00429
1.01742
1.02527
1.02843
1.02904
0.126514
0.136263
0.173848
0.232601
0.302325
0.378676
0.460359
0.546551
0.636183
0.727804
0.815109
0.884413
0.933058
0.967998
0.993584
1.01244
1.02569
1.03352
1.03671
1.03717
0.100698
0.110525
0.149013
0.20939
0.281356
0.360295
0.444962
0.534543
0.627952
0.723704
0.81516
0.887755
0.938541
0.974788
1.00111
1.02033
1.03373
1.04154
1.04469
1.04513
0.0756867
0.0856836
0.125
0.186892
0.26084
0.3421
0.429456
0.522118
0.619033
0.718721
0.814305
0.890376
0.943534
0.981278
1.00849
1.0282
1.04181
1.04963
1.05267
1.0531
0.0513092
0.0615455
0.101594
0.16494
0.240649
0.323977
0.413759
0.509228
0.609378
0.712816
0.812525
0.892254
0.948023
0.987511
1.0158
1.03612
1.05002
1.05784
1.06074
1.06112
0.0275133
0.0379658
0.0787592
0.143413
0.220716
0.305904
0.397856
0.495856
0.598977
0.705956
0.809731
0.893276
0.951972
0.993495
1.02307
1.04413
1.05832
1.06611
1.06884
1.06912
0.00417339
0.0149333
0.0564478
0.122292
0.201029
0.287875
0.381758
0.482025
0.587845
0.698113
0.805829
0.893351
0.955298
0.999199
1.0303
1.0522
1.0667
1.0744
1.07689
1.07705
-0.0186348
-0.00759344
0.0346452
0.101585
0.181608
0.269924
0.365518
0.467786
0.576011
0.689281
0.800781
0.892363
0.957864
1.00455
1.0375
1.06037
1.07509
1.08255
1.08474
1.08479
-0.0409427
-0.0295993
0.0133788
0.0813214
0.162496
0.252105
0.349193
0.453213
0.563547
0.67951
0.794555
0.89018
0.95949
1.00941
1.04468
1.06871
1.08352
1.09049
1.09227
1.09219
-0.0625645
-0.0509936
-0.00730331
0.0615508
0.143754
0.234501
0.332863
0.43839
0.550546
0.668875
0.78713
0.886688
0.959977
1.01359
1.05182
1.07745
1.09219
1.09821
1.09931
1.09909
-0.0836287
-0.0717248
-0.0273657
0.0423123
0.125425
0.217158
0.316626
0.423412
0.537108
0.657464
0.778535
0.881789
0.959099
1.01678
1.05875
1.08686
1.10172
1.10605
1.10581
1.10534
-0.103968
-0.0917618
-0.0467755
0.023662
0.107593
0.200166
0.300569
0.408403
0.52335
0.645361
0.76884
0.875421
0.956649
1.01856
1.06503
1.09706
1.11326
1.11558
1.11241
1.11069
-0.123634
-0.111147
-0.0654789
0.0056553
0.0903018
0.183597
0.284779
0.393447
0.509391
0.632721
0.758148
0.867541
0.952466
1.01845
1.06978
1.10732
1.12759
1.13033
1.12325
1.11279
-0.142545
-0.129836
-0.0835782
-0.011859
0.0733415
0.167165
0.26891
0.37813
0.494762
0.619006
0.745873
0.857502
0.945928
1.01578
1.07161
1.11583
1.14334
1.15045
1.14304
1.13284
-0.16065
-0.14773
-0.101077
-0.0288385
0.0567255
0.150869
0.252989
0.36244
0.479432
0.604122
0.73187
0.845005
0.936393
1.00989
1.06794
1.11687
1.14784
1.15979
1.12487
1.07013
-0.177695
-0.164072
-0.117874
-0.0452294
0.0403367
0.13458
0.236972
0.346501
0.463472
0.588154
0.71612
0.82995
0.922986
1.00059
1.05715
1.09888
1.13075
1.12348
1.06609
0.998883
-0.193967
-0.179623
-0.133779
-0.0604425
0.0244993
0.118771
0.220644
0.330375
0.447031
0.571282
0.698671
0.812248
0.90476
0.989015
1.03903
1.09165
1.06831
1.03058
0.960582
0.889783
-0.179759
-0.16173
-0.113338
-0.0362113
0.0535389
0.151458
0.258518
0.371048
0.490565
0.61793
0.738762
0.83901
0.922989
1.0117
1.06507
0.982587
0.940226
0.878553
0.804221
0.754512
-0.20407
-0.18749
-0.152143
-0.0845444
2.84379e-05
0.0937393
0.195686
0.30469
0.420376
0.543085
0.668128
0.779259
0.867867
0.946308
1.01662
1.01958
0.898907
0.814831
0.751496
0.665494
-0.223866
-0.208164
-0.166995
-0.0979805
-0.0131557
0.0800804
0.18082
0.288843
0.403418
0.524487
0.647449
0.755952
0.841315
0.90699
0.933918
0.864639
0.719879
0.620977
0.543825
0.451418
-0.244054
-0.231592
-0.185884
-0.115559
-0.0305942
0.062786
0.163427
0.271028
0.384562
0.503907
0.623745
0.72745
0.805794
0.855739
0.833348
0.7022
0.542843
0.419611
0.317641
0.175201
-0.267412
-0.254367
-0.206688
-0.135235
-0.049983
0.0434158
0.143894
0.250812
0.363105
0.48037
0.596587
0.694843
0.765198
0.795952
0.73613
0.546396
0.353765
0.1898
0.039063
-0.164458
-0.289659
-0.276951
-0.228107
-0.155502
-0.0697795
0.0235749
0.123642
0.229636
0.340449
0.455283
0.567504
0.659809
0.721532
0.723779
0.61078
0.398978
0.172084
-0.0517187
-0.239221
-0.671587
-0.311769
-0.299559
-0.250239
-0.17678
-0.0906762
0.00269252
0.102342
0.207404
0.31663
0.428811
0.53672
0.62248
0.674048
0.640526
0.484536
0.26804
0.0334281
-0.199598
-0.400759
-0.730848
-0.334721
-0.322696
-0.273277
-0.199307
-0.112943
-0.0195516
0.0797197
0.183875
0.291461
0.400825
0.504198
0.582969
0.621946
0.566275
0.370157
0.161912
-0.0532635
-0.238268
-0.316662
-0.353225
-0.358927
-0.347122
-0.297572
-0.223362
-0.136933
-0.0436764
0.0550665
0.158095
0.263722
0.369793
0.468023
0.539079
0.563705
0.479537
0.267716
0.0720814
-0.104816
-0.225391
-0.263272
-0.275978
-0.384588
-0.372921
-0.323269
-0.248938
-0.162565
-0.0696065
0.0284064
0.130062
0.233374
0.335649
0.428068
0.491144
0.49504
0.373782
0.174823
-0.0064691
-0.159175
-0.223206
-0.240088
-0.244031
-0.411769
-0.400346
-0.350434
-0.27602
-0.189797
-0.0973019
-0.000215798
0.0997931
0.200437
0.298469
0.384383
0.439182
0.415273
0.271829
0.0867133
-0.0823288
-0.195199
-0.237377
-0.229945
-0.229104
-0.440418
-0.428946
-0.379045
-0.304525
-0.21855
-0.126665
-0.0307232
0.0673764
0.165004
0.25833
0.337286
0.382254
0.338293
0.173974
0.00431201
-0.146134
-0.198731
-0.215019
-0.219474
-0.220053
-0.47013
-0.458679
-0.408917
-0.33427
-0.248641
-0.157528
-0.0629435
0.0329815
0.127248
0.215435
0.287109
0.320526
0.266873
0.0856367
-0.0734933
-0.180783
-0.223767
-0.216127
-0.215571
-0.215448
-0.500422
-0.489067
-0.439179
-0.364894
-0.279739
-0.189571
-0.0965528
-0.00307276
0.0875274
0.17023
0.234445
0.258303
0.186462
0.00363805
-0.147767
-0.225103
-0.224961
-0.219913
-0.215211
-0.212793
-0.530426
-0.519438
-0.469609
-0.395874
-0.31133
-0.222301
-0.131082
-0.0402926
0.0463741
0.123415
0.179714
0.195072
0.0940071
-0.0717224
-0.2184
-0.259235
-0.251867
-0.23126
-0.21576
-0.211018
-0.559323
-0.548691
-0.499501
-0.426226
-0.342693
-0.25502
-0.165831
-0.0779415
0.0045931
0.0758293
0.124537
0.126185
0.00696333
-0.143468
-0.251149
-0.294752
-0.268141
-0.24925
-0.236212
-0.229145
-0.585677
-0.575525
-0.527326
-0.455214
-0.372847
-0.286813
-0.19988
-0.115044
-0.0367124
0.0285261
0.0705122
0.0600477
-0.0668878
-0.217349
-0.261709
-0.267894
-0.305753
-0.337364
-0.340351
-0.330547
-0.608076
-0.598605
-0.551785
-0.481275
-0.400671
-0.316551
-0.232043
-0.150357
-0.0761433
-0.0166538
0.0185678
0.00206152
-0.136556
-0.285482
-0.460125
-0.506875
-0.480807
-0.489284
-0.502362
-0.498388
-0.62463
-0.61597
-0.571321
-0.502969
-0.424669
-0.342856
-0.260952
-0.182368
-0.112057
-0.057476
-0.0309947
-0.046882
-0.218499
-0.379152
-0.513174
-0.554046
-0.642328
-0.691364
-0.674511
-0.662028
-0.633722
-0.625844
-0.584179
-0.51883
-0.443262
-0.364141
-0.284999
-0.209313
-0.142351
-0.0921159
-0.0752
-0.0869629
-0.323483
-0.308141
-0.0539866
-0.144643
-0.560828
-0.759955
-0.75253
-0.752057
-0.632222
-0.625638
-0.589222
-0.527262
-0.455011
-0.37892
-0.302531
-0.229191
-0.164672
-0.118053
-0.107405
-0.163982
-0.428733
-0.662394
-0.701303
-1.03563
-1.21836
-1.09151
-0.919595
-0.871872
-0.619168
-0.614606
-0.58446
-0.527322
-0.458769
-0.386004
-0.312015
-0.24027
-0.176077
-0.129708
-0.121038
-0.195802
-0.63033
-1.4567
-2.44387
-2.97691
-3.06066
-2.68108
-2.21355
-1.88426
-0.594699
-0.591277
-0.56856
-0.518534
-0.454348
-0.384831
-0.31265
-0.241012
-0.174626
-0.121494
-0.105881
-0.155552
-0.593843
-1.24594
-1.98848
-2.41966
-2.47199
-2.20443
-1.87628
-1.61408
-0.561455
-0.559239
-0.543825
-0.502005
-0.442691
-0.375938
-0.304753
-0.231226
-0.159192
-0.0944755
-0.04633
-0.0423738
-0.109058
-0.160796
-0.103547
0.0627688
0.330297
0.589714
0.78616
0.906296
-0.523613
-0.522369
-0.512653
-0.48054
-0.426414
-0.361457
-0.290059
-0.213501
-0.132377
-0.0494391
0.0415532
0.136212
0.334638
0.749022
1.30367
1.87097
2.33735
2.6622
2.85225
2.93316
-0.486511
-0.485833
-0.480865
-0.456756
-0.408551
-0.344584
-0.272495
-0.191687
-0.103255
-0.00194216
0.110029
0.244697
0.424305
0.880717
1.52403
2.14295
2.63889
2.95998
3.12651
3.18922
-0.452024
-0.451074
-0.448962
-0.434892
-0.393089
-0.330208
-0.255658
-0.172254
-0.0802963
0.0234611
0.139415
0.267074
0.400759
0.69403
1.20366
1.67646
2.0499
2.29654
2.42914
2.48628
-0.421708
-0.420522
-0.419649
-0.413063
-0.378798
-0.316566
-0.240263
-0.156768
-0.0664818
0.0325897
0.142606
0.25439
0.372368
0.532592
0.880817
1.22994
1.50825
1.70051
1.80314
1.84257
-0.404168
-0.403538
-0.405194
-0.400922
-0.366026
-0.299411
-0.22144
-0.140135
-0.0551358
0.0360311
0.134394
0.227211
0.318462
0.41473
0.625738
0.864555
1.05897
1.19156
1.26045
1.28588
-0.369709
-0.371401
-0.375787
-0.371195
-0.334746
-0.26751
-0.192397
-0.117373
-0.0415442
0.0379095
0.120584
0.194299
0.263497
0.328553
0.462775
0.616491
0.74028
0.8233
0.864958
0.879591
-0.27925
-0.282045
-0.286365
-0.282074
-0.253842
-0.203022
-0.144739
-0.0849187
-0.0234097
0.0414556
0.106722
0.160946
0.205747
0.244713
0.334173
0.435251
0.514518
0.568686
0.593035
0.601046
-0.151784
-0.153613
-0.155479
-0.153734
-0.140851
-0.116269
-0.0837206
-0.0451997
-0.00147613
0.0468639
0.0953668
0.13075
0.152301
0.170133
0.231891
0.302094
0.357721
0.392444
0.409102
0.413807
-0.042332
-0.04315
-0.0438074
-0.0451188
-0.0447285
-0.0393917
-0.0270667
-0.00699707
0.0207984
0.0551722
0.0899453
0.108953
0.109173
0.10801
0.155301
0.209599
0.251935
0.277794
0.28987
0.292937
0.0238482
0.0234053
0.022828
0.0201491
0.015648
0.0125808
0.0147592
0.0240328
0.0410266
0.0651829
0.0905437
0.100455
0.0897682
0.0808951
0.125355
0.170958
0.200172
0.215926
0.222175
0.223359
0.0544866
0.0540951
0.0534198
0.0507866
0.0464294
0.0422698
0.0413216
0.0459506
0.0576869
0.0765355
0.0986377
0.110623
0.104738
0.103373
0.139096
0.170312
0.188902
0.197977
0.201301
0.201753
0.0648087
0.0644652
0.0639386
0.0619856
0.058849
0.0560209
0.0554431
0.0592389
0.0700346
0.0879441
0.111855
0.133822
0.147514
0.163181
0.188534
0.200302
0.206964
0.210546
0.212422
0.212971
0.0633861
0.063206
0.0631107
0.0621347
0.0603359
0.0590624
0.0599049
0.0648529
0.0763483
0.0964436
0.125514
0.158459
0.192451
0.226751
0.23542
0.238209
0.240759
0.244671
0.247381
0.247119
0.0519454
0.05199
0.0524022
0.0524511
0.0520905
0.0524651
0.0553155
0.0621763
0.0762086
0.0997357
0.134276
0.17303
0.216137
0.255238
0.259367
0.259552
0.264538
0.273523
0.281099
0.280986
0.0293686
0.029657
0.0304928
0.0313965
0.0324668
0.0348076
0.039938
0.0498362
0.0674868
0.0948105
0.134342
0.172505
0.209086
0.238532
0.24654
0.25678
0.271228
0.284786
0.290768
0.290388
-0.00566049
-0.00519101
-0.00406274
-0.00238645
-5.05761e-05
0.0041144
0.0116192
0.0245623
0.0461643
0.0784882
0.122833
0.159206
0.183173
0.192389
0.204835
0.229041
0.253859
0.269958
0.277962
0.276812
-0.0544097
-0.0536651
-0.0522026
-0.0500709
-0.0469187
-0.0417037
-0.0329747
-0.0184282
0.00571792
0.0433025
0.095355
0.138859
0.156383
0.143459
0.162875
0.202373
0.232578
0.250599
0.253865
0.254615
-0.118567
-0.117589
-0.115979
-0.113733
-0.110564
-0.105894
-0.098712
-0.0868865
-0.0660561
-0.0288069
0.0332107
0.10282
0.137917
0.127188
0.151617
0.2025
0.241746
0.262277
0.267698
0.266909
-0.198388
-0.197293
-0.195995
-0.194462
-0.192864
-0.191683
-0.191307
-0.191156
-0.187923
-0.169629
-0.0999861
0.016668
0.0910072
0.101962
0.145373
0.209716
0.266329
0.294791
0.296498
0.296656
-0.290241
-0.289324
-0.289029
-0.289458
-0.291824
-0.298595
-0.31303
-0.33907
-0.378367
-0.410654
-0.339644
-0.151909
-0.0170694
0.0328268
0.114308
0.218568
0.303935
0.35165
0.350791
0.346338
-0.383807
-0.383478
-0.384932
-0.38869
-0.397704
-0.417255
-0.45549
-0.525453
-0.640007
-0.763155
-0.701421
-0.416253
-0.199038
-0.0889673
0.0446285
0.184753
0.291019
0.324975
0.323726
0.3187
-0.461632
-0.462229
-0.46583
-0.473682
-0.490828
-0.525822
-0.593223
-0.719233
-0.931255
-1.16759
-1.12209
-0.728091
-0.426617
-0.255507
-0.0636663
0.0867792
0.179216
0.195371
0.197142
0.195153
-0.502723
-0.504295
-0.509794
-0.521078
-0.545075
-0.592828
-0.685305
-0.859953
-1.15467
-1.47936
-1.4671
-0.993589
-0.639061
-0.410151
-0.188935
-0.0285118
0.0233265
0.031628
0.0332648
0.0328632
-0.490629
-0.492766
-0.498548
-0.511135
-0.538073
-0.59083
-0.692881
-0.886323
-1.21158
-1.56275
-1.56729
-1.1112
-0.780474
-0.55177
-0.320167
-0.158374
-0.133325
-0.131827
-0.134807
-0.137968
-0.422442
-0.424648
-0.4298
-0.440822
-0.464618
-0.512395
-0.60482
-0.781103
-1.0734
-1.3659
-1.38014
-1.03761
-0.816513
-0.692649
-0.546592
-0.409623
-0.363828
-0.350546
-0.347647
-0.348748
-0.312747
-0.314315
-0.317561
-0.324836
-0.341677
-0.3765
-0.444881
-0.577307
-0.795763
-0.981405
-0.966851
-0.798329
-0.731035
-0.839514
-0.985443
-0.828468
-0.685206
-0.612038
-0.578447
-0.564684
-0.186571
-0.187468
-0.188698
-0.191804
-0.200494
-0.219958
-0.259618
-0.339464
-0.478444
-0.590577
-0.575294
-0.494483
-0.525542
-0.773121
-1.10321
-0.983548
-0.785337
-0.672518
-0.617811
-0.593343
-0.0196425
-0.0186942
-0.0170452
-0.0159117
-0.0162652
-0.0182334
-0.0230067
-0.0346604
-0.0626734
-0.0791183
-0.0827857
-0.0926631
-0.122518
-0.178331
-0.184662
-0.148661
-0.117559
-0.105594
-0.101542
-0.314249
-1.09274
-0.334843
0.137889
0.416138
0.619906
0.778059
0.903138
1.007
1.11404
1.20656
0.0412302
0.259186
0.455871
0.620554
0.758248
0.871593
0.964755
1.04092
1.08828
1.0944
0.413478
0.54066
0.664043
0.774197
0.869189
0.949629
1.01562
1.06573
1.09819
1.1173
0.644786
0.730586
0.814608
0.891832
0.95954
1.01736
1.06488
1.10207
1.13022
1.15017
0.811131
0.869357
0.931556
0.98896
1.03901
1.08247
1.11925
1.14963
1.17428
1.19186
0.940835
0.98374
1.03258
1.07535
1.11485
1.14995
1.18057
1.20663
1.22824
1.24289
1.0482
1.08394
1.12292
1.1587
1.19231
1.22307
1.25032
1.27363
1.2928
1.30482
1.14418
1.17615
1.21122
1.24478
1.27634
1.30539
1.3311
1.35282
1.3701
1.37984
1.23696
1.27006
1.30599
1.34057
1.37238
1.40111
1.42604
1.44665
1.46232
1.47069
1.34004
1.37777
1.41639
1.45305
1.48543
1.51357
1.53724
1.55643
1.57071
1.5793
1.46775
1.51024
1.54951
1.5856
1.61621
1.64204
1.66372
1.68146
1.69506
1.70529
1.6295
1.67121
1.70511
1.73459
1.75922
1.78083
1.80049
1.81798
1.83278
1.84551
1.81997
1.85084
1.87233
1.89153
1.90963
1.92691
1.94316
1.95902
1.97557
1.99252
2.01805
2.0295
2.0406
2.05474
2.06905
2.08191
2.09332
2.1042
2.11713
2.13403
2.20393
2.21385
2.22254
2.22499
2.22584
2.23013
2.24098
2.25696
2.27459
2.2792
2.50498
2.44961
2.39881
2.35857
2.33622
2.3322
2.3457
2.37951
2.43596
2.51152
1.0487
0.990002
0.947517
0.913652
0.888985
0.871415
0.858878
0.84991
0.843745
0.840184
0.839679
0.842416
0.847749
0.855601
0.866461
0.88147
0.902451
0.931524
0.970272
1.01809
0.850259
0.85901
0.864535
0.865351
0.861855
0.85579
0.849328
0.84381
0.839897
0.838137
0.839179
0.842649
0.84783
0.854229
0.860938
0.866168
0.867768
0.864515
0.857149
0.849479
0.827311
0.829342
0.833946
0.837451
0.839951
0.841362
0.841046
0.839268
0.837015
0.835348
0.835229
0.836913
0.839511
0.842036
0.843441
0.843046
0.841146
0.838312
0.834242
0.829849
0.820439
0.821305
0.823787
0.826497
0.828498
0.829842
0.830798
0.831203
0.830989
0.830625
0.830825
0.831751
0.832707
0.83307
0.832673
0.831755
0.830289
0.828007
0.825337
0.823359
0.814838
0.815299
0.816697
0.818722
0.820658
0.822222
0.823338
0.824184
0.824822
0.825278
0.825738
0.826191
0.826348
0.826116
0.825529
0.82447
0.822885
0.820995
0.819304
0.818275
0.809729
0.810016
0.810939
0.812417
0.814048
0.815647
0.817051
0.818175
0.819108
0.819919
0.820555
0.820875
0.820829
0.820431
0.81962
0.818429
0.817032
0.81563
0.814486
0.813849
0.804857
0.805056
0.805753
0.806948
0.80835
0.809802
0.811266
0.812634
0.813822
0.814846
0.815631
0.815986
0.815883
0.815352
0.814474
0.81341
0.81228
0.811162
0.810304
0.809854
0.800176
0.800326
0.800884
0.801904
0.803173
0.804535
0.805959
0.807414
0.808808
0.810044
0.810999
0.811449
0.81135
0.810833
0.810065
0.809165
0.808212
0.807294
0.806624
0.806285
0.795619
0.795734
0.796195
0.797093
0.798276
0.799587
0.800983
0.802461
0.803978
0.805435
0.806605
0.807184
0.80719
0.80682
0.806218
0.805477
0.804669
0.803914
0.803385
0.803124
0.791125
0.791214
0.791603
0.792427
0.793572
0.794862
0.796269
0.79779
0.799401
0.801036
0.802449
0.803269
0.803501
0.803331
0.802899
0.802308
0.801631
0.800996
0.800575
0.800373
0.786652
0.78672
0.787055
0.78783
0.788962
0.790266
0.79173
0.79335
0.795102
0.796945
0.79865
0.799794
0.800301
0.800346
0.800081
0.799632
0.799079
0.798554
0.798225
0.798071
0.782172
0.782223
0.782517
0.783267
0.784415
0.785772
0.787312
0.78907
0.791054
0.793206
0.795288
0.796803
0.797597
0.797876
0.797815
0.797523
0.797091
0.796662
0.796406
0.796292
0.777622
0.777656
0.777912
0.778643
0.779804
0.781208
0.782823
0.784695
0.786878
0.789373
0.791923
0.793911
0.79513
0.795784
0.796011
0.79594
0.795673
0.795358
0.795181
0.795107
0.773017
0.773037
0.773262
0.773979
0.775178
0.776674
0.778436
0.780544
0.78306
0.785992
0.789119
0.791711
0.793413
0.794413
0.794936
0.7951
0.795002
0.794821
0.794729
0.794693
0.768353
0.768355
0.768545
0.769214
0.770395
0.771938
0.773821
0.776156
0.779054
0.782578
0.786439
0.789729
0.792039
0.793574
0.794474
0.794995
0.795185
0.795223
0.795236
0.795223
0.763226
0.763239
0.76343
0.764049
0.765225
0.766829
0.768898
0.771558
0.774947
0.779158
0.783913
0.788126
0.791164
0.793265
0.794725
0.795649
0.796193
0.796482
0.796607
0.79661
0.757315
0.757321
0.757519
0.758155
0.759397
0.761175
0.763549
0.766684
0.770769
0.775925
0.781806
0.787069
0.790964
0.793759
0.795732
0.797122
0.798012
0.798538
0.798754
0.798764
0.750269
0.750275
0.750499
0.7512
0.752592
0.754648
0.75744
0.761182
0.766119
0.77242
0.779699
0.786299
0.791245
0.794857
0.797465
0.799328
0.800599
0.801361
0.801663
0.80168
0.74175
0.741757
0.742027
0.742876
0.744533
0.747014
0.750413
0.755018
0.761123
0.768928
0.777934
0.786109
0.792259
0.796788
0.800084
0.802473
0.804125
0.805105
0.805475
0.805497
0.731334
0.731341
0.731681
0.732743
0.734799
0.737877
0.742118
0.747872
0.755487
0.765191
0.776336
0.786411
0.794003
0.799595
0.803689
0.806674
0.808748
0.809933
0.810376
0.810408
0.71851
0.718517
0.718948
0.720313
0.722935
0.726864
0.73227
0.73958
0.749188
0.761294
0.775049
0.787393
0.796637
0.803444
0.808489
0.812181
0.814707
0.816132
0.816657
0.816695
0.702548
0.702553
0.703101
0.704888
0.708351
0.713488
0.720522
0.72993
0.742117
0.757232
0.774143
0.789152
0.800361
0.808635
0.814739
0.819199
0.822239
0.823921
0.824553
0.824599
0.682493
0.682499
0.683225
0.68562
0.690282
0.697149
0.706466
0.718716
0.73425
0.753087
0.773744
0.791851
0.805323
0.815272
0.822632
0.827959
0.831572
0.833575
0.834324
0.834371
0.656676
0.65669
0.657734
0.66114
0.667626
0.677095
0.689676
0.705806
0.725647
0.74902
0.774049
0.795671
0.811678
0.823519
0.832278
0.838638
0.842919
0.845301
0.846166
0.846204
0.622173
0.622215
0.623956
0.629318
0.638962
0.652501
0.669846
0.691217
0.716507
0.745295
0.775295
0.800791
0.819561
0.833465
0.843786
0.851314
0.856403
0.859216
0.860189
0.8602
0.573252
0.573557
0.577516
0.587346
0.602892
0.622958
0.647138
0.67537
0.707291
0.742297
0.77775
0.807366
0.82903
0.845094
0.857088
0.86594
0.871984
0.875278
0.876336
0.876297
0.502089
0.504583
0.515957
0.535393
0.560718
0.589874
0.622729
0.659068
0.698492
0.740387
0.781829
0.816011
0.840958
0.859542
0.873594
0.88417
0.891547
0.895671
0.897057
0.897102
0.426169
0.432875
0.453138
0.482715
0.518063
0.556589
0.598228
0.642834
0.690114
0.739543
0.788007
0.82794
0.857231
0.879243
0.896114
0.909184
0.918513
0.923692
0.925625
0.925944
0.362354
0.369144
0.396139
0.43404
0.477887
0.524974
0.57494
0.627549
0.682481
0.739203
0.794319
0.839544
0.872715
0.897734
0.916997
0.931815
0.94248
0.949004
0.951034
0.951271
0.310392
0.317563
0.348297
0.392037
0.44227
0.496302
0.553403
0.613174
0.675134
0.738654
0.799943
0.849918
0.886404
0.913818
0.934848
0.951067
0.962898
0.970099
0.972196
0.972611
0.267281
0.274728
0.30787
0.355893
0.411177
0.470815
0.533871
0.599836
0.668063
0.737739
0.804617
0.858796
0.898071
0.927413
0.949829
0.967067
0.979595
0.987217
0.989783
0.990329
0.230412
0.238017
0.272784
0.324099
0.383571
0.447912
0.516065
0.587431
0.661219
0.736454
0.808377
0.866277
0.907939
0.93882
0.962243
0.980145
0.993084
1.00099
1.00393
1.00454
0.197848
0.20555
0.241529
0.295513
0.358482
0.426848
0.499465
0.575625
0.65443
0.734733
0.811307
0.8726
0.916354
0.948486
0.972619
0.990888
1.00404
1.01204
1.01519
1.01579
0.168187
0.175992
0.212955
0.269256
0.335181
0.40703
0.483589
0.564059
0.647455
0.732477
0.813446
0.877961
0.923657
0.956902
0.981604
1.00008
1.01334
1.02135
1.02462
1.02524
0.140578
0.148476
0.186313
0.244553
0.313086
0.38802
0.468085
0.552456
0.640087
0.729565
0.814775
0.882475
0.93012
0.964464
0.989739
1.00848
1.02179
1.02977
1.0331
1.03378
0.114345
0.122369
0.16099
0.220921
0.291808
0.369483
0.452692
0.540616
0.632171
0.725879
0.815266
0.886195
0.935886
0.971456
0.997397
1.01645
1.02986
1.0378
1.04103
1.04179
0.0891104
0.0972866
0.136692
0.198087
0.271082
0.35121
0.437251
0.528409
0.6236
0.721343
0.814862
0.889169
0.941111
0.978084
1.00483
1.0243
1.03787
1.0458
1.04893
1.0496
0.0645877
0.0729265
0.11302
0.17588
0.250734
0.333054
0.421653
0.515751
0.614315
0.715901
0.81355
0.891431
0.94586
0.98444
1.01217
1.03218
1.04598
1.05392
1.05694
1.05746
0.0406639
0.0492603
0.0899391
0.154146
0.230674
0.314955
0.405849
0.502617
0.604285
0.70952
0.811275
0.892892
0.950084
0.990549
1.01946
1.04014
1.05422
1.06213
1.06502
1.0654
0.0172816
0.0260094
0.0674141
0.132817
0.210862
0.296898
0.389842
0.489009
0.593517
0.70217
0.807934
0.89345
0.953732
0.996399
1.02671
1.04818
1.06255
1.07037
1.07306
1.07331
-0.00561833
0.00328798
0.0453892
0.111896
0.1913
0.278902
0.373666
0.474968
0.582021
0.693823
0.803459
0.893007
0.956699
1.00194
1.03392
1.05629
1.07094
1.07857
1.08097
1.0811
-0.028036
-0.018942
0.0238692
0.0914033
0.172022
0.261009
0.357369
0.460547
0.569858
0.684519
0.797825
0.891437
0.958816
1.00706
1.04111
1.06453
1.07933
1.08661
1.08865
1.08865
-0.0498908
-0.0406096
0.00290701
0.0713767
0.153085
0.24328
0.341034
0.445831
0.557115
0.674306
0.790999
0.888613
0.959901
1.01161
1.04827
1.07303
1.08783
1.09442
1.09593
1.09579
-0.0711116
-0.0616389
-0.0174542
0.0518616
0.134544
0.225794
0.324737
0.430919
0.543881
0.663269
0.78298
0.884425
0.959733
1.01534
1.05534
1.08207
1.09682
1.1021
1.10268
1.10236
-0.0916949
-0.0820226
-0.037186
0.0329095
0.116451
0.208626
0.308576
0.415914
0.530265
0.651493
0.773828
0.878797
0.958092
1.01789
1.06202
1.0919
1.10718
1.11046
1.10903
1.10828
-0.111566
-0.101698
-0.0562464
0.01457
0.0988772
0.191835
0.292634
0.400911
0.516386
0.639101
0.763611
0.871676
0.95479
1.01878
1.06767
1.10229
1.12013
1.12213
1.11718
1.1143
-0.130747
-0.1207
-0.074624
-0.00315661
0.0818005
0.175401
0.276887
0.385875
0.502213
0.626058
0.752267
0.862855
0.949564
1.01751
1.0712
1.11202
1.13566
1.14078
1.13338
1.11559
-0.149272
-0.139015
-0.092435
-0.0204388
0.0649863
0.159006
0.260952
0.370335
0.487185
0.611707
0.739092
0.851573
0.941591
1.01328
1.07061
1.11761
1.14836
1.15348
1.14928
1.10286
-0.167406
-0.156246
-0.109615
-0.0371409
0.0485391
0.142749
0.245014
0.354519
0.471545
0.596287
0.724228
0.837815
0.930255
1.00568
1.06345
1.11057
1.14236
1.15136
1.10025
1.03577
-0.186134
-0.171408
-0.125976
-0.0531701
0.0321694
0.126452
0.228821
0.338436
0.455286
0.579799
0.707579
0.821422
0.914495
0.994971
1.0491
1.07905
1.1054
1.08443
1.01886
0.949995
-0.204524
-0.206574
-0.145709
-0.0661218
0.0186957
0.112869
0.21296
0.322733
0.439129
0.563006
0.689774
0.802768
0.894281
0.98346
1.0118
1.00611
1.01956
0.967721
0.895355
0.82191
-0.180172
-0.179072
-0.12168
-0.0432349
0.0463325
0.144108
0.248912
0.361167
0.480223
0.606902
0.726778
0.826124
0.906949
0.99401
1.02302
0.928275
0.84837
0.784722
0.711157
0.559332
-0.220963
-0.194937
-0.134831
-0.0557188
0.0337653
0.131163
0.235352
0.346883
0.464834
0.589712
0.706653
0.802502
0.876237
0.932989
0.909251
0.786289
0.665184
0.582728
0.496434
0.3233
-0.245226
-0.214407
-0.153489
-0.0745283
0.0148738
0.111989
0.216241
0.326881
0.443356
0.565768
0.679077
0.769847
0.834972
0.859915
0.786665
0.619783
0.475883
0.369584
0.251087
0.00176577
-0.268854
-0.235643
-0.173557
-0.0939248
-0.0044395
0.092556
0.196382
0.305983
0.420769
0.54035
0.649247
0.733921
0.787115
0.779364
0.644677
0.449269
0.267426
0.116416
-0.0529042
-0.45988
-0.291388
-0.257391
-0.194285
-0.113839
-0.0241801
0.0726357
0.175781
0.284241
0.397156
0.513592
0.617446
0.695421
0.7325
0.691475
0.50642
0.287196
0.0584765
-0.143074
-0.404797
-1.05964
-0.313604
-0.279663
-0.215901
-0.13487
-0.0450114
0.0516041
0.154087
0.261333
0.372197
0.485207
0.583639
0.653977
0.67412
0.589717
0.379203
0.150966
-0.0844205
-0.30715
-0.497179
-1.24741
-0.336614
-0.302708
-0.238626
-0.157246
-0.0672309
0.0292162
0.131073
0.237088
0.345781
0.455151
0.547974
0.609621
0.609175
0.475477
0.270299
0.0517483
-0.152877
-0.294595
-0.32554
-0.378401
-0.360827
-0.326995
-0.262749
-0.18125
-0.091243
0.00488634
0.105953
0.210469
0.316604
0.421734
0.508465
0.559512
0.534396
0.368872
0.172233
-0.0205207
-0.177208
-0.249279
-0.269833
-0.277667
-0.386574
-0.352682
-0.288343
-0.206837
-0.116989
-0.0213435
0.0786923
0.181411
0.284597
0.384886
0.464985
0.50324
0.458446
0.268925
0.082636
-0.0873276
-0.20911
-0.240852
-0.243238
-0.24365
-0.413914
-0.37982
-0.315436
-0.233956
-0.144396
-0.0494318
0.0493458
0.149969
0.249782
0.344693
0.4173
0.443059
0.37477
0.175287
-0.00100634
-0.150943
-0.210578
-0.226017
-0.228802
-0.228744
-0.442697
-0.408508
-0.343946
-0.262554
-0.1734
-0.0792912
0.0179976
0.116217
0.212248
0.301313
0.365681
0.380017
0.274593
0.0873947
-0.0756916
-0.193151
-0.225545
-0.220418
-0.220071
-0.219758
-0.472438
-0.438053
-0.3736
-0.292427
-0.203812
-0.110746
-0.0151892
0.0803204
0.172195
0.254976
0.310918
0.307057
0.179822
0.00339401
-0.140683
-0.195158
-0.210698
-0.215112
-0.215403
-0.215421
-0.502781
-0.468303
-0.404239
-0.323234
-0.235315
-0.143485
-0.049898
0.0426152
0.130016
0.206118
0.25419
0.232652
0.0915123
-0.0743002
-0.203771
-0.224322
-0.222806
-0.217403
-0.213645
-0.212249
-0.532811
-0.498748
-0.43477
-0.354437
-0.267404
-0.177016
-0.0856394
0.00361071
0.086291
0.15553
0.195208
0.15763
0.00499641
-0.144242
-0.269173
-0.278708
-0.247124
-0.22181
-0.212405
-0.209759
-0.561665
-0.528273
-0.464803
-0.385305
-0.299368
-0.210661
-0.121707
-0.035919
0.0418321
0.104348
0.134794
0.0873176
-0.080338
-0.196719
-0.293482
-0.271412
-0.257585
-0.242564
-0.231644
-0.22705
-0.587995
-0.555542
-0.493239
-0.414829
-0.330272
-0.243492
-0.157168
-0.0749454
-0.00220331
0.0534698
0.0780455
0.0196458
-0.152543
-0.262512
-0.19992
-0.280923
-0.322776
-0.342769
-0.335019
-0.327048
-0.610231
-0.579323
-0.518461
-0.441782
-0.359004
-0.274364
-0.190817
-0.112156
-0.0442024
0.00436009
0.0265758
-0.0502689
-0.215705
-0.363714
-0.528759
-0.496162
-0.479033
-0.498718
-0.501355
-0.497576
-0.626612
-0.597766
-0.539022
-0.464657
-0.384121
-0.301925
-0.221163
-0.145966
-0.082375
-0.0401712
-0.0227444
-0.125226
-0.296154
-0.461148
-0.51446
-0.587851
-0.68079
-0.684488
-0.66705
-0.659803
-0.635342
-0.608963
-0.553416
-0.481909
-0.404043
-0.324578
-0.246623
-0.17458
-0.114708
-0.0770047
-0.0736812
-0.203686
-0.354318
-0.210182
0.00535311
-0.355135
-0.709223
-0.757328
-0.751692
-0.751584
-0.634496
-0.611608
-0.560167
-0.492039
-0.417339
-0.340756
-0.265397
-0.195576
-0.138536
-0.106395
-0.121597
-0.284223
-0.552715
-0.703475
-0.831948
-1.18552
-1.17911
-0.990779
-0.878924
-0.889917
-0.621141
-0.603455
-0.558179
-0.493982
-0.422875
-0.349133
-0.275793
-0.206918
-0.149942
-0.119316
-0.140119
-0.364145
-0.986334
-1.99835
-2.7345
-3.09953
-2.9098
-2.439
-2.02271
-1.84205
-0.596329
-0.583429
-0.546175
-0.487546
-0.420211
-0.349062
-0.27667
-0.206953
-0.146088
-0.10652
-0.120678
-0.330664
-0.901136
-1.62082
-2.24719
-2.50521
-2.35591
-2.04282
-1.69916
-1.59544
-0.562802
-0.554173
-0.525998
-0.473774
-0.40998
-0.340934
-0.268262
-0.194952
-0.12565
-0.0652966
-0.0432406
-0.0580148
-0.150257
-0.141522
-0.0439897
0.190629
0.466423
0.698109
0.856649
0.938747
-0.52471
-0.519581
-0.49979
-0.455453
-0.394844
-0.326649
-0.252502
-0.173547
-0.0909844
-0.00712204
0.0899697
0.222358
0.512321
1.01595
1.5933
2.12093
2.51753
2.77363
2.90416
2.94633
-0.487265
-0.484688
-0.471904
-0.435099
-0.378066
-0.309793
-0.233178
-0.14882
-0.0544638
0.052509
0.176435
0.311306
0.605779
1.19707
1.84219
2.41115
2.82201
3.0598
3.16818
3.19903
-0.451547
-0.450481
-0.444772
-0.417227
-0.363752
-0.294041
-0.215243
-0.127308
-0.0310482
0.08136
0.201841
0.333658
0.511902
0.93681
1.45218
1.87697
2.18986
2.37508
2.46496
2.49726
-0.42113
-0.419963
-0.418445
-0.400092
-0.350162
-0.279582
-0.199388
-0.112732
-0.0189472
0.0880763
0.198595
0.312868
0.430563
0.690329
1.0633
1.37821
1.61662
1.76181
1.8293
1.84726
-0.403537
-0.404221
-0.405176
-0.38843
-0.335085
-0.261244
-0.18131
-0.0985401
-0.0107601
0.0858683
0.182117
0.271793
0.358647
0.505389
0.747855
0.968629
1.13415
1.23285
1.27777
1.28716
-0.370008
-0.373778
-0.375802
-0.35804
-0.303142
-0.230346
-0.154977
-0.0800156
-0.00248905
0.0800017
0.159402
0.227486
0.295439
0.384721
0.541256
0.683436
0.787273
0.848681
0.874965
0.880045
-0.28027
-0.28434
-0.286293
-0.271453
-0.230097
-0.174396
-0.114985
-0.0545702
0.00847064
0.0753156
0.136298
0.182886
0.226059
0.282337
0.385866
0.478782
0.547063
0.58336
0.598778
0.600047
-0.152742
-0.154574
-0.155526
-0.148965
-0.129671
-0.100895
-0.0652448
-0.0240876
0.0220908
0.0724918
0.115376
0.141306
0.16248
0.196726
0.266839
0.33267
0.377765
0.402664
0.41266
0.412524
-0.0429456
-0.0433635
-0.0444472
-0.0453967
-0.0428224
-0.0342069
-0.0180309
0.00596184
0.0374981
0.0734813
0.101392
0.110316
0.10829
0.130358
0.182677
0.232892
0.266953
0.285201
0.292351
0.291862
0.0234566
0.0233074
0.0217761
0.0179794
0.0136909
0.0128781
0.0185082
0.0316993
0.0529252
0.0784339
0.097478
0.0964483
0.0801589
0.100779
0.150183
0.187434
0.209625
0.21987
0.22327
0.222528
0.0541916
0.0539266
0.0523825
0.0487301
0.0441587
0.0413301
0.042892
0.0509482
0.0664672
0.0882334
0.106548
0.109125
0.0989319
0.120774
0.156837
0.181129
0.194338
0.200169
0.201825
0.201018
0.0645709
0.0643164
0.0631743
0.0604813
0.0573016
0.0553588
0.0566522
0.0633716
0.0779916
0.0994053
0.123735
0.141057
0.15383
0.176205
0.195154
0.204447
0.209
0.211598
0.21299
0.212331
0.0632262
0.0632119
0.0627694
0.0612697
0.0595386
0.0590907
0.0616067
0.0694553
0.0849803
0.110118
0.142065
0.174634
0.210035
0.23198
0.236328
0.239379
0.242788
0.246345
0.247636
0.246062
0.0518828
0.0521951
0.0525061
0.0522718
0.0520945
0.0533372
0.0580426
0.068014
0.0867413
0.116091
0.153739
0.193443
0.239188
0.260258
0.258111
0.262004
0.268464
0.277934
0.281922
0.279931
0.0294122
0.0300444
0.0309529
0.0318641
0.0333884
0.0369201
0.044116
0.0571804
0.0800528
0.113968
0.154001
0.190085
0.227263
0.244431
0.250423
0.263277
0.279105
0.288871
0.291461
0.289246
-0.00551978
-0.00471111
-0.00327175
-0.00135453
0.00171396
0.00735169
0.0171998
0.0337147
0.0612575
0.100678
0.142754
0.172563
0.191364
0.198465
0.216903
0.241716
0.262653
0.275544
0.277741
0.275759
-0.0541212
-0.0530202
-0.0512232
-0.0486729
-0.0446444
-0.0378712
-0.0266179
-0.00783912
0.0231767
0.0690554
0.119545
0.151747
0.152385
0.149313
0.182393
0.219969
0.243082
0.25294
0.254321
0.254697
-0.118147
-0.116861
-0.114944
-0.112296
-0.108465
-0.102702
-0.0935821
-0.0776734
-0.0497976
-0.000549879
0.0691676
0.126432
0.131557
0.134192
0.177538
0.22256
0.256325
0.267152
0.266977
0.26687
-0.197846
-0.196674
-0.195257
-0.193652
-0.192199
-0.191404
-0.191359
-0.190104
-0.182102
-0.14336
-0.0423834
0.0629575
0.0968174
0.116946
0.179026
0.240318
0.281883
0.297871
0.296013
0.297517
-0.289678
-0.28911
-0.289117
-0.290282
-0.294498
-0.304624
-0.324416
-0.357388
-0.399397
-0.395593
-0.250073
-0.0732985
0.0100945
0.0659118
0.16583
0.26725
0.337254
0.353902
0.348187
0.345634
-0.383394
-0.383994
-0.386416
-0.392285
-0.405787
-0.433381
-0.485526
-0.577211
-0.707732
-0.76683
-0.569874
-0.288354
-0.13711
-0.0283065
0.116685
0.239514
0.317654
0.325408
0.320934
0.31715
-0.461542
-0.463655
-0.46902
-0.480684
-0.505453
-0.554261
-0.646848
-0.814315
-1.06
-1.20031
-0.936671
-0.557546
-0.33173
-0.160149
0.0189779
0.146606
0.190558
0.197251
0.196362
0.193729
-0.50305
-0.506542
-0.5144
-0.530967
-0.565093
-0.631752
-0.759697
-0.991479
-1.32653
-1.53868
-1.21761
-0.797888
-0.51647
-0.297722
-0.0946863
0.0136418
0.0290481
0.032596
0.0333386
0.0317305
-0.491292
-0.49516
-0.503608
-0.522319
-0.560193
-0.63378
-0.775257
-1.03201
-1.39698
-1.6392
-1.35011
-0.918821
-0.671635
-0.437706
-0.22767
-0.139439
-0.130729
-0.13322
-0.136369
-0.139907
-0.423286
-0.426769
-0.434311
-0.450505
-0.484628
-0.551242
-0.679581
-0.914057
-1.23267
-1.43243
-1.2068
-0.907508
-0.755047
-0.622563
-0.456364
-0.381202
-0.355128
-0.348498
-0.347687
-0.350755
-0.313444
-0.315627
-0.320429
-0.331653
-0.356207
-0.40512
-0.500793
-0.67792
-0.904403
-1.01044
-0.876106
-0.748543
-0.750833
-0.950909
-0.935482
-0.745738
-0.641184
-0.591996
-0.569436
-0.563718
-0.187106
-0.187929
-0.189854
-0.195235
-0.208455
-0.236425
-0.292851
-0.402828
-0.548231
-0.596157
-0.523796
-0.49217
-0.619969
-0.953736
-1.09163
-0.874826
-0.718763
-0.640185
-0.602557
-0.589438
-0.0703262
-0.0706724
-0.0704386
-0.0706428
-0.0729602
-0.0789281
-0.0926728
-0.123052
-0.183442
-0.241321
-0.23356
-0.230521
-0.233076
-0.346683
-0.529827
-0.504829
-0.412931
-0.354733
-0.327232
-0.311174
-0.649117
-0.0508062
0.288562
0.522457
0.702905
0.843099
0.957775
1.05713
1.17167
1.16617
0.199303
0.364298
0.541893
0.692817
0.817844
0.920339
1.00515
1.06958
1.09662
1.10078
0.494648
0.603808
0.721132
0.823556
0.911204
0.984461
1.04285
1.08398
1.10968
1.12639
0.699082
0.773705
0.854442
0.926918
0.989716
1.04243
1.08473
1.11709
1.14211
1.16052
0.850451
0.905202
0.961468
1.01481
1.06157
1.10168
1.13521
1.16259
1.1851
1.20329
0.970644
1.01051
1.05417
1.09565
1.13296
1.16581
1.19419
1.21792
1.23757
1.25527
1.07218
1.10393
1.14108
1.17582
1.2081
1.23716
1.26251
1.2837
1.30074
1.31808
1.16425
1.19371
1.22824
1.26083
1.29124
1.3187
1.3425
1.36202
1.3767
1.39384
1.25627
1.28785
1.32361
1.35682
1.38718
1.41409
1.43692
1.45513
1.46787
1.48515
1.3609
1.39686
1.43523
1.46976
1.50005
1.52598
1.54741
1.56418
1.57587
1.59373
1.49079
1.52989
1.56824
1.60155
1.62967
1.65337
1.6731
1.6887
1.70059
1.71886
1.65203
1.6886
1.72057
1.74739
1.77031
1.79089
1.80956
1.82566
1.8394
1.85729
1.83683
1.86211
1.88213
1.90069
1.91839
1.93518
1.95109
1.96712
1.98428
2.00343
2.02375
2.03468
2.04745
2.06204
2.07568
2.08779
2.09873
2.11011
2.12554
2.14498
2.2057
2.21921
2.22429
2.2253
2.22728
2.23468
2.24843
2.26606
2.27981
2.29116
2.47463
2.42407
2.37663
2.34506
2.33205
2.33662
2.35986
2.40494
2.47164
2.56576
0.90532
0.902307
0.896244
0.88531
0.872808
0.86148
0.852393
0.845591
0.841056
0.839056
0.840163
0.844032
0.8501
0.858312
0.868759
0.881038
0.893362
0.902055
0.906562
0.908719
0.833636
0.840284
0.84553
0.849138
0.85024
0.848587
0.845106
0.841268
0.83821
0.836789
0.837739
0.840656
0.844643
0.84879
0.851761
0.852247
0.849896
0.845491
0.839181
0.833352
0.82356
0.82652
0.829881
0.832365
0.834116
0.83528
0.835475
0.834678
0.833535
0.832966
0.833684
0.83529
0.836848
0.837546
0.837061
0.835755
0.833812
0.83091
0.827557
0.825267
0.817552
0.818976
0.821189
0.82346
0.825176
0.826355
0.827213
0.827744
0.827928
0.828107
0.828641
0.829249
0.829462
0.829154
0.828445
0.827236
0.825369
0.8231
0.821325
0.820241
0.812246
0.813066
0.814536
0.816316
0.818057
0.819521
0.820628
0.821507
0.822245
0.822867
0.823343
0.823532
0.823377
0.822884
0.821957
0.820585
0.818987
0.817406
0.816358
0.815694
0.807266
0.807822
0.80892
0.810352
0.811877
0.813385
0.814758
0.815912
0.816899
0.817744
0.818278
0.818396
0.818123
0.81744
0.816407
0.815194
0.813921
0.812761
0.812034
0.811572
0.802499
0.802915
0.803801
0.805044
0.806401
0.807826
0.809272
0.810646
0.811862
0.81289
0.813542
0.81368
0.81334
0.812629
0.811705
0.810693
0.809653
0.808741
0.808194
0.807847
0.797887
0.798212
0.798957
0.800072
0.801355
0.802726
0.804165
0.805644
0.807073
0.808323
0.809127
0.809324
0.809037
0.808446
0.807683
0.806822
0.805946
0.805213
0.804788
0.804519
0.79337
0.793629
0.794272
0.795303
0.79654
0.797886
0.799329
0.800858
0.802419
0.803891
0.804903
0.805283
0.805187
0.804777
0.804173
0.803461
0.802731
0.802137
0.801806
0.801593
0.788887
0.789096
0.78967
0.790662
0.791886
0.793248
0.794743
0.796368
0.798092
0.79981
0.801096
0.801727
0.801852
0.801628
0.801177
0.800607
0.79999
0.799503
0.799246
0.799078
0.784415
0.784584
0.785108
0.786086
0.787329
0.788743
0.790338
0.792114
0.794035
0.796024
0.797677
0.798653
0.799038
0.799007
0.798716
0.798275
0.797769
0.797378
0.797183
0.79705
0.779907
0.780042
0.780533
0.781512
0.782787
0.784257
0.785937
0.787891
0.790123
0.79253
0.794595
0.795908
0.796595
0.796843
0.796781
0.796495
0.796113
0.795811
0.795672
0.79557
0.775328
0.77543
0.775888
0.776869
0.778187
0.779738
0.781557
0.783701
0.786193
0.789031
0.791659
0.79353
0.794665
0.795244
0.79542
0.795342
0.795112
0.794914
0.794834
0.79476
0.770702
0.770775
0.771204
0.772185
0.773565
0.775226
0.777236
0.779701
0.78268
0.786145
0.789427
0.791838
0.793409
0.794351
0.794854
0.795001
0.794964
0.794896
0.794874
0.794822
0.765875
0.765944
0.766322
0.767248
0.768617
0.770348
0.772544
0.775318
0.778784
0.782963
0.787093
0.790279
0.792503
0.793956
0.794844
0.795418
0.795701
0.79582
0.795853
0.795806
0.760391
0.760461
0.760846
0.761771
0.763204
0.765119
0.767648
0.770945
0.775133
0.78026
0.785395
0.789439
0.792335
0.794382
0.795768
0.796701
0.797272
0.797557
0.797635
0.797584
0.753954
0.754024
0.754434
0.755425
0.757016
0.75921
0.762169
0.766087
0.77116
0.777463
0.783861
0.788988
0.792752
0.795448
0.797381
0.798723
0.799605
0.800052
0.800167
0.800107
0.746217
0.746302
0.746795
0.747936
0.749786
0.752399
0.755971
0.760754
0.766984
0.774762
0.782704
0.789105
0.793846
0.797298
0.799802
0.80159
0.802783
0.803379
0.803524
0.803453
0.73679
0.736899
0.737515
0.738913
0.741173
0.744392
0.748813
0.754753
0.762491
0.772129
0.781947
0.789863
0.795741
0.800051
0.803197
0.805461
0.806963
0.807686
0.807864
0.807782
0.725224
0.725364
0.726163
0.727925
0.730766
0.734815
0.740396
0.747866
0.757543
0.769504
0.781603
0.791308
0.798534
0.803797
0.807692
0.810519
0.812358
0.813224
0.813437
0.813343
0.710896
0.711083
0.712133
0.71442
0.718095
0.723324
0.730487
0.739994
0.752162
0.766996
0.781818
0.793639
0.802395
0.808839
0.813632
0.817039
0.819227
0.820247
0.820505
0.820396
0.692976
0.693239
0.694648
0.697674
0.702548
0.70945
0.71879
0.730997
0.746321
0.764652
0.782698
0.796979
0.807555
0.815343
0.821103
0.825206
0.827802
0.829025
0.829332
0.8292
0.670199
0.670617
0.672596
0.676707
0.683328
0.692648
0.70501
0.720788
0.740094
0.762633
0.784422
0.801512
0.814155
0.823489
0.830362
0.83525
0.838321
0.839775
0.840125
0.839966
0.640377
0.641123
0.644114
0.650035
0.65938
0.672286
0.688909
0.709404
0.733655
0.761153
0.787179
0.807387
0.822319
0.833376
0.84152
0.847316
0.850965
0.852668
0.853048
0.852854
0.599469
0.600996
0.606194
0.615624
0.629623
0.648006
0.670563
0.697134
0.727346
0.760512
0.791195
0.814754
0.83213
0.845038
0.854595
0.86145
0.865768
0.867712
0.868097
0.867862
0.539873
0.544587
0.555479
0.57182
0.59376
0.620203
0.650606
0.684598
0.721668
0.761042
0.796633
0.823645
0.843521
0.858337
0.869404
0.877454
0.882508
0.884664
0.885008
0.884746
0.46858
0.476944
0.496819
0.523678
0.555625
0.591169
0.630041
0.672006
0.716608
0.763152
0.804832
0.836471
0.859914
0.877556
0.890875
0.900638
0.906935
0.909507
0.909834
0.909776
0.397003
0.411296
0.440205
0.477046
0.518416
0.562918
0.610252
0.660224
0.712441
0.766293
0.814228
0.850611
0.877692
0.898326
0.914203
0.926148
0.933199
0.935862
0.936747
0.93687
0.338547
0.356515
0.391054
0.435226
0.484266
0.536553
0.591597
0.649086
0.708532
0.769281
0.823
0.863614
0.893801
0.916778
0.934447
0.947656
0.955741
0.959591
0.960858
0.961052
0.290696
0.310654
0.349446
0.399049
0.454079
0.512738
0.574388
0.638546
0.704582
0.771672
0.830613
0.874904
0.90764
0.932451
0.951535
0.965838
0.974985
0.979361
0.980868
0.981065
0.250503
0.27155
0.313558
0.367445
0.427374
0.491335
0.558632
0.628645
0.700569
0.773395
0.837017
0.884473
0.91931
0.94556
0.965647
0.980696
0.990616
0.995455
0.997034
0.997231
0.215531
0.237313
0.281828
0.339211
0.403252
0.471774
0.543999
0.619201
0.696433
0.77447
0.842337
0.892594
0.929178
0.956511
0.97726
0.992761
1.00304
1.00816
1.00981
1.00998
0.184245
0.206543
0.253111
0.313427
0.380946
0.453436
0.530041
0.609923
0.692014
0.774889
0.846714
0.899554
0.93767
0.965864
0.987046
1.00275
1.01316
1.01838
1.02005
1.0202
0.1555
0.178186
0.22651
0.28933
0.359891
0.435878
0.516391
0.600535
0.687137
0.7746
0.850237
0.905576
0.945167
0.974146
0.995711
1.01154
1.02201
1.02734
1.02891
1.02902
0.128421
0.151565
0.201387
0.266386
0.339647
0.418743
0.502779
0.590828
0.681651
0.773517
0.852938
0.910809
0.951918
0.981754
1.00375
1.01976
1.03027
1.03563
1.03713
1.0371
0.102567
0.126201
0.177239
0.244256
0.319922
0.4018
0.489021
0.580654
0.675441
0.771572
0.8548
0.915347
0.958142
0.988969
1.01149
1.02774
1.03832
1.04361
1.0451
1.04504
0.0775891
0.101726
0.153856
0.222709
0.30052
0.384895
0.475003
0.569924
0.668427
0.76871
0.855834
0.919279
0.96398
0.995966
1.01915
1.03575
1.04644
1.05164
1.05308
1.05298
0.0532725
0.0778561
0.131113
0.201595
0.281322
0.367941
0.460654
0.558589
0.66057
0.764888
0.856021
0.922586
0.969436
1.00281
1.02682
1.04385
1.05468
1.05979
1.0611
1.06098
0.0294919
0.0545729
0.108886
0.180831
0.26228
0.350905
0.445961
0.546639
0.651859
0.760061
0.855242
0.925185
0.97451
1.00952
1.03452
1.05206
1.063
1.06798
1.06913
1.06897
0.00622425
0.0318516
0.0871297
0.160399
0.243388
0.333805
0.43095
0.534093
0.642278
0.754157
0.8534
0.926983
0.979138
1.01609
1.04225
1.06034
1.07137
1.07615
1.07711
1.07687
-0.0164922
0.0096152
0.0658483
0.140312
0.224674
0.316672
0.415664
0.520995
0.631845
0.74716
0.850419
0.927849
0.983204
1.02248
1.05004
1.06871
1.07967
1.08413
1.08488
1.08459
-0.0386877
-0.0120845
0.0450633
0.120611
0.206188
0.299569
0.400173
0.507413
0.620636
0.739087
0.846219
0.927617
0.986541
1.02864
1.05795
1.07721
1.08789
1.09182
1.09231
1.09198
-0.0602602
-0.0331702
0.0248206
0.101336
0.187989
0.282578
0.384564
0.493445
0.60873
0.729965
0.840724
0.926123
0.988927
1.03442
1.0661
1.08611
1.09611
1.09912
1.09924
1.09889
-0.0812126
-0.0535933
0.00515283
0.0825509
0.170147
0.265771
0.368937
0.479203
0.596216
0.719861
0.833904
0.923207
0.990085
1.03957
1.07452
1.09593
1.10491
1.10613
1.10552
1.1052
-0.101448
-0.0733519
-0.0138855
0.0643076
0.152723
0.249232
0.353373
0.464771
0.583216
0.708876
0.825763
0.918739
0.989701
1.04357
1.08294
1.10726
1.11579
1.1141
1.11129
1.11055
-0.12103
-0.092415
-0.0322471
0.0466651
0.135793
0.233047
0.337995
0.450288
0.569866
0.697129
0.816352
0.91262
0.987489
1.04574
1.09044
1.1199
1.13081
1.12759
1.11857
1.10055
-0.139894
-0.11078
-0.0500727
0.0294232
0.119063
0.216878
0.322378
0.435281
0.55563
0.684053
0.80507
0.904164
0.982911
1.04508
1.09533
1.13204
1.14941
1.1486
1.13185
1.14363
-0.158166
-0.128434
-0.0673083
0.0126389
0.102585
0.20079
0.306534
0.419782
0.540512
0.669572
0.791768
0.892829
0.975386
1.04038
1.09334
1.13486
1.15674
1.15408
1.09295
1.07239
-0.176431
-0.145939
-0.0837038
-0.00328101
0.0868402
0.185223
0.290667
0.404055
0.524806
0.653916
0.776529
0.878349
0.964288
1.03136
1.07905
1.11943
1.13256
1.10062
1.02912
0.984969
-0.195355
-0.164101
-0.0988323
-0.0180074
0.0722206
0.170317
0.27514
0.388271
0.508606
0.637128
0.759285
0.860725
0.947929
1.01902
1.06406
1.06998
1.05482
0.996886
0.922624
0.876772
0.206199
0.315768
0.431888
0.555296
0.681071
0.792826
0.882333
0.737267
-0.215635
-0.196661
-0.159079
-0.0910813
-0.00641003
0.0869323
0.188144
0.296547
0.411666
0.533571
0.657726
0.76793
0.85552
0.928332
0.979783
0.949248
0.805894
0.71709
0.647447
-0.232852
-0.219888
-0.17598
-0.106249
-0.0213438
0.0719633
0.172587
0.280385
0.394453
0.514687
0.636172
0.74244
0.824588
0.882815
0.88341
0.782076
0.63302
0.523112
0.431124
-0.255621
-0.242929
-0.196131
-0.125304
-0.0402307
0.0531656
0.153774
0.261089
0.374035
0.492392
0.610467
0.711507
0.786011
0.82678
0.78607
0.623895
0.449223
0.30774
0.184312
-0.278488
-0.265585
-0.217262
-0.145263
-0.0597831
0.033588
0.133876
0.240351
0.351917
0.468004
0.582282
0.677656
0.743974
0.762021
0.676355
0.471299
0.260532
0.0664137
-0.117461
-0.300459
-0.288107
-0.238995
-0.165974
-0.0800686
0.013293
0.113135
0.218651
0.328677
0.442193
0.552278
0.641372
0.69847
0.681458
0.545977
0.330311
0.0950399
-0.133832
-0.341088
-0.322795
-0.310827
-0.261515
-0.18783
-0.101586
-0.00818577
0.0912821
0.195909
0.304353
0.415187
0.520918
0.603321
0.648966
0.602601
0.426221
0.212982
-0.0160325
-0.235436
-0.370358
-0.411042
-0.346341
-0.334574
-0.285134
-0.211117
-0.124725
-0.0313767
0.0676498
0.171275
0.277922
0.385704
0.486599
0.561647
0.593485
0.526716
0.317351
0.114941
-0.0804562
-0.232275
-0.28023
-0.30731
-0.371144
-0.359622
-0.310098
-0.23593
-0.149538
-0.0564197
0.0419954
0.144368
0.24888
0.353118
0.448537
0.515745
0.53112
0.427294
0.220597
0.0320046
-0.13236
-0.227801
-0.25371
-0.256954
-0.397503
-0.386163
-0.336502
-0.262253
-0.175974
-0.0832353
0.0143464
0.115205
0.217232
0.31745
0.406702
0.465993
0.455127
0.322227
0.130331
-0.046073
-0.181678
-0.228271
-0.232691
-0.234787
-0.425366
-0.414079
-0.364395
-0.290048
-0.203983
-0.111774
-0.0152367
0.0838547
0.183034
0.278782
0.361264
0.411809
0.375958
0.222395
0.0446732
-0.11845
-0.204703
-0.224588
-0.223678
-0.223602
-0.454528
-0.443135
-0.393661
-0.31919
-0.23343
-0.141919
-0.0466246
0.0504251
0.146405
0.237225
0.312582
0.351936
0.301805
0.128455
-0.0353473
-0.166888
-0.203944
-0.211786
-0.216318
-0.216949
-0.484431
-0.473039
-0.423755
-0.349427
-0.264073
-0.173423
-0.0795878
0.015151
0.10762
0.193103
0.261125
0.289698
0.228869
0.044005
-0.112386
-0.204117
-0.23032
-0.219544
-0.214736
-0.213698
-0.514486
-0.503194
-0.454146
-0.380292
-0.295494
-0.205878
-0.113728
-0.0215613
0.0671026
0.146991
0.207322
0.227304
0.140772
-0.0346277
-0.187612
-0.244131
-0.238978
-0.225544
-0.216036
-0.212056
-0.543568
-0.532913
-0.484404
-0.411008
-0.327077
-0.238704
-0.148464
-0.0590998
0.0255194
0.0996835
0.152153
0.161659
0.0494181
-0.107196
-0.243922
-0.280874
-0.259391
-0.235472
-0.217841
-0.211474
-0.57097
-0.560588
-0.513506
-0.440796
-0.357961
-0.271087
-0.182993
-0.0966101
-0.0161785
0.0520705
0.0973769
0.0924699
-0.0312692
-0.181789
-0.251414
-0.301735
-0.281782
-0.280866
-0.275513
-0.267793
-0.595191
-0.585264
-0.539677
-0.468568
-0.387094
-0.302009
-0.216252
-0.132991
-0.0567316
0.00556009
0.0443932
0.030367
-0.101004
-0.252084
-0.314946
-0.30864
-0.374808
-0.412349
-0.42284
-0.413413
-0.614243
-0.605032
-0.561727
-0.492611
-0.413207
-0.330226
-0.246978
-0.16685
-0.094628
-0.0376964
-0.00628282
-0.023782
-0.1749
-0.341242
-0.581663
-0.645199
-0.568143
-0.579112
-0.585092
-0.580896
-0.626591
-0.618397
-0.577972
-0.511649
-0.4347
-0.354214
-0.273657
-0.196577
-0.127997
-0.0756376
-0.0538468
-0.0651413
-0.269733
-0.355678
-0.314168
-0.351681
-0.623571
-0.76388
-0.7401
-0.728538
-0.630138
-0.623454
-0.586838
-0.524069
-0.450053
-0.372424
-0.294654
-0.220222
-0.154657
-0.106452
-0.09275
-0.117429
-0.373439
-0.392101
-0.130494
-0.26781
-0.613446
-0.762118
-0.736437
-0.762054
-0.624188
-0.618656
-0.586664
-0.52845
-0.457995
-0.383475
-0.308321
-0.2359
-0.171863
-0.126081
-0.116787
-0.186467
-0.525741
-1.08726
-1.74531
-2.27322
-2.38071
-2.03202
-1.53125
-1.27173
-0.605747
-0.601623
-0.575533
-0.523795
-0.457787
-0.38645
-0.313419
-0.241965
-0.177055
-0.128004
-0.11819
-0.188805
-0.666162
-1.52041
-2.48693
-2.96478
-3.08174
-2.81941
-2.40812
-2.07861
-0.576855
-0.574241
-0.554525
-0.510323
-0.449576
-0.381288
-0.309679
-0.237327
-0.168577
-0.110472
-0.0814926
-0.107183
-0.384837
-0.746809
-1.10779
-1.28365
-1.18627
-0.935003
-0.658803
-0.470579
-0.540973
-0.539428
-0.526879
-0.490269
-0.435077
-0.36925
-0.298052
-0.223126
-0.1468
-0.0737015
-0.00344928
0.0424659
0.152374
0.369983
0.736864
1.15292
1.53077
1.80571
1.97299
2.05067
-0.503245
-0.50235
-0.495621
-0.467907
-0.417278
-0.353065
-0.281347
-0.202742
-0.117551
-0.0243151
0.0812272
0.205815
0.419898
0.899501
1.5438
2.167
2.67747
3.00933
3.17449
3.23252
-0.468697
-0.468079
-0.464746
-0.445671
-0.400411
-0.337096
-0.263779
-0.181215
-0.0903062
0.0141465
0.128976
0.263591
0.407185
0.79416
1.37222
1.9248
2.36603
2.65057
2.79719
2.85273
-0.435053
-0.434091
-0.432711
-0.423223
-0.38583
-0.323507
-0.248003
-0.164334
-0.0726908
0.0290873
0.143369
0.262936
0.392169
0.607103
1.04225
1.45257
1.77554
1.99592
2.11642
2.1664
-0.412254
-0.411091
-0.411188
-0.406234
-0.372588
-0.308731
-0.231646
-0.148932
-0.0608677
0.0346977
0.139332
0.242342
0.346741
0.468957
0.739955
1.03177
1.26723
1.42874
1.51266
1.54431
-0.392115
-0.392618
-0.395875
-0.391675
-0.355086
-0.286746
-0.208709
-0.129782
-0.0487984
0.0369448
0.127836
0.210632
0.290586
0.369516
0.536082
0.728026
0.884699
0.990575
1.04458
1.06595
-0.332181
-0.334497
-0.33953
-0.334747
-0.301011
-0.239604
-0.171145
-0.102447
-0.033107
0.039417
0.113538
0.177914
0.235107
0.286653
0.396488
0.520396
0.618754
0.684954
0.7172
0.726412
-0.216573
-0.218966
-0.222046
-0.218932
-0.198088
-0.160392
-0.114807
-0.0654475
-0.0127196
0.0438625
0.100397
0.144739
0.177834
0.205917
0.279525
0.36314
0.429327
0.471447
0.491382
0.497047
-0.0922342
-0.0934869
-0.0945995
-0.0946268
-0.0881891
-0.0749525
-0.0538428
-0.0254398
0.00982496
0.0506933
0.0919658
0.118875
0.129057
0.136781
0.189136
0.249649
0.298468
0.328577
0.342487
0.346436
-0.00379506
-0.00436348
-0.0048787
-0.00697324
-0.0104271
-0.0103546
-0.00418653
0.00958097
0.0312731
0.0600121
0.0893352
0.10217
0.0952104
0.0881532
0.134156
0.184363
0.21993
0.241054
0.250522
0.252619
0.0425644
0.0421624
0.0415173
0.0387366
0.0340459
0.0298709
0.0298404
0.0361557
0.049973
0.0707192
0.0937254
0.103325
0.092611
0.085499
0.126884
0.16618
0.189697
0.201251
0.205523
0.206193
0.0614546
0.0610751
0.0604336
0.0580904
0.0543102
0.0507177
0.0497005
0.0536116
0.0643673
0.0824051
0.10487
0.12123
0.124211
0.131264
0.161241
0.182721
0.195499
0.201654
0.203984
0.204504
0.0653412
0.0650659
0.0647296
0.063242
0.0607645
0.0587185
0.0588168
0.0630418
0.0739065
0.0926583
0.118995
0.146751
0.171275
0.196393
0.213593
0.219949
0.223362
0.226843
0.22928
0.229324
0.0589653
0.0588955
0.0590593
0.0586072
0.0575171
0.0570454
0.0587713
0.0645777
0.0772117
0.0989361
0.130783
0.167559
0.208016
0.246454
0.252292
0.251123
0.254049
0.258826
0.262772
0.262813
0.0421443
0.0423029
0.0429352
0.0434412
0.043815
0.0451518
0.0490459
0.0573874
0.0730677
0.0984727
0.135643
0.174506
0.216127
0.25243
0.258004
0.264669
0.275145
0.285242
0.293864
0.293276
0.0133763
0.013753
0.0148869
0.0161704
0.0178935
0.0212002
0.0275875
0.0390733
0.0587607
0.0883695
0.130203
0.167156
0.197376
0.21806
0.227885
0.242294
0.260908
0.276469
0.282878
0.282933
-0.0281617
-0.0275851
-0.026253
-0.024353
-0.0215501
-0.0167299
-0.00838591
0.00567171
0.0289124
0.0640315
0.111703
0.149611
0.169084
0.164166
0.180873
0.21524
0.242828
0.259142
0.264257
0.263937
-0.0845114
-0.0836436
-0.0820605
-0.0797916
-0.0764842
-0.071265
-0.0628249
-0.0488536
-0.0251897
0.0135858
0.0706214
0.124635
0.147434
0.132057
0.154325
0.198601
0.235173
0.253102
0.258191
0.258214
-0.156618
-0.155556
-0.154028
-0.152005
-0.149367
-0.145971
-0.141355
-0.133906
-0.119445
-0.088351
-0.0218785
0.0686159
0.120899
0.11978
0.150402
0.205806
0.248701
0.276022
0.27854
0.277826
-0.243281
-0.242228
-0.241333
-0.240601
-0.240643
-0.242814
-0.248705
-0.259513
-0.273795
-0.276328
-0.204993
-0.0561717
0.0452857
0.0723022
0.131712
0.218065
0.288119
0.322867
0.324667
0.323973
-0.33776
-0.337084
-0.337578
-0.33951
-0.344894
-0.35751
-0.382809
-0.428636
-0.50141
-0.574408
-0.505781
-0.272806
-0.0982623
-0.0195966
0.0882212
0.205531
0.309504
0.355258
0.352059
0.346057
-0.426007
-0.426114
-0.428625
-0.43439
-0.447419
-0.474622
-0.527255
-0.624671
-0.787567
-0.968693
-0.911033
-0.572084
-0.312819
-0.170188
-0.00700944
0.144556
0.240616
0.27093
0.270932
0.266859
-0.488065
-0.489172
-0.493766
-0.503501
-0.524428
-0.56657
-0.647734
-0.800891
-1.05863
-1.34388
-1.30945
-0.875343
-0.534664
-0.336465
-0.129229
0.0298394
0.103704
0.111735
0.114499
0.114333
-0.504118
-0.506175
-0.511704
-0.524206
-0.550554
-0.60095
-0.701125
-0.890306
-1.20662
-1.55857
-1.54755
-1.07525
-0.726905
-0.487199
-0.245684
-0.0917847
-0.0496849
-0.0462897
-0.0476284
-0.0495519
-0.463133
-0.465357
-0.471099
-0.483031
-0.50892
-0.560709
-0.660387
-0.849716
-1.16594
-1.49742
-1.51241
-1.10146
-0.80742
-0.617259
-0.417102
-0.264978
-0.233379
-0.231105
-0.233775
-0.237219
-0.371474
-0.373465
-0.377777
-0.387209
-0.407881
-0.4499
-0.531565
-0.68773
-0.943816
-1.18385
-1.18757
-0.925804
-0.793725
-0.76763
-0.746951
-0.603002
-0.522627
-0.485633
-0.470132
-0.464848
-0.250048
-0.25139
-0.253667
-0.259011
-0.27191
-0.298981
-0.352834
-0.457846
-0.634367
-0.781734
-0.759684
-0.646356
-0.644483
-0.866703
-1.15542
-0.990249
-0.794059
-0.688981
-0.639484
-0.617253
-0.125921
-0.126428
-0.127035
-0.128744
-0.134089
-0.146627
-0.17244
-0.225179
-0.323745
-0.413577
-0.407905
-0.358764
-0.381856
-0.572371
-0.862679
-0.795226
-0.644842
-0.554592
-0.510064
-0.489649
-0.0706549
-0.0705053
-0.0703976
-0.0715006
-0.0753335
-0.0844706
-0.104975
-0.149401
-0.217231
-0.244109
-0.231788
-0.227893
-0.278547
-0.436748
-0.544592
-0.457727
-0.378455
-0.338458
-0.319306
-0.100556
-0.299652
0.0709205
0.318317
0.52485
0.692152
0.826697
0.935643
1.02857
1.09516
1.09249
0.247506
0.416489
0.570606
0.703343
0.817052
0.912436
0.991261
1.05242
1.08992
1.10412
0.538258
0.643561
0.745162
0.836631
0.916403
0.984319
1.03998
1.08241
1.11249
1.1325
0.733239
0.804146
0.875948
0.94242
1.0002
1.04991
1.09136
1.12468
1.1512
1.16985
0.879829
0.928103
0.983789
1.03304
1.07711
1.11574
1.14905
1.17703
1.20014
1.21609
0.996697
1.03518
1.07833
1.11713
1.15315
1.18565
1.21434
1.23884
1.25915
1.27231
1.09714
1.13038
1.16662
1.20104
1.23326
1.26288
1.28922
1.31161
1.32978
1.34047
1.19023
1.22204
1.25704
1.29101
1.32258
1.35137
1.3767
1.39785
1.4143
1.42306
1.28626
1.32131
1.35852
1.39438
1.42665
1.45521
1.47965
1.49961
1.51456
1.52264
1.39994
1.44032
1.4797
1.51686
1.54889
1.57615
1.59888
1.61724
1.63103
1.64018
1.54427
1.58727
1.6248
1.65855
1.68669
1.71058
1.73129
1.74876
1.76268
1.77386
1.72217
1.75981
1.7881
1.81245
1.83353
1.85288
1.87118
1.88837
1.9043
1.91885
1.91994
1.94101
1.95605
1.97194
1.98825
2.00359
2.01734
2.03062
2.04615
2.06453
2.11084
2.11796
2.12848
2.14006
2.14999
2.15922
2.16951
2.18064
2.19227
2.20115
2.32379
2.32558
2.31768
2.30118
2.29005
2.28952
2.30169
2.3263
2.36044
2.38498
2.74347
2.54958
2.44852
2.39071
2.36161
2.35499
2.3702
2.41103
2.48689
2.62984
-0.179566
-0.184068
-0.145063
-0.0749025
0.0098457
0.10394
0.966212
1.03609
1.03673
0.961487
0.893768
0.82156
0.575694
0.334931
0.0425248
-0.347845
-0.761088
)
;

boundaryField
{
    wall-4
    {
        type            zeroGradient;
    }
    pressure-outlet-7
    {
        type            fixedValue;
        value           uniform 0;
    }
    velocity-inlet-6
    {
        type            zeroGradient;
    }
    velocity-inlet-5
    {
        type            zeroGradient;
    }
    frontAndBackPlanes
    {
        type            empty;
    }
}


// ************************************************************************* //
