/*--------------------------------*- C++ -*----------------------------------*\
  =========                 |
  \\      /  F ield         | OpenFOAM: The Open Source CFD Toolbox
   \\    /   O peration     | Website:  https://openfoam.org
    \\  /    A nd           | Version:  9
     \\/     M anipulation  |
\*---------------------------------------------------------------------------*/
FoamFile
{
    format      ascii;
    class       volScalarField;
    location    "54";
    object      p;
}
// * * * * * * * * * * * * * * * * * * * * * * * * * * * * * * * * * * * * * //

dimensions      [0 2 -2 0 0 0 0];

internalField   nonuniform List<scalar> 
8800
(
0.853138
0.805351
0.766661
0.737665
0.716801
0.70197
0.691374
0.683895
0.679076
0.677021
0.678293
0.682485
0.689132
0.698449
0.711229
0.728963
0.753741
0.787681
0.830231
0.888933
0.684389
0.692068
0.699543
0.70285
0.701346
0.696268
0.689781
0.683703
0.678981
0.67614
0.675863
0.678372
0.682863
0.688809
0.695578
0.701858
0.705499
0.704763
0.699342
0.690652
0.662796
0.668955
0.673082
0.676025
0.678073
0.678676
0.677569
0.675464
0.673449
0.672544
0.67351
0.675893
0.678693
0.680874
0.681481
0.680281
0.677939
0.674545
0.669987
0.666226
0.656993
0.659643
0.662393
0.664794
0.666427
0.667587
0.668327
0.668444
0.668149
0.668102
0.668857
0.670029
0.670869
0.670933
0.670322
0.66923
0.667413
0.664841
0.662438
0.660934
0.651621
0.653045
0.654823
0.656852
0.658633
0.659972
0.660958
0.661754
0.662369
0.662936
0.663589
0.664086
0.664184
0.663895
0.663196
0.661945
0.660248
0.658398
0.65709
0.656258
0.646557
0.647477
0.648716
0.650279
0.651907
0.653428
0.65471
0.655774
0.656738
0.657633
0.658324
0.658651
0.658607
0.658164
0.65728
0.656076
0.654746
0.653484
0.65266
0.652109
0.641665
0.642335
0.643294
0.644592
0.645996
0.647449
0.648883
0.650201
0.651398
0.652505
0.653327
0.653692
0.653604
0.653089
0.652278
0.651325
0.650308
0.649382
0.648795
0.64839
0.636901
0.637417
0.638197
0.639322
0.640593
0.64196
0.643399
0.644865
0.646289
0.647623
0.648627
0.649092
0.649059
0.648666
0.648055
0.647322
0.646542
0.645854
0.645419
0.645102
0.632192
0.632603
0.633255
0.634255
0.635453
0.636772
0.638208
0.639755
0.641369
0.642961
0.6442
0.644847
0.644999
0.644817
0.644422
0.643896
0.643316
0.642818
0.642493
0.642236
0.627456
0.62779
0.628353
0.629273
0.630421
0.631722
0.63319
0.634831
0.636625
0.638497
0.640043
0.640972
0.64139
0.641451
0.641279
0.640969
0.640578
0.640237
0.639996
0.63978
0.622603
0.622881
0.623382
0.624255
0.625383
0.626706
0.628244
0.630019
0.632034
0.634228
0.63616
0.637455
0.638192
0.63853
0.638599
0.638505
0.638302
0.638098
0.637924
0.637738
0.617549
0.617782
0.618244
0.6191
0.620248
0.621637
0.623286
0.625247
0.627546
0.630141
0.632548
0.634282
0.635391
0.636047
0.636384
0.636512
0.636493
0.636414
0.636296
0.636131
0.612204
0.612402
0.612844
0.613713
0.614922
0.616419
0.618235
0.620449
0.623111
0.626213
0.629195
0.631449
0.632993
0.634009
0.634645
0.635006
0.635188
0.635225
0.635153
0.635003
0.606469
0.606639
0.607078
0.607989
0.6093
0.610957
0.613006
0.615554
0.61868
0.62241
0.62609
0.628966
0.631019
0.632447
0.633422
0.634065
0.634441
0.634589
0.634556
0.634415
0.600231
0.600377
0.600828
0.60181
0.603271
0.605147
0.607505
0.610479
0.61419
0.618693
0.62322
0.626838
0.629497
0.631409
0.632768
0.633714
0.634312
0.634576
0.63458
0.634445
0.593356
0.593476
0.593955
0.59504
0.596701
0.598867
0.601621
0.605137
0.609576
0.615026
0.620579
0.625089
0.628465
0.630948
0.632759
0.634048
0.634896
0.63528
0.635318
0.635184
0.585672
0.585767
0.586289
0.587512
0.589431
0.591964
0.595226
0.599427
0.604771
0.611382
0.618175
0.623749
0.627972
0.631127
0.633479
0.635176
0.636296
0.636805
0.636875
0.636739
0.576948
0.577049
0.577624
0.579004
0.581253
0.584264
0.588174
0.593239
0.59971
0.607744
0.616029
0.622868
0.628088
0.632031
0.635023
0.63719
0.638622
0.639266
0.639367
0.639225
0.566892
0.566974
0.567638
0.569242
0.571922
0.575547
0.580278
0.586429
0.594305
0.604082
0.614158
0.622488
0.628887
0.633758
0.637486
0.640211
0.641995
0.642782
0.642912
0.64276
0.555136
0.5552
0.555963
0.55788
0.561115
0.565529
0.571311
0.57884
0.588463
0.600363
0.612582
0.622672
0.630449
0.636408
0.640991
0.644365
0.646538
0.647473
0.647627
0.647463
0.541141
0.541194
0.542099
0.544427
0.548393
0.553847
0.561001
0.570303
0.582124
0.596619
0.611377
0.623512
0.632864
0.640077
0.645653
0.649762
0.652357
0.65344
0.653613
0.653432
0.524148
0.524188
0.525309
0.52822
0.533191
0.540053
0.549037
0.560648
0.575242
0.592884
0.61062
0.625102
0.636243
0.644872
0.651561
0.656492
0.659528
0.660748
0.660929
0.660729
0.503033
0.503072
0.504533
0.508314
0.514729
0.523571
0.535066
0.549729
0.56782
0.589252
0.610421
0.627535
0.640675
0.650879
0.658778
0.664609
0.668077
0.669406
0.669578
0.669356
0.476067
0.476125
0.478167
0.483356
0.492005
0.50376
0.518788
0.537503
0.559962
0.585874
0.610937
0.630938
0.646239
0.658161
0.66736
0.674103
0.67795
0.679333
0.679477
0.679232
0.440237
0.440391
0.44363
0.451418
0.463844
0.480042
0.500112
0.524162
0.551991
0.583088
0.61242
0.635476
0.653026
0.666719
0.6773
0.684883
0.688986
0.69034
0.690429
0.690163
0.3898
0.390759
0.397199
0.410322
0.429314
0.45238
0.479397
0.510173
0.544311
0.581165
0.615034
0.641246
0.661083
0.676539
0.688464
0.696734
0.700906
0.702125
0.702138
0.701854
0.315885
0.323064
0.33797
0.361073
0.389865
0.422127
0.45764
0.496181
0.537358
0.580499
0.619258
0.648887
0.671229
0.688654
0.70201
0.710898
0.71507
0.716147
0.716107
0.715859
0.236314
0.253347
0.277521
0.311272
0.350249
0.391864
0.435969
0.482496
0.531136
0.581299
0.625939
0.65991
0.685452
0.705331
0.720501
0.729943
0.73386
0.734692
0.734672
0.734524
0.170023
0.19011
0.221962
0.26473
0.312709
0.363131
0.415556
0.469912
0.525879
0.582876
0.633142
0.671179
0.699718
0.721767
0.738159
0.74773
0.751425
0.752187
0.752217
0.752126
0.115727
0.137465
0.174813
0.223981
0.279069
0.336919
0.396724
0.458282
0.521142
0.584642
0.640245
0.682085
0.71331
0.737212
0.754712
0.764694
0.768622
0.769471
0.76952
0.769465
0.0704796
0.0934082
0.134541
0.188795
0.249605
0.313588
0.379722
0.44767
0.516831
0.586411
0.647055
0.692485
0.726263
0.752011
0.770688
0.781456
0.785686
0.786486
0.786585
0.786569
0.0320279
0.0556373
0.0996266
0.157927
0.223543
0.292744
0.364376
0.43801
0.512912
0.588135
0.65352
0.702349
0.73856
0.766101
0.785954
0.797492
0.802076
0.80297
0.803101
0.803111
-0.0016342
0.0224327
0.0686966
0.130318
0.199998
0.273735
0.350243
0.428998
0.509164
0.589647
0.659495
0.711534
0.750032
0.779227
0.800164
0.81237
0.817349
0.81844
0.818616
0.818637
-0.0319832
-0.00751029
0.0406138
0.105072
0.178255
0.255963
0.336835
0.420256
0.5053
0.590741
0.664831
0.719894
0.760506
0.791134
0.813049
0.82587
0.831189
0.832505
0.83269
0.832704
-0.0599665
-0.0351205
0.0145977
0.0814894
0.157757
0.238979
0.323775
0.411471
0.501076
0.59123
0.669396
0.727348
0.769926
0.80188
0.824586
0.837852
0.84343
0.844899
0.845106
0.845117
-0.0863735
-0.0611085
-0.00989049
0.0590789
0.138089
0.222446
0.310788
0.402413
0.496293
0.590961
0.673106
0.733891
0.778341
0.811488
0.834791
0.848394
0.854146
0.855718
0.855924
0.85591
-0.111566
-0.0858663
-0.0334655
0.0375267
0.118958
0.206127
0.297678
0.39292
0.490816
0.589844
0.675932
0.739559
0.785866
0.820122
0.844006
0.857748
0.863578
0.865203
0.865376
0.865331
-0.13595
-0.109685
-0.0562383
0.0165772
0.100168
0.189858
0.284321
0.382891
0.484558
0.587801
0.677848
0.744398
0.792607
0.827981
0.852341
0.866153
0.871978
0.873576
0.873736
0.873666
-0.159652
-0.132967
-0.0783394
-0.00392304
0.081601
0.173551
0.270647
0.37227
0.477462
0.584783
0.678839
0.748451
0.798694
0.835238
0.859994
0.873768
0.879511
0.881038
0.881164
0.881071
-0.182796
-0.155575
-0.0999139
-0.0240518
0.0632066
0.157174
0.256632
0.361032
0.469503
0.580751
0.678862
0.751741
0.804232
0.842029
0.867104
0.880742
0.886311
0.887726
0.887785
0.887657
-0.205504
-0.177695
-0.121032
-0.0438371
0.0449597
0.140725
0.242295
0.349199
0.460685
0.575674
0.677864
0.754255
0.809308
0.848498
0.87382
0.887184
0.892432
0.893656
0.893642
0.893489
-0.227785
-0.199305
-0.141705
-0.063281
0.0268934
0.124236
0.22768
0.336815
0.451035
0.569528
0.675782
0.75595
0.813957
0.854782
0.880324
0.89321
0.897944
0.8989
0.898813
0.898647
-0.249482
-0.220369
-0.161871
-0.0823546
0.00903972
0.107772
0.212847
0.323952
0.440612
0.562334
0.672548
0.756744
0.818142
0.86101
0.886906
0.899083
0.90297
0.903514
0.903347
0.90319
-0.270573
-0.240858
-0.181516
-0.101009
-0.00854324
0.0913917
0.197887
0.310688
0.429492
0.55412
0.668113
0.75651
0.821755
0.867243
0.89395
0.90531
0.907835
0.907587
0.907277
0.907158
-0.291124
-0.260735
-0.200612
-0.119213
-0.0257932
0.0751776
0.182885
0.297126
0.417768
0.544946
0.662435
0.755096
0.82459
0.873372
0.90178
0.912757
0.913458
0.911542
0.910739
0.910881
-0.310963
-0.279978
-0.219103
-0.136901
-0.0426519
0.0592122
0.167936
0.283376
0.405554
0.534909
0.655507
0.752334
0.826357
0.879033
0.910333
0.922389
0.921863
0.917454
0.914636
0.914098
-0.330183
-0.298576
-0.237006
-0.154104
-0.059152
0.0434527
0.152985
0.269382
0.392784
0.523938
0.647196
0.747944
0.826735
0.883686
0.918905
0.934406
0.935378
0.929359
0.920929
0.906644
-0.348711
-0.316515
-0.254438
-0.171019
-0.0755773
0.0275696
0.137622
0.254667
0.378928
0.511401
0.63686
0.741139
0.825132
0.886554
0.925678
0.94639
0.949675
0.937552
0.918067
0.905923
-0.366369
-0.333928
-0.271204
-0.187438
-0.0915858
0.0119057
0.12207
0.239554
0.364289
0.497561
0.624572
0.731458
0.820766
0.88651
0.926338
0.946855
0.953162
0.93043
0.86255
0.831982
-0.382489
-0.352053
-0.286971
-0.202841
-0.106408
-0.00303788
0.106641
0.224271
0.349085
0.482539
0.610273
0.718599
0.812276
0.882918
0.916015
0.930785
0.921564
0.867992
0.798883
0.75633
-0.438415
-0.368036
-0.30132
-0.218328
-0.121639
-0.0187112
0.0912695
0.208538
0.33295
0.465888
0.593368
0.701947
0.795885
0.873114
0.879016
0.882825
0.834607
0.765076
0.688642
0.646085
-0.399606
-0.383494
-0.322733
-0.239016
-0.144067
-0.0412328
0.0677258
0.184321
0.307693
0.439119
0.564489
0.671075
0.75689
0.838094
0.826133
0.714242
0.609849
0.537196
0.464059
0.495081
-0.430776
-0.401263
-0.339536
-0.256604
-0.161659
-0.058995
0.0502199
0.166163
0.288444
0.418027
0.54056
0.642777
0.7198
0.762406
0.714722
0.567027
0.439883
0.348979
0.250456
0.301002
-0.454787
-0.422324
-0.359316
-0.27619
-0.181152
-0.078589
0.0305432
0.145649
0.266522
0.393689
0.512491
0.608534
0.67633
0.685157
0.579467
0.407353
0.255202
0.136845
0.00601506
0.0391077
-0.478303
-0.444275
-0.380059
-0.296013
-0.200854
-0.0984264
0.0101924
0.124337
0.243615
0.368004
0.482172
0.57062
0.622979
0.600828
0.443056
0.247399
0.0575254
-0.110025
-0.298322
-0.316261
-0.501219
-0.466724
-0.401595
-0.316765
-0.221424
-0.119198
-0.0112141
0.101854
0.219292
0.340528
0.449371
0.530162
0.563596
0.505375
0.313437
0.10349
-0.113407
-0.302427
-0.544293
-0.842495
-0.524429
-0.489918
-0.424225
-0.338885
-0.24333
-0.141249
-0.0338253
0.0781393
0.19364
0.311488
0.414715
0.487295
0.500181
0.390942
0.200761
-0.00865967
-0.212638
-0.384764
-0.453873
-0.53325
-0.548887
-0.514306
-0.448297
-0.362701
-0.267069
-0.165224
-0.0584478
0.0522485
0.16551
0.279468
0.37672
0.438432
0.426627
0.283749
0.100716
-0.0898234
-0.25232
-0.345028
-0.369105
-0.385045
-0.574906
-0.540198
-0.473983
-0.388296
-0.292772
-0.19133
-0.085437
0.0236973
0.134318
0.243762
0.334561
0.382424
0.353097
0.184339
0.0100931
-0.155462
-0.28173
-0.320736
-0.333633
-0.334948
-0.602688
-0.56777
-0.501346
-0.415664
-0.320386
-0.219571
-0.11481
-0.00756186
0.0999994
0.204379
0.28783
0.321577
0.272903
0.0925506
-0.0726722
-0.220973
-0.297146
-0.314259
-0.31551
-0.31529
-0.632294
-0.597079
-0.530407
-0.444797
-0.349923
-0.249932
-0.146567
-0.0415417
0.0625663
0.161393
0.236616
0.258641
0.174192
0.00867221
-0.148209
-0.2706
-0.307493
-0.305692
-0.304597
-0.303952
-0.663435
-0.627947
-0.561057
-0.475604
-0.381291
-0.282355
-0.180675
-0.0782152
0.0220544
0.114901
0.181753
0.187082
0.083941
-0.0694543
-0.20799
-0.283331
-0.294013
-0.296956
-0.297759
-0.297422
-0.695545
-0.659909
-0.593036
-0.507852
-0.414298
-0.316679
-0.216978
-0.117449
-0.0213673
0.0652547
0.123653
0.114263
0.00256466
-0.136187
-0.251511
-0.28313
-0.291579
-0.293414
-0.293368
-0.293106
-0.728153
-0.692416
-0.625881
-0.541137
-0.448593
-0.352576
-0.255198
-0.15896
-0.0674377
0.0131369
0.061309
0.0456087
-0.0724326
-0.191982
-0.282794
-0.297396
-0.290865
-0.290019
-0.28999
-0.289842
-0.760367
-0.724742
-0.658706
-0.574849
-0.483622
-0.389567
-0.294882
-0.20228
-0.115694
-0.040904
-0.00226317
-0.0170493
-0.137283
-0.240464
-0.288469
-0.29827
-0.293257
-0.289569
-0.288097
-0.28765
-0.790557
-0.755682
-0.690544
-0.608051
-0.518607
-0.426942
-0.335372
-0.24675
-0.165351
-0.0963397
-0.0603258
-0.0862058
-0.186409
-0.285712
-0.295321
-0.301753
-0.296005
-0.289026
-0.286148
-0.284976
-0.817152
-0.783352
-0.720246
-0.63955
-0.552491
-0.463744
-0.375791
-0.291536
-0.215352
-0.152405
-0.116004
-0.15123
-0.219184
-0.297538
-0.344219
-0.31838
-0.299237
-0.291852
-0.289238
-0.287903
-0.837984
-0.805965
-0.745665
-0.667902
-0.583951
-0.4988
-0.415025
-0.335593
-0.264718
-0.208066
-0.173766
-0.204839
-0.226823
-0.250448
-0.307847
-0.306488
-0.316279
-0.321781
-0.321388
-0.319496
-0.850807
-0.821536
-0.764958
-0.691174
-0.611429
-0.530721
-0.451806
-0.377653
-0.312457
-0.262337
-0.229563
-0.266539
-0.239101
-0.140021
-0.191958
-0.305187
-0.373063
-0.393567
-0.393714
-0.394146
-0.852923
-0.827761
-0.77609
-0.707503
-0.633156
-0.557972
-0.484645
-0.416299
-0.357313
-0.31439
-0.28041
-0.357335
-0.417461
-0.332251
-0.364524
-0.430092
-0.458527
-0.459459
-0.457035
-0.458132
-0.842165
-0.821888
-0.776823
-0.715207
-0.647548
-0.578911
-0.51193
-0.449823
-0.397523
-0.362016
-0.336193
-0.47349
-0.721823
-1.0064
-0.925609
-0.701403
-0.57298
-0.523395
-0.507663
-0.503923
-0.816468
-0.801162
-0.765337
-0.712974
-0.653465
-0.592291
-0.532147
-0.476182
-0.430221
-0.401523
-0.395094
-0.516796
-0.770685
-1.14768
-1.07937
-0.695361
-0.487642
-0.419627
-0.400982
-0.394162
-0.778156
-0.768262
-0.742246
-0.700869
-0.650743
-0.597643
-0.544114
-0.493711
-0.451603
-0.426614
-0.409941
-0.354906
-0.173594
-0.0504942
-0.0628324
-0.0903703
-0.143663
-0.166529
-0.16875
-0.166371
-0.733657
-0.728079
-0.712231
-0.681514
-0.641195
-0.595559
-0.547969
-0.501137
-0.459992
-0.431553
-0.408893
-0.211236
0.159713
0.660014
0.720955
0.417478
0.128398
-0.016807
-0.0688303
-0.0792868
-0.692411
-0.689091
-0.681291
-0.660243
-0.627786
-0.588223
-0.544898
-0.499719
-0.456372
-0.424107
-0.413425
-0.344942
-0.34792
-0.474925
-0.825403
-1.18307
-1.27226
-1.12622
-0.911971
-0.846381
-0.661301
-0.659175
-0.655233
-0.641746
-0.61517
-0.579126
-0.537401
-0.490867
-0.442377
-0.400488
-0.37739
-0.472254
-0.919723
-1.66277
-2.22895
-2.38042
-2.22458
-1.90944
-1.64578
-1.53986
-0.63678
-0.635929
-0.634676
-0.627726
-0.606218
-0.571706
-0.528255
-0.477735
-0.421924
-0.356548
-0.302561
-0.297674
-0.508608
-0.705067
-0.824594
-0.744634
-0.462328
-0.179244
0.0106275
0.0854589
-0.621824
-0.621477
-0.621009
-0.618023
-0.601463
-0.566552
-0.519193
-0.463236
-0.395292
-0.31364
-0.22172
-0.0931015
0.0436587
0.260458
0.546006
0.901832
1.2551
1.48708
1.60021
1.6346
-0.611206
-0.611027
-0.610615
-0.610151
-0.59871
-0.563748
-0.512684
-0.449739
-0.373385
-0.277999
-0.152663
-0.0170265
0.215477
0.632183
1.15288
1.63256
1.99064
2.19287
2.2743
2.29128
-0.603093
-0.603294
-0.603677
-0.604032
-0.595523
-0.562684
-0.509516
-0.441077
-0.355968
-0.24686
-0.120421
0.0126511
0.231264
0.677577
1.16803
1.60999
1.91996
2.08276
2.144
2.15664
-0.595672
-0.595573
-0.5946
-0.59289
-0.587286
-0.562587
-0.512352
-0.439682
-0.347145
-0.236597
-0.114696
0.0113306
0.167754
0.537045
0.934272
1.27674
1.51257
1.63418
1.67836
1.68762
-0.603042
-0.599754
-0.587788
-0.573146
-0.572698
-0.571006
-0.525733
-0.445809
-0.346875
-0.234575
-0.12069
-0.00715849
0.109783
0.373581
0.661485
0.896082
1.06095
1.14352
1.17406
1.18035
-0.655272
-0.650082
-0.640355
-0.635504
-0.638343
-0.627704
-0.557746
-0.458074
-0.348643
-0.235553
-0.131145
-0.0350992
0.0566066
0.232231
0.424781
0.577067
0.680981
0.732752
0.752487
0.757608
-0.755906
-0.763504
-0.788644
-0.805656
-0.797806
-0.736191
-0.604472
-0.46839
-0.345675
-0.234891
-0.145792
-0.0712611
-0.002825
0.124439
0.250643
0.34309
0.403864
0.43361
0.446748
0.450311
-0.821533
-0.841854
-0.874978
-0.893997
-0.876075
-0.780184
-0.610221
-0.455674
-0.331414
-0.229932
-0.15823
-0.104868
-0.0599402
0.0283093
0.11839
0.184243
0.22477
0.245053
0.254517
0.257035
-0.713259
-0.733776
-0.764002
-0.784101
-0.763677
-0.666231
-0.526803
-0.399171
-0.29393
-0.211648
-0.159987
-0.129558
-0.102751
-0.0291618
0.0370713
0.0846202
0.116439
0.133466
0.140804
0.142207
-0.435358
-0.448766
-0.470828
-0.489736
-0.484921
-0.437271
-0.368773
-0.298051
-0.234253
-0.180017
-0.148415
-0.142559
-0.139469
-0.0662407
-0.00475043
0.0357296
0.0614755
0.0742505
0.079261
0.0798031
-0.139438
-0.145563
-0.159207
-0.179791
-0.198239
-0.207267
-0.203393
-0.187549
-0.16378
-0.136773
-0.120647
-0.123316
-0.118891
-0.0636702
-0.0184466
0.0112858
0.0299094
0.0397195
0.0435798
0.0439319
0.0525021
0.0497529
0.0398686
0.0180471
-0.0158497
-0.0516009
-0.0792826
-0.0951232
-0.0978247
-0.0895069
-0.0787937
-0.0723525
-0.0547736
-0.0196823
0.00578458
0.0205462
0.0290076
0.0339257
0.0360532
0.035995
0.133439
0.131633
0.123716
0.104052
0.0711668
0.0323232
-0.00353643
-0.0301936
-0.0444976
-0.0444218
-0.032267
-0.0124742
0.0166409
0.0330095
0.0389471
0.0432899
0.0464819
0.0496159
0.0511189
0.0506157
0.149842
0.148526
0.142654
0.127764
0.10223
0.0705566
0.0384617
0.0115205
-0.00563026
-0.00832944
0.00709671
0.0365611
0.0679246
0.0753846
0.0700226
0.0666049
0.0673024
0.0696896
0.0701244
0.069176
0.138537
0.137652
0.133675
0.123448
0.105532
0.0822504
0.0569498
0.0342134
0.0185086
0.0154763
0.0315728
0.0617204
0.0898922
0.0904489
0.0844533
0.0836778
0.0859268
0.0884721
0.088495
0.0867746
0.117947
0.117412
0.114858
0.108138
0.0960386
0.0796737
0.0609486
0.0431389
0.0300613
0.0269275
0.0402081
0.0643226
0.0849646
0.0797194
0.0722483
0.0738106
0.0789927
0.0826435
0.08267
0.0810168
0.0955851
0.0952899
0.0936909
0.0893479
0.0813018
0.0699745
0.0563481
0.0425548
0.0313016
0.0267499
0.0340578
0.0491903
0.0585824
0.0484287
0.0467729
0.0498675
0.0541911
0.0558969
0.0550039
0.0535753
0.074345
0.0741631
0.0731737
0.0703556
0.0649642
0.0570335
0.0469908
0.0359751
0.0255582
0.018157
0.01759
0.0211252
0.0210236
0.0107707
0.00835529
0.0120727
0.0154703
0.0151863
0.0144061
0.0135328
0.0553933
0.0552695
0.0545873
0.0527241
0.0490513
0.0433686
0.0356908
0.0263396
0.0157538
0.00425901
-0.00650703
-0.0171885
-0.0290984
-0.0405334
-0.0368248
-0.0302927
-0.0267483
-0.0265633
-0.027159
-0.0276729
0.0390804
0.0389979
0.0385229
0.0372562
0.0347202
0.0305218
0.0243929
0.0160075
0.00477735
-0.0111476
-0.0326739
-0.0576982
-0.0773869
-0.0824736
-0.0750607
-0.0673254
-0.0640762
-0.0636268
-0.0638184
-0.0641092
0.0256262
0.0255472
0.0252039
0.024353
0.0226214
0.0195584
0.0146004
0.00698987
-0.00473037
-0.0240243
-0.0546979
-0.0929327
-0.118925
-0.116316
-0.103487
-0.0941256
-0.0912064
-0.0911548
-0.0909547
-0.0909697
0.0151579
0.0150714
0.0148251
0.0143145
0.0131898
0.011011
0.0071531
0.000770297
-0.0105634
-0.0309634
-0.0662185
-0.112726
-0.139522
-0.129903
-0.113155
-0.104795
-0.103282
-0.103734
-0.103221
-0.102915
0.00765613
0.00757053
0.00740026
0.00713081
0.00651733
0.005137
0.00241524
-0.00257533
-0.0115317
-0.0293852
-0.0623174
-0.106846
-0.127811
-0.111811
-0.0976832
-0.093426
-0.0940095
-0.0950836
-0.0944285
-0.0939291
0.00286709
0.00279417
0.00269453
0.00261188
0.0024196
0.00179479
0.000300653
-0.00270726
-0.00835491
-0.0197434
-0.0417255
-0.0730231
-0.0827616
-0.068433
-0.0592795
-0.0597612
-0.0622356
-0.0639063
-0.0634338
-0.0629815
0.000331399
0.000305261
0.0002541
0.000255785
0.000392568
0.000472266
0.000330335
-5.62188e-05
-0.000806327
-0.00232744
-0.00569601
-0.0126429
-0.0193261
-0.0162667
-0.0173172
-0.017035
-0.017364
-0.0164018
-0.0149207
-0.014221
-0.0687468
0.0984586
0.293717
0.464182
0.600518
0.708042
0.797042
0.872795
0.907279
0.884003
0.234857
0.355799
0.48596
0.598502
0.693419
0.772012
0.835661
0.880848
0.903472
0.915549
0.454311
0.537304
0.626281
0.704892
0.772528
0.829124
0.874138
0.907027
0.930792
0.948772
0.615502
0.674887
0.736705
0.793926
0.843707
0.88599
0.92072
0.948425
0.971239
0.989537
0.741207
0.784417
0.830467
0.874361
0.913137
0.947012
0.976006
1.00014
1.02053
1.03837
0.845689
0.878621
0.916794
0.952393
0.985071
1.01436
1.03996
1.06148
1.07934
1.09669
0.938336
0.967062
1.00107
1.03324
1.06322
1.09042
1.11419
1.13393
1.14944
1.16652
1.02698
1.05621
1.09024
1.1223
1.15193
1.17853
1.20141
1.21991
1.23329
1.25032
1.12233
1.15555
1.19221
1.2258
1.25586
1.28205
1.30402
1.3213
1.33317
1.35057
1.23735
1.27518
1.31383
1.34809
1.37744
1.40219
1.42257
1.43847
1.44994
1.468
1.3823
1.42085
1.45699
1.48769
1.51337
1.53547
1.55453
1.57006
1.58249
1.60048
1.55739
1.58901
1.61519
1.63764
1.65762
1.67634
1.69406
1.71054
1.72589
1.74396
1.746
1.76321
1.77824
1.79447
1.81038
1.82492
1.83812
1.85205
1.86959
1.88975
1.92772
1.93726
1.9488
1.95961
1.9689
1.97848
1.98927
2.00063
2.012
2.02735
2.13496
2.13862
2.12368
2.10887
2.10259
2.10827
2.12675
2.15706
2.18924
2.21589
2.44128
2.30642
2.22978
2.1874
2.16998
2.17394
2.20134
2.25775
2.36037
2.58474
0.743738
0.741609
0.737126
0.7285
0.716275
0.704144
0.693913
0.686015
0.680394
0.677136
0.676776
0.679509
0.684609
0.691827
0.701212
0.712749
0.725398
0.736431
0.742543
0.745596
0.668193
0.67404
0.680372
0.684863
0.687332
0.687005
0.684266
0.680453
0.676939
0.674675
0.674522
0.676714
0.680371
0.684655
0.688458
0.690339
0.6894
0.685916
0.680753
0.674132
0.65977
0.662066
0.665469
0.668463
0.670536
0.67203
0.672782
0.672462
0.671433
0.670545
0.670713
0.672133
0.673941
0.675241
0.675416
0.674522
0.672969
0.670631
0.667366
0.664445
0.654263
0.655349
0.657181
0.659556
0.661577
0.663002
0.664018
0.664766
0.665162
0.665379
0.665862
0.666659
0.667248
0.667307
0.666888
0.666034
0.664561
0.662473
0.660385
0.659001
0.649064
0.649727
0.650833
0.652536
0.654314
0.655941
0.657232
0.658242
0.659118
0.659901
0.66062
0.66116
0.661342
0.661165
0.66059
0.659528
0.658094
0.656546
0.655225
0.654445
0.644094
0.644555
0.645339
0.646634
0.648117
0.649628
0.651087
0.652378
0.653506
0.654551
0.655453
0.656006
0.656136
0.655848
0.65514
0.654141
0.653008
0.65187
0.650952
0.650434
0.639273
0.639618
0.640227
0.641291
0.64258
0.643947
0.645378
0.646814
0.648176
0.649443
0.650537
0.651208
0.651365
0.651073
0.650459
0.64967
0.64881
0.647936
0.64726
0.646881
0.634547
0.634815
0.635307
0.636211
0.637374
0.638662
0.640046
0.641523
0.64305
0.644553
0.645879
0.646721
0.646998
0.646855
0.646443
0.645868
0.645206
0.644558
0.644062
0.643773
0.629836
0.630049
0.630457
0.63125
0.632332
0.63357
0.634943
0.636463
0.638116
0.63985
0.641453
0.642548
0.643053
0.643143
0.642954
0.642593
0.642133
0.641674
0.641316
0.641089
0.625053
0.625224
0.625574
0.626293
0.627327
0.628542
0.62994
0.631539
0.633344
0.635323
0.637258
0.638695
0.639511
0.639877
0.639931
0.639791
0.639537
0.639246
0.639003
0.638822
0.62011
0.620249
0.620557
0.621231
0.622247
0.623484
0.624945
0.626666
0.628672
0.630952
0.633291
0.635157
0.636347
0.637033
0.637361
0.637456
0.637404
0.637274
0.637128
0.636982
0.614923
0.615035
0.615314
0.615969
0.617001
0.618305
0.619873
0.621768
0.624044
0.626704
0.629544
0.631925
0.633554
0.634608
0.635247
0.635594
0.635749
0.635782
0.635719
0.635602
0.609395
0.609484
0.609748
0.610407
0.611492
0.612904
0.614634
0.616772
0.619395
0.622541
0.625997
0.628995
0.631142
0.632622
0.633606
0.63425
0.634633
0.634816
0.634828
0.634731
0.603424
0.603492
0.603749
0.604435
0.605611
0.60718
0.609135
0.611594
0.61466
0.618414
0.622623
0.626365
0.629128
0.631106
0.632488
0.633459
0.634093
0.634439
0.63452
0.634441
0.596884
0.596933
0.597191
0.597926
0.599233
0.601014
0.603267
0.606137
0.609767
0.614273
0.6194
0.624039
0.627535
0.630103
0.631949
0.633283
0.634207
0.634728
0.634879
0.634814
0.589625
0.589655
0.589918
0.590727
0.59221
0.594267
0.596902
0.600296
0.604632
0.610063
0.616308
0.622028
0.626397
0.629661
0.632058
0.633822
0.635077
0.635785
0.636003
0.635951
0.581462
0.581479
0.581743
0.58265
0.584361
0.586761
0.58989
0.593951
0.599172
0.60575
0.613355
0.620364
0.625769
0.629849
0.632894
0.63518
0.636805
0.637717
0.638006
0.637962
0.572084
0.572071
0.572397
0.573441
0.575439
0.578291
0.58205
0.586952
0.593281
0.601275
0.61053
0.619079
0.625706
0.630749
0.634555
0.637449
0.639502
0.640642
0.641003
0.640965
0.561219
0.56118
0.56155
0.562787
0.565154
0.56859
0.573153
0.579124
0.586844
0.596586
0.607837
0.618215
0.626276
0.63245
0.637151
0.640747
0.643295
0.644682
0.645115
0.64508
0.548389
0.548324
0.54877
0.550257
0.553107
0.557306
0.562909
0.570252
0.579728
0.591627
0.605282
0.617825
0.627558
0.635043
0.640795
0.645196
0.648303
0.649952
0.650454
0.650417
0.53296
0.532865
0.533435
0.535271
0.538769
0.543988
0.550973
0.560114
0.57184
0.586415
0.602948
0.618007
0.629656
0.638632
0.645585
0.650901
0.654622
0.656541
0.657101
0.657057
0.514003
0.513881
0.514648
0.516995
0.521405
0.528041
0.536914
0.548451
0.563073
0.580957
0.600901
0.618845
0.632659
0.643315
0.651595
0.657939
0.662316
0.664493
0.665095
0.665037
0.490127
0.489988
0.491084
0.494223
0.500005
0.508713
0.520264
0.535062
0.553423
0.575352
0.599277
0.620471
0.636674
0.649168
0.658892
0.666357
0.671387
0.673783
0.674397
0.674315
0.459032
0.458912
0.460615
0.465126
0.473193
0.48512
0.500595
0.519868
0.543022
0.569829
0.598302
0.623055
0.641805
0.656255
0.667519
0.676145
0.681751
0.68428
0.684864
0.684751
0.416606
0.416645
0.419682
0.42705
0.439347
0.456536
0.477822
0.503131
0.53226
0.564762
0.598259
0.626783
0.648168
0.664625
0.677453
0.687193
0.693208
0.695723
0.696222
0.696074
0.355154
0.356334
0.363765
0.377506
0.397522
0.423069
0.452526
0.485506
0.521694
0.560547
0.599376
0.631762
0.65578
0.674201
0.68851
0.699169
0.705382
0.707654
0.707981
0.707803
0.282142
0.283866
0.298099
0.321716
0.352573
0.387997
0.426397
0.467592
0.511392
0.557298
0.602347
0.639543
0.667029
0.688013
0.704188
0.715946
0.72231
0.724453
0.72475
0.724665
0.206729
0.212839
0.233876
0.267651
0.308845
0.353863
0.401167
0.450624
0.502116
0.555191
0.606675
0.648885
0.679974
0.703714
0.722004
0.734653
0.740785
0.742548
0.742777
0.742745
0.145047
0.153447
0.179043
0.219796
0.269066
0.322267
0.3776
0.4348
0.493652
0.553645
0.61129
0.658221
0.692637
0.718793
0.738661
0.751923
0.758058
0.759664
0.759993
0.760038
0.0948586
0.103853
0.132987
0.178958
0.234348
0.29415
0.356281
0.420318
0.485878
0.552333
0.615806
0.667198
0.704699
0.733063
0.754435
0.768498
0.774822
0.776862
0.777278
0.777365
0.0527914
0.0620728
0.0936607
0.143625
0.204035
0.269313
0.337201
0.407209
0.478801
0.551213
0.620149
0.675755
0.716195
0.746706
0.769593
0.784647
0.791576
0.793932
0.794397
0.794464
0.0165035
0.0259057
0.0593469
0.112513
0.177066
0.247015
0.319923
0.395224
0.472271
0.55017
0.624217
0.683796
0.727017
0.75956
0.783924
0.799911
0.807536
0.810106
0.810659
0.810742
-0.0156585
-0.00620763
0.0286615
0.084531
0.15256
0.226534
0.303879
0.383934
0.46597
0.548969
0.627834
0.691169
0.737004
0.771389
0.797054
0.813896
0.822179
0.824996
0.825579
0.825656
-0.0449573
-0.035453
0.000586581
0.0587916
0.129806
0.207298
0.288583
0.372948
0.459586
0.547379
0.630833
0.697751
0.746024
0.782106
0.80889
0.826437
0.835241
0.838263
0.838873
0.838933
-0.0722491
-0.0626849
-0.0255949
0.0345948
0.108274
0.188878
0.273685
0.361969
0.452874
0.5452
0.633072
0.703463
0.754071
0.791719
0.819455
0.837558
0.846667
0.849853
0.850502
0.850541
-0.0980893
-0.0884521
-0.0503787
0.0115057
0.087579
0.170951
0.258929
0.350786
0.445652
0.542283
0.634459
0.70829
0.761203
0.80032
0.828939
0.847425
0.856679
0.859978
0.860658
0.860667
-0.122974
-0.113155
-0.0742289
-0.0107287
0.0674548
0.153298
0.244138
0.339254
0.437805
0.538534
0.634935
0.712243
0.767498
0.808077
0.837487
0.856274
0.865586
0.868871
0.869527
0.869524
-0.147126
-0.137075
-0.0973831
-0.0323221
0.0477306
0.135782
0.2292
0.327292
0.429256
0.533885
0.634459
0.715332
0.773034
0.815141
0.845321
0.864304
0.873582
0.876803
0.877411
0.877363
-0.170649
-0.160383
-0.119857
-0.0534252
0.0283067
0.11834
0.214067
0.314855
0.419966
0.528284
0.632987
0.717561
0.777888
0.821659
0.852595
0.871656
0.880817
0.883923
0.884461
0.884393
-0.193688
-0.18311
-0.141824
-0.0740996
0.00914074
0.100938
0.198726
0.301944
0.409933
0.521719
0.630473
0.718899
0.782114
0.827756
0.859451
0.878479
0.887417
0.890322
0.890754
0.890646
-0.216207
-0.205343
-0.163304
-0.0943771
-0.00977037
0.0835931
0.183212
0.288595
0.399185
0.514184
0.626871
0.719289
0.785733
0.833538
0.866045
0.884902
0.89342
0.896012
0.896306
0.896163
-0.238258
-0.227077
-0.184236
-0.114236
-0.0284043
0.0663384
0.16757
0.274869
0.387776
0.505701
0.622141
0.718657
0.788706
0.839068
0.872576
0.891149
0.898972
0.901062
0.901188
0.901015
-0.25966
-0.248235
-0.204616
-0.133632
-0.0467116
0.0492474
0.151866
0.260838
0.375778
0.496329
0.616264
0.71692
0.79093
0.84435
0.879283
0.897613
0.904364
0.905594
0.905446
0.905266
-0.280554
-0.268774
-0.224424
-0.152545
-0.064658
0.0323608
0.136193
0.246585
0.363283
0.486146
0.609249
0.713974
0.792242
0.849266
0.886334
0.904864
0.910264
0.909963
0.909153
0.90895
-0.300771
-0.288669
-0.243627
-0.170925
-0.0821636
0.0157637
0.120634
0.23223
0.350399
0.475221
0.601138
0.709722
0.792432
0.853554
0.893638
0.91349
0.917995
0.91544
0.91285
0.91182
-0.320372
-0.30796
-0.262173
-0.188719
-0.0991905
-0.000473911
0.105272
0.217853
0.337239
0.46369
0.592006
0.704071
0.791263
0.85681
0.900652
0.923477
0.929082
0.92522
0.918675
0.91006
-0.339273
-0.326606
-0.280153
-0.20608
-0.115946
-0.0166253
0.0897751
0.203059
0.323358
0.451052
0.58132
0.696453
0.788214
0.858618
0.906625
0.933965
0.943722
0.940466
0.930436
0.924713
-0.357425
-0.344528
-0.297555
-0.222978
-0.132433
-0.0326866
0.0741585
0.187828
0.308711
0.437194
0.56889
0.68649
0.782514
0.858194
0.909514
0.940435
0.952677
0.95386
0.916248
0.864256
-0.374532
-0.360944
-0.314243
-0.239335
-0.14875
-0.0488083
0.0583717
0.172276
0.293355
0.422172
0.554648
0.673949
0.773083
0.854974
0.907113
0.933343
0.945758
0.928299
0.871786
0.809417
-0.390921
-0.376408
-0.330077
-0.254443
-0.164443
-0.0645263
0.042189
0.156457
0.277435
0.406157
0.538618
0.658603
0.758723
0.849643
0.896934
0.937045
0.902633
0.854845
0.783906
0.716896
-0.376854
-0.358598
-0.308329
-0.228287
-0.132392
-0.0294285
0.0825586
0.199612
0.323718
0.45624
0.583312
0.691691
0.784073
0.87979
0.916541
0.835648
0.783911
0.717447
0.643967
0.595821
-0.4012
-0.384892
-0.348638
-0.278223
-0.188596
-0.0896644
0.0173344
0.131037
0.251357
0.378994
0.509877
0.628467
0.726475
0.809498
0.88316
0.872805
0.748749
0.662876
0.598507
0.51582
-0.421256
-0.405559
-0.363673
-0.29193
-0.20182
-0.103271
0.00261117
0.115407
0.234785
0.361046
0.490325
0.606876
0.701637
0.773152
0.799066
0.720339
0.579163
0.482353
0.406448
0.318749
-0.441783
-0.429139
-0.382741
-0.309787
-0.219604
-0.120664
-0.0148077
0.0976962
0.216195
0.340975
0.467488
0.579472
0.665108
0.722294
0.698799
0.566621
0.414208
0.296431
0.198226
0.0625776
-0.465502
-0.452441
-0.403881
-0.3297
-0.239304
-0.140268
-0.0345265
0.0774203
0.194839
0.317751
0.440883
0.547359
0.624291
0.659971
0.600753
0.417907
0.237005
0.0846521
-0.0552789
-0.251009
-0.488246
-0.475494
-0.425725
-0.350268
-0.259394
-0.160398
-0.05504
0.056077
0.172159
0.292811
0.412099
0.512333
0.581625
0.582832
0.473931
0.276914
0.064978
-0.134046
-0.308077
-0.698065
-0.511083
-0.498664
-0.448358
-0.371964
-0.280694
-0.181663
-0.0766994
0.0335648
0.148184
0.266318
0.381371
0.474381
0.532267
0.501335
0.350697
0.15143
-0.0645894
-0.274851
-0.452783
-0.726671
-0.534872
-0.522588
-0.47203
-0.395047
-0.303506
-0.204433
-0.0998226
0.00960813
0.122701
0.238129
0.348653
0.434165
0.477195
0.429609
0.240485
0.0482643
-0.147902
-0.313661
-0.385161
-0.423799
-0.560107
-0.547946
-0.497128
-0.419821
-0.328212
-0.229275
-0.125174
-0.0168076
0.0944308
0.206665
0.311995
0.38947
0.416162
0.334051
0.142437
-0.0377428
-0.200923
-0.306368
-0.343985
-0.353136
-0.58699
-0.574846
-0.523823
-0.446306
-0.354757
-0.256142
-0.152772
-0.0457348
0.0632803
0.171824
0.271244
0.340434
0.340776
0.229379
0.053003
-0.113516
-0.251792
-0.306773
-0.318768
-0.323633
-0.615728
-0.603499
-0.552197
-0.474519
-0.38314
-0.285036
-0.182621
-0.077214
0.0292156
0.13363
0.226465
0.286509
0.262311
0.131514
-0.0300604
-0.186621
-0.285057
-0.313674
-0.309734
-0.309722
-0.646019
-0.633993
-0.582212
-0.504419
-0.41332
-0.315909
-0.214705
-0.11123
-0.00774888
0.0921018
0.177924
0.226688
0.193563
0.0415721
-0.105418
-0.242334
-0.282717
-0.295329
-0.300277
-0.300416
-0.677712
-0.665669
-0.61365
-0.535836
-0.445161
-0.348654
-0.248929
-0.147705
-0.0475551
0.0474141
0.125822
0.163905
0.12447
-0.0355868
-0.171702
-0.265795
-0.310575
-0.298191
-0.295606
-0.29538
-0.710271
-0.69821
-0.646198
-0.568436
-0.478367
-0.383015
-0.285058
-0.186428
-0.0899969
-0.000114499
0.0705852
0.100418
0.0402014
-0.103215
-0.225112
-0.272859
-0.289478
-0.291265
-0.291838
-0.291754
-0.742933
-0.730951
-0.678969
-0.601659
-0.512469
-0.41857
-0.322731
-0.227045
-0.134702
-0.0501533
0.0136108
0.0289531
-0.0388939
-0.163125
-0.259277
-0.281892
-0.286858
-0.289672
-0.289274
-0.289087
-0.774465
-0.762923
-0.711123
-0.634742
-0.546758
-0.454694
-0.361366
-0.269007
-0.181049
-0.102232
-0.043438
-0.0417304
-0.105837
-0.215629
-0.292407
-0.33404
-0.306344
-0.292684
-0.287899
-0.286619
-0.803366
-0.792326
-0.74156
-0.666348
-0.580266
-0.49052
-0.400181
-0.31157
-0.228233
-0.155358
-0.100466
-0.101985
-0.164219
-0.247457
-0.326729
-0.308113
-0.301163
-0.292763
-0.287979
-0.286222
-0.827923
-0.817592
-0.768324
-0.695267
-0.61173
-0.524906
-0.438146
-0.353775
-0.275325
-0.208252
-0.15835
-0.156871
-0.210096
-0.248111
-0.312306
-0.314627
-0.308783
-0.302002
-0.299599
-0.298361
-0.845751
-0.836355
-0.789429
-0.719537
-0.639579
-0.556554
-0.474011
-0.394442
-0.321268
-0.259917
-0.215348
-0.210888
-0.245955
-0.199417
-0.161505
-0.261463
-0.321296
-0.351369
-0.356897
-0.354751
-0.854783
-0.84621
-0.802757
-0.737194
-0.661971
-0.583849
-0.506395
-0.432151
-0.364811
-0.309408
-0.270492
-0.27129
-0.318148
-0.229015
-0.175746
-0.295293
-0.386809
-0.420825
-0.425313
-0.424714
-0.850592
-0.843586
-0.806591
-0.746286
-0.677125
-0.605135
-0.533685
-0.465423
-0.404335
-0.355566
-0.326823
-0.344013
-0.492174
-0.625035
-0.61084
-0.573693
-0.539692
-0.510363
-0.495132
-0.490409
-0.831861
-0.827086
-0.797956
-0.745413
-0.683618
-0.61896
-0.554357
-0.492536
-0.437714
-0.39639
-0.380529
-0.423388
-0.631374
-1.06692
-1.2938
-0.944551
-0.658134
-0.529745
-0.493873
-0.481481
-0.799004
-0.795562
-0.775638
-0.733529
-0.680915
-0.624546
-0.567257
-0.511881
-0.462386
-0.426829
-0.41556
-0.431644
-0.476901
-0.565374
-0.659529
-0.524338
-0.380482
-0.321069
-0.298115
-0.28912
-0.756415
-0.754248
-0.742759
-0.712617
-0.669938
-0.622225
-0.572141
-0.522169
-0.476633
-0.441857
-0.426039
-0.36123
-0.100306
0.316952
0.605072
0.473117
0.191392
-0.00394103
-0.0648317
-0.0765823
-0.712334
-0.711072
-0.705274
-0.686972
-0.654274
-0.613712
-0.56995
-0.524011
-0.479361
-0.442313
-0.421986
-0.353311
-0.130772
0.138708
0.314058
0.0398279
-0.193899
-0.259017
-0.252624
-0.230653
-0.67552
-0.674849
-0.672002
-0.661082
-0.637103
-0.603009
-0.56307
-0.518932
-0.473256
-0.43036
-0.403622
-0.408361
-0.527295
-0.982126
-1.60997
-2.0849
-2.22029
-2.04424
-1.77057
-1.61245
-0.648154
-0.64735
-0.645791
-0.641273
-0.623876
-0.593753
-0.554618
-0.50944
-0.459049
-0.404921
-0.361455
-0.316456
-0.586248
-1.01894
-1.47731
-1.66212
-1.54953
-1.25391
-0.973054
-0.795837
-0.628596
-0.628264
-0.6276
-0.625734
-0.615262
-0.587595
-0.547169
-0.498032
-0.440082
-0.374625
-0.293636
-0.219305
-0.17649
-0.173448
-0.090459
0.0379454
0.33145
0.643029
0.837287
0.925358
-0.616148
-0.616028
-0.615682
-0.614986
-0.60987
-0.584712
-0.541687
-0.48702
-0.422333
-0.342705
-0.241794
-0.128265
0.0400276
0.302336
0.702876
1.17353
1.59035
1.88099
2.03342
2.08894
-0.607012
-0.607038
-0.606965
-0.607156
-0.604769
-0.583392
-0.538669
-0.479351
-0.406408
-0.314985
-0.200558
-0.0655519
0.107535
0.447511
0.961115
1.46082
1.87313
2.13243
2.2534
2.28902
-0.598842
-0.599197
-0.599591
-0.599946
-0.59816
-0.581412
-0.538671
-0.476639
-0.396773
-0.298383
-0.180608
-0.0484674
0.0807093
0.388308
0.845146
1.27315
1.61734
1.81986
1.91119
1.93677
-0.595191
-0.595178
-0.59196
-0.585156
-0.579327
-0.575691
-0.545113
-0.482182
-0.396572
-0.292516
-0.176616
-0.0549924
0.0566209
0.277118
0.632337
0.946979
1.19484
1.34283
1.40736
1.42615
-0.623035
-0.620743
-0.610805
-0.593243
-0.585739
-0.593243
-0.570966
-0.497958
-0.401016
-0.291771
-0.181235
-0.0725862
0.0275941
0.176427
0.422286
0.638179
0.801852
0.898546
0.940665
0.953851
-0.702963
-0.699682
-0.701491
-0.712159
-0.71571
-0.707384
-0.637402
-0.523577
-0.404981
-0.291295
-0.185666
-0.0946709
-0.0142571
0.0946982
0.256309
0.394466
0.494149
0.553485
0.578603
0.588042
-0.804735
-0.808335
-0.835659
-0.866019
-0.870076
-0.829167
-0.69668
-0.538577
-0.399666
-0.285245
-0.190872
-0.119097
-0.0613267
0.0153135
0.129977
0.222207
0.28311
0.317123
0.333288
0.339908
-0.79237
-0.801788
-0.830436
-0.859994
-0.862983
-0.808561
-0.662286
-0.503898
-0.370518
-0.266006
-0.188356
-0.138163
-0.101782
-0.0465966
0.0345752
0.101571
0.147513
0.174397
0.187469
0.19235
-0.584532
-0.594846
-0.618854
-0.645307
-0.651721
-0.605877
-0.505987
-0.401319
-0.306859
-0.229495
-0.173988
-0.145459
-0.132513
-0.0857432
-0.0162166
0.0370842
0.071198
0.0921035
0.101449
0.104639
-0.276676
-0.282754
-0.296079
-0.315504
-0.330962
-0.327006
-0.30127
-0.262762
-0.220494
-0.17838
-0.145551
-0.134666
-0.142221
-0.102143
-0.0424304
0.00381289
0.0337155
0.0511789
0.0591707
0.0612669
-0.0263039
-0.0290645
-0.0361312
-0.0523854
-0.078368
-0.106585
-0.128242
-0.138245
-0.135182
-0.121938
-0.106106
-0.100106
-0.102255
-0.0643833
-0.023959
0.00249461
0.0190685
0.0287572
0.0332351
0.034595
0.105035
0.103406
0.0987968
0.0842974
0.0558307
0.016946
-0.0206067
-0.0496523
-0.06617
-0.0693852
-0.0616197
-0.0489522
-0.0345177
-0.00782372
0.0156717
0.0279642
0.0348867
0.0396575
0.0431242
0.0437375
0.147533
0.146473
0.142977
0.131358
0.107594
0.0738481
0.037841
0.00581471
-0.0167767
-0.0261729
-0.0200291
0.0011536
0.0284493
0.0510096
0.0555413
0.0551115
0.0554911
0.0574751
0.0587326
0.0589552
0.146466
0.145825
0.143357
0.135117
0.117997
0.0929057
0.0642356
0.0366359
0.0151103
0.00438946
0.0108699
0.035519
0.0693255
0.0900902
0.0828756
0.0780206
0.0781625
0.0802945
0.0819134
0.0808958
0.128907
0.128581
0.126969
0.121515
0.109935
0.0924264
0.0713036
0.0496846
0.0317925
0.0221645
0.0280433
0.0510621
0.0806327
0.0945367
0.0841637
0.0802131
0.0822838
0.0875329
0.0890974
0.0876714
0.106779
0.106657
0.105652
0.102155
0.0945364
0.0826184
0.0675719
0.0513602
0.037038
0.0283092
0.0315329
0.0479676
0.0709482
0.0722958
0.0625606
0.0622604
0.0662812
0.0707847
0.0718558
0.070594
0.0846734
0.084676
0.0841048
0.0818644
0.0768648
0.0687717
0.0580902
0.045867
0.0340533
0.0250851
0.023847
0.0319313
0.0411174
0.0380461
0.0272159
0.0303915
0.0341515
0.0362296
0.035485
0.0344886
0.0645077
0.0645481
0.064132
0.062683
0.0593693
0.0537935
0.0460361
0.0365049
0.0261244
0.0159028
0.00841972
0.00485453
0.00100995
-0.010247
-0.0155394
-0.0119845
-0.00706282
-0.00528352
-0.00589128
-0.00672013
0.0468224
0.0468817
0.0465902
0.0456018
0.0433717
0.0394384
0.0336108
0.0257674
0.0159323
0.00372511
-0.0111829
-0.0281308
-0.0454407
-0.0600695
-0.0599515
-0.0531964
-0.047595
-0.0461188
-0.0464125
-0.0465783
0.0319324
0.0319814
0.0317608
0.0310964
0.0295752
0.0267804
0.0222713
0.0155895
0.00599582
-0.00814473
-0.0300375
-0.0602182
-0.0901685
-0.102414
-0.0964783
-0.0862289
-0.0804479
-0.0789269
-0.0790484
-0.0788676
0.0199712
0.0199969
0.019815
0.0193589
0.0183822
0.016439
0.0130283
0.00744947
-0.00165284
-0.0167308
-0.0431963
-0.08393
-0.124351
-0.132432
-0.118618
-0.105965
-0.100533
-0.0995875
-0.099586
-0.0990872
0.0110262
0.0110292
0.0108735
0.0105979
0.0100411
0.00880913
0.00637691
0.0018917
-0.0057471
-0.0197717
-0.0465099
-0.0896366
-0.132634
-0.133332
-0.115379
-0.104143
-0.101039
-0.101927
-0.102102
-0.101342
0.00492898
0.0049106
0.00478294
0.00464756
0.00443524
0.00382128
0.00233194
-0.000641579
-0.00612876
-0.0164714
-0.0376279
-0.0734703
-0.10701
-0.100941
-0.0858372
-0.0781014
-0.0788058
-0.0812078
-0.0814859
-0.080817
0.000324473
0.000279018
0.000241698
0.000313681
0.000452501
0.000433484
0.000165121
-0.000365995
-0.00143322
-0.00373824
-0.00875344
-0.0171098
-0.0193371
-0.0171251
-0.0165125
-0.0175766
-0.0173344
-0.0155428
-0.0145131
-0.040594
-1.10556
-0.425831
0.024425
0.28406
0.471066
0.614515
0.72602
0.81665
0.913575
1.00532
-0.0544872
0.140843
0.31904
0.469202
0.594815
0.697295
0.780825
0.849246
0.891736
0.895689
0.279323
0.39505
0.50839
0.609272
0.696071
0.769271
0.829246
0.874835
0.904193
0.921844
0.490388
0.569087
0.64715
0.718568
0.780863
0.834066
0.877863
0.912234
0.938386
0.957472
0.645048
0.698478
0.757438
0.810665
0.857237
0.897791
0.932222
0.9608
0.984196
1.0012
0.767362
0.808197
0.853969
0.894126
0.931379
0.96463
0.993755
1.01866
1.03948
1.05373
0.87005
0.904477
0.941495
0.975704
1.0079
1.03747
1.06377
1.08634
1.10498
1.11672
0.963209
0.994212
1.02813
1.06069
1.09139
1.1197
1.14478
1.16603
1.18296
1.19249
1.05413
1.08663
1.1219
1.15586
1.18713
1.21538
1.23991
1.2602
1.27564
1.28385
1.15601
1.19349
1.23174
1.26796
1.29998
1.32782
1.35123
1.37021
1.38434
1.39282
1.28288
1.32523
1.36439
1.40023
1.43061
1.45627
1.4778
1.4954
1.5089
1.51907
1.44437
1.48581
1.5195
1.54903
1.57355
1.59505
1.61463
1.63204
1.64678
1.65947
1.63476
1.66555
1.68677
1.70589
1.72394
1.74116
1.75736
1.77318
1.78968
1.80661
1.83259
1.84398
1.85502
1.86911
1.88338
1.89622
1.90758
1.91843
1.93132
1.9482
2.01838
2.02829
2.03693
2.03937
2.04023
2.04449
2.05528
2.07122
2.08883
2.09343
2.31942
2.26401
2.21318
2.17293
2.15054
2.14649
2.15999
2.19378
2.25022
2.32578
0.885951
0.827257
0.784776
0.750916
0.726257
0.708701
0.696188
0.687255
0.681136
0.677646
0.677247
0.680097
0.685528
0.69346
0.704378
0.719428
0.740436
0.76953
0.808292
0.856118
0.687504
0.696262
0.701793
0.702613
0.699127
0.693077
0.686637
0.681157
0.677309
0.675645
0.676806
0.680389
0.685662
0.692132
0.698895
0.704163
0.705788
0.702552
0.69521
0.687542
0.664541
0.666571
0.671174
0.674683
0.67719
0.678613
0.678318
0.676572
0.67437
0.672787
0.672787
0.674599
0.677309
0.679925
0.681402
0.681061
0.679204
0.676403
0.672353
0.667971
0.657635
0.658501
0.660983
0.663694
0.665699
0.667054
0.66803
0.668469
0.668313
0.668043
0.668376
0.669444
0.670526
0.670998
0.670688
0.669838
0.668426
0.666187
0.663549
0.661582
0.65199
0.652452
0.653846
0.655863
0.657797
0.659365
0.660498
0.661381
0.662085
0.662643
0.663254
0.663877
0.664186
0.664082
0.663603
0.662636
0.661127
0.659299
0.657652
0.656636
0.646816
0.647102
0.648018
0.649483
0.651101
0.652695
0.654107
0.655264
0.656267
0.657198
0.658011
0.658535
0.658673
0.658437
0.657769
0.656702
0.65541
0.654091
0.653003
0.652379
0.64186
0.642061
0.642747
0.643914
0.645289
0.646722
0.648179
0.649564
0.650814
0.651968
0.652961
0.653566
0.653702
0.653391
0.652707
0.651809
0.650823
0.649823
0.649036
0.648597
0.637051
0.637204
0.637748
0.638725
0.639944
0.641269
0.642675
0.644137
0.645589
0.646974
0.648177
0.648926
0.649128
0.648895
0.648378
0.647697
0.646938
0.646179
0.645598
0.645269
0.632311
0.632431
0.632877
0.633719
0.634837
0.636101
0.637477
0.638972
0.640561
0.642179
0.643638
0.644594
0.644972
0.644939
0.644638
0.644169
0.643607
0.643051
0.642629
0.642374
0.62755
0.627647
0.628023
0.628774
0.629828
0.631053
0.632437
0.633992
0.635714
0.637566
0.639327
0.640581
0.641233
0.641455
0.641386
0.641134
0.640775
0.640397
0.6401
0.639899
0.622678
0.622758
0.623084
0.623777
0.624798
0.626021
0.627448
0.629103
0.631
0.63312
0.635246
0.636888
0.637882
0.638401
0.638591
0.638564
0.638409
0.638197
0.638003
0.637842
0.617608
0.617674
0.617966
0.618626
0.619645
0.620915
0.622427
0.624227
0.626358
0.628815
0.631392
0.633503
0.634903
0.635765
0.636248
0.636465
0.636514
0.636459
0.636355
0.636225
0.612249
0.612304
0.612574
0.613226
0.61428
0.615638
0.617283
0.61929
0.621727
0.624615
0.627747
0.630422
0.632298
0.633556
0.634367
0.634853
0.635119
0.635222
0.635197
0.635091
0.606501
0.606548
0.606806
0.607473
0.608598
0.610089
0.611927
0.614214
0.617044
0.620477
0.62429
0.627643
0.630083
0.631799
0.632982
0.633784
0.634284
0.63454
0.634586
0.6345
0.600251
0.60029
0.600545
0.601249
0.602484
0.604159
0.606258
0.608909
0.612239
0.616349
0.620994
0.625163
0.628276
0.630533
0.632147
0.633293
0.634056
0.634482
0.634599
0.634528
0.593361
0.593391
0.593651
0.594416
0.595801
0.597722
0.600161
0.603276
0.607237
0.61218
0.617838
0.622992
0.626905
0.629804
0.631927
0.633464
0.63453
0.63514
0.635326
0.635269
0.58567
0.585685
0.585957
0.586803
0.588388
0.59062
0.593493
0.597199
0.60195
0.607923
0.614814
0.62115
0.626014
0.629666
0.632392
0.634402
0.635812
0.636618
0.636874
0.636827
0.576924
0.576951
0.577253
0.578194
0.580032
0.582662
0.586094
0.590549
0.59629
0.603537
0.611926
0.619673
0.625663
0.630198
0.633631
0.636199
0.638005
0.639029
0.639357
0.639318
0.566851
0.566866
0.567211
0.568297
0.570462
0.573615
0.577758
0.583159
0.590141
0.598963
0.609169
0.618592
0.625909
0.631489
0.63575
0.638962
0.641231
0.642494
0.642895
0.642861
0.555074
0.555083
0.555465
0.556748
0.559346
0.563175
0.568229
0.574838
0.58338
0.594139
0.606535
0.617954
0.626824
0.633627
0.63886
0.642818
0.645613
0.647134
0.647606
0.647573
0.541054
0.541059
0.541503
0.543049
0.546217
0.550937
0.557188
0.565363
0.575891
0.589056
0.604086
0.617839
0.628502
0.636702
0.643069
0.647879
0.651262
0.653051
0.65359
0.653552
0.524028
0.524028
0.524569
0.526498
0.530456
0.536393
0.544251
0.554495
0.567572
0.583712
0.60188
0.618337
0.631043
0.640829
0.648468
0.654236
0.658259
0.660317
0.660908
0.66086
0.502867
0.502863
0.503568
0.506082
0.511196
0.518864
0.528957
0.541989
0.55836
0.578167
0.600028
0.619552
0.63454
0.646095
0.655114
0.66196
0.666645
0.668945
0.669566
0.669499
0.475837
0.475832
0.47682
0.480309
0.487253
0.497524
0.51084
0.527691
0.5483
0.572555
0.598686
0.621628
0.639096
0.652562
0.66309
0.671063
0.676385
0.678867
0.67948
0.679385
0.4399
0.43991
0.441518
0.446906
0.457109
0.471497
0.489597
0.511673
0.537665
0.567225
0.598156
0.624771
0.644834
0.660289
0.672382
0.681504
0.687349
0.689902
0.690456
0.690323
0.389288
0.389525
0.393195
0.402957
0.419218
0.440382
0.465436
0.494378
0.526909
0.562513
0.59865
0.629108
0.651827
0.669289
0.682935
0.693103
0.699284
0.701756
0.702193
0.70202
0.316411
0.318705
0.329473
0.348633
0.375006
0.405634
0.439552
0.476622
0.516557
0.558828
0.60059
0.635185
0.660801
0.680476
0.695868
0.707051
0.713491
0.715842
0.716178
0.715997
0.238733
0.245013
0.264161
0.293411
0.330449
0.370817
0.413693
0.459032
0.506685
0.556184
0.604473
0.644213
0.67354
0.696001
0.713565
0.72597
0.732452
0.734473
0.734716
0.734613
0.172141
0.178793
0.204511
0.242328
0.288434
0.337757
0.389202
0.442618
0.497847
0.55442
0.609018
0.653619
0.686414
0.711454
0.73075
0.743778
0.750136
0.751987
0.752233
0.752201
0.117722
0.12464
0.154354
0.198308
0.251178
0.307845
0.366709
0.427437
0.489725
0.553006
0.613605
0.662795
0.698776
0.726067
0.74683
0.760602
0.767212
0.769272
0.769523
0.769515
0.0724695
0.0797048
0.111898
0.160536
0.218789
0.281434
0.346537
0.413649
0.482297
0.551788
0.618035
0.671562
0.710553
0.740024
0.762266
0.777008
0.784221
0.786257
0.786564
0.786595
0.0339898
0.0413996
0.0753477
0.127526
0.190262
0.257956
0.32842
0.401143
0.475523
0.550729
0.622257
0.679878
0.721727
0.753285
0.77705
0.792722
0.800486
0.802706
0.803068
0.803114
0.00029195
0.00781519
0.0430415
0.0981536
0.164613
0.236639
0.311821
0.389556
0.469144
0.549633
0.626118
0.687599
0.73215
0.765644
0.790735
0.807339
0.815559
0.818114
0.818583
0.818627
-0.0300896
-0.0224543
0.0138153
0.0714352
0.141054
0.216837
0.296198
0.378455
0.462835
0.548261
0.629444
0.694588
0.741659
0.776912
0.803212
0.82055
0.829244
0.832108
0.832658
0.832693
-0.0580897
-0.0503561
-0.0131562
0.0465727
0.118959
0.198047
0.281134
0.3675
0.456309
0.546397
0.632075
0.700738
0.750186
0.787074
0.814371
0.832343
0.841367
0.844445
0.845071
0.84511
-0.0844558
-0.0765965
-0.0385105
0.0229486
0.0978796
0.179902
0.266328
0.356438
0.449357
0.54386
0.633895
0.706005
0.757764
0.796155
0.824363
0.842773
0.852003
0.855239
0.855887
0.855916
-0.109641
-0.101617
-0.0626547
0.000317142
0.0774923
0.162129
0.25157
0.345093
0.441831
0.540534
0.63483
0.71039
0.764467
0.804314
0.833346
0.852046
0.861415
0.864704
0.865362
0.865354
-0.133993
-0.125786
-0.0861206
-0.021576
0.0575787
0.144553
0.236712
0.333349
0.433637
0.536341
0.634834
0.713911
0.770371
0.811704
0.841508
0.860437
0.869819
0.873085
0.873727
0.873706
-0.157672
-0.149216
-0.108895
-0.0429139
0.0380094
0.127077
0.221676
0.32115
0.424719
0.531218
0.633863
0.71657
0.775557
0.818476
0.849044
0.868097
0.877382
0.880577
0.881163
0.88113
-0.180767
-0.172184
-0.131048
-0.0638018
0.0187162
0.109651
0.206435
0.308472
0.415058
0.525134
0.631876
0.718356
0.78009
0.824769
0.856087
0.875159
0.884261
0.887313
0.887816
0.887726
-0.203373
-0.1946
-0.152728
-0.0842796
-0.000327885
0.0922739
0.191002
0.295337
0.404655
0.518078
0.62882
0.719225
0.784012
0.830696
0.862788
0.881759
0.890532
0.893321
0.893697
0.893569
-0.225518
-0.21655
-0.173915
-0.104355
-0.0191115
0.0749684
0.175411
0.281786
0.393565
0.510068
0.624657
0.719114
0.787316
0.836348
0.869321
0.888053
0.896279
0.898664
0.898891
0.89873
-0.247134
-0.237962
-0.194553
-0.12399
-0.0375915
0.0577788
0.159732
0.267892
0.381853
0.501132
0.619354
0.717943
0.789932
0.841758
0.87591
0.894345
0.901693
0.903427
0.903443
0.903264
-0.268156
-0.258777
-0.214634
-0.143154
-0.0557236
0.0407778
0.144032
0.253739
0.369593
0.491342
0.612902
0.715612
0.791725
0.84688
0.882778
0.90112
0.907216
0.907793
0.9074
0.90721
-0.288589
-0.278992
-0.234135
-0.161807
-0.0734625
0.0240366
0.128401
0.239424
0.356886
0.480771
0.605335
0.712025
0.792504
0.851526
0.889991
0.908999
0.913827
0.912457
0.91098
0.910736
-0.30836
-0.298551
-0.253013
-0.179905
-0.0907408
0.0076087
0.112922
0.225037
0.343845
0.469524
0.596694
0.707083
0.792046
0.855356
0.897251
0.918376
0.923105
0.919632
0.915739
0.914076
-0.327495
-0.317482
-0.271252
-0.197448
-0.107583
-0.00852047
0.0975747
0.210551
0.330442
0.457569
0.586913
0.70057
0.790049
0.85796
0.903881
0.928804
0.936155
0.932732
0.92506
0.909277
-0.34602
-0.335787
-0.288956
-0.214613
-0.124229
-0.0246571
0.0819799
0.195504
0.316132
0.444275
0.57533
0.691786
0.785777
0.858756
0.908626
0.937965
0.949783
0.945264
0.937241
0.892786
-0.364207
-0.353081
-0.306037
-0.231265
-0.140584
-0.0407047
0.0663111
0.180112
0.301137
0.429842
0.562009
0.680567
0.778381
0.85697
0.909168
0.938649
0.950686
0.949198
0.897858
0.837647
-0.383083
-0.368274
-0.322263
-0.24725
-0.156878
-0.0568808
0.0503068
0.164376
0.28544
0.414255
0.546823
0.666621
0.766587
0.852488
0.902749
0.918587
0.929701
0.898545
0.83347
0.768985
-0.401748
-0.403397
-0.34315
-0.260085
-0.169987
-0.0703047
0.0345693
0.148954
0.269774
0.398284
0.530396
0.650208
0.750085
0.847126
0.863057
0.879655
0.861401
0.800685
0.727094
0.656997
-0.377221
-0.376023
-0.317405
-0.234821
-0.139622
-0.036717
0.0728979
0.189783
0.313563
0.445605
0.572009
0.679796
0.769691
0.863619
0.877526
0.780289
0.697948
0.631755
0.559375
0.417153
-0.418383
-0.391901
-0.330517
-0.247133
-0.152216
-0.0494541
0.0595878
0.175881
0.298766
0.429358
0.553401
0.658077
0.738946
0.800465
0.771297
0.643872
0.525669
0.444599
0.361143
0.199679
-0.442982
-0.411709
-0.349275
-0.266395
-0.171384
-0.068794
0.0404563
0.155996
0.277599
0.406012
0.526804
0.62603
0.69897
0.72531
0.648649
0.487656
0.35038
0.248427
0.134119
-0.098371
-0.467007
-0.433368
-0.369647
-0.286056
-0.190959
-0.0884518
0.0204676
0.135106
0.255201
0.381018
0.497599
0.589942
0.650641
0.643306
0.510852
0.326205
0.156936
0.01649
-0.142161
-0.52255
-0.490096
-0.455558
-0.390744
-0.306233
-0.210988
-0.108652
-0.000353492
0.113265
0.231654
0.354507
0.466076
0.550599
0.593701
0.557142
0.377049
0.172268
-0.0389782
-0.215962
-0.46148
-1.00798
-0.512986
-0.478366
-0.412813
-0.327663
-0.232205
-0.130062
-0.0223728
0.0901356
0.206611
0.326158
0.432185
0.508974
0.533014
0.447896
0.254666
0.0429141
-0.17188
-0.370683
-0.536269
-1.12672
-0.536832
-0.502116
-0.436127
-0.350584
-0.254955
-0.152971
-0.0458558
0.0655143
0.179942
0.295921
0.396194
0.463509
0.463882
0.335984
0.149459
-0.0523104
-0.237351
-0.364286
-0.396865
-0.443838
-0.562062
-0.527261
-0.461007
-0.375297
-0.279679
-0.178016
-0.071647
0.0383082
0.150293
0.262065
0.356148
0.41102
0.389635
0.233115
0.054443
-0.122645
-0.265425
-0.326011
-0.348711
-0.354469
-0.589034
-0.554
-0.487547
-0.401786
-0.306347
-0.205189
-0.0998294
0.00839685
0.117542
0.224512
0.311736
0.352025
0.316069
0.137363
-0.0321358
-0.1876
-0.295529
-0.321928
-0.323016
-0.323384
-0.617839
-0.582471
-0.515792
-0.430038
-0.334923
-0.234496
-0.130401
-0.0242223
0.081659
0.183317
0.262657
0.290813
0.22405
0.0496906
-0.11119
-0.248344
-0.29452
-0.308756
-0.309819
-0.309358
-0.648373
-0.612609
-0.545698
-0.460037
-0.365391
-0.265903
-0.163344
-0.0595548
0.0426722
0.138546
0.209423
0.224024
0.127077
-0.0316276
-0.178278
-0.286095
-0.299536
-0.299441
-0.300512
-0.300112
-0.680163
-0.644206
-0.577081
-0.491607
-0.397613
-0.299305
-0.198578
-0.0975391
0.000683601
0.090404
0.152931
0.15029
0.042459
-0.103578
-0.231548
-0.268412
-0.290873
-0.295006
-0.295495
-0.295232
-0.712853
-0.676571
-0.609577
-0.524441
-0.431323
-0.334468
-0.235889
-0.13796
-0.0441023
0.0394352
0.0927688
0.0790398
-0.0364888
-0.164255
-0.266844
-0.307175
-0.295021
-0.292183
-0.291812
-0.291669
-0.745488
-0.709221
-0.642626
-0.558035
-0.466069
-0.370988
-0.274912
-0.180452
-0.0913508
-0.0136723
0.0288365
0.0144902
-0.10707
-0.213856
-0.286849
-0.284535
-0.288744
-0.289334
-0.289163
-0.289026
-0.777028
-0.741294
-0.675054
-0.591641
-0.501191
-0.408279
-0.315095
-0.224439
-0.140442
-0.068523
-0.0325573
-0.0509155
-0.164168
-0.26366
-0.285212
-0.302974
-0.295644
-0.289606
-0.287059
-0.286252
-0.805893
-0.771132
-0.706036
-0.624181
-0.53577
-0.445506
-0.35568
-0.269187
-0.190413
-0.124412
-0.0883261
-0.119935
-0.204934
-0.295244
-0.318855
-0.307153
-0.296741
-0.289853
-0.286897
-0.285525
-0.830335
-0.79707
-0.733803
-0.654349
-0.568629
-0.481598
-0.395665
-0.313755
-0.240206
-0.18048
-0.144942
-0.179347
-0.225186
-0.282849
-0.349722
-0.319983
-0.303912
-0.300573
-0.298933
-0.297428
-0.848032
-0.816953
-0.756346
-0.680404
-0.598323
-0.515271
-0.433836
-0.356993
-0.288875
-0.235492
-0.202866
-0.232635
-0.21993
-0.196566
-0.224606
-0.294752
-0.340688
-0.356277
-0.355605
-0.354467
-0.856609
-0.828262
-0.77176
-0.700408
-0.623139
-0.545074
-0.46886
-0.397537
-0.33537
-0.288817
-0.255623
-0.307729
-0.294472
-0.154769
-0.226864
-0.34743
-0.410434
-0.42489
-0.424982
-0.425497
-0.853129
-0.829074
-0.778116
-0.712493
-0.641375
-0.569361
-0.499121
-0.433878
-0.378198
-0.338734
-0.307607
-0.413466
-0.568139
-0.619514
-0.592495
-0.556986
-0.523075
-0.500816
-0.491873
-0.490521
-0.834046
-0.816122
-0.773605
-0.715258
-0.651594
-0.586642
-0.523057
-0.464049
-0.415128
-0.383357
-0.374128
-0.515441
-0.813635
-1.25246
-1.14858
-0.778431
-0.575396
-0.50561
-0.485547
-0.479431
-0.800876
-0.788489
-0.756621
-0.708064
-0.653051
-0.596014
-0.539238
-0.486175
-0.442499
-0.417844
-0.410717
-0.463155
-0.501135
-0.637255
-0.615836
-0.439022
-0.343197
-0.307429
-0.292478
-0.286576
-0.758025
-0.750312
-0.729949
-0.692257
-0.646458
-0.597458
-0.547038
-0.498723
-0.457392
-0.430768
-0.409518
-0.252189
0.0839741
0.511063
0.582985
0.343879
0.0710044
-0.0450789
-0.0741619
-0.0759773
-0.713558
-0.709249
-0.697973
-0.672015
-0.63468
-0.592364
-0.547177
-0.501347
-0.459691
-0.428999
-0.411279
-0.251533
-0.00895356
0.285154
0.199274
-0.104101
-0.237238
-0.264106
-0.238077
-0.242535
-0.676246
-0.674011
-0.668001
-0.650609
-0.62112
-0.583575
-0.541481
-0.496233
-0.450433
-0.416057
-0.402711
-0.447679
-0.705381
-1.2981
-1.88176
-2.19756
-2.1663
-1.88888
-1.68012
-1.58631
-0.647803
-0.646693
-0.644477
-0.634364
-0.610134
-0.575065
-0.532884
-0.484543
-0.433076
-0.379871
-0.345408
-0.408888
-0.786104
-1.26121
-1.61529
-1.64156
-1.41245
-1.10116
-0.870973
-0.758074
-0.628496
-0.62793
-0.627182
-0.62233
-0.603375
-0.568729
-0.523589
-0.470612
-0.408618
-0.332819
-0.260481
-0.186723
-0.186033
-0.140627
-0.0370478
0.163973
0.498532
0.755017
0.893437
0.942891
-0.616116
-0.615872
-0.615434
-0.61403
-0.599995
-0.564903
-0.515674
-0.456154
-0.38359
-0.296651
-0.183695
-0.0351183
0.153388
0.487441
0.934762
1.39416
1.75419
1.97264
2.07088
2.0984
-0.607024
-0.607014
-0.606891
-0.606823
-0.597269
-0.563261
-0.510651
-0.444548
-0.364088
-0.260101
-0.131716
-0.0017221
0.245442
0.695395
1.21654
1.68386
2.02315
2.20739
2.27865
2.29383
-0.599036
-0.599373
-0.599803
-0.600104
-0.592823
-0.562779
-0.509845
-0.439362
-0.350064
-0.239746
-0.11592
0.0152938
0.19846
0.616462
1.06359
1.46162
1.73553
1.87722
1.92929
1.94007
-0.595492
-0.59405
-0.589014
-0.582017
-0.579314
-0.564516
-0.517162
-0.44186
-0.346468
-0.234887
-0.116198
0.00379521
0.139186
0.454199
0.796181
1.08205
1.28184
1.38338
1.42049
1.42814
-0.622539
-0.617025
-0.602177
-0.587217
-0.588502
-0.58896
-0.538881
-0.451441
-0.347886
-0.235321
-0.125923
-0.0200105
0.0826738
0.298402
0.536498
0.727041
0.858954
0.924925
0.949684
0.954962
-0.700752
-0.700328
-0.705222
-0.715412
-0.713624
-0.682533
-0.582112
-0.464455
-0.348059
-0.235231
-0.137893
-0.0528462
0.0279523
0.176015
0.330031
0.448911
0.529342
0.569103
0.584839
0.588993
-0.802971
-0.819831
-0.852532
-0.872283
-0.858192
-0.775213
-0.61551
-0.466495
-0.340758
-0.233634
-0.153052
-0.0887664
-0.0331353
0.0736287
0.180183
0.255981
0.303383
0.326676
0.337591
0.340665
-0.795063
-0.813796
-0.846288
-0.866171
-0.845548
-0.744142
-0.580898
-0.433957
-0.315676
-0.222754
-0.160588
-0.118562
-0.0821286
-0.0051259
0.0703444
0.127146
0.163332
0.182228
0.19073
0.192632
-0.587919
-0.605462
-0.632836
-0.652814
-0.636908
-0.558906
-0.453216
-0.352344
-0.266457
-0.197716
-0.155967
-0.138197
-0.123397
-0.0494106
0.0137275
0.0555071
0.0838512
0.0976375
0.103646
0.104712
-0.279205
-0.288407
-0.30528
-0.32466
-0.332226
-0.315871
-0.283027
-0.241726
-0.199309
-0.159369
-0.136717
-0.137572
-0.136255
-0.0723522
-0.0168272
0.0205072
0.0438076
0.0561946
0.0607871
0.060893
-0.0277827
-0.0316563
-0.0429832
-0.0644052
-0.0927563
-0.118677
-0.134633
-0.138109
-0.129529
-0.113228
-0.10099
-0.100524
-0.090008
-0.0440642
-0.00932293
0.0118799
0.0246425
0.0315072
0.0341685
0.0345066
0.104046
0.101939
0.0930823
0.0718393
0.0370522
-0.0025006
-0.03639
-0.0593439
-0.069389
-0.0662542
-0.0553462
-0.0419178
-0.0177444
0.00616455
0.0222051
0.0318996
0.0373988
0.041929
0.0437122
0.0432809
0.146933
0.14538
0.138466
0.121054
0.0915262
0.0557985
0.021022
-0.00673191
-0.0231925
-0.0249542
-0.0107964
0.0152033
0.0450541
0.0570803
0.0554765
0.0550553
0.0562644
0.0579794
0.0590416
0.0585048
0.146144
0.145049
0.140172
0.127732
0.106195
0.0788112
0.0500119
0.0249502
0.00819672
0.00511919
0.0211575
0.0520496
0.0826372
0.0861836
0.0802776
0.077433
0.0795678
0.0814704
0.0816168
0.080148
0.128771
0.128076
0.124874
0.116553
0.101786
0.0821983
0.0603235
0.0400843
0.0257031
0.022751
0.0378697
0.0655791
0.0904589
0.0875625
0.0809843
0.0810754
0.0858111
0.0886252
0.0885572
0.0868632
0.106755
0.106349
0.104321
0.0989166
0.0890456
0.0754255
0.0594527
0.0438168
0.0318025
0.0281035
0.038677
0.0566559
0.0745455
0.0666121
0.0608588
0.0638782
0.0688869
0.0719038
0.0715097
0.0698613
0.0846911
0.0845015
0.0832588
0.0797552
0.0731776
0.0637233
0.0520631
0.0398081
0.0290919
0.0232827
0.0270966
0.0367427
0.0409076
0.0301044
0.0276524
0.0322267
0.0356714
0.0357744
0.0350267
0.0339782
0.0645725
0.0644154
0.0635847
0.061302
0.0568609
0.0501774
0.0414458
0.0313835
0.0209661
0.0116794
0.00624823
0.00316495
-0.00327108
-0.0147513
-0.0144417
-0.00920817
-0.005739
-0.00546669
-0.00640926
-0.00715762
0.0468848
0.0467905
0.0462157
0.0446715
0.0416362
0.0367672
0.0299436
0.0211208
0.0102234
-0.00348129
-0.0195222
-0.0370623
-0.0536356
-0.06116
-0.0568447
-0.0498404
-0.0463805
-0.0461218
-0.0465028
-0.0468827
0.0319879
0.0319088
0.0315038
0.0304667
0.0283609
0.0247663
0.0192369
0.011221
-0.000277032
-0.0181203
-0.0444475
-0.076256
-0.0992265
-0.100889
-0.091095
-0.082715
-0.079369
-0.079002
-0.0789286
-0.0790763
0.020013
0.0199287
0.0196343
0.0189612
0.0175568
0.0149541
0.0105646
0.00347545
-0.00820411
-0.028407
-0.0622602
-0.106026
-0.13329
-0.126558
-0.111186
-0.102665
-0.0996895
-0.0996494
-0.099293
-0.0991685
0.0110526
0.0109648
0.0107524
0.0103782
0.00953653
0.00778087
0.00445248
-0.00144688
-0.0116442
-0.0313455
-0.0666357
-0.11409
-0.138463
-0.124798
-0.10858
-0.10185
-0.101359
-0.102239
-0.101689
-0.101278
0.0049398
0.00485226
0.0047138
0.0045672
0.00420389
0.00321762
0.00107402
-0.00299021
-0.0104283
-0.0254675
-0.0540923
-0.0936614
-0.108616
-0.0924609
-0.080375
-0.0777288
-0.0801619
-0.0816332
-0.0811185
-0.0807165
0.00132151
0.00129185
0.00121912
0.00123064
0.00121574
0.00104058
0.000465694
-0.000790458
-0.00324103
-0.00804388
-0.01826
-0.0367529
-0.0534133
-0.0480351
-0.0387311
-0.0365962
-0.039039
-0.0412424
-0.0412902
-0.0404556
-0.719753
-0.154738
0.166091
0.381821
0.54668
0.67275
0.773953
0.861088
0.970316
0.968242
0.0887966
0.23643
0.397343
0.535236
0.648836
0.741046
0.817048
0.875049
0.898849
0.903067
0.353596
0.453107
0.560705
0.654414
0.734333
0.800923
0.854024
0.891389
0.91473
0.93183
0.54114
0.609735
0.684102
0.75085
0.808622
0.857154
0.8962
0.926155
0.949728
0.968434
0.681749
0.733031
0.784962
0.834741
0.878275
0.915758
0.947221
0.973049
0.994696
1.01305
0.795535
0.832861
0.874275
0.913241
0.948516
0.979704
1.00675
1.0295
1.04859
1.06638
0.893121
0.923383
0.958855
0.992087
1.02306
1.05106
1.07556
1.09611
1.11278
1.13015
0.982668
1.01117
1.04464
1.0763
1.10589
1.13268
1.15593
1.17503
1.18945
1.20658
1.07309
1.10408
1.1392
1.17184
1.20168
1.22814
1.25062
1.26855
1.28111
1.29836
1.17669
1.21244
1.25036
1.28448
1.31444
1.34009
1.36129
1.37788
1.38944
1.40728
1.30581
1.34486
1.383
1.41606
1.44398
1.46752
1.48711
1.50259
1.5144
1.53265
1.46692
1.50295
1.53501
1.56178
1.58458
1.60507
1.62366
1.63968
1.65338
1.67125
1.65161
1.67665
1.69652
1.71502
1.73267
1.7494
1.76527
1.78125
1.79837
1.81751
1.83828
1.84913
1.86184
1.87639
1.89
1.90207
1.91297
1.92432
1.93972
1.95915
2.02018
2.03361
2.03867
2.03968
2.04165
2.04901
2.06271
2.08031
2.09405
2.10539
2.28904
2.23846
2.19099
2.15941
2.14635
2.1509
2.17415
2.2192
2.2859
2.38001
0.742578
0.739569
0.733509
0.722581
0.710087
0.698773
0.689708
0.682945
0.678472
0.676566
0.677788
0.681767
0.687925
0.696206
0.706704
0.719021
0.731373
0.740084
0.744597
0.746762
0.670884
0.677531
0.682776
0.686391
0.687502
0.685863
0.682404
0.678605
0.675613
0.674292
0.675365
0.678398
0.682482
0.686704
0.689732
0.690261
0.687942
0.683563
0.677271
0.671446
0.660776
0.663737
0.667099
0.669586
0.671343
0.672522
0.672743
0.671989
0.670918
0.670456
0.671309
0.673042
0.674708
0.675494
0.675078
0.673826
0.671927
0.669058
0.665722
0.663435
0.65473
0.656153
0.658364
0.660634
0.662353
0.663542
0.664426
0.665004
0.665266
0.665567
0.666254
0.66701
0.667352
0.667151
0.666529
0.665391
0.663582
0.66136
0.659611
0.658526
0.649369
0.650187
0.651649
0.65342
0.655157
0.656627
0.657758
0.65869
0.659517
0.660274
0.660932
0.6613
0.6613
0.660938
0.660123
0.658847
0.65733
0.655814
0.654796
0.65413
0.644317
0.644871
0.645952
0.647362
0.64887
0.650368
0.651753
0.652953
0.654034
0.655039
0.655787
0.656123
0.65605
0.655546
0.654669
0.653588
0.652429
0.651356
0.650667
0.650199
0.639444
0.639859
0.640721
0.641927
0.643251
0.644654
0.646097
0.647504
0.648818
0.650035
0.650942
0.65135
0.651272
0.650799
0.650082
0.649245
0.648357
0.647557
0.647052
0.646696
0.634681
0.635006
0.635718
0.636774
0.638004
0.639339
0.640772
0.642282
0.643806
0.645266
0.64638
0.646924
0.646971
0.646677
0.646173
0.645541
0.644869
0.644282
0.643906
0.643621
0.629942
0.630206
0.63081
0.631766
0.632934
0.634236
0.635682
0.637272
0.638975
0.640704
0.642087
0.642865
0.643142
0.643078
0.642792
0.642371
0.641895
0.641478
0.641197
0.640962
0.625137
0.625357
0.625887
0.62678
0.627911
0.629214
0.630711
0.632414
0.634313
0.636339
0.638067
0.639171
0.639743
0.639936
0.63988
0.63968
0.639388
0.639118
0.638912
0.638712
0.620177
0.620364
0.620845
0.621706
0.622837
0.624183
0.625769
0.62763
0.629779
0.632163
0.634321
0.635826
0.636744
0.637234
0.637433
0.637447
0.637343
0.637203
0.637058
0.636884
0.614974
0.615137
0.615588
0.616448
0.617619
0.61905
0.620773
0.622853
0.625324
0.628159
0.63084
0.632823
0.634143
0.634971
0.635452
0.635686
0.635779
0.635763
0.635668
0.635511
0.609434
0.609579
0.610019
0.610907
0.612159
0.613723
0.615644
0.618017
0.620898
0.624298
0.627612
0.630164
0.631954
0.633166
0.633964
0.634467
0.634748
0.634843
0.634791
0.634646
0.60345
0.603581
0.604027
0.604973
0.60635
0.6081
0.610292
0.613042
0.616445
0.620543
0.624626
0.627856
0.630202
0.631859
0.633016
0.63381
0.634303
0.63451
0.634495
0.634358
0.596898
0.597019
0.597485
0.59852
0.60007
0.602071
0.604614
0.607845
0.611902
0.616856
0.621872
0.625915
0.628921
0.631103
0.632667
0.633792
0.634521
0.634845
0.634865
0.634731
0.589625
0.58974
0.590238
0.591396
0.593174
0.595499
0.59849
0.602332
0.607199
0.6132
0.619345
0.624365
0.628151
0.630952
0.633005
0.634512
0.635502
0.635947
0.636
0.635865
0.581447
0.581561
0.582093
0.583416
0.58548
0.588221
0.591788
0.596399
0.602278
0.609565
0.61707
0.623249
0.627954
0.631481
0.634121
0.636075
0.637354
0.637927
0.63801
0.637872
0.572051
0.572177
0.572804
0.574327
0.576761
0.580042
0.584338
0.589917
0.597053
0.605916
0.615056
0.62261
0.6284
0.632783
0.63611
0.638581
0.640191
0.640902
0.641015
0.640869
0.561167
0.56129
0.562036
0.56383
0.566741
0.570713
0.575937
0.58274
0.591444
0.602231
0.613332
0.622505
0.629568
0.634957
0.639079
0.642159
0.644137
0.644993
0.645133
0.644976
0.548315
0.548455
0.549357
0.55151
0.555041
0.559912
0.566334
0.574695
0.585355
0.598489
0.611927
0.623002
0.631543
0.638101
0.643151
0.646925
0.64931
0.650313
0.650474
0.650303
0.532857
0.533036
0.534165
0.536806
0.541165
0.547235
0.55524
0.565623
0.578753
0.594746
0.610937
0.624206
0.63443
0.642318
0.648431
0.652984
0.655802
0.656948
0.657122
0.656933
0.513864
0.514118
0.515591
0.518932
0.524447
0.53217
0.542312
0.555346
0.571591
0.591047
0.610441
0.6262
0.638319
0.647709
0.654984
0.660408
0.663666
0.664936
0.66511
0.664901
0.489945
0.49034
0.492362
0.496765
0.503997
0.514105
0.52722
0.543771
0.56393
0.587514
0.610576
0.629104
0.643304
0.65434
0.66288
0.669218
0.672889
0.674244
0.674401
0.674169
0.458797
0.459487
0.462474
0.468694
0.47869
0.492387
0.509727
0.53094
0.55596
0.584386
0.611544
0.633054
0.649469
0.662245
0.672144
0.679367
0.683358
0.684733
0.684849
0.684597
0.416327
0.417726
0.422774
0.432574
0.447387
0.466648
0.489951
0.517199
0.548078
0.581995
0.613575
0.638202
0.656891
0.67144
0.68272
0.690704
0.694837
0.69613
0.696183
0.695917
0.354888
0.359307
0.369857
0.386726
0.409724
0.437299
0.468542
0.503168
0.540765
0.580652
0.616829
0.644608
0.665542
0.681821
0.694327
0.702866
0.706914
0.707952
0.707915
0.707655
0.281652
0.289646
0.308905
0.336298
0.369827
0.406773
0.446572
0.489104
0.534026
0.580702
0.622428
0.654256
0.67818
0.696653
0.710683
0.719811
0.723779
0.724713
0.72472
0.7246
0.208098
0.221369
0.249678
0.287433
0.33095
0.377156
0.425525
0.476031
0.528378
0.581996
0.62949
0.665529
0.692588
0.713492
0.729161
0.738481
0.742024
0.742745
0.742766
0.742736
0.147005
0.164093
0.19807
0.243581
0.295239
0.349587
0.405852
0.463919
0.523412
0.583716
0.636691
0.676661
0.706563
0.729476
0.746201
0.755825
0.759173
0.759902
0.760026
0.760059
0.0968769
0.116011
0.154438
0.205731
0.263765
0.32484
0.387941
0.452799
0.51889
0.58549
0.643655
0.687316
0.719818
0.744594
0.762499
0.772498
0.776174
0.777172
0.77734
0.777414
0.0547864
0.0751781
0.116933
0.172836
0.236135
0.302838
0.371818
0.442693
0.514796
0.587254
0.650309
0.697464
0.732471
0.759087
0.778182
0.789012
0.793115
0.794276
0.794445
0.794532
0.0184612
0.0396635
0.0840814
0.143714
0.21144
0.283
0.357148
0.433411
0.511002
0.588902
0.656552
0.707011
0.744383
0.772752
0.793028
0.804656
0.80921
0.810521
0.810709
0.810799
-0.0137433
0.00803835
0.0546236
0.11739
0.188885
0.264683
0.343438
0.424582
0.507235
0.590232
0.662227
0.715801
0.755377
0.785283
0.806617
0.819019
0.824019
0.825455
0.825628
0.825704
-0.0430338
-0.0208202
0.0275933
0.0930595
0.167831
0.247359
0.330248
0.415858
0.503222
0.591049
0.667195
0.723716
0.765324
0.79662
0.818882
0.83184
0.83723
0.838735
0.838915
0.838962
-0.0703621
-0.0476922
0.00235829
0.0701171
0.147799
0.230641
0.317257
0.406964
0.498741
0.591177
0.671342
0.730712
0.774232
0.806789
0.829756
0.843102
0.848767
0.850355
0.850539
0.850556
-0.096247
-0.0730842
-0.0216847
0.048179
0.128437
0.214244
0.304231
0.397707
0.493629
0.590494
0.674615
0.736814
0.782189
0.815889
0.839473
0.853048
0.858851
0.860483
0.860679
0.860664
-0.121106
-0.0973943
-0.044882
0.0269624
0.109499
0.197967
0.291016
0.387959
0.487771
0.588927
0.676989
0.742063
0.789311
0.824115
0.84823
0.861943
0.867761
0.869374
0.869546
0.869498
-0.145206
-0.121015
-0.0673256
0.00625643
0.0908358
0.181693
0.277508
0.377641
0.481101
0.586404
0.678448
0.746507
0.795709
0.831656
0.856212
0.869976
0.875723
0.877282
0.877405
0.87732
-0.168714
-0.143983
-0.089172
-0.0140471
0.0723626
0.165353
0.263664
0.366715
0.47358
0.582884
0.678962
0.750179
0.801511
0.838665
0.863581
0.877274
0.882896
0.884361
0.884446
0.884332
-0.191689
-0.166391
-0.110527
-0.0339986
0.0540447
0.148941
0.249488
0.355177
0.46519
0.578332
0.678484
0.753083
0.80681
0.845277
0.870479
0.883987
0.889386
0.890696
0.890712
0.890572
-0.214115
-0.188322
-0.131431
-0.0536146
0.0358875
0.132469
0.235006
0.343063
0.455948
0.572725
0.67695
0.755195
0.811674
0.851638
0.877062
0.890203
0.89521
0.896296
0.896241
0.896082
-0.236055
-0.209716
-0.151854
-0.072874
0.0179231
0.115982
0.220274
0.330428
0.445907
0.566055
0.674303
0.756455
0.8161
0.857881
0.883565
0.896113
0.900463
0.901229
0.901102
0.900925
-0.257406
-0.230536
-0.17176
-0.0917436
0.000196426
0.0995545
0.205368
0.317352
0.435129
0.558343
0.670477
0.756754
0.820018
0.864112
0.890328
0.902079
0.90535
0.905563
0.905343
0.905197
-0.278182
-0.250741
-0.191137
-0.110174
-0.0172249
0.0832506
0.190378
0.303936
0.42369
0.54964
0.665424
0.755952
0.823274
0.870322
0.897741
0.908786
0.91042
0.909477
0.908991
0.908941
-0.298292
-0.27033
-0.209935
-0.12812
-0.0342881
0.0671505
0.175382
0.290258
0.411704
0.540026
0.659119
0.753884
0.825615
0.876281
0.905985
0.917228
0.917108
0.913945
0.91215
0.911882
-0.317799
-0.289272
-0.228107
-0.145527
-0.0509185
0.0513396
0.1605
0.276455
0.399294
0.529594
0.651576
0.75038
0.826724
0.881483
0.914634
0.928041
0.927798
0.922157
0.915001
0.898092
-0.336641
-0.307557
-0.245791
-0.162596
-0.0674093
0.0354907
0.14532
0.262072
0.385953
0.517824
0.642256
0.74485
0.826207
0.885407
0.922757
0.940711
0.94334
0.937215
0.922444
0.936976
-0.354937
-0.325163
-0.262924
-0.179292
-0.0836855
0.0196618
0.129848
0.247135
0.371673
0.504618
0.630951
0.736667
0.823321
0.886912
0.927025
0.948574
0.955133
0.946008
0.88513
0.869191
-0.373294
-0.342673
-0.279246
-0.195267
-0.0991963
0.00429973
0.114295
0.231904
0.356739
0.490175
0.617667
0.72541
0.817137
0.885167
0.922455
0.943249
0.940654
0.904774
0.837129
0.796431
-0.392409
-0.361061
-0.294337
-0.210201
-0.113566
-0.0104453
0.0990453
0.216551
0.341229
0.474507
0.602258
0.710877
0.805435
0.879061
0.930501
0.9101
0.883291
0.819457
0.747653
0.704189
0.0279199
0.142143
0.262795
0.390996
0.522393
0.641342
0.739858
0.581308
-0.412872
-0.394092
-0.355688
-0.284853
-0.195015
-0.0964543
0.0098617
0.122993
0.242834
0.369803
0.500047
0.618042
0.715163
0.793035
0.845394
0.802573
0.659951
0.571568
0.502399
-0.430401
-0.417308
-0.372722
-0.300349
-0.210168
-0.11141
-0.00560608
0.107026
0.225978
0.351527
0.479525
0.593998
0.684711
0.749971
0.747116
0.642706
0.498103
0.391919
0.302662
-0.453506
-0.440736
-0.393135
-0.319646
-0.229407
-0.130394
-0.0245425
0.0877426
0.205736
0.329639
0.45452
0.563837
0.644843
0.692075
0.652924
0.491947
0.326586
0.193461
0.0757498
-0.476839
-0.463887
-0.414655
-0.339864
-0.249244
-0.150233
-0.0446658
0.0668885
0.183654
0.305479
0.426757
0.53021
0.603976
0.623963
0.538294
0.3461
0.149155
-0.0288886
-0.195215
-0.499379
-0.486896
-0.436846
-0.360929
-0.269869
-0.170856
-0.0657131
0.0449674
0.160328
0.279734
0.396933
0.493653
0.558025
0.540383
0.410777
0.211068
-0.00651249
-0.212625
-0.399111
-0.522514
-0.510299
-0.459927
-0.38327
-0.291858
-0.192783
-0.0879887
0.021877
0.135774
0.25262
0.365502
0.454879
0.505508
0.465938
0.294265
0.098062
-0.11166
-0.308338
-0.429768
-0.468895
-0.546986
-0.53491
-0.484261
-0.407191
-0.315624
-0.216592
-0.112215
-0.00328067
0.108927
0.222823
0.330853
0.412482
0.447626
0.385225
0.19005
0.00256267
-0.176103
-0.31048
-0.356171
-0.379939
-0.57292
-0.560974
-0.51012
-0.432814
-0.341247
-0.242458
-0.138681
-0.0309464
0.0792246
0.189676
0.292153
0.365727
0.380564
0.280804
0.0970653
-0.0761477
-0.227006
-0.309509
-0.329645
-0.335058
-0.600648
-0.588699
-0.537627
-0.460151
-0.36871
-0.270335
-0.167406
-0.0611534
0.0466194
0.153161
0.24936
0.314478
0.300369
0.179877
0.0107338
-0.152159
-0.270867
-0.315041
-0.314624
-0.31567
-0.630074
-0.618227
-0.566806
-0.489203
-0.398003
-0.300219
-0.198382
-0.0938979
0.0111041
0.113299
0.202678
0.257608
0.226552
0.084889
-0.0690293
-0.220445
-0.28575
-0.303792
-0.304769
-0.304372
-0.661043
-0.649205
-0.597551
-0.519879
-0.429032
-0.332052
-0.231549
-0.129154
-0.027299
0.0701529
0.152346
0.195606
0.161011
0.00223279
-0.141552
-0.255002
-0.3048
-0.297865
-0.297639
-0.297661
-0.693058
-0.681138
-0.629596
-0.55192
-0.4616
-0.365648
-0.266762
-0.166787
-0.0684484
0.0239996
0.0986043
0.132918
0.0834004
-0.0704876
-0.201133
-0.277798
-0.29394
-0.293153
-0.293425
-0.293259
-0.725585
-0.713605
-0.662326
-0.584897
-0.495325
-0.400665
-0.303719
-0.206512
-0.112081
-0.0248344
0.0422592
0.0659277
-0.000869905
-0.133823
-0.247901
-0.263982
-0.282025
-0.289002
-0.290028
-0.289934
-0.757593
-0.74569
-0.694875
-0.618145
-0.529623
-0.436595
-0.341954
-0.24788
-0.157693
-0.0759738
-0.0148281
-0.00712263
-0.0730341
-0.191823
-0.27384
-0.318271
-0.299058
-0.291907
-0.288646
-0.287826
-0.787325
-0.77622
-0.726301
-0.650613
-0.563656
-0.472693
-0.380789
-0.290245
-0.204567
-0.12872
-0.0716625
-0.073123
-0.135836
-0.236068
-0.315091
-0.314372
-0.301901
-0.291878
-0.287194
-0.285549
-0.813916
-0.803134
-0.755192
-0.68104
-0.596307
-0.50795
-0.419317
-0.332759
-0.251828
-0.181855
-0.129123
-0.130191
-0.188944
-0.254743
-0.329213
-0.316555
-0.305144
-0.294855
-0.290143
-0.288668
-0.834691
-0.824607
-0.779159
-0.707957
-0.626173
-0.541152
-0.45639
-0.37435
-0.298487
-0.234238
-0.186933
-0.18323
-0.22925
-0.235057
-0.242219
-0.292425
-0.311128
-0.320203
-0.322001
-0.320445
-0.847654
-0.838652
-0.796477
-0.729206
-0.651533
-0.570823
-0.490704
-0.413718
-0.343389
-0.284978
-0.24282
-0.239855
-0.274386
-0.177685
-0.139697
-0.25465
-0.345524
-0.387443
-0.393767
-0.393689
-0.850075
-0.842752
-0.805036
-0.742934
-0.67053
-0.595317
-0.520732
-0.44941
-0.385155
-0.332981
-0.298343
-0.303945
-0.399176
-0.390697
-0.34034
-0.400349
-0.449457
-0.460582
-0.457865
-0.457032
-0.840219
-0.834331
-0.802456
-0.747195
-0.681569
-0.613023
-0.54488
-0.479823
-0.421905
-0.376733
-0.354993
-0.384119
-0.573383
-0.909532
-1.02084
-0.801878
-0.626266
-0.541655
-0.513435
-0.504724
-0.814666
-0.810505
-0.786082
-0.740521
-0.683532
-0.622769
-0.561766
-0.503228
-0.451282
-0.413192
-0.396936
-0.439703
-0.615277
-0.97927
-1.17709
-0.86511
-0.573256
-0.441807
-0.407592
-0.397182
-0.776528
-0.773977
-0.757782
-0.722996
-0.676441
-0.624288
-0.570644
-0.518112
-0.470852
-0.43646
-0.42442
-0.392604
-0.275452
-0.0860363
-0.051133
-0.0725382
-0.117757
-0.159651
-0.168335
-0.168085
-0.732218
-0.73062
-0.722423
-0.698307
-0.662382
-0.618623
-0.571784
-0.524072
-0.479364
-0.44345
-0.424342
-0.348953
-0.03253
0.409353
0.780712
0.57943
0.263516
0.037511
-0.0505174
-0.078086
-0.691392
-0.690352
-0.686595
-0.672616
-0.645207
-0.608384
-0.566882
-0.522239
-0.477215
-0.438358
-0.414492
-0.381618
-0.33363
-0.395613
-0.62308
-1.03611
-1.25546
-1.22279
-1.00927
-0.850865
-0.660639
-0.660045
-0.657617
-0.650378
-0.629842
-0.598077
-0.558945
-0.514482
-0.467039
-0.418394
-0.387135
-0.381611
-0.647967
-1.27491
-2.00575
-2.34819
-2.33078
-2.07265
-1.76474
-1.57428
-0.636971
-0.636441
-0.635435
-0.632742
-0.61899
-0.590295
-0.550735
-0.503911
-0.449807
-0.390561
-0.327565
-0.260992
-0.394674
-0.608974
-0.784633
-0.810697
-0.616739
-0.312088
-0.0719107
0.0593833
-0.621885
-0.621684
-0.621258
-0.619963
-0.612427
-0.585881
-0.54415
-0.492096
-0.430868
-0.35844
-0.26625
-0.177049
-0.0272891
0.135956
0.4012
0.713179
1.09047
1.38776
1.55596
1.62378
-0.611219
-0.611151
-0.610857
-0.610742
-0.6073
-0.583982
-0.539697
-0.482701
-0.414067
-0.327872
-0.219369
-0.0905523
0.0812457
0.399843
0.892595
1.40448
1.83046
2.10976
2.24497
2.28636
-0.603006
-0.603176
-0.603458
-0.603925
-0.602104
-0.582518
-0.538084
-0.477214
-0.400424
-0.304969
-0.187499
-0.0520314
0.100881
0.437339
0.927027
1.40115
1.78455
2.01676
2.12263
2.15268
-0.595381
-0.595741
-0.595238
-0.593714
-0.590839
-0.578378
-0.540647
-0.478353
-0.395685
-0.29469
-0.177424
-0.0500436
0.067616
0.331275
0.743091
1.11425
1.41059
1.58537
1.66286
1.68489
-0.602992
-0.602133
-0.594406
-0.57952
-0.570379
-0.576261
-0.554417
-0.488648
-0.398486
-0.291536
-0.178482
-0.0632241
0.0430458
0.224765
0.523656
0.785738
0.989379
1.11048
1.16315
1.17884
-0.656573
-0.653038
-0.64583
-0.636888
-0.63609
-0.639616
-0.598987
-0.50994
-0.403556
-0.292043
-0.183264
-0.0826353
0.00860723
0.133877
0.332096
0.50669
0.635805
0.712227
0.745074
0.756337
-0.758604
-0.757809
-0.773377
-0.800293
-0.805122
-0.777826
-0.673934
-0.534878
-0.404207
-0.289271
-0.188788
-0.107482
-0.0381826
0.0550791
0.191038
0.301358
0.377436
0.421791
0.441606
0.449484
-0.821061
-0.829409
-0.858598
-0.888078
-0.890804
-0.841695
-0.696113
-0.529126
-0.389094
-0.27775
-0.190767
-0.129331
-0.0829614
-0.0195763
0.0756584
0.154783
0.207499
0.236636
0.250815
0.256504
-0.711539
-0.720042
-0.748625
-0.777038
-0.781372
-0.726726
-0.595871
-0.46055
-0.342844
-0.249837
-0.183331
-0.143939
-0.118012
-0.0674423
0.00588865
0.0634577
0.102325
0.126372
0.138042
0.142048
-0.432138
-0.440555
-0.459263
-0.481707
-0.492266
-0.465969
-0.403929
-0.332838
-0.264965
-0.205269
-0.161327
-0.142754
-0.142333
-0.0969314
-0.0332171
0.0178336
0.0500771
0.0691969
0.077467
0.0799731
-0.137478
-0.141677
-0.151338
-0.168995
-0.190154
-0.204089
-0.207293
-0.196792
-0.176474
-0.150164
-0.126891
-0.120372
-0.127945
-0.088879
-0.0386319
-0.00209911
0.021805
0.0358027
0.0421814
0.0441501
0.0536296
0.0516271
0.0460968
0.0306779
0.00219244
-0.0344392
-0.0667785
-0.0891268
-0.0981451
-0.0947784
-0.0840621
-0.0755441
-0.0696495
-0.0369641
-0.00447079
0.0142857
0.0252182
0.0317731
0.0353963
0.0361796
0.134212
0.132894
0.128868
0.115654
0.0889984
0.0517446
0.0135194
-0.0184538
-0.0391961
-0.0463584
-0.0398917
-0.0228332
-0.00151894
0.0229749
0.0361175
0.0415019
0.0449907
0.0482841
0.0505744
0.0511289
0.150291
0.149455
0.146488
0.13659
0.116177
0.0867068
0.0541633
0.0239299
0.00127713
-0.00921878
-0.00264979
0.0203437
0.0529804
0.0745594
0.0718316
0.0676922
0.0665706
0.0684723
0.0701847
0.0697306
0.138755
0.138284
0.136274
0.129533
0.115383
0.0943276
0.069556
0.044913
0.0250885
0.0147947
0.0211787
0.0457561
0.0785172
0.0962344
0.0875013
0.0830306
0.084423
0.0874086
0.0889722
0.0876183
0.11802
0.117811
0.116532
0.112156
0.102742
0.0882694
0.0704062
0.0516501
0.035658
0.0265982
0.0314495
0.0517762
0.0776008
0.0855439
0.0751875
0.0726436
0.0760211
0.0813599
0.082959
0.0817716
0.0955663
0.0955381
0.094747
0.0919578
0.0857945
0.0759886
0.0633329
0.0492858
0.0363399
0.0276483
0.0289188
0.0419828
0.0567519
0.0546774
0.046683
0.0480393
0.0520607
0.0553495
0.0554757
0.0542115
0.0742939
0.0742965
0.0738384
0.0720568
0.0680004
0.0612943
0.0522228
0.0415011
0.0305441
0.0210751
0.0168878
0.0195146
0.0225673
0.017919
0.00629649
0.00986612
0.0140926
0.0159702
0.0149668
0.0140017
0.0553274
0.0553866
0.0550312
0.0538518
0.0511386
0.0464644
0.0397688
0.0311771
0.0211602
0.0100077
-0.00123958
-0.0117689
-0.0225679
-0.0369494
-0.0394681
-0.0335207
-0.0281126
-0.0266792
-0.0269162
-0.0273155
0.0390204
0.0390772
0.0388288
0.0380215
0.036176
0.0328557
0.0277202
0.0205038
0.0107831
-0.00247032
-0.0210701
-0.0450454
-0.0689863
-0.0818719
-0.0793753
-0.0707569
-0.0650744
-0.0634631
-0.063814
-0.0638416
0.0255766
0.0256156
0.0254204
0.0248628
0.0236276
0.0212895
0.0173562
0.0112186
0.00174176
-0.0130406
-0.0376299
-0.0737531
-0.109601
-0.119126
-0.110188
-0.0977887
-0.0921612
-0.0910816
-0.0911606
-0.0908227
0.0151238
0.0151378
0.0149705
0.0146226
0.0138542
0.012269
0.00933485
0.00437017
-0.00411459
-0.0190566
-0.0460578
-0.0892523
-0.131634
-0.137227
-0.120904
-0.108064
-0.103495
-0.103538
-0.103611
-0.102922
0.00763695
0.00763046
0.00749289
0.00728783
0.00689086
0.00595674
0.00399898
0.00028536
-0.00632946
-0.0188136
-0.0435032
-0.0839776
-0.123694
-0.120842
-0.10301
-0.0943177
-0.0933838
-0.0947513
-0.0948871
-0.0940476
0.00286027
0.00284121
0.00274234
0.00265326
0.0025468
0.00218844
0.00119255
-0.000948181
-0.00509362
-0.0129065
-0.0290072
-0.0568421
-0.0835318
-0.0759731
-0.0629927
-0.0590039
-0.0609322
-0.0634598
-0.0637759
-0.0631122
0.00131921
0.0012517
0.00121192
0.0012379
0.0011606
0.000817281
-6.03941e-05
-0.00181693
-0.00522061
-0.0123294
-0.0267301
-0.0475764
-0.0527153
-0.04306
-0.0365937
-0.0377012
-0.0404413
-0.041549
-0.0408965
-0.0143044
-0.367356
-0.025063
0.193422
0.382643
0.535467
0.657166
0.754313
0.836963
0.897181
0.892774
0.130412
0.282196
0.423073
0.544461
0.648149
0.734591
0.80574
0.861068
0.894705
0.907046
0.392954
0.489167
0.582778
0.666976
0.740085
0.80221
0.853142
0.892043
0.919638
0.93852
0.572459
0.63679
0.704198
0.766322
0.819744
0.865788
0.904287
0.935369
0.96033
0.978248
0.709111
0.755344
0.807214
0.853056
0.89437
0.930681
0.962113
0.988658
1.01077
1.02624
0.820263
0.857609
0.898113
0.934915
0.969135
1.00016
1.02765
1.05123
1.0709
1.08372
0.917406
0.949632
0.984275
1.01741
1.04854
1.07721
1.10278
1.12459
1.14234
1.15277
1.00814
1.03931
1.07339
1.10657
1.13745
1.16565
1.19047
1.21124
1.22742
1.23599
1.10272
1.13743
1.17413
1.20946
1.24129
1.26946
1.29358
1.31329
1.32805
1.336
1.2154
1.25569
1.29487
1.33161
1.36335
1.39038
1.41291
1.43112
1.44477
1.45384
1.35916
1.40181
1.43942
1.47307
1.50105
1.5248
1.54539
1.56277
1.57661
1.58773
1.53696
1.57453
1.60252
1.62684
1.64784
1.66711
1.68534
1.70248
1.71836
1.73287
1.73461
1.75563
1.77051
1.7863
1.80256
1.81785
1.83156
1.84482
1.86031
1.87866
1.9252
1.93237
1.94291
1.95445
1.96436
1.97355
1.98379
1.99488
2.00649
2.01535
2.13822
2.13999
2.13206
2.11555
2.1044
2.10382
2.11597
2.14057
2.17469
2.19922
2.55787
2.36398
2.26292
2.20505
2.17591
2.16928
2.18447
2.22529
2.30115
2.4441
-0.376655
-0.38116
-0.341413
-0.268865
-0.178675
-0.0792999
0.831238
0.898045
0.890921
0.809256
0.735391
0.662077
0.433251
0.210697
-0.0590577
-0.415047
-0.763855
)
;

boundaryField
{
    wall-4
    {
        type            zeroGradient;
    }
    pressure-outlet-7
    {
        type            fixedValue;
        value           uniform 0;
    }
    velocity-inlet-6
    {
        type            zeroGradient;
    }
    velocity-inlet-5
    {
        type            zeroGradient;
    }
    frontAndBackPlanes
    {
        type            empty;
    }
}


// ************************************************************************* //
