/*--------------------------------*- C++ -*----------------------------------*\
  =========                 |
  \\      /  F ield         | OpenFOAM: The Open Source CFD Toolbox
   \\    /   O peration     | Website:  https://openfoam.org
    \\  /    A nd           | Version:  9
     \\/     M anipulation  |
\*---------------------------------------------------------------------------*/
FoamFile
{
    format      ascii;
    class       volScalarField;
    location    "42";
    object      p;
}
// * * * * * * * * * * * * * * * * * * * * * * * * * * * * * * * * * * * * * //

dimensions      [0 2 -2 0 0 0 0];

internalField   nonuniform List<scalar> 
8800
(
0.885755
0.837967
0.799274
0.770273
0.749402
0.734559
0.723947
0.716447
0.711601
0.709507
0.710732
0.714886
0.721503
0.730798
0.743562
0.761284
0.786054
0.81999
0.862535
0.921236
0.717014
0.724692
0.732158
0.735463
0.733954
0.728867
0.722369
0.716274
0.711525
0.708648
0.708326
0.71079
0.715244
0.721162
0.727913
0.734179
0.737809
0.737068
0.73164
0.722944
0.69543
0.701589
0.705712
0.708649
0.710689
0.711281
0.710157
0.70803
0.705983
0.705034
0.705948
0.708287
0.711052
0.713208
0.713795
0.712581
0.710227
0.706825
0.702263
0.698501
0.689649
0.692298
0.695044
0.697439
0.699063
0.70021
0.700932
0.701023
0.700692
0.700593
0.701293
0.702415
0.703215
0.703248
0.702614
0.701504
0.699673
0.697091
0.694682
0.693177
0.684308
0.685731
0.687503
0.689525
0.691297
0.692621
0.693587
0.694352
0.694925
0.695435
0.696023
0.696462
0.696513
0.696187
0.695459
0.694185
0.692469
0.690606
0.689291
0.68846
0.679282
0.680201
0.681435
0.68299
0.684608
0.686113
0.687372
0.688402
0.689317
0.690144
0.690759
0.691016
0.690914
0.690425
0.689504
0.688271
0.686917
0.685638
0.684806
0.684255
0.674439
0.675107
0.676063
0.677353
0.678746
0.680182
0.68159
0.68287
0.68401
0.685038
0.685767
0.686048
0.685887
0.685314
0.684455
0.683464
0.682415
0.681466
0.68087
0.680466
0.669736
0.670251
0.671027
0.672145
0.673404
0.674753
0.676163
0.677586
0.678946
0.680188
0.68108
0.681439
0.681315
0.680845
0.680172
0.67939
0.678568
0.677852
0.677407
0.677093
0.665104
0.665513
0.666162
0.667155
0.668341
0.669639
0.671044
0.672542
0.674083
0.675565
0.67667
0.677185
0.677222
0.676944
0.67647
0.675879
0.675247
0.674713
0.674376
0.674122
0.660463
0.660797
0.661357
0.66227
0.663405
0.664684
0.666115
0.667697
0.669403
0.671144
0.672527
0.673297
0.673575
0.673518
0.673246
0.672853
0.672393
0.672008
0.671754
0.671543
0.655731
0.656007
0.656505
0.657372
0.658487
0.659785
0.661279
0.662984
0.66489
0.666927
0.668664
0.669769
0.670337
0.670529
0.670471
0.670271
0.66998
0.669722
0.669534
0.669354
0.650827
0.651058
0.651517
0.652368
0.653504
0.654867
0.656467
0.658347
0.660519
0.662926
0.665099
0.666602
0.667505
0.667977
0.668154
0.668146
0.668019
0.667873
0.667739
0.667582
0.645672
0.645867
0.646306
0.647171
0.648369
0.649838
0.6516
0.653724
0.656244
0.659123
0.661826
0.6638
0.665087
0.665873
0.66631
0.666502
0.66654
0.666499
0.66641
0.66627
0.640177
0.640341
0.640776
0.641684
0.642985
0.644609
0.646596
0.649041
0.652004
0.655481
0.658828
0.661362
0.663102
0.664249
0.664976
0.6654
0.665602
0.665658
0.665609
0.665481
0.634237
0.634375
0.634821
0.635801
0.63725
0.639087
0.641368
0.644214
0.647722
0.65192
0.656062
0.659288
0.661583
0.663157
0.664218
0.664897
0.665281
0.665438
0.665427
0.665308
0.627738
0.62785
0.628321
0.6294
0.631044
0.633161
0.635827
0.639196
0.643404
0.648504
0.65361
0.657657
0.6606
0.662679
0.664122
0.665088
0.665679
0.665941
0.665966
0.665852
0.620518
0.62061
0.621116
0.622328
0.624221
0.626693
0.629848
0.633881
0.638961
0.645173
0.651455
0.656496
0.660208
0.662883
0.664791
0.666093
0.666914
0.66729
0.667352
0.66724
0.612367
0.612451
0.613011
0.61437
0.61658
0.619511
0.623291
0.628153
0.634327
0.641919
0.649621
0.655849
0.660485
0.663875
0.666342
0.66805
0.669135
0.669637
0.669735
0.669622
0.602998
0.603059
0.603697
0.605265
0.607882
0.611395
0.615957
0.621861
0.629378
0.638643
0.648092
0.655768
0.661514
0.66576
0.668901
0.671091
0.672494
0.673139
0.673274
0.673157
0.592043
0.592085
0.592817
0.594684
0.597823
0.602093
0.607677
0.614937
0.62419
0.635555
0.647072
0.656417
0.663458
0.668712
0.672628
0.675404
0.677171
0.677974
0.678146
0.678021
0.578982
0.579007
0.579877
0.582129
0.585955
0.59121
0.598108
0.607081
0.618466
0.632368
0.646402
0.657776
0.666361
0.672815
0.677673
0.681147
0.683344
0.68432
0.684524
0.684386
0.563039
0.563057
0.564132
0.566928
0.571696
0.578298
0.586978
0.598227
0.612368
0.629403
0.646379
0.660047
0.670386
0.678212
0.684162
0.68845
0.691136
0.692296
0.692523
0.692362
0.543032
0.543054
0.544463
0.548097
0.554247
0.56277
0.573911
0.588173
0.605779
0.626588
0.647004
0.663304
0.675632
0.685016
0.692175
0.697383
0.700587
0.701924
0.702159
0.70197
0.51714
0.517189
0.519186
0.524209
0.532548
0.54393
0.558565
0.576853
0.598822
0.624127
0.648454
0.667668
0.682159
0.693248
0.701731
0.707937
0.711657
0.713137
0.713359
0.713136
0.48233
0.482494
0.485709
0.493337
0.505432
0.521228
0.54088
0.564481
0.591818
0.62233
0.65098
0.673303
0.690088
0.702967
0.712861
0.72005
0.724214
0.725768
0.725951
0.725692
0.432861
0.433861
0.440332
0.453313
0.471943
0.494572
0.521138
0.551457
0.585129
0.621457
0.654722
0.68028
0.6994
0.7141
0.725453
0.733554
0.738031
0.739562
0.739675
0.73938
0.359779
0.367091
0.382154
0.405174
0.433522
0.465294
0.500338
0.538441
0.579203
0.621922
0.660226
0.689343
0.711104
0.727882
0.740895
0.749961
0.754794
0.756364
0.756464
0.756212
0.28096
0.298184
0.322611
0.356275
0.394782
0.435874
0.479517
0.52566
0.573993
0.623915
0.66835
0.702095
0.72737
0.746935
0.762151
0.772545
0.777728
0.779246
0.779388
0.779289
0.215441
0.235707
0.26794
0.31052
0.357967
0.407857
0.459831
0.513846
0.569596
0.626503
0.676788
0.71486
0.743399
0.765497
0.782555
0.793701
0.799051
0.800906
0.801114
0.801114
0.161782
0.183743
0.221445
0.270433
0.324911
0.382178
0.441509
0.502745
0.565456
0.629001
0.684801
0.726882
0.75833
0.782586
0.801102
0.813386
0.819637
0.821312
0.821549
0.821581
0.117019
0.140139
0.181586
0.23563
0.295803
0.359139
0.424769
0.492398
0.561448
0.631143
0.692081
0.737829
0.771909
0.798163
0.818132
0.831264
0.838011
0.839853
0.840202
0.840254
0.0788079
0.102608
0.146883
0.204911
0.269823
0.33832
0.409418
0.482709
0.557491
0.632833
0.698493
0.747608
0.784065
0.811986
0.83295
0.846805
0.853978
0.856208
0.856635
0.856698
0.045138
0.0693993
0.115904
0.177208
0.246114
0.319081
0.395017
0.473395
0.553404
0.633957
0.704013
0.756217
0.794753
0.823931
0.84559
0.859896
0.867426
0.870029
0.870572
0.870642
0.0145356
0.0392038
0.0875368
0.151658
0.223999
0.300881
0.38114
0.464141
0.548981
0.634436
0.708656
0.763747
0.8041
0.834301
0.85646
0.871119
0.878949
0.881815
0.882428
0.882487
-0.0139108
0.0111325
0.061067
0.12758
0.202969
0.283328
0.367464
0.454699
0.544063
0.634195
0.712445
0.770295
0.812318
0.843407
0.865966
0.880917
0.888951
0.891951
0.892562
0.892583
-0.0409452
-0.0154945
0.0359214
0.104547
0.182654
0.266124
0.353773
0.444907
0.538525
0.633174
0.715394
0.775964
0.819592
0.85151
0.874475
0.889597
0.897735
0.900805
0.901456
0.901446
-0.0668696
-0.0409999
0.0115838
0.0822638
0.162803
0.249076
0.339917
0.434652
0.532289
0.631327
0.717508
0.780831
0.826106
0.858896
0.882285
0.89759
0.905761
0.90882
0.909483
0.909469
-0.092045
-0.0656231
-0.0119899
0.0605373
0.143258
0.232057
0.325801
0.423863
0.525291
0.628593
0.718764
0.784953
0.831996
0.865762
0.889631
0.905105
0.913291
0.916294
0.916868
0.91681
-0.116549
-0.0897281
-0.0349443
0.0392268
0.123926
0.215001
0.311381
0.412506
0.517492
0.624924
0.719134
0.788362
0.837358
0.872236
0.896642
0.912277
0.920402
0.923304
0.923781
0.923656
-0.140474
-0.113152
-0.0573507
0.0182969
0.104771
0.197889
0.296647
0.400569
0.508871
0.620273
0.718558
0.791049
0.842255
0.878424
0.903418
0.919154
0.927113
0.92982
0.930178
0.930003
-0.163918
-0.136031
-0.0792552
-0.00226647
0.08579
0.180735
0.281624
0.388079
0.499433
0.614602
0.716965
0.792963
0.846717
0.884424
0.910066
0.925812
0.93348
0.935892
0.936128
0.935917
-0.186884
-0.158355
-0.100673
-0.0224514
0.0670242
0.163575
0.266363
0.375081
0.489202
0.607882
0.714281
0.794019
0.850721
0.890329
0.916739
0.932339
0.939494
0.941511
0.941609
0.941375
-0.20921
-0.180077
-0.121528
-0.0422214
0.0485084
0.146478
0.250926
0.361647
0.478234
0.600133
0.710432
0.794101
0.854179
0.896203
0.923663
0.938952
0.945229
0.946648
0.94659
0.946351
-0.230871
-0.20116
-0.141802
-0.0615214
0.030303
0.129503
0.235402
0.347853
0.466604
0.591382
0.705371
0.793067
0.856938
0.902024
0.93113
0.946131
0.95098
0.951343
0.951039
0.950849
-0.251935
-0.221572
-0.161472
-0.0803187
0.0124718
0.112733
0.219878
0.333801
0.454402
0.581693
0.699054
0.790769
0.858758
0.907588
0.939332
0.954695
0.957726
0.956048
0.955021
0.95509
-0.272235
-0.241296
-0.180482
-0.0985522
-0.00492693
0.0962514
0.204445
0.3196
0.441744
0.571166
0.691482
0.787051
0.859341
0.912441
0.948021
0.965469
0.96762
0.9631
0.959735
0.959057
-0.291868
-0.260325
-0.198855
-0.116255
-0.0219304
0.0800081
0.189044
0.305184
0.428556
0.559723
0.682519
0.781642
0.858352
0.915932
0.956277
0.978336
0.982812
0.977544
0.968012
0.952559
-0.310767
-0.278655
-0.216716
-0.133632
-0.038833
0.0636629
0.173249
0.290063
0.414292
0.546717
0.671504
0.773728
0.855149
0.917102
0.961888
0.99011
0.997977
0.986678
0.967445
0.953488
-0.328758
-0.296427
-0.233877
-0.150466
-0.0552974
0.0475644
0.157288
0.274565
0.399265
0.532419
0.658548
0.762906
0.849075
0.914822
0.960071
0.987856
0.999397
0.978188
0.909423
0.878008
-0.345183
-0.314873
-0.250011
-0.166221
-0.0705688
0.032214
0.141468
0.258916
0.383693
0.516962
0.643614
0.748942
0.838927
0.908643
0.946367
0.967067
0.962907
0.911273
0.841762
0.798744
-0.401233
-0.33115
-0.264726
-0.181986
-0.0862314
0.016158
0.125723
0.242837
0.367212
0.499908
0.626137
0.731348
0.821117
0.89781
0.903773
0.912626
0.870656
0.803763
0.727868
0.685403
-0.36309
-0.347049
-0.286563
-0.203387
-0.109174
-0.006925
0.101693
0.21815
0.341476
0.472571
0.596482
0.699583
0.780955
0.860061
0.852346
0.745397
0.643082
0.57181
0.499256
0.531655
-0.394443
-0.365094
-0.303711
-0.221317
-0.127116
-0.0250646
0.083815
0.199654
0.321914
0.451153
0.572125
0.671106
0.744438
0.786052
0.740551
0.596884
0.471692
0.381756
0.283356
0.335153
-0.418682
-0.386406
-0.323806
-0.241257
-0.146987
-0.0450315
0.0637817
0.178811
0.299684
0.42651
0.54374
0.636976
0.701185
0.710285
0.607428
0.436944
0.28583
0.167964
0.0366898
0.0704844
-0.442445
-0.408614
-0.344852
-0.261463
-0.167082
-0.065252
0.0430812
0.15718
0.276481
0.400555
0.513207
0.59992
0.648938
0.627262
0.472383
0.277597
0.087841
-0.0804146
-0.270586
-0.287321
-0.465637
-0.431345
-0.366714
-0.282607
-0.188065
-0.0864208
0.0213169
0.134375
0.251866
0.372844
0.480319
0.559905
0.590987
0.534226
0.344051
0.134697
-0.0826907
-0.272829
-0.517084
-0.823737
-0.489149
-0.454844
-0.389687
-0.305131
-0.210396
-0.108877
-0.00165611
0.110342
0.225938
0.343599
0.445705
0.51698
0.529352
0.42216
0.232645
0.0239926
-0.180155
-0.352565
-0.419826
-0.502613
-0.51394
-0.479562
-0.414122
-0.329366
-0.234576
-0.133269
-0.0266504
0.0841267
0.197527
0.311381
0.407726
0.468646
0.456898
0.316086
0.134028
-0.0552924
-0.216993
-0.308775
-0.33234
-0.348603
-0.540325
-0.505813
-0.440195
-0.3554
-0.260737
-0.159807
-0.0540242
0.0552415
0.166049
0.275467
0.36555
0.413293
0.383813
0.217588
0.0448378
-0.118985
-0.244373
-0.282416
-0.29581
-0.297108
-0.568511
-0.53378
-0.467978
-0.383232
-0.288831
-0.188497
-0.0837922
0.0236402
0.131438
0.235848
0.318842
0.352594
0.30601
0.12613
-0.0373864
-0.183599
-0.259279
-0.275794
-0.277332
-0.277234
-0.598567
-0.563531
-0.497498
-0.412862
-0.318873
-0.219323
-0.115955
-0.0106894
0.0937011
0.192594
0.267574
0.290314
0.207969
0.0419392
-0.113313
-0.233372
-0.267686
-0.267412
-0.267178
-0.266658
-0.630218
-0.594898
-0.528656
-0.444202
-0.350773
-0.252228
-0.150475
-0.0477154
0.0528756
0.145811
0.212526
0.218668
0.115941
-0.0364012
-0.173047
-0.249292
-0.258558
-0.260365
-0.260753
-0.260514
-0.662919
-0.627436
-0.561202
-0.477029
-0.384343
-0.28705
-0.187194
-0.0872956
0.0091455
0.0958038
0.15424
0.144301
0.0313691
-0.104069
-0.217237
-0.246061
-0.256105
-0.257419
-0.256889
-0.256435
-0.696227
-0.660621
-0.594701
-0.510954
-0.419238
-0.323461
-0.225827
-0.129128
-0.037202
0.0432422
0.091988
0.0725754
-0.0504364
-0.164343
-0.244863
-0.267643
-0.257547
-0.256181
-0.255984
-0.255495
-0.729271
-0.693763
-0.628295
-0.545388
-0.454916
-0.360985
-0.265916
-0.172719
-0.0856863
-0.0111369
0.0277938
0.00740999
-0.128037
-0.224911
-0.250791
-0.260041
-0.260748
-0.257623
-0.255947
-0.255547
-0.760505
-0.725695
-0.661054
-0.579414
-0.490611
-0.398912
-0.306794
-0.217383
-0.135459
-0.0666728
-0.0323735
-0.0615169
-0.192677
-0.315048
-0.304235
-0.299206
-0.2767
-0.258222
-0.251563
-0.249869
-0.788402
-0.754642
-0.691851
-0.611875
-0.525282
-0.436297
-0.347569
-0.262264
-0.185344
-0.122514
-0.0881317
-0.125252
-0.230656
-0.410572
-0.450475
-0.365719
-0.299861
-0.268012
-0.254439
-0.249884
-0.810906
-0.778845
-0.71872
-0.641368
-0.55764
-0.47197
-0.387116
-0.306302
-0.23421
-0.177368
-0.143194
-0.167075
-0.203718
-0.356711
-0.536139
-0.378259
-0.343793
-0.330145
-0.314351
-0.306035
-0.825842
-0.796417
-0.73976
-0.66607
-0.586146
-0.504553
-0.424162
-0.348192
-0.281044
-0.229924
-0.195137
-0.189243
-0.0868811
0.0723497
-0.00734712
-0.229969
-0.369073
-0.400556
-0.40012
-0.400535
-0.830605
-0.805163
-0.753099
-0.684112
-0.609068
-0.532512
-0.457222
-0.386514
-0.324773
-0.279214
-0.239435
-0.241139
-0.115596
0.179836
-0.0242634
-0.292417
-0.428021
-0.461894
-0.46923
-0.472929
-0.823303
-0.80264
-0.756599
-0.693871
-0.624816
-0.554152
-0.484627
-0.419652
-0.36417
-0.324689
-0.288348
-0.411585
-0.643572
-0.901803
-0.889948
-0.727129
-0.654637
-0.639756
-0.638444
-0.639764
-0.80164
-0.785742
-0.748457
-0.694045
-0.632209
-0.568172
-0.504682
-0.445448
-0.396434
-0.366265
-0.367373
-0.616508
-1.02536
-1.3781
-1.24163
-0.951779
-0.864952
-0.822916
-0.802167
-0.796068
-0.767524
-0.757053
-0.729005
-0.684593
-0.630952
-0.573837
-0.516058
-0.461549
-0.416588
-0.392755
-0.4052
-0.577857
-0.682441
-0.665346
-0.481165
-0.602314
-0.747117
-0.780839
-0.744572
-0.752877
-0.726667
-0.720722
-0.702516
-0.667846
-0.622489
-0.571393
-0.518175
-0.4659
-0.421209
-0.392894
-0.405906
-0.487327
-0.693035
-1.02811
-1.42738
-1.72839
-1.7141
-1.46802
-1.21527
-1.12143
-0.687555
-0.684171
-0.674539
-0.648721
-0.609626
-0.562782
-0.511695
-0.458933
-0.408663
-0.373118
-0.380885
-0.460978
-0.632712
-0.870895
-1.06368
-1.23027
-1.24124
-1.10852
-0.9399
-0.852836
-0.656969
-0.654931
-0.650132
-0.631793
-0.597241
-0.551474
-0.499346
-0.441664
-0.383241
-0.326437
-0.286527
-0.244894
-0.126473
0.0717889
0.29263
0.504608
0.708745
0.853259
0.951905
0.998401
-0.631142
-0.630324
-0.62907
-0.618629
-0.58814
-0.541429
-0.48475
-0.41966
-0.347226
-0.267371
-0.181218
-0.0564633
0.210717
0.618731
1.04755
1.43114
1.71463
1.89952
1.99455
2.02318
-0.614277
-0.613718
-0.613456
-0.608433
-0.582487
-0.533805
-0.470736
-0.396898
-0.311258
-0.215685
-0.103323
0.0139153
0.330297
0.77533
1.24629
1.67843
2.00776
2.20698
2.30131
2.32959
-0.602782
-0.602376
-0.602115
-0.600977
-0.580064
-0.529407
-0.459352
-0.377715
-0.284244
-0.179022
-0.0671579
0.0429212
0.272133
0.702408
1.1537
1.55971
1.86388
2.0424
2.12459
2.14833
-0.595585
-0.59416
-0.592505
-0.593748
-0.580064
-0.527831
-0.450727
-0.361888
-0.265007
-0.156521
-0.0451334
0.0735287
0.240656
0.597483
0.965887
1.28198
1.52438
1.66852
1.73564
1.7546
-0.601421
-0.599651
-0.599912
-0.603157
-0.588667
-0.527391
-0.440694
-0.345346
-0.246549
-0.138912
-0.0305001
0.0811629
0.205676
0.434646
0.727337
0.966191
1.15297
1.2632
1.3118
1.32444
-0.615627
-0.617946
-0.625336
-0.627138
-0.600169
-0.520535
-0.421783
-0.322855
-0.226416
-0.125653
-0.028873
0.0632588
0.150234
0.301666
0.503802
0.680386
0.819222
0.90183
0.938725
0.94679
-0.59131
-0.599247
-0.611248
-0.609858
-0.570199
-0.481802
-0.382791
-0.289673
-0.203052
-0.116251
-0.0343192
0.0390148
0.108369
0.1988
0.340943
0.464298
0.556643
0.611021
0.632182
0.635462
-0.466708
-0.475384
-0.485332
-0.482638
-0.449462
-0.384774
-0.312636
-0.241151
-0.172786
-0.10363
-0.0384188
0.015737
0.0648902
0.117436
0.206536
0.291078
0.3522
0.390354
0.405095
0.406081
-0.27487
-0.27969
-0.286475
-0.289141
-0.278144
-0.252563
-0.218569
-0.179217
-0.135785
-0.0876672
-0.0436115
-0.00877161
0.0210205
0.0551472
0.111722
0.166486
0.205295
0.227036
0.235077
0.234569
-0.100551
-0.102958
-0.108848
-0.118422
-0.127997
-0.133094
-0.130058
-0.118427
-0.0984616
-0.0717012
-0.046188
-0.0272786
-0.0125385
0.00711398
0.0429479
0.0776557
0.101538
0.112871
0.116539
0.115417
0.00899764
0.00766751
0.00216957
-0.0109541
-0.0308336
-0.0502504
-0.06378
-0.0691183
-0.065645
-0.0549136
-0.0441522
-0.0391565
-0.0373714
-0.0238538
0.000329922
0.0210331
0.0327345
0.0373266
0.0381437
0.0371172
0.058356
0.0573289
0.0524636
0.0400548
0.0201597
-0.0016644
-0.0206099
-0.033692
-0.0397533
-0.0398288
-0.0397144
-0.0439089
-0.0487202
-0.0385163
-0.0215007
-0.0107263
-0.00627686
-0.00581281
-0.0064527
-0.00733807
0.0720889
0.0713203
0.067615
0.0579372
0.0418826
0.0230605
0.00496951
-0.00991531
-0.0201012
-0.0259587
-0.031479
-0.0398656
-0.0470676
-0.0393216
-0.0284857
-0.023114
-0.0225638
-0.0239264
-0.0249173
-0.0256353
0.0692315
0.06871
0.0661742
0.0594085
0.0478056
0.0333925
0.0184672
0.0050543
-0.00552214
-0.0130938
-0.0197597
-0.0280607
-0.0338621
-0.0259991
-0.019808
-0.0189557
-0.0207601
-0.0229406
-0.02396
-0.0246011
0.0600026
0.0596682
0.0580557
0.0536839
0.0459032
0.0357309
0.024577
0.0139636
0.00505592
-0.0012914
-0.00550863
-0.00967899
-0.0106676
-0.00366757
-0.00120534
-0.00327414
-0.00631746
-0.00852337
-0.00947403
-0.0101244
0.0492822
0.0490675
0.0481032
0.0454822
0.0406333
0.0339708
0.0263066
0.0188036
0.0125672
0.00907164
0.00928702
0.0118882
0.0161685
0.0219495
0.0213959
0.0179903
0.0149345
0.0133549
0.0126474
0.0119592
0.0392666
0.0391207
0.0385773
0.0371364
0.0343547
0.0303121
0.0254579
0.0206638
0.0170456
0.0165953
0.0222004
0.0328058
0.0443635
0.048404
0.0440836
0.0397566
0.0377922
0.0372835
0.0368946
0.0360217
0.0307586
0.0306518
0.0303516
0.0296307
0.028177
0.0259005
0.0230648
0.0202866
0.0187751
0.0208484
0.030235
0.0468642
0.0632765
0.0643447
0.0580704
0.0546979
0.0544655
0.0555941
0.0555816
0.0545701
0.0238503
0.0237666
0.0235894
0.0232407
0.0225297
0.0212942
0.0196766
0.0180894
0.0175558
0.0203738
0.0306552
0.0486406
0.0651896
0.0646996
0.0597001
0.0591229
0.0611091
0.0633088
0.063443
0.0622764
0.0183241
0.0182513
0.0181153
0.0179075
0.0175091
0.0167713
0.0156708
0.0144876
0.0138651
0.0154378
0.0225129
0.0361828
0.0487562
0.0470563
0.0445313
0.0471317
0.0525957
0.0562554
0.0565019
0.0553417
0.0138287
0.0137589
0.0136251
0.013421
0.0131407
0.0125045
0.0115047
0.0101648
0.00849497
0.00704061
0.00729301
0.0105622
0.0140579
0.0118156
0.0152289
0.0233413
0.0308933
0.0349142
0.035146
0.0341427
0.0100646
0.00999541
0.00987561
0.00966792
0.0093057
0.00868899
0.00758936
0.00576984
0.00286238
-0.00245751
-0.0109252
-0.0221765
-0.0330714
-0.0337447
-0.0215668
-0.00780688
0.00121838
0.00455033
0.00497733
0.00438004
0.00695983
0.00689378
0.00677374
0.00648512
0.00610591
0.00548116
0.00434458
0.00235656
-0.00142195
-0.00946021
-0.0261703
-0.0517373
-0.0758534
-0.0710579
-0.0515531
-0.0343929
-0.0260873
-0.0232486
-0.0226034
-0.0228378
0.00438247
0.00431077
0.00418831
0.00394972
0.00357392
0.00300879
0.00198545
5.53868e-05
-0.00381307
-0.0119646
-0.0305432
-0.0629837
-0.0907863
-0.0825108
-0.0606254
-0.046676
-0.040973
-0.039397
-0.0385721
-0.0383946
0.00223131
0.00216398
0.00212288
0.00200097
0.00170073
0.0013137
0.000652735
-0.000739255
-0.00344715
-0.00958386
-0.0233951
-0.0488827
-0.0689305
-0.0580228
-0.0429292
-0.0368566
-0.0350228
-0.0347885
-0.0340166
-0.0336617
0.000618284
0.000560096
0.000499466
0.000478831
0.000471224
0.000271236
3.0945e-06
-7.49108e-05
-0.000322369
-0.000989579
-0.00269697
-0.00714527
-0.0150293
-0.0145711
-0.0131216
-0.0131706
-0.0135718
-0.0124069
-0.0102069
-0.00902966
-0.0391209
0.130514
0.328951
0.501541
0.63999
0.7497
0.840755
0.917916
0.952586
0.929275
0.269729
0.392339
0.524159
0.638327
0.734779
0.814793
0.879539
0.925387
0.948355
0.960364
0.492268
0.576369
0.666424
0.746202
0.814847
0.872282
0.91792
0.951233
0.975268
0.993198
0.655278
0.715227
0.778216
0.83605
0.88648
0.929275
0.964397
0.992393
1.01539
1.03366
0.782306
0.826072
0.872615
0.916949
0.956135
0.990336
1.01959
1.04392
1.06443
1.08225
0.887574
0.920849
0.959341
0.99525
1.02819
1.0577
1.08347
1.10511
1.12305
1.14039
0.980737
1.00966
1.04389
1.07626
1.10641
1.13375
1.15763
1.17745
1.19302
1.2101
1.06971
1.09905
1.13323
1.16542
1.19515
1.22184
1.2448
1.26335
1.27677
1.2938
1.16526
1.19856
1.2353
1.26897
1.2991
1.32535
1.34737
1.36469
1.37659
1.39399
1.2804
1.31829
1.35699
1.39129
1.42069
1.44548
1.46589
1.48181
1.4933
1.51138
1.42542
1.46401
1.50019
1.53091
1.55662
1.57875
1.59783
1.61338
1.62582
1.64382
1.60058
1.63221
1.65841
1.68089
1.70088
1.71962
1.73735
1.75384
1.7692
1.78727
1.78922
1.80643
1.82148
1.83773
1.85365
1.86819
1.8814
1.89533
1.91288
1.93304
1.97095
1.9805
1.99205
2.00287
2.01216
2.02174
2.03254
2.04391
2.05528
2.07063
2.17822
2.18188
2.16694
2.15212
2.14585
2.15153
2.17002
2.20033
2.23251
2.25917
2.48453
2.34966
2.27304
2.23067
2.21325
2.21721
2.24461
2.30103
2.40365
2.62801
0.776353
0.774222
0.769737
0.761108
0.748877
0.73674
0.726498
0.718583
0.712936
0.709644
0.709239
0.711928
0.716992
0.724184
0.733549
0.745073
0.757713
0.768739
0.774847
0.777898
0.700817
0.706662
0.712996
0.717483
0.719944
0.719609
0.716858
0.713027
0.709486
0.707184
0.706986
0.70913
0.712749
0.717005
0.720787
0.722653
0.721703
0.718211
0.713042
0.706419
0.692415
0.694711
0.698111
0.7011
0.703166
0.70465
0.705388
0.705047
0.70399
0.703061
0.703177
0.704545
0.706312
0.707579
0.707729
0.706817
0.705251
0.702902
0.69963
0.696706
0.686933
0.68802
0.689848
0.692219
0.694232
0.695645
0.696645
0.697368
0.697731
0.697902
0.698326
0.699066
0.699607
0.699627
0.699178
0.698302
0.696811
0.69471
0.692612
0.691226
0.681769
0.682432
0.683536
0.685232
0.687001
0.688616
0.689888
0.690871
0.691709
0.692439
0.69309
0.69356
0.693685
0.693461
0.692849
0.691758
0.690302
0.688737
0.687404
0.68662
0.676843
0.677303
0.678085
0.679374
0.680847
0.682345
0.683783
0.685044
0.686128
0.687112
0.687933
0.688402
0.688462
0.688116
0.687361
0.686324
0.685162
0.684
0.683067
0.682547
0.672077
0.672422
0.673029
0.674087
0.675365
0.676717
0.678126
0.679529
0.680842
0.682037
0.683034
0.683604
0.683673
0.683307
0.682633
0.681796
0.680895
0.679993
0.679298
0.678916
0.667419
0.667688
0.668177
0.669076
0.670228
0.6715
0.67286
0.674301
0.675772
0.677192
0.678403
0.679122
0.679287
0.67905
0.678561
0.677922
0.67721
0.676522
0.676004
0.675712
0.662794
0.663007
0.663413
0.664202
0.665273
0.666494
0.667839
0.669317
0.670905
0.67254
0.674006
0.674949
0.675318
0.675291
0.675006
0.674563
0.674036
0.673527
0.673143
0.672914
0.658117
0.658288
0.658636
0.659352
0.660377
0.661573
0.662939
0.664488
0.666213
0.668074
0.669845
0.671098
0.671749
0.671972
0.671906
0.671663
0.671324
0.670969
0.670696
0.670513
0.653309
0.653447
0.653752
0.654423
0.655431
0.656649
0.658074
0.659735
0.661646
0.663781
0.665922
0.667571
0.668563
0.669073
0.669253
0.669216
0.669053
0.668845
0.668663
0.668517
0.64829
0.648401
0.648678
0.649331
0.650356
0.65164
0.65317
0.654999
0.657167
0.659662
0.662267
0.664385
0.665769
0.666604
0.667052
0.667235
0.667251
0.667181
0.667077
0.66696
0.642976
0.643062
0.643322
0.64398
0.64506
0.646452
0.648139
0.650201
0.652702
0.655657
0.658836
0.661518
0.663366
0.664577
0.665325
0.665756
0.665963
0.666026
0.665991
0.665897
0.637272
0.637337
0.637588
0.638273
0.639444
0.64099
0.642895
0.645265
0.648187
0.651716
0.655601
0.658967
0.661374
0.663027
0.664124
0.664831
0.665243
0.665443
0.665474
0.6654
0.631071
0.631114
0.631365
0.632097
0.633396
0.635147
0.637338
0.640099
0.643553
0.647789
0.652538
0.656746
0.659831
0.662016
0.663515
0.664529
0.665188
0.665535
0.66563
0.665573
0.624234
0.624253
0.624506
0.62531
0.626779
0.628797
0.631361
0.634633
0.638771
0.643897
0.649707
0.654924
0.658808
0.661614
0.663588
0.664961
0.665896
0.666404
0.666565
0.666524
0.616577
0.616586
0.616843
0.617733
0.619426
0.621779
0.624815
0.628728
0.633723
0.639963
0.647079
0.653508
0.658346
0.661893
0.664444
0.666262
0.667505
0.668189
0.66842
0.668393
0.60783
0.607805
0.608115
0.609139
0.611102
0.61388
0.61752
0.622238
0.628292
0.635887
0.644591
0.652505
0.658509
0.662947
0.666181
0.668537
0.670155
0.671047
0.671354
0.671339
0.59771
0.59766
0.598011
0.599214
0.601521
0.604852
0.609259
0.615011
0.622427
0.631732
0.64238
0.652063
0.659422
0.664908
0.668963
0.671951
0.67401
0.675137
0.675527
0.675523
0.585751
0.585672
0.586098
0.587539
0.590301
0.594352
0.599761
0.606848
0.615983
0.627411
0.640417
0.652203
0.661177
0.667914
0.672942
0.676669
0.679251
0.680652
0.681128
0.68113
0.571329
0.571222
0.571764
0.573526
0.576886
0.581895
0.588626
0.597453
0.608783
0.622838
0.638694
0.652976
0.663839
0.672031
0.678215
0.682832
0.686036
0.687746
0.688308
0.688308
0.553464
0.553332
0.554067
0.556317
0.560539
0.566906
0.575476
0.586665
0.600871
0.618226
0.637476
0.654609
0.6676
0.677438
0.684937
0.690556
0.694455
0.696494
0.697133
0.697121
0.530683
0.530536
0.531605
0.534631
0.540186
0.548566
0.559755
0.574156
0.592066
0.613449
0.636689
0.657102
0.672491
0.684163
0.693114
0.699867
0.704515
0.70688
0.707577
0.707541
0.500641
0.50052
0.502205
0.506608
0.514425
0.525993
0.541072
0.559929
0.582626
0.608899
0.636711
0.660708
0.678679
0.69231
0.702803
0.710773
0.716153
0.718792
0.71951
0.719441
0.459207
0.459255
0.462317
0.469603
0.481629
0.498434
0.519296
0.544157
0.572816
0.604807
0.637699
0.665546
0.686216
0.701887
0.714002
0.723202
0.729222
0.73201
0.732693
0.732584
0.398703
0.399906
0.407446
0.421141
0.440877
0.465991
0.494985
0.527505
0.563247
0.60164
0.639953
0.671752
0.695145
0.712833
0.726549
0.736867
0.74338
0.746144
0.74668
0.746531
0.326426
0.328248
0.342674
0.366342
0.396931
0.431855
0.469761
0.510518
0.553931
0.599495
0.644225
0.681076
0.708181
0.728731
0.744545
0.756306
0.763501
0.766377
0.76698
0.76695
0.251735
0.257996
0.279295
0.313134
0.354011
0.398502
0.445313
0.494362
0.545546
0.598415
0.649774
0.691904
0.722888
0.746506
0.764846
0.778305
0.786018
0.788561
0.788974
0.789032
0.190798
0.199293
0.225245
0.266105
0.314928
0.367554
0.422377
0.479178
0.53777
0.597663
0.655369
0.702446
0.737001
0.763317
0.783658
0.798329
0.806322
0.809229
0.810111
0.810245
0.141174
0.150253
0.179752
0.225797
0.280714
0.339884
0.401449
0.465083
0.530418
0.596855
0.660514
0.712205
0.749991
0.778696
0.800838
0.816708
0.825611
0.829157
0.830228
0.830384
0.0994801
0.108834
0.140764
0.190762
0.250643
0.315234
0.382514
0.452099
0.523467
0.595884
0.66505
0.720976
0.761718
0.792589
0.816309
0.833166
0.842847
0.846867
0.848125
0.848283
0.0633129
0.0727865
0.106548
0.159717
0.223669
0.292855
0.36511
0.439954
0.516751
0.594633
0.66887
0.728705
0.772126
0.804825
0.82967
0.847233
0.857625
0.86206
0.863404
0.863576
0.0310208
0.0405465
0.0757094
0.131558
0.198927
0.272062
0.348709
0.428268
0.510015
0.592945
0.671937
0.735428
0.781264
0.815466
0.841109
0.859178
0.870001
0.874796
0.876266
0.876462
0.00135731
0.0109425
0.0472557
0.105423
0.175748
0.252344
0.332887
0.416711
0.503014
0.590696
0.674222
0.741204
0.789271
0.824782
0.851098
0.869566
0.880674
0.885757
0.887294
0.887483
-0.0264845
-0.016837
0.0205102
0.0806737
0.153633
0.233314
0.317343
0.405046
0.495583
0.587773
0.675703
0.746093
0.7963
0.833002
0.85991
0.878682
0.889965
0.895197
0.896745
0.896941
-0.0530138
-0.0432916
-0.00498517
0.056887
0.132251
0.214692
0.30187
0.393121
0.4876
0.584099
0.676355
0.750148
0.802482
0.840371
0.867873
0.886938
0.898356
0.903624
0.905172
0.905275
-0.0786668
-0.0687719
-0.0296176
0.0338862
0.111381
0.196299
0.28633
0.380827
0.478991
0.579615
0.67614
0.753394
0.807939
0.847095
0.875251
0.89462
0.906145
0.911381
0.912877
0.912969
-0.103622
-0.0934999
-0.0535942
0.0114672
0.0908792
0.178029
0.270639
0.36811
0.469702
0.574267
0.675016
0.755835
0.812749
0.853312
0.882217
0.901913
0.91352
0.918688
0.920087
0.920158
-0.127938
-0.117606
-0.076918
-0.0104715
0.0706708
0.159834
0.254767
0.354946
0.459709
0.568008
0.672928
0.757456
0.816961
0.859125
0.888882
0.908909
0.92052
0.925544
0.926815
0.926826
-0.151746
-0.141118
-0.0996893
-0.0319521
0.0507365
0.141699
0.238715
0.341341
0.449016
0.560823
0.669816
0.758199
0.820582
0.864616
0.895357
0.915689
0.927205
0.931995
0.933075
0.933018
-0.17498
-0.164075
-0.121926
-0.0530015
0.0310886
0.123652
0.222524
0.32734
0.43765
0.552701
0.665626
0.757982
0.823576
0.869837
0.90176
0.922366
0.933602
0.938001
0.938861
0.938747
-0.197686
-0.186477
-0.143569
-0.073588
0.0117564
0.105732
0.206242
0.313006
0.425665
0.54366
0.660315
0.756712
0.82585
0.874798
0.908241
0.929115
0.939809
0.943583
0.944159
0.943992
-0.219686
-0.208245
-0.164595
-0.0936574
-0.00720624
0.0880121
0.189938
0.298409
0.413132
0.533758
0.653862
0.754291
0.827271
0.879437
0.914956
0.93627
0.946078
0.94879
0.948936
0.948722
-0.241119
-0.229333
-0.184989
-0.113186
-0.0257635
0.0705358
0.173706
0.28363
0.400139
0.523074
0.646279
0.750614
0.827654
0.883574
0.92196
0.944335
0.953073
0.953982
0.953222
0.952925
-0.261822
-0.249722
-0.204721
-0.132129
-0.043835
0.0533888
0.157626
0.268789
0.386795
0.511675
0.637612
0.74559
0.826787
0.886891
0.929033
0.953752
0.962113
0.960584
0.957612
0.95637
-0.281858
-0.269456
-0.223742
-0.150434
-0.0613844
0.0366403
0.141782
0.253965
0.37321
0.499701
0.627941
0.739141
0.824458
0.888946
0.935494
0.964247
0.97458
0.972032
0.964989
0.955738
-0.30115
-0.2885
-0.242152
-0.168264
-0.078629
0.0200034
0.125827
0.238744
0.35892
0.486631
0.616711
0.730667
0.820106
0.88921
0.940356
0.974594
0.990341
0.989671
0.979409
0.972139
-0.319652
-0.306783
-0.259946
-0.185589
-0.0955681
0.00347862
0.109777
0.223107
0.343882
0.472354
0.603745
0.719819
0.813021
0.886903
0.94134
0.979596
0.998032
1.00248
0.965029
0.912343
-0.337076
-0.323526
-0.277005
-0.202332
-0.112308
-0.0130842
0.0935817
0.207171
0.328156
0.456931
0.588982
0.706418
0.80219
0.881578
0.936314
0.968709
0.987797
0.973731
0.91716
0.853895
-0.353762
-0.339309
-0.293248
-0.217785
-0.128419
-0.0292099
0.07702
0.190996
0.311889
0.440536
0.572446
0.690285
0.78649
0.874231
0.923105
0.972695
0.938591
0.894741
0.824975
0.757646
-0.340085
-0.321941
-0.271963
-0.192126
-0.0971534
0.00527804
0.116851
0.233758
0.357821
0.490065
0.615804
0.720733
0.808811
0.9023
0.945624
0.865598
0.818252
0.754381
0.681747
0.63387
-0.364555
-0.348244
-0.312123
-0.242185
-0.153227
-0.0548921
0.0516275
0.165083
0.285328
0.412861
0.543031
0.659265
0.75279
0.833489
0.906189
0.903124
0.781339
0.697551
0.634584
0.552176
-0.384817
-0.369156
-0.327447
-0.256175
-0.166812
-0.0688783
0.0365136
0.149096
0.268427
0.394592
0.523071
0.63715
0.727681
0.796509
0.822837
0.749163
0.610844
0.515567
0.440431
0.352695
-0.405569
-0.392971
-0.346846
-0.274336
-0.18492
-0.0866492
0.0187286
0.131042
0.249521
0.374212
0.499869
0.609441
0.691934
0.746194
0.72385
0.595079
0.444683
0.328034
0.230262
0.0939459
-0.429529
-0.416519
-0.368266
-0.294602
-0.204986
-0.106639
-0.00135196
0.110431
0.227853
0.350693
0.472973
0.57726
0.651837
0.685269
0.627978
0.447189
0.267159
0.11512
-0.0252998
-0.221855
-0.45253
-0.439837
-0.390396
-0.315525
-0.225466
-0.127171
-0.0222367
0.0887523
0.204866
0.325478
0.44397
0.542335
0.608749
0.610347
0.503425
0.307329
0.0956122
-0.104035
-0.279236
-0.676058
-0.475656
-0.463296
-0.413339
-0.337592
-0.247174
-0.148854
-0.0442788
0.0659
0.180588
0.298727
0.413084
0.504827
0.560048
0.529818
0.381584
0.183163
-0.0329363
-0.243883
-0.422745
-0.703546
-0.499762
-0.487536
-0.437343
-0.361061
-0.270408
-0.17205
-0.06779
0.0416016
0.154807
0.270289
0.380252
0.464849
0.506466
0.459495
0.272508
0.0816726
-0.114199
-0.279553
-0.349838
-0.387194
-0.525343
-0.513239
-0.462797
-0.386239
-0.295554
-0.197333
-0.0935441
0.0148313
0.126231
0.238571
0.343482
0.420207
0.446855
0.366792
0.175552
-0.00272888
-0.164845
-0.269442
-0.306298
-0.315829
-0.552609
-0.540518
-0.489878
-0.413153
-0.322563
-0.224659
-0.121558
-0.0144599
0.094769
0.203465
0.3026
0.371304
0.372734
0.262852
0.0871517
-0.077332
-0.213994
-0.268293
-0.28036
-0.285592
-0.581772
-0.56959
-0.518675
-0.441824
-0.351436
-0.254032
-0.151835
-0.0463124
0.0603842
0.164992
0.257657
0.317712
0.294107
0.165418
0.0038872
-0.150175
-0.246583
-0.275635
-0.271833
-0.271983
-0.61254
-0.600557
-0.549164
-0.472222
-0.382138
-0.285405
-0.18436
-0.0807084
0.0230926
0.123167
0.208906
0.258032
0.224002
0.0744655
-0.0716081
-0.207068
-0.246382
-0.258198
-0.263027
-0.263407
-0.644778
-0.632775
-0.581135
-0.504184
-0.414535
-0.318673
-0.219036
-0.117563
-0.0170397
0.0781514
0.156538
0.194638
0.154636
-0.0044617
-0.137502
-0.231526
-0.277709
-0.262782
-0.258993
-0.258613
-0.677974
-0.665948
-0.614293
-0.53739
-0.448341
-0.353582
-0.255627
-0.156655
-0.0597941
0.0302891
0.100949
0.130547
0.0679812
-0.0762417
-0.190844
-0.240965
-0.254447
-0.256438
-0.256586
-0.256191
-0.711406
-0.699439
-0.647791
-0.571304
-0.4831
-0.389712
-0.293767
-0.197621
-0.104775
-0.0200094
0.0433114
0.0597622
-0.0177874
-0.145424
-0.229085
-0.238515
-0.249703
-0.256262
-0.257068
-0.256548
-0.74386
-0.732331
-0.680809
-0.605191
-0.518116
-0.426449
-0.332873
-0.239899
-0.15131
-0.0722305
-0.0145117
-0.0113824
-0.0913969
-0.220523
-0.281454
-0.300511
-0.278863
-0.263106
-0.255501
-0.253911
-0.773921
-0.762876
-0.712314
-0.637754
-0.552441
-0.462935
-0.372157
-0.282731
-0.198535
-0.125372
-0.0717739
-0.0744435
-0.150894
-0.291747
-0.392549
-0.34275
-0.304166
-0.271635
-0.254706
-0.249663
-0.799946
-0.789585
-0.740426
-0.667837
-0.584841
-0.498044
-0.410587
-0.325136
-0.245467
-0.177891
-0.128875
-0.127716
-0.186618
-0.305736
-0.540517
-0.432908
-0.350522
-0.300634
-0.278468
-0.268865
-0.81965
-0.810195
-0.763229
-0.69354
-0.613814
-0.530481
-0.446928
-0.365899
-0.291045
-0.228573
-0.183981
-0.169753
-0.178719
-0.146197
-0.148435
-0.279519
-0.342607
-0.372193
-0.369464
-0.359899
-0.831002
-0.822395
-0.778701
-0.712979
-0.637541
-0.558674
-0.479781
-0.403597
-0.334078
-0.276507
-0.234874
-0.210403
-0.166421
0.136249
0.273767
-0.0783001
-0.333028
-0.407145
-0.423457
-0.426054
-0.830068
-0.822865
-0.785173
-0.724262
-0.654277
-0.58094
-0.507495
-0.43681
-0.37296
-0.320772
-0.287808
-0.279697
-0.327349
-0.343763
-0.349593
-0.436699
-0.503268
-0.529895
-0.539937
-0.544342
-0.81507
-0.810171
-0.780038
-0.726002
-0.662588
-0.595808
-0.528498
-0.46368
-0.405664
-0.360804
-0.342362
-0.404905
-0.684805
-1.16286
-1.34619
-1.05192
-0.854041
-0.768223
-0.743898
-0.736654
-0.78638
-0.782792
-0.761586
-0.717187
-0.661873
-0.602369
-0.541495
-0.482277
-0.429652
-0.391871
-0.384214
-0.490018
-0.774019
-1.00113
-0.90986
-0.724839
-0.75942
-0.842125
-0.837778
-0.823057
-0.747892
-0.745615
-0.732803
-0.699484
-0.652881
-0.600707
-0.545831
-0.491012
-0.441407
-0.405507
-0.401571
-0.445443
-0.568639
-0.647474
-0.683973
-0.936856
-1.13445
-1.06269
-0.88738
-0.80927
-0.706632
-0.705367
-0.698592
-0.67679
-0.638844
-0.592232
-0.541957
-0.489551
-0.43884
-0.398374
-0.385651
-0.408399
-0.603105
-0.924951
-1.33373
-1.57445
-1.70531
-1.6307
-1.41129
-1.29942
-0.671096
-0.670402
-0.667352
-0.653246
-0.62291
-0.580774
-0.532256
-0.478781
-0.424195
-0.372859
-0.341798
-0.350247
-0.392163
-0.38924
-0.433434
-0.46432
-0.412678
-0.269738
-0.129408
-0.00726958
-0.643546
-0.642697
-0.641232
-0.634815
-0.610642
-0.570622
-0.520022
-0.462269
-0.398268
-0.332145
-0.261921
-0.196151
-0.0488133
0.228232
0.589682
0.940167
1.2345
1.44207
1.57313
1.63899
-0.62192
-0.621428
-0.62074
-0.618651
-0.602021
-0.563077
-0.508288
-0.443954
-0.369223
-0.285953
-0.190276
-0.0894147
0.130507
0.511433
0.971038
1.41801
1.78748
2.04072
2.18074
2.23805
-0.608276
-0.607945
-0.607586
-0.607051
-0.596827
-0.558673
-0.499375
-0.427059
-0.343246
-0.246625
-0.141993
-0.0247643
0.142807
0.520563
0.988867
1.4457
1.82966
2.08695
2.22282
2.27503
-0.59833
-0.597923
-0.596994
-0.597164
-0.592665
-0.557775
-0.493472
-0.413383
-0.323222
-0.221629
-0.113545
0.00750527
0.128614
0.438827
0.866252
1.25527
1.58125
1.79781
1.91148
1.95542
-0.597117
-0.595818
-0.593451
-0.593957
-0.593235
-0.560232
-0.488868
-0.400964
-0.305637
-0.20322
-0.0922075
0.0219526
0.138202
0.359247
0.692492
0.996512
1.24217
1.41218
1.50111
1.5343
-0.6099
-0.608285
-0.60943
-0.613521
-0.611199
-0.566529
-0.480493
-0.383927
-0.286114
-0.185416
-0.079661
0.0218134
0.12213
0.251192
0.486389
0.71532
0.902435
1.03294
1.09945
1.12338
-0.613744
-0.61533
-0.624989
-0.632583
-0.618958
-0.55541
-0.456208
-0.355694
-0.261205
-0.168833
-0.0754329
0.010566
0.0935965
0.179078
0.33434
0.497313
0.627601
0.71992
0.765518
0.781733
-0.541257
-0.545106
-0.557539
-0.564417
-0.546732
-0.484035
-0.395823
-0.308716
-0.227684
-0.150378
-0.072757
-0.00295772
0.0599192
0.11256
0.211932
0.323402
0.412774
0.474971
0.504773
0.511628
-0.372131
-0.376628
-0.385101
-0.390426
-0.379989
-0.343822
-0.293753
-0.238972
-0.183022
-0.125524
-0.0676399
-0.0169111
0.0245998
0.0575384
0.119561
0.191546
0.250644
0.290252
0.308848
0.313904
-0.179763
-0.182488
-0.187347
-0.194258
-0.198361
-0.194337
-0.181754
-0.160747
-0.133129
-0.0990308
-0.0620183
-0.0301824
-0.00717405
0.0094424
0.0517685
0.097424
0.134903
0.158546
0.168087
0.170575
-0.0360503
-0.0375982
-0.0408061
-0.0495004
-0.0643399
-0.0803969
-0.0912866
-0.0941488
-0.0877318
-0.0731054
-0.0537046
-0.0381364
-0.029972
-0.0219267
0.00296534
0.0327918
0.0556026
0.0678421
0.0723401
0.0725119
0.0403827
0.0393646
0.03674
0.0278261
0.0103259
-0.0118923
-0.0318722
-0.0457915
-0.0517711
-0.0502327
-0.0442393
-0.0413752
-0.0441606
-0.0419752
-0.0226225
-0.00387354
0.00717556
0.0116276
0.0122009
0.011673
0.0686454
0.0679821
0.0658812
0.0584659
0.0434321
0.0233612
0.00311261
-0.0139706
-0.0256676
-0.0316708
-0.0339552
-0.0387111
-0.0466988
-0.0473929
-0.0334244
-0.0223072
-0.0176922
-0.0170819
-0.0181063
-0.0187776
0.0721467
0.0717479
0.0702401
0.0648698
0.0536847
0.0380336
0.0209808
0.00523281
-0.00736851
-0.0162713
-0.0222905
-0.0299254
-0.0393031
-0.0404447
-0.029494
-0.0233661
-0.0229666
-0.0245414
-0.0261269
-0.0267552
0.0651193
0.0649043
0.0639065
0.0603496
0.0527229
0.0415888
0.0287185
0.0159187
0.00481872
-0.00380376
-0.00985654
-0.0159199
-0.0223111
-0.0206256
-0.0128231
-0.0112524
-0.0133814
-0.0160323
-0.0176648
-0.0182911
0.054689
0.0545789
0.0539511
0.0517557
0.0469181
0.0395348
0.0305546
0.0211988
0.0127688
0.00623482
0.00299956
0.00143074
0.00135265
0.00563763
0.00971635
0.00862585
0.00534647
0.00264271
0.00131775
0.000681086
0.0441194
0.044057
0.0436703
0.0424126
0.0395858
0.0350511
0.0292677
0.0230297
0.0173581
0.0136304
0.0141037
0.0193586
0.0263712
0.0343503
0.0348128
0.031325
0.0276602
0.0258668
0.025171
0.0245353
0.0348114
0.034765
0.0345323
0.0338763
0.0323757
0.0297886
0.0263213
0.022511
0.0192466
0.0181015
0.0221911
0.0336798
0.0495089
0.0590737
0.0555274
0.0502068
0.0474845
0.0473364
0.0475123
0.0467812
0.0271213
0.0270797
0.0269286
0.0266017
0.0258837
0.0245283
0.0225496
0.0203587
0.0186554
0.0191262
0.0252298
0.0399177
0.0590435
0.0691984
0.0634482
0.0596333
0.0588977
0.0599599
0.0610867
0.0603979
0.0209429
0.0208977
0.0207824
0.0205918
0.0202344
0.0195436
0.0184065
0.0170632
0.0160035
0.01658
0.0219476
0.0353082
0.0529842
0.0610253
0.0557214
0.0538079
0.0566743
0.0608868
0.0622615
0.061363
0.0159912
0.0159457
0.0158524
0.0157
0.0154573
0.0149507
0.0141406
0.013005
0.0117833
0.0111382
0.0129977
0.0197456
0.0301532
0.0335603
0.0307388
0.0338666
0.0403697
0.0457546
0.0476941
0.0468932
0.0119073
0.011859
0.0117676
0.0115794
0.0112803
0.0108928
0.0100587
0.00877781
0.00682833
0.00406093
0.000343574
-0.00379528
-0.00725406
-0.0105673
-0.00790765
0.00221751
0.0126626
0.0190407
0.0208148
0.0203356
0.00847134
0.00840965
0.00830566
0.00810481
0.00784256
0.00736049
0.00651766
0.0050247
0.00240029
-0.00229202
-0.0117848
-0.027445
-0.0473087
-0.0575952
-0.0466253
-0.0300738
-0.0176132
-0.0114635
-0.00969144
-0.00964027
0.00563225
0.00556113
0.00546312
0.00529633
0.00498021
0.0044947
0.00369325
0.00215072
-0.000662914
-0.00643691
-0.0189131
-0.0439628
-0.0773452
-0.0883618
-0.0703314
-0.0499403
-0.0392264
-0.0341565
-0.0327156
-0.0322278
0.003291
0.00321466
0.00314708
0.00302755
0.00273099
0.00237103
0.00164745
0.000468547
-0.00186382
-0.00679208
-0.0184114
-0.0426937
-0.0762618
-0.0826152
-0.064418
-0.0486497
-0.0417918
-0.0403963
-0.0397582
-0.0389075
0.000584835
0.000533512
0.000473278
0.000514318
0.000328878
0.000124851
-9.57964e-05
-0.000187247
-0.000569903
-0.00163046
-0.00436257
-0.0107949
-0.0155535
-0.0125821
-0.0123988
-0.0137248
-0.0133006
-0.0112051
-0.00944137
-0.0223452
-1.0866
-0.39583
0.05665
0.318587
0.507991
0.653838
0.767873
0.861169
0.959689
1.05096
-0.024082
0.174181
0.354835
0.507
0.63445
0.738763
0.82399
0.893654
0.936738
0.940885
0.315048
0.432287
0.546993
0.649256
0.737387
0.811773
0.872711
0.91896
0.948736
0.966591
0.528925
0.608565
0.687534
0.759883
0.823062
0.876997
0.921363
0.956153
0.982602
1.00183
0.685189
0.739387
0.798859
0.852772
0.8999
0.94091
0.975701
1.00456
1.02815
1.04526
0.808737
0.849845
0.89611
0.936686
0.974291
1.00784
1.0372
1.06229
1.08324
1.09756
0.912075
0.946717
0.984067
1.01853
1.05095
1.08071
1.10717
1.12986
1.1486
1.16038
1.0057
1.03684
1.07096
1.10369
1.13453
1.16296
1.18815
1.20947
1.22646
1.23603
1.09692
1.12951
1.16489
1.19896
1.23032
1.25865
1.28325
1.30359
1.31907
1.32731
1.19898
1.23652
1.27484
1.31112
1.3432
1.37109
1.39455
1.41356
1.42771
1.43622
1.32596
1.36834
1.40756
1.44343
1.47385
1.49953
1.52109
1.53873
1.55224
1.56242
1.48753
1.52898
1.56269
1.59226
1.6168
1.63832
1.65792
1.67535
1.69009
1.70279
1.67796
1.70877
1.73
1.74913
1.7672
1.78443
1.80064
1.81647
1.83298
1.84991
1.87582
1.88721
1.89826
1.91236
1.92664
1.93948
1.95085
1.9617
1.97461
1.99149
2.06163
2.07154
2.08018
2.08262
2.08348
2.08774
2.09854
2.11449
2.13211
2.13671
2.36268
2.30727
2.25644
2.21619
2.1938
2.18976
2.20325
2.23705
2.29349
2.36905
0.918568
0.859874
0.81739
0.783526
0.758862
0.741297
0.728769
0.719818
0.713676
0.710153
0.709709
0.712515
0.717913
0.725819
0.736718
0.751754
0.772753
0.801841
0.840598
0.888421
0.720128
0.728881
0.734406
0.735224
0.731731
0.725671
0.719218
0.713716
0.709836
0.70813
0.709245
0.712788
0.718028
0.724475
0.731222
0.736478
0.738095
0.734854
0.727503
0.719834
0.697175
0.699205
0.703807
0.707311
0.709811
0.711224
0.710915
0.70915
0.706922
0.7053
0.705252
0.707014
0.709684
0.712271
0.713725
0.713367
0.711497
0.708686
0.70463
0.700246
0.690292
0.691158
0.693636
0.696341
0.69834
0.699684
0.700645
0.701063
0.700875
0.700562
0.700839
0.701854
0.702892
0.703328
0.702991
0.702121
0.700693
0.698442
0.695795
0.693825
0.684677
0.685138
0.686529
0.68854
0.690465
0.692021
0.693137
0.693996
0.694663
0.695172
0.695721
0.696281
0.696537
0.696391
0.69588
0.694886
0.693357
0.691513
0.689856
0.688836
0.679541
0.679827
0.68074
0.682199
0.683808
0.685388
0.686781
0.68791
0.688872
0.689745
0.690484
0.690932
0.691007
0.69072
0.690011
0.68891
0.687592
0.686253
0.685152
0.684524
0.674634
0.674835
0.675518
0.67668
0.678045
0.679464
0.6809
0.682254
0.683457
0.684543
0.685448
0.685962
0.68602
0.685643
0.684906
0.683966
0.682945
0.681917
0.681114
0.680672
0.669887
0.670038
0.670581
0.671552
0.672762
0.674071
0.675455
0.676881
0.678282
0.679589
0.680687
0.681324
0.681427
0.68111
0.680525
0.679788
0.678983
0.678188
0.677589
0.677257
0.665223
0.665342
0.665786
0.666623
0.667732
0.668979
0.670331
0.671786
0.673316
0.674844
0.676177
0.676996
0.67725
0.677112
0.676724
0.676184
0.675562
0.674961
0.674515
0.674258
0.660558
0.660654
0.661028
0.661775
0.66282
0.664028
0.665382
0.66689
0.668541
0.670284
0.671895
0.672983
0.673485
0.673579
0.673401
0.673058
0.672622
0.672187
0.671861
0.671658
0.655806
0.655885
0.656209
0.656897
0.657909
0.659114
0.660508
0.662107
0.663917
0.665906
0.667851
0.669293
0.670108
0.67047
0.670523
0.670381
0.670128
0.669843
0.669617
0.669454
0.650886
0.650951
0.65124
0.651896
0.652909
0.65416
0.655636
0.657372
0.659401
0.661704
0.664064
0.665936
0.667116
0.667784
0.668095
0.668165
0.668091
0.667944
0.667802
0.667671
0.645717
0.645771
0.646037
0.646686
0.647733
0.649073
0.650679
0.652616
0.654939
0.657648
0.660523
0.662911
0.664516
0.665531
0.666127
0.66643
0.666535
0.666525
0.666456
0.666351
0.640208
0.640252
0.640506
0.64117
0.64229
0.64376
0.645553
0.647759
0.650459
0.653688
0.657203
0.660207
0.662318
0.663737
0.664656
0.665224
0.665524
0.665644
0.665642
0.665558
0.634256
0.634291
0.63454
0.635242
0.636471
0.638122
0.640166
0.642716
0.645884
0.649743
0.654037
0.657806
0.660538
0.662446
0.663741
0.664609
0.66512
0.665383
0.665446
0.665382
0.62774
0.627768
0.62802
0.628779
0.630156
0.632045
0.634418
0.637417
0.641192
0.645851
0.651104
0.655788
0.659252
0.661732
0.663467
0.664662
0.665427
0.665845
0.665973
0.665925
0.620512
0.620531
0.620793
0.621624
0.623195
0.625384
0.628175
0.631746
0.636286
0.641934
0.648361
0.654161
0.6585
0.661657
0.663919
0.66551
0.666562
0.667149
0.667347
0.667314
0.612338
0.612358
0.612649
0.613573
0.615383
0.617953
0.621284
0.625574
0.631069
0.637956
0.645827
0.652955
0.658346
0.662316
0.665208
0.667279
0.668669
0.669448
0.669719
0.669699
0.602953
0.602963
0.603283
0.604341
0.60646
0.609525
0.613531
0.618726
0.625411
0.633802
0.643428
0.652199
0.658857
0.6638
0.667449
0.670099
0.671893
0.672896
0.673247
0.67324
0.591976
0.591979
0.592335
0.593582
0.596109
0.599817
0.604702
0.611079
0.619308
0.629626
0.641396
0.652071
0.660196
0.666278
0.670822
0.674142
0.676416
0.677673
0.678109
0.67811
0.578889
0.578885
0.579303
0.580797
0.583857
0.588406
0.59443
0.602316
0.612467
0.625125
0.639489
0.652486
0.662377
0.669819
0.675432
0.679566
0.682409
0.683957
0.684481
0.684485
0.562913
0.562905
0.56342
0.565275
0.569071
0.574773
0.58235
0.592263
0.604939
0.620559
0.63804
0.65369
0.665584
0.674568
0.681418
0.686495
0.689999
0.69187
0.692478
0.692475
0.542863
0.542853
0.543531
0.545954
0.550858
0.558225
0.567983
0.580642
0.596574
0.615838
0.637004
0.655733
0.6699
0.68064
0.688869
0.695009
0.699242
0.701441
0.702119
0.702098
0.516908
0.516901
0.51787
0.521268
0.527965
0.537882
0.550816
0.56726
0.587415
0.611132
0.636588
0.658755
0.67542
0.688064
0.697807
0.70512
0.71011
0.712614
0.713332
0.713283
0.481994
0.482008
0.48362
0.488935
0.498877
0.512886
0.530576
0.552221
0.577745
0.606776
0.63707
0.662967
0.682281
0.696942
0.708271
0.716808
0.722506
0.725236
0.725945
0.725855
0.432352
0.432602
0.436323
0.446055
0.462048
0.482796
0.507403
0.53589
0.567962
0.60308
0.638654
0.668474
0.690511
0.707216
0.72018
0.729938
0.736228
0.739063
0.7397
0.739559
0.36032
0.362662
0.373581
0.392808
0.418915
0.44904
0.48248
0.519095
0.558607
0.600465
0.641795
0.675902
0.700978
0.720014
0.734852
0.745942
0.752876
0.755863
0.756494
0.756362
0.2833
0.289721
0.309133
0.338522
0.375244
0.415081
0.45746
0.502376
0.549684
0.598915
0.646987
0.686514
0.715599
0.737756
0.755081
0.768017
0.775715
0.778785
0.779387
0.779352
0.21755
0.224232
0.250316
0.288302
0.333978
0.382738
0.433689
0.486705
0.541655
0.598075
0.652644
0.697288
0.730098
0.755139
0.774649
0.788939
0.796973
0.800277
0.801093
0.801117
0.163781
0.170762
0.20081
0.244957
0.297332
0.353383
0.411711
0.47204
0.534087
0.597316
0.658047
0.707473
0.743684
0.771233
0.792559
0.808089
0.817165
0.820869
0.821496
0.821568
0.11901
0.126306
0.15883
0.207577
0.265315
0.327295
0.39181
0.458511
0.52694
0.596431
0.662899
0.716751
0.756045
0.785878
0.808928
0.825541
0.835356
0.839349
0.840099
0.840229
0.0807724
0.0882456
0.122506
0.174753
0.236904
0.303866
0.373702
0.445986
0.520131
0.595337
0.667082
0.724999
0.767113
0.798948
0.823341
0.840757
0.851126
0.855523
0.856511
0.856671
0.0470697
0.0546568
0.0901787
0.145316
0.211129
0.282347
0.356854
0.434112
0.513433
0.59388
0.670525
0.732212
0.77687
0.810355
0.835652
0.853626
0.864412
0.869165
0.870416
0.870616
0.0164404
0.024139
0.0606872
0.118314
0.187233
0.26214
0.340783
0.422521
0.506588
0.591924
0.673202
0.738453
0.785419
0.820298
0.846306
0.86469
0.875795
0.880832
0.882254
0.88247
-0.0120177
-0.0042218
0.0332679
0.0929205
0.164628
0.2428
0.325126
0.410929
0.499386
0.589346
0.675085
0.743775
0.792919
0.829036
0.855667
0.874359
0.885703
0.890907
0.892405
0.89259
-0.0390051
-0.0310861
0.00725341
0.0686957
0.142906
0.223998
0.309634
0.399147
0.491688
0.586053
0.676154
0.748242
0.799506
0.836798
0.864008
0.882965
0.894443
0.899743
0.901299
0.901474
-0.064919
-0.0568474
-0.0176384
0.0453214
0.121796
0.205503
0.294138
0.387047
0.483397
0.581979
0.676375
0.751886
0.805312
0.843822
0.871646
0.89089
0.902459
0.907751
0.909296
0.909524
-0.0900562
-0.0818243
-0.0419113
0.0226341
0.101118
0.187177
0.278527
0.374542
0.47445
0.577068
0.67571
0.754731
0.810436
0.850277
0.8788
0.898349
0.909992
0.915254
0.916726
0.916881
-0.114531
-0.106058
-0.0655284
0.000457548
0.0807633
0.168947
0.262743
0.3616
0.464809
0.571266
0.674109
0.756765
0.814943
0.856278
0.8856
0.905476
0.917143
0.922314
0.92369
0.923748
-0.138419
-0.129805
-0.088518
-0.0212517
0.060691
0.150775
0.246775
0.348211
0.454465
0.564544
0.671517
0.757954
0.818859
0.861922
0.892154
0.912348
0.923951
0.928922
0.930132
0.930117
-0.161771
-0.152981
-0.110977
-0.0425208
0.040894
0.132679
0.230648
0.334403
0.443424
0.556885
0.667868
0.758225
0.822174
0.867272
0.898574
0.919057
0.93048
0.935123
0.936123
0.936045
-0.184604
-0.175623
-0.1329
-0.0633485
0.0213929
0.11469
0.214398
0.320221
0.431737
0.548303
0.663121
0.757493
0.824821
0.872365
0.904995
0.925737
0.936757
0.940904
0.941649
0.941508
-0.206848
-0.197675
-0.154218
-0.0836852
0.00223606
0.0968527
0.198099
0.30574
0.41947
0.538823
0.657239
0.755661
0.826688
0.877178
0.911575
0.932634
0.942941
0.946273
0.946673
0.946479
-0.228441
-0.219069
-0.174914
-0.103493
-0.0165291
0.0792423
0.181819
0.291042
0.406694
0.528517
0.650215
0.752623
0.827616
0.881597
0.918439
0.940173
0.94945
0.95138
0.95118
0.950938
-0.249387
-0.239806
-0.194971
-0.122736
-0.034856
0.0619312
0.165649
0.276221
0.393508
0.517459
0.642086
0.748283
0.8274
0.885372
0.925529
0.948881
0.957264
0.956985
0.955352
0.954978
-0.26962
-0.259831
-0.214351
-0.14137
-0.0526781
0.0449731
0.149669
0.261368
0.380024
0.505754
0.632897
0.742554
0.825828
0.888118
0.932415
0.958944
0.967916
0.965506
0.961053
0.959071
-0.289169
-0.279182
-0.233041
-0.159403
-0.0700243
0.0283478
0.133853
0.246447
0.366207
0.493364
0.622579
0.735219
0.822606
0.889369
0.938252
0.969615
0.982275
0.980833
0.972742
0.955894
-0.308068
-0.297866
-0.251155
-0.177016
-0.0871416
0.0117367
0.117811
0.230983
0.351496
0.479642
0.610453
0.725558
0.816973
0.888439
0.941503
0.978066
0.996284
0.994228
0.986553
0.941274
-0.326589
-0.315503
-0.268615
-0.194075
-0.103931
-0.00476401
0.101721
0.215195
0.33612
0.4648
0.596605
0.713462
0.808172
0.88464
0.939724
0.976186
0.995107
0.996698
0.945224
0.884092
-0.345763
-0.331017
-0.285219
-0.210426
-0.120639
-0.021366
0.0853223
0.199088
0.320065
0.448823
0.580908
0.698691
0.794985
0.878045
0.930667
0.952328
0.968631
0.941252
0.876629
0.81153
-0.364693
-0.36635
-0.306466
-0.223574
-0.134193
-0.035188
0.0692234
0.183326
0.304066
0.432486
0.563981
0.681536
0.777217
0.870765
0.89106
0.898992
0.895166
0.838417
0.766261
0.696115
-0.340643
-0.339439
-0.281082
-0.198962
-0.104557
-0.00220496
0.107049
0.223781
0.347506
0.479236
0.604264
0.708624
0.793901
0.885319
0.90541
0.811649
0.731533
0.667285
0.595705
0.452697
-0.381945
-0.355597
-0.29452
-0.211681
-0.117493
-0.0153377
0.0933672
0.20954
0.332393
0.462647
0.585165
0.686437
0.763432
0.823402
0.796802
0.67433
0.558235
0.478304
0.395151
0.232639
-0.406762
-0.375666
-0.313611
-0.231279
-0.137029
-0.0350496
0.0738711
0.189321
0.310913
0.438982
0.558195
0.65441
0.723573
0.749548
0.675843
0.51723
0.381497
0.280326
0.166041
-0.0680764
-0.431024
-0.397576
-0.334285
-0.251313
-0.156989
-0.0550845
0.0535312
0.168109
0.288215
0.413701
0.528728
0.618734
0.675884
0.669171
0.539468
0.356036
0.187295
0.0468493
-0.112849
-0.496324
-0.454373
-0.420034
-0.355697
-0.271877
-0.17742
-0.0756746
0.0323577
0.145947
0.264372
0.386936
0.497057
0.580273
0.620371
0.584334
0.407059
0.202918
-0.00846416
-0.186672
-0.434289
-0.996398
-0.477552
-0.443135
-0.378101
-0.293706
-0.199059
-0.0974876
0.00997693
0.122497
0.239045
0.358369
0.463153
0.538649
0.561195
0.478333
0.285903
0.0747797
-0.140453
-0.340203
-0.507096
-1.12254
-0.501714
-0.467203
-0.401766
-0.317038
-0.22224
-0.120806
-0.013871
0.0975563
0.2121
0.327933
0.427198
0.493464
0.49365
0.367726
0.182046
-0.018728
-0.203453
-0.329729
-0.360403
-0.407952
-0.527293
-0.492692
-0.42702
-0.342179
-0.247413
-0.146275
-0.0400409
0.0700203
0.182168
0.293876
0.387148
0.441653
0.420106
0.266011
0.0884213
-0.0870774
-0.228927
-0.288562
-0.311422
-0.317185
-0.554649
-0.519808
-0.453962
-0.369119
-0.27455
-0.173889
-0.0686132
0.0397712
0.149129
0.256102
0.342737
0.383058
0.347762
0.170815
0.0030322
-0.150342
-0.257372
-0.284142
-0.285008
-0.285353
-0.58388
-0.548697
-0.482644
-0.397851
-0.303619
-0.203652
-0.0995853
0.00680587
0.112948
0.214657
0.293676
0.322067
0.25788
0.0832045
-0.0760682
-0.210796
-0.255584
-0.270269
-0.271922
-0.271668
-0.614891
-0.579305
-0.513033
-0.428363
-0.334605
-0.235533
-0.132938
-0.0288783
0.0736505
0.169614
0.240342
0.255653
0.160045
0.00168452
-0.143888
-0.249651
-0.262931
-0.262524
-0.263405
-0.263171
-0.647229
-0.61143
-0.544952
-0.460489
-0.367374
-0.269426
-0.168587
-0.0672133
0.0313462
0.121153
0.183555
0.18119
0.0733642
-0.0710676
-0.196997
-0.235369
-0.256905
-0.258781
-0.25875
-0.25848
-0.680559
-0.64442
-0.578054
-0.493931
-0.401665
-0.305095
-0.206312
-0.107971
-0.0137374
0.0697734
0.123256
0.107953
-0.0102075
-0.133903
-0.231217
-0.269796
-0.259757
-0.256838
-0.256374
-0.255958
-0.713956
-0.677806
-0.611807
-0.528204
-0.437033
-0.342137
-0.245746
-0.150762
-0.0612437
0.0162229
0.0592887
0.0399202
-0.0902128
-0.191313
-0.248673
-0.24729
-0.254272
-0.256992
-0.256788
-0.256379
-0.746427
-0.710775
-0.64508
-0.562578
-0.472831
-0.379969
-0.286327
-0.194985
-0.110515
-0.03884
-0.00343726
-0.0261621
-0.161857
-0.266593
-0.260002
-0.279947
-0.26866
-0.257797
-0.25437
-0.253638
-0.776445
-0.741731
-0.677066
-0.596004
-0.508158
-0.41776
-0.327285
-0.239879
-0.160494
-0.0946887
-0.0609898
-0.0947782
-0.216283
-0.364707
-0.368883
-0.324688
-0.285974
-0.261227
-0.251324
-0.248279
-0.80236
-0.769071
-0.70611
-0.627213
-0.541852
-0.454451
-0.367605
-0.28449
-0.209979
-0.150227
-0.116031
-0.149637
-0.227355
-0.425401
-0.525544
-0.394405
-0.320031
-0.287694
-0.272421
-0.266182
-0.821925
-0.790748
-0.73023
-0.65455
-0.572502
-0.48876
-0.406063
-0.32764
-0.257944
-0.20389
-0.170595
-0.178934
-0.154091
-0.160238
-0.278075
-0.309676
-0.363523
-0.373428
-0.363718
-0.359009
-0.832878
-0.804356
-0.747612
-0.676122
-0.598426
-0.519251
-0.441327
-0.367928
-0.303398
-0.255011
-0.218137
-0.206236
-0.0502552
0.29567
0.1034
-0.207614
-0.379885
-0.418392
-0.425571
-0.426979
-0.832599
-0.808014
-0.756395
-0.690105
-0.617933
-0.54424
-0.471774
-0.4039
-0.345215
-0.30276
-0.262023
-0.308651
-0.351464
-0.279254
-0.398395
-0.476297
-0.518657
-0.536245
-0.542634
-0.545477
-0.81727
-0.798802
-0.75496
-0.695073
-0.629573
-0.562204
-0.49572
-0.433613
-0.381533
-0.34676
-0.333116
-0.531489
-0.890361
-1.31234
-1.21923
-0.93958
-0.798813
-0.75162
-0.739231
-0.735768
-0.788239
-0.77529
-0.741481
-0.690423
-0.632512
-0.57209
-0.511567
-0.454939
-0.408357
-0.382043
-0.394897
-0.632935
-0.902638
-1.00243
-0.804636
-0.721642
-0.813721
-0.848503
-0.826616
-0.820063
-0.749473
-0.741223
-0.718551
-0.677238
-0.627259
-0.573567
-0.518318
-0.465278
-0.421097
-0.396699
-0.407166
-0.515546
-0.600989
-0.66426
-0.8014
-1.06189
-1.12975
-0.974145
-0.830448
-0.817331
-0.707876
-0.703322
-0.689876
-0.659324
-0.616303
-0.567672
-0.51589
-0.463815
-0.416784
-0.38486
-0.400582
-0.485621
-0.747597
-1.13869
-1.46772
-1.66543
-1.68981
-1.51438
-1.34415
-1.27901
-0.671887
-0.669605
-0.662214
-0.639857
-0.603067
-0.557205
-0.50611
-0.451371
-0.397667
-0.354184
-0.341147
-0.379734
-0.392476
-0.401047
-0.45519
-0.456624
-0.343488
-0.198509
-0.0647815
0.0174821
-0.643124
-0.642134
-0.639553
-0.625039
-0.592274
-0.546253
-0.492112
-0.430976
-0.365905
-0.295784
-0.229829
-0.133907
0.0679947
0.407491
0.769282
1.09599
1.34972
1.51598
1.61438
1.65246
-0.621737
-0.621035
-0.620393
-0.612984
-0.584907
-0.537261
-0.477526
-0.408037
-0.32846
-0.240496
-0.138037
-0.00441561
0.303053
0.739443
1.19881
1.61619
1.92932
2.12369
2.21778
2.24823
-0.608143
-0.607733
-0.607588
-0.604709
-0.581034
-0.53116
-0.464603
-0.386746
-0.296426
-0.194811
-0.0809669
0.0231165
0.312265
0.749215
1.2219
1.65051
1.97562
2.16809
2.25729
2.28336
-0.598211
-0.597498
-0.596806
-0.597109
-0.579703
-0.52828
-0.454855
-0.369577
-0.274143
-0.166855
-0.0556125
0.0618983
0.24586
0.655672
1.06497
1.43004
1.7045
1.86574
1.94036
1.96215
-0.596607
-0.594681
-0.593093
-0.595105
-0.582416
-0.527613
-0.446288
-0.354055
-0.255944
-0.147246
-0.0364105
0.0810464
0.232027
0.518284
0.852818
1.12587
1.33862
1.46546
1.52324
1.53868
-0.608861
-0.608283
-0.61156
-0.614887
-0.595934
-0.526027
-0.432926
-0.335128
-0.236746
-0.13166
-0.0281845
0.0739621
0.174118
0.362128
0.605772
0.813997
0.976655
1.07308
1.11559
1.12599
-0.613224
-0.619354
-0.629904
-0.630066
-0.594615
-0.507281
-0.405613
-0.307923
-0.215287
-0.1208
-0.0313703
0.0513226
0.129813
0.248268
0.418775
0.566295
0.680144
0.747779
0.776528
0.781511
-0.542012
-0.551169
-0.562674
-0.559902
-0.52129
-0.440647
-0.351948
-0.267484
-0.189088
-0.110722
-0.0365648
0.0272836
0.0867507
0.154766
0.268878
0.371416
0.447957
0.493064
0.510567
0.511283
-0.37388
-0.380644
-0.388694
-0.388017
-0.364755
-0.319719
-0.266802
-0.211132
-0.154689
-0.0956651
-0.0408107
0.00342852
0.0425818
0.0846607
0.155345
0.223636
0.273159
0.301997
0.312072
0.312607
-0.181104
-0.184552
-0.190738
-0.197038
-0.197426
-0.189122
-0.172137
-0.147779
-0.116813
-0.0798119
-0.045739
-0.0191554
0.00276787
0.0288195
0.0746428
0.117781
0.148684
0.164657
0.170309
0.169398
-0.036969
-0.0386998
-0.0443432
-0.0563239
-0.0726202
-0.0867183
-0.0937446
-0.0920541
-0.0812923
-0.0632359
-0.0453849
-0.0339516
-0.0262807
-0.0106263
0.0180604
0.0454534
0.0631516
0.070643
0.0728148
0.0716903
0.0397405
0.0385633
0.0332735
0.020083
-0.000645695
-0.0223839
-0.0396814
-0.0497518
-0.0518002
-0.0471155
-0.0423725
-0.042734
-0.0449294
-0.0329626
-0.0122795
0.00286847
0.0100237
0.0121714
0.0120261
0.011071
0.0682527
0.0673499
0.0630273
0.0518739
0.0337023
0.013072
-0.00593332
-0.0205229
-0.0292621
-0.0327995
-0.0360521
-0.0427791
-0.0492015
-0.0407033
-0.0272675
-0.0193742
-0.0169492
-0.0175964
-0.0184616
-0.0192577
0.071934
0.0712911
0.0681883
0.0600091
0.0462187
0.0295304
0.0128704
-0.00150398
-0.0122084
-0.0193914
-0.0260592
-0.0348395
-0.0420199
-0.0342605
-0.0255367
-0.022718
-0.0235893
-0.0254714
-0.0264858
-0.0271543
0.065021
0.0645989
0.0625573
0.057068
0.0474826
0.0352733
0.0222413
0.0101201
0.000177076
-0.00715157
-0.0128362
-0.0195958
-0.0232607
-0.0154793
-0.0114822
-0.012176
-0.0147302
-0.0170275
-0.018016
-0.0186571
0.0546507
0.0543822
0.0531225
0.0496969
0.0434901
0.0351788
0.0258609
0.016833
0.00922309
0.00440892
0.001938
0.000960827
0.0026612
0.00868858
0.00975771
0.00699016
0.00380792
0.00183475
0.000984655
0.000321772
0.044106
0.0439288
0.0431944
0.0412241
0.0375089
0.0322743
0.0261471
0.0200783
0.0151501
0.0130754
0.016209
0.0227823
0.0306891
0.0355353
0.0333082
0.0292955
0.0265727
0.025434
0.0249048
0.0241535
0.0348034
0.0346816
0.0342802
0.0332567
0.0312117
0.0281403
0.024412
0.0207386
0.01827
0.0192502
0.02709
0.041158
0.0556226
0.0580654
0.0526416
0.0483435
0.047309
0.0474712
0.0472641
0.0463305
0.0271132
0.0270196
0.0267946
0.0263115
0.0252823
0.0236089
0.0214452
0.0193638
0.018486
0.0212108
0.03154
0.0493274
0.0664115
0.0664906
0.0609455
0.0591924
0.0590849
0.060785
0.060936
0.0598906
0.020929
0.0208489
0.0206983
0.020446
0.0199543
0.019026
0.0177331
0.0164415
0.0159758
0.0184435
0.0276298
0.0441083
0.0593842
0.0581958
0.053928
0.0546846
0.0591382
0.0619329
0.0619948
0.0607659
0.0159733
0.0159064
0.0157843
0.0155924
0.0152339
0.0145846
0.0135958
0.0123773
0.0113363
0.0115356
0.0155901
0.0248167
0.0335194
0.0318592
0.0314937
0.0369919
0.043396
0.0471891
0.0474295
0.0462962
0.0118863
0.0118218
0.0116881
0.0114516
0.0111118
0.0105333
0.00947524
0.00791014
0.00556445
0.00226689
-0.00182045
-0.0053739
-0.00871683
-0.0106559
-0.00317091
0.00776444
0.0164761
0.0204256
0.0206778
0.01981
0.00844299
0.00836597
0.00822158
0.0079683
0.00761846
0.00701371
0.00587576
0.00389291
0.000490445
-0.00640575
-0.0194352
-0.0378177
-0.055367
-0.0542568
-0.0380221
-0.0230604
-0.0139548
-0.0100928
-0.00955982
-0.00999728
0.00559842
0.00551701
0.00539373
0.0051652
0.00478809
0.00414586
0.00303168
0.000961459
-0.00307039
-0.0113855
-0.0299689
-0.0604873
-0.0882021
-0.0811298
-0.0592548
-0.0434365
-0.0361295
-0.033201
-0.032338
-0.0324089
0.00325183
0.00318061
0.00310256
0.00290021
0.00257738
0.00204776
0.00117322
-0.000461563
-0.00390392
-0.0115715
-0.0284205
-0.0599336
-0.0846357
-0.0744369
-0.0550639
-0.0444506
-0.0406172
-0.0402087
-0.0392189
-0.0388831
0.00133554
0.00125802
0.00121938
0.00119784
0.00114782
0.000914934
0.000406916
-9.76161e-05
-0.00154971
-0.00399685
-0.00987691
-0.0230475
-0.0411336
-0.0427207
-0.032751
-0.0253063
-0.0234506
-0.0237138
-0.0230292
-0.0222866
-0.692711
-0.12333
0.199378
0.417564
0.584749
0.713311
0.81714
0.906632
1.0162
1.01318
0.121193
0.271017
0.434177
0.573961
0.689388
0.783398
0.860909
0.919834
0.943951
0.948111
0.390236
0.491042
0.59998
0.695085
0.776262
0.843941
0.897856
0.935743
0.959402
0.976443
0.5801
0.649538
0.724959
0.792627
0.851206
0.90039
0.939925
0.970237
0.994031
1.0127
0.722242
0.774155
0.826877
0.877113
0.92118
0.959069
0.990848
1.01692
1.03871
1.05704
0.83709
0.874847
0.916624
0.955985
0.991583
1.02303
1.05029
1.0732
1.09239
1.11017
0.935303
0.965808
1.00156
1.03503
1.06621
1.09438
1.11902
1.13969
1.15642
1.17379
1.02525
1.05391
1.08756
1.11937
1.1491
1.176
1.19934
1.21851
1.23298
1.25011
1.11593
1.14702
1.18225
1.21498
1.24491
1.27145
1.29398
1.31196
1.32455
1.34181
1.21969
1.2555
1.29349
1.32767
1.35768
1.38338
1.40463
1.42124
1.43283
1.45067
1.34891
1.38799
1.42618
1.45928
1.48724
1.5108
1.53042
1.54592
1.55775
1.576
1.51009
1.54612
1.57822
1.60502
1.62784
1.64835
1.66696
1.68299
1.6967
1.71458
1.69482
1.71987
1.73975
1.75827
1.77593
1.79268
1.80855
1.82455
1.84167
1.86081
1.88151
1.89236
1.90509
1.91964
1.93326
1.94534
1.95625
1.9676
1.983
2.00244
2.06343
2.07686
2.08192
2.08293
2.0849
2.09227
2.10598
2.12358
2.13733
2.14867
2.3323
2.28172
2.23425
2.20267
2.18962
2.19417
2.21742
2.26247
2.32917
2.42329
0.775193
0.772181
0.766119
0.755186
0.742687
0.731364
0.722286
0.715502
0.710998
0.709051
0.710228
0.714168
0.720294
0.728552
0.739034
0.75134
0.763685
0.77239
0.7769
0.779063
0.703507
0.710155
0.715399
0.719007
0.72011
0.718462
0.714988
0.711166
0.708142
0.706779
0.707804
0.710793
0.714845
0.719043
0.722053
0.722569
0.72024
0.715854
0.709559
0.703733
0.693421
0.696381
0.699738
0.702219
0.703968
0.705135
0.705339
0.704561
0.703456
0.702946
0.703746
0.705433
0.707062
0.707819
0.707382
0.706114
0.704203
0.701325
0.697984
0.695696
0.687401
0.688823
0.691029
0.693292
0.695002
0.696178
0.697042
0.697591
0.697814
0.698062
0.698688
0.699392
0.69969
0.699455
0.698807
0.697649
0.695825
0.693592
0.691836
0.690751
0.682074
0.682891
0.684349
0.686113
0.687839
0.689293
0.690402
0.691302
0.692083
0.692779
0.693366
0.69367
0.693618
0.693215
0.692368
0.691065
0.689529
0.687997
0.686972
0.686306
0.677066
0.677619
0.678695
0.680098
0.681594
0.683076
0.684436
0.6856
0.686628
0.68756
0.688224
0.688483
0.688345
0.687789
0.68687
0.685756
0.68457
0.683477
0.68278
0.682313
0.672248
0.672662
0.673521
0.674719
0.67603
0.677414
0.67883
0.680197
0.681451
0.682581
0.683387
0.6837
0.683542
0.683002
0.68223
0.681349
0.680427
0.679602
0.679088
0.678733
0.667553
0.667878
0.668586
0.669635
0.670851
0.672167
0.67357
0.675034
0.67649
0.67785
0.678842
0.679267
0.679211
0.678832
0.678258
0.677569
0.676851
0.676232
0.675845
0.675563
0.6629
0.663163
0.663764
0.664713
0.665868
0.667148
0.668559
0.670097
0.671719
0.673328
0.674563
0.675195
0.675346
0.675175
0.674801
0.674306
0.673771
0.673314
0.673021
0.67279
0.658201
0.65842
0.658947
0.659835
0.660953
0.662232
0.663689
0.665327
0.667128
0.669012
0.670561
0.671489
0.671907
0.671969
0.671802
0.671506
0.671139
0.670821
0.670601
0.670407
0.653375
0.653561
0.654038
0.654896
0.656013
0.657332
0.658872
0.660657
0.662687
0.664897
0.666841
0.668139
0.668869
0.669198
0.669257
0.669148
0.668948
0.66875
0.66859
0.668423
0.648341
0.648502
0.648951
0.649808
0.650967
0.652369
0.654042
0.656037
0.658374
0.661005
0.66343
0.665158
0.666245
0.666868
0.667172
0.667256
0.667222
0.667133
0.667023
0.666875
0.643013
0.643154
0.643592
0.64448
0.64572
0.647252
0.649116
0.651392
0.654121
0.657283
0.660293
0.662534
0.66404
0.664999
0.665574
0.665879
0.666009
0.66602
0.665952
0.665818
0.637296
0.637423
0.637865
0.63881
0.640175
0.64189
0.644013
0.646649
0.649871
0.653692
0.657416
0.660277
0.662282
0.663635
0.664518
0.665063
0.665368
0.665478
0.665448
0.665325
0.631082
0.631197
0.631656
0.632688
0.634221
0.636178
0.638637
0.641729
0.645567
0.650192
0.654793
0.658415
0.661022
0.662839
0.664071
0.664897
0.665399
0.665611
0.665616
0.6655
0.624234
0.624331
0.624822
0.625975
0.627727
0.629999
0.632896
0.636581
0.641202
0.646829
0.652494
0.657016
0.660329
0.662691
0.664334
0.66548
0.666202
0.666522
0.666563
0.666451
0.616558
0.616665
0.617188
0.618496
0.620526
0.623198
0.626647
0.631074
0.636677
0.643548
0.650505
0.656108
0.660259
0.663276
0.665431
0.666952
0.667915
0.668352
0.66843
0.668319
0.607793
0.6079
0.608515
0.61001
0.612392
0.615578
0.619725
0.625078
0.631883
0.640265
0.6488
0.655726
0.660898
0.664693
0.667455
0.669436
0.67069
0.671261
0.671374
0.67126
0.597654
0.597762
0.598481
0.600233
0.603061
0.606904
0.611943
0.618488
0.626828
0.637092
0.647529
0.656004
0.662366
0.66709
0.670578
0.673097
0.674687
0.675407
0.675558
0.675439
0.58567
0.585796
0.586665
0.588754
0.592167
0.596867
0.603066
0.611133
0.621394
0.633966
0.646683
0.657003
0.664786
0.67061
0.674951
0.678108
0.680096
0.680982
0.681167
0.681037
0.57122
0.571383
0.572463
0.575
0.579185
0.585023
0.592745
0.602777
0.615454
0.630845
0.646296
0.658784
0.66822
0.675334
0.680699
0.684621
0.687073
0.688138
0.688351
0.688203
0.553321
0.553558
0.554972
0.558169
0.563454
0.570889
0.580707
0.593363
0.609144
0.627983
0.646615
0.661552
0.672852
0.681433
0.687956
0.692739
0.695699
0.696946
0.697174
0.697002
0.530498
0.530881
0.532841
0.537072
0.544023
0.55378
0.566518
0.582649
0.602315
0.625281
0.647601
0.665331
0.678714
0.688932
0.696733
0.702484
0.70597
0.707383
0.707609
0.707406
0.500405
0.501093
0.504024
0.510068
0.519752
0.533064
0.55
0.57078
0.595311
0.623136
0.649578
0.670324
0.685941
0.697903
0.707073
0.713823
0.717792
0.719323
0.719526
0.71929
0.458929
0.460351
0.465391
0.475008
0.48949
0.508338
0.531204
0.557994
0.588388
0.621746
0.652681
0.676615
0.694558
0.708337
0.718945
0.726654
0.730977
0.732533
0.732685
0.732422
0.398442
0.402928
0.413549
0.430235
0.452878
0.479991
0.51077
0.544944
0.582093
0.621494
0.657117
0.684292
0.704563
0.720124
0.732128
0.740644
0.745174
0.746584
0.746641
0.746373
0.325999
0.334101
0.353554
0.380827
0.413942
0.45038
0.489712
0.531831
0.57639
0.622736
0.66414
0.695602
0.719125
0.737158
0.750917
0.760547
0.765381
0.766843
0.766992
0.766885
0.253151
0.266639
0.295167
0.332826
0.375859
0.42154
0.469457
0.519604
0.571694
0.625148
0.672549
0.708501
0.735437
0.756258
0.772219
0.782951
0.787806
0.788849
0.789028
0.789021
0.192768
0.210106
0.244355
0.289739
0.340812
0.39461
0.450415
0.508151
0.56746
0.627749
0.680841
0.720959
0.750993
0.774154
0.791778
0.803214
0.808133
0.80987
0.810209
0.810271
0.143205
0.16257
0.201263
0.252413
0.309817
0.370278
0.432888
0.497429
0.563396
0.630085
0.688511
0.732467
0.765257
0.790508
0.809606
0.822101
0.827805
0.829926
0.83034
0.830439
0.101486
0.122072
0.164085
0.219782
0.282406
0.348437
0.416898
0.487445
0.559436
0.63202
0.695369
0.742841
0.778144
0.805265
0.825648
0.838955
0.84534
0.847762
0.848231
0.848341
0.065282
0.086669
0.131327
0.190692
0.257666
0.328491
0.402086
0.477989
0.555445
0.633442
0.701338
0.752028
0.789564
0.818144
0.839412
0.853324
0.860405
0.863006
0.863529
0.863623
0.0329521
0.0549104
0.101705
0.164162
0.234837
0.309836
0.387999
0.468746
0.551218
0.634256
0.706419
0.760089
0.799558
0.829256
0.851118
0.865471
0.872995
0.875821
0.876417
0.876495
0.00330145
0.0256877
0.0742895
0.139423
0.213329
0.292009
0.37426
0.459428
0.546568
0.634387
0.710635
0.767116
0.808317
0.838972
0.861301
0.876008
0.883854
0.886825
0.887451
0.887494
-0.0245731
-0.001738
0.0484996
0.115921
0.192699
0.274665
0.360602
0.449831
0.541354
0.633765
0.714005
0.773216
0.816041
0.84754
0.870279
0.885219
0.893226
0.896268
0.896916
0.896929
-0.0511431
-0.02782
0.0237435
0.0932901
0.172649
0.257562
0.346847
0.439821
0.53548
0.632338
0.71654
0.778476
0.822917
0.855257
0.878413
0.893563
0.90163
0.904718
0.905291
0.905231
-0.0767667
-0.0529208
-0.000223453
0.071318
0.15297
0.240543
0.332875
0.429309
0.52887
0.63006
0.718228
0.782966
0.829106
0.862366
0.885976
0.901321
0.909417
0.912439
0.912997
0.912899
-0.101667
-0.0773597
-0.0235013
0.0498115
0.133544
0.223517
0.318612
0.418241
0.521477
0.626865
0.71905
0.786733
0.834723
0.869024
0.893146
0.908678
0.916767
0.919697
0.920194
0.920064
-0.125973
-0.101148
-0.046198
0.0286978
0.114306
0.206433
0.304035
0.406596
0.513274
0.622712
0.718956
0.789786
0.839847
0.875343
0.900032
0.915707
0.923705
0.92648
0.926881
0.926716
-0.149716
-0.124351
-0.0683611
0.00795617
0.0952384
0.1893
0.289156
0.39438
0.504244
0.617554
0.717883
0.792094
0.844526
0.881426
0.906731
0.922472
0.930282
0.932821
0.933095
0.932896
-0.172863
-0.147018
-0.0900314
-0.0124202
0.0763638
0.172139
0.274006
0.381631
0.494401
0.611364
0.71575
0.793592
0.848768
0.887369
0.91337
0.929052
0.936477
0.938686
0.938841
0.938617
-0.19546
-0.169102
-0.111174
-0.0323988
0.0577182
0.155001
0.258649
0.368403
0.483797
0.60413
0.712496
0.794179
0.852514
0.893256
0.920137
0.935586
0.942344
0.94408
0.944098
0.943861
-0.217411
-0.190548
-0.131739
-0.0519402
0.0393491
0.137958
0.24316
0.354777
0.472491
0.595871
0.708049
0.793723
0.855648
0.899115
0.927297
0.9424
0.948027
0.948991
0.94883
0.948604
-0.23873
-0.211317
-0.151717
-0.07099
0.0213256
0.12108
0.227628
0.340852
0.460559
0.586641
0.702363
0.792079
0.857971
0.904848
0.935127
0.95015
0.954087
0.95358
0.953013
0.952862
-0.259328
-0.231414
-0.171061
-0.0895052
0.00370197
0.104444
0.212129
0.326703
0.448112
0.576524
0.695416
0.789088
0.859213
0.910133
0.94365
0.959747
0.962063
0.958897
0.95678
0.956369
-0.279272
-0.25081
-0.189727
-0.107433
-0.0134483
0.0881349
0.196783
0.312467
0.435275
0.565614
0.687229
0.784604
0.859059
0.914376
0.952247
0.971602
0.974389
0.96885
0.960947
0.943686
-0.298506
-0.269506
-0.207861
-0.124985
-0.0304296
0.0718123
0.181161
0.297669
0.42152
0.553373
0.677237
0.778002
0.857044
0.916883
0.959698
0.984722
0.991614
0.986217
0.970515
0.98377
-0.317157
-0.287486
-0.225404
-0.142121
-0.0471708
0.0555347
0.165269
0.282336
0.406841
0.539702
0.665256
0.768689
0.852489
0.916419
0.962212
0.991175
1.00273
0.994908
0.93358
0.916573
-0.33583
-0.30534
-0.242104
-0.158483
-0.0631329
0.0397528
0.149316
0.266729
0.391526
0.52481
0.651316
0.756297
0.844604
0.912217
0.954535
0.982134
0.985195
0.950428
0.882058
0.840762
-0.355226
-0.324022
-0.257555
-0.173732
-0.0779498
0.0246121
0.133685
0.251022
0.375659
0.508719
0.635293
0.740709
0.831358
0.903816
0.954414
0.943862
0.921422
0.860285
0.788669
0.744994
0.0623892
0.176353
0.296927
0.425021
0.555724
0.672318
0.766433
0.618692
-0.376329
-0.357573
-0.319294
-0.248974
-0.159836
-0.0618696
0.0439582
0.156861
0.276639
0.403506
0.532997
0.648569
0.741294
0.816675
0.868732
0.832131
0.692301
0.60554
0.537403
-0.394072
-0.381023
-0.33667
-0.264735
-0.175317
-0.0772056
0.0281113
0.140542
0.259462
0.384918
0.51208
0.624095
0.710971
0.773393
0.771752
0.671043
0.529111
0.424304
0.335592
-0.417411
-0.404689
-0.357383
-0.284371
-0.194901
-0.0965707
0.00881381
0.12092
0.238906
0.362726
0.486745
0.593758
0.672212
0.716624
0.678633
0.520789
0.356777
0.224419
0.10681
-0.440992
-0.428096
-0.379181
-0.304943
-0.215118
-0.116803
-0.0116748
0.0997323
0.216515
0.338282
0.458727
0.560165
0.631188
0.650232
0.567034
0.375914
0.179453
0.00127061
-0.166417
-0.463802
-0.451381
-0.40167
-0.32637
-0.236142
-0.137837
-0.0331003
0.0774726
0.192882
0.312272
0.428715
0.523838
0.585167
0.568629
0.440944
0.242121
0.0245043
-0.18251
-0.369899
-0.487242
-0.475086
-0.425072
-0.349089
-0.258546
-0.160184
-0.0557599
0.0540432
0.168031
0.284906
0.397156
0.485484
0.534034
0.494572
0.32577
0.130567
-0.0790631
-0.276107
-0.396923
-0.43397
-0.512045
-0.500026
-0.44975
-0.373406
-0.282743
-0.184426
-0.0803814
0.0285371
0.140881
0.254858
0.362396
0.443185
0.477571
0.416675
0.222631
0.0367587
-0.141193
-0.274768
-0.319336
-0.34337
-0.538344
-0.526453
-0.475978
-0.399444
-0.308817
-0.210742
-0.107258
0.000511804
0.11087
0.221451
0.323577
0.396485
0.41225
0.313948
0.130767
-0.0404577
-0.189906
-0.272264
-0.291583
-0.297236
-0.566476
-0.554576
-0.503888
-0.427224
-0.336756
-0.239088
-0.136404
-0.0300641
0.0779489
0.184663
0.280642
0.345444
0.332422
0.213647
0.0449514
-0.115802
-0.232767
-0.275618
-0.276236
-0.277603
-0.596351
-0.58455
-0.533517
-0.456754
-0.366555
-0.269462
-0.167815
-0.0631858
0.0421096
0.144512
0.23376
0.288923
0.257961
0.118448
-0.035172
-0.184387
-0.248854
-0.266108
-0.267088
-0.267023
-0.627829
-0.616034
-0.564762
-0.487951
-0.398122
-0.301806
-0.201429
-0.098823
0.00337881
0.101057
0.183182
0.226824
0.191111
0.0339236
-0.107196
-0.220501
-0.266953
-0.260727
-0.260691
-0.260695
-0.660431
-0.648552
-0.597374
-0.520565
-0.431267
-0.335936
-0.237098
-0.136832
-0.0380918
0.0545697
0.129152
0.163326
0.11276
-0.0412672
-0.166457
-0.244347
-0.259058
-0.25741
-0.257177
-0.256674
-0.693657
-0.681713
-0.63077
-0.554188
-0.465618
-0.371515
-0.27452
-0.176917
-0.0820224
0.00543619
0.0723703
0.0963425
0.0237572
-0.111136
-0.21415
-0.22922
-0.247579
-0.2552
-0.256179
-0.255748
-0.726522
-0.714617
-0.66411
-0.58818
-0.500606
-0.408038
-0.313225
-0.218619
-0.127875
-0.0459021
0.0144729
0.0237178
-0.0558646
-0.183649
-0.245577
-0.269911
-0.26311
-0.259388
-0.256569
-0.255663
-0.757274
-0.746187
-0.696498
-0.62152
-0.535409
-0.444772
-0.352531
-0.26128
-0.17487
-0.0987398
-0.0429821
-0.0441947
-0.123463
-0.259639
-0.334714
-0.318332
-0.291707
-0.265977
-0.253661
-0.250656
-0.785164
-0.774383
-0.726592
-0.653007
-0.568932
-0.480721
-0.391526
-0.304033
-0.222078
-0.151763
-0.100071
-0.102443
-0.173435
-0.313705
-0.467233
-0.393856
-0.326693
-0.281129
-0.259549
-0.251898
-0.807616
-0.797509
-0.75208
-0.681196
-0.599819
-0.514679
-0.42907
-0.345779
-0.268476
-0.203517
-0.156711
-0.150206
-0.187948
-0.254716
-0.494113
-0.415529
-0.354391
-0.337683
-0.322216
-0.308846
-0.822672
-0.813604
-0.771299
-0.704044
-0.626411
-0.545191
-0.463872
-0.385183
-0.312937
-0.252994
-0.209878
-0.188873
-0.166054
0.0164412
0.156868
-0.128042
-0.315946
-0.392515
-0.400279
-0.399981
-0.827757
-0.820321
-0.782247
-0.719747
-0.646856
-0.570636
-0.494347
-0.420829
-0.354114
-0.299073
-0.26023
-0.238499
-0.204001
0.0293079
0.101204
-0.171448
-0.37993
-0.452147
-0.466379
-0.471011
-0.821376
-0.815348
-0.782756
-0.726427
-0.659601
-0.589357
-0.518894
-0.451117
-0.390211
-0.341264
-0.316153
-0.33419
-0.504088
-0.817376
-0.949261
-0.798175
-0.681142
-0.643819
-0.638747
-0.638762
-0.799862
-0.795515
-0.770054
-0.722648
-0.663497
-0.600142
-0.536018
-0.474078
-0.418879
-0.378201
-0.363236
-0.458971
-0.805811
-1.26194
-1.37471
-1.04732
-0.89925
-0.840665
-0.809803
-0.798218
-0.765968
-0.763291
-0.745678
-0.708339
-0.65844
-0.602528
-0.544717
-0.4879
-0.437171
-0.40104
-0.397101
-0.47481
-0.646086
-0.71656
-0.538698
-0.512188
-0.683487
-0.782529
-0.756711
-0.749927
-0.725242
-0.723624
-0.714176
-0.686785
-0.646255
-0.597235
-0.544761
-0.491519
-0.44186
-0.40415
-0.397341
-0.416053
-0.584185
-0.840211
-1.23443
-1.59236
-1.76729
-1.59369
-1.33737
-1.13318
-0.68651
-0.685488
-0.681159
-0.663767
-0.630549
-0.586614
-0.537623
-0.485085
-0.433012
-0.388071
-0.367361
-0.396772
-0.543163
-0.741646
-0.976563
-1.15211
-1.2595
-1.18223
-1.02745
-0.884279
-0.656256
-0.655672
-0.653318
-0.643407
-0.616169
-0.575361
-0.526201
-0.470945
-0.412091
-0.353641
-0.304582
-0.272217
-0.195655
-0.0334061
0.181949
0.400239
0.611668
0.787897
0.908078
0.979946
-0.631401
-0.630787
-0.629872
-0.626195
-0.605898
-0.566453
-0.513921
-0.453128
-0.383808
-0.309241
-0.22357
-0.13953
0.0574351
0.404127
0.833455
1.25
1.58645
1.81824
1.95745
2.01401
-0.614435
-0.614015
-0.613504
-0.612327
-0.599067
-0.560351
-0.503481
-0.435181
-0.35549
-0.264635
-0.162785
-0.0495512
0.149001
0.545243
1.01337
1.47218
1.85907
2.12253
2.26456
2.32059
-0.602888
-0.6026
-0.602176
-0.602131
-0.594622
-0.557854
-0.496125
-0.419812
-0.332627
-0.232552
-0.126601
-0.00645294
0.13644
0.474438
0.9325
1.36584
1.72781
1.96719
2.09295
2.14088
-0.595847
-0.595038
-0.593053
-0.592983
-0.59125
-0.558566
-0.491251
-0.407333
-0.314412
-0.212239
-0.101949
0.0163498
0.131058
0.40852
0.788584
1.13126
1.41492
1.60762
1.70969
1.74888
-0.602226
-0.600562
-0.599106
-0.601285
-0.601204
-0.563424
-0.485644
-0.39344
-0.29635
-0.194218
-0.0847065
0.0240228
0.13461
0.299422
0.586316
0.853116
1.06826
1.21721
1.29327
1.32094
-0.616653
-0.615938
-0.621848
-0.62774
-0.619876
-0.565566
-0.471546
-0.371635
-0.274555
-0.177002
-0.076798
0.0168587
0.10845
0.214348
0.403521
0.597215
0.75512
0.867598
0.924652
0.946172
-0.590644
-0.594043
-0.605916
-0.613515
-0.596813
-0.529905
-0.431708
-0.335026
-0.245746
-0.160284
-0.0744977
0.00361124
0.0769309
0.144147
0.27061
0.40677
0.514284
0.588777
0.624511
0.635383
-0.465354
-0.470236
-0.481031
-0.486827
-0.471
-0.41925
-0.348723
-0.276372
-0.206655
-0.138551
-0.0701735
-0.00948939
0.0425965
0.0843712
0.161549
0.251298
0.324338
0.376449
0.399339
0.407363
-0.273323
-0.276866
-0.283075
-0.288982
-0.285898
-0.266696
-0.236407
-0.199325
-0.158032
-0.112272
-0.0651319
-0.0242947
0.00753372
0.031586
0.0835852
0.141175
0.187774
0.218147
0.232478
0.235936
-0.0994236
-0.101444
-0.105375
-0.113319
-0.123576
-0.131372
-0.132746
-0.12535
-0.109434
-0.085874
-0.0581503
-0.0345544
-0.0195658
-0.00799842
0.024303
0.0614073
0.0910857
0.108652
0.115364
0.116391
0.00980473
0.00856467
0.005726
-0.00330462
-0.0204358
-0.0411419
-0.0579698
-0.0676508
-0.0684316
-0.0611243
-0.0490101
-0.0405448
-0.0382967
-0.0341086
-0.0120442
0.0116109
0.0280155
0.035619
0.0380561
0.0378133
0.058862
0.0580424
0.0556702
0.0473692
0.0307551
0.00907683
-0.0117897
-0.0280714
-0.0376076
-0.0405081
-0.0392796
-0.0408576
-0.0467433
-0.0463148
-0.0298544
-0.0151941
-0.00806401
-0.00568762
-0.006141
-0.00680189
0.0723826
0.0718625
0.0700647
0.0636744
0.0505268
0.032554
0.0136947
-0.00304969
-0.0156411
-0.0235948
-0.0282185
-0.0350392
-0.0443098
-0.0455429
-0.0331112
-0.0249629
-0.0224906
-0.0231636
-0.0245497
-0.0252034
0.0693783
0.0690845
0.067852
0.0634421
0.0541151
0.0407991
0.0258109
0.0114075
-0.000651132
-0.00970689
-0.0161583
-0.0235402
-0.0318671
-0.0319207
-0.0224706
-0.0186545
-0.0197068
-0.0219431
-0.0236048
-0.0242245
0.0600645
0.0599126
0.05912
0.0563051
0.0501791
0.0410289
0.0301631
0.0190798
0.00921945
0.00151911
-0.00333861
-0.0074327
-0.0108918
-0.00742244
-0.00190745
-0.00182106
-0.00479992
-0.00760694
-0.00912319
-0.00976434
0.0493048
0.0492247
0.048734
0.0470614
0.0433278
0.0374856
0.0301853
0.0224506
0.0154222
0.0103204
0.00870956
0.0105332
0.0138032
0.0188714
0.022151
0.01977
0.0163065
0.0139962
0.012945
0.0123228
0.0392745
0.039223
0.0389254
0.0380082
0.03592
0.0324766
0.0279392
0.0229778
0.0186042
0.0162556
0.0186414
0.0271756
0.0385932
0.0488843
0.0466098
0.0417447
0.0384441
0.0374246
0.0371612
0.0364493
0.0307661
0.0307223
0.0305356
0.0300675
0.0290083
0.0271366
0.0245149
0.0216141
0.019267
0.0190571
0.0244537
0.0380767
0.0562118
0.0664356
0.0612881
0.0557736
0.0543275
0.0550337
0.0557907
0.0550581
0.0238625
0.0238188
0.0236921
0.0234459
0.0229428
0.0219732
0.020516
0.0188493
0.0175874
0.0182898
0.0243364
0.0390646
0.0582184
0.0675022
0.0619201
0.0588209
0.0601597
0.0622453
0.0636481
0.0628374
0.0183416
0.018295
0.0181913
0.0180212
0.0177568
0.0171904
0.0162586
0.0150705
0.0140255
0.0141534
0.0181812
0.0288331
0.0437212
0.0495138
0.045253
0.0454605
0.0496726
0.054875
0.0567552
0.0559286
0.013849
0.0137998
0.0137014
0.0135342
0.0132772
0.0128634
0.0120484
0.0108847
0.00934133
0.00768122
0.00688169
0.00864988
0.0126984
0.0127742
0.0123057
0.0191188
0.0274648
0.0334218
0.0353752
0.0347044
0.010089
0.0100341
0.00994512
0.00977989
0.00952674
0.0090635
0.00821295
0.00678031
0.00447007
0.000605914
-0.00609188
-0.016285
-0.0281501
-0.0350718
-0.0286871
-0.0143588
-0.00263521
0.0033412
0.00494914
0.00479314
0.00698819
0.00692935
0.0068466
0.00665638
0.00631299
0.00582587
0.00498475
0.00348607
0.000837563
-0.00462444
-0.0165349
-0.0378208
-0.0634065
-0.0764904
-0.0618726
-0.0419411
-0.0291614
-0.0241019
-0.0228812
-0.0225703
0.00441582
0.00434891
0.00426016
0.00408116
0.00376666
0.00330887
0.00259996
0.00116717
-0.00154823
-0.0070075
-0.0193393
-0.0453527
-0.0802704
-0.0902952
-0.0716414
-0.0522314
-0.0432369
-0.0398581
-0.0390174
-0.038324
0.00227151
0.00219411
0.00214173
0.00208063
0.00188402
0.0015241
0.00101986
5.36988e-05
-0.00185485
-0.00575414
-0.0151003
-0.034777
-0.0620263
-0.065421
-0.049722
-0.03901
-0.0354721
-0.0349381
-0.0344187
-0.0337508
0.00129142
0.00123436
0.0012111
0.00114015
0.00108343
0.000679812
0.000163125
-0.000737557
-0.00256031
-0.00629132
-0.0154951
-0.0324458
-0.0451407
-0.0382855
-0.02743
-0.0242225
-0.0234764
-0.0234687
-0.0226305
-0.00905113
-0.340745
0.00504907
0.227408
0.418934
0.573871
0.697719
0.797036
0.88151
0.942516
0.938123
0.163746
0.317822
0.46046
0.583486
0.68875
0.776686
0.849123
0.905324
0.939451
0.952015
0.430216
0.527642
0.622388
0.707716
0.781919
0.844972
0.896639
0.936057
0.964005
0.98306
0.611869
0.677149
0.745221
0.808066
0.862211
0.908832
0.947781
0.979203
1.0044
1.02245
0.749927
0.796635
0.84904
0.895429
0.937172
0.973852
1.00558
1.03235
1.05462
1.07018
0.861998
0.899578
0.940501
0.977622
1.01213
1.04339
1.07107
1.09481
1.11458
1.12746
0.959694
0.992091
1.02699
1.06034
1.09164
1.12047
1.14616
1.16807
1.18589
1.19637
1.0508
1.08208
1.11631
1.14962
1.18062
1.20892
1.23383
1.25466
1.27088
1.27949
1.14561
1.18039
1.21718
1.2526
1.28449
1.31274
1.33691
1.35666
1.37145
1.37943
1.25843
1.29876
1.338
1.3748
1.40658
1.43365
1.45622
1.47445
1.48813
1.49722
1.40227
1.44495
1.48261
1.51629
1.54429
1.56807
1.58868
1.60609
1.61994
1.63107
1.58014
1.61772
1.64573
1.67007
1.69109
1.71038
1.72862
1.74577
1.76167
1.77619
1.77783
1.79885
1.81374
1.82954
1.84582
1.86112
1.87484
1.8881
1.9036
1.92196
1.96843
1.9756
1.98616
1.9977
2.00761
2.01681
2.02706
2.03815
2.04977
2.05863
2.18148
2.18325
2.17532
2.1588
2.14765
2.14709
2.15924
2.18385
2.21796
2.2425
2.60111
2.40723
2.30617
2.24832
2.21918
2.21255
2.22775
2.26857
2.34442
2.48737
-0.339915
-0.34438
-0.304868
-0.232507
-0.143126
-0.0443636
0.854352
0.922559
0.920735
0.841723
0.771147
0.699304
0.468535
0.2435
-0.0286703
-0.388338
-0.743157
)
;

boundaryField
{
    wall-4
    {
        type            zeroGradient;
    }
    pressure-outlet-7
    {
        type            fixedValue;
        value           uniform 0;
    }
    velocity-inlet-6
    {
        type            zeroGradient;
    }
    velocity-inlet-5
    {
        type            zeroGradient;
    }
    frontAndBackPlanes
    {
        type            empty;
    }
}


// ************************************************************************* //
