/*--------------------------------*- C++ -*----------------------------------*\
  =========                 |
  \\      /  F ield         | OpenFOAM: The Open Source CFD Toolbox
   \\    /   O peration     | Website:  https://openfoam.org
    \\  /    A nd           | Version:  9
     \\/     M anipulation  |
\*---------------------------------------------------------------------------*/
FoamFile
{
    format      ascii;
    class       volScalarField;
    location    "12";
    object      p;
}
// * * * * * * * * * * * * * * * * * * * * * * * * * * * * * * * * * * * * * //

dimensions      [0 2 -2 0 0 0 0];

internalField   nonuniform List<scalar> 
8800
(
0.439192
0.391449
0.352849
0.323938
0.303177
0.288472
0.278022
0.270675
0.265931
0.263818
0.264841
0.268684
0.274969
0.283953
0.296465
0.313993
0.338618
0.372444
0.414859
0.473557
0.27026
0.277949
0.285598
0.289007
0.287628
0.282727
0.276436
0.270517
0.26589
0.263036
0.262594
0.264796
0.268932
0.274523
0.280952
0.286923
0.290334
0.289464
0.283826
0.275019
0.248562
0.254789
0.259034
0.262179
0.264419
0.265204
0.264279
0.262353
0.260429
0.259435
0.260138
0.262133
0.264504
0.26629
0.266561
0.265061
0.262439
0.258809
0.25414
0.250344
0.242366
0.245097
0.24818
0.250935
0.252888
0.254314
0.255279
0.255563
0.255332
0.255201
0.25565
0.256405
0.256806
0.256421
0.255382
0.253861
0.251602
0.248595
0.245905
0.24441
0.236957
0.238443
0.240644
0.243188
0.245437
0.247147
0.248366
0.249283
0.249951
0.250416
0.25072
0.250744
0.250376
0.249634
0.248409
0.246574
0.24424
0.241791
0.240148
0.239355
0.232074
0.232952
0.234894
0.237282
0.239618
0.241789
0.243574
0.244859
0.245746
0.24637
0.246729
0.246681
0.246126
0.24496
0.243204
0.241113
0.238856
0.236635
0.235351
0.234961
0.229348
0.2298
0.231164
0.232944
0.234666
0.23623
0.237731
0.239177
0.240411
0.24132
0.241688
0.241464
0.240754
0.239739
0.238544
0.237108
0.235458
0.233875
0.233046
0.232887
0.22794
0.228186
0.228962
0.230073
0.231337
0.232767
0.234208
0.235539
0.236737
0.23772
0.238237
0.238196
0.237725
0.236892
0.235794
0.234695
0.233716
0.232847
0.232408
0.232325
0.226121
0.22626
0.226672
0.227331
0.22808
0.22899
0.230142
0.2314
0.232664
0.233784
0.234459
0.23457
0.234274
0.233761
0.233256
0.232792
0.232277
0.231865
0.231652
0.231597
0.223413
0.223493
0.223788
0.224301
0.224948
0.225621
0.226615
0.227742
0.228964
0.23019
0.231096
0.231519
0.231579
0.231415
0.231248
0.230963
0.230667
0.230412
0.230298
0.230268
0.220208
0.220249
0.220477
0.220919
0.221436
0.222303
0.223168
0.22427
0.225572
0.226984
0.228171
0.228893
0.229241
0.229351
0.229259
0.2292
0.229026
0.228873
0.228823
0.228809
0.216745
0.21677
0.216955
0.21734
0.217872
0.218569
0.219469
0.220622
0.222049
0.223711
0.225252
0.22634
0.227022
0.227419
0.227599
0.227645
0.227599
0.227548
0.227542
0.227533
0.212945
0.212971
0.213129
0.213466
0.213978
0.21469
0.215662
0.216956
0.218613
0.220632
0.222607
0.224091
0.225097
0.225744
0.226128
0.226337
0.226432
0.226477
0.226504
0.226495
0.208684
0.208709
0.20887
0.209202
0.209728
0.2105
0.211595
0.213099
0.215087
0.217578
0.220092
0.222057
0.223424
0.224356
0.224959
0.225332
0.225552
0.225676
0.225727
0.225717
0.203862
0.203886
0.204072
0.204438
0.205032
0.205925
0.20722
0.209033
0.21147
0.214569
0.217745
0.220257
0.22209
0.223336
0.224168
0.224704
0.225037
0.225228
0.225302
0.22529
0.198374
0.198403
0.198623
0.199061
0.199771
0.200852
0.202434
0.204669
0.207697
0.211581
0.215598
0.218822
0.221141
0.222754
0.223841
0.224552
0.225
0.225256
0.225355
0.225341
0.192062
0.192099
0.192376
0.19292
0.193801
0.195148
0.197122
0.199918
0.203717
0.2086
0.213658
0.217719
0.220659
0.222709
0.224095
0.225005
0.225581
0.225909
0.226035
0.226018
0.184712
0.184758
0.185108
0.185801
0.186938
0.188652
0.191147
0.194677
0.199471
0.205619
0.211974
0.217069
0.220757
0.223331
0.225074
0.226219
0.226942
0.227354
0.227512
0.227491
0.176036
0.176096
0.176547
0.177449
0.178912
0.181106
0.184301
0.188813
0.194892
0.20264
0.210606
0.216968
0.221567
0.224776
0.226951
0.228379
0.229279
0.22979
0.229985
0.22996
0.165631
0.165711
0.166304
0.167486
0.169399
0.172252
0.176394
0.182178
0.189907
0.199674
0.209632
0.217542
0.223248
0.22723
0.229931
0.231707
0.232825
0.233457
0.233695
0.23366
0.152957
0.153069
0.153856
0.15543
0.157963
0.161726
0.167119
0.17458
0.184448
0.196751
0.209151
0.218938
0.225984
0.230904
0.23425
0.236457
0.237846
0.238629
0.238925
0.238876
0.13723
0.13739
0.138455
0.140599
0.14402
0.149031
0.156148
0.165871
0.178491
0.193942
0.209297
0.221331
0.229985
0.23604
0.240175
0.242919
0.244653
0.245614
0.245974
0.245914
0.117265
0.117496
0.119001
0.122032
0.126779
0.133631
0.143196
0.155939
0.172071
0.191375
0.210238
0.224912
0.235471
0.242896
0.248004
0.251427
0.253617
0.254839
0.255276
0.255197
0.0911724
0.091527
0.093806
0.0983381
0.105204
0.114867
0.127918
0.144714
0.165291
0.189222
0.212152
0.229857
0.242631
0.2517
0.25802
0.26232
0.265114
0.266693
0.267258
0.267151
0.0557994
0.0564544
0.060296
0.0676204
0.0780762
0.0921171
0.110158
0.132318
0.158374
0.187698
0.215199
0.23628
0.251566
0.262579
0.270423
0.275904
0.279567
0.281666
0.282407
0.282259
0.00491088
0.00687472
0.0147511
0.0278094
0.0445867
0.0653782
0.0903125
0.119241
0.151747
0.187089
0.219515
0.244204
0.26223
0.275458
0.285168
0.292245
0.297223
0.300254
0.301349
0.301139
-0.071687
-0.0614119
-0.0433513
-0.0200243
0.00629428
0.0360798
0.0694124
0.106114
0.145771
0.18769
0.225507
0.254247
0.275492
0.291479
0.30369
0.313153
0.32041
0.325354
0.327515
0.327724
-0.153251
-0.130532
-0.101809
-0.0681867
-0.0321616
0.00668082
0.0484499
0.0930765
0.140263
0.189468
0.23369
0.267539
0.29299
0.312643
0.328206
0.340799
0.350995
0.359722
0.364102
0.364464
-0.21643
-0.191487
-0.154494
-0.11271
-0.0682087
-0.0210711
0.028661
0.0808603
0.135236
0.19128
0.2413
0.279532
0.308344
0.330703
0.348472
0.362859
0.374473
0.383861
0.387869
0.388496
-0.267418
-0.24036
-0.198796
-0.151156
-0.10021
-0.0463281
0.0102573
0.069223
0.13014
0.192407
0.247523
0.289274
0.320437
0.34433
0.363046
0.377997
0.389994
0.399224
0.40352
0.40414
-0.308602
-0.280949
-0.235979
-0.184
-0.128117
-0.0688602
-0.00659353
0.0582033
0.12492
0.192722
0.252245
0.296878
0.329787
0.354694
0.373949
0.389103
0.401093
0.410116
0.414618
0.415243
-0.343478
-0.315563
-0.26821
-0.212792
-0.152899
-0.0891634
-0.0220618
0.0478123
0.119696
0.192567
0.256171
0.303381
0.337761
0.363429
0.382982
0.398145
0.410015
0.418815
0.423329
0.423964
-0.373957
-0.345989
-0.296887
-0.238673
-0.175428
-0.107868
-0.0365517
0.0378609
0.11448
0.192047
0.259422
0.309014
0.344748
0.371103
0.390943
0.406152
0.417942
0.426523
0.431011
0.431667
-0.401612
-0.373594
-0.323017
-0.262517
-0.196449
-0.125594
-0.0505418
0.0279568
0.108899
0.190889
0.261991
0.314032
0.351192
0.378316
0.398507
0.413818
0.42556
0.434044
0.438435
0.439106
-0.427236
-0.399114
-0.347368
-0.284891
-0.216393
-0.142677
-0.0643544
0.0178181
0.10283
0.189152
0.264037
0.318658
0.357391
0.385404
0.406046
0.421534
0.433286
0.441671
0.445937
0.44668
-0.451491
-0.423181
-0.37041
-0.306225
-0.235631
-0.159415
-0.0781552
0.00740056
0.096233
0.186765
0.265514
0.322934
0.363468
0.392559
0.41379
0.42955
0.441375
0.449696
0.453826
0.454587
-0.474642
-0.446119
-0.392416
-0.326842
-0.254375
-0.175936
-0.0920641
-0.00344831
0.0889458
0.183604
0.266356
0.326844
0.369473
0.399883
0.42188
0.438034
0.450001
0.458298
0.462285
0.46301
-0.497038
-0.468192
-0.413684
-0.346883
-0.272786
-0.192412
-0.106219
-0.01483
0.0809
0.179567
0.266447
0.330297
0.375371
0.407406
0.430393
0.447093
0.459305
0.467631
0.471463
0.472105
-0.518702
-0.489558
-0.43447
-0.366447
-0.290942
-0.208883
-0.120638
-0.0267484
0.0720515
0.174569
0.265644
0.333158
0.38106
0.415085
0.439343
0.456779
0.469351
0.477749
0.481466
0.481942
-0.539712
-0.510236
-0.454617
-0.385559
-0.308847
-0.225322
-0.135299
-0.0392061
0.0623846
0.168548
0.263811
0.335239
0.386347
0.422777
0.448648
0.467069
0.480152
0.488692
0.492318
0.492591
-0.560132
-0.530332
-0.47416
-0.404231
-0.326497
-0.241719
-0.150169
-0.0521604
0.0519195
0.161452
0.260816
0.336315
0.390982
0.430267
0.458186
0.477896
0.491679
0.500413
0.503937
0.504004
-0.580012
-0.549841
-0.493126
-0.422447
-0.34384
-0.258016
-0.16518
-0.0655469
0.0406968
0.153267
0.256528
0.33614
0.394694
0.437342
0.467838
0.489197
0.503842
0.512782
0.5161
0.515989
-0.599182
-0.568672
-0.511466
-0.440162
-0.360819
-0.274134
-0.180252
-0.0792705
0.0288003
0.14404
0.250872
0.334499
0.397149
0.443658
0.477363
0.500916
0.516615
0.525679
0.528671
0.528343
-0.617642
-0.586807
-0.529162
-0.45732
-0.377376
-0.290005
-0.19529
-0.0932355
0.0163334
0.133819
0.243823
0.331208
0.397922
0.448662
0.486368
0.513013
0.530139
0.538963
0.541249
0.540683
-0.635416
-0.604195
-0.546195
-0.473883
-0.39345
-0.305548
-0.2102
-0.107331
0.00341095
0.12271
0.235376
0.326147
0.396663
0.451697
0.494178
0.525313
0.545026
0.553158
0.55345
0.552506
-0.652373
-0.620864
-0.562503
-0.489795
-0.408986
-0.320686
-0.224888
-0.121441
-0.00983822
0.110852
0.225618
0.319233
0.393118
0.452034
0.499675
0.537021
0.562037
0.570831
0.566568
0.563741
-0.668611
-0.63678
-0.578113
-0.505076
-0.424017
-0.335468
-0.239411
-0.135621
-0.0234735
0.0981807
0.214465
0.310258
0.387021
0.448941
0.501076
0.545848
0.58008
0.59702
0.591259
0.567758
-0.684083
-0.651965
-0.593134
-0.519895
-0.438807
-0.350196
-0.254157
-0.150337
-0.0380308
0.0840441
0.201211
0.298384
0.377476
0.441192
0.495163
0.545875
0.587778
0.606508
0.593464
0.56563
-0.698665
-0.666612
-0.607404
-0.534005
-0.453085
-0.364544
-0.268902
-0.165261
-0.0531775
0.0687798
0.186094
0.283562
0.364118
0.428697
0.478181
0.527133
0.562456
0.568548
0.50193
0.45678
-0.711764
-0.681384
-0.620504
-0.546847
-0.466224
-0.378088
-0.283377
-0.180186
-0.0686934
0.0525768
0.169183
0.265812
0.346437
0.412322
0.452201
0.479129
0.499661
0.459825
0.38299
0.332111
-0.763994
-0.692994
-0.632298
-0.559906
-0.479575
-0.392117
-0.297667
-0.195355
-0.0848728
0.0350982
0.150116
0.244909
0.322747
0.392939
0.407261
0.408672
0.380795
0.31329
0.224364
0.175032
-0.720719
-0.706927
-0.648693
-0.578466
-0.498485
-0.411881
-0.318964
-0.218102
-0.109542
0.00778722
0.118949
0.209076
0.279174
0.33498
0.340952
0.214795
0.0935052
0.0100686
-0.0775692
-0.0294573
-0.747564
-0.720606
-0.663179
-0.592546
-0.513326
-0.427396
-0.334788
-0.235128
-0.128222
-0.0133148
0.0942325
0.17943
0.24199
0.270124
0.211822
0.0358103
-0.12655
-0.240236
-0.363599
-0.288332
-0.767367
-0.73678
-0.679415
-0.608315
-0.529516
-0.444123
-0.352183
-0.253936
-0.149014
-0.0370615
0.0662398
0.145342
0.197707
0.198604
0.0702164
-0.166283
-0.370075
-0.525764
-0.70373
-0.634856
-0.785883
-0.753909
-0.69572
-0.62415
-0.545562
-0.460715
-0.369811
-0.273113
-0.170346
-0.0616619
0.0368278
0.109458
0.149406
0.110316
-0.0971001
-0.375215
-0.640217
-0.876088
-1.13936
-1.11453
-0.802902
-0.770988
-0.712253
-0.640394
-0.562017
-0.477803
-0.388061
-0.293017
-0.192591
-0.0874663
0.00580478
0.071834
0.095469
0.00947056
-0.259873
-0.571098
-0.893785
-1.18725
-1.53955
-1.91413
-0.819487
-0.788013
-0.729193
-0.657306
-0.579168
-0.495598
-0.407008
-0.313649
-0.215668
-0.114234
-0.026369
0.0325527
0.0399513
-0.0974406
-0.407153
-0.728873
-1.05856
-1.34179
-1.46878
-1.66663
-0.836253
-0.805223
-0.746719
-0.675026
-0.597277
-0.514488
-0.427187
-0.335748
-0.240577
-0.14333
-0.0614699
-0.010513
-0.0218378
-0.223108
-0.53819
-0.850221
-1.12453
-1.30166
-1.34061
-1.37445
-0.85344
-0.822853
-0.764724
-0.693483
-0.616286
-0.534477
-0.448736
-0.359581
-0.267615
-0.175167
-0.0998888
-0.0576622
-0.0988363
-0.34611
-0.654321
-0.954747
-1.18083
-1.26277
-1.29152
-1.29808
-0.871174
-0.840931
-0.783141
-0.712464
-0.635962
-0.555374
-0.471492
-0.384996
-0.29673
-0.209701
-0.141506
-0.109406
-0.181278
-0.462056
-0.757545
-1.06026
-1.27123
-1.29114
-1.28557
-1.28357
-0.889215
-0.859302
-0.801869
-0.731735
-0.65608
-0.576935
-0.495192
-0.411752
-0.327721
-0.246656
-0.186457
-0.166877
-0.271444
-0.572299
-0.84208
-1.14189
-1.36595
-1.32026
-1.2891
-1.27645
-0.907225
-0.877619
-0.820569
-0.750986
-0.676331
-0.598789
-0.51959
-0.439696
-0.360441
-0.28588
-0.234729
-0.226461
-0.36747
-0.677468
-0.890531
-1.09706
-1.25158
-1.25013
-1.23497
-1.22769
-0.924516
-0.895213
-0.838745
-0.769705
-0.696178
-0.620526
-0.544162
-0.46838
-0.394477
-0.326631
-0.285961
-0.285878
-0.483084
-0.794347
-0.910934
-0.867097
-1.00942
-1.13998
-1.20673
-1.21823
-0.940449
-0.91151
-0.855608
-0.787226
-0.714873
-0.641328
-0.568223
-0.497123
-0.42897
-0.368349
-0.338994
-0.34966
-0.625294
-1.00022
-1.14494
-0.907117
-1.06116
-1.26518
-1.38255
-1.41072
-0.95426
-0.925734
-0.870298
-0.802506
-0.731487
-0.660296
-0.590936
-0.5251
-0.463278
-0.410087
-0.390514
-0.422718
-0.80095
-1.37341
-1.92727
-1.96464
-1.86797
-1.84019
-1.856
-1.87618
-0.964558
-0.936576
-0.881654
-0.814449
-0.744893
-0.676344
-0.611282
-0.55142
-0.497029
-0.450764
-0.438856
-0.494622
-0.957709
-1.77185
-2.77006
-3.35633
-3.18272
-2.84304
-2.6008
-2.54553
-0.969872
-0.942569
-0.888221
-0.82171
-0.753756
-0.688132
-0.627915
-0.575648
-0.531281
-0.491478
-0.478275
-0.563491
-0.999227
-1.80896
-2.83356
-3.65327
-3.77167
-3.53028
-3.16257
-2.96654
-0.968595
-0.942038
-0.888398
-0.822751
-0.756578
-0.694141
-0.63945
-0.596787
-0.567318
-0.53929
-0.518795
-0.595293
-0.891768
-1.43924
-2.02285
-2.51301
-2.69649
-2.65826
-2.46185
-2.33141
-0.959132
-0.933273
-0.880545
-0.816042
-0.751855
-0.692894
-0.644894
-0.615103
-0.609952
-0.613971
-0.594329
-0.587938
-0.694094
-0.79962
-0.85676
-0.876558
-0.831622
-0.744163
-0.61444
-0.525146
-0.939732
-0.914645
-0.863166
-0.800242
-0.738232
-0.683004
-0.642589
-0.63012
-0.666434
-0.760564
-0.808821
-0.678157
-0.475457
-0.184703
0.228415
0.642756
0.962416
1.16121
1.27073
1.31728
-0.909065
-0.88504
-0.835097
-0.774315
-0.714681
-0.663049
-0.630547
-0.640387
-0.745984
-1.04348
-1.28592
-0.930295
-0.431659
0.194992
0.89162
1.46542
1.90534
2.14233
2.24043
2.27164
-0.866761
-0.843011
-0.795086
-0.73751
-0.680353
-0.631587
-0.605423
-0.637018
-0.833702
-1.44869
-2.06575
-1.38466
-0.528582
0.293518
1.04789
1.61852
2.0096
2.19685
2.26962
2.28855
-0.811084
-0.789071
-0.744523
-0.689565
-0.63472
-0.587278
-0.562073
-0.599297
-0.823085
-1.60231
-2.44714
-1.57305
-0.613107
0.27484
0.953819
1.39945
1.67087
1.79999
1.86028
1.87266
-0.741983
-0.721949
-0.681457
-0.630434
-0.57789
-0.529958
-0.499141
-0.51858
-0.690562
-1.22408
-1.63237
-1.01222
-0.278477
0.389413
0.845453
1.12587
1.28929
1.38238
1.42678
1.43209
-0.660799
-0.642606
-0.607169
-0.560869
-0.511014
-0.462026
-0.421416
-0.406915
-0.461361
-0.633871
-0.656464
-0.273811
0.167812
0.524059
0.761183
0.914291
1.01388
1.07815
1.11361
1.12474
-0.570807
-0.557969
-0.525382
-0.483633
-0.437265
-0.388304
-0.339657
-0.296829
-0.267237
-0.237759
-0.128759
0.117681
0.354583
0.522442
0.64301
0.728655
0.79108
0.834002
0.857315
0.863817
-0.460943
-0.454237
-0.431222
-0.397767
-0.358599
-0.314552
-0.266088
-0.214096
-0.157301
-0.0818535
0.0392059
0.205299
0.354402
0.460602
0.537919
0.592863
0.631874
0.659531
0.676322
0.679081
-0.356335
-0.353129
-0.337047
-0.311979
-0.281361
-0.245019
-0.202239
-0.151969
-0.0909498
-0.00921456
0.0986421
0.216919
0.318096
0.39181
0.444246
0.480438
0.504743
0.519742
0.526841
0.528328
-0.259855
-0.258186
-0.248383
-0.230884
-0.208426
-0.18043
-0.145544
-0.101919
-0.046065
0.0287515
0.118753
0.206033
0.277241
0.329145
0.365166
0.38895
0.403719
0.412116
0.415835
0.416063
-0.171842
-0.171526
-0.166306
-0.155972
-0.141452
-0.121785
-0.0953845
-0.0601622
-0.0132212
0.0496982
0.122236
0.188053
0.239791
0.27693
0.301974
0.317799
0.326935
0.331558
0.333247
0.333062
-0.0962787
-0.0967885
-0.0957096
-0.0917858
-0.0840827
-0.0716098
-0.0529384
-0.0261292
0.0112372
0.0619098
0.119104
0.168981
0.206962
0.233654
0.25111
0.261586
0.267213
0.269718
0.270457
0.270182
-0.0393478
-0.0402075
-0.0415193
-0.0416528
-0.0389157
-0.0319549
-0.0193796
0.000350526
0.0290672
0.0685834
0.112712
0.150338
0.178385
0.197601
0.209823
0.216959
0.220521
0.221861
0.222147
0.221865
-0.000938591
-0.00178989
-0.00383391
-0.00562014
-0.00545792
-0.00213299
0.00578999
0.0197914
0.0413214
0.0715911
0.105292
0.133526
0.154153
0.16812
0.176826
0.181625
0.183794
0.184428
0.184456
0.184202
0.0228697
0.0221962
0.0203187
0.0183489
0.0177102
0.019363
0.0243602
0.0340448
0.0498001
0.0725455
0.0979817
0.119156
0.134431
0.144477
0.150467
0.153628
0.154894
0.15506
0.154927
0.15471
0.0368497
0.036382
0.0349826
0.0333595
0.0325718
0.0334402
0.0368611
0.0437886
0.0552884
0.0721921
0.0912094
0.106872
0.11792
0.125078
0.129293
0.131371
0.132029
0.131924
0.131719
0.131545
0.0447833
0.0444719
0.0435292
0.0423751
0.041736
0.04218
0.0444305
0.0493632
0.0578116
0.0703164
0.0843692
0.0959227
0.104054
0.109243
0.112158
0.113492
0.113805
0.113592
0.113384
0.113248
0.0491141
0.0489023
0.0482676
0.0474695
0.0470203
0.0473386
0.0489254
0.05241
0.0585062
0.0677138
0.0781334
0.086642
0.0925189
0.0961732
0.0981741
0.0990261
0.099138
0.0988959
0.0987082
0.0986018
0.0510651
0.0509133
0.0504502
0.049854
0.0494988
0.0496906
0.0508182
0.0533578
0.0578085
0.0645313
0.0721357
0.0783162
0.0825619
0.0851745
0.0865583
0.0870977
0.0871055
0.086876
0.0867163
0.086632
0.0512298
0.0511189
0.0507673
0.0503023
0.0500104
0.0501122
0.0508839
0.0526813
0.0559001
0.0608107
0.0663763
0.0708809
0.0739404
0.0757821
0.0767242
0.0770557
0.0770078
0.0768014
0.076668
0.0766015
0.0500217
0.0499402
0.0496738
0.0493115
0.0490728
0.0491214
0.0496608
0.0509484
0.0532688
0.0568276
0.0608635
0.0641136
0.0662973
0.0675895
0.0682255
0.0684188
0.0683406
0.0681584
0.0680479
0.0679956
0.0477896
0.0477283
0.0475278
0.0472489
0.0470554
0.0470677
0.0474342
0.0483449
0.0500128
0.052584
0.055501
0.0578386
0.0593929
0.060294
0.060717
0.0608202
0.0607307
0.0605749
0.0604847
0.0604436
0.0448201
0.0447732
0.0446236
0.0444128
0.0442609
0.0442555
0.0445043
0.0451469
0.046338
0.0481861
0.0502832
0.0519535
0.0530502
0.0536715
0.0539472
0.0539935
0.0539035
0.0537724
0.0536987
0.0536662
0.0413296
0.0412931
0.0411805
0.041021
0.040902
0.0408867
0.0410533
0.0415032
0.0423495
0.0436707
0.0451685
0.0463539
0.0471221
0.0475456
0.0477204
0.0477319
0.0476484
0.0475401
0.0474803
0.0474546
0.0374692
0.0374404
0.0373543
0.0372326
0.0371383
0.0371172
0.037226
0.0375379
0.0381346
0.039072
0.0401355
0.0409706
0.0415034
0.0417882
0.0418948
0.0418856
0.0418103
0.0417209
0.0416724
0.0416521
0.0333436
0.0333208
0.0332541
0.0331598
0.033084
0.0330599
0.0331277
0.0333403
0.0337562
0.0344156
0.0351641
0.0357476
0.0361134
0.0363008
0.0363612
0.0363402
0.0362739
0.0362007
0.0361615
0.0361457
0.0290264
0.0290084
0.028956
0.0288818
0.0288196
0.0287935
0.0288323
0.0289738
0.0292605
0.0297202
0.0302412
0.0306437
0.0308909
0.031011
0.0310412
0.0310145
0.0309569
0.030897
0.0308653
0.0308529
0.0245693
0.024555
0.0245137
0.0244549
0.0244036
0.0243771
0.0243961
0.0244876
0.0246814
0.0249969
0.0253551
0.0256285
0.0257914
0.0258647
0.0258754
0.0258468
0.0257975
0.0257485
0.0257232
0.0257135
0.0200109
0.0199996
0.0199672
0.0199204
0.019878
0.0198527
0.0198589
0.0199158
0.0200436
0.0202552
0.020496
0.0206776
0.0207821
0.020824
0.0208226
0.0207943
0.0207527
0.0207132
0.0206931
0.0206856
0.0153785
0.01537
0.0153447
0.0153077
0.0152732
0.0152501
0.0152485
0.0152809
0.0153617
0.0154995
0.0156566
0.0157734
0.0158376
0.0158592
0.0158512
0.0158252
0.0157904
0.0157587
0.0157429
0.0157373
0.0106912
0.010685
0.0106656
0.010637
0.0106104
0.0105916
0.0105867
0.0106039
0.0106516
0.0107356
0.0108316
0.0109015
0.0109378
0.0109468
0.010937
0.0109156
0.0108884
0.0108636
0.0108516
0.0108478
0.00596163
0.00595737
0.00594417
0.0059255
0.00590844
0.00589638
0.00589218
0.00590004
0.00592447
0.00596751
0.0060166
0.00605146
0.00606834
0.00607106
0.00606374
0.00604957
0.00603147
0.00601467
0.00600634
0.00600368
0.00120061
0.00120037
0.00119968
0.00119475
0.00118952
0.00118555
0.00118294
0.00118236
0.00118436
0.00118956
0.00119757
0.00120491
0.0012091
0.00121039
0.00120911
0.00120589
0.00120141
0.00119596
0.00119283
0.00119273
-0.814341
-0.565075
-0.285574
-0.0602276
0.122366
0.270317
0.396209
0.502824
0.552884
0.530258
-0.368018
-0.199917
-0.0257867
0.123439
0.250149
0.356781
0.444034
0.506825
0.53974
0.550594
-0.0674285
0.0430057
0.158554
0.261255
0.349953
0.424515
0.483905
0.527319
0.557449
0.57421
0.139945
0.215248
0.29604
0.368709
0.432015
0.485617
0.529291
0.563498
0.590124
0.607648
0.294931
0.349
0.405847
0.459671
0.507076
0.548107
0.58273
0.610977
0.633723
0.651097
0.417683
0.457136
0.50162
0.54379
0.581956
0.615757
0.644919
0.669024
0.688415
0.705542
0.520996
0.553495
0.592064
0.628169
0.66161
0.691671
0.717701
0.739083
0.75563
0.772644
0.616387
0.647962
0.684817
0.719345
0.751099
0.779503
0.803827
0.823383
0.837477
0.854533
0.715921
0.750586
0.788958
0.824068
0.855454
0.88277
0.905649
0.92361
0.935994
0.953455
0.833484
0.872232
0.911879
0.947039
0.977204
1.00267
1.02363
1.03998
1.05181
1.06996
0.979951
1.01903
1.05579
1.08705
1.11324
1.13579
1.15522
1.17105
1.18371
1.20177
1.15601
1.18794
1.21449
1.23729
1.25757
1.27656
1.29449
1.31114
1.32665
1.34478
1.3452
1.36256
1.37781
1.39428
1.41036
1.42503
1.43838
1.45242
1.47004
1.49024
1.52722
1.53687
1.54852
1.55941
1.56876
1.57846
1.58939
1.60084
1.61227
1.62765
1.73474
1.73842
1.72349
1.7087
1.70257
1.70834
1.72685
1.7572
1.78941
1.81609
2.04103
1.90618
1.82968
1.78748
1.77003
1.77401
1.80146
1.85787
1.96051
2.18488
0.329782
0.327705
0.323214
0.314661
0.302554
0.290572
0.280498
0.272748
0.267235
0.263987
0.263474
0.265885
0.27062
0.277487
0.286562
0.297837
0.310271
0.321146
0.327221
0.330202
0.254006
0.259875
0.266334
0.270982
0.273617
0.273462
0.270913
0.26729
0.263906
0.261641
0.261309
0.263183
0.266451
0.270337
0.273779
0.27536
0.27417
0.270455
0.265086
0.258388
0.245339
0.247652
0.251216
0.25446
0.256795
0.258542
0.259534
0.259408
0.258483
0.25757
0.257543
0.25863
0.260047
0.26093
0.260689
0.259403
0.257486
0.254806
0.251275
0.248233
0.239596
0.240654
0.242736
0.24552
0.247925
0.249662
0.250908
0.251835
0.252387
0.252667
0.252958
0.253287
0.253364
0.252954
0.252105
0.250807
0.248852
0.24626
0.243741
0.242232
0.234367
0.23495
0.23643
0.238839
0.241313
0.243577
0.245359
0.246598
0.247473
0.248091
0.248528
0.248732
0.24853
0.247885
0.246666
0.244807
0.24254
0.240147
0.238146
0.237231
0.230401
0.230643
0.231748
0.233789
0.235909
0.237865
0.239702
0.241349
0.242662
0.243625
0.244211
0.244286
0.243826
0.242823
0.241412
0.239762
0.237876
0.235842
0.234206
0.233681
0.228623
0.228733
0.229391
0.230698
0.232181
0.233647
0.235085
0.236456
0.23773
0.238817
0.239531
0.239679
0.239313
0.238586
0.237607
0.236448
0.235156
0.233858
0.232882
0.2326
0.227137
0.227197
0.227544
0.228252
0.229114
0.230364
0.231626
0.232972
0.234281
0.235456
0.236309
0.236598
0.236369
0.235786
0.235006
0.234024
0.233332
0.232674
0.232205
0.23206
0.224859
0.224896
0.225102
0.22555
0.226165
0.226839
0.227737
0.228817
0.230024
0.231237
0.23225
0.232776
0.23284
0.232631
0.232316
0.232028
0.231664
0.231317
0.23108
0.231004
0.221847
0.221861
0.222007
0.222395
0.222952
0.223623
0.224427
0.225492
0.226692
0.227995
0.22921
0.230021
0.230376
0.23041
0.230319
0.230223
0.229981
0.229723
0.229573
0.229539
0.218509
0.218509
0.218614
0.21893
0.219423
0.220044
0.220848
0.221842
0.223079
0.224535
0.226022
0.227169
0.227862
0.22825
0.228402
0.22838
0.228334
0.228216
0.228156
0.228149
0.214898
0.214901
0.214979
0.215246
0.215687
0.216291
0.2171
0.218167
0.21954
0.221226
0.223073
0.224617
0.225663
0.226324
0.226715
0.22691
0.226978
0.22698
0.226988
0.226993
0.210879
0.210874
0.210963
0.211205
0.211624
0.21224
0.21311
0.214307
0.215901
0.217932
0.220238
0.222255
0.223694
0.22466
0.225285
0.225668
0.225885
0.226002
0.226065
0.226079
0.206352
0.206344
0.206443
0.206697
0.207142
0.207821
0.208813
0.210215
0.212128
0.214617
0.217509
0.220108
0.221973
0.223307
0.224193
0.224765
0.225122
0.225335
0.225443
0.225466
0.201214
0.201203
0.201316
0.201615
0.202131
0.202929
0.204114
0.205814
0.208162
0.211255
0.21489
0.218182
0.220639
0.222343
0.223512
0.224285
0.224781
0.225083
0.225233
0.225265
0.195335
0.195321
0.195461
0.195823
0.196455
0.197433
0.198893
0.201002
0.203929
0.207803
0.212377
0.216548
0.219643
0.221833
0.223335
0.224336
0.224983
0.22538
0.225576
0.225616
0.188533
0.188514
0.188695
0.189159
0.189953
0.191172
0.193003
0.19566
0.199349
0.204227
0.209983
0.21523
0.219123
0.221885
0.223783
0.225052
0.225877
0.226384
0.226633
0.226683
0.180561
0.180538
0.180773
0.181369
0.182375
0.183936
0.186281
0.189664
0.194332
0.20049
0.20773
0.214308
0.219177
0.222632
0.225007
0.226598
0.227637
0.228278
0.228592
0.228653
0.171082
0.171055
0.171366
0.17214
0.173447
0.175468
0.178494
0.182818
0.188772
0.196568
0.205662
0.213876
0.219937
0.224234
0.227187
0.229168
0.230467
0.231273
0.231668
0.231743
0.159625
0.159592
0.160014
0.161046
0.162765
0.165412
0.169341
0.174938
0.182573
0.19245
0.203845
0.214057
0.221565
0.226882
0.230537
0.23299
0.234602
0.235607
0.236095
0.236192
0.14551
0.145469
0.146061
0.147465
0.149774
0.1533
0.158501
0.165817
0.175631
0.188141
0.202369
0.214996
0.224244
0.230792
0.235302
0.238333
0.240326
0.241574
0.242185
0.242303
0.127761
0.127718
0.128581
0.130541
0.133716
0.138531
0.145516
0.155149
0.167834
0.183669
0.201344
0.216849
0.228165
0.236195
0.241751
0.245502
0.247977
0.249537
0.250316
0.250462
0.104914
0.104898
0.10621
0.109037
0.113549
0.120293
0.129852
0.14271
0.159164
0.179133
0.200918
0.219781
0.233514
0.243305
0.250144
0.254812
0.257921
0.259891
0.260877
0.261063
0.0745342
0.0746056
0.0767428
0.0811095
0.0878977
0.0977398
0.111158
0.128477
0.149774
0.174752
0.201298
0.223967
0.240447
0.252296
0.260697
0.266542
0.270511
0.273067
0.274341
0.274578
0.0321403
0.0324948
0.0365361
0.0441313
0.055165
0.0701776
0.0893378
0.112673
0.14001
0.170852
0.202717
0.229541
0.249039
0.26322
0.273492
0.280851
0.286018
0.289473
0.291214
0.291512
-0.0303781
-0.0284064
-0.0189236
-0.00445179
0.0144921
0.0377231
0.0649128
0.0959102
0.130395
0.167784
0.20533
0.236495
0.259165
0.275872
0.288283
0.297528
0.304349
0.309113
0.311695
0.312027
-0.105028
-0.101779
-0.0842848
-0.058605
-0.0290804
0.00363418
0.0395816
0.0787469
0.120889
0.165525
0.209734
0.246407
0.273438
0.293854
0.309567
0.321827
0.331525
0.338566
0.341358
0.342624
-0.181742
-0.172026
-0.146053
-0.110278
-0.0712341
-0.0293718
0.015172
0.0623811
0.112111
0.163972
0.214866
0.257025
0.288289
0.312218
0.331018
0.346069
0.358215
0.367522
0.372599
0.374675
-0.239592
-0.228691
-0.197693
-0.155487
-0.109102
-0.0597312
-0.00768093
0.046886
0.103686
0.162271
0.219249
0.26615
0.300767
0.327138
0.347707
0.364003
0.377001
0.386989
0.392895
0.39517
-0.286123
-0.274783
-0.240419
-0.193551
-0.141793
-0.0865892
-0.0283861
0.0324505
0.0954802
0.160111
0.22248
0.273315
0.310425
0.338338
0.359828
0.376659
0.389933
0.400068
0.406043
0.408297
-0.324327
-0.313041
-0.276657
-0.226216
-0.170265
-0.110427
-0.0471638
0.0190354
0.0875418
0.157558
0.224763
0.279093
0.318304
0.347421
0.369537
0.386613
0.399897
0.409975
0.415936
0.418118
-0.357257
-0.346103
-0.308269
-0.255094
-0.195694
-0.131929
-0.0643436
0.00649771
0.0798842
0.154858
0.226576
0.284097
0.325161
0.355274
0.377845
0.395061
0.408317
0.418328
0.424312
0.42636
-0.386496
-0.375469
-0.3366
-0.281212
-0.218988
-0.151915
-0.0805595
-0.00556104
0.0722712
0.1518
0.227731
0.288331
0.331232
0.362359
0.385428
0.402836
0.416117
0.426047
0.432067
0.434012
-0.413309
-0.402365
-0.362678
-0.305398
-0.240778
-0.170857
-0.0962119
-0.0175293
0.0643223
0.148158
0.228274
0.292041
0.33689
0.369135
0.392788
0.410452
0.423815
0.433729
0.439765
0.441605
-0.438377
-0.427476
-0.387042
-0.328159
-0.261499
-0.189116
-0.111602
-0.0296081
0.055992
0.143958
0.228235
0.295297
0.34228
0.375819
0.400192
0.418213
0.431713
0.441621
0.447685
0.449409
-0.462162
-0.451263
-0.41019
-0.34994
-0.281502
-0.20695
-0.126869
-0.0418793
0.0471718
0.139058
0.227498
0.29807
0.347455
0.382536
0.407818
0.426323
0.440043
0.450018
0.456031
0.457697
-0.485033
-0.474084
-0.432398
-0.370979
-0.300972
-0.22451
-0.142165
-0.0545003
0.0377195
0.13336
0.225968
0.300287
0.352396
0.389314
0.415742
0.434898
0.44894
0.459019
0.464991
0.466627
-0.50718
-0.49609
-0.45379
-0.391448
-0.320031
-0.24193
-0.157596
-0.0675283
0.0276014
0.126798
0.223554
0.301822
0.357002
0.396103
0.423967
0.44399
0.458506
0.468781
0.474704
0.476322
-0.528613
-0.517367
-0.474591
-0.41137
-0.338736
-0.259207
-0.173138
-0.0809528
0.0167936
0.119298
0.220131
0.302517
0.361111
0.402794
0.432448
0.453601
0.468767
0.479336
0.485245
0.486812
-0.549468
-0.538008
-0.494827
-0.430743
-0.357096
-0.276337
-0.188776
-0.0947536
0.00531472
0.110854
0.215586
0.302181
0.36451
0.409244
0.441109
0.463697
0.479702
0.490668
0.496597
0.498041
-0.56967
-0.558025
-0.514444
-0.44961
-0.37509
-0.29329
-0.204461
-0.108872
-0.00678275
0.10147
0.209862
0.30064
0.366941
0.415178
0.449739
0.474165
0.491253
0.502718
0.508682
0.509943
-0.589273
-0.577401
-0.533403
-0.467943
-0.392676
-0.310004
-0.220126
-0.123225
-0.0194264
0.0911917
0.202915
0.297734
0.368095
0.42017
0.458024
0.484845
0.503344
0.515358
0.521262
0.522296
-0.6081
-0.596107
-0.551669
-0.485688
-0.40979
-0.326399
-0.235687
-0.137726
-0.0325235
0.0800966
0.194739
0.293314
0.367688
0.423833
0.465615
0.495611
0.516021
0.528576
0.534141
0.534819
-0.626283
-0.614087
-0.569246
-0.502818
-0.426394
-0.342432
-0.251054
-0.152281
-0.0459652
0.0682938
0.185398
0.287297
0.365478
0.425752
0.471958
0.506157
0.529481
0.542645
0.547115
0.547041
-0.643678
-0.631277
-0.586115
-0.519283
-0.442416
-0.358019
-0.266144
-0.166766
-0.0596251
0.0558836
0.174981
0.279685
0.361261
0.425397
0.476202
0.515732
0.54389
0.558859
0.560864
0.558345
-0.660343
-0.647779
-0.602225
-0.535033
-0.457819
-0.373101
-0.280878
-0.181099
-0.0733839
0.0430305
0.163621
0.270493
0.354948
0.422331
0.477205
0.522725
0.558303
0.579184
0.580509
0.569011
-0.676214
-0.663512
-0.617676
-0.550201
-0.472788
-0.387939
-0.295576
-0.195675
-0.0877
0.0292034
0.150728
0.259073
0.345803
0.41581
0.473332
0.524239
0.568841
0.600027
0.605388
0.597872
-0.691273
-0.678332
-0.632481
-0.564751
-0.487323
-0.402541
-0.310211
-0.210495
-0.10259
0.0143384
0.136191
0.245227
0.333343
0.405318
0.462667
0.514426
0.561412
0.594382
0.583965
0.51699
-0.705347
-0.691699
-0.64657
-0.578714
-0.501564
-0.417034
-0.324824
-0.225436
-0.117966
-0.00145463
0.120055
0.228973
0.317097
0.390676
0.445415
0.485945
0.526032
0.536135
0.486666
0.4138
-0.71848
-0.705383
-0.659753
-0.591674
-0.5152
-0.430943
-0.339581
-0.240423
-0.133654
-0.0179642
0.102444
0.210242
0.296636
0.372342
0.42443
0.466271
0.451583
0.423129
0.34963
0.269921
-0.700933
-0.684121
-0.638721
-0.568989
-0.488739
-0.40145
-0.305569
-0.20373
-0.0938643
0.0252939
0.139257
0.232963
0.308713
0.382349
0.454269
0.364855
0.313422
0.246588
0.161647
0.104696
-0.723957
-0.705737
-0.673901
-0.611806
-0.536173
-0.452813
-0.361923
-0.264051
-0.158814
-0.0452097
0.0722407
0.176271
0.257683
0.325603
0.387915
0.386353
0.264968
0.167535
0.0958144
-0.00521579
-0.740242
-0.72454
-0.685614
-0.622659
-0.547058
-0.464547
-0.375124
-0.278574
-0.174819
-0.0631512
0.0519289
0.152662
0.229942
0.285809
0.302463
0.224861
0.0501095
-0.0671788
-0.158219
-0.26809
-0.756815
-0.744764
-0.700914
-0.637016
-0.561467
-0.479233
-0.390337
-0.294664
-0.192324
-0.0826633
0.0290719
0.124652
0.194512
0.236402
0.203489
0.0415454
-0.160732
-0.313744
-0.440221
-0.609423
-0.775802
-0.763212
-0.717867
-0.652926
-0.577453
-0.495544
-0.407254
-0.312717
-0.212026
-0.104808
0.00305614
0.0931084
0.154854
0.178709
0.0945141
-0.143947
-0.393646
-0.600657
-0.791422
-1.04369
-0.793234
-0.781058
-0.734957
-0.668993
-0.593518
-0.512003
-0.424572
-0.331403
-0.232628
-0.128223
-0.0245401
0.0597202
0.113199
0.113214
-0.0354037
-0.326872
-0.628282
-0.922601
-1.17016
-1.70608
-0.809822
-0.798303
-0.75209
-0.685586
-0.61018
-0.529072
-0.442548
-0.350794
-0.254065
-0.152602
-0.053284
0.024712
0.0693792
0.0304827
-0.182374
-0.49301
-0.822441
-1.14938
-1.43841
-1.95879
-0.826402
-0.815323
-0.769442
-0.702805
-0.62759
-0.546944
-0.46134
-0.371061
-0.276464
-0.178089
-0.083459
-0.0120891
0.0232137
-0.0562661
-0.318759
-0.632835
-0.950431
-1.23299
-1.36953
-1.41209
-0.843423
-0.832718
-0.787174
-0.720721
-0.645911
-0.565912
-0.481428
-0.392907
-0.300803
-0.206134
-0.116917
-0.0529302
-0.0297288
-0.143949
-0.446036
-0.753307
-1.03319
-1.23138
-1.29573
-1.31763
-0.8609
-0.850572
-0.805327
-0.739267
-0.664928
-0.585765
-0.502659
-0.416215
-0.327086
-0.236593
-0.153257
-0.0971519
-0.0872551
-0.242333
-0.559528
-0.86296
-1.12971
-1.26087
-1.27501
-1.28488
-0.878878
-0.868749
-0.823849
-0.758132
-0.684424
-0.6063
-0.524816
-0.440828
-0.355105
-0.269195
-0.192555
-0.144854
-0.152166
-0.356049
-0.662025
-0.955195
-1.24275
-1.3183
-1.29481
-1.28541
-0.896933
-0.887128
-0.842488
-0.777158
-0.704127
-0.627231
-0.54763
-0.466464
-0.384561
-0.303826
-0.234681
-0.19594
-0.232045
-0.469474
-0.754695
-1.00081
-1.27621
-1.37237
-1.28543
-1.26192
-0.914657
-0.905126
-0.860829
-0.795911
-0.723658
-0.648119
-0.570688
-0.492714
-0.415184
-0.340175
-0.279126
-0.250144
-0.316964
-0.587557
-0.834434
-0.939774
-1.03216
-1.15853
-1.1982
-1.20792
-0.931507
-0.922201
-0.878228
-0.813769
-0.742369
-0.668364
-0.593476
-0.519078
-0.446427
-0.377669
-0.325043
-0.308811
-0.405735
-0.734167
-0.959932
-0.889837
-0.826756
-1.065
-1.22649
-1.2784
-0.94662
-0.937588
-0.89394
-0.829923
-0.759437
-0.68713
-0.61507
-0.544889
-0.477823
-0.415851
-0.370649
-0.372019
-0.499182
-0.950966
-1.34549
-1.42518
-1.31284
-1.42655
-1.54219
-1.60191
-0.95902
-0.950319
-0.907007
-0.843295
-0.773778
-0.703386
-0.634499
-0.569089
-0.508713
-0.45416
-0.415713
-0.435422
-0.592733
-1.24325
-1.9893
-2.64868
-2.59479
-2.39725
-2.2442
-2.1872
-0.967181
-0.9588
-0.915905
-0.852679
-0.784208
-0.715898
-0.650563
-0.590941
-0.538849
-0.492217
-0.458017
-0.490944
-0.671656
-1.4044
-2.37147
-3.46924
-3.69971
-3.50746
-3.12446
-2.87455
-0.969665
-0.961635
-0.91925
-0.856553
-0.789266
-0.723228
-0.661944
-0.609043
-0.566618
-0.531429
-0.501831
-0.524696
-0.70717
-1.29687
-2.07608
-2.93564
-3.3626
-3.35429
-3.13555
-2.90796
-0.964621
-0.956943
-0.915281
-0.853333
-0.787438
-0.723877
-0.667139
-0.622238
-0.593484
-0.577532
-0.560175
-0.556604
-0.625843
-0.972881
-1.29618
-1.58091
-1.78949
-1.82381
-1.71402
-1.54741
-0.950582
-0.943275
-0.902346
-0.841515
-0.77727
-0.716403
-0.664678
-0.63007
-0.623608
-0.648201
-0.684176
-0.643827
-0.622088
-0.526491
-0.381939
-0.16474
0.0637266
0.232765
0.351477
0.44487
-0.925889
-0.918955
-0.879041
-0.819835
-0.757571
-0.699503
-0.653046
-0.631011
-0.658325
-0.77315
-0.966644
-0.936954
-0.60302
-0.230048
0.347955
0.905813
1.37424
1.69663
1.85273
1.91635
-0.889794
-0.883013
-0.844502
-0.787391
-0.727487
-0.672083
-0.630332
-0.621066
-0.692169
-0.975281
-1.50077
-1.4813
-0.779024
-0.115889
0.66916
1.33513
1.85755
2.18465
2.32103
2.3635
-0.84139
-0.835262
-0.798213
-0.743754
-0.686444
-0.633213
-0.594015
-0.592234
-0.697072
-1.15
-2.16775
-2.13957
-1.02917
-0.164393
0.671845
1.30104
1.72682
1.96533
2.06656
2.10325
-0.780437
-0.774948
-0.739998
-0.688587
-0.634197
-0.582414
-0.542485
-0.536207
-0.632608
-1.05787
-1.97306
-1.85455
-0.912222
-0.0710595
0.628608
1.09529
1.38118
1.53592
1.61564
1.64878
-0.706039
-0.701226
-0.669395
-0.622064
-0.571111
-0.520418
-0.476467
-0.455094
-0.498846
-0.716177
-1.10055
-0.891525
-0.331746
0.238524
0.657457
0.921842
1.08647
1.18883
1.251
1.28887
-0.619301
-0.614649
-0.586739
-0.545691
-0.499148
-0.449964
-0.401803
-0.361993
-0.345945
-0.377004
-0.401596
-0.194183
0.141873
0.427489
0.630144
0.768741
0.864548
0.934952
0.987045
1.0099
-0.51849
-0.514706
-0.496008
-0.461764
-0.420676
-0.375241
-0.326493
-0.276459
-0.227809
-0.177506
-0.0898934
0.0743318
0.27861
0.433119
0.543076
0.622339
0.679349
0.720057
0.748146
0.763177
-0.407514
-0.406292
-0.395026
-0.369717
-0.337427
-0.299982
-0.256789
-0.20787
-0.152298
-0.0841266
0.0134028
0.144999
0.281163
0.385735
0.460839
0.514171
0.551387
0.577181
0.592617
0.597967
-0.306899
-0.306892
-0.300162
-0.282203
-0.258179
-0.228927
-0.193462
-0.150566
-0.0979649
-0.0301849
0.0599403
0.163616
0.25825
0.330994
0.382912
0.418725
0.442433
0.457142
0.465202
0.468087
-0.214202
-0.214756
-0.210998
-0.199992
-0.183821
-0.162889
-0.135876
-0.101119
-0.0560093
0.00349753
0.080213
0.161234
0.22988
0.281813
0.318333
0.34262
0.357789
0.366499
0.370732
0.371849
-0.131485
-0.132338
-0.131251
-0.126191
-0.117273
-0.104059
-0.0851852
-0.0588448
-0.0227413
0.0261602
0.0884314
0.151399
0.202399
0.240035
0.265894
0.282489
0.29222
0.297272
0.299389
0.299776
-0.0648919
-0.0657061
-0.0663969
-0.0660129
-0.0629433
-0.0558904
-0.0435952
-0.0245563
0.00316256
0.0418074
0.0908904
0.139218
0.177169
0.204616
0.22296
0.234284
0.240631
0.24362
0.244647
0.244726
-0.017673
-0.018344
-0.0197484
-0.0215743
-0.0217965
-0.0189471
-0.0116564
0.00152918
0.0221381
0.051789
0.0896216
0.126436
0.15473
0.174719
0.187837
0.195773
0.199952
0.201681
0.202126
0.202072
0.0127097
0.0122208
0.0108184
0.00854599
0.00723131
0.00805214
0.0121337
0.0208942
0.0358148
0.0581448
0.0869228
0.114662
0.135695
0.150395
0.159805
0.165205
0.167862
0.168779
0.168845
0.168718
0.0309833
0.0306517
0.029561
0.0276124
0.0261806
0.0263022
0.0288452
0.0348122
0.0454413
0.0619189
0.08353
0.104396
0.119985
0.130573
0.137152
0.140836
0.142495
0.142872
0.142709
0.142556
0.041495
0.0412668
0.0405206
0.0391192
0.0379643
0.0378061
0.039391
0.043617
0.0513993
0.063571
0.0796013
0.0949936
0.106375
0.114069
0.118796
0.1213
0.12229
0.122363
0.122107
0.121962
0.0473833
0.0472194
0.0467273
0.0457787
0.0449653
0.0448169
0.0458457
0.048729
0.0542859
0.063227
0.075105
0.0865341
0.0949468
0.100518
0.103816
0.105488
0.106068
0.105995
0.105731
0.105606
0.0504033
0.0502834
0.0499418
0.0492733
0.0486875
0.0485708
0.0493155
0.0514127
0.0554354
0.0619483
0.0706762
0.0790456
0.0851308
0.0891067
0.0914257
0.0925488
0.0928728
0.0927354
0.0924937
0.0923887
0.0513885
0.0513012
0.0510486
0.050538
0.0500774
0.0499494
0.0504349
0.0519102
0.0548245
0.0595805
0.0659554
0.0720682
0.0764955
0.0793573
0.0809822
0.0817293
0.0819
0.0817467
0.0815392
0.081453
0.0508075
0.0507437
0.0505555
0.0501626
0.0497989
0.0496785
0.0500049
0.0510465
0.0531334
0.0565784
0.0612295
0.0656782
0.068868
0.0708974
0.0720225
0.0725098
0.072582
0.0724266
0.0722497
0.0721791
0.0490398
0.0489921
0.0488514
0.0485503
0.0482624
0.0481489
0.0483599
0.0490943
0.0505937
0.0530823
0.0564466
0.059659
0.0619478
0.0633851
0.0641604
0.0644718
0.0644843
0.0643377
0.0641898
0.0641325
0.0464015
0.0463647
0.0462596
0.0460326
0.0458105
0.0457116
0.0458454
0.0463572
0.0474233
0.0492129
0.0516411
0.0539535
0.055587
0.0565962
0.0571232
0.0573149
0.057293
0.0571613
0.0570393
0.0569928
0.0431442
0.0431152
0.0430359
0.0428657
0.0426963
0.0426137
0.0426975
0.0430526
0.0438092
0.0450878
0.0468284
0.0484817
0.0496389
0.0503415
0.0506948
0.0508071
0.0507678
0.0506534
0.0505537
0.050516
0.0394495
0.0394267
0.0393658
0.0392372
0.0391072
0.039038
0.0390868
0.0393301
0.0398618
0.0407705
0.0420117
0.0431865
0.0439998
0.044484
0.0447169
0.0447773
0.0447307
0.0446334
0.044552
0.0445215
0.0354437
0.0354259
0.0353785
0.0352798
0.0351785
0.0351197
0.0351445
0.0353081
0.0356785
0.0363193
0.0371974
0.0380247
0.0385918
0.0389215
0.0390708
0.0390978
0.0390498
0.0389679
0.0389019
0.0388773
0.0312125
0.0311985
0.0311613
0.0310846
0.0310045
0.0309539
0.0309622
0.0310692
0.0313234
0.0317703
0.0323858
0.0329642
0.0333552
0.0335755
0.0336673
0.0336726
0.0336259
0.0335572
0.0335036
0.0334839
0.0268181
0.0268072
0.0267778
0.0267174
0.0266531
0.0266091
0.0266064
0.0266733
0.0268445
0.0271524
0.0275789
0.0279779
0.0282431
0.0283867
0.0284395
0.028432
0.0283886
0.0283312
0.0282879
0.0282721
0.0223056
0.0222972
0.0222739
0.0222259
0.0221737
0.0221353
0.0221256
0.0221647
0.0222771
0.0224851
0.0227753
0.0230455
0.0232214
0.0233124
0.0233399
0.0233255
0.0232866
0.023239
0.023204
0.0231915
0.0177062
0.0176999
0.0176814
0.0176433
0.0176014
0.0175687
0.0175557
0.0175761
0.017647
0.0177836
0.0179772
0.0181562
0.0182699
0.0183245
0.0183352
0.0183172
0.0182828
0.0182435
0.0182153
0.0182054
0.0130429
0.0130381
0.0130239
0.0129946
0.0129618
0.0129349
0.0129213
0.0129302
0.0129725
0.0130581
0.0131808
0.0132939
0.0133639
0.0133945
0.0133959
0.0133781
0.0133496
0.0133184
0.0132962
0.0132885
0.00833247
0.00832905
0.00831903
0.00829798
0.00827418
0.0082543
0.00824295
0.00824557
0.00826865
0.00831746
0.00838807
0.00845256
0.0084907
0.00850518
0.00850227
0.00848778
0.00846658
0.00844393
0.00842815
0.00842275
0.00120008
0.00120058
0.00119757
0.00119198
0.0011874
0.00118403
0.00118234
0.00118292
0.0011866
0.00119372
0.00120184
0.00120738
0.00121005
0.00121002
0.0012077
0.00120381
0.00119868
0.00119381
0.00119297
0.00359754
-2.15494
-1.18678
-0.640858
-0.306621
-0.0566472
0.137375
0.292871
0.42562
0.557346
0.659134
-0.779743
-0.497514
-0.250972
-0.049588
0.11731
0.256043
0.37168
0.467072
0.528311
0.539806
-0.302936
-0.144903
0.00437536
0.13743
0.252055
0.34961
0.430168
0.49182
0.532249
0.554723
-0.0179582
0.084399
0.184093
0.275969
0.356434
0.425284
0.481866
0.526034
0.559031
0.580993
0.177894
0.248559
0.319445
0.385316
0.443607
0.494096
0.536552
0.571275
0.598905
0.617792
0.326578
0.374461
0.429937
0.478994
0.523724
0.563253
0.597447
0.626238
0.649709
0.665272
0.445099
0.483561
0.52722
0.566588
0.60356
0.637109
0.666604
0.691646
0.711994
0.724652
0.547708
0.58164
0.619437
0.655307
0.688909
0.71972
0.746835
0.769658
0.787703
0.797894
0.644842
0.679133
0.716654
0.752663
0.785731
0.815527
0.841341
0.862647
0.878826
0.887506
0.75048
0.789019
0.828612
0.866051
0.899172
0.927971
0.952183
0.97182
0.986444
0.995272
0.879554
0.922558
0.962502
0.999054
1.03009
1.05637
1.0784
1.09645
1.1103
1.12069
1.04237
1.08422
1.11837
1.14835
1.17327
1.19513
1.21503
1.23271
1.24766
1.2605
1.23362
1.26463
1.28612
1.3055
1.3238
1.34122
1.35759
1.37357
1.39023
1.40724
1.43192
1.44342
1.45461
1.46885
1.48325
1.49619
1.50769
1.51865
1.53164
1.54858
1.61805
1.62801
1.63669
1.63915
1.63998
1.64433
1.65529
1.67136
1.68904
1.69367
1.91925
1.86389
1.81306
1.77277
1.75052
1.74659
1.76005
1.79387
1.85037
1.92594
0.472003
0.413308
0.370928
0.337142
0.312577
0.295138
0.282762
0.273974
0.267966
0.264498
0.263941
0.266475
0.271543
0.279124
0.289738
0.304553
0.325387
0.354347
0.392984
0.440744
0.273382
0.282223
0.287913
0.288824
0.285491
0.279636
0.273377
0.268028
0.264229
0.262482
0.263393
0.266639
0.271553
0.277675
0.284107
0.289103
0.290542
0.287168
0.279584
0.2719
0.250307
0.252365
0.257055
0.260739
0.263442
0.265051
0.264936
0.263377
0.261324
0.25975
0.259568
0.261042
0.263333
0.26553
0.266643
0.265989
0.263842
0.260765
0.256556
0.252089
0.242976
0.243864
0.246588
0.249658
0.252007
0.253655
0.254874
0.255518
0.255478
0.255211
0.255348
0.256031
0.256686
0.256707
0.255959
0.254685
0.252837
0.250157
0.247125
0.245022
0.237277
0.23775
0.239427
0.241943
0.244379
0.246369
0.247809
0.248857
0.249652
0.250203
0.250589
0.250776
0.250605
0.250051
0.249087
0.247565
0.245438
0.242978
0.240829
0.239678
0.232225
0.232464
0.233786
0.236089
0.238469
0.240742
0.242751
0.244282
0.245346
0.246088
0.246586
0.24676
0.246468
0.245619
0.244137
0.242175
0.239994
0.237705
0.235826
0.235115
0.229402
0.229504
0.23037
0.232039
0.233831
0.235469
0.236986
0.238475
0.239833
0.240919
0.241578
0.24164
0.241158
0.240265
0.23916
0.237858
0.236297
0.234632
0.233329
0.232945
0.227965
0.22802
0.228506
0.229494
0.230689
0.232035
0.233497
0.234896
0.23616
0.237269
0.238045
0.238276
0.238005
0.237343
0.236372
0.235213
0.234205
0.233252
0.232558
0.232355
0.226136
0.226169
0.22643
0.226974
0.227693
0.2285
0.229547
0.230761
0.232045
0.233256
0.234187
0.234574
0.234457
0.234035
0.233484
0.233046
0.23253
0.232052
0.231727
0.23162
0.22342
0.223436
0.223609
0.224024
0.224611
0.225273
0.226101
0.227165
0.228347
0.229587
0.230694
0.231362
0.231583
0.231518
0.231325
0.231104
0.23082
0.230525
0.230335
0.230283
0.220206
0.220212
0.220333
0.220677
0.221173
0.221814
0.222725
0.223691
0.224902
0.226277
0.227619
0.228588
0.229103
0.229326
0.229327
0.229232
0.229124
0.228938
0.228836
0.228818
0.21674
0.216744
0.216837
0.217127
0.217592
0.218199
0.218989
0.220012
0.221303
0.222861
0.224515
0.225854
0.226723
0.227247
0.227536
0.227632
0.227627
0.227567
0.227542
0.227541
0.212935
0.212943
0.213028
0.213276
0.2137
0.214305
0.215139
0.216266
0.217738
0.219584
0.221647
0.223415
0.224651
0.225458
0.225962
0.226251
0.226394
0.226457
0.226494
0.226504
0.208673
0.208677
0.208772
0.209014
0.209439
0.210079
0.211002
0.212291
0.21403
0.216275
0.218856
0.221158
0.222798
0.223941
0.224692
0.225169
0.225457
0.225623
0.22571
0.225729
0.203847
0.203853
0.203955
0.204231
0.204703
0.205435
0.206515
0.208055
0.21017
0.212941
0.216183
0.219107
0.221252
0.222771
0.223796
0.224466
0.224891
0.225148
0.225277
0.225304
0.198355
0.198361
0.198487
0.198813
0.199376
0.200258
0.201571
0.203461
0.206079
0.209537
0.213616
0.217328
0.220086
0.222024
0.223353
0.224235
0.224803
0.225149
0.225322
0.225359
0.192038
0.192046
0.192205
0.192613
0.193311
0.194407
0.196044
0.198405
0.201686
0.206029
0.211161
0.215842
0.219316
0.22178
0.223472
0.224599
0.225328
0.225772
0.225993
0.22604
0.18468
0.184691
0.184893
0.185406
0.186306
0.187711
0.189787
0.192766
0.196908
0.202384
0.208838
0.214715
0.219071
0.222164
0.22429
0.225708
0.226624
0.227183
0.22746
0.227519
0.175994
0.176008
0.176268
0.176937
0.178099
0.179904
0.182558
0.186375
0.191647
0.198569
0.20668
0.214031
0.219465
0.223322
0.225973
0.227742
0.228884
0.229577
0.22992
0.229993
0.165577
0.165596
0.165939
0.166814
0.168339
0.170689
0.174139
0.179062
0.185789
0.194555
0.204732
0.213893
0.220641
0.225425
0.228716
0.230915
0.232334
0.233193
0.233617
0.233703
0.152888
0.152915
0.153371
0.154533
0.156565
0.159666
0.164192
0.170568
0.179209
0.190324
0.203064
0.214428
0.222766
0.228673
0.232743
0.235472
0.237237
0.238303
0.238827
0.238932
0.13714
0.137181
0.137798
0.139377
0.142139
0.146296
0.152293
0.160664
0.171821
0.185905
0.20178
0.21579
0.226031
0.233292
0.238311
0.241693
0.243893
0.245217
0.245856
0.245984
0.117142
0.117201
0.118071
0.120309
0.124181
0.129903
0.138043
0.149157
0.163596
0.181387
0.201033
0.21816
0.230642
0.23952
0.245695
0.249893
0.252654
0.254336
0.255135
0.255286
0.0909949
0.0910841
0.0923978
0.0957812
0.101467
0.109646
0.120947
0.13585
0.154566
0.17692
0.201001
0.221713
0.236779
0.247564
0.255153
0.260385
0.263881
0.266041
0.267078
0.267266
0.0555255
0.0556916
0.0579389
0.0635557
0.0724427
0.0846225
0.100637
0.120752
0.144921
0.172732
0.201874
0.226583
0.244544
0.257532
0.266842
0.273418
0.27794
0.280799
0.282174
0.282413
0.0044693
0.00502962
0.0100987
0.0207734
0.0357271
0.0544859
0.077359
0.104335
0.135133
0.169185
0.203862
0.232847
0.253922
0.269358
0.280693
0.288996
0.294978
0.298985
0.301005
0.301359
-0.0707604
-0.0674414
-0.0532925
-0.0320385
-0.00723553
0.0207857
0.0523641
0.0874272
0.125685
0.166592
0.207293
0.240998
0.26565
0.284043
0.29799
0.308722
0.317058
0.3232
0.326753
0.327795
-0.150491
-0.142275
-0.117085
-0.0852378
-0.0504525
-0.0130322
0.0272752
0.070503
0.116473
0.164763
0.21238
0.251885
0.281135
0.30343
0.320867
0.334834
0.346195
0.355544
0.362762
0.36435
-0.214165
-0.206093
-0.173989
-0.133869
-0.0907136
-0.0448788
0.00357317
0.0545698
0.107916
0.163211
0.217222
0.261848
0.294909
0.320208
0.340087
0.356049
0.369019
0.379413
0.386635
0.388334
-0.265074
-0.256394
-0.220645
-0.175322
-0.125976
-0.0735207
-0.0182429
0.0395872
0.0996016
0.161288
0.221051
0.270006
0.305945
0.333154
0.354246
0.370936
0.384365
0.394961
0.402093
0.404012
-0.306364
-0.297546
-0.259773
-0.210432
-0.156397
-0.0987793
-0.0379508
0.0256575
0.0915113
0.158902
0.223725
0.276339
0.314533
0.343081
0.364928
0.381975
0.39548
0.405976
0.413078
0.415137
-0.341294
-0.332433
-0.293387
-0.241054
-0.183237
-0.121365
-0.0558667
0.012717
0.0837142
0.156255
0.225762
0.281723
0.321878
0.351504
0.373855
0.391038
0.404461
0.414795
0.421762
0.423874
-0.37184
-0.363005
-0.32314
-0.268423
-0.207503
-0.14203
-0.0725031
0.000470851
0.076127
0.153425
0.227268
0.286319
0.328289
0.358897
0.38171
0.399044
0.412428
0.422649
0.429404
0.431601
-0.399548
-0.390709
-0.350175
-0.293493
-0.229994
-0.161456
-0.0884033
-0.0115072
0.0683734
0.150064
0.228091
0.290265
0.33412
0.365789
0.389138
0.406681
0.420088
0.430224
0.436839
0.439054
-0.425203
-0.416358
-0.375282
-0.316899
-0.251207
-0.180018
-0.103898
-0.0235285
0.0602312
0.146149
0.228345
0.293748
0.339635
0.372499
0.396493
0.414333
0.427824
0.437932
0.444365
0.446596
-0.449421
-0.44053
-0.398946
-0.339113
-0.271542
-0.19805
-0.119221
-0.0356873
0.0516751
0.141624
0.227968
0.296767
0.344917
0.379189
0.40399
0.422245
0.435896
0.446007
0.45229
0.454512
-0.472574
-0.463614
-0.421579
-0.360516
-0.291266
-0.215728
-0.134484
-0.0481187
0.0425455
0.136332
0.226858
0.299273
0.349982
0.385935
0.411753
0.430568
0.444477
0.454636
0.460814
0.46296
-0.49493
-0.485857
-0.44336
-0.381257
-0.310523
-0.233216
-0.149847
-0.0609482
0.0327605
0.130207
0.224907
0.301165
0.35477
0.392738
0.419837
0.439398
0.45369
0.463974
0.470078
0.472077
-0.516541
-0.507374
-0.464355
-0.401461
-0.329405
-0.250568
-0.16534
-0.0741763
0.022296
0.123177
0.22199
0.302296
0.359152
0.399519
0.428229
0.448771
0.463594
0.474086
0.480162
0.481975
-0.537534
-0.528208
-0.484888
-0.421107
-0.347939
-0.267776
-0.180934
-0.0877949
0.0111533
0.115207
0.218015
0.302502
0.362934
0.406113
0.436816
0.458635
0.47419
0.484999
0.49108
0.492702
-0.557941
-0.548449
-0.504788
-0.440231
-0.366123
-0.284825
-0.196604
-0.101762
-0.000648882
0.106287
0.212887
0.301592
0.365874
0.412274
0.445434
0.468898
0.485433
0.496678
0.502762
0.504222
-0.577718
-0.568116
-0.524064
-0.458839
-0.383925
-0.301667
-0.212294
-0.116015
-0.0130366
0.0964505
0.206548
0.299378
0.367693
0.417749
0.453913
0.479485
0.49725
0.509016
0.515042
0.516282
-0.596837
-0.587092
-0.542667
-0.476882
-0.401285
-0.318238
-0.227914
-0.130459
-0.0259196
0.0857485
0.198988
0.295717
0.368111
0.422197
0.461936
0.490252
0.509624
0.521944
0.527787
0.52872
-0.615223
-0.605403
-0.560575
-0.494327
-0.418148
-0.334464
-0.24339
-0.144999
-0.0392034
0.0742841
0.190219
0.290513
0.366834
0.425096
0.469014
0.500968
0.522662
0.535495
0.540697
0.541118
-0.63294
-0.622992
-0.577797
-0.51113
-0.434472
-0.350274
-0.258633
-0.15953
-0.0527723
0.0621573
0.180322
0.283704
0.363636
0.425917
0.474411
0.51115
0.536606
0.550398
0.553818
0.55293
-0.649881
-0.639778
-0.594291
-0.527246
-0.450195
-0.365618
-0.273562
-0.173959
-0.0665027
0.0495036
0.169408
0.275284
0.358371
0.42422
0.47717
0.519713
0.551286
0.568555
0.569519
0.56455
-0.666069
-0.655878
-0.61005
-0.542676
-0.465336
-0.380519
-0.288203
-0.188319
-0.0804242
0.036294
0.157422
0.265115
0.35081
0.419578
0.476018
0.52449
0.564744
0.591025
0.596457
0.580359
-0.681561
-0.671168
-0.625191
-0.557562
-0.480107
-0.395265
-0.302905
-0.203053
-0.095076
0.0218947
0.143667
0.252458
0.340029
0.411101
0.468884
0.521067
0.569037
0.599444
0.609584
0.559617
-0.696626
-0.685307
-0.639662
-0.571812
-0.494439
-0.40978
-0.317502
-0.217937
-0.110208
0.006568
0.128333
0.237428
0.325736
0.398579
0.454753
0.502636
0.547303
0.575476
0.54045
0.468736
-0.712083
-0.697859
-0.653356
-0.585485
-0.508617
-0.424217
-0.332213
-0.232951
-0.125801
-0.00965306
0.111402
0.219908
0.307411
0.381859
0.435364
0.461923
0.494611
0.486819
0.4227
0.346578
-0.726673
-0.731176
-0.667563
-0.596224
-0.520068
-0.43605
-0.346467
-0.247479
-0.141141
-0.0259963
0.0935607
0.200309
0.285265
0.363048
0.403567
0.374911
0.400886
0.349748
0.270152
0.185907
-0.700125
-0.700358
-0.644766
-0.574939
-0.494794
-0.407836
-0.314161
-0.212779
-0.103563
0.0146925
0.127384
0.219541
0.292473
0.361025
0.403367
0.294869
0.205252
0.133776
0.0487095
-0.13366
-0.737204
-0.713598
-0.65541
-0.584951
-0.50536
-0.4191
-0.326362
-0.226072
-0.118277
-0.002077
0.10735
0.195136
0.261705
0.303605
0.274723
0.129536
-0.0147025
-0.112545
-0.214494
-0.424424
-0.757725
-0.728581
-0.671303
-0.600422
-0.521451
-0.435814
-0.343472
-0.2445
-0.138557
-0.0250967
0.0804098
0.162653
0.220182
0.235649
0.146523
-0.0639779
-0.244287
-0.375193
-0.520715
-0.819959
-0.777154
-0.74546
-0.687595
-0.616225
-0.537539
-0.452408
-0.360949
-0.263464
-0.159603
-0.049252
0.0517049
0.127548
0.173914
0.157038
-0.0130482
-0.270939
-0.503738
-0.691854
-0.912782
-1.40048
-0.794812
-0.762602
-0.703968
-0.632191
-0.553709
-0.469164
-0.378837
-0.282958
-0.181336
-0.0744033
0.0215231
0.0909121
0.123512
0.0608029
-0.179459
-0.476098
-0.776782
-1.04789
-1.36781
-2.32172
-0.8115
-0.779654
-0.720703
-0.648774
-0.57051
-0.486619
-0.397457
-0.30326
-0.20404
-0.100766
-0.0101672
0.0523401
0.0673121
-0.0422549
-0.336275
-0.655072
-0.987727
-1.29889
-1.59087
-2.75389
-0.828175
-0.796748
-0.737907
-0.66607
-0.588102
-0.504897
-0.416931
-0.324484
-0.227857
-0.128432
-0.0435183
0.0114399
0.0105911
-0.159069
-0.474781
-0.793557
-1.09942
-1.32746
-1.38141
-1.45258
-0.84518
-0.81416
-0.755739
-0.68418
-0.606685
-0.524362
-0.4378
-0.347458
-0.253843
-0.158942
-0.0803045
-0.0337953
-0.0587194
-0.286207
-0.597948
-0.902908
-1.14524
-1.28205
-1.31387
-1.32271
-0.862718
-0.832049
-0.77393
-0.702931
-0.626062
-0.544832
-0.459983
-0.372117
-0.281925
-0.192118
-0.120354
-0.0831113
-0.139989
-0.404761
-0.70819
-1.00665
-1.21996
-1.26155
-1.28113
-1.28624
-0.880697
-0.850332
-0.79255
-0.722084
-0.645995
-0.566096
-0.483251
-0.39823
-0.312014
-0.227914
-0.163582
-0.137695
-0.226129
-0.518214
-0.803529
-1.10667
-1.32602
-1.30716
-1.2898
-1.28264
-0.898845
-0.868776
-0.811339
-0.741402
-0.666199
-0.587864
-0.507334
-0.425602
-0.343881
-0.26603
-0.210244
-0.196894
-0.317076
-0.625646
-0.872716
-1.14498
-1.34559
-1.30027
-1.27038
-1.25726
-0.916581
-0.886889
-0.829865
-0.760464
-0.686362
-0.609719
-0.53192
-0.454011
-0.377361
-0.306151
-0.260119
-0.256299
-0.422324
-0.732336
-0.896596
-0.982224
-1.13762
-1.18329
-1.20563
-1.20673
-0.933424
-0.904067
-0.84746
-0.778692
-0.70573
-0.63111
-0.556325
-0.48279
-0.411715
-0.347442
-0.31249
-0.317363
-0.549553
-0.876162
-0.974574
-0.796361
-0.946911
-1.15403
-1.26265
-1.28176
-0.948514
-0.919615
-0.863348
-0.795232
-0.723525
-0.651121
-0.579813
-0.511283
-0.446213
-0.389319
-0.364958
-0.385203
-0.711298
-1.16739
-1.453
-1.32851
-1.3642
-1.48778
-1.57968
-1.60891
-0.960872
-0.93262
-0.876462
-0.808987
-0.738686
-0.668777
-0.601504
-0.538474
-0.480174
-0.430657
-0.415447
-0.459767
-0.88829
-1.59523
-2.38858
-2.67757
-2.5112
-2.3021
-2.20485
-2.19557
-0.968987
-0.941344
-0.885613
-0.818778
-0.750008
-0.682885
-0.620164
-0.564086
-0.514216
-0.470879
-0.459026
-0.533309
-0.997222
-1.85001
-2.94546
-3.69886
-3.63153
-3.32679
-2.97137
-2.84315
-0.971359
-0.944492
-0.889196
-0.823127
-0.756043
-0.691982
-0.634396
-0.586422
-0.548608
-0.513582
-0.496089
-0.585477
-0.961948
-1.66709
-2.50914
-3.24033
-3.38796
-3.26712
-2.99782
-2.86671
-0.96625
-0.940236
-0.885585
-0.82048
-0.755277
-0.694536
-0.64305
-0.606359
-0.587608
-0.571182
-0.549175
-0.591397
-0.800373
-1.13665
-1.4405
-1.70805
-1.82847
-1.78598
-1.62812
-1.5073
-0.952073
-0.926942
-0.873185
-0.809373
-0.746258
-0.689135
-0.644853
-0.623075
-0.635671
-0.673821
-0.671616
-0.620523
-0.571956
-0.466339
-0.282183
-0.0480288
0.157962
0.295185
0.403626
0.471994
-0.927127
-0.903082
-0.850631
-0.788607
-0.727778
-0.674393
-0.637947
-0.636132
-0.703135
-0.881613
-1.00852
-0.77564
-0.435246
0.0395151
0.634545
1.15395
1.55745
1.79202
1.89288
1.92825
-0.890936
-0.867649
-0.817016
-0.757336
-0.698927
-0.648856
-0.619929
-0.641492
-0.792333
-1.24705
-1.64667
-1.14292
-0.4611
0.274715
1.0209
1.6149
2.05062
2.27028
2.35031
2.36895
-0.842578
-0.820545
-0.771862
-0.715099
-0.659005
-0.611094
-0.586243
-0.623763
-0.851939
-1.59961
-2.40355
-1.57215
-0.603958
0.279943
1.01579
1.53374
1.86979
2.02756
2.09068
2.10784
-0.781616
-0.760919
-0.715049
-0.66153
-0.607717
-0.560227
-0.53331
-0.564577
-0.780106
-1.47734
-2.14052
-1.3701
-0.499227
0.308285
0.890442
1.25682
1.47142
1.58247
1.63742
1.65392
-0.707336
-0.688849
-0.6465
-0.596911
-0.545572
-0.497102
-0.461551
-0.464631
-0.577344
-0.918308
-1.09671
-0.619877
-0.0340418
0.472623
0.805908
1.01418
1.14357
1.22425
1.27258
1.29311
-0.620812
-0.603708
-0.567036
-0.523061
-0.474829
-0.425539
-0.380324
-0.34983
-0.354959
-0.400745
-0.342545
-0.0270531
0.295951
0.537855
0.706301
0.820809
0.90219
0.963194
1.00259
1.01233
-0.517386
-0.507848
-0.480036
-0.441921
-0.398434
-0.351282
-0.301571
-0.251959
-0.203826
-0.142075
-0.018708
0.179782
0.363048
0.492139
0.585961
0.653177
0.701513
0.73551
0.757608
0.764957
-0.40731
-0.402636
-0.383436
-0.354291
-0.319481
-0.27915
-0.233127
-0.181142
-0.120591
-0.0395239
0.0759213
0.215463
0.337833
0.426183
0.489846
0.534444
0.565551
0.586308
0.59634
0.598484
-0.307001
-0.305047
-0.292078
-0.270844
-0.244288
-0.212083
-0.173075
-0.125747
-0.066571
0.0127085
0.111776
0.213011
0.297498
0.359191
0.402555
0.431893
0.450763
0.461909
0.467223
0.467943
-0.214735
-0.2137
-0.20626
-0.192449
-0.174042
-0.150249
-0.119619
-0.0800916
-0.0284376
0.0407041
0.121778
0.197418
0.257929
0.3018
0.331806
0.351181
0.362822
0.369095
0.371609
0.371564
-0.132027
-0.132202
-0.129213
-0.122223
-0.111265
-0.0954284
-0.0730884
-0.0421921
-0.000112969
0.0565687
0.121155
0.17851
0.222835
0.254282
0.275205
0.288082
0.29522
0.298618
0.29975
0.299502
-0.0653452
-0.0660814
-0.0664403
-0.0648859
-0.0599819
-0.0504674
-0.0350207
-0.0119225
0.0209718
0.0658849
0.116217
0.159518
0.192144
0.214813
0.229373
0.23798
0.242464
0.244305
0.244776
0.24449
-0.0180158
-0.0189022
-0.0207412
-0.0219787
-0.0208127
-0.0159327
-0.00587837
0.0108099
0.0357317
0.0703755
0.109003
0.141654
0.165695
0.182033
0.192367
0.198259
0.201051
0.202002
0.202147
0.201877
0.0124738
0.0116989
0.00967133
0.00769667
0.00732221
0.00961607
0.015849
0.0275084
0.0459879
0.0722889
0.101581
0.126006
0.143782
0.155692
0.16293
0.166814
0.168489
0.168863
0.168799
0.168562
0.0308262
0.0302594
0.0286069
0.0267697
0.0260067
0.0272208
0.0313397
0.0394712
0.052895
0.0725198
0.0945727
0.112853
0.125857
0.134295
0.139303
0.141877
0.142803
0.142809
0.14263
0.142435
0.0413847
0.0410028
0.0398471
0.0384646
0.0377294
0.0383347
0.0411246
0.0470146
0.0568953
0.0714358
0.0877694
0.101182
0.110643
0.116761
0.120285
0.12195
0.122409
0.122235
0.122023
0.12187
0.0473011
0.0470458
0.046277
0.0453209
0.0447861
0.0451531
0.0470126
0.0511282
0.0583045
0.0690502
0.0811701
0.091121
0.0980603
0.102413
0.104822
0.10589
0.106088
0.105855
0.105655
0.105535
0.0503416
0.0501632
0.0496268
0.0489453
0.0485532
0.048812
0.0501659
0.0531498
0.0583545
0.0662227
0.07513
0.0823739
0.0873581
0.0904468
0.0921133
0.092792
0.0928423
0.092603
0.0924289
0.0923341
0.0513428
0.051213
0.0508095
0.0502829
0.0499598
0.0500978
0.0510259
0.0531632
0.0569548
0.0627037
0.0692095
0.0744927
0.0781057
0.0803039
0.0814473
0.0818728
0.0818491
0.0816312
0.0814854
0.0814105
0.0507737
0.0506789
0.050373
0.0499628
0.0496996
0.0497733
0.0504201
0.0519406
0.0546723
0.0588563
0.0636019
0.0674306
0.0700148
0.0715575
0.0723325
0.0725876
0.0725216
0.0723268
0.0722051
0.0721461
0.0490145
0.0489442
0.0487128
0.0483937
0.0481775
0.0482046
0.0486496
0.0497346
0.0517043
0.0547301
0.058162
0.0609196
0.0627634
0.0638441
0.0643641
0.0645078
0.0644223
0.0642534
0.0641534
0.0641071
0.0463821
0.0463288
0.0461558
0.0459128
0.0457409
0.0457428
0.0460452
0.0468103
0.0482205
0.0504024
0.0528779
0.0548558
0.0561626
0.0569115
0.0572537
0.0573251
0.0572343
0.0570912
0.0570096
0.056973
0.0431291
0.0430878
0.0429582
0.042775
0.0426407
0.0426299
0.0428343
0.0433731
0.0443778
0.0459412
0.0477143
0.0491228
0.0500418
0.0505556
0.0507757
0.0508023
0.0507151
0.0505958
0.0505295
0.0505007
0.0394378
0.0394054
0.0393071
0.0391681
0.0390625
0.0390441
0.0391793
0.039554
0.0402652
0.0413788
0.0426426
0.0436387
0.0442791
0.0446274
0.0447648
0.0447644
0.0446847
0.0445862
0.0445324
0.0445096
0.0354347
0.0354091
0.0353334
0.0352264
0.035142
0.0351191
0.0352054
0.0354635
0.0359625
0.0367499
0.0376426
0.038341
0.0387836
0.0390154
0.0390968
0.0390811
0.0390104
0.0389296
0.038886
0.0388681
0.0312055
0.0311852
0.0311262
0.0310428
0.0309742
0.0309488
0.0310009
0.0311749
0.0315208
0.0320723
0.0326978
0.0331834
0.0334845
0.0336351
0.0336787
0.0336542
0.0335923
0.033526
0.0334908
0.0334768
0.0268127
0.0267967
0.0267502
0.0266841
0.0266277
0.0266013
0.0266294
0.0267437
0.0269801
0.0273617
0.0277948
0.0281274
0.0283286
0.0284228
0.0284419
0.0284137
0.0283602
0.0283059
0.0282776
0.0282667
0.0223015
0.0222889
0.022252
0.0221991
0.0221521
0.0221259
0.0221378
0.0222103
0.0223684
0.0226276
0.0229219
0.0231453
0.0232765
0.0233328
0.023337
0.0233084
0.0232628
0.0232185
0.0231958
0.0231874
0.0177032
0.0176933
0.0176641
0.017622
0.0175835
0.0175592
0.0175609
0.0176043
0.0177066
0.0178786
0.0180747
0.0182213
0.0183039
0.0183345
0.0183291
0.0183015
0.018263
0.0182269
0.0182087
0.0182024
0.0130406
0.013033
0.0130105
0.012978
0.0129473
0.012926
0.0129224
0.0129466
0.0130095
0.0131184
0.0132427
0.0133344
0.0133836
0.0133983
0.0133889
0.0133648
0.0133337
0.0133053
0.013291
0.0132862
0.00833081
0.00832551
0.00830949
0.00828596
0.00826354
0.00824731
0.00824218
0.00825421
0.00828968
0.00835215
0.00842359
0.00847498
0.00850059
0.00850559
0.00849623
0.0084778
0.00845499
0.00843459
0.00842455
0.00842109
0.00358337
0.00358143
0.00357686
0.00356567
0.00355382
0.00354462
0.00353865
0.00353829
0.00354682
0.00356643
0.00359508
0.00362102
0.00363584
0.00364073
0.00363806
0.00363067
0.00362009
0.00360795
0.00359976
0.00359632
-1.54999
-0.860927
-0.461399
-0.17555
0.044968
0.217837
0.362174
0.488665
0.6251
0.61106
-0.580232
-0.365821
-0.145116
0.0379116
0.190014
0.316364
0.422192
0.503593
0.540212
0.54384
-0.20294
-0.0684606
0.0733569
0.196962
0.302931
0.392063
0.463588
0.514514
0.546036
0.561814
0.0454294
0.135182
0.231479
0.317651
0.392358
0.455136
0.505468
0.543755
0.572251
0.589962
0.222976
0.285839
0.353313
0.415435
0.469853
0.516317
0.554847
0.585911
0.6105
0.628268
0.359729
0.405965
0.454765
0.502024
0.544152
0.581016
0.612529
0.638584
0.659556
0.677014
0.471063
0.506321
0.547159
0.585459
0.620812
0.652387
0.679717
0.702375
0.720285
0.73752
0.56908
0.600632
0.637655
0.672409
0.704725
0.733777
0.758822
0.779279
0.794551
0.811663
0.664825
0.697734
0.735007
0.769568
0.801083
0.828967
0.852591
0.871402
0.884554
0.90185
0.771688
0.808639
0.847851
0.883137
0.914133
0.940661
0.96259
0.979753
0.991744
1.00965
0.902772
0.942579
0.981474
1.01521
1.04379
1.0679
1.08794
1.10383
1.11592
1.13424
1.0651
1.10159
1.13411
1.1613
1.18449
1.20532
1.22421
1.24047
1.25435
1.27228
1.25056
1.27587
1.29599
1.31476
1.33264
1.34955
1.36558
1.38173
1.39897
1.41815
1.43765
1.44864
1.46151
1.4762
1.48992
1.50211
1.51315
1.52459
1.54007
1.55954
1.61988
1.63336
1.63845
1.63944
1.64143
1.64893
1.6628
1.6805
1.69427
1.70563
1.88889
1.83836
1.79084
1.7593
1.74641
1.751
1.77421
1.81933
1.88606
1.98019
0.328628
0.325669
0.319618
0.308795
0.296439
0.285279
0.27637
0.26974
0.265334
0.263369
0.264333
0.267964
0.273757
0.281706
0.291918
0.303995
0.316164
0.324758
0.329264
0.331358
0.256699
0.263408
0.268815
0.272595
0.27387
0.272412
0.269148
0.265517
0.262599
0.261179
0.262009
0.264678
0.268363
0.272199
0.274895
0.275153
0.272591
0.267999
0.261556
0.255697
0.246332
0.249392
0.252967
0.255714
0.257728
0.259156
0.259599
0.259
0.257975
0.257403
0.257986
0.259349
0.260609
0.260975
0.260153
0.258524
0.256269
0.25308
0.249547
0.247239
0.240022
0.241548
0.244121
0.246795
0.248866
0.250325
0.251409
0.252156
0.25254
0.252802
0.253132
0.253381
0.253226
0.252581
0.251531
0.249929
0.247621
0.244906
0.24286
0.241803
0.234599
0.23553
0.237588
0.240076
0.242484
0.244535
0.246032
0.247069
0.247808
0.24833
0.248676
0.248687
0.248271
0.247365
0.245812
0.243711
0.241356
0.239023
0.237578
0.236995
0.23049
0.23103
0.232726
0.234861
0.236897
0.238793
0.240552
0.242048
0.243179
0.243978
0.244319
0.244129
0.243392
0.242163
0.240619
0.238859
0.236859
0.234899
0.233831
0.233588
0.228659
0.228957
0.230004
0.231434
0.232916
0.234371
0.235776
0.237105
0.238303
0.23924
0.239682
0.239552
0.238992
0.23813
0.23705
0.23581
0.234495
0.233289
0.232673
0.232559
0.227156
0.227316
0.227866
0.228672
0.229687
0.230999
0.232296
0.233632
0.234888
0.235947
0.236534
0.236542
0.236115
0.235415
0.23451
0.233655
0.232992
0.232402
0.2321
0.232036
0.224871
0.224966
0.225299
0.225844
0.226501
0.227251
0.228254
0.22941
0.230635
0.2318
0.232584
0.232856
0.23276
0.232485
0.23218
0.231844
0.231484
0.23118
0.231027
0.230985
0.221849
0.221907
0.222171
0.22266
0.223285
0.223975
0.224944
0.226073
0.227334
0.228646
0.229683
0.230246
0.23043
0.230344
0.230303
0.230103
0.229845
0.229631
0.229548
0.229527
0.218506
0.218541
0.218744
0.219161
0.219701
0.220433
0.221314
0.222429
0.223782
0.225308
0.226662
0.227564
0.228085
0.228379
0.228373
0.22838
0.228274
0.228175
0.228151
0.228141
0.21489
0.214921
0.215088
0.215446
0.215966
0.216667
0.217598
0.218813
0.220343
0.222169
0.223915
0.225195
0.226035
0.22655
0.226831
0.226958
0.226983
0.226982
0.226993
0.226984
0.210869
0.210908
0.21106
0.211392
0.211904
0.212639
0.213663
0.215051
0.21686
0.219099
0.221329
0.223042
0.224222
0.225009
0.225502
0.225793
0.225952
0.226039
0.226079
0.226069
0.206339
0.206376
0.20655
0.206895
0.207448
0.208272
0.209456
0.211102
0.213297
0.216072
0.218897
0.221123
0.222709
0.223796
0.224512
0.224966
0.225243
0.225401
0.225464
0.225453
0.201197
0.201241
0.201439
0.201844
0.202489
0.203465
0.204891
0.206899
0.209611
0.213078
0.216649
0.219506
0.221567
0.222986
0.22394
0.224562
0.224953
0.225176
0.225262
0.225249
0.195313
0.195368
0.195612
0.196103
0.196894
0.198093
0.199855
0.202352
0.205742
0.210095
0.214603
0.218222
0.220836
0.222658
0.223888
0.224697
0.225209
0.225502
0.225612
0.225596
0.188505
0.188575
0.188888
0.189512
0.1905
0.191998
0.194214
0.197363
0.201631
0.207111
0.212783
0.217334
0.220628
0.222926
0.224484
0.225511
0.226165
0.226539
0.226679
0.226658
0.180525
0.180617
0.181024
0.181814
0.183075
0.184995
0.187828
0.19182
0.197216
0.204121
0.211242
0.216939
0.22106
0.223935
0.225885
0.227176
0.228001
0.228473
0.228648
0.228621
0.171036
0.17116
0.171692
0.172721
0.174352
0.176838
0.180472
0.185571
0.19243
0.201137
0.210052
0.217153
0.222279
0.225854
0.228279
0.229889
0.230925
0.23152
0.231738
0.231702
0.159565
0.159735
0.160452
0.161812
0.163951
0.167193
0.171905
0.17848
0.187221
0.19819
0.209311
0.218118
0.224463
0.228887
0.231889
0.233884
0.235172
0.235913
0.236183
0.236142
0.145429
0.145671
0.146662
0.148494
0.151357
0.155663
0.161866
0.170386
0.18154
0.19533
0.209138
0.22
0.227812
0.233265
0.236973
0.239437
0.241033
0.241957
0.242292
0.242242
0.127652
0.128018
0.129427
0.131958
0.135884
0.141721
0.149968
0.161086
0.175354
0.192635
0.20967
0.222972
0.232536
0.239237
0.243817
0.246873
0.248859
0.250024
0.250451
0.250386
0.104774
0.105366
0.10744
0.111053
0.116602
0.124686
0.135836
0.150469
0.16871
0.190235
0.211065
0.227208
0.238834
0.247041
0.252708
0.256531
0.259034
0.260506
0.261049
0.260968
0.0743564
0.0753917
0.0786613
0.084163
0.0923956
0.103971
0.119304
0.138614
0.161806
0.188349
0.213513
0.23287
0.246867
0.256866
0.263892
0.268727
0.271952
0.273865
0.274561
0.274458
0.0319375
0.0340141
0.0399498
0.0491773
0.062147
0.0792185
0.100463
0.125828
0.154992
0.18726
0.217193
0.240058
0.256691
0.268772
0.277485
0.283672
0.287948
0.290568
0.291501
0.291355
-0.0304871
-0.0244471
-0.0122119
0.00443489
0.0255767
0.0507967
0.0799057
0.112694
0.148712
0.187219
0.222173
0.248701
0.268138
0.282529
0.293242
0.301208
0.306986
0.31071
0.312102
0.31178
-0.104822
-0.0946226
-0.0720525
-0.0442901
-0.0131778
0.0211386
0.0587011
0.0993885
0.142844
0.18845
0.229527
0.260898
0.284326
0.302201
0.31606
0.326947
0.335541
0.340426
0.34211
0.342641
-0.179436
-0.160919
-0.128736
-0.0911897
-0.050716
-0.00752011
0.038356
0.0868501
0.1377
0.190398
0.237606
0.273745
0.300997
0.322145
0.338939
0.352457
0.363357
0.37044
0.374238
0.374819
-0.237077
-0.215229
-0.177333
-0.132797
-0.0848523
-0.0341346
0.019193
0.0749119
0.132664
0.191908
0.244578
0.284684
0.314791
0.338024
0.356306
0.370862
0.382447
0.390441
0.39457
0.395238
-0.283639
-0.25986
-0.217859
-0.168255
-0.114686
-0.0579568
0.0016045
0.0635898
0.127499
0.192622
0.250003
0.293241
0.325317
0.349746
0.368733
0.383685
0.395424
0.403629
0.407599
0.408365
-0.321937
-0.297451
-0.252398
-0.198887
-0.140908
-0.0793185
-0.0145308
0.0529003
0.122265
0.192644
0.254249
0.300211
0.333889
0.359202
0.378604
0.393667
0.405344
0.413553
0.417442
0.418181
-0.354983
-0.329998
-0.282773
-0.226102
-0.164439
-0.0987107
-0.0294349
0.0427706
0.11708
0.192349
0.257868
0.306275
0.341331
0.367336
0.387011
0.402115
0.413718
0.421931
0.425746
0.426418
-0.384299
-0.359033
-0.310122
-0.25087
-0.186144
-0.116872
-0.0436217
0.0328978
0.111733
0.191525
0.260752
0.311557
0.347991
0.374719
0.394719
0.409919
0.421492
0.42965
0.433459
0.434042
-0.411131
-0.385686
-0.335339
-0.273912
-0.20657
-0.134226
-0.0574839
0.0228925
0.105901
0.190079
0.263061
0.316369
0.354293
0.381842
0.402238
0.417591
0.429197
0.437323
0.44113
0.441561
-0.436256
-0.410558
-0.359004
-0.295705
-0.226116
-0.151109
-0.0712789
0.0126293
0.099584
0.188041
0.264838
0.320817
0.360417
0.388944
0.409857
0.425441
0.437108
0.445222
0.449012
0.44932
-0.460083
-0.434147
-0.381513
-0.316651
-0.245082
-0.167715
-0.0851075
0.00201925
0.0926631
0.185265
0.266008
0.324915
0.366458
0.396181
0.417766
0.433687
0.445485
0.453592
0.457349
0.457569
-0.482955
-0.456739
-0.40314
-0.336955
-0.263639
-0.184196
-0.0991227
-0.00908721
0.0850022
0.181677
0.266482
0.328616
0.372418
0.403608
0.426069
0.442456
0.454457
0.46257
0.466307
0.46647
-0.505055
-0.478526
-0.424165
-0.356749
-0.281915
-0.200667
-0.113414
-0.0207325
0.0765648
0.177181
0.266146
0.331803
0.378219
0.411199
0.434789
0.451826
0.464151
0.472346
0.475982
0.476144
-0.526485
-0.499607
-0.444629
-0.376082
-0.299944
-0.217124
-0.127956
-0.0329239
0.0673132
0.17168
0.264854
0.334302
0.383725
0.418876
0.443907
0.461812
0.474601
0.482932
0.486475
0.486615
-0.547301
-0.520076
-0.464464
-0.394969
-0.317721
-0.233542
-0.142724
-0.0456374
0.0572385
0.16512
0.262455
0.335897
0.38875
0.426536
0.453372
0.472391
0.485786
0.494318
0.497754
0.497821
-0.567456
-0.539943
-0.48372
-0.413418
-0.335222
-0.249896
-0.157673
-0.0588157
0.0463819
0.157485
0.258822
0.336374
0.393012
0.433932
0.463026
0.483486
0.497654
0.506434
0.509748
0.509652
-0.586996
-0.559154
-0.50238
-0.431384
-0.35239
-0.266114
-0.172724
-0.0723804
0.0348187
0.148774
0.253871
0.335503
0.396118
0.440659
0.472637
0.494993
0.510116
0.519099
0.522212
0.521939
-0.605765
-0.577685
-0.520398
-0.448827
-0.369165
-0.282115
-0.187788
-0.0862386
0.0226297
0.139035
0.247515
0.333068
0.397735
0.44633
0.48195
0.506892
0.523229
0.532201
0.534872
0.5344
-0.623893
-0.595464
-0.537769
-0.465689
-0.385486
-0.297828
-0.202772
-0.100275
0.00991389
0.128361
0.239755
0.328903
0.397542
0.450425
0.490475
0.519137
0.537327
0.545801
0.547323
0.546599
-0.641205
-0.612526
-0.554443
-0.481928
-0.401298
-0.313178
-0.21759
-0.114398
-0.00319204
0.116864
0.23065
0.322908
0.395185
0.452244
0.497321
0.531314
0.553231
0.561179
0.559482
0.557771
-0.657838
-0.628838
-0.570377
-0.497495
-0.416536
-0.328087
-0.232128
-0.128472
-0.0165448
0.104679
0.220289
0.315074
0.390443
0.451004
0.50104
0.541928
0.571091
0.582356
0.57549
0.555666
-0.673681
-0.644396
-0.585703
-0.512563
-0.431469
-0.342869
-0.246786
-0.142951
-0.0306754
0.0912491
0.208061
0.304669
0.382657
0.445678
0.499361
0.547459
0.587459
0.60692
0.594777
0.609642
-0.688907
-0.659255
-0.600374
-0.527074
-0.446049
-0.357457
-0.261544
-0.157793
-0.0455598
0.0765241
0.193861
0.291332
0.371272
0.435482
0.488365
0.53943
0.578922
0.602851
0.547932
0.51366
-0.704054
-0.673854
-0.614134
-0.540614
-0.459835
-0.371444
-0.276205
-0.172746
-0.060906
0.0607689
0.17784
0.275009
0.355836
0.420849
0.46573
0.508278
0.537457
0.519165
0.448546
0.397706
-0.719578
-0.688226
-0.626446
-0.552991
-0.472536
-0.38475
-0.29045
-0.187655
-0.0766157
0.044076
0.159998
0.255852
0.335576
0.403174
0.443297
0.452897
0.444985
0.389205
0.307152
0.256449
-0.35251
-0.2539
-0.147996
-0.0334672
0.0849232
0.189959
0.272618
0.0820957
-0.733867
-0.713743
-0.679358
-0.617108
-0.541529
-0.458703
-0.368654
-0.271537
-0.167056
-0.0544223
0.0619775
0.164696
0.244643
0.307026
0.346935
0.312125
0.152617
0.0495588
-0.0311279
-0.747547
-0.734851
-0.692868
-0.629401
-0.553805
-0.471442
-0.382341
-0.286236
-0.183172
-0.0724732
0.0410226
0.139294
0.213143
0.262628
0.255733
0.13317
-0.0523663
-0.187164
-0.297736
-0.766333
-0.753913
-0.709308
-0.644943
-0.569437
-0.487363
-0.398722
-0.303566
-0.202012
-0.0935127
0.0163397
0.109182
0.175042
0.208254
0.149306
-0.0505713
-0.274539
-0.451559
-0.608601
-0.784554
-0.772053
-0.726391
-0.660917
-0.585441
-0.503726
-0.415847
-0.321976
-0.222224
-0.116382
-0.010574
0.0766393
0.134405
0.147559
0.0338869
-0.236857
-0.512679
-0.759685
-0.999479
-0.801437
-0.789574
-0.743443
-0.677202
-0.60176
-0.520439
-0.433472
-0.341012
-0.24325
-0.140319
-0.038804
0.0423547
0.091458
0.0741558
-0.109891
-0.413229
-0.73399
-1.0466
-1.33142
-0.817818
-0.806583
-0.760633
-0.694092
-0.618758
-0.537854
-0.451776
-0.360731
-0.265024
-0.165033
-0.0679466
0.00686404
0.0472381
-0.0125171
-0.251166
-0.565289
-0.894024
-1.21331
-1.42488
-1.51003
-0.834606
-0.823734
-0.778142
-0.711678
-0.636648
-0.556297
-0.471226
-0.381788
-0.288385
-0.191783
-0.0997683
-0.0320094
-0.00223869
-0.100121
-0.383942
-0.695148
-0.99431
-1.23168
-1.33012
-1.36189
-0.851731
-0.841305
-0.796069
-0.72994
-0.655338
-0.575739
-0.491902
-0.404376
-0.313699
-0.221072
-0.134706
-0.074531
-0.0578603
-0.19034
-0.504203
-0.808847
-1.08015
-1.23959
-1.28518
-1.29627
-0.869445
-0.859228
-0.814422
-0.748648
-0.674629
-0.595959
-0.513628
-0.428373
-0.340897
-0.252624
-0.172495
-0.120452
-0.117709
-0.298497
-0.611209
-0.912466
-1.19015
-1.27959
-1.28197
-1.28403
-0.887478
-0.877402
-0.83305
-0.767622
-0.694261
-0.616725
-0.53616
-0.453525
-0.369651
-0.286244
-0.213259
-0.169929
-0.190379
-0.413313
-0.708
-0.988296
-1.28232
-1.37138
-1.30522
-1.2811
-0.905291
-0.895579
-0.851559
-0.786568
-0.713946
-0.637689
-0.55914
-0.47953
-0.399757
-0.321808
-0.256654
-0.222526
-0.274509
-0.526589
-0.795103
-0.984232
-1.21281
-1.26845
-1.2412
-1.23096
-0.922438
-0.912979
-0.869544
-0.804959
-0.733145
-0.658367
-0.582178
-0.505898
-0.430723
-0.358795
-0.301875
-0.278695
-0.360826
-0.654262
-0.883693
-0.887472
-0.844695
-1.07789
-1.18248
-1.21676
-0.938316
-0.929126
-0.886165
-0.822091
-0.751158
-0.677975
-0.604457
-0.532082
-0.462121
-0.396701
-0.348071
-0.340056
-0.451625
-0.831786
-1.10874
-1.04638
-0.955943
-1.17186
-1.33813
-1.40437
-0.952115
-0.943137
-0.90067
-0.836989
-0.766996
-0.695625
-0.625113
-0.557228
-0.493384
-0.435002
-0.393277
-0.404554
-0.545027
-1.09177
-1.66678
-2.01514
-1.90066
-1.84236
-1.84643
-1.86722
-0.962514
-0.953766
-0.911837
-0.848552
-0.779547
-0.710178
-0.643005
-0.580293
-0.523806
-0.473184
-0.436732
-0.465458
-0.635959
-1.3561
-2.25306
-3.20374
-3.28891
-3.0311
-2.70036
-2.53892
-0.967986
-0.959493
-0.918154
-0.855366
-0.787478
-0.720278
-0.656915
-0.600625
-0.552963
-0.511571
-0.479536
-0.510457
-0.699919
-1.3819
-2.29978
-3.34175
-3.76501
-3.68167
-3.3364
-3.03218
-0.966845
-0.958609
-0.918004
-0.855883
-0.789273
-0.724455
-0.665378
-0.616235
-0.579973
-0.552834
-0.527246
-0.537391
-0.677046
-1.16019
-1.73129
-2.29839
-2.63292
-2.70399
-2.57239
-2.38125
-0.95761
-0.949563
-0.909683
-0.848528
-0.783438
-0.72122
-0.666929
-0.626857
-0.607996
-0.608223
-0.608647
-0.583001
-0.610708
-0.74861
-0.839149
-0.868006
-0.861331
-0.792439
-0.68138
-0.563793
-0.938366
-0.930548
-0.891618
-0.831905
-0.768633
-0.709182
-0.660098
-0.63155
-0.640389
-0.701753
-0.801755
-0.766617
-0.602278
-0.353034
0.0218535
0.441618
0.818839
1.07485
1.22435
1.29987
-0.90761
-0.900104
-0.862414
-0.804938
-0.743836
-0.687156
-0.643205
-0.627769
-0.676367
-0.865531
-1.19565
-1.17259
-0.666518
-0.146721
0.561831
1.19194
1.70758
2.04835
2.20182
2.26159
-0.865475
-0.858568
-0.822189
-0.766681
-0.708302
-0.654114
-0.614056
-0.609748
-0.701335
-1.08112
-1.85979
-1.84087
-0.915728
-0.131131
0.692673
1.35674
1.84008
2.12359
2.24186
2.28366
-0.809849
-0.802868
-0.76929
-0.717433
-0.661581
-0.609271
-0.570122
-0.567522
-0.673249
-1.14969
-2.21423
-2.16422
-1.04557
-0.153318
0.641661
1.20163
1.55862
1.74709
1.83604
1.87227
-0.740684
-0.734218
-0.704623
-0.656425
-0.603918
-0.552651
-0.510899
-0.498277
-0.57258
-0.902953
-1.55742
-1.37969
-0.647767
0.0788056
0.643117
1.00274
1.21932
1.34194
1.41173
1.43157
-0.659384
-0.653884
-0.626881
-0.584753
-0.536017
-0.485966
-0.43975
-0.408783
-0.4208
-0.534458
-0.711096
-0.476261
-0.0500149
0.360868
0.654847
0.845746
0.969317
1.04989
1.09848
1.12293
-0.569482
-0.5664
-0.543639
-0.505191
-0.460795
-0.412855
-0.363546
-0.316882
-0.279906
-0.256563
-0.193395
-0.0184415
0.244731
0.445828
0.588062
0.689294
0.762378
0.815001
0.847965
0.862499
-0.46146
-0.459271
-0.444817
-0.415336
-0.378708
-0.337126
-0.290729
-0.240414
-0.186587
-0.123993
-0.0282911
0.119538
0.285603
0.411979
0.5026
0.567777
0.614005
0.646997
0.669636
0.678945
-0.356311
-0.355895
-0.346977
-0.325306
-0.297285
-0.263897
-0.224434
-0.178104
-0.123168
-0.0537115
0.0413612
0.158342
0.271122
0.358087
0.420421
0.46407
0.493851
0.513298
0.524145
0.528129
-0.259478
-0.259613
-0.254632
-0.240342
-0.220245
-0.195185
-0.163909
-0.124969
-0.0757898
-0.0116001
0.0722073
0.163925
0.244185
0.305448
0.348917
0.378364
0.397264
0.408567
0.414479
0.416311
-0.171287
-0.172081
-0.169697
-0.161682
-0.149262
-0.13235
-0.109529
-0.0790181
-0.038366
0.0159063
0.0852899
0.156769
0.215868
0.260061
0.290774
0.310862
0.323041
0.329686
0.332682
0.333352
-0.0957787
-0.0966281
-0.0965623
-0.0941666
-0.088459
-0.0785365
-0.063165
-0.0406856
-0.00892908
0.0347371
0.090246
0.145518
0.189491
0.221594
0.243389
0.257066
0.264878
0.268753
0.270237
0.270436
-0.0389454
-0.0397024
-0.0408718
-0.0418622
-0.0407542
-0.0360621
-0.0264743
-0.0105243
0.0134663
0.0473971
0.0905418
0.132744
0.165553
0.18899
0.204449
0.213915
0.219091
0.221382
0.22208
0.222081
-0.000652955
-0.00123092
-0.00269646
-0.00489833
-0.00586686
-0.00429497
0.00114515
0.0119263
0.0295254
0.0553338
0.088409
0.120402
0.144756
0.161877
0.173037
0.179622
0.182958
0.184237
0.184473
0.184377
0.0230624
0.0226576
0.0213938
0.0192277
0.0177859
0.0181823
0.0213539
0.0285117
0.0410839
0.0602885
0.0852499
0.109333
0.127504
0.140036
0.147889
0.15233
0.154442
0.15506
0.154994
0.154848
0.03698
0.0367066
0.0357949
0.0341187
0.0327977
0.0327349
0.0347657
0.0398124
0.0488956
0.0630493
0.0816928
0.0996424
0.112939
0.12192
0.127495
0.130546
0.13183
0.132028
0.131803
0.131651
0.044878
0.0446854
0.0440803
0.0429254
0.041949
0.0417741
0.0430189
0.0464982
0.0530994
0.0635508
0.0773396
0.0905913
0.100391
0.106974
0.110935
0.11298
0.113742
0.11373
0.113464
0.113329
0.0491854
0.0490453
0.0486397
0.0478526
0.0471711
0.0470488
0.0479317
0.0503804
0.0550857
0.062715
0.072921
0.0827277
0.0898904
0.094585
0.0973426
0.0987128
0.0991484
0.0990344
0.0987785
0.0986637
0.0511182
0.051016
0.0507233
0.0501419
0.0496246
0.0495004
0.0501048
0.0518751
0.0553125
0.06088
0.0683328
0.0754776
0.0806659
0.084045
0.0859914
0.0869096
0.0871482
0.0870001
0.0867755
0.0866802
0.051269
0.0511946
0.0509766
0.0505281
0.0501186
0.0499937
0.0503906
0.0516252
0.054088
0.0581398
0.0635933
0.0688166
0.0725802
0.0749916
0.0763439
0.0769486
0.0770645
0.0769088
0.076717
0.0766389
0.050051
0.0499959
0.0498332
0.0494887
0.0491647
0.0490475
0.0493124
0.0501903
0.0519615
0.0548898
0.0588462
0.062627
0.0653296
0.0670386
0.0679736
0.0683644
0.0684027
0.0682504
0.0680882
0.0680245
0.0478117
0.0477698
0.0476481
0.0473861
0.0471327
0.0470259
0.0471938
0.0478063
0.049071
0.0511831
0.0540432
0.0567708
0.0587068
0.0599129
0.0605534
0.0607989
0.0607915
0.0606518
0.0605174
0.060466
0.0448372
0.0448045
0.0447133
0.044517
0.0443231
0.0442327
0.0443388
0.0447656
0.0456643
0.047178
0.0492355
0.0511925
0.0525681
0.0534112
0.0538438
0.0539918
0.0539595
0.0538361
0.0537254
0.0536836
0.0413429
0.0413173
0.0412479
0.0411001
0.0409519
0.0408762
0.0409407
0.0412349
0.0418701
0.042949
0.0444206
0.0458148
0.0467861
0.0473701
0.0476576
0.0477413
0.0476976
0.0475921
0.0475021
0.0474681
0.0374795
0.0374593
0.0374057
0.0372932
0.0371787
0.0371149
0.0371506
0.037351
0.0377957
0.0385598
0.0396047
0.0405921
0.0412716
0.0416718
0.041859
0.0419008
0.0418529
0.0417634
0.0416901
0.0416626
0.0333516
0.0333357
0.0332938
0.0332069
0.0331171
0.0330628
0.0330789
0.0332118
0.0335191
0.0340548
0.0347907
0.0354837
0.0359556
0.0362257
0.0363433
0.0363581
0.0363104
0.0362353
0.0361758
0.0361538
0.0290325
0.0290202
0.0289871
0.0289191
0.0288474
0.0288002
0.0288023
0.0288872
0.0290965
0.0294683
0.0299816
0.0304624
0.0307852
0.0309642
0.0310348
0.0310329
0.0309879
0.0309251
0.0308769
0.0308591
0.024574
0.0245644
0.0245382
0.0244846
0.024427
0.0243859
0.0243791
0.0244307
0.0245698
0.0248236
0.0251767
0.025506
0.0257226
0.0258373
0.025876
0.0258645
0.0258235
0.0257713
0.0257324
0.0257183
0.0200145
0.0200071
0.0199864
0.0199441
0.0198977
0.0198623
0.0198506
0.0198796
0.0199696
0.0201386
0.0203761
0.0205967
0.0207386
0.0208095
0.0208274
0.0208107
0.0207742
0.0207315
0.0207004
0.0206893
0.0153812
0.0153757
0.0153598
0.0153266
0.0152894
0.0152595
0.0152457
0.0152594
0.0153144
0.0154234
0.0155785
0.0157216
0.0158115
0.0158528
0.015858
0.0158397
0.0158082
0.0157732
0.0157485
0.01574
0.0106931
0.0106892
0.0106772
0.0106516
0.0106229
0.0105996
0.0105868
0.0105919
0.0106234
0.0106889
0.0107839
0.0108708
0.0109235
0.0109451
0.0109437
0.0109273
0.0109023
0.0108749
0.0108558
0.0108496
0.00596288
0.00596024
0.00595201
0.0059349
0.00591647
0.00590158
0.005893
0.00589425
0.00590995
0.0059436
0.00599215
0.00603637
0.00606194
0.00607114
0.00606836
0.00605731
0.00604072
0.00602241
0.00600927
0.00600492
0.00358215
0.00358
0.00357182
0.00355951
0.00354889
0.00354116
0.00353757
0.00354121
0.00355524
0.00358067
0.00360955
0.00362979
0.00363939
0.00364019
0.00363483
0.00362577
0.00361396
0.00360294
0.00359827
0.00119327
-1.19803
-0.742694
-0.421846
-0.168215
0.0349052
0.19969
0.335512
0.452549
0.537802
0.540606
-0.514923
-0.298555
-0.109502
0.0518264
0.189492
0.30581
0.402956
0.47906
0.526895
0.545446
-0.148341
-0.0196072
0.102097
0.211691
0.307359
0.389023
0.4562
0.50753
0.543792
0.56637
0.0870156
0.171987
0.256083
0.333576
0.401556
0.460044
0.508689
0.547483
0.577706
0.598033
0.25659
0.313771
0.376719
0.433586
0.484176
0.528385
0.566218
0.597617
0.623055
0.640102
0.388872
0.430708
0.47963
0.523148
0.56341
0.599412
0.630946
0.657601
0.679369
0.693305
0.497614
0.533314
0.573108
0.610421
0.645271
0.677102
0.705237
0.728989
0.748098
0.759331
0.596156
0.629559
0.666604
0.702421
0.735603
0.765762
0.792219
0.814235
0.831294
0.840442
0.695579
0.731612
0.770042
0.806991
0.840245
0.869643
0.894784
0.915285
0.930634
0.938999
0.811122
0.852267
0.892418
0.930122
0.962719
0.99051
1.01369
1.03242
1.04649
1.05584
0.956581
0.999701
1.03792
1.07216
1.10067
1.12491
1.14591
1.16363
1.17773
1.18903
1.13543
1.1733
1.20164
1.22631
1.24764
1.2672
1.28567
1.30299
1.31905
1.33369
1.33373
1.3549
1.36996
1.38598
1.40246
1.4179
1.43175
1.44513
1.46072
1.47914
1.52467
1.53192
1.54257
1.55421
1.56418
1.57346
1.58385
1.59505
1.60674
1.61564
1.73801
1.73978
1.73188
1.71535
1.70429
1.70386
1.71605
1.7407
1.77485
1.79942
2.15761
1.96373
1.86273
1.80507
1.77597
1.76934
1.78458
1.82542
1.90127
2.04424
-0.700532
-0.705487
-0.668027
-0.603599
-0.527712
-0.443855
0.345446
0.415993
0.417119
0.338174
0.261976
0.180881
-0.115233
-0.41275
-0.783542
-1.2831
-1.89344
)
;

boundaryField
{
    wall-4
    {
        type            zeroGradient;
    }
    pressure-outlet-7
    {
        type            fixedValue;
        value           uniform 0;
    }
    velocity-inlet-6
    {
        type            zeroGradient;
    }
    velocity-inlet-5
    {
        type            zeroGradient;
    }
    frontAndBackPlanes
    {
        type            empty;
    }
}


// ************************************************************************* //
