/*--------------------------------*- C++ -*----------------------------------*\
  =========                 |
  \\      /  F ield         | OpenFOAM: The Open Source CFD Toolbox
   \\    /   O peration     | Website:  https://openfoam.org
    \\  /    A nd           | Version:  9
     \\/     M anipulation  |
\*---------------------------------------------------------------------------*/
FoamFile
{
    format      ascii;
    class       volScalarField;
    location    "58";
    object      p;
}
// * * * * * * * * * * * * * * * * * * * * * * * * * * * * * * * * * * * * * //

dimensions      [0 2 -2 0 0 0 0];

internalField   nonuniform List<scalar> 
8800
(
0.798755
0.750968
0.71228
0.683285
0.662423
0.647595
0.637004
0.62953
0.62472
0.622677
0.623961
0.628164
0.634819
0.644142
0.656926
0.674663
0.699443
0.733385
0.775936
0.834638
0.630004
0.637683
0.645159
0.648468
0.646965
0.641889
0.635406
0.629334
0.624619
0.621788
0.621525
0.624046
0.628546
0.6345
0.641275
0.647559
0.651202
0.650467
0.645049
0.636359
0.608407
0.614566
0.618694
0.621639
0.623689
0.624296
0.623194
0.621096
0.619091
0.618199
0.619179
0.621574
0.624383
0.626571
0.627183
0.625987
0.623648
0.620256
0.615699
0.611938
0.602597
0.605247
0.607999
0.610402
0.612038
0.613202
0.613947
0.614072
0.613788
0.613756
0.614527
0.615712
0.616562
0.616635
0.61603
0.614942
0.613129
0.61056
0.608158
0.606654
0.597216
0.59864
0.600419
0.602451
0.604236
0.60558
0.606573
0.607378
0.608005
0.608588
0.60926
0.609773
0.609884
0.609604
0.608912
0.607667
0.605974
0.604127
0.602821
0.601989
0.59214
0.59306
0.594301
0.595867
0.5975
0.599026
0.600316
0.601391
0.602369
0.603283
0.603996
0.604342
0.604313
0.603882
0.603007
0.601811
0.600486
0.599228
0.598406
0.597855
0.587233
0.587903
0.588864
0.590166
0.591575
0.593034
0.594478
0.595808
0.597022
0.598153
0.599
0.599388
0.599318
0.598818
0.598019
0.597075
0.596066
0.595144
0.59456
0.594154
0.58245
0.582967
0.583749
0.584878
0.586155
0.58753
0.588979
0.59046
0.591903
0.593265
0.5943
0.594794
0.594784
0.594409
0.593813
0.593092
0.592322
0.59164
0.591207
0.590889
0.57772
0.57813
0.578785
0.579789
0.580994
0.582321
0.583769
0.585333
0.586971
0.588596
0.589873
0.590555
0.590735
0.590577
0.590201
0.589689
0.589122
0.588632
0.588309
0.588052
0.572955
0.57329
0.573855
0.57478
0.575935
0.577247
0.57873
0.58039
0.582213
0.584124
0.585715
0.586687
0.58714
0.587231
0.587082
0.586791
0.586416
0.586084
0.585846
0.58563
0.568069
0.568347
0.568851
0.569729
0.570865
0.572201
0.573755
0.575554
0.577602
0.579844
0.581831
0.583178
0.583958
0.584333
0.584432
0.584363
0.584178
0.583986
0.583815
0.583628
0.562974
0.563207
0.563672
0.564534
0.565691
0.567093
0.568762
0.570751
0.573091
0.575742
0.578215
0.580012
0.581175
0.581876
0.582251
0.58241
0.582415
0.582351
0.582236
0.58207
0.557579
0.557777
0.558222
0.559097
0.560317
0.56183
0.563667
0.565915
0.568624
0.571792
0.574854
0.577185
0.578795
0.579867
0.580551
0.580952
0.581165
0.581219
0.58115
0.580998
0.551783
0.551953
0.552396
0.553313
0.554636
0.556311
0.558385
0.56097
0.56415
0.567958
0.571734
0.574702
0.576837
0.578336
0.579371
0.580064
0.580479
0.580648
0.58062
0.580476
0.545472
0.545617
0.546072
0.547062
0.548535
0.55043
0.552817
0.555835
0.559608
0.564203
0.568844
0.572574
0.575332
0.577331
0.578765
0.579773
0.580421
0.58071
0.580719
0.58058
0.538507
0.538627
0.53911
0.540203
0.541878
0.544064
0.546852
0.550418
0.55493
0.560487
0.566174
0.570817
0.574313
0.576903
0.578807
0.580177
0.581083
0.581495
0.581538
0.5814
0.530711
0.530809
0.531335
0.532567
0.534501
0.537058
0.540358
0.544616
0.550045
0.55678
0.563729
0.56946
0.573826
0.577111
0.579578
0.581372
0.582565
0.583107
0.583181
0.58304
0.521858
0.521959
0.522538
0.523927
0.526193
0.529231
0.533183
0.53831
0.544876
0.553052
0.561517
0.56854
0.573935
0.578035
0.581169
0.583457
0.584974
0.585654
0.585758
0.58561
0.511642
0.511724
0.512394
0.514008
0.516706
0.520362
0.525139
0.531362
0.539343
0.54928
0.559562
0.568108
0.574709
0.57977
0.583667
0.586538
0.588424
0.589249
0.58938
0.589223
0.499695
0.499761
0.50053
0.502457
0.505712
0.51016
0.515995
0.523604
0.533349
0.545431
0.557881
0.568215
0.576222
0.582405
0.587188
0.590738
0.593026
0.594
0.594152
0.593981
0.48547
0.485525
0.486436
0.488777
0.492768
0.498262
0.505475
0.514865
0.526817
0.541507
0.556523
0.568937
0.578554
0.586023
0.591837
0.596149
0.598869
0.599987
0.600154
0.599965
0.468207
0.468251
0.469375
0.472299
0.477297
0.484204
0.493255
0.504965
0.519703
0.537561
0.555574
0.570358
0.581797
0.590719
0.597679
0.602842
0.606006
0.607252
0.607421
0.607212
0.446757
0.446799
0.448269
0.452072
0.458524
0.467422
0.478993
0.493766
0.512013
0.533671
0.555139
0.572575
0.586038
0.596567
0.604761
0.610844
0.614432
0.615771
0.615925
0.615694
0.419402
0.419463
0.421518
0.426734
0.435434
0.447256
0.462376
0.481218
0.503851
0.530007
0.55537
0.575704
0.591338
0.603588
0.613122
0.620112
0.624051
0.625421
0.625539
0.625287
0.383112
0.383272
0.386528
0.394356
0.406852
0.423135
0.443314
0.467499
0.495501
0.526841
0.556484
0.579879
0.597775
0.611804
0.622714
0.63051
0.634657
0.635968
0.636026
0.635755
0.332116
0.333086
0.339557
0.352741
0.371835
0.395015
0.422169
0.453111
0.487452
0.524558
0.558714
0.585234
0.605393
0.62117
0.633379
0.641785
0.645925
0.647073
0.647056
0.646772
0.25753
0.264752
0.279722
0.302928
0.331868
0.364289
0.399969
0.438688
0.480057
0.523426
0.562451
0.592355
0.614985
0.632675
0.646206
0.655077
0.659096
0.660066
0.660003
0.659756
0.177317
0.194425
0.218689
0.252577
0.291735
0.333533
0.377819
0.42453
0.47336
0.523719
0.568547
0.602695
0.628418
0.648462
0.663605
0.672795
0.676402
0.677106
0.677063
0.676911
0.110471
0.13063
0.162584
0.205541
0.253734
0.304371
0.357005
0.411555
0.467692
0.524834
0.575217
0.613346
0.641958
0.664053
0.680229
0.689349
0.69265
0.693274
0.693277
0.693173
0.0557207
0.0775314
0.114985
0.164359
0.219692
0.27778
0.337802
0.399551
0.462572
0.526196
0.581865
0.623731
0.65497
0.678826
0.696012
0.705312
0.70864
0.709293
0.709343
0.70927
0.0101236
0.0331156
0.0743516
0.128824
0.1899
0.254146
0.320521
0.38868
0.458006
0.527689
0.588362
0.63377
0.667497
0.693101
0.711289
0.721225
0.724799
0.725396
0.725455
0.725414
-0.0285798
-0.00491694
0.0391795
0.0976976
0.163604
0.233091
0.304984
0.378837
0.453907
0.529234
0.594641
0.643435
0.679572
0.706905
0.726208
0.736801
0.74063
0.741285
0.741366
0.741352
-0.0624061
-0.0383002
0.00806447
0.0699117
0.139898
0.213941
0.290728
0.369725
0.450083
0.530694
0.60059
0.652612
0.691051
0.720044
0.74037
0.751613
0.75579
0.756568
0.756685
0.756691
-0.0928446
-0.0683473
-0.0201349
0.0445597
0.118064
0.196103
0.27728
0.360969
0.446231
0.53183
0.606004
0.66111
0.701719
0.732216
0.753548
0.765366
0.769874
0.770836
0.770952
0.77096
-0.120855
-0.0960021
-0.046209
0.0209373
0.0975395
0.179118
0.264241
0.352229
0.442081
0.53243
0.610733
0.668794
0.711444
0.743305
0.765512
0.777843
0.782634
0.783735
0.783848
0.783845
-0.147234
-0.121979
-0.0707077
-0.00146964
0.0778966
0.16263
0.251322
0.343268
0.437429
0.532335
0.614675
0.675627
0.720229
0.753376
0.776269
0.78898
0.793958
0.795149
0.795258
0.795237
-0.172355
-0.146684
-0.0941994
-0.0229839
0.058831
0.146396
0.238323
0.333915
0.432126
0.531436
0.617772
0.681618
0.728127
0.762459
0.785936
0.798882
0.803939
0.805169
0.805253
0.805213
-0.196633
-0.17042
-0.116906
-0.043852
0.0401386
0.130244
0.225107
0.324053
0.426069
0.529644
0.619988
0.686789
0.73524
0.770693
0.794646
0.807666
0.81275
0.813974
0.814039
0.813977
-0.220198
-0.193577
-0.13891
-0.0642491
0.0216926
0.114076
0.211593
0.31362
0.419198
0.526901
0.621289
0.691177
0.741674
0.778255
0.802584
0.815587
0.820595
0.82177
0.821821
0.821742
-0.243182
-0.216047
-0.160357
-0.0842537
0.00343461
0.0978527
0.197753
0.302584
0.411478
0.523154
0.621629
0.694809
0.74754
0.785318
0.809955
0.822808
0.827645
0.828729
0.828727
0.828636
-0.265714
-0.23801
-0.181325
-0.103901
-0.0146638
0.0815675
0.183599
0.290959
0.402905
0.518366
0.620962
0.697682
0.752935
0.792039
0.816903
0.829448
0.833968
0.834889
0.834823
0.834684
-0.287815
-0.259456
-0.201845
-0.123194
-0.0325761
0.0652459
0.169168
0.278783
0.393501
0.512514
0.61923
0.699757
0.757912
0.798595
0.823629
0.835621
0.839635
0.840325
0.840204
0.840053
-0.30933
-0.280351
-0.221855
-0.14211
-0.0502734
0.0489496
0.154518
0.266125
0.38332
0.505614
0.616364
0.70096
0.762467
0.805153
0.83043
0.841594
0.84478
0.845102
0.844917
0.844769
-0.33024
-0.300671
-0.241342
-0.160609
-0.0677012
0.0327338
0.139734
0.25306
0.372436
0.497692
0.612315
0.701168
0.766524
0.811814
0.837705
0.847883
0.849724
0.849317
0.849017
0.848923
-0.350614
-0.320382
-0.260283
-0.178657
-0.0848
0.0166788
0.124902
0.239688
0.360937
0.488809
0.607035
0.700232
0.769904
0.818496
0.845815
0.855368
0.855372
0.853376
0.852653
0.852856
-0.37028
-0.339463
-0.278623
-0.196198
-0.101513
0.000865515
0.110113
0.226117
0.348936
0.479055
0.600506
0.697976
0.772329
0.824845
0.854738
0.865043
0.863678
0.85925
0.856606
0.856174
-0.389336
-0.357904
-0.296381
-0.213261
-0.117872
-0.0147485
0.0953138
0.212292
0.336368
0.46836
0.592595
0.694127
0.77349
0.830334
0.863831
0.877175
0.877063
0.87065
0.862451
0.848425
-0.407705
-0.375692
-0.313673
-0.230045
-0.134161
-0.0304902
0.0800949
0.19774
0.322708
0.456099
0.582669
0.687922
0.772832
0.834244
0.871388
0.889585
0.891397
0.878852
0.859053
0.847424
-0.425215
-0.392962
-0.330307
-0.24635
-0.15003
-0.0460194
0.0646799
0.18278
0.308256
0.442525
0.570781
0.678871
0.769505
0.835407
0.873203
0.891224
0.895729
0.872401
0.80474
0.774388
-0.441199
-0.41096
-0.345953
-0.26168
-0.164696
-0.0608364
0.0493826
0.16764
0.293225
0.427756
0.556855
0.666648
0.762062
0.833144
0.864271
0.876887
0.865948
0.811641
0.742561
0.700068
-0.496753
-0.426841
-0.360155
-0.277157
-0.179775
-0.0764012
0.034135
0.152036
0.277243
0.411322
0.540274
0.650586
0.746604
0.824196
0.828685
0.831055
0.781036
0.710455
0.633711
0.591001
-0.458199
-0.44216
-0.381374
-0.297429
-0.202063
-0.0987525
0.0107564
0.127995
0.252192
0.384827
0.511827
0.620439
0.70854
0.790888
0.777259
0.663367
0.557752
0.48426
0.410691
0.441042
-0.489133
-0.459781
-0.398068
-0.314938
-0.219581
-0.116408
-0.00663991
0.109952
0.233068
0.363887
0.488062
0.592459
0.671091
0.715078
0.666254
0.516782
0.388537
0.296854
0.197957
0.24785
-0.51297
-0.48068
-0.417729
-0.334436
-0.23897
-0.135901
-0.0262212
0.089528
0.211231
0.339633
0.460061
0.558268
0.628111
0.637605
0.530702
0.357483
0.204489
0.0854275
-0.0458381
-0.0131457
-0.536306
-0.502475
-0.438331
-0.354113
-0.258554
-0.155633
-0.0464797
0.0682981
0.188394
0.314001
0.429751
0.520117
0.574728
0.552821
0.394077
0.197618
0.00721157
-0.160767
-0.349361
-0.367936
-0.559056
-0.524764
-0.459719
-0.374717
-0.279002
-0.176298
-0.0677946
0.0458883
0.164121
0.286534
0.396908
0.479405
0.514606
0.456616
0.264139
0.0536632
-0.163519
-0.352696
-0.594576
-0.89257
-0.582106
-0.547802
-0.482203
-0.396701
-0.300789
-0.198247
-0.0903216
0.0222326
0.138493
0.257451
0.36214
0.436382
0.450565
0.341555
0.151143
-0.0586189
-0.262754
-0.434902
-0.504043
-0.583094
-0.606419
-0.572041
-0.506131
-0.420385
-0.324411
-0.222122
-0.114867
-0.00361451
0.110354
0.225331
0.323973
0.387236
0.376601
0.233986
0.050796
-0.139932
-0.302563
-0.395308
-0.419341
-0.435254
-0.6323
-0.597786
-0.531674
-0.445849
-0.349997
-0.248133
-0.141787
-0.0321399
0.0791187
0.189473
0.281606
0.330823
0.302685
0.134187
-0.0400989
-0.205761
-0.33207
-0.371004
-0.383882
-0.385213
-0.659952
-0.625217
-0.558899
-0.473087
-0.377497
-0.276284
-0.171101
-0.0633914
0.0447192
0.149876
0.234571
0.269807
0.222092
0.0420742
-0.123164
-0.271531
-0.347455
-0.364495
-0.36581
-0.365619
-0.689439
-0.654397
-0.587827
-0.502097
-0.406926
-0.306561
-0.202809
-0.0973822
0.0071641
0.106605
0.182939
0.206511
0.123132
-0.0420009
-0.199004
-0.321298
-0.357843
-0.356066
-0.355058
-0.354426
-0.720475
-0.685142
-0.618356
-0.532791
-0.438194
-0.338907
-0.236877
-0.134083
-0.0335093
0.0597589
0.127581
0.134517
0.0328902
-0.120266
-0.259001
-0.334371
-0.344788
-0.347504
-0.348218
-0.347914
-0.75251
-0.717017
-0.650228
-0.564936
-0.471113
-0.373162
-0.273148
-0.173359
-0.0771176
0.00966643
0.0688253
0.060852
-0.0481476
-0.186452
-0.302181
-0.333631
-0.342085
-0.343643
-0.343513
-0.343261
-0.785073
-0.74946
-0.683001
-0.598134
-0.505335
-0.408999
-0.311335
-0.214915
-0.123373
-0.0430028
0.00570228
-0.00952787
-0.122975
-0.239774
-0.332309
-0.347908
-0.34056
-0.339888
-0.339937
-0.339771
-0.817268
-0.781738
-0.715776
-0.6318
-0.540312
-0.44594
-0.35098
-0.258263
-0.171794
-0.0976598
-0.0589906
-0.0754392
-0.189168
-0.280252
-0.333486
-0.344352
-0.340898
-0.339246
-0.33857
-0.338315
-0.847515
-0.812674
-0.747587
-0.664998
-0.575271
-0.483278
-0.391418
-0.302694
-0.221566
-0.153731
-0.118612
-0.149948
-0.245595
-0.314346
-0.320115
-0.337329
-0.341614
-0.339909
-0.339265
-0.33884
-0.874207
-0.840462
-0.777298
-0.696531
-0.609168
-0.520072
-0.431771
-0.34732
-0.271523
-0.21025
-0.175776
-0.2239
-0.302718
-0.333432
-0.348818
-0.349747
-0.349571
-0.349147
-0.349126
-0.348708
-0.89522
-0.863189
-0.802903
-0.724976
-0.64072
-0.555157
-0.470929
-0.391076
-0.320427
-0.265746
-0.235149
-0.287134
-0.365651
-0.405415
-0.403354
-0.396846
-0.386297
-0.382848
-0.380517
-0.37884
-0.908296
-0.87897
-0.822401
-0.748486
-0.668423
-0.587208
-0.507646
-0.432698
-0.367039
-0.318213
-0.292409
-0.340084
-0.434189
-0.536997
-0.494358
-0.453984
-0.436235
-0.426228
-0.419397
-0.417689
-0.910803
-0.88554
-0.833888
-0.765225
-0.690582
-0.614831
-0.540582
-0.470835
-0.410041
-0.365387
-0.337415
-0.37024
-0.449898
-0.637865
-0.549425
-0.461076
-0.419983
-0.403507
-0.397848
-0.396312
-0.900586
-0.880222
-0.835201
-0.773593
-0.705734
-0.636546
-0.568429
-0.504188
-0.447912
-0.405363
-0.367071
-0.338758
-0.296289
-0.374791
-0.352274
-0.319549
-0.315097
-0.319129
-0.322541
-0.322338
-0.875558
-0.860196
-0.824518
-0.772391
-0.712925
-0.651382
-0.590051
-0.531563
-0.479542
-0.439238
-0.389046
-0.263596
0.00143408
0.33827
0.174104
-0.110266
-0.238068
-0.283982
-0.301859
-0.305706
-0.838245
-0.828312
-0.802602
-0.761782
-0.712167
-0.659131
-0.604967
-0.552051
-0.504566
-0.466661
-0.416186
-0.318584
-0.129671
0.0264304
-0.150274
-0.326712
-0.425642
-0.470109
-0.488508
-0.495886
-0.795354
-0.789716
-0.77435
-0.744575
-0.705386
-0.660569
-0.613347
-0.565859
-0.522051
-0.489638
-0.469001
-0.585461
-0.959362
-1.40342
-1.46099
-1.22883
-1.02933
-0.915691
-0.877249
-0.874008
-0.756781
-0.753393
-0.746044
-0.726269
-0.695484
-0.657705
-0.616012
-0.572361
-0.53014
-0.498544
-0.488381
-0.693565
-1.06545
-1.46798
-1.58488
-1.47037
-1.36154
-1.20244
-1.07721
-1.05075
-0.729506
-0.727406
-0.723786
-0.71145
-0.686838
-0.653368
-0.61472
-0.571523
-0.526905
-0.482051
-0.463719
-0.461973
-0.561652
-0.686622
-0.78695
-0.803227
-0.801613
-0.719695
-0.613553
-0.570116
-0.709315
-0.708548
-0.707438
-0.701297
-0.682064
-0.650847
-0.611555
-0.566509
-0.514958
-0.460708
-0.419719
-0.391649
-0.294715
-0.0659813
0.178852
0.370265
0.457893
0.506547
0.53918
0.557455
-0.698041
-0.697666
-0.697045
-0.694375
-0.680547
-0.650392
-0.608704
-0.55895
-0.502064
-0.437891
-0.368822
-0.301006
-0.0805154
0.301715
0.679116
1.00735
1.17591
1.24604
1.26424
1.26401
-0.691565
-0.691219
-0.690417
-0.689792
-0.681749
-0.652615
-0.60707
-0.551522
-0.487121
-0.40749
-0.31898
-0.222748
0.0278021
0.410099
0.790533
1.10981
1.2912
1.37026
1.39401
1.39922
-0.689405
-0.689441
-0.689594
-0.690741
-0.686129
-0.657617
-0.607448
-0.546527
-0.472763
-0.387018
-0.288833
-0.189843
0.0464548
0.377265
0.681402
0.935156
1.09448
1.18554
1.23548
1.25411
-0.68603
-0.687057
-0.689615
-0.693236
-0.689999
-0.661246
-0.60998
-0.54473
-0.464694
-0.370648
-0.268973
-0.180508
0.0126756
0.315479
0.592523
0.822923
0.984108
1.08533
1.14397
1.16502
-0.680555
-0.680556
-0.677951
-0.672826
-0.669198
-0.654374
-0.615339
-0.548642
-0.46265
-0.363031
-0.264686
-0.175853
-0.010877
0.250888
0.511077
0.728726
0.902411
1.00943
1.0609
1.07595
-0.702236
-0.698313
-0.679705
-0.6514
-0.642424
-0.656758
-0.633337
-0.560781
-0.465407
-0.35988
-0.262936
-0.177304
-0.0596452
0.182392
0.403408
0.59249
0.742438
0.833296
0.874185
0.884714
-0.776751
-0.773793
-0.77179
-0.774948
-0.771045
-0.762232
-0.687963
-0.582234
-0.468183
-0.356889
-0.260593
-0.175333
-0.0798267
0.0951197
0.28084
0.432413
0.550463
0.620233
0.650805
0.65776
-0.9009
-0.916876
-0.955434
-0.985367
-0.974483
-0.911103
-0.759961
-0.602757
-0.467418
-0.350643
-0.255546
-0.176111
-0.0987155
0.027326
0.170664
0.286474
0.377393
0.429278
0.450761
0.453901
-0.954524
-0.977794
-1.01438
-1.03916
-1.02625
-0.9431
-0.76311
-0.589244
-0.449325
-0.33636
-0.248923
-0.181612
-0.121357
-0.0338282
0.0747778
0.1641
0.233573
0.271182
0.286706
0.286526
-0.809726
-0.831677
-0.866984
-0.895579
-0.885995
-0.797709
-0.651478
-0.514859
-0.400924
-0.307559
-0.235372
-0.182362
-0.143872
-0.0845578
-0.00543204
0.0617038
0.114207
0.13994
0.148317
0.148426
-0.493539
-0.508156
-0.534058
-0.559943
-0.564962
-0.52892
-0.463178
-0.392447
-0.327235
-0.266202
-0.214942
-0.176753
-0.151289
-0.114526
-0.0649717
-0.0209916
0.011194
0.0269056
0.0320286
0.0305231
-0.178801
-0.185575
-0.201674
-0.227357
-0.255348
-0.271349
-0.275683
-0.266826
-0.24754
-0.219731
-0.190507
-0.166012
-0.149015
-0.128933
-0.102937
-0.0827454
-0.0705843
-0.0676409
-0.0671427
-0.0682035
0.0129501
0.009502
-0.00179513
-0.0264568
-0.0648124
-0.108417
-0.144624
-0.169082
-0.179714
-0.1776
-0.166733
-0.152527
-0.139336
-0.134132
-0.130723
-0.128793
-0.131001
-0.134781
-0.136571
-0.137098
0.0840587
0.0821508
0.0736253
0.0525534
0.01683
-0.027201
-0.0701303
-0.105871
-0.131137
-0.145156
-0.148278
-0.142665
-0.133564
-0.137862
-0.146566
-0.155666
-0.165225
-0.171645
-0.173657
-0.173956
0.092842
0.0913513
0.0850014
0.069236
0.0419777
0.00662324
-0.031768
-0.0680786
-0.0991104
-0.123616
-0.140556
-0.14887
-0.149792
-0.157896
-0.165567
-0.172436
-0.179718
-0.183958
-0.185128
-0.185574
0.0781791
0.0770985
0.0726716
0.0616896
0.0423383
0.0159884
-0.0149977
-0.0471502
-0.0787997
-0.110131
-0.142222
-0.175432
-0.198877
-0.19343
-0.186735
-0.185838
-0.185068
-0.185494
-0.185693
-0.186127
0.0588177
0.0580857
0.0551213
0.047727
0.0343812
0.0153984
-0.00838703
-0.0351723
-0.0643894
-0.0984523
-0.141574
-0.195354
-0.235908
-0.216415
-0.19574
-0.184404
-0.181381
-0.18118
-0.181157
-0.18137
0.0415982
0.0411315
0.0392237
0.0343822
0.0253857
0.0120644
-0.00546735
-0.0264949
-0.0510509
-0.0824477
-0.125814
-0.183352
-0.211417
-0.189765
-0.171307
-0.16518
-0.165127
-0.166292
-0.166493
-0.166363
0.0283518
0.0280613
0.0268968
0.0238373
0.0179636
0.00892157
-0.00339906
-0.0187137
-0.0371069
-0.0602854
-0.0910579
-0.128452
-0.139867
-0.12589
-0.119908
-0.123318
-0.129312
-0.132756
-0.133322
-0.133084
0.0189724
0.0188099
0.018144
0.0163267
0.0126897
0.00691283
-0.00111828
-0.0110942
-0.0224837
-0.0347595
-0.0460758
-0.0550665
-0.0500611
-0.0465889
-0.0563945
-0.0687021
-0.0780054
-0.0821506
-0.083011
-0.0829675
0.0124707
0.0124181
0.0120888
0.0111374
0.00913044
0.00577999
0.00111899
-0.00432749
-0.00926868
-0.01083
-0.00317174
0.0149585
0.0393571
0.0257819
0.00430555
-0.0138147
-0.0236745
-0.0265958
-0.0281505
-0.0285834
0.00796221
0.00796625
0.00785758
0.00748961
0.00656118
0.00492961
0.00269544
0.000577299
0.000367269
0.00649204
0.0266321
0.0599392
0.0903028
0.072624
0.0474419
0.0287673
0.0197988
0.0166606
0.0154696
0.0148691
0.00470076
0.00473789
0.00475105
0.00470989
0.00443688
0.00385774
0.00310005
0.0029043
0.00499817
0.0140595
0.0377468
0.0734203
0.100264
0.0854136
0.0619879
0.0490811
0.0450853
0.0442619
0.0424373
0.0412235
0.00217077
0.00219936
0.00224994
0.00238041
0.00244792
0.00239412
0.00231247
0.00270753
0.00479331
0.0119114
0.0299844
0.0556675
0.0762997
0.0635067
0.0485849
0.042671
0.0425141
0.0431862
0.0417085
0.040471
0.000241925
0.000267622
0.000261933
0.000336304
0.000438149
0.000492083
0.000479876
0.00054589
0.000841806
0.00188647
0.00480615
0.0108727
0.0173742
0.0168867
0.0133071
0.0148114
0.0147842
0.0127835
0.00990686
0.0094729
-0.121286
0.0453343
0.239839
0.409599
0.54518
0.651876
0.740065
0.815156
0.849391
0.826122
0.180732
0.301225
0.430855
0.542856
0.637216
0.715263
0.778454
0.82333
0.845793
0.857911
0.39912
0.481772
0.570378
0.648608
0.71587
0.772144
0.81691
0.849631
0.873306
0.891317
0.559626
0.618797
0.68029
0.737271
0.786836
0.828932
0.863522
0.891131
0.913895
0.932213
0.684864
0.727901
0.773796
0.817527
0.856171
0.889936
0.918847
0.942921
0.96329
0.981136
0.789061
0.821894
0.859963
0.895465
0.928062
0.957289
0.982837
1.00432
1.02216
1.03951
0.881534
0.910204
0.944148
0.976261
1.00619
1.03335
1.05709
1.07681
1.09231
1.10939
0.97008
0.99927
1.03326
1.06529
1.09489
1.12147
1.14433
1.16281
1.17618
1.19322
1.06537
1.09857
1.1352
1.16878
1.19882
1.225
1.24695
1.26423
1.27609
1.29349
1.18035
1.21817
1.25681
1.29105
1.3204
1.34514
1.36551
1.3814
1.39287
1.41094
1.32528
1.36382
1.39996
1.43065
1.45632
1.47842
1.49747
1.513
1.52543
1.54342
1.50036
1.53198
1.55815
1.5806
1.60058
1.6193
1.63701
1.65349
1.66884
1.68691
1.68897
1.70617
1.7212
1.73743
1.75334
1.76787
1.78107
1.795
1.81254
1.8327
1.87068
1.88022
1.89176
1.90257
1.91186
1.92144
1.93222
1.94359
1.95495
1.9703
2.07792
2.08158
2.06664
2.05183
2.04555
2.05122
2.0697
2.10001
2.13219
2.15885
2.38424
2.24938
2.17274
2.13035
2.11293
2.1169
2.14429
2.20071
2.30333
2.52769
0.689354
0.687226
0.682742
0.674118
0.661894
0.649766
0.639539
0.631646
0.626033
0.622785
0.622438
0.625183
0.630292
0.637518
0.646908
0.658448
0.6711
0.682135
0.688247
0.691301
0.613805
0.619652
0.625986
0.630478
0.632949
0.632625
0.629889
0.626082
0.622577
0.620323
0.620184
0.622388
0.626056
0.630348
0.634157
0.636041
0.635105
0.631623
0.62646
0.61984
0.605377
0.607673
0.611077
0.614073
0.616149
0.617646
0.618403
0.618089
0.617068
0.616192
0.616375
0.617809
0.619628
0.620937
0.621118
0.620229
0.61868
0.616344
0.613081
0.61016
0.599862
0.600948
0.602781
0.605159
0.607183
0.608611
0.609633
0.610388
0.610794
0.611024
0.611524
0.612337
0.612939
0.613008
0.612597
0.611749
0.61028
0.608196
0.606109
0.604727
0.594653
0.595316
0.596424
0.598128
0.59991
0.601542
0.602839
0.603857
0.604745
0.605544
0.606282
0.606841
0.607038
0.606873
0.606307
0.605252
0.603824
0.602281
0.600963
0.600183
0.58967
0.59013
0.590916
0.592214
0.5937
0.595217
0.596683
0.597983
0.599125
0.600189
0.601114
0.601689
0.601838
0.601566
0.600869
0.599879
0.598753
0.597621
0.596706
0.596188
0.584832
0.585177
0.585787
0.586855
0.588148
0.589521
0.59096
0.592408
0.593786
0.595075
0.596196
0.596894
0.597075
0.596801
0.596202
0.595425
0.594574
0.593707
0.593034
0.592656
0.580086
0.580354
0.580847
0.581754
0.582922
0.584217
0.585612
0.587102
0.588647
0.590175
0.591534
0.59241
0.592715
0.592596
0.592203
0.591642
0.590993
0.590354
0.589862
0.589573
0.57535
0.575563
0.575972
0.576769
0.577856
0.579103
0.580487
0.582023
0.583698
0.585462
0.587105
0.58824
0.588781
0.5889
0.588734
0.588392
0.587948
0.587499
0.587147
0.586921
0.570536
0.570707
0.571058
0.571781
0.572822
0.574046
0.575457
0.577075
0.578905
0.580921
0.582903
0.584391
0.58525
0.585652
0.585735
0.58562
0.585387
0.585109
0.584872
0.584692
0.565557
0.565695
0.566004
0.566683
0.567706
0.568953
0.570429
0.572172
0.574211
0.576533
0.57893
0.580856
0.582098
0.582828
0.583194
0.583318
0.583293
0.58318
0.583041
0.582897
0.560323
0.560435
0.560716
0.561375
0.562416
0.563732
0.565318
0.567238
0.56955
0.572263
0.575171
0.577625
0.579318
0.580427
0.581112
0.581499
0.581683
0.581739
0.581686
0.581569
0.554741
0.55483
0.555095
0.555759
0.556853
0.558279
0.560028
0.562195
0.564859
0.568066
0.571604
0.574691
0.576917
0.578465
0.579507
0.5802
0.580624
0.580834
0.580856
0.580759
0.548703
0.548771
0.549029
0.54972
0.550906
0.55249
0.554467
0.556958
0.560074
0.563898
0.568204
0.572052
0.574911
0.576974
0.578428
0.579461
0.580146
0.580525
0.580618
0.580539
0.542082
0.54213
0.54239
0.543131
0.544448
0.546245
0.548524
0.551432
0.555117
0.559705
0.564946
0.569711
0.573324
0.575996
0.577931
0.579343
0.580331
0.580891
0.581055
0.58099
0.534724
0.534754
0.535019
0.535833
0.537327
0.539403
0.542066
0.545504
0.549905
0.555434
0.561812
0.567678
0.572186
0.575574
0.578081
0.579944
0.581275
0.582031
0.582264
0.58221
0.526439
0.526456
0.526722
0.527635
0.52936
0.531781
0.534941
0.539051
0.544345
0.551031
0.55879
0.565974
0.571543
0.575773
0.578954
0.581362
0.583082
0.584048
0.584353
0.584307
0.516917
0.516904
0.517232
0.518283
0.520295
0.523169
0.526964
0.531921
0.538332
0.54645
0.55588
0.564631
0.571452
0.576674
0.580646
0.583687
0.585853
0.587057
0.587434
0.587392
0.505876
0.505837
0.50621
0.507456
0.509838
0.5133
0.517901
0.523933
0.531745
0.541625
0.553073
0.563684
0.571971
0.578358
0.583257
0.587027
0.589711
0.591168
0.591615
0.591575
0.492836
0.492771
0.493221
0.494719
0.497587
0.501815
0.507462
0.514875
0.524457
0.536512
0.550386
0.563184
0.573174
0.580903
0.586887
0.591496
0.594758
0.596481
0.596993
0.596949
0.477155
0.47706
0.477635
0.479484
0.483001
0.488253
0.495288
0.504505
0.516343
0.531086
0.54786
0.563204
0.575143
0.584396
0.59162
0.597178
0.601073
0.603065
0.60363
0.603576
0.457896
0.457774
0.45855
0.460913
0.465347
0.472022
0.480954
0.492578
0.507326
0.525391
0.545593
0.563845
0.577974
0.588936
0.597517
0.604136
0.608696
0.610936
0.611532
0.611461
0.433658
0.433519
0.434626
0.437786
0.443603
0.452359
0.46398
0.478876
0.497376
0.519503
0.543699
0.565216
0.58175
0.594576
0.60462
0.61239
0.617595
0.620031
0.620626
0.620529
0.402142
0.402024
0.40374
0.408278
0.416389
0.428383
0.443946
0.463335
0.48664
0.513651
0.542399
0.56748
0.586569
0.601367
0.612963
0.621891
0.627643
0.630177
0.630725
0.630595
0.359209
0.359253
0.362306
0.369717
0.382077
0.399352
0.420746
0.446186
0.475479
0.508196
0.541972
0.570816
0.592531
0.609334
0.622484
0.632492
0.638591
0.641064
0.641514
0.64135
0.297132
0.298323
0.305788
0.319604
0.339725
0.365398
0.395004
0.428152
0.464531
0.503606
0.542699
0.575373
0.599692
0.61843
0.633012
0.643848
0.65003
0.652204
0.652486
0.652298
0.223481
0.225222
0.239508
0.26323
0.294234
0.329824
0.368393
0.409761
0.45374
0.49984
0.545115
0.582544
0.610255
0.63147
0.647835
0.659555
0.665704
0.667668
0.667915
0.667821
0.147458
0.1536
0.174702
0.20862
0.249994
0.29521
0.342712
0.392366
0.444049
0.497303
0.548944
0.591294
0.622506
0.64636
0.664678
0.677102
0.682833
0.684355
0.684528
0.684495
0.085267
0.0937033
0.119363
0.160272
0.209768
0.263201
0.318756
0.376155
0.43518
0.495319
0.553076
0.600078
0.634541
0.660708
0.680415
0.693296
0.69898
0.700334
0.700561
0.700589
0.0346728
0.0437045
0.0729034
0.119036
0.174667
0.234724
0.297094
0.361347
0.427092
0.493689
0.557241
0.608651
0.646142
0.674459
0.695646
0.709071
0.714712
0.716373
0.716685
0.716759
-0.00769655
0.00161838
0.0332651
0.0833911
0.144061
0.20962
0.277774
0.348019
0.419801
0.492346
0.561342
0.616935
0.657325
0.68773
0.710295
0.724555
0.730677
0.73262
0.732962
0.733047
-0.0441933
-0.034764
-0.00127384
0.0520534
0.116888
0.187138
0.26033
0.33588
0.413132
0.49118
0.565301
0.624877
0.66805
0.700469
0.724428
0.739606
0.746303
0.748414
0.748804
0.748885
-0.0764819
-0.0670117
-0.0321054
0.0239245
0.0922468
0.166541
0.244193
0.324523
0.406792
0.489966
0.568934
0.632302
0.678123
0.712432
0.737713
0.753739
0.761017
0.76331
0.76372
0.763774
-0.105839
-0.0963233
-0.0602534
-0.00188672
0.0694257
0.147261
0.228879
0.313543
0.400437
0.488435
0.57203
0.639036
0.687375
0.723429
0.74991
0.766661
0.774502
0.776965
0.777393
0.777437
-0.133134
-0.123565
-0.0864644
-0.0260979
0.0478838
0.128854
0.214014
0.302621
0.393812
0.486378
0.574439
0.644979
0.695723
0.733425
0.760946
0.778297
0.786526
0.789134
0.78958
0.789602
-0.158926
-0.149294
-0.111225
-0.0491721
0.027222
0.110983
0.199336
0.291544
0.386727
0.483636
0.57605
0.650089
0.703193
0.74245
0.7709
0.788722
0.797143
0.799851
0.800303
0.8003
-0.183718
-0.173922
-0.135003
-0.0713533
0.00717289
0.0934217
0.18466
0.280152
0.379051
0.480097
0.576788
0.654352
0.709839
0.750605
0.779891
0.798026
0.806517
0.809228
0.809682
0.809643
-0.207747
-0.197726
-0.158056
-0.0928643
-0.0124471
0.0760248
0.169862
0.268354
0.370696
0.475686
0.576601
0.657761
0.715724
0.758024
0.788041
0.806374
0.814851
0.817523
0.81794
0.817876
-0.231119
-0.220888
-0.180419
-0.113854
-0.0317489
0.0587199
0.154885
0.256099
0.361619
0.470342
0.575429
0.660316
0.72092
0.764855
0.795588
0.814011
0.822357
0.824924
0.825288
0.825205
-0.253995
-0.243461
-0.202237
-0.134395
-0.0507767
0.0414691
0.139713
0.243379
0.35181
0.464042
0.573221
0.661993
0.725491
0.77124
0.802691
0.821066
0.829175
0.831556
0.831833
0.831718
-0.276337
-0.265526
-0.223566
-0.154523
-0.0695393
0.0242819
0.124375
0.230225
0.341287
0.456775
0.569934
0.662744
0.729462
0.777303
0.809529
0.82769
0.835347
0.837444
0.837608
0.837469
-0.298204
-0.287085
-0.244341
-0.174225
-0.0880196
0.00718893
0.108908
0.216694
0.330102
0.44856
0.565529
0.662499
0.732809
0.783151
0.816328
0.834103
0.841016
0.842653
0.842678
0.84252
-0.319423
-0.308067
-0.264558
-0.193464
-0.106172
-0.00974059
0.093376
0.202853
0.318324
0.439451
0.559984
0.661174
0.735451
0.788825
0.823352
0.840705
0.846486
0.847314
0.847101
0.846937
-0.340135
-0.328432
-0.284203
-0.212218
-0.123966
-0.0264694
0.0778703
0.188782
0.306038
0.429525
0.553308
0.658662
0.737238
0.794247
0.830797
0.848076
0.85242
0.851771
0.850958
0.850786
-0.360176
-0.348157
-0.303249
-0.230443
-0.141324
-0.0429139
0.0624702
0.1746
0.293355
0.418846
0.545538
0.654859
0.737971
0.799179
0.838601
0.856841
0.860134
0.85722
0.854748
0.853789
-0.379608
-0.367284
-0.321641
-0.248091
-0.15821
-0.0590052
0.047259
0.160386
0.280382
0.407549
0.536741
0.649662
0.737413
0.803213
0.846236
0.867056
0.871171
0.866855
0.860354
0.851921
-0.398346
-0.385771
-0.339473
-0.265314
-0.174831
-0.0750135
0.0319071
0.145747
0.266682
0.395142
0.526394
0.642523
0.735076
0.805986
0.853021
0.877991
0.88581
0.881795
0.871493
0.866096
-0.416345
-0.403542
-0.35673
-0.282084
-0.191192
-0.0909336
0.0164275
0.130664
0.252205
0.381505
0.514295
0.633052
0.73017
0.80669
0.856954
0.885301
0.895496
0.895497
0.857707
0.805865
-0.433309
-0.419817
-0.373268
-0.298328
-0.207394
-0.10692
0.000766917
0.115251
0.237006
0.36669
0.500365
0.620995
0.721574
0.804706
0.855785
0.879822
0.889811
0.871187
0.814598
0.752464
-0.449565
-0.43517
-0.388961
-0.31334
-0.22295
-0.122512
-0.0152986
0.0995597
0.221231
0.350864
0.484622
0.60611
0.708036
0.800556
0.847012
0.885053
0.848957
0.799784
0.728329
0.661325
-0.435547
-0.417358
-0.367014
-0.287035
-0.190477
-0.087082
0.0254746
0.143165
0.268076
0.401763
0.530346
0.640568
0.735119
0.831926
0.866346
0.784099
0.731044
0.66355
0.589622
0.541252
-0.459834
-0.443517
-0.407364
-0.33683
-0.246828
-0.147509
-0.0399889
0.0743017
0.195334
0.323933
0.456218
0.576531
0.676732
0.761348
0.835292
0.82254
0.696842
0.609971
0.544889
0.461936
-0.479701
-0.464071
-0.422305
-0.350451
-0.259941
-0.161013
-0.0545944
0.0587879
0.178886
0.30614
0.436853
0.555261
0.65232
0.725498
0.751376
0.67053
0.527982
0.430186
0.353672
0.265748
-0.500076
-0.487491
-0.44123
-0.368247
-0.277658
-0.17829
-0.0719018
0.0411906
0.160412
0.286197
0.414145
0.528063
0.615664
0.675041
0.651036
0.517225
0.363655
0.245024
0.146192
0.0104705
-0.523613
-0.510631
-0.462227
-0.388018
-0.297257
-0.197782
-0.0915224
0.0210069
0.13914
0.26305
0.387609
0.495945
0.574312
0.612409
0.552567
0.368564
0.186833
0.0338549
-0.106587
-0.302597
-0.546182
-0.533514
-0.483927
-0.408426
-0.317222
-0.217798
-0.111938
-0.000251065
0.116529
0.238158
0.358837
0.460821
0.531851
0.534424
0.425131
0.227431
0.0149772
-0.184382
-0.358696
-0.748383
-0.56886
-0.556524
-0.506411
-0.429974
-0.338396
-0.238949
-0.133501
-0.0226848
0.0926072
0.21168
0.328058
0.422793
0.482284
0.452385
0.301428
0.101731
-0.114576
-0.324983
-0.502912
-0.776193
-0.592495
-0.580295
-0.529934
-0.452916
-0.361087
-0.261608
-0.156532
-0.046573
0.0671565
0.183465
0.295228
0.38232
0.426901
0.380178
0.190853
-0.00166709
-0.197997
-0.363871
-0.435395
-0.474017
-0.617582
-0.605504
-0.554884
-0.47755
-0.385671
-0.286342
-0.181798
-0.0729326
0.0388945
0.151929
0.258399
0.337338
0.3654
0.283935
0.0925057
-0.0878812
-0.251181
-0.35668
-0.394259
-0.403375
-0.644335
-0.632265
-0.581435
-0.503897
-0.412096
-0.313104
-0.209316
-0.101816
0.00772742
0.116969
0.217406
0.28803
0.289621
0.178866
0.00272352
-0.163901
-0.302191
-0.357018
-0.369009
-0.373911
-0.672949
-0.660777
-0.609671
-0.531976
-0.44036
-0.341898
-0.239092
-0.133266
-0.026381
0.0786072
0.172312
0.233792
0.210968
0.0807417
-0.0806056
-0.237272
-0.335551
-0.363963
-0.360086
-0.360103
-0.70313
-0.691146
-0.639558
-0.561752
-0.470429
-0.372678
-0.271111
-0.167266
-0.0634154
0.0368504
0.123385
0.173438
0.142016
-0.009351
-0.156198
-0.293263
-0.33347
-0.345834
-0.350745
-0.350936
-0.734725
-0.722743
-0.670881
-0.593057
-0.502168
-0.405338
-0.305277
-0.203737
-0.103311
-0.00813112
0.0708247
0.110039
0.0727937
-0.0861483
-0.222459
-0.316719
-0.361406
-0.348681
-0.346019
-0.345754
-0.767213
-0.755204
-0.703317
-0.625557
-0.535286
-0.439627
-0.341355
-0.24246
-0.145853
-0.0560078
0.0150138
0.0454729
-0.0119828
-0.15289
-0.274796
-0.323855
-0.340048
-0.341479
-0.341849
-0.341743
-0.799859
-0.787882
-0.736053
-0.658692
-0.569324
-0.47512
-0.378979
-0.28307
-0.190656
-0.1064
-0.0427539
-0.0274977
-0.0932597
-0.209788
-0.305645
-0.330402
-0.335811
-0.339187
-0.339203
-0.33918
-0.831394
-0.819869
-0.768169
-0.691773
-0.603578
-0.511199
-0.41757
-0.324995
-0.237072
-0.158768
-0.100772
-0.100275
-0.166051
-0.258707
-0.324481
-0.376257
-0.351214
-0.341092
-0.33873
-0.338284
-0.86036
-0.849335
-0.798632
-0.723391
-0.63709
-0.547006
-0.456345
-0.367471
-0.284217
-0.212051
-0.158971
-0.164287
-0.237233
-0.298016
-0.333177
-0.331451
-0.340786
-0.342693
-0.342631
-0.342538
-0.885052
-0.874717
-0.825494
-0.752383
-0.668602
-0.581423
-0.494274
-0.409534
-0.331035
-0.264778
-0.217924
-0.223096
-0.301988
-0.351569
-0.337574
-0.361232
-0.364711
-0.362697
-0.361771
-0.361189
-0.903095
-0.893685
-0.84677
-0.776816
-0.696614
-0.613192
-0.530144
-0.449992
-0.37639
-0.315556
-0.275466
-0.278543
-0.360113
-0.436247
-0.452743
-0.434489
-0.418824
-0.412843
-0.40723
-0.40294
-0.912411
-0.903831
-0.860363
-0.794764
-0.719335
-0.64078
-0.562658
-0.487499
-0.418992
-0.362953
-0.327259
-0.326265
-0.403779
-0.531774
-0.587247
-0.498018
-0.45261
-0.431886
-0.42106
-0.416209
-0.908707
-0.901668
-0.864612
-0.804347
-0.735049
-0.662639
-0.590399
-0.5208
-0.45734
-0.405527
-0.371023
-0.350639
-0.377843
-0.45548
-0.568365
-0.448823
-0.39062
-0.370108
-0.365143
-0.363418
-0.890561
-0.885741
-0.856636
-0.804212
-0.74247
-0.677521
-0.612121
-0.548604
-0.490199
-0.442044
-0.405844
-0.351359
-0.221609
-0.0359911
-0.0548988
-0.146066
-0.233331
-0.275868
-0.291206
-0.29571
-0.85851
-0.855028
-0.835188
-0.793428
-0.741183
-0.684857
-0.627068
-0.569907
-0.516808
-0.471574
-0.436339
-0.353918
-0.120089
0.200947
0.307608
0.0126454
-0.20811
-0.310009
-0.348631
-0.360625
-0.817197
-0.81498
-0.803633
-0.774137
-0.732276
-0.685202
-0.635277
-0.584546
-0.535998
-0.49492
-0.464312
-0.439288
-0.464306
-0.598073
-0.731713
-0.777085
-0.743627
-0.711836
-0.692136
-0.688205
-0.775169
-0.77387
-0.768222
-0.750817
-0.719425
-0.680255
-0.637676
-0.592636
-0.548035
-0.509943
-0.488405
-0.563234
-0.936721
-1.48544
-1.70995
-1.50533
-1.26075
-1.10933
-1.01394
-0.979963
-0.741682
-0.740989
-0.738221
-0.728155
-0.70584
-0.673782
-0.636181
-0.594436
-0.551042
-0.509657
-0.49184
-0.485206
-0.68519
-0.940874
-1.24307
-1.36117
-1.35402
-1.28134
-1.18179
-1.07957
-0.71855
-0.717781
-0.716361
-0.712358
-0.69651
-0.668964
-0.63316
-0.591862
-0.545318
-0.497089
-0.450252
-0.417785
-0.420636
-0.374658
-0.283406
-0.162041
-0.0770729
-0.0412406
0.0042543
0.0703476
-0.703
-0.702703
-0.702076
-0.700273
-0.69128
-0.667079
-0.631109
-0.587074
-0.536997
-0.479556
-0.419405
-0.387508
-0.291485
-0.0172984
0.318976
0.62642
0.825846
0.915145
0.95804
0.976619
-0.694273
-0.694117
-0.69358
-0.69267
-0.688678
-0.667975
-0.630546
-0.58246
-0.525808
-0.459781
-0.385312
-0.301512
-0.160986
0.181988
0.586525
0.97244
1.23556
1.35128
1.38932
1.39138
-0.690146
-0.690015
-0.689596
-0.689312
-0.688507
-0.672246
-0.632403
-0.578837
-0.514863
-0.44031
-0.350601
-0.253697
-0.0997682
0.220589
0.57296
0.892518
1.12446
1.2492
1.30856
1.33042
-0.688379
-0.688646
-0.68956
-0.691439
-0.692436
-0.678608
-0.636096
-0.577948
-0.508751
-0.424578
-0.328393
-0.227287
-0.0960126
0.193676
0.498561
0.761388
0.955554
1.0766
1.15236
1.19133
-0.681894
-0.682768
-0.684103
-0.686359
-0.686977
-0.675313
-0.638232
-0.581483
-0.506478
-0.414902
-0.317862
-0.220008
-0.110326
0.13776
0.419362
0.671592
0.873745
1.01117
1.09129
1.12569
-0.685046
-0.685147
-0.679507
-0.664566
-0.648532
-0.650842
-0.642073
-0.591383
-0.510508
-0.413466
-0.312986
-0.213601
-0.123134
0.0876884
0.349358
0.568374
0.756243
0.889254
0.960503
0.987013
-0.733193
-0.73015
-0.719933
-0.698993
-0.684331
-0.688131
-0.682239
-0.616019
-0.519927
-0.412575
-0.308399
-0.216254
-0.141213
0.0308787
0.242067
0.430958
0.585583
0.692954
0.748567
0.768168
-0.839568
-0.837559
-0.851802
-0.878952
-0.886806
-0.868431
-0.791792
-0.660248
-0.529391
-0.410662
-0.303951
-0.216345
-0.142532
-0.0220934
0.147372
0.293451
0.412879
0.495199
0.536518
0.550665
-0.947514
-0.954
-0.988645
-1.02646
-1.03576
-0.999715
-0.867667
-0.684388
-0.526992
-0.400697
-0.296764
-0.21595
-0.145121
-0.0674788
0.0620788
0.174028
0.266641
0.328239
0.357839
0.366616
-0.907901
-0.918491
-0.949312
-0.983376
-0.994214
-0.949851
-0.808009
-0.636981
-0.490008
-0.373989
-0.281749
-0.211036
-0.14921
-0.105153
-0.0134011
0.0738129
0.143592
0.190381
0.210997
0.216692
-0.65964
-0.671225
-0.697974
-0.731036
-0.748052
-0.715614
-0.617843
-0.508095
-0.409186
-0.325742
-0.255333
-0.200772
-0.160928
-0.131027
-0.0699428
-0.00800223
0.0405751
0.0721129
0.0856455
0.0879356
-0.322224
-0.328721
-0.343796
-0.367631
-0.392011
-0.396637
-0.379115
-0.346543
-0.307527
-0.265238
-0.222299
-0.185537
-0.158751
-0.139125
-0.104404
-0.068992
-0.0414894
-0.026286
-0.0214418
-0.0210133
-0.0640189
-0.0669494
-0.075082
-0.0941566
-0.12498
-0.161829
-0.191783
-0.209655
-0.214133
-0.205633
-0.188406
-0.168193
-0.150654
-0.139103
-0.125183
-0.112133
-0.105284
-0.104059
-0.105446
-0.106227
0.0602427
0.0586321
0.0537074
0.0379227
0.0066931
-0.037046
-0.0817886
-0.119272
-0.145035
-0.158118
-0.159469
-0.151826
-0.137774
-0.133801
-0.137448
-0.14203
-0.147844
-0.154299
-0.158416
-0.159088
0.0938728
0.0928106
0.0889922
0.0766241
0.0513731
0.0145191
-0.0270139
-0.066963
-0.100263
-0.124444
-0.139319
-0.143624
-0.138992
-0.140629
-0.150153
-0.159783
-0.16944
-0.177546
-0.181233
-0.181783
0.0871832
0.0865005
0.083706
0.07486
0.056661
0.0292839
-0.00392229
-0.0390078
-0.0725063
-0.102566
-0.129044
-0.151136
-0.166387
-0.1723
-0.176102
-0.177847
-0.18158
-0.184592
-0.185851
-0.186259
0.0686187
0.0682209
0.0662863
0.0602722
0.0477389
0.028261
0.00313669
-0.0255846
-0.0558672
-0.0873306
-0.122644
-0.165742
-0.211414
-0.217482
-0.201841
-0.190333
-0.184949
-0.184315
-0.184242
-0.184335
0.0497998
0.0496079
0.0483225
0.0443546
0.0359375
0.0224004
0.0040615
-0.0182731
-0.0438034
-0.0735942
-0.111469
-0.164941
-0.224218
-0.221735
-0.197371
-0.181463
-0.175831
-0.175501
-0.175747
-0.17565
0.0344638
0.0343653
0.0335582
0.0310431
0.0255439
0.0163693
0.00341816
-0.0131174
-0.0328931
-0.0566285
-0.0895495
-0.13506
-0.177436
-0.168579
-0.15269
-0.146752
-0.147901
-0.150998
-0.152407
-0.152282
0.0232195
0.0231935
0.0226837
0.0211603
0.0177197
0.0117629
0.00306696
-0.00829882
-0.0220269
-0.0385637
-0.057843
-0.0813269
-0.0989631
-0.0884215
-0.0860482
-0.0918844
-0.101122
-0.107449
-0.109505
-0.109638
0.0153811
0.0154024
0.0151387
0.0142937
0.0123203
0.00873087
0.00336901
-0.00362512
-0.0115901
-0.0193805
-0.0237074
-0.0213874
-0.0118488
-0.00521222
-0.0169158
-0.032379
-0.0456077
-0.0529014
-0.0546573
-0.0552523
0.00997335
0.0100175
0.00992339
0.00955201
0.00857597
0.00667802
0.00378517
0.000181908
-0.00310537
-0.00368584
0.00453888
0.0268278
0.0557256
0.0626379
0.0392239
0.0180694
0.00412609
-0.00163375
-0.00397392
-0.00504698
0.00616812
0.00622668
0.00622938
0.00615569
0.0058009
0.00500345
0.00375851
0.00243824
0.0022012
0.00593348
0.0209777
0.0524316
0.088603
0.0998112
0.069324
0.0480361
0.038001
0.034073
0.0324306
0.0308413
0.00331955
0.00338213
0.00343411
0.00347765
0.00345769
0.00328481
0.00295198
0.00280851
0.00383828
0.00857959
0.0233578
0.0522297
0.0834047
0.0951004
0.068666
0.0539191
0.0475623
0.0484806
0.0468511
0.0450714
0.000261954
0.000264105
0.000279452
0.000404922
0.000479173
0.000488208
0.00050225
0.000645994
0.00123719
0.00302321
0.00749204
0.0145735
0.0173676
0.0133208
0.0141087
0.0149292
0.0145012
0.0105677
0.00973962
0.0296188
-1.1557
-0.477779
-0.0282453
0.23061
0.41677
0.559333
0.669877
0.759469
0.855603
0.947207
-0.107294
0.0872644
0.264803
0.414346
0.53932
0.641121
0.723985
0.791862
0.83402
0.837857
0.224943
0.340178
0.453064
0.553496
0.63983
0.712581
0.772173
0.81748
0.846662
0.864247
0.435005
0.513385
0.591124
0.662238
0.72422
0.777151
0.820733
0.854948
0.881001
0.900052
0.589047
0.64223
0.701024
0.754009
0.800395
0.840788
0.875093
0.903581
0.92692
0.943899
0.710931
0.751658
0.797278
0.837298
0.874436
0.907594
0.936644
0.961491
0.982279
0.996512
0.813376
0.847729
0.884651
0.918782
0.950908
0.980419
1.00667
1.02921
1.04784
1.05956
0.906377
0.937337
0.971204
1.00372
1.03437
1.06264
1.0877
1.10893
1.12584
1.13537
0.997204
1.02968
1.06492
1.09886
1.1301
1.15833
1.18284
1.20312
1.21855
1.22676
1.09904
1.1365
1.17474
1.21094
1.24294
1.27077
1.29418
1.31314
1.32726
1.33575
1.22588
1.26822
1.30737
1.3432
1.37357
1.39922
1.42074
1.43835
1.45184
1.462
1.38735
1.42879
1.46247
1.492
1.51651
1.53801
1.55758
1.57499
1.58972
1.60241
1.57773
1.60852
1.62974
1.64885
1.6669
1.68412
1.70031
1.71613
1.73263
1.74955
1.77555
1.78694
1.79798
1.81207
1.82634
1.83918
1.85053
1.86138
1.87428
1.89116
1.96134
1.97125
1.97988
1.98233
1.98319
1.98744
1.99823
2.01417
2.03179
2.03639
2.26238
2.20697
2.15614
2.11589
2.09349
2.08944
2.10294
2.13674
2.19317
2.26873
0.831568
0.772874
0.730394
0.696535
0.671878
0.654325
0.641815
0.632887
0.626776
0.623296
0.622909
0.625771
0.631212
0.63915
0.650072
0.665126
0.686137
0.715233
0.753996
0.801822
0.633119
0.641877
0.64741
0.648231
0.644747
0.6387
0.632265
0.626791
0.622952
0.6213
0.622474
0.626068
0.63135
0.637826
0.644594
0.649865
0.651491
0.648256
0.640918
0.633249
0.610151
0.612182
0.616786
0.620296
0.622806
0.624231
0.62394
0.6222
0.620007
0.618435
0.618449
0.620274
0.622995
0.625619
0.627101
0.626765
0.624912
0.622114
0.618065
0.613683
0.603239
0.604105
0.606588
0.609301
0.611309
0.612666
0.613648
0.614094
0.613946
0.613689
0.614038
0.615121
0.616215
0.616696
0.616393
0.615549
0.614141
0.611905
0.609268
0.607302
0.597585
0.598047
0.599441
0.601461
0.603398
0.60497
0.606108
0.607
0.607714
0.608287
0.608915
0.609557
0.609879
0.609786
0.609316
0.608355
0.606851
0.605027
0.603383
0.602367
0.592398
0.592685
0.593602
0.595069
0.596692
0.59829
0.599709
0.600874
0.60189
0.602838
0.603672
0.604216
0.604372
0.604149
0.603492
0.602433
0.601147
0.599834
0.598749
0.598125
0.587428
0.587629
0.588316
0.589486
0.590865
0.592303
0.593768
0.595164
0.596429
0.597603
0.598621
0.599251
0.599407
0.599113
0.598442
0.597555
0.596577
0.595583
0.5948
0.594362
0.582601
0.582753
0.583299
0.584279
0.585503
0.586834
0.588249
0.589723
0.591193
0.592601
0.593835
0.594614
0.594842
0.594629
0.594129
0.593461
0.592713
0.591962
0.591385
0.591056
0.577838
0.577958
0.578405
0.579251
0.580374
0.581645
0.583032
0.584541
0.586151
0.587796
0.589291
0.590285
0.590695
0.590687
0.590408
0.589956
0.589406
0.588862
0.588444
0.58819
0.573049
0.573146
0.573523
0.574279
0.575339
0.576573
0.577968
0.57954
0.581287
0.583171
0.584975
0.586275
0.586967
0.587221
0.587178
0.586948
0.586605
0.586241
0.58595
0.585749
0.568144
0.568223
0.568551
0.569248
0.570276
0.571509
0.572951
0.574625
0.576551
0.57871
0.580889
0.582585
0.583627
0.584186
0.584409
0.58441
0.584276
0.58408
0.583894
0.583733
0.563033
0.563099
0.563392
0.564056
0.565083
0.566364
0.567892
0.569716
0.571881
0.574386
0.577025
0.579203
0.580661
0.581572
0.582097
0.582347
0.582424
0.58239
0.582295
0.582165
0.557623
0.557679
0.55795
0.558606
0.559669
0.56104
0.562704
0.564738
0.567214
0.570158
0.573365
0.576121
0.578068
0.579387
0.58025
0.58078
0.581083
0.581209
0.581193
0.581088
0.551815
0.551862
0.552122
0.552794
0.553927
0.555432
0.557292
0.55961
0.562484
0.565982
0.569884
0.573334
0.575862
0.577654
0.578903
0.57976
0.580305
0.580591
0.580649
0.580563
0.545491
0.54553
0.545787
0.546496
0.547741
0.549431
0.551555
0.554241
0.557624
0.561809
0.566559
0.570844
0.574062
0.576414
0.578109
0.579322
0.580142
0.580607
0.580736
0.580665
0.538512
0.538541
0.538803
0.539574
0.54097
0.542908
0.545374
0.548529
0.55255
0.557583
0.563364
0.568655
0.572695
0.575707
0.577931
0.579554
0.580691
0.581345
0.581545
0.581487
0.530709
0.530726
0.531
0.531852
0.533449
0.535701
0.538604
0.542356
0.547177
0.553253
0.560287
0.566783
0.571799
0.575587
0.578435
0.580551
0.58205
0.582908
0.58318
0.58313
0.521834
0.52186
0.522165
0.523113
0.524962
0.527613
0.531079
0.535585
0.541404
0.548767
0.557321
0.565254
0.571424
0.576127
0.579708
0.582409
0.584321
0.585405
0.585749
0.585707
0.511601
0.511616
0.511963
0.513058
0.515236
0.518413
0.522594
0.528052
0.535122
0.544073
0.554464
0.564105
0.571632
0.577409
0.581849
0.58522
0.587617
0.588949
0.589366
0.589327
0.499633
0.499643
0.50003
0.501319
0.503931
0.507787
0.512884
0.519558
0.528199
0.539108
0.551714
0.563375
0.572484
0.579513
0.584962
0.589108
0.592054
0.593649
0.594134
0.594094
0.485382
0.485387
0.485837
0.487392
0.490577
0.49533
0.501629
0.509876
0.520513
0.533837
0.549096
0.563124
0.574062
0.582524
0.58914
0.594171
0.597724
0.599589
0.600135
0.600089
0.468087
0.468088
0.468632
0.470569
0.474546
0.48052
0.488433
0.498757
0.511954
0.528271
0.546689
0.563441
0.576452
0.586531
0.594454
0.600478
0.604688
0.606817
0.607408
0.607347
0.446591
0.446587
0.447298
0.449827
0.454969
0.462685
0.472842
0.485967
0.502468
0.522462
0.544588
0.564431
0.579743
0.591621
0.600955
0.608079
0.612958
0.615313
0.615922
0.61584
0.419171
0.419167
0.420162
0.42367
0.430653
0.440984
0.454379
0.471338
0.492095
0.516557
0.542961
0.566227
0.584028
0.59783
0.608682
0.616965
0.622459
0.624968
0.625553
0.625442
0.382775
0.382787
0.384405
0.389821
0.40008
0.414545
0.432742
0.454939
0.481083
0.510845
0.542056
0.569002
0.58941
0.605211
0.617636
0.627044
0.633016
0.635554
0.636065
0.635916
0.331604
0.331844
0.335534
0.345341
0.361685
0.382958
0.408137
0.437229
0.469943
0.505773
0.542182
0.572939
0.595975
0.613763
0.62772
0.638109
0.644331
0.646735
0.647122
0.646935
0.258064
0.260372
0.27119
0.290429
0.316933
0.347715
0.381797
0.419039
0.459158
0.501634
0.543645
0.578515
0.604412
0.624374
0.639988
0.651267
0.657597
0.659802
0.66008
0.659893
0.179747
0.186058
0.20528
0.234637
0.271844
0.312396
0.355452
0.400974
0.448813
0.498505
0.546988
0.586911
0.616413
0.639061
0.656713
0.66898
0.675137
0.676931
0.677111
0.677007
0.112602
0.11928
0.145081
0.183034
0.229351
0.278891
0.330549
0.384167
0.439578
0.496309
0.551037
0.595743
0.628618
0.653727
0.672967
0.685651
0.691528
0.693119
0.693298
0.69324
0.0577268
0.0646689
0.09447
0.13857
0.191679
0.248591
0.307683
0.368614
0.431079
0.494503
0.555198
0.604429
0.640432
0.667717
0.688334
0.70158
0.707488
0.709191
0.709338
0.709321
0.012124
0.0193792
0.0516577
0.100444
0.15895
0.221862
0.287219
0.354559
0.423397
0.493024
0.559336
0.612862
0.651816
0.681207
0.7032
0.717227
0.723604
0.725232
0.725445
0.725441
-0.0266088
-0.0191837
0.0148394
0.067161
0.130177
0.198163
0.268902
0.341867
0.416441
0.491785
0.563377
0.620985
0.662784
0.694224
0.717606
0.732494
0.739368
0.741086
0.741348
0.741364
-0.0604722
-0.0529392
-0.017653
0.0376044
0.104359
0.176695
0.252171
0.330168
0.409975
0.490626
0.567199
0.628692
0.673205
0.706597
0.731322
0.747057
0.754368
0.756334
0.756664
0.756694
-0.0909448
-0.0833058
-0.0469895
0.0107779
0.0806993
0.156813
0.236496
0.319041
0.403664
0.48928
0.570583
0.635786
0.682882
0.718088
0.744037
0.76058
0.768295
0.770557
0.770935
0.770957
-0.118974
-0.111243
-0.0740205
-0.014119
0.0585678
0.13801
0.221441
0.308118
0.397197
0.487506
0.573349
0.642131
0.691681
0.728573
0.755636
0.772823
0.780924
0.783413
0.783839
0.783845
-0.145316
-0.137467
-0.0993735
-0.0377384
0.0375004
0.119902
0.206691
0.297137
0.390359
0.485121
0.57537
0.647659
0.699583
0.738078
0.766084
0.783799
0.792175
0.7948
0.795254
0.795244
-0.170432
-0.162431
-0.123483
-0.0603363
0.0171673
0.102203
0.19203
0.285917
0.382988
0.481988
0.576548
0.652342
0.706631
0.746646
0.775548
0.793609
0.802114
0.804819
0.805258
0.80523
-0.194676
-0.186509
-0.14684
-0.0821615
-0.00265468
0.0847332
0.177301
0.274327
0.374978
0.47802
0.57683
0.656179
0.712887
0.754417
0.784082
0.802369
0.810926
0.813627
0.814058
0.814004
-0.218214
-0.209808
-0.169516
-0.103401
-0.0221103
0.067387
0.162415
0.262302
0.366265
0.473146
0.576154
0.659161
0.718418
0.76152
0.791903
0.810318
0.818804
0.82144
0.821839
0.821785
-0.241165
-0.232613
-0.191541
-0.124165
-0.0412727
0.0501057
0.147337
0.249811
0.356822
0.467324
0.57447
0.661278
0.723294
0.768112
0.799207
0.817637
0.82592
0.828434
0.828769
0.828679
-0.263604
-0.254871
-0.213066
-0.144503
-0.0601715
0.0328831
0.132077
0.23687
0.346644
0.460535
0.571724
0.662498
0.727564
0.77432
0.806149
0.824452
0.832383
0.83466
0.834889
0.834754
-0.285571
-0.276646
-0.234099
-0.164424
-0.0788034
0.015738
0.116662
0.223514
0.335779
0.452794
0.567881
0.66276
0.731228
0.780265
0.812936
0.830929
0.83827
0.840179
0.840285
0.840127
-0.307004
-0.297882
-0.254577
-0.183901
-0.0971288
-0.00128958
0.101156
0.209812
0.324289
0.444123
0.562907
0.661988
0.734238
0.786025
0.819813
0.837372
0.843781
0.845084
0.845013
0.844841
-0.327846
-0.318522
-0.274495
-0.202906
-0.115107
-0.0181307
0.0856265
0.195846
0.312245
0.434594
0.556791
0.660081
0.736476
0.791592
0.827033
0.844273
0.849362
0.849564
0.84913
0.848967
-0.348102
-0.338565
-0.293835
-0.221402
-0.132697
-0.0347165
0.070159
0.181709
0.299743
0.424275
0.549565
0.656935
0.737764
0.796811
0.834691
0.852276
0.855981
0.854273
0.852855
0.852681
-0.367702
-0.357956
-0.312557
-0.239349
-0.149831
-0.0509948
0.0548353
0.16749
0.286896
0.413268
0.541263
0.652446
0.737885
0.801353
0.84251
0.861824
0.865222
0.861387
0.857627
0.85611
-0.386672
-0.376726
-0.330646
-0.256749
-0.166535
-0.0669798
0.0396351
0.153162
0.273676
0.401544
0.531817
0.646394
0.736545
0.804818
0.849842
0.872574
0.878219
0.874166
0.866444
0.850861
-0.40504
-0.394876
-0.348203
-0.27378
-0.183051
-0.0829744
0.0241817
0.138267
0.259542
0.388477
0.520572
0.638099
0.733033
0.806669
0.855516
0.882356
0.892092
0.886685
0.878369
0.834035
-0.423072
-0.412023
-0.365137
-0.290312
-0.199287
-0.0988825
0.00864465
0.123019
0.244711
0.374259
0.507575
0.627371
0.726457
0.806075
0.857208
0.884241
0.893868
0.891309
0.83991
0.779952
-0.441785
-0.427086
-0.381207
-0.306189
-0.215463
-0.114929
-0.00723902
0.107416
0.229165
0.358869
0.492689
0.613899
0.7155
0.802835
0.852097
0.865656
0.87491
0.842425
0.777103
0.712739
-0.460282
-0.462131
-0.402068
-0.318971
-0.228394
-0.128225
-0.0228595
0.0921171
0.213639
0.343082
0.476536
0.597934
0.69977
0.798667
0.812971
0.828854
0.808612
0.746475
0.672242
0.602046
-0.435958
-0.434735
-0.376103
-0.293359
-0.197658
-0.0943101
0.0158576
0.133382
0.257976
0.391195
0.51918
0.6289
0.721085
0.816368
0.827993
0.729163
0.645532
0.578433
0.505583
0.363487
-0.476832
-0.450499
-0.389102
-0.305496
-0.21018
-0.106917
0.00267633
0.119616
0.243334
0.375154
0.50084
0.607634
0.690547
0.753135
0.722789
0.593315
0.473948
0.392074
0.308225
0.146936
-0.501254
-0.470144
-0.407751
-0.324695
-0.229256
-0.126157
-0.0163547
0.099832
0.222269
0.351918
0.474346
0.575817
0.650219
0.677961
0.599963
0.437646
0.299378
0.196664
0.0819643
-0.150317
-0.525099
-0.491646
-0.427991
-0.344232
-0.248719
-0.145712
-0.0362508
0.0790268
0.199948
0.326994
0.445181
0.539538
0.602585
0.595534
0.462008
0.276402
0.106449
-0.0345818
-0.19365
-0.573717
-0.548013
-0.513678
-0.448941
-0.364257
-0.268627
-0.165805
-0.0569792
0.0572641
0.176461
0.300516
0.413644
0.499995
0.545067
0.508833
0.327913
0.122476
-0.0891565
-0.266442
-0.512118
-1.05721
-0.57074
-0.536327
-0.470864
-0.385546
-0.289723
-0.18711
-0.0789101
0.0342011
0.151455
0.27215
0.379685
0.458118
0.483697
0.398738
0.205206
-0.00696917
-0.221977
-0.420809
-0.586332
-1.17475
-0.594433
-0.559924
-0.494033
-0.408335
-0.312355
-0.209918
-0.102312
0.00963179
0.124794
0.241841
0.343535
0.412494
0.41406
0.286407
0.099687
-0.102329
-0.287516
-0.414515
-0.447104
-0.493996
-0.619522
-0.584922
-0.51877
-0.432915
-0.336962
-0.234866
-0.128031
-0.0175396
0.0951182
0.207855
0.303313
0.359635
0.339393
0.18315
0.00438296
-0.172832
-0.315734
-0.376307
-0.398954
-0.404713
-0.646356
-0.611515
-0.545169
-0.459274
-0.363514
-0.261947
-0.156149
-0.047434
0.0623073
0.170116
0.258634
0.300308
0.265435
0.0870379
-0.0824723
-0.237971
-0.345882
-0.372131
-0.373282
-0.373677
-0.675038
-0.63985
-0.573278
-0.487399
-0.391979
-0.291166
-0.186667
-0.0800551
0.0263244
0.128677
0.209193
0.238953
0.173098
-0.000924027
-0.16179
-0.298959
-0.344882
-0.359059
-0.360188
-0.359749
-0.705459
-0.669868
-0.603057
-0.517279
-0.422343
-0.322493
-0.219566
-0.115408
-0.0128051
0.083596
0.155505
0.171546
0.0759912
-0.0824039
-0.229007
-0.33695
-0.350055
-0.34992
-0.351011
-0.350643
-0.737159
-0.701338
-0.634324
-0.548741
-0.45447
-0.355823
-0.254765
-0.153427
-0.0549728
0.0350676
0.0984335
0.0974393
-0.00836055
-0.154524
-0.282303
-0.319712
-0.341783
-0.345446
-0.345865
-0.345625
-0.769786
-0.733651
-0.666732
-0.581479
-0.488099
-0.390922
-0.292044
-0.193893
-0.0999519
-0.0163964
0.0375422
0.025081
-0.086895
-0.213785
-0.317043
-0.357224
-0.345298
-0.342198
-0.341802
-0.341652
-0.802395
-0.766232
-0.699728
-0.615004
-0.522781
-0.427386
-0.331032
-0.236425
-0.14738
-0.0701235
-0.0272803
-0.0420043
-0.15761
-0.258969
-0.335193
-0.333434
-0.337895
-0.339095
-0.339212
-0.339117
-0.833957
-0.798282
-0.732108
-0.648583
-0.557862
-0.464631
-0.37117
-0.280413
-0.196609
-0.125596
-0.089876
-0.11172
-0.218155
-0.298208
-0.321661
-0.343602
-0.341816
-0.339486
-0.338443
-0.338079
-0.862879
-0.828178
-0.76308
-0.681141
-0.592432
-0.501832
-0.411695
-0.325068
-0.246624
-0.182068
-0.147402
-0.188181
-0.272973
-0.320756
-0.329687
-0.338021
-0.342532
-0.342685
-0.342613
-0.342212
-0.887467
-0.854218
-0.790955
-0.711361
-0.625336
-0.537932
-0.451604
-0.369407
-0.296192
-0.23829
-0.205589
-0.256985
-0.332587
-0.357704
-0.371341
-0.369235
-0.363364
-0.362197
-0.361493
-0.360622
-0.905378
-0.874282
-0.813682
-0.737579
-0.655182
-0.571666
-0.4897
-0.412273
-0.344104
-0.292491
-0.265255
-0.31561
-0.399695
-0.462983
-0.444898
-0.425949
-0.415449
-0.410045
-0.404659
-0.402286
-0.914268
-0.885876
-0.829361
-0.757901
-0.680317
-0.601701
-0.524697
-0.452322
-0.389134
-0.342587
-0.317094
-0.361131
-0.458211
-0.595644
-0.540575
-0.470736
-0.440695
-0.425611
-0.417898
-0.415913
-0.911258
-0.887109
-0.836156
-0.770519
-0.699126
-0.626529
-0.555251
-0.488218
-0.42981
-0.386287
-0.354597
-0.362239
-0.403278
-0.572246
-0.49814
-0.413356
-0.376861
-0.366632
-0.364097
-0.362925
-0.892768
-0.874767
-0.832344
-0.774109
-0.710345
-0.644893
-0.580098
-0.518716
-0.464558
-0.423342
-0.383523
-0.301133
-0.136219
-0.0161769
-0.0946069
-0.193716
-0.259926
-0.285498
-0.294484
-0.295422
-0.86041
-0.847952
-0.816331
-0.768158
-0.713396
-0.656155
-0.598391
-0.542745
-0.492871
-0.453609
-0.409358
-0.261326
0.0442167
0.489101
0.172343
-0.11611
-0.270138
-0.334803
-0.356476
-0.36227
-0.818828
-0.811059
-0.7911
-0.754175
-0.709178
-0.660577
-0.609974
-0.559855
-0.51443
-0.478376
-0.448819
-0.433899
-0.518205
-0.649532
-0.78212
-0.759853
-0.728628
-0.699605
-0.688554
-0.689372
-0.776415
-0.772049
-0.761275
-0.736502
-0.70054
-0.659571
-0.615369
-0.57017
-0.527503
-0.498001
-0.481361
-0.705705
-1.1995
-1.69043
-1.63933
-1.36981
-1.17554
-1.05482
-0.988845
-0.980527
-0.742445
-0.74014
-0.734532
-0.718444
-0.690827
-0.655407
-0.615844
-0.57274
-0.530067
-0.493342
-0.486279
-0.576216
-0.801287
-1.0992
-1.33136
-1.36116
-1.32948
-1.23417
-1.12279
-1.07042
-0.718212
-0.717171
-0.715195
-0.706076
-0.683959
-0.6519
-0.613242
-0.569301
-0.521237
-0.470044
-0.438991
-0.417144
-0.407361
-0.337042
-0.224403
-0.10734
-0.0576267
-0.0227828
0.0385446
0.0816581
-0.702913
-0.702392
-0.701674
-0.697373
-0.680922
-0.650343
-0.610008
-0.562956
-0.508616
-0.450739
-0.39638
-0.35155
-0.179246
0.153261
0.478254
0.743894
0.880086
0.940394
0.969933
0.980721
-0.694237
-0.693891
-0.693159
-0.691768
-0.680742
-0.650925
-0.607565
-0.554932
-0.495007
-0.422652
-0.341597
-0.255474
-0.00966266
0.384856
0.784058
1.12757
1.30626
1.37771
1.3928
1.39095
-0.690105
-0.689841
-0.689298
-0.689337
-0.68336
-0.654561
-0.606831
-0.548771
-0.479261
-0.39569
-0.302253
-0.202608
0.0415833
0.4
0.738389
1.02384
1.19751
1.28518
1.32291
1.33435
-0.688459
-0.688958
-0.690403
-0.692872
-0.689037
-0.659836
-0.608662
-0.545183
-0.468044
-0.378572
-0.276823
-0.182264
0.0353787
0.350362
0.635599
0.869712
1.02375
1.11883
1.17673
1.19875
-0.682349
-0.683305
-0.685222
-0.687317
-0.68407
-0.659433
-0.612363
-0.545821
-0.462804
-0.36547
-0.266084
-0.179413
0.000565717
0.279189
0.550847
0.779534
0.950789
1.05771
1.11357
1.13166
-0.685483
-0.683465
-0.673028
-0.653622
-0.646319
-0.650721
-0.621563
-0.553484
-0.463793
-0.361543
-0.263419
-0.175085
-0.0369239
0.222471
0.463234
0.666388
0.831206
0.931862
0.978279
0.990819
-0.732252
-0.726309
-0.710421
-0.689635
-0.683867
-0.691834
-0.654615
-0.57049
-0.46687
-0.358331
-0.26239
-0.177332
-0.0712483
0.136355
0.340346
0.512637
0.646415
0.726516
0.761831
0.770424
-0.836658
-0.843312
-0.864587
-0.885507
-0.880812
-0.841758
-0.727161
-0.594334
-0.468959
-0.354576
-0.257962
-0.174799
-0.0891532
0.0599315
0.224365
0.3562
0.459898
0.520244
0.546456
0.551366
-0.946631
-0.968458
-1.00962
-1.03594
-1.0242
-0.948298
-0.77473
-0.602373
-0.461504
-0.344807
-0.252985
-0.178408
-0.109333
-0.00385911
0.120999
0.222682
0.302101
0.346473
0.363969
0.366336
-0.910858
-0.931463
-0.967262
-0.99342
-0.981151
-0.891746
-0.720717
-0.560183
-0.429202
-0.324005
-0.243101
-0.183424
-0.133339
-0.0613297
0.0323985
0.110793
0.171201
0.20299
0.215588
0.215661
-0.66371
-0.682825
-0.71484
-0.743387
-0.739861
-0.671414
-0.562595
-0.456932
-0.366099
-0.287997
-0.226009
-0.180723
-0.148664
-0.102046
-0.0381112
0.0176552
0.059167
0.0808163
0.0872724
0.0865072
-0.324922
-0.335019
-0.35465
-0.380696
-0.397938
-0.389894
-0.364376
-0.327467
-0.286901
-0.243027
-0.202903
-0.171854
-0.150498
-0.123032
-0.0860626
-0.0540158
-0.0321249
-0.023098
-0.0205207
-0.0218654
-0.0655706
-0.0699073
-0.0830933
-0.108337
-0.142967
-0.178151
-0.202147
-0.213543
-0.211366
-0.197619
-0.178293
-0.159434
-0.144984
-0.132474
-0.11816
-0.107987
-0.103869
-0.104665
-0.10594
-0.106718
0.0591285
0.0571055
0.0474947
0.024291
-0.0141492
-0.0599281
-0.101589
-0.133551
-0.153052
-0.16007
-0.156533
-0.147315
-0.134502
-0.135155
-0.139758
-0.144654
-0.151305
-0.156884
-0.158993
-0.159369
0.0933035
0.0916025
0.0841688
0.0657001
0.0340471
-0.00600974
-0.047472
-0.084446
-0.113366
-0.133037
-0.142824
-0.14256
-0.137928
-0.145209
-0.154852
-0.16474
-0.174001
-0.179957
-0.181664
-0.182027
0.0868771
0.0855942
0.0802562
0.0670216
0.0439404
0.0132523
-0.0214805
-0.0559674
-0.0878183
-0.116235
-0.140645
-0.160444
-0.170677
-0.175071
-0.176713
-0.179586
-0.183206
-0.185414
-0.186072
-0.186556
0.0684787
0.0675821
0.0639447
0.0549048
0.038793
0.01636
-0.0109422
-0.0405067
-0.0712232
-0.104507
-0.143163
-0.190333
-0.221482
-0.20978
-0.194968
-0.18728
-0.184417
-0.184244
-0.184241
-0.184577
0.0497648
0.049179
0.0467831
0.0407758
0.0297896
0.0138311
-0.00669616
-0.030614
-0.0578385
-0.0911402
-0.136286
-0.196507
-0.231632
-0.209321
-0.187465
-0.177472
-0.175449
-0.175673
-0.175696
-0.175735
0.0344546
0.0341013
0.0325939
0.0287261
0.0214208
0.0103798
-0.00443946
-0.0225711
-0.0442396
-0.0719586
-0.110698
-0.16019
-0.178906
-0.161167
-0.148282
-0.146585
-0.149547
-0.151991
-0.152425
-0.15222
0.0232479
0.0230144
0.0221001
0.0197285
0.0150691
0.00777319
-0.00229861
-0.0148615
-0.02981
-0.0477554
-0.0692857
-0.0929759
-0.0970673
-0.0868677
-0.0886848
-0.096535
-0.104853
-0.10894
-0.109686
-0.109556
0.0154156
0.0153182
0.0148168
0.0134844
0.010741
0.00627758
5.09149e-05
-0.00754051
-0.0155611
-0.0222111
-0.0235519
-0.0175473
-0.000707436
-0.00912024
-0.0248519
-0.0399165
-0.0499382
-0.0539259
-0.0550492
-0.0552406
0.010011
0.00999026
0.00979391
0.00915655
0.0077512
0.00535074
0.00203251
-0.00159954
-0.00390788
-0.00108515
0.014081
0.041718
0.0698157
0.0529811
0.0283433
0.00999019
0.000193815
-0.00314269
-0.00448313
-0.00510413
0.00620752
0.00623172
0.0062064
0.00602708
0.00546693
0.00442818
0.00306288
0.00208129
0.00332078
0.0115972
0.0349747
0.0713315
0.100264
0.0819972
0.0578242
0.0418547
0.0356346
0.0332086
0.0314593
0.0306381
0.0033583
0.00340195
0.00347391
0.00346404
0.00339457
0.00312594
0.00281799
0.00309056
0.00553462
0.0143281
0.0364538
0.0684328
0.0895962
0.0792043
0.0598615
0.0500344
0.046956
0.0476882
0.045964
0.0446757
0.00117468
0.00123461
0.00127406
0.0013425
0.00140934
0.00149064
0.00148042
0.00157229
0.00233927
0.0049326
0.0128258
0.0291682
0.0482339
0.0481591
0.0360471
0.0294949
0.0276869
0.0309759
0.0307876
0.0291385
-0.771075
-0.207115
0.11304
0.327944
0.491972
0.617099
0.717295
0.803452
0.91224
0.910357
0.035422
0.182511
0.342795
0.480065
0.593005
0.68453
0.759916
0.817465
0.84106
0.845311
0.298875
0.398005
0.505158
0.598405
0.677863
0.744031
0.796796
0.833934
0.857153
0.87429
0.485569
0.553888
0.627922
0.694361
0.751836
0.800124
0.838985
0.868811
0.89232
0.91105
0.625618
0.676688
0.7284
0.77798
0.821349
0.858688
0.890043
0.915796
0.937406
0.955776
0.739023
0.776226
0.817517
0.856352
0.891525
0.922628
0.949613
0.97231
0.991383
1.00918
0.836394
0.866584
0.901971
0.93513
0.966037
0.993984
1.01845
1.03897
1.05563
1.073
0.925807
0.954271
0.98769
1.0193
1.04886
1.07561
1.09884
1.11792
1.13233
1.14946
1.01615
1.04712
1.08221
1.11482
1.14464
1.17108
1.19355
1.21147
1.22402
1.24127
1.11971
1.15544
1.19334
1.22745
1.2574
1.28304
1.30423
1.32081
1.33236
1.3502
1.24881
1.28784
1.32597
1.35902
1.38694
1.41047
1.43006
1.44553
1.45733
1.47558
1.4099
1.44592
1.47798
1.50474
1.52754
1.54802
1.56661
1.58263
1.59633
1.6142
1.59458
1.61962
1.63948
1.65798
1.67562
1.69236
1.70822
1.7242
1.74132
1.76046
1.78124
1.79209
1.8048
1.81935
1.83296
1.84503
1.85593
1.86727
1.88267
1.9021
1.96314
1.97657
1.98163
1.98264
1.98461
1.99197
2.00567
2.02326
2.037
2.04834
2.232
2.18142
2.13395
2.10236
2.08931
2.09386
2.1171
2.16216
2.22885
2.32297
0.688194
0.685185
0.679126
0.6682
0.655708
0.644397
0.635337
0.628581
0.624116
0.622222
0.623456
0.627446
0.633612
0.6419
0.652402
0.664722
0.677076
0.685788
0.690301
0.692467
0.616497
0.623144
0.628391
0.632007
0.63312
0.631485
0.62803
0.624238
0.621255
0.619947
0.621034
0.624077
0.628171
0.6324
0.635432
0.635964
0.633648
0.629271
0.622978
0.617154
0.606383
0.609345
0.612708
0.615197
0.616957
0.61814
0.618366
0.617619
0.616558
0.61611
0.616978
0.618724
0.6204
0.621194
0.620783
0.619535
0.617639
0.614772
0.611438
0.60915
0.60033
0.601753
0.603966
0.606238
0.60796
0.609154
0.610044
0.610631
0.610904
0.611221
0.611924
0.612695
0.613049
0.612856
0.612241
0.611108
0.609303
0.607084
0.605336
0.604252
0.594958
0.595777
0.59724
0.599015
0.600755
0.60223
0.603368
0.604311
0.605151
0.605926
0.606603
0.606988
0.607002
0.606651
0.605845
0.604575
0.603063
0.60155
0.600534
0.599868
0.589893
0.590447
0.59153
0.592943
0.594455
0.59596
0.597354
0.598565
0.599662
0.600688
0.60146
0.601816
0.60176
0.601269
0.600402
0.59933
0.598177
0.597108
0.596422
0.595953
0.585003
0.585418
0.586283
0.587493
0.588822
0.590232
0.591685
0.593105
0.594438
0.59568
0.596615
0.597049
0.596992
0.596535
0.595831
0.595004
0.594125
0.59333
0.592827
0.592471
0.58022
0.580546
0.581259
0.58232
0.583555
0.584899
0.586343
0.587868
0.589414
0.590905
0.592053
0.592628
0.592701
0.592428
0.591941
0.591322
0.590661
0.590081
0.589707
0.589422
0.575455
0.57572
0.576326
0.577287
0.578462
0.579774
0.581233
0.582842
0.584571
0.586335
0.58776
0.588575
0.588886
0.588847
0.588582
0.588179
0.587716
0.587307
0.587029
0.586793
0.57062
0.57084
0.571373
0.572272
0.573411
0.574725
0.576237
0.577962
0.579891
0.58196
0.583739
0.584889
0.585501
0.585727
0.585697
0.58552
0.585244
0.584984
0.584781
0.584581
0.565623
0.56581
0.566293
0.567161
0.5683
0.569659
0.571263
0.573151
0.575337
0.577772
0.579991
0.581553
0.582518
0.583049
0.58328
0.583326
0.583241
0.583114
0.582973
0.582797
0.560375
0.560538
0.560992
0.561858
0.56304
0.564486
0.56623
0.56834
0.570854
0.573751
0.576504
0.578556
0.579936
0.580814
0.581339
0.581606
0.581727
0.581726
0.581635
0.581477
0.554779
0.554925
0.555368
0.556263
0.557527
0.559106
0.561052
0.563459
0.56639
0.569863
0.573265
0.5759
0.577765
0.579039
0.57989
0.580439
0.580755
0.580868
0.580819
0.580672
0.548729
0.54886
0.549309
0.550262
0.551652
0.55342
0.555639
0.558429
0.561891
0.566073
0.57026
0.573593
0.57603
0.577765
0.578987
0.579839
0.580375
0.580604
0.580594
0.580454
0.542094
0.542217
0.542686
0.543728
0.545292
0.547313
0.549888
0.553165
0.55729
0.562343
0.567481
0.571647
0.574764
0.577042
0.578689
0.579886
0.580667
0.581017
0.581042
0.580904
0.534724
0.534839
0.53534
0.536507
0.538299
0.540648
0.543674
0.547569
0.552517
0.558635
0.564923
0.570085
0.574003
0.576922
0.579079
0.580675
0.581729
0.582203
0.58226
0.582122
0.526424
0.526538
0.527076
0.52841
0.530488
0.533254
0.536861
0.541531
0.547499
0.554919
0.562592
0.568942
0.573805
0.577475
0.580244
0.582309
0.583663
0.58427
0.584357
0.584214
0.516884
0.51701
0.517642
0.519174
0.521627
0.524936
0.529276
0.534923
0.54216
0.551174
0.560508
0.568259
0.574238
0.578791
0.582279
0.58488
0.586581
0.587329
0.587445
0.587293
0.505824
0.505949
0.506699
0.508506
0.511437
0.51544
0.520713
0.527591
0.536407
0.547364
0.558684
0.568086
0.575372
0.580962
0.585277
0.588512
0.590597
0.591491
0.591631
0.591467
0.492761
0.492904
0.493813
0.495979
0.499533
0.50444
0.510918
0.519366
0.530154
0.543478
0.557159
0.568491
0.577281
0.584079
0.589352
0.593311
0.595813
0.596853
0.597011
0.596832
0.477052
0.477232
0.47837
0.481028
0.485412
0.491523
0.499589
0.510064
0.52333
0.539531
0.555991
0.569549
0.580056
0.588218
0.594592
0.599359
0.602302
0.603479
0.603645
0.603447
0.457757
0.458014
0.4595
0.46286
0.468407
0.476178
0.486391
0.49953
0.515926
0.535602
0.555286
0.571357
0.583788
0.593478
0.601052
0.606711
0.610091
0.61138
0.61154
0.611322
0.433476
0.433875
0.435913
0.440343
0.447617
0.457782
0.470981
0.487648
0.507973
0.531794
0.555158
0.574012
0.588548
0.599907
0.608769
0.615358
0.619131
0.620485
0.62062
0.62038
0.401907
0.402604
0.40561
0.411866
0.421917
0.43569
0.453132
0.474477
0.499672
0.528338
0.555802
0.577648
0.594405
0.607517
0.617758
0.625208
0.629266
0.630611
0.630698
0.630439
0.358931
0.36034
0.365415
0.375271
0.390157
0.409516
0.432937
0.460331
0.491397
0.525564
0.557447
0.582398
0.601425
0.616308
0.627906
0.63607
0.640207
0.641442
0.641463
0.641193
0.296869
0.30131
0.31191
0.328874
0.351985
0.3797
0.411101
0.445907
0.483707
0.523841
0.560295
0.588368
0.609611
0.626188
0.638945
0.647551
0.65151
0.652473
0.652412
0.652152
0.222995
0.231024
0.250358
0.277883
0.311569
0.348684
0.388654
0.431361
0.476468
0.523355
0.565314
0.597369
0.621521
0.640221
0.654346
0.663322
0.667069
0.667889
0.66788
0.667756
0.148838
0.162156
0.190569
0.228485
0.272197
0.3186
0.367169
0.417869
0.470402
0.52419
0.571832
0.608002
0.63518
0.656167
0.671774
0.680726
0.68392
0.684509
0.684515
0.684483
0.0872365
0.104378
0.138459
0.184165
0.236058
0.290633
0.34711
0.405365
0.465016
0.525453
0.578518
0.618544
0.648479
0.671349
0.687817
0.696949
0.699952
0.7005
0.700577
0.700594
0.0367026
0.0558916
0.0944249
0.145922
0.204212
0.265536
0.328864
0.393925
0.460181
0.526895
0.585105
0.628765
0.661248
0.685923
0.703447
0.712708
0.715829
0.716601
0.716723
0.716784
-0.00569092
0.0147492
0.0566097
0.112722
0.176301
0.24328
0.312513
0.383604
0.45587
0.528427
0.591502
0.638623
0.673561
0.699983
0.718555
0.728471
0.731974
0.732867
0.733007
0.733093
-0.0422262
-0.0209844
0.0235347
0.0833857
0.151412
0.223268
0.297683
0.374175
0.451945
0.52996
0.597643
0.648072
0.685372
0.713521
0.733177
0.743843
0.747697
0.748706
0.748849
0.748938
-0.0745589
-0.0527507
-0.00607278
0.0569207
0.12873
0.204845
0.283893
0.365293
0.448151
0.531291
0.60335
0.656933
0.696472
0.726208
0.746928
0.758312
0.762538
0.763639
0.763754
0.763831
-0.103909
-0.0816816
-0.0331833
0.0325183
0.10762
0.187492
0.270697
0.356586
0.444182
0.532185
0.60844
0.665038
0.706679
0.737855
0.759533
0.77157
0.77615
0.777306
0.777419
0.777478
-0.131241
-0.108574
-0.0584616
0.00956322
0.0875882
0.170796
0.257751
0.347763
0.439805
0.532458
0.612788
0.672297
0.715931
0.748439
0.770944
0.783391
0.78828
0.789491
0.789596
0.789628
-0.157079
-0.133944
-0.082453
-0.0123596
0.0682726
0.154465
0.244816
0.338627
0.434847
0.531973
0.616315
0.678709
0.724264
0.758005
0.781161
0.793922
0.798956
0.800218
0.800308
0.800307
-0.18185
-0.158178
-0.105582
-0.0335128
0.049417
0.138291
0.231728
0.329034
0.429178
0.530641
0.618976
0.684287
0.731759
0.76665
0.790364
0.803277
0.808352
0.809592
0.809669
0.809625
-0.205827
-0.18169
-0.127946
-0.0541256
0.0308649
0.122146
0.218371
0.318895
0.422722
0.528382
0.620742
0.689066
0.738519
0.774526
0.79866
0.811632
0.816666
0.81787
0.817914
0.817837
-0.22919
-0.204529
-0.149681
-0.0743143
0.0125205
0.105953
0.204696
0.308164
0.415435
0.525144
0.621569
0.693074
0.744657
0.78182
0.806305
0.819219
0.824112
0.825239
0.825255
0.82515
-0.252003
-0.226785
-0.170897
-0.0941325
-0.0056541
0.0897008
0.1907
0.296832
0.407288
0.520879
0.621414
0.696328
0.750278
0.788692
0.813447
0.826155
0.830823
0.831818
0.83178
0.83165
-0.274258
-0.248555
-0.191648
-0.113603
-0.0236596
0.0733944
0.176401
0.284927
0.398291
0.515564
0.62022
0.698808
0.755462
0.795309
0.820257
0.832546
0.836829
0.837631
0.837538
0.837405
-0.296016
-0.269783
-0.211918
-0.132707
-0.0414684
0.0570764
0.161853
0.272499
0.388495
0.509188
0.617932
0.700462
0.760233
0.801849
0.826978
0.838578
0.842217
0.842741
0.842593
0.842456
-0.317186
-0.290433
-0.231665
-0.151421
-0.0590387
0.0408149
0.147128
0.259626
0.377956
0.501769
0.614484
0.701186
0.764555
0.808454
0.833963
0.844626
0.847205
0.847228
0.847003
0.846885
-0.337784
-0.31047
-0.250885
-0.169695
-0.0763067
0.0246729
0.132312
0.246405
0.366748
0.493358
0.609824
0.700844
0.768302
0.815151
0.841626
0.851381
0.852329
0.851265
0.850822
0.850807
-0.35772
-0.329895
-0.26953
-0.187489
-0.0932212
0.00872863
0.11748
0.232911
0.354981
0.484031
0.60392
0.699268
0.771244
0.82173
0.85019
0.859858
0.859008
0.855787
0.85409
0.853868
-0.377059
-0.348678
-0.287555
-0.204752
-0.109709
-0.00693405
0.102754
0.219281
0.342778
0.473877
0.596774
0.696284
0.773067
0.827687
0.859273
0.870736
0.869542
0.863775
0.856767
0.840026
-0.395739
-0.366809
-0.305096
-0.221686
-0.126061
-0.0226393
0.0877218
0.205065
0.329637
0.462385
0.587861
0.691328
0.773418
0.832554
0.868037
0.88365
0.884947
0.878341
0.863721
0.878499
-0.413879
-0.384267
-0.322092
-0.238258
-0.142201
-0.0383299
0.0723902
0.190285
0.315548
0.449451
0.576963
0.683763
0.77153
0.835187
0.873266
0.892282
0.897176
0.887495
0.826648
0.810978
-0.43208
-0.401641
-0.338286
-0.254134
-0.157565
-0.0535611
0.0569713
0.175202
0.300793
0.435268
0.564067
0.673146
0.766399
0.834723
0.870037
0.888392
0.88387
0.847534
0.780045
0.739503
-0.451027
-0.419911
-0.353259
-0.269027
-0.171773
-0.0681859
0.0418508
0.159988
0.285449
0.419838
0.549008
0.659237
0.755681
0.82988
0.880084
0.857285
0.828831
0.764021
0.692043
0.648534
-0.0294426
0.0853722
0.206734
0.335889
0.468668
0.589289
0.689933
0.527044
-0.471409
-0.452665
-0.414379
-0.343387
-0.25318
-0.154252
-0.0474048
0.0663131
0.186871
0.314816
0.446484
0.566266
0.665673
0.74512
0.797686
0.752529
0.608402
0.519017
0.449203
-0.488772
-0.475743
-0.431282
-0.358851
-0.268258
-0.169093
-0.0627534
0.0504663
0.170142
0.296693
0.426128
0.542507
0.635645
0.702504
0.699313
0.593167
0.447262
0.340145
0.250295
-0.511712
-0.499007
-0.451552
-0.378041
-0.287416
-0.187964
-0.0815869
0.0312847
0.149998
0.274904
0.401218
0.512453
0.594904
0.644747
0.605083
0.442601
0.276256
0.14238
0.024059
-0.534862
-0.521992
-0.472929
-0.398101
-0.307135
-0.20769
-0.101613
0.0105183
0.127992
0.250806
0.373495
0.478743
0.554167
0.576019
0.489733
0.296707
0.0990904
-0.0794386
-0.246133
-0.557233
-0.544835
-0.494973
-0.419012
-0.327632
-0.228199
-0.122562
-0.0113202
0.104727
0.225094
0.343651
0.442138
0.50813
0.491636
0.361741
0.161477
-0.056486
-0.262826
-0.449448
-0.580214
-0.568082
-0.517904
-0.441209
-0.3495
-0.250013
-0.144744
-0.0343371
0.0802162
0.197976
0.31214
0.403159
0.455427
0.416829
0.244798
0.0482462
-0.161697
-0.358478
-0.479926
-0.518994
-0.604535
-0.592541
-0.54209
-0.46499
-0.373145
-0.273712
-0.168881
-0.0594321
0.0533897
0.168132
0.277347
0.360481
0.397104
0.335432
0.140269
-0.0474724
-0.226275
-0.360753
-0.406439
-0.43015
-0.630333
-0.618463
-0.567803
-0.490473
-0.398646
-0.299472
-0.195264
-0.0870479
0.0236831
0.13489
0.238451
0.313439
0.329553
0.230479
0.0469624
-0.126395
-0.277349
-0.359787
-0.379896
-0.385314
-0.657934
-0.646048
-0.595168
-0.517674
-0.425989
-0.327246
-0.223912
-0.117218
-0.00895257
0.0982301
0.195386
0.261952
0.249147
0.129228
-0.0396937
-0.202687
-0.321322
-0.365265
-0.364895
-0.365987
-0.68724
-0.675446
-0.624213
-0.546596
-0.455167
-0.357033
-0.254819
-0.14994
-0.0445246
0.058166
0.148345
0.204649
0.175092
0.0340563
-0.119697
-0.271232
-0.336392
-0.354161
-0.355203
-0.354839
-0.718104
-0.706325
-0.654835
-0.577153
-0.486089
-0.388777
-0.287925
-0.185187
-0.0830075
0.0147548
0.0975838
0.142148
0.109336
-0.0486182
-0.192377
-0.305952
-0.355498
-0.348345
-0.348128
-0.348131
-0.750033
-0.73818
-0.686765
-0.609088
-0.518562
-0.422294
-0.323082
-0.22282
-0.124252
-0.031723
0.0433154
0.0785557
0.0315029
-0.120825
-0.251308
-0.328672
-0.34468
-0.343513
-0.343593
-0.343406
-0.782516
-0.77058
-0.719426
-0.641969
-0.552209
-0.457244
-0.359989
-0.262544
-0.167985
-0.0809037
-0.0136653
0.0103135
-0.053941
-0.182544
-0.296253
-0.314743
-0.332157
-0.338995
-0.339964
-0.33988
-0.814563
-0.802618
-0.751934
-0.675173
-0.586456
-0.493121
-0.398178
-0.303891
-0.213689
-0.132364
-0.0716895
-0.0645941
-0.12979
-0.236462
-0.314436
-0.364626
-0.346489
-0.340854
-0.338822
-0.338434
-0.844292
-0.833225
-0.783352
-0.707641
-0.620474
-0.529186
-0.436972
-0.346195
-0.260595
-0.185346
-0.12963
-0.133299
-0.201563
-0.28006
-0.338274
-0.347212
-0.343448
-0.340595
-0.339466
-0.339121
-0.870976
-0.860205
-0.81231
-0.738115
-0.653147
-0.564448
-0.475463
-0.388597
-0.307715
-0.238544
-0.188215
-0.194034
-0.270705
-0.322746
-0.330274
-0.339475
-0.348592
-0.349426
-0.349084
-0.349041
-0.89193
-0.881829
-0.836405
-0.765137
-0.683105
-0.597719
-0.512518
-0.430017
-0.353946
-0.290503
-0.246918
-0.251188
-0.331634
-0.392381
-0.382485
-0.39692
-0.390222
-0.384421
-0.381595
-0.379591
-0.905125
-0.896092
-0.853927
-0.786604
-0.708711
-0.627584
-0.54689
-0.469166
-0.398088
-0.3398
-0.302113
-0.303655
-0.385404
-0.491288
-0.530242
-0.470543
-0.443125
-0.43065
-0.422338
-0.417959
-0.907947
-0.900571
-0.86282
-0.800714
-0.728136
-0.652498
-0.577176
-0.504728
-0.438737
-0.384885
-0.349845
-0.342901
-0.403112
-0.5362
-0.63243
-0.499412
-0.436381
-0.409758
-0.399913
-0.396752
-0.898624
-0.892698
-0.860801
-0.805592
-0.739895
-0.670986
-0.602044
-0.535433
-0.474479
-0.42443
-0.38858
-0.349658
-0.313699
-0.286316
-0.385982
-0.329791
-0.315723
-0.316774
-0.321182
-0.322939
-0.873734
-0.86954
-0.845158
-0.799831
-0.743016
-0.682102
-0.620431
-0.560051
-0.5043
-0.457782
-0.420317
-0.343309
-0.137637
0.168924
0.276217
-0.0103381
-0.186887
-0.265871
-0.295124
-0.304937
-0.836604
-0.834007
-0.817945
-0.783613
-0.737658
-0.685809
-0.631941
-0.578019
-0.527253
-0.483874
-0.449129
-0.377443
-0.23823
-0.0553918
-0.0517005
-0.248697
-0.387109
-0.45237
-0.481566
-0.492674
-0.793894
-0.792246
-0.784211
-0.760864
-0.726003
-0.683285
-0.637041
-0.58935
-0.542994
-0.503976
-0.476567
-0.505899
-0.746873
-1.21674
-1.46603
-1.34826
-1.11868
-0.96203
-0.889233
-0.873585
-0.75574
-0.754673
-0.751011
-0.737926
-0.712017
-0.677015
-0.637222
-0.594116
-0.550711
-0.5112
-0.496932
-0.547832
-0.873366
-1.27817
-1.56703
-1.54
-1.42572
-1.28437
-1.12993
-1.05178
-0.728856
-0.728261
-0.725929
-0.719385
-0.700455
-0.670983
-0.634637
-0.59358
-0.548898
-0.504603
-0.470908
-0.433029
-0.513419
-0.607753
-0.750939
-0.801757
-0.810468
-0.768111
-0.658319
-0.585797
-0.709484
-0.709009
-0.708125
-0.705741
-0.693499
-0.667718
-0.631808
-0.589586
-0.541458
-0.488884
-0.434145
-0.411195
-0.362114
-0.191057
0.0617608
0.287711
0.422075
0.484819
0.524318
0.54896
-0.698095
-0.697897
-0.697394
-0.695942
-0.689779
-0.66722
-0.630645
-0.584802
-0.53169
-0.469629
-0.403862
-0.344377
-0.219891
0.106028
0.491831
0.85915
1.1103
1.21816
1.25994
1.26342
-0.6916
-0.691453
-0.690886
-0.690401
-0.688195
-0.669818
-0.631424
-0.580483
-0.519903
-0.449855
-0.366016
-0.272322
-0.120421
0.215634
0.603337
0.964469
1.21689
1.34002
1.38627
1.39763
-0.689428
-0.689423
-0.689481
-0.689864
-0.690119
-0.675769
-0.634369
-0.577791
-0.51113
-0.431925
-0.338721
-0.238858
-0.0928474
0.214168
0.533463
0.81831
1.02536
1.14639
1.21475
1.24779
-0.685771
-0.686408
-0.688157
-0.691379
-0.693321
-0.679856
-0.637384
-0.578929
-0.507147
-0.418547
-0.321191
-0.222304
-0.104498
0.163323
0.459388
0.715111
0.912221
1.04035
1.11985
1.15792
-0.67998
-0.68078
-0.679652
-0.675514
-0.670932
-0.664634
-0.638285
-0.585327
-0.507554
-0.413636
-0.315694
-0.215978
-0.113035
0.114677
0.386405
0.624572
0.823646
0.963754
1.0409
1.07114
-0.702356
-0.700978
-0.691103
-0.665098
-0.643468
-0.649925
-0.653331
-0.601268
-0.514829
-0.413201
-0.310353
-0.214863
-0.136321
0.059008
0.297811
0.501982
0.674254
0.795006
0.858672
0.88171
-0.77879
-0.774699
-0.773391
-0.772604
-0.773709
-0.769811
-0.733545
-0.636695
-0.525079
-0.411946
-0.306527
-0.216444
-0.141444
0.00338752
0.192364
0.36075
0.496811
0.591175
0.639289
0.655969
-0.903755
-0.905692
-0.933338
-0.97402
-0.984587
-0.954019
-0.841727
-0.678796
-0.531074
-0.407188
-0.300736
-0.216382
-0.143978
-0.0454922
0.103722
0.231102
0.336473
0.407811
0.442879
0.454437
-0.952884
-0.963333
-0.996363
-1.03
-1.03899
-0.997525
-0.858283
-0.671657
-0.514115
-0.390134
-0.290805
-0.214216
-0.146378
-0.0874908
0.0228017
0.121512
0.202174
0.25606
0.282062
0.286724
-0.807648
-0.817659
-0.848709
-0.884318
-0.898006
-0.855279
-0.724715
-0.580679
-0.454255
-0.35208
-0.26965
-0.206442
-0.155506
-0.120339
-0.0447215
0.030818
0.0884677
0.129555
0.146006
0.149973
-0.490061
-0.499164
-0.520093
-0.547889
-0.567083
-0.552698
-0.497443
-0.427285
-0.358904
-0.29634
-0.239341
-0.193561
-0.161063
-0.136629
-0.0895688
-0.0415081
-0.00315749
0.0207002
0.0300321
0.0317295
-0.176733
-0.181204
-0.192275
-0.213612
-0.241899
-0.265445
-0.275564
-0.272678
-0.258437
-0.234351
-0.205044
-0.176952
-0.155403
-0.140436
-0.115767
-0.0918195
-0.0752349
-0.0683897
-0.0670102
-0.067568
0.0140119
0.011768
0.00527624
-0.0121909
-0.0443174
-0.0869994
-0.127898
-0.158738
-0.176179
-0.180115
-0.173018
-0.159484
-0.144368
-0.13609
-0.132302
-0.129255
-0.129768
-0.132875
-0.13603
-0.136732
0.0847879
0.083517
0.0791582
0.0649955
0.0363193
-0.00489863
-0.0493115
-0.0893878
-0.120103
-0.139618
-0.148126
-0.145999
-0.136658
-0.134476
-0.142369
-0.151042
-0.160292
-0.168992
-0.173157
-0.173724
0.0932672
0.0924057
0.0891143
0.0785675
0.0569483
0.0249229
-0.0125695
-0.0505333
-0.0845994
-0.11231
-0.133146
-0.145649
-0.148755
-0.152761
-0.161955
-0.169075
-0.17631
-0.182298
-0.184796
-0.185298
0.0783905
0.0778639
0.0755269
0.0682007
0.0530427
0.0298686
0.000826964
-0.0311175
-0.0632418
-0.0944724
-0.126003
-0.159059
-0.189012
-0.194189
-0.190317
-0.18507
-0.18528
-0.185353
-0.18561
-0.185843
0.0589063
0.0586131
0.0570266
0.0521245
0.0418204
0.0255313
0.00398236
-0.0214897
-0.0495623
-0.0805352
-0.1181
-0.167563
-0.22906
-0.228319
-0.205293
-0.189142
-0.181985
-0.1812
-0.181188
-0.181191
0.0416205
0.0414726
0.0404501
0.0372757
0.0304388
0.0192562
0.00378183
-0.0155722
-0.0383161
-0.0657157
-0.101964
-0.153527
-0.206359
-0.200567
-0.178968
-0.16747
-0.16473
-0.165752
-0.166527
-0.166368
0.0283359
0.0282552
0.0276593
0.0256727
0.0212936
0.0138468
0.00315631
-0.0107129
-0.027475
-0.0476993
-0.0744037
-0.109687
-0.139699
-0.130333
-0.120544
-0.12092
-0.126473
-0.131459
-0.133252
-0.133183
0.0189396
0.0189422
0.0185736
0.0174254
0.0147668
0.0100795
0.00316516
-0.00590116
-0.0166579
-0.0287342
-0.0405292
-0.0509948
-0.0553249
-0.047249
-0.0505582
-0.0622233
-0.0739828
-0.0806925
-0.0827392
-0.0830521
0.0124339
0.0124692
0.012304
0.0117195
0.0102948
0.00762571
0.00359107
-0.00156714
-0.00699431
-0.0109176
-0.00843685
0.00471015
0.0255771
0.0328937
0.0143526
-0.00548751
-0.0194411
-0.0257261
-0.0276669
-0.0285079
0.00792358
0.00797564
0.00793297
0.00772446
0.00710753
0.00583755
0.00386087
0.00153952
2.57254e-05
0.00201381
0.0143913
0.042307
0.076645
0.0849645
0.0583053
0.0365636
0.0230998
0.0179749
0.016155
0.0150067
0.00466142
0.00472364
0.00475119
0.00474893
0.00461049
0.00418307
0.00347342
0.00284693
0.00344379
0.0080371
0.0236763
0.0550431
0.0905273
0.100959
0.073058
0.0538527
0.0462482
0.0446216
0.0434033
0.0415459
0.0021381
0.00218815
0.00221895
0.00229217
0.00243838
0.00243754
0.00234428
0.00238031
0.00338147
0.00726472
0.0192639
0.0430109
0.0711697
0.0752027
0.0552942
0.0446935
0.0423983
0.0429007
0.0426816
0.0408672
0.00121177
0.00125358
0.0013036
0.00137547
0.00146503
0.00149088
0.00149392
0.00183812
0.00331462
0.00797912
0.0200113
0.0387322
0.0505126
0.040893
0.0318814
0.0279511
0.0304078
0.0315599
0.0301712
0.00964324
-0.419051
-0.0777461
0.139921
0.328415
0.480516
0.601425
0.697733
0.779621
0.839361
0.834838
0.07676
0.227898
0.368232
0.489087
0.592227
0.678109
0.748746
0.803686
0.837087
0.849338
0.33803
0.433843
0.527054
0.610883
0.683609
0.745383
0.796027
0.834721
0.862186
0.88102
0.516735
0.580761
0.647953
0.709821
0.76298
0.808818
0.847153
0.878118
0.903005
0.920896
0.652871
0.698942
0.750641
0.796298
0.837468
0.873657
0.904992
0.931467
0.953533
0.968985
0.763694
0.800955
0.841333
0.878034
0.912164
0.943114
0.970549
0.994091
1.01373
1.02654
0.860643
0.892811
0.927383
0.96046
0.99153
1.02016
1.04569
1.06748
1.08521
1.09563
0.95126
0.98239
1.01644
1.04958
1.08043
1.1086
1.1334
1.15416
1.17032
1.17888
1.04576
1.08046
1.11713
1.15245
1.18425
1.21241
1.23652
1.25621
1.27097
1.27892
1.15841
1.19869
1.23785
1.27459
1.30631
1.33333
1.35585
1.37405
1.38771
1.39677
1.30214
1.34479
1.3824
1.41604
1.44401
1.46775
1.48834
1.50572
1.51955
1.53067
1.47993
1.5175
1.54548
1.5698
1.59079
1.61006
1.62829
1.64543
1.66131
1.67582
1.67757
1.69859
1.71348
1.72926
1.74552
1.76081
1.77451
1.78777
1.80326
1.82161
1.86816
1.87533
1.88587
1.89741
1.90732
1.91651
1.92675
1.93784
1.94945
1.9583
2.08118
2.08295
2.07502
2.0585
2.04735
2.04678
2.05893
2.08353
2.11765
2.14218
2.50083
2.30694
2.20588
2.14801
2.11886
2.11223
2.12743
2.16825
2.2441
2.38705
-0.435341
-0.43985
-0.400156
-0.327732
-0.236971
-0.137173
0.783185
0.849428
0.84011
0.757
0.682003
0.608007
0.379762
0.158125
-0.110932
-0.466152
-0.813731
)
;

boundaryField
{
    wall-4
    {
        type            zeroGradient;
    }
    pressure-outlet-7
    {
        type            fixedValue;
        value           uniform 0;
    }
    velocity-inlet-6
    {
        type            zeroGradient;
    }
    velocity-inlet-5
    {
        type            zeroGradient;
    }
    frontAndBackPlanes
    {
        type            empty;
    }
}


// ************************************************************************* //
