/*--------------------------------*- C++ -*----------------------------------*\
  =========                 |
  \\      /  F ield         | OpenFOAM: The Open Source CFD Toolbox
   \\    /   O peration     | Website:  https://openfoam.org
    \\  /    A nd           | Version:  9
     \\/     M anipulation  |
\*---------------------------------------------------------------------------*/
FoamFile
{
    format      ascii;
    class       volScalarField;
    location    "10";
    object      p;
}
// * * * * * * * * * * * * * * * * * * * * * * * * * * * * * * * * * * * * * //

dimensions      [0 2 -2 0 0 0 0];

internalField   nonuniform List<scalar> 
8800
(
0.432112
0.384405
0.345865
0.317024
0.296343
0.281714
0.271352
0.264095
0.259423
0.257361
0.258338
0.262108
0.268295
0.277178
0.289598
0.307045
0.331589
0.365347
0.407698
0.46639
0.263133
0.270822
0.278668
0.282071
0.280732
0.275901
0.269714
0.26392
0.259409
0.256627
0.256179
0.258326
0.262344
0.267801
0.274102
0.27998
0.283333
0.282444
0.276718
0.267805
0.241123
0.247399
0.251832
0.25516
0.257591
0.258573
0.257797
0.255943
0.254031
0.253023
0.253721
0.2557
0.258017
0.259678
0.259757
0.258056
0.255232
0.251401
0.246603
0.242803
0.2351
0.237885
0.241104
0.244014
0.246051
0.247479
0.248467
0.248858
0.248776
0.248754
0.249126
0.249718
0.249967
0.249509
0.248462
0.246889
0.244504
0.241326
0.238521
0.237023
0.229548
0.231032
0.233739
0.236767
0.239389
0.241377
0.242699
0.243565
0.244113
0.244475
0.244812
0.244932
0.244632
0.243851
0.242409
0.24023
0.237469
0.234484
0.232505
0.231818
0.226787
0.227485
0.229327
0.231501
0.233591
0.235567
0.237306
0.238668
0.239639
0.240307
0.240613
0.240468
0.239809
0.238608
0.23698
0.23512
0.233063
0.230998
0.229774
0.229526
0.225777
0.226116
0.227072
0.22829
0.229629
0.230988
0.232294
0.233532
0.234612
0.235427
0.235802
0.235662
0.235104
0.234259
0.233246
0.232023
0.230923
0.229861
0.229262
0.229147
0.224209
0.224381
0.224911
0.225712
0.22663
0.227677
0.228908
0.230118
0.231231
0.232153
0.232651
0.232631
0.232209
0.231511
0.230741
0.230027
0.22934
0.228749
0.22845
0.228391
0.221707
0.22179
0.222101
0.22262
0.223228
0.223974
0.224854
0.22586
0.22692
0.227921
0.228595
0.228824
0.228723
0.228422
0.228137
0.227776
0.227411
0.22709
0.22695
0.226921
0.218712
0.21876
0.218988
0.219413
0.219948
0.220632
0.221423
0.222369
0.223441
0.224567
0.225462
0.225956
0.226139
0.226129
0.225972
0.225755
0.225515
0.225323
0.225252
0.225238
0.21539
0.21542
0.21558
0.215894
0.21633
0.216909
0.217661
0.218615
0.219773
0.221083
0.222255
0.223038
0.223486
0.223705
0.223777
0.223759
0.223689
0.223623
0.223604
0.223594
0.211702
0.211727
0.211857
0.212119
0.212515
0.213076
0.213848
0.214875
0.216183
0.217757
0.219269
0.220379
0.221106
0.221557
0.221813
0.221944
0.221998
0.22202
0.222032
0.222024
0.2076
0.207626
0.207752
0.208003
0.208402
0.208995
0.209844
0.211016
0.212565
0.214497
0.216431
0.217923
0.218946
0.219632
0.220069
0.220336
0.220492
0.220578
0.220614
0.220606
0.203036
0.203059
0.203202
0.203479
0.203925
0.204603
0.205594
0.206991
0.208875
0.211274
0.213726
0.215657
0.217052
0.217992
0.218614
0.219011
0.219255
0.219393
0.219449
0.219441
0.197949
0.197976
0.198143
0.19847
0.199002
0.199816
0.201021
0.202735
0.205069
0.208075
0.211187
0.21368
0.215464
0.216698
0.217523
0.218057
0.21839
0.218581
0.218657
0.218648
0.192219
0.192251
0.192459
0.192863
0.19352
0.194531
0.19603
0.19817
0.201097
0.20488
0.208813
0.211971
0.21425
0.215831
0.216893
0.217584
0.218017
0.218265
0.218363
0.218352
0.185688
0.185729
0.185993
0.186504
0.187334
0.188612
0.190506
0.19321
0.196905
0.201679
0.20664
0.210623
0.2135
0.215499
0.216844
0.217721
0.21827
0.218585
0.21871
0.218697
0.178142
0.178196
0.178535
0.17919
0.180256
0.181891
0.184309
0.187749
0.192436
0.198469
0.204714
0.209716
0.213327
0.215835
0.217522
0.218623
0.219313
0.219708
0.219865
0.219848
0.169288
0.169359
0.1698
0.170652
0.172037
0.174153
0.177262
0.181666
0.18763
0.195255
0.203101
0.209359
0.213867
0.216998
0.219104
0.220477
0.221337
0.221828
0.222022
0.222001
0.158717
0.158812
0.159393
0.160519
0.162352
0.165132
0.169153
0.174813
0.182424
0.192058
0.201886
0.209683
0.215289
0.21918
0.221799
0.223506
0.224571
0.225177
0.225417
0.225391
0.145858
0.145986
0.146764
0.148276
0.150726
0.154374
0.159662
0.167016
0.176749
0.188909
0.201174
0.210842
0.217782
0.222601
0.225852
0.227973
0.229295
0.23004
0.230334
0.230301
0.129913
0.130094
0.131156
0.133236
0.136565
0.141483
0.148489
0.158074
0.170556
0.185866
0.20109
0.213009
0.221556
0.227509
0.231541
0.234187
0.23584
0.236768
0.237128
0.23708
0.109707
0.10997
0.111472
0.114436
0.119073
0.125803
0.135231
0.147846
0.163855
0.183038
0.201789
0.216366
0.226831
0.234161
0.239169
0.24249
0.244587
0.245763
0.246206
0.24614
0.0833503
0.0837556
0.0860362
0.0904935
0.0972149
0.106732
0.119651
0.136325
0.156786
0.180614
0.203461
0.221099
0.233806
0.242799
0.249034
0.253242
0.255952
0.257494
0.258075
0.257982
0.0475413
0.0482812
0.0521917
0.0594658
0.0697899
0.0837116
0.101632
0.123665
0.149607
0.178846
0.206295
0.227345
0.242603
0.253574
0.261361
0.26677
0.270374
0.272476
0.273275
0.27315
-0.00404037
-0.00185144
0.00623001
0.0192379
0.0359184
0.0566116
0.0814371
0.110265
0.142689
0.177979
0.210396
0.235104
0.253153
0.266399
0.276112
0.28318
0.288167
0.291308
0.292569
0.292393
-0.0818757
-0.070923
-0.0523655
-0.0290597
-0.00283945
0.0268526
0.0601103
0.096746
0.136356
0.178262
0.216116
0.244929
0.266262
0.282345
0.294659
0.304227
0.311654
0.316948
0.319617
0.32
-0.164729
-0.140705
-0.11121
-0.0775962
-0.0416008
-0.00283754
0.0388203
0.0833461
0.130478
0.179694
0.223984
0.257938
0.283519
0.303326
0.319068
0.331877
0.342408
0.351656
0.357251
0.357803
-0.228101
-0.201909
-0.164229
-0.122413
-0.0779809
-0.0309612
0.0186518
0.0707515
0.125076
0.181148
0.231282
0.269639
0.298561
0.321013
0.338858
0.353312
0.365077
0.374693
0.379822
0.380523
-0.279075
-0.250806
-0.208511
-0.16092
-0.110122
-0.0564309
-4.90759e-05
0.0587507
0.119598
0.181909
0.237131
0.278986
0.310218
0.334139
0.352848
0.367766
0.379798
0.389335
0.394596
0.395366
-0.319956
-0.291237
-0.245581
-0.193771
-0.138188
-0.0792226
-0.0172211
0.0473764
0.114
0.181879
0.241612
0.286436
0.319456
0.3444
0.363635
0.378731
0.390729
0.399995
0.405282
0.406076
-0.354427
-0.325467
-0.277609
-0.222471
-0.162985
-0.0996646
-0.0329406
0.0366811
0.108511
0.181554
0.245456
0.292921
0.327463
0.353206
0.372773
0.387915
0.399813
0.408849
0.414098
0.414928
-0.384558
-0.355573
-0.306054
-0.248276
-0.18559
-0.118571
-0.0477028
0.0264226
0.102987
0.180788
0.248609
0.298614
0.334628
0.361149
0.381069
0.396304
0.408135
0.417043
0.422178
0.423015
-0.411801
-0.382772
-0.331929
-0.271975
-0.206621
-0.136452
-0.0619893
0.0161339
0.097061
0.179457
0.251216
0.303844
0.341419
0.3688
0.389137
0.404521
0.416338
0.425161
0.430174
0.431023
-0.436971
-0.40786
-0.355947
-0.294194
-0.226599
-0.153747
-0.0761122
0.00567023
0.0907146
0.177595
0.253355
0.308774
0.348083
0.376468
0.397331
0.412939
0.424799
0.433523
0.438407
0.439305
-0.460765
-0.431485
-0.37866
-0.31537
-0.24584
-0.170635
-0.0901913
-0.00509352
0.0838059
0.175071
0.254981
0.31345
0.354752
0.38435
0.405882
0.42181
0.433766
0.442445
0.447181
0.448123
-0.483447
-0.453953
-0.400324
-0.335809
-0.26461
-0.187355
-0.104428
-0.0163254
0.0762081
0.171794
0.256014
0.317846
0.36147
0.392541
0.414937
0.43131
0.443436
0.452116
0.456714
0.457632
-0.505375
-0.475561
-0.421246
-0.355685
-0.283056
-0.204035
-0.118909
-0.0280817
0.0678419
0.167659
0.256327
0.321863
0.368185
0.401064
0.424568
0.441554
0.453963
0.462697
0.467162
0.468015
-0.526589
-0.496491
-0.441636
-0.375077
-0.301219
-0.220679
-0.133645
-0.0403866
0.0586629
0.162567
0.255787
0.32534
0.374779
0.409856
0.434781
0.452597
0.465431
0.474281
0.478643
0.479341
-0.547164
-0.516785
-0.461441
-0.394013
-0.319127
-0.237301
-0.148628
-0.0532405
0.0486599
0.15644
0.254237
0.32807
0.381052
0.418801
0.445533
0.464453
0.477869
0.486931
0.491228
0.491718
-0.56715
-0.536317
-0.480672
-0.412502
-0.336759
-0.25386
-0.163811
-0.0665888
0.0378477
0.14924
0.251513
0.329811
0.386751
0.427692
0.456693
0.47706
0.491265
0.500613
0.504866
0.505131
-0.586576
-0.555475
-0.49927
-0.430509
-0.354059
-0.270289
-0.179118
-0.0803635
0.0262778
0.140954
0.247504
0.330326
0.391532
0.436169
0.468021
0.490277
0.505552
0.515296
0.519438
0.519484
-0.605268
-0.573872
-0.517231
-0.447979
-0.370968
-0.286508
-0.194465
-0.0944668
0.0140393
0.131618
0.242133
0.329374
0.39498
0.443779
0.479222
0.503997
0.520636
0.530748
0.534661
0.534456
-0.623217
-0.591545
-0.534524
-0.464862
-0.387417
-0.302452
-0.20975
-0.108797
0.00123395
0.121297
0.235353
0.326729
0.396715
0.450026
0.489824
0.518103
0.536657
0.546974
0.550273
0.549736
-0.64046
-0.608461
-0.551118
-0.481109
-0.403336
-0.318032
-0.224881
-0.123238
-0.0120168
0.110093
0.227173
0.32226
0.396366
0.454239
0.499082
0.532256
0.55404
0.564373
0.565767
0.564661
-0.656852
-0.624577
-0.566945
-0.496662
-0.41867
-0.333169
-0.239762
-0.137676
-0.0255838
0.0981496
0.217697
0.315871
0.393627
0.455629
0.505679
0.545307
0.573157
0.585456
0.582499
0.579063
-0.672486
-0.63992
-0.582019
-0.511537
-0.433458
-0.34791
-0.254451
-0.152174
-0.0395353
0.0854091
0.206828
0.307432
0.388227
0.453372
0.507887
0.554813
0.592336
0.614505
0.611623
0.586906
-0.687319
-0.654514
-0.596452
-0.525899
-0.447955
-0.362555
-0.269338
-0.167201
-0.0544141
0.0712126
0.193878
0.296055
0.379294
0.4464
0.502571
0.554784
0.599731
0.624463
0.6137
0.584309
-0.701237
-0.668473
-0.610074
-0.539513
-0.461881
-0.376776
-0.284188
-0.182422
-0.0698666
0.0559115
0.179066
0.28171
0.366551
0.4346
0.486101
0.53585
0.572716
0.582461
0.517288
0.470499
-0.713635
-0.682215
-0.622452
-0.551816
-0.474657
-0.390178
-0.298739
-0.197658
-0.0857324
0.0396665
0.162526
0.264487
0.349375
0.419162
0.460878
0.488294
0.509579
0.470092
0.391375
0.339058
-0.765994
-0.692388
-0.633674
-0.564217
-0.487634
-0.404019
-0.313116
-0.21317
-0.102342
0.0220908
0.143856
0.244161
0.326116
0.400036
0.419812
0.418216
0.388965
0.318987
0.226632
0.175608
-0.719786
-0.706308
-0.648919
-0.581701
-0.50578
-0.423314
-0.33438
-0.236198
-0.127176
-0.00460347
0.113685
0.208613
0.28254
0.342902
0.352142
0.218629
0.0905587
0.00205725
-0.0893521
-0.0370641
-0.746092
-0.719105
-0.662699
-0.595177
-0.52006
-0.438504
-0.350211
-0.253624
-0.146251
-0.0253988
0.089889
0.178896
0.244397
0.277222
0.217615
0.031644
-0.139795
-0.261187
-0.394981
-0.304195
-0.765038
-0.734074
-0.677952
-0.610064
-0.535473
-0.454765
-0.367513
-0.272746
-0.167535
-0.049287
0.062521
0.1449
0.199367
0.204325
0.0692311
-0.182581
-0.39714
-0.56187
-0.753262
-0.667121
-0.782525
-0.749967
-0.693025
-0.624808
-0.550586
-0.470763
-0.385034
-0.292186
-0.189359
-0.0737234
0.0342549
0.10922
0.149162
0.110722
-0.108134
-0.406217
-0.687124
-0.93372
-1.21303
-1.17896
-0.798285
-0.765733
-0.708177
-0.639784
-0.565977
-0.487149
-0.403084
-0.312497
-0.212306
-0.0990741
0.00517403
0.0718052
0.0927564
0.000527825
-0.283265
-0.617997
-0.964536
-1.28437
-1.65963
-2.03056
-0.813378
-0.781189
-0.723578
-0.655241
-0.58189
-0.50411
-0.421771
-0.333611
-0.236148
-0.125594
-0.0248655
0.0327931
0.0329774
-0.113949
-0.444352
-0.790355
-1.15529
-1.47041
-1.61542
-1.85051
-0.828415
-0.79657
-0.73924
-0.671234
-0.598487
-0.521952
-0.441661
-0.356442
-0.262329
-0.154746
-0.05728
-0.00934405
-0.0324185
-0.248137
-0.591585
-0.91873
-1.23045
-1.45078
-1.49594
-1.53123
-0.843636
-0.812104
-0.755106
-0.687555
-0.61563
-0.540595
-0.462795
-0.381195
-0.291238
-0.186691
-0.0909941
-0.0531176
-0.110355
-0.384157
-0.731145
-1.02527
-1.26655
-1.42196
-1.44437
-1.44191
-0.859116
-0.827754
-0.770983
-0.703987
-0.633024
-0.559798
-0.485016
-0.407854
-0.32291
-0.221942
-0.126833
-0.0974096
-0.193412
-0.51465
-0.872592
-1.14752
-1.28718
-1.34861
-1.38564
-1.39252
-0.87458
-0.843245
-0.786647
-0.720192
-0.650366
-0.579268
-0.508084
-0.436249
-0.357893
-0.261313
-0.164264
-0.141764
-0.28025
-0.654028
-1.02097
-1.32464
-1.31439
-1.34068
-1.41614
-1.43439
-0.889573
-0.85816
-0.801664
-0.735739
-0.667163
-0.598504
-0.531526
-0.46623
-0.396812
-0.306639
-0.205391
-0.183044
-0.362544
-0.807738
-1.2027
-1.64725
-1.79005
-1.64742
-1.59734
-1.58843
-0.903294
-0.871881
-0.81543
-0.750022
-0.682722
-0.616849
-0.554724
-0.497906
-0.440656
-0.360859
-0.253658
-0.227619
-0.45076
-0.946971
-1.37889
-1.80901
-1.91721
-1.7476
-1.69464
-1.67112
-0.915165
-0.88365
-0.827215
-0.762304
-0.696552
-0.633356
-0.576901
-0.530548
-0.491097
-0.432458
-0.324804
-0.293792
-0.561866
-1.03536
-1.33669
-1.43241
-1.49597
-1.56992
-1.64256
-1.66152
-0.924282
-0.892594
-0.836142
-0.771697
-0.707149
-0.646971
-0.59686
-0.563739
-0.551757
-0.536595
-0.456703
-0.432589
-0.70636
-1.15518
-1.45923
-1.51627
-1.61964
-1.72731
-1.79869
-1.83542
-0.929634
-0.897661
-0.841157
-0.777083
-0.713645
-0.656304
-0.613027
-0.596279
-0.623606
-0.699623
-0.714863
-0.677373
-0.928278
-1.39694
-1.94076
-2.39912
-2.57602
-2.53631
-2.40234
-2.33956
-0.930066
-0.897807
-0.841216
-0.777342
-0.71468
-0.65965
-0.622945
-0.624607
-0.706454
-0.94803
-1.17286
-1.07183
-1.18664
-1.6029
-2.2451
-2.99076
-3.23823
-3.05283
-2.75772
-2.62336
-0.924723
-0.892007
-0.835271
-0.771374
-0.708913
-0.655178
-0.623422
-0.642777
-0.789672
-1.2679
-1.82866
-1.54439
-1.28254
-1.36717
-1.67327
-2.08467
-2.16989
-1.90897
-1.59341
-1.45249
-0.912853
-0.87953
-0.822522
-0.758224
-0.695186
-0.641055
-0.611079
-0.640707
-0.838661
-1.53121
-2.47534
-1.84527
-1.10826
-0.521159
-0.120743
0.0782697
0.204948
0.406272
0.54875
0.599722
-0.893797
-0.85994
-0.802381
-0.737376
-0.672913
-0.616208
-0.582147
-0.607549
-0.807323
-1.5355
-2.51048
-1.61704
-0.578569
0.332112
0.963078
1.40015
1.66095
1.76097
1.80049
1.80906
-0.867032
-0.83292
-0.774905
-0.709023
-0.642294
-0.580879
-0.536911
-0.539367
-0.673984
-1.17698
-1.69223
-0.845743
0.0400152
0.80895
1.32248
1.65593
1.83802
1.9249
1.96095
1.96766
-0.832471
-0.798591
-0.740505
-0.673743
-0.604587
-0.537468
-0.480286
-0.44965
-0.4849
-0.655212
-0.67552
-0.0960975
0.508534
0.996484
1.31483
1.5228
1.64847
1.72184
1.75953
1.76733
-0.789818
-0.756389
-0.699437
-0.63244
-0.561511
-0.48942
-0.419975
-0.359023
-0.313821
-0.267275
-0.0864716
0.284942
0.68259
0.982467
1.18351
1.32059
1.41302
1.47481
1.50736
1.51189
-0.735712
-0.704889
-0.651361
-0.585299
-0.514171
-0.43948
-0.36191
-0.281218
-0.191639
-0.0639016
0.149332
0.414086
0.670243
0.869005
1.01198
1.11517
1.19001
1.24314
1.2703
1.27809
-0.670988
-0.643181
-0.594028
-0.53129
-0.462651
-0.388403
-0.308209
-0.2192
-0.113114
0.0317918
0.223303
0.421593
0.596395
0.734795
0.839902
0.919474
0.979286
1.02167
1.0462
1.05425
-0.58921
-0.570976
-0.525322
-0.468535
-0.405008
-0.335464
-0.258011
-0.169827
-0.0642227
0.0718806
0.230775
0.379188
0.502029
0.598451
0.672534
0.72962
0.773853
0.806219
0.825291
0.830214
-0.477744
-0.468709
-0.436535
-0.391015
-0.338331
-0.278738
-0.210531
-0.131226
-0.0357447
0.0833055
0.215049
0.332533
0.426935
0.499697
0.554524
0.594978
0.624553
0.646616
0.660503
0.663662
-0.360024
-0.356359
-0.335711
-0.303738
-0.264792
-0.218366
-0.162857
-0.0962456
-0.0147296
0.0862895
0.194615
0.288381
0.361983
0.417343
0.457689
0.486402
0.506199
0.519092
0.525249
0.526642
-0.247499
-0.245528
-0.234695
-0.215368
-0.189735
-0.156769
-0.114987
-0.0621519
0.00431686
0.0872304
0.175061
0.24939
0.30646
0.348375
0.377934
0.398005
0.410912
0.418559
0.422216
0.422685
-0.149318
-0.149198
-0.144807
-0.13521
-0.120535
-0.0993829
-0.0699913
-0.0303011
0.0218061
0.0881612
0.158451
0.217129
0.261175
0.292756
0.31443
0.328439
0.336926
0.341576
0.343463
0.343508
-0.0738756
-0.0746437
-0.0745338
-0.0717335
-0.0646968
-0.0518917
-0.0319021
-0.00286028
0.0369203
0.0888396
0.144081
0.189852
0.223769
0.24754
0.263237
0.273069
0.278809
0.281651
0.282641
0.282556
-0.0228661
-0.0237885
-0.0255781
-0.0260805
-0.0234865
-0.0162573
-0.00289201
0.0180272
0.0481361
0.0882696
0.131257
0.16665
0.192452
0.210267
0.221972
0.229115
0.232933
0.234619
0.23513
0.235004
0.00877115
0.00803242
0.00626916
0.0050995
0.00597844
0.0100695
0.0187793
0.0336936
0.0561496
0.0868225
0.119926
0.147137
0.166932
0.180424
0.18896
0.193948
0.196534
0.197548
0.197778
0.19766
0.0277605
0.0272821
0.0260493
0.0250941
0.0255437
0.0283325
0.0344809
0.0452016
0.0618009
0.0850524
0.110439
0.131249
0.146148
0.156098
0.162359
0.165957
0.167707
0.16829
0.168372
0.168274
0.039427
0.039133
0.0383703
0.0377616
0.0380626
0.0399898
0.0444383
0.0524146
0.0648619
0.0824071
0.101642
0.117391
0.128658
0.136198
0.140855
0.143448
0.144655
0.145011
0.145035
0.144956
0.0467068
0.0465243
0.0460449
0.045686
0.0459808
0.047433
0.0506814
0.056538
0.0658438
0.0791147
0.0937377
0.105712
0.114225
0.119831
0.123249
0.125131
0.12598
0.126202
0.126201
0.126137
0.0508931
0.0507754
0.0504528
0.0502233
0.0504792
0.0515978
0.0540655
0.0584746
0.0654568
0.075451
0.0864897
0.0955095
0.101898
0.106093
0.108633
0.110005
0.1106
0.110734
0.110719
0.110666
0.052725
0.0526465
0.0524261
0.0522787
0.052494
0.0533469
0.0552002
0.0585137
0.0637781
0.0713199
0.0796584
0.0864661
0.0912746
0.0944092
0.0962876
0.0972874
0.0977056
0.0977838
0.0977619
0.0977191
0.0527923
0.0527387
0.0525925
0.0525068
0.0526952
0.0533616
0.0547753
0.0572797
0.0612464
0.0669333
0.073221
0.0783449
0.0819482
0.0842854
0.0856749
0.0864032
0.0866963
0.0867381
0.0867133
0.0866783
0.0515609
0.0515225
0.0514242
0.0513771
0.0515367
0.0520549
0.0531334
0.0550301
0.0580266
0.0623138
0.0670496
0.070902
0.0736025
0.0753455
0.0763733
0.0769045
0.07711
0.0771302
0.0771056
0.0770769
0.0493676
0.0493388
0.0492708
0.049246
0.0493781
0.0497801
0.050603
0.0520401
0.0543013
0.0575341
0.0610983
0.063991
0.0660119
0.0673094
0.0680688
0.068455
0.0685978
0.0686036
0.0685799
0.0685566
0.0464519
0.0464297
0.0463802
0.0463662
0.0464719
0.0467816
0.0474077
0.0484947
0.0502003
0.0526344
0.0553132
0.0574818
0.0589918
0.059956
0.0605154
0.0607953
0.0608936
0.0608909
0.0608693
0.0608505
0.0429875
0.0429699
0.0429324
0.042923
0.0430042
0.0432394
0.043713
0.0445331
0.0458176
0.0476468
0.0496576
0.0512798
0.0524047
0.0531201
0.0535314
0.0537332
0.0537994
0.0537911
0.0537716
0.0537566
0.0391057
0.0390917
0.0390622
0.039054
0.0391144
0.0392907
0.0396463
0.040262
0.0412255
0.0425971
0.044101
0.0453111
0.0461478
0.0466761
0.046977
0.0471213
0.0471647
0.0471536
0.0471365
0.0471245
0.034906
0.0348948
0.0348709
0.0348625
0.0349056
0.0350356
0.0353002
0.0357597
0.0364793
0.037503
0.0386228
0.0395222
0.0401413
0.0405298
0.040748
0.0408498
0.0408772
0.0408649
0.04085
0.0408403
0.0304641
0.0304551
0.0304353
0.0304265
0.0304559
0.0305502
0.0307448
0.0310841
0.031617
0.0323754
0.0332047
0.0338684
0.0343226
0.0346049
0.0347616
0.0348323
0.0348481
0.0348354
0.0348226
0.034815
0.0258398
0.0258323
0.0258156
0.0258063
0.0258249
0.0258915
0.0260321
0.0262797
0.0266696
0.0272242
0.02783
0.0283135
0.0286428
0.0288459
0.0289568
0.0290047
0.0290127
0.0290004
0.0289894
0.0289835
0.0210799
0.0210738
0.0210595
0.0210499
0.0210603
0.0211053
0.0212036
0.0213794
0.0216582
0.0220565
0.0224913
0.0228371
0.0230713
0.0232142
0.0232899
0.0233202
0.023322
0.0233099
0.0233004
0.0232956
0.0162182
0.0162133
0.0162011
0.0161913
0.0161953
0.0162236
0.0162895
0.0164097
0.0166014
0.0168767
0.0171772
0.0174157
0.0175761
0.0176722
0.0177212
0.0177386
0.0177362
0.0177247
0.0177164
0.0177128
0.0112821
0.0112782
0.0112682
0.0112588
0.0112584
0.0112742
0.0113151
0.0113916
0.0115148
0.0116907
0.0118828
0.0120343
0.0121348
0.0121941
0.0122231
0.0122314
0.0122267
0.0122165
0.0122098
0.0122072
0.00629383
0.00629119
0.00628317
0.00627494
0.00627233
0.00627906
0.00629957
0.00633914
0.00640382
0.00649653
0.0065977
0.0066774
0.00673057
0.00676168
0.00677578
0.00677774
0.00677199
0.00676319
0.00675797
0.00675636
0.00126461
0.00126398
0.00126182
0.00125828
0.00125658
0.00125691
0.00125913
0.00126468
0.00127449
0.00128956
0.00130921
0.00132765
0.00134069
0.00134859
0.00135246
0.00135358
0.00135309
0.00135028
0.00134687
0.00134557
-0.861925
-0.596656
-0.303161
-0.068808
0.121028
0.274931
0.406212
0.517406
0.570076
0.546888
-0.390367
-0.21422
-0.0329024
0.122018
0.253504
0.364269
0.455031
0.520455
0.55477
0.565103
-0.0766075
0.0382876
0.157886
0.264138
0.356013
0.433245
0.494745
0.539627
0.570521
0.586903
0.13798
0.215602
0.299035
0.374055
0.439398
0.494647
0.539585
0.574633
0.601683
0.618962
0.296994
0.352691
0.41113
0.466342
0.515016
0.557068
0.592467
0.621213
0.644196
0.661415
0.421894
0.462664
0.50803
0.551183
0.590136
0.624566
0.654185
0.678597
0.698136
0.715165
0.526886
0.560002
0.599247
0.63595
0.669881
0.700326
0.726643
0.748196
0.76484
0.781804
0.623285
0.655226
0.692493
0.72735
0.7594
0.78802
0.812528
0.832201
0.846355
0.863385
0.723342
0.758228
0.796842
0.832166
0.863731
0.891219
0.914204
0.932236
0.944664
0.962107
0.841225
0.880096
0.919916
0.955282
0.985547
1.01108
1.0321
1.04848
1.06034
1.07848
0.988
1.02722
1.06399
1.09528
1.12157
1.14415
1.16362
1.17948
1.19216
1.21022
1.16421
1.19616
1.22273
1.24551
1.26582
1.28487
1.30284
1.31952
1.33505
1.35318
1.35347
1.37088
1.38617
1.40261
1.41868
1.43337
1.44674
1.46079
1.47842
1.49862
1.53554
1.54514
1.55684
1.56781
1.57718
1.58683
1.59774
1.6092
1.62064
1.63603
1.74299
1.74666
1.73172
1.71702
1.71097
1.71673
1.73525
1.7656
1.79776
1.82442
2.04938
1.91457
1.83805
1.79573
1.77823
1.78229
1.80971
1.86614
1.96883
2.19322
0.32268
0.320639
0.316185
0.307717
0.295697
0.283812
0.27385
0.266194
0.260752
0.257548
0.257036
0.259402
0.26406
0.27083
0.279791
0.29095
0.303291
0.314078
0.320081
0.323026
0.246845
0.252754
0.259135
0.263909
0.266644
0.266594
0.264146
0.260641
0.257373
0.255172
0.254843
0.256662
0.259815
0.263567
0.266889
0.268362
0.267058
0.263224
0.257824
0.251144
0.237908
0.240206
0.243954
0.247408
0.249925
0.251808
0.252917
0.252908
0.252065
0.251218
0.251196
0.252209
0.253537
0.254306
0.253933
0.252515
0.250434
0.247551
0.243799
0.240668
0.232221
0.233265
0.235553
0.238656
0.24133
0.243216
0.244515
0.245429
0.245989
0.246281
0.246566
0.246865
0.246903
0.246481
0.24561
0.244209
0.242034
0.239118
0.236303
0.234695
0.227699
0.228112
0.229797
0.232532
0.235192
0.237648
0.239635
0.241001
0.24188
0.242452
0.24286
0.243075
0.242877
0.242149
0.240731
0.238645
0.236208
0.233554
0.231212
0.230319
0.226298
0.226465
0.22735
0.2289
0.230554
0.232095
0.233567
0.235007
0.236257
0.23721
0.237777
0.237824
0.237367
0.236479
0.235377
0.234081
0.232599
0.23107
0.229804
0.229384
0.225098
0.225174
0.225641
0.226536
0.227585
0.228775
0.230121
0.231409
0.232559
0.233538
0.234206
0.234386
0.234094
0.233437
0.23248
0.231517
0.230613
0.229739
0.229083
0.228878
0.223062
0.223101
0.223341
0.223873
0.224559
0.225272
0.226232
0.227322
0.22845
0.229504
0.230305
0.230631
0.230512
0.230107
0.229569
0.229148
0.228647
0.228156
0.227838
0.227745
0.220244
0.220258
0.22041
0.220794
0.221315
0.221981
0.222758
0.223631
0.224635
0.225699
0.22665
0.227226
0.227422
0.22739
0.227234
0.226835
0.226604
0.226307
0.226125
0.226085
0.217096
0.217103
0.217203
0.217485
0.217911
0.218455
0.219147
0.220009
0.221044
0.22222
0.223376
0.224217
0.22467
0.224859
0.224883
0.2248
0.224668
0.224518
0.224435
0.224418
0.213594
0.213598
0.213674
0.213887
0.214233
0.214714
0.215367
0.216229
0.217332
0.218665
0.220095
0.221256
0.222008
0.222457
0.222702
0.222808
0.222831
0.222813
0.222804
0.222802
0.209705
0.209704
0.209779
0.209967
0.210284
0.210759
0.21144
0.212381
0.213633
0.215218
0.217001
0.218537
0.219611
0.220315
0.220758
0.221024
0.221172
0.221249
0.221289
0.221298
0.205378
0.205375
0.205455
0.20565
0.205983
0.206497
0.207258
0.208341
0.209824
0.211754
0.21399
0.215986
0.217405
0.218408
0.219066
0.219487
0.219746
0.219899
0.219977
0.219994
0.200566
0.20056
0.20065
0.200874
0.201258
0.201859
0.20276
0.204063
0.205872
0.208263
0.211076
0.21362
0.215508
0.21681
0.217696
0.218276
0.218643
0.218864
0.218977
0.219002
0.195175
0.195167
0.195277
0.195549
0.196015
0.196748
0.197855
0.199463
0.201712
0.204704
0.208251
0.211488
0.213884
0.215572
0.216723
0.217482
0.217967
0.218261
0.21841
0.218444
0.189069
0.189059
0.189198
0.189539
0.190123
0.191042
0.192429
0.194449
0.197277
0.201046
0.20552
0.209611
0.212643
0.214787
0.216251
0.217221
0.217842
0.218219
0.218411
0.218454
0.182063
0.182049
0.182228
0.182665
0.183411
0.18458
0.186342
0.188906
0.192489
0.197255
0.202899
0.20805
0.211864
0.214562
0.216406
0.217628
0.218413
0.218891
0.219132
0.219186
0.1739
0.173882
0.174117
0.174684
0.175649
0.177151
0.179411
0.182692
0.187258
0.193299
0.200416
0.206882
0.211659
0.215035
0.217341
0.218871
0.219856
0.220456
0.220759
0.220825
0.164234
0.164213
0.164525
0.165272
0.16653
0.168478
0.171399
0.175631
0.181478
0.189149
0.198111
0.206204
0.212161
0.216366
0.219239
0.221147
0.222378
0.223133
0.223512
0.223593
0.152592
0.152568
0.152993
0.153989
0.155647
0.158201
0.162051
0.167545
0.175041
0.184786
0.196047
0.206135
0.213534
0.218751
0.222317
0.224689
0.226226
0.227176
0.227654
0.227753
0.138302
0.138277
0.138874
0.140231
0.142454
0.145878
0.150957
0.158143
0.167839
0.180221
0.194319
0.206826
0.215966
0.222412
0.226826
0.22977
0.231686
0.232881
0.233488
0.233613
0.120362
0.120341
0.121214
0.123122
0.126184
0.130869
0.13773
0.147248
0.159804
0.175507
0.193056
0.20845
0.219665
0.227595
0.23305
0.236704
0.239091
0.240588
0.241356
0.241517
0.097246
0.0972547
0.0985994
0.101383
0.105782
0.112412
0.121858
0.134585
0.1509
0.17074
0.192409
0.211178
0.224826
0.23453
0.241271
0.245833
0.248838
0.250734
0.251721
0.251936
0.0664966
0.0666123
0.0688194
0.0731407
0.0798186
0.0895499
0.102844
0.120035
0.141216
0.166091
0.192552
0.215159
0.231588
0.243381
0.251712
0.25747
0.261342
0.263827
0.265125
0.265402
0.0236113
0.0240445
0.0282347
0.0357926
0.0467078
0.0615984
0.0806351
0.103866
0.131113
0.161882
0.193704
0.220514
0.240011
0.254188
0.264443
0.271773
0.2769
0.280355
0.282197
0.282556
-0.03977
-0.0376081
-0.0278084
-0.0132715
0.00566019
0.0288062
0.0558998
0.0867959
0.121194
0.158529
0.19607
0.227269
0.249989
0.266751
0.279213
0.2885
0.295373
0.300272
0.303151
0.303521
-0.115551
-0.111878
-0.0938417
-0.0678532
-0.0383415
-0.00567868
0.0301841
0.0692553
0.111323
0.155926
0.200166
0.236917
0.26405
0.28459
0.300449
0.312876
0.322773
0.330357
0.333612
0.335162
-0.19329
-0.18283
-0.155883
-0.119842
-0.0808198
-0.0390592
0.0053716
0.052484
0.102145
0.153991
0.204939
0.247209
0.278604
0.302673
0.321624
0.336844
0.349192
0.359008
0.364839
0.367343
-0.251229
-0.239643
-0.207723
-0.165212
-0.118872
-0.0696248
-0.0177277
0.0366797
0.0933658
0.151931
0.208999
0.256019
0.290726
0.317154
0.33775
0.35405
0.367067
0.377284
0.383663
0.386336
-0.297621
-0.285675
-0.250336
-0.203251
-0.151669
-0.0967273
-0.0387724
0.0218621
0.084771
0.149382
0.211846
0.262835
0.300065
0.32804
0.349542
0.366346
0.379589
0.389876
0.396339
0.398955
-0.335436
-0.323616
-0.286402
-0.235858
-0.180169
-0.120662
-0.057743
0.00815404
0.0764872
0.146534
0.213962
0.268548
0.30793
0.337132
0.359261
0.376306
0.389556
0.399762
0.406214
0.40869
-0.367992
-0.35634
-0.317682
-0.264529
-0.205578
-0.142307
-0.0751716
-0.00466905
0.0685559
0.143602
0.215614
0.273493
0.31483
0.345108
0.367759
0.385001
0.39827
0.408411
0.414884
0.417283
-0.396875
-0.385386
-0.345723
-0.290476
-0.228841
-0.162395
-0.0916096
-0.0170459
0.0605734
0.140226
0.216634
0.277795
0.321117
0.352517
0.375742
0.393228
0.40656
0.416657
0.423165
0.425479
-0.423248
-0.411853
-0.371388
-0.314405
-0.25056
-0.181443
-0.10753
-0.0293774
0.0522834
0.136358
0.217136
0.281675
0.327114
0.359756
0.383652
0.401451
0.414899
0.42499
0.431523
0.433757
-0.447858
-0.436511
-0.395362
-0.336934
-0.27122
-0.199814
-0.123155
-0.0417657
0.0436346
0.131935
0.217081
0.28517
0.332955
0.36704
0.391753
0.409971
0.423594
0.433715
0.440253
0.442385
-0.471169
-0.459833
-0.418094
-0.358451
-0.291136
-0.217735
-0.138662
-0.054384
0.0344465
0.126802
0.216372
0.28826
0.338687
0.374484
0.400218
0.418987
0.432865
0.44307
0.449592
0.451665
-0.493579
-0.482167
-0.439871
-0.37922
-0.310545
-0.235427
-0.154246
-0.0673757
0.0246363
0.120873
0.214906
0.290855
0.344279
0.382123
0.409136
0.428633
0.442879
0.453218
0.459734
0.461765
-0.515268
-0.503707
-0.460858
-0.39941
-0.329534
-0.25295
-0.16993
-0.0807641
0.0141443
0.114067
0.212548
0.29281
0.349621
0.389901
0.418524
0.438986
0.453744
0.464303
0.470813
0.472826
-0.536263
-0.524537
-0.481214
-0.419065
-0.348154
-0.270318
-0.185728
-0.0945562
0.00295283
0.106328
0.209178
0.29396
0.354535
0.397684
0.428303
0.450025
0.465502
0.476391
0.48293
0.484938
-0.556688
-0.544749
-0.50105
-0.438184
-0.366423
-0.287536
-0.201617
-0.108727
-0.00890992
0.0976372
0.20471
0.294114
0.358787
0.405252
0.438329
0.461678
0.478142
0.489537
0.496177
0.498064
-0.576446
-0.56432
-0.520312
-0.45678
-0.384302
-0.304553
-0.217531
-0.123204
-0.0213968
0.0880034
0.199068
0.293067
0.362081
0.412336
0.448423
0.473872
0.491593
0.503633
0.510423
0.512173
-0.595586
-0.583231
-0.538851
-0.474801
-0.401742
-0.3213
-0.233404
-0.137904
-0.0344308
0.077471
0.192197
0.290623
0.364093
0.41861
0.458308
0.486443
0.505814
0.518633
0.525524
0.527063
-0.613924
-0.601471
-0.556703
-0.492211
-0.418679
-0.337692
-0.24915
-0.152738
-0.0479114
0.0661198
0.184105
0.286654
0.364534
0.423566
0.467477
0.499075
0.520721
0.534432
0.541216
0.542417
-0.631586
-0.618982
-0.573828
-0.508971
-0.43507
-0.353679
-0.264666
-0.167604
-0.0617282
0.054068
0.174843
0.281108
0.363108
0.426558
0.475193
0.511337
0.536403
0.551346
0.557361
0.557734
-0.648434
-0.635653
-0.590222
-0.525024
-0.450833
-0.369183
-0.27987
-0.182378
-0.0757435
0.0414183
0.164503
0.273941
0.359625
0.42707
0.480522
0.522318
0.552727
0.570465
0.57464
0.57226
-0.664518
-0.651567
-0.605789
-0.540321
-0.465929
-0.384142
-0.294684
-0.196974
-0.0898419
0.0283443
0.153237
0.265153
0.353933
0.424835
0.482486
0.530301
0.568424
0.593209
0.598156
0.586682
-0.679766
-0.666677
-0.620656
-0.554985
-0.480543
-0.398814
-0.309429
-0.211796
-0.104502
0.0142922
0.140448
0.254145
0.345401
0.419061
0.479376
0.53227
0.579142
0.61531
0.625107
0.619343
-0.694172
-0.680869
-0.634815
-0.568981
-0.494675
-0.413206
-0.32408
-0.22684
-0.119739
-0.000804525
0.126035
0.240746
0.333475
0.409351
0.469441
0.522642
0.571047
0.607203
0.602956
0.534302
-0.707576
-0.693659
-0.648185
-0.582371
-0.508465
-0.427453
-0.338673
-0.241992
-0.135456
-0.01681
0.110062
0.224961
0.317777
0.395216
0.453024
0.494561
0.535328
0.547194
0.498754
0.424558
-0.719958
-0.706984
-0.660513
-0.594771
-0.521575
-0.441057
-0.353348
-0.257169
-0.151464
-0.0334767
0.0927418
0.20666
0.297822
0.377216
0.433512
0.47363
0.461225
0.432273
0.356482
0.273988
-0.700862
-0.684631
-0.639975
-0.572807
-0.496433
-0.413089
-0.320983
-0.221633
-0.11146
0.0122942
0.133183
0.23233
0.312217
0.388403
0.465993
0.374653
0.320065
0.249837
0.161489
0.102387
-0.723498
-0.705302
-0.673976
-0.613739
-0.541725
-0.462341
-0.37551
-0.281064
-0.177182
-0.0610208
0.063241
0.173531
0.259116
0.331341
0.396443
0.394974
0.270456
0.167534
0.0924582
-0.0122668
-0.739212
-0.723128
-0.684806
-0.623905
-0.552168
-0.473739
-0.388621
-0.295822
-0.193622
-0.079273
0.0431986
0.150441
0.231432
0.291306
0.31158
0.230346
0.0458623
-0.0783385
-0.176238
-0.286737
-0.754976
-0.742588
-0.699036
-0.637402
-0.565764
-0.487827
-0.40356
-0.311987
-0.211562
-0.0990956
0.0206303
0.122536
0.19535
0.241097
0.209326
0.038872
-0.175909
-0.336938
-0.474111
-0.647451
-0.773
-0.760046
-0.714889
-0.652259
-0.580781
-0.503415
-0.420131
-0.330119
-0.231716
-0.121431
-0.00450091
0.0916542
0.154361
0.181473
0.0929225
-0.158856
-0.424352
-0.641881
-0.841783
-1.10818
-0.789274
-0.776684
-0.7307
-0.667097
-0.595736
-0.519051
-0.437021
-0.348987
-0.252878
-0.144892
-0.0306697
0.0602033
0.111565
0.110783
-0.0430406
-0.355082
-0.676993
-0.989195
-1.2539
-1.81151
-0.804476
-0.792512
-0.746368
-0.682264
-0.611122
-0.535148
-0.454471
-0.368489
-0.274912
-0.16973
-0.0584772
0.026321
0.0664788
0.025164
-0.201539
-0.534942
-0.891472
-1.24899
-1.56534
-2.14746
-0.819456
-0.807918
-0.761921
-0.69784
-0.627035
-0.551844
-0.472643
-0.388891
-0.298155
-0.195958
-0.0871451
-0.00854175
0.0172745
-0.0696555
-0.351808
-0.687336
-1.03384
-1.3575
-1.51819
-1.55642
-0.834632
-0.823468
-0.777684
-0.713816
-0.643516
-0.569337
-0.491925
-0.410909
-0.323734
-0.224988
-0.118557
-0.0451114
-0.0364465
-0.166082
-0.496711
-0.821522
-1.11199
-1.36267
-1.45671
-1.47321
-0.849987
-0.839186
-0.793544
-0.729958
-0.660291
-0.587349
-0.512086
-0.434302
-0.351492
-0.257022
-0.152526
-0.0829469
-0.092563
-0.266228
-0.633452
-0.956175
-1.18479
-1.35286
-1.42265
-1.41468
-0.865529
-0.854891
-0.809322
-0.746016
-0.677104
-0.605616
-0.53289
-0.459045
-0.381857
-0.292691
-0.189679
-0.122035
-0.147994
-0.387599
-0.767269
-1.10693
-1.27718
-1.26911
-1.35283
-1.39125
-0.880845
-0.870317
-0.824701
-0.761644
-0.693531
-0.623737
-0.554027
-0.485217
-0.414726
-0.333091
-0.230814
-0.160269
-0.203015
-0.517066
-0.918758
-1.29916
-1.51925
-1.45886
-1.4856
-1.50579
-0.895359
-0.884925
-0.839148
-0.77632
-0.709052
-0.641172
-0.574848
-0.511911
-0.451454
-0.379749
-0.278939
-0.200097
-0.262842
-0.639506
-1.09204
-1.54914
-1.99726
-1.8864
-1.70657
-1.65585
-0.908377
-0.898019
-0.852001
-0.789389
-0.722982
-0.657095
-0.594623
-0.538865
-0.490017
-0.435129
-0.341715
-0.253886
-0.331855
-0.758873
-1.20493
-1.5179
-1.70153
-1.65637
-1.66028
-1.66727
-0.919095
-0.908734
-0.862481
-0.800051
-0.734492
-0.670559
-0.612372
-0.565159
-0.532379
-0.504181
-0.436972
-0.346965
-0.427276
-0.870956
-1.24805
-1.36944
-1.32081
-1.48554
-1.62443
-1.69324
-0.926585
-0.916203
-0.869609
-0.807309
-0.742506
-0.680446
-0.626735
-0.58941
-0.578354
-0.595291
-0.600797
-0.533191
-0.611189
-1.05038
-1.46824
-1.83718
-1.97383
-2.0682
-2.05539
-2.04761
-0.929743
-0.919306
-0.872292
-0.810092
-0.745831
-0.685395
-0.635921
-0.609471
-0.6271
-0.721934
-0.88557
-0.890472
-0.910621
-1.29853
-1.81857
-2.50291
-2.95892
-3.01514
-2.81232
-2.64604
-0.927574
-0.917015
-0.869566
-0.807313
-0.743282
-0.683842
-0.63773
-0.621794
-0.673417
-0.886779
-1.31322
-1.43883
-1.24083
-1.38034
-1.80355
-2.51636
-2.98158
-2.92162
-2.56109
-2.29917
-0.919206
-0.908449
-0.860472
-0.797976
-0.733731
-0.674298
-0.629645
-0.62128
-0.703062
-1.04983
-1.89319
-2.07424
-1.45733
-1.11337
-0.956734
-0.951017
-0.997294
-0.852046
-0.600915
-0.445058
-0.904076
-0.893052
-0.844482
-0.781169
-0.716306
-0.655649
-0.609659
-0.601851
-0.696347
-1.10738
-2.26775
-2.37673
-1.30873
-0.428588
0.278017
0.728474
1.04517
1.22914
1.33217
1.36965
-0.881728
-0.870501
-0.821518
-0.757066
-0.690905
-0.627554
-0.576378
-0.558409
-0.631118
-0.986294
-1.94249
-1.86391
-0.749413
0.190117
0.945796
1.44462
1.75592
1.90266
1.95856
1.97004
-0.851735
-0.840366
-0.790454
-0.725935
-0.658035
-0.591005
-0.531849
-0.495384
-0.518305
-0.703695
-1.13102
-0.829989
-0.0513193
0.645517
1.15964
1.49072
1.69486
1.80754
1.8642
1.88545
-0.814254
-0.803572
-0.753022
-0.688032
-0.618812
-0.548224
-0.480516
-0.423362
-0.391695
-0.410609
-0.426152
-0.112727
0.391042
0.840816
1.14607
1.35057
1.48459
1.57044
1.62242
1.64363
-0.767828
-0.75847
-0.708672
-0.643872
-0.574305
-0.501543
-0.42725
-0.353721
-0.28252
-0.20485
-0.0598771
0.209251
0.535717
0.821813
1.02248
1.1632
1.26288
1.33375
1.38009
1.40344
-0.709572
-0.702326
-0.655408
-0.592713
-0.52464
-0.452014
-0.374796
-0.292343
-0.20071
-0.0851136
0.087536
0.313334
0.536836
0.725981
0.868476
0.97424
1.0537
1.11385
1.15742
1.17701
-0.635069
-0.628067
-0.588447
-0.531759
-0.468612
-0.399192
-0.323561
-0.239558
-0.14244
-0.0204093
0.140985
0.320848
0.481002
0.612119
0.713828
0.79181
0.852577
0.901825
0.941228
0.960264
-0.537796
-0.533014
-0.506454
-0.459032
-0.403226
-0.341265
-0.272032
-0.193476
-0.101427
0.0115711
0.15037
0.292426
0.411165
0.505282
0.577445
0.632141
0.673135
0.703555
0.725707
0.738182
-0.418829
-0.417594
-0.402278
-0.368331
-0.325836
-0.276428
-0.218975
-0.15193
-0.0712995
0.0272177
0.144596
0.26031
0.354469
0.427629
0.482532
0.522797
0.551708
0.572285
0.585686
0.590699
-0.302105
-0.302235
-0.294163
-0.272863
-0.243958
-0.208375
-0.164308
-0.1105
-0.0440103
0.0384688
0.135755
0.228829
0.302752
0.358883
0.399852
0.428748
0.448452
0.461101
0.468214
0.471143
-0.195387
-0.196092
-0.192319
-0.181287
-0.164429
-0.141432
-0.110692
-0.0702713
-0.0180112
0.0484706
0.127132
0.201499
0.259471
0.302428
0.332911
0.353673
0.367044
0.375058
0.379247
0.380539
-0.10791
-0.108767
-0.108344
-0.10463
-0.0966391
-0.083281
-0.0630919
-0.0342036
0.0054463
0.0576005
0.120061
0.17882
0.223838
0.2566
0.279287
0.294076
0.303171
0.308324
0.310703
0.311287
-0.0451148
-0.0458377
-0.0469721
-0.0477307
-0.0452611
-0.0383298
-0.0254461
-0.00513195
0.0243325
0.0644383
0.113156
0.159043
0.19387
0.218684
0.235411
0.246151
0.25255
0.255855
0.257204
0.257469
-0.00483423
-0.00537327
-0.0068286
-0.00857952
-0.00853883
-0.00532295
0.00253402
0.0166237
0.0383854
0.0689707
0.106623
0.142011
0.168647
0.187514
0.200142
0.207983
0.212398
0.214501
0.215236
0.215329
0.0196257
0.0192828
0.0181791
0.0166381
0.0162477
0.0180888
0.0231969
0.0328902
0.0486731
0.0716757
0.100533
0.127811
0.148264
0.162511
0.171748
0.177355
0.180433
0.181799
0.182167
0.182184
0.034374
0.0341471
0.0334565
0.0324402
0.0321211
0.0333407
0.0370041
0.0441309
0.0558129
0.0730616
0.0949753
0.115707
0.131122
0.14177
0.14869
0.152824
0.15499
0.155869
0.156045
0.156032
0.043591
0.0434392
0.043014
0.0423841
0.0422247
0.0431112
0.0457076
0.0508839
0.0595884
0.07259
0.0891883
0.104949
0.116676
0.124747
0.129893
0.132905
0.134451
0.135047
0.135139
0.135119
0.0491893
0.0490871
0.0488143
0.0484115
0.0483581
0.0490794
0.0510609
0.0549216
0.0613968
0.0711614
0.0837298
0.095666
0.104501
0.110525
0.114342
0.116556
0.117666
0.118067
0.118106
0.118083
0.0521045
0.0520339
0.051849
0.0515727
0.0515561
0.0521121
0.0536055
0.0565159
0.0613987
0.0687525
0.0782269
0.0872341
0.0938907
0.0984208
0.101269
0.1029
0.103698
0.103967
0.103977
0.103953
0.0529765
0.0529253
0.0528018
0.0526198
0.0526358
0.0530803
0.054221
0.0564143
0.0600885
0.0656325
0.0727885
0.0795861
0.0845945
0.0879838
0.0900996
0.0912968
0.09187
0.0920494
0.0920423
0.0920193
0.052338
0.0522993
0.0522157
0.0520983
0.0521322
0.052488
0.0533657
0.0550334
0.0578102
0.0619904
0.0673817
0.0724995
0.0762617
0.0787963
0.0803689
0.0812498
0.0816626
0.0817811
0.0817651
0.0817437
0.0505844
0.0505544
0.0504959
0.0504199
0.0504607
0.0507433
0.0514177
0.0526841
0.0547822
0.0579364
0.0619994
0.0658504
0.0686734
0.0705675
0.0717354
0.0723823
0.0726783
0.0727557
0.0727358
0.0727165
0.048001
0.0479775
0.0479349
0.0478837
0.0479226
0.0481445
0.0486613
0.0496225
0.0512092
0.0535865
0.0566452
0.059539
0.0616532
0.0630663
0.0639323
0.0644071
0.0646189
0.0646676
0.064646
0.0646289
0.0447898
0.0447716
0.0447393
0.0447022
0.0447345
0.0449054
0.0452987
0.0460264
0.047223
0.0490139
0.0513144
0.0534845
0.0550654
0.056117
0.0567573
0.0571041
0.0572544
0.0572837
0.0572623
0.0572475
0.0411008
0.0410865
0.0410612
0.0410325
0.0410566
0.0411855
0.0414824
0.042031
0.0429316
0.0442773
0.0460024
0.0476262
0.0488053
0.0495863
0.0500584
0.050311
0.0504167
0.0504325
0.0504122
0.0503994
0.037047
0.0370357
0.0370154
0.0369922
0.0370088
0.0371045
0.0373266
0.0377373
0.0384114
0.0394178
0.0407068
0.0419189
0.042796
0.0433736
0.0437197
0.0439017
0.0439744
0.043981
0.0439624
0.0439516
0.0327158
0.0327069
0.0326903
0.0326708
0.0326809
0.0327503
0.0329138
0.0332181
0.0337192
0.0344683
0.0354269
0.0363257
0.0369742
0.0373991
0.037651
0.0377808
0.0378298
0.0378301
0.0378132
0.0378041
0.0281754
0.0281685
0.0281549
0.028138
0.0281425
0.0281907
0.0283087
0.0285314
0.0289002
0.0294523
0.0301584
0.0308186
0.031293
0.0316022
0.0317839
0.0318758
0.0319082
0.0319051
0.0318902
0.0318826
0.0234775
0.0234721
0.0234608
0.0234457
0.023446
0.0234782
0.0235617
0.0237218
0.0239887
0.024389
0.0249016
0.0253802
0.0257224
0.025943
0.0260709
0.0261332
0.0261526
0.0261467
0.0261335
0.0261272
0.018662
0.0186578
0.0186483
0.0186349
0.0186322
0.018652
0.0187084
0.0188196
0.0190067
0.0192891
0.0196507
0.0199883
0.0202289
0.0203828
0.0204701
0.0205105
0.0205202
0.0205124
0.0205003
0.0204949
0.0137601
0.013757
0.0137489
0.0137367
0.0137314
0.0137418
0.0137773
0.0138503
0.0139749
0.014164
0.0144069
0.0146328
0.0147926
0.0148934
0.0149491
0.0149731
0.0149766
0.0149681
0.0149575
0.0149531
0.00879503
0.00879278
0.00878611
0.00877567
0.00876968
0.00877364
0.00879323
0.00883592
0.00891019
0.00902293
0.00916738
0.00930148
0.00939564
0.00945476
0.00948661
0.00949884
0.00949784
0.00948932
0.00948012
0.00947661
0.00126424
0.00126335
0.00125995
0.00125712
0.0012566
0.00125767
0.00126141
0.00126898
0.00128132
0.0012994
0.00131916
0.00133484
0.00134522
0.00135094
0.00135326
0.00135362
0.00135192
0.00134839
0.00134616
0.00404833
-2.26154
-1.24148
-0.674602
-0.324841
-0.0651042
0.136526
0.29846
0.437137
0.573849
0.677897
-0.823218
-0.525274
-0.267181
-0.0575737
0.115761
0.259912
0.380262
0.479667
0.543775
0.556199
-0.321924
-0.156864
-0.00167016
0.136259
0.255104
0.35627
0.439872
0.503908
0.54587
0.568819
-0.0250876
0.0809604
0.18391
0.278821
0.362054
0.433252
0.491693
0.537237
0.571091
0.593307
0.17717
0.250031
0.322631
0.390543
0.450556
0.502499
0.546091
0.581641
0.60978
0.628815
0.329388
0.378041
0.434993
0.485567
0.53133
0.571769
0.606661
0.635943
0.659712
0.675369
0.449977
0.488992
0.533665
0.573808
0.611492
0.645602
0.67552
0.700868
0.7214
0.734109
0.553913
0.588249
0.626671
0.663031
0.697026
0.728174
0.755541
0.778539
0.7967
0.806937
0.651906
0.686436
0.724298
0.76059
0.7939
0.823903
0.849894
0.871323
0.887573
0.896276
0.758054
0.796685
0.836445
0.874113
0.9074
0.936337
0.960646
0.980354
0.995022
1.00386
0.887428
0.930571
0.970621
1.00726
1.0384
1.06473
1.08682
1.1049
1.11877
1.12917
1.05052
1.09241
1.12657
1.15659
1.18153
1.20343
1.22338
1.24109
1.25608
1.26893
1.24185
1.27288
1.29437
1.31375
1.33207
1.34952
1.3659
1.38192
1.39861
1.41564
1.44025
1.45178
1.46297
1.4772
1.49162
1.50459
1.51607
1.52701
1.53999
1.55695
1.62631
1.63625
1.64497
1.64744
1.64833
1.6527
1.66367
1.67975
1.69743
1.70203
1.92752
1.87216
1.82135
1.78112
1.75886
1.75488
1.76838
1.80222
1.8587
1.93427
0.464923
0.406234
0.363913
0.330192
0.305703
0.28834
0.276047
0.26735
0.261425
0.258013
0.25747
0.25994
0.26492
0.272398
0.282914
0.297647
0.318396
0.347283
0.385855
0.433578
0.266254
0.275199
0.280976
0.281906
0.278626
0.272857
0.266717
0.261489
0.25779
0.256065
0.256964
0.260115
0.264899
0.270886
0.277206
0.282126
0.283523
0.280153
0.27237
0.264686
0.242852
0.244929
0.249744
0.253625
0.25652
0.258322
0.258391
0.256942
0.254923
0.253345
0.253149
0.25462
0.256881
0.258988
0.259941
0.259081
0.256736
0.253467
0.249066
0.244532
0.235695
0.2366
0.239436
0.242671
0.245137
0.246824
0.248042
0.248748
0.248849
0.248723
0.248888
0.249427
0.249916
0.249822
0.24904
0.24775
0.245811
0.242968
0.239794
0.23762
0.229786
0.230237
0.232248
0.235295
0.238156
0.240479
0.242115
0.24318
0.243876
0.244302
0.244647
0.244917
0.244835
0.244305
0.243219
0.241398
0.238896
0.235948
0.233288
0.232057
0.22686
0.227034
0.228288
0.230419
0.232569
0.234601
0.236483
0.238047
0.239202
0.240012
0.240509
0.240596
0.240203
0.239265
0.237825
0.236078
0.234101
0.232007
0.230215
0.229603
0.225811
0.225891
0.226526
0.227675
0.22893
0.230337
0.231644
0.23293
0.234102
0.235062
0.235675
0.23579
0.235424
0.234704
0.233791
0.232613
0.23147
0.230371
0.229475
0.229184
0.224226
0.224264
0.224601
0.225291
0.226148
0.227117
0.228289
0.229522
0.230695
0.231727
0.232464
0.232697
0.232459
0.231884
0.231107
0.230387
0.229686
0.229016
0.228554
0.228413
0.221714
0.22173
0.221914
0.222346
0.222894
0.223616
0.224405
0.225347
0.226391
0.227438
0.228308
0.228759
0.228804
0.228595
0.228268
0.227975
0.227605
0.227231
0.226995
0.226935
0.218711
0.21872
0.218846
0.219181
0.219669
0.220275
0.221006
0.221879
0.222894
0.224007
0.225053
0.225756
0.226078
0.22615
0.226072
0.225853
0.225638
0.225406
0.225273
0.225246
0.215388
0.215393
0.21548
0.215721
0.216097
0.2166
0.217261
0.218112
0.219172
0.220417
0.221701
0.222695
0.223296
0.223617
0.223756
0.223775
0.223727
0.22365
0.223609
0.223601
0.211696
0.211705
0.211774
0.211972
0.212299
0.212772
0.213433
0.214328
0.215494
0.216942
0.218538
0.219877
0.220787
0.22136
0.221704
0.22189
0.221978
0.22201
0.222028
0.222031
0.207593
0.207598
0.207675
0.207861
0.208181
0.20867
0.209383
0.210386
0.211742
0.213488
0.215483
0.217242
0.218477
0.219328
0.219876
0.220219
0.220425
0.220541
0.220601
0.220615
0.203026
0.203032
0.203114
0.203322
0.203677
0.20423
0.205053
0.206237
0.207869
0.210014
0.212521
0.214775
0.216418
0.217567
0.218337
0.218835
0.219148
0.219335
0.21943
0.219452
0.197935
0.197942
0.198041
0.198285
0.198706
0.199367
0.200363
0.201807
0.20382
0.206492
0.209651
0.212526
0.214653
0.21614
0.217153
0.21782
0.218244
0.218501
0.218631
0.218661
0.192201
0.192209
0.192332
0.192634
0.193154
0.193973
0.19521
0.19701
0.19953
0.202886
0.20687
0.210512
0.21321
0.215116
0.216417
0.217277
0.217827
0.218161
0.21833
0.218368
0.185666
0.185676
0.185832
0.186214
0.186871
0.187907
0.18947
0.191745
0.194926
0.199163
0.20419
0.208783
0.212187
0.214595
0.21624
0.21733
0.218029
0.218453
0.218668
0.218717
0.178113
0.178127
0.178328
0.178818
0.179663
0.18099
0.182988
0.185886
0.189928
0.195293
0.201632
0.207407
0.211679
0.2147
0.216765
0.218133
0.21901
0.219543
0.219812
0.219873
0.169251
0.169269
0.169532
0.170168
0.171267
0.172988
0.175565
0.179284
0.184444
0.191248
0.199234
0.206471
0.21181
0.215581
0.218158
0.219866
0.220959
0.221622
0.221956
0.222033
0.158668
0.158693
0.159039
0.159879
0.161334
0.163607
0.166964
0.171755
0.178368
0.187006
0.197051
0.206088
0.212731
0.217419
0.220623
0.222747
0.224104
0.224924
0.225336
0.22543
0.145793
0.145827
0.14629
0.147416
0.149369
0.152378
0.156783
0.163062
0.171578
0.182554
0.195154
0.206389
0.214615
0.220419
0.224392
0.22703
0.228716
0.229729
0.230234
0.23035
0.129828
0.129876
0.130508
0.132052
0.13473
0.138793
0.144694
0.152936
0.163955
0.1779
0.193638
0.207524
0.217655
0.224811
0.229727
0.233009
0.235117
0.236381
0.237007
0.237144
0.109592
0.109663
0.110552
0.112755
0.116528
0.122139
0.130146
0.141126
0.155442
0.173111
0.192639
0.209661
0.222049
0.230833
0.236911
0.241007
0.243667
0.245275
0.246059
0.246223
0.0831867
0.0832952
0.0846395
0.087988
0.0935454
0.101584
0.112743
0.127521
0.146117
0.168361
0.19235
0.212988
0.227989
0.238702
0.246211
0.251353
0.254757
0.256854
0.257884
0.258092
0.047278
0.0474717
0.0498175
0.0554382
0.0642167
0.0762761
0.0921717
0.112161
0.136208
0.163918
0.192993
0.217663
0.235596
0.248549
0.25781
0.264321
0.268771
0.271598
0.273012
0.273298
-0.00445807
-0.00383097
0.00149179
0.0122571
0.0271086
0.0457691
0.068538
0.0954075
0.126113
0.160096
0.194743
0.223735
0.244834
0.26029
0.271638
0.279935
0.285912
0.28997
0.292151
0.292612
-0.0808458
-0.0772544
-0.0625207
-0.0410306
-0.0163273
0.0116046
0.043097
0.0780913
0.116291
0.157164
0.197877
0.231641
0.256375
0.27486
0.288907
0.299742
0.308199
0.314591
0.318609
0.32005
-0.161832
-0.153086
-0.126749
-0.0946076
-0.059869
-0.0225078
0.0177037
0.0608179
0.106707
0.154974
0.202634
0.242229
0.271596
0.294033
0.311635
0.325799
0.337421
0.347074
0.355435
0.357663
-0.225724
-0.217165
-0.18385
-0.14356
-0.100437
-0.0547067
-0.0063797
0.0445076
0.0977747
0.153052
0.20714
0.251894
0.285074
0.310474
0.330438
0.346465
0.359528
0.370123
0.378082
0.380364
-0.276631
-0.267454
-0.230578
-0.185057
-0.135799
-0.0835257
-0.0284474
0.0291871
0.0890781
0.150755
0.210603
0.259669
0.295697
0.322953
0.344056
0.360723
0.374126
0.384868
0.392741
0.395226
-0.317633
-0.30838
-0.269564
-0.220105
-0.166315
-0.108998
-0.0484527
0.0149188
0.0806191
0.147996
0.21298
0.265811
0.304155
0.332777
0.35463
0.371634
0.385095
0.395686
0.403387
0.405955
-0.352165
-0.342897
-0.302878
-0.250562
-0.19312
-0.131658
-0.0665692
0.00168986
0.0725268
0.145129
0.214893
0.271145
0.311511
0.341253
0.363646
0.38082
0.394224
0.404669
0.412175
0.414831
-0.382372
-0.373147
-0.332352
-0.277767
-0.217387
-0.15247
-0.083448
-0.01085
0.0646276
0.142008
0.216218
0.275728
0.318045
0.348873
0.371805
0.389186
0.402594
0.412948
0.420268
0.422935
-0.409677
-0.400458
-0.359061
-0.30263
-0.239813
-0.171979
-0.0995756
-0.0231816
0.0564892
0.138376
0.216972
0.279805
0.324161
0.356161
0.379707
0.397354
0.410821
0.421108
0.42828
0.430954
-0.434876
-0.42565
-0.383767
-0.325783
-0.260962
-0.190672
-0.115344
-0.0355284
0.048035
0.134246
0.217207
0.283492
0.330067
0.3634
0.387684
0.405687
0.419277
0.429566
0.436554
0.43922
-0.458631
-0.449359
-0.407048
-0.347764
-0.281219
-0.208784
-0.130885
-0.0480119
0.0391367
0.129474
0.216833
0.286791
0.335852
0.370756
0.395951
0.414433
0.428216
0.438531
0.445369
0.448021
-0.481308
-0.471959
-0.429253
-0.368886
-0.300869
-0.22658
-0.146419
-0.0608127
0.0296412
0.123953
0.215748
0.289643
0.341527
0.3783
0.404637
0.423751
0.437829
0.448212
0.454966
0.457556
-0.503189
-0.493724
-0.450611
-0.389358
-0.320065
-0.244191
-0.162057
-0.0740026
0.0194892
0.117598
0.213846
0.291938
0.347015
0.38602
0.413787
0.433738
0.448249
0.458788
0.465482
0.467956
-0.524343
-0.514786
-0.471206
-0.409284
-0.338868
-0.261633
-0.177802
-0.0875969
0.00864787
0.110327
0.211006
0.293515
0.352169
0.393819
0.423377
0.444426
0.459545
0.470347
0.477038
0.479334
-0.544896
-0.535178
-0.491261
-0.428673
-0.357315
-0.278936
-0.193654
-0.101588
-0.00288233
0.102111
0.207111
0.294188
0.356774
0.401542
0.433324
0.455807
0.471742
0.482931
0.489691
0.491794
-0.564853
-0.555048
-0.510844
-0.447535
-0.375398
-0.296061
-0.209566
-0.11592
-0.0150759
0.0929404
0.202052
0.293752
0.360577
0.408948
0.443459
0.467781
0.484813
0.496526
0.503373
0.505328
-0.584206
-0.574187
-0.529713
-0.465853
-0.393069
-0.312952
-0.225473
-0.130525
-0.0278522
0.0828494
0.195794
0.292026
0.363284
0.415673
0.45348
0.480162
0.498657
0.511085
0.518031
0.519791
-0.602855
-0.592706
-0.547903
-0.483574
-0.410267
-0.329538
-0.24129
-0.145309
-0.0411183
0.0718953
0.18831
0.288861
0.364566
0.421256
0.463
0.492774
0.513193
0.526456
0.533396
0.534869
-0.620728
-0.610549
-0.565372
-0.500671
-0.426937
-0.345739
-0.256934
-0.16017
-0.0547765
0.0601848
0.179617
0.284117
0.364098
0.425236
0.471481
0.505292
0.528472
0.542759
0.549325
0.550252
-0.637901
-0.627644
-0.58214
-0.517082
-0.443026
-0.361485
-0.272308
-0.175
-0.0687104
0.0478172
0.169808
0.277723
0.361641
0.427125
0.478196
0.517099
0.544555
0.560563
0.565793
0.565225
-0.654282
-0.643873
-0.598128
-0.532766
-0.458465
-0.376726
-0.287332
-0.189704
-0.0827918
0.0349297
0.158982
0.269729
0.357043
0.426353
0.482041
0.526843
0.560876
0.58148
0.585187
0.580048
-0.669907
-0.659353
-0.613323
-0.547717
-0.473276
-0.391484
-0.302036
-0.204319
-0.0970549
0.0214949
0.147095
0.259992
0.350103
0.422499
0.481729
0.532352
0.5751
0.605739
0.615846
0.600991
-0.684798
-0.674014
-0.627855
-0.562072
-0.487667
-0.406041
-0.316769
-0.219291
-0.112054
0.00686332
0.133451
0.24778
0.339892
0.414742
0.475308
0.529222
0.578986
0.614544
0.628963
0.57906
-0.69923
-0.687531
-0.641645
-0.575749
-0.501575
-0.42033
-0.331366
-0.234391
-0.127531
-0.00868338
0.118248
0.233159
0.326135
0.402852
0.461847
0.510981
0.556682
0.58725
0.555801
0.483163
-0.714029
-0.699608
-0.654579
-0.588863
-0.515263
-0.434491
-0.34603
-0.249607
-0.143456
-0.0250991
0.101527
0.216074
0.308319
0.386718
0.4436
0.471078
0.504355
0.497377
0.43212
0.353802
-0.727735
-0.731468
-0.666859
-0.599021
-0.526242
-0.446057
-0.360182
-0.264315
-0.159121
-0.041585
0.0840686
0.197009
0.286627
0.368019
0.414884
0.383387
0.409584
0.356769
0.274127
0.18675
-0.699244
-0.700067
-0.645407
-0.578399
-0.502228
-0.419314
-0.3295
-0.230701
-0.121155
0.00190637
0.121585
0.219021
0.296166
0.368343
0.415516
0.301888
0.207511
0.132029
0.0435268
-0.145051
-0.736088
-0.712581
-0.655293
-0.587908
-0.5124
-0.430388
-0.341795
-0.244364
-0.136066
-0.0142231
0.102586
0.19463
0.264537
0.311276
0.283332
0.129844
-0.0225756
-0.127145
-0.234896
-0.446126
-0.755841
-0.726491
-0.670374
-0.602644
-0.527821
-0.446707
-0.358855
-0.263173
-0.156851
-0.0372427
0.0763873
0.162122
0.222369
0.241374
0.148499
-0.0735786
-0.263695
-0.402913
-0.560915
-0.864483
-0.774337
-0.742103
-0.685539
-0.617449
-0.543044
-0.462767
-0.376229
-0.282391
-0.178336
-0.0614736
0.0484512
0.127232
0.174659
0.161638
-0.0189603
-0.294175
-0.54039
-0.736805
-0.971121
-1.48153
-0.790854
-0.758006
-0.700599
-0.632237
-0.55822
-0.478875
-0.393977
-0.302221
-0.200696
-0.0862159
0.0198126
0.090769
0.121583
0.0563396
-0.196594
-0.514627
-0.834877
-1.12427
-1.45878
-2.48893
-0.806165
-0.773633
-0.715858
-0.64746
-0.573876
-0.495567
-0.412349
-0.322961
-0.224109
-0.112237
-0.00969469
0.0524375
0.0630807
-0.056484
-0.366613
-0.70991
-1.07153
-1.41104
-1.73922
-3.00963
-0.821232
-0.789018
-0.731427
-0.663182
-0.590108
-0.512918
-0.43156
-0.344774
-0.248883
-0.139766
-0.0409244
0.0120313
0.00054092
-0.178872
-0.519885
-0.860009
-1.2036
-1.46805
-1.52981
-1.6002
-0.836388
-0.804478
-0.747192
-0.679374
-0.60701
-0.531194
-0.452087
-0.368593
-0.276468
-0.170432
-0.0739459
-0.0313472
-0.0684293
-0.317484
-0.661881
-0.971622
-1.24619
-1.4363
-1.47328
-1.47662
-0.851816
-0.820114
-0.763099
-0.695783
-0.624322
-0.550148
-0.473783
-0.39429
-0.306692
-0.203826
-0.108738
-0.0754062
-0.152045
-0.44952
-0.802128
-1.08148
-1.27945
-1.38734
-1.41334
-1.41334
-0.86738
-0.835769
-0.778917
-0.712149
-0.641732
-0.569532
-0.496479
-0.421935
-0.339964
-0.241085
-0.1453
-0.120072
-0.236492
-0.582461
-0.944636
-1.22294
-1.28884
-1.31444
-1.37859
-1.39569
-0.882747
-0.851094
-0.794338
-0.728092
-0.658878
-0.588958
-0.519801
-0.451046
-0.376825
-0.282993
-0.184265
-0.162865
-0.321206
-0.729991
-1.10686
-1.4613
-1.46704
-1.4656
-1.49852
-1.50966
-0.897224
-0.86557
-0.808828
-0.743094
-0.675159
-0.607851
-0.5432
-0.481902
-0.418137
-0.332184
-0.228376
-0.204319
-0.404239
-0.880648
-1.29975
-1.80904
-2.01266
-1.76775
-1.6707
-1.64833
-0.910289
-0.878481
-0.821721
-0.756483
-0.689962
-0.625398
-0.566019
-0.514157
-0.464727
-0.39371
-0.284734
-0.255618
-0.505474
-0.997355
-1.38016
-1.62925
-1.69963
-1.65854
-1.66567
-1.66494
-0.92098
-0.889043
-0.83223
-0.767454
-0.702285
-0.64062
-0.587253
-0.547034
-0.520103
-0.479062
-0.379188
-0.354257
-0.623879
-1.08132
-1.354
-1.34595
-1.41139
-1.5619
-1.66969
-1.70679
-0.92851
-0.896308
-0.839361
-0.774985
-0.711007
-0.652286
-0.605574
-0.580285
-0.586234
-0.608672
-0.564829
-0.537973
-0.806158
-1.26054
-1.67846
-1.90556
-2.03367
-2.06842
-2.04984
-2.05478
-0.931633
-0.899155
-0.842063
-0.777954
-0.714945
-0.658857
-0.618946
-0.611299
-0.663911
-0.812289
-0.916123
-0.857407
-1.06176
-1.53736
-2.14325
-2.78384
-3.03282
-2.9283
-2.71041
-2.61148
-0.92945
-0.896573
-0.839294
-0.775241
-0.712734
-0.658518
-0.624617
-0.635477
-0.749467
-1.10381
-1.47837
-1.30772
-1.26826
-1.54942
-2.12995
-2.83059
-3.00818
-2.7506
-2.40557
-2.25247
-0.921053
-0.887675
-0.830091
-0.765789
-0.703116
-0.64939
-0.619011
-0.645096
-0.821779
-1.42134
-2.20065
-1.73408
-1.25002
-1.01559
-0.935988
-0.987037
-0.950654
-0.725026
-0.504538
-0.413561
-0.905912
-0.871831
-0.813996
-0.74877
-0.685145
-0.630031
-0.598824
-0.629225
-0.833236
-1.56418
-2.59563
-1.82371
-0.864715
-0.0385492
0.532178
0.903123
1.14625
1.28962
1.35903
1.37388
-0.883523
-0.848924
-0.789603
-0.724156
-0.658619
-0.599763
-0.561366
-0.57733
-0.753605
-1.40071
-2.19257
-1.27485
-0.269317
0.614591
1.21735
1.62513
1.84576
1.93858
1.96808
1.97001
-0.853573
-0.818311
-0.759207
-0.692293
-0.624253
-0.559991
-0.509563
-0.495872
-0.580842
-0.911849
-1.14322
-0.430412
0.307655
0.932868
1.34239
1.60754
1.76034
1.84125
1.87861
1.88737
-0.816324
-0.781218
-0.721681
-0.653927
-0.583628
-0.513824
-0.450149
-0.403267
-0.393672
-0.433985
-0.330992
0.137443
0.630201
1.00956
1.25851
1.42494
1.53245
1.60015
1.63681
1.64555
-0.769975
-0.736972
-0.677185
-0.609722
-0.538378
-0.464617
-0.39043
-0.318059
-0.246284
-0.147139
0.0648127
0.371902
0.688876
0.931077
1.09894
1.2172
1.30154
1.36025
1.39397
1.40648
-0.711683
-0.683314
-0.624919
-0.559367
-0.489075
-0.414123
-0.3345
-0.248282
-0.147683
-0.00644276
0.198285
0.42701
0.637105
0.802413
0.925216
1.01667
1.08598
1.13749
1.17078
1.1786
-0.637206
-0.612286
-0.561029
-0.501125
-0.434736
-0.362328
-0.282904
-0.193271
-0.0857895
0.0566832
0.232204
0.403901
0.550341
0.666264
0.755325
0.823899
0.878373
0.922959
0.953798
0.96251
-0.536554
-0.523309
-0.484101
-0.432078
-0.37314
-0.307772
-0.234135
-0.149573
-0.0483288
0.0794616
0.223787
0.354773
0.461137
0.543761
0.606686
0.654138
0.689493
0.715568
0.733544
0.740011
-0.418834
-0.412672
-0.386675
-0.348012
-0.302056
-0.248894
-0.186671
-0.113577
-0.0247727
0.0853035
0.204948
0.310025
0.393528
0.457093
0.50431
0.538471
0.562882
0.580004
0.589254
0.590949
-0.302419
-0.299967
-0.284653
-0.259166
-0.227146
-0.187367
-0.138845
-0.0790899
-0.00506046
0.0868482
0.184594
0.268094
0.332875
0.381067
0.415618
0.439607
0.455562
0.465276
0.470164
0.47117
-0.196018
-0.19505
-0.187583
-0.173544
-0.153806
-0.127139
-0.0918459
-0.045802
0.0132608
0.0876017
0.166309
0.23246
0.282682
0.319049
0.344357
0.361159
0.371616
0.377581
0.380205
0.380393
-0.108426
-0.108834
-0.106961
-0.1012
-0.0907232
-0.0741481
-0.0498604
-0.0158523
0.0298206
0.0886931
0.151129
0.202971
0.241604
0.269073
0.287536
0.299217
0.306169
0.309806
0.311167
0.311126
-0.045486
-0.0463531
-0.047595
-0.0469385
-0.0424454
-0.0327146
-0.016313
0.00831991
0.0429617
0.0886443
0.137443
0.17779
0.207426
0.227927
0.241421
0.249807
0.254527
0.256716
0.257438
0.257326
-0.00508195
-0.00594406
-0.007825
-0.00884749
-0.0074018
-0.00206369
0.0087172
0.0264582
0.0525175
0.0876557
0.125392
0.156383
0.178957
0.194518
0.204581
0.210547
0.213683
0.214989
0.215338
0.215213
0.0194718
0.0188689
0.0173478
0.0162366
0.016843
0.0201714
0.027386
0.0399388
0.0592269
0.0859588
0.114997
0.138868
0.156099
0.167673
0.174932
0.179161
0.18129
0.182061
0.182203
0.182095
0.0342664
0.0338912
0.0329201
0.0321454
0.0324951
0.0348151
0.0400757
0.0493366
0.063693
0.0838852
0.105987
0.124065
0.136981
0.145637
0.151056
0.154112
0.155557
0.156007
0.156052
0.155964
0.0435141
0.043283
0.0426813
0.0422128
0.0425059
0.0441531
0.04792
0.0547447
0.0655184
0.0807816
0.0975539
0.111306
0.121127
0.12764
0.131624
0.13383
0.134843
0.135126
0.135137
0.135065
0.0491343
0.0489887
0.0485993
0.048317
0.0485987
0.049882
0.0527176
0.0577891
0.065838
0.0773573
0.0900727
0.100465
0.107831
0.112673
0.115618
0.117225
0.117936
0.118109
0.118099
0.11804
0.0520648
0.0519689
0.0517008
0.051514
0.0517456
0.0527176
0.0548537
0.0586787
0.064743
0.0734224
0.0830133
0.0908502
0.0963976
0.100027
0.102213
0.103384
0.103883
0.103987
0.103967
0.10392
0.0529469
0.0528825
0.0527028
0.0525896
0.0527919
0.053546
0.0551631
0.0580402
0.0626085
0.0691592
0.0764037
0.0823106
0.0864731
0.0891792
0.0907945
0.0916474
0.0919974
0.0920552
0.0920315
0.0919927
0.0523153
0.0522701
0.0521504
0.0520864
0.0522604
0.0528483
0.0540834
0.0562637
0.059711
0.064648
0.0701045
0.0745478
0.077668
0.0796867
0.0808819
0.0815042
0.0817497
0.0817792
0.0817543
0.0817226
0.0505668
0.0505335
0.0504523
0.0504185
0.0505647
0.0510215
0.0519635
0.053614
0.056217
0.0599403
0.0640492
0.0673886
0.0697256
0.0712298
0.0721134
0.0725662
0.0727375
0.0727498
0.0727256
0.0726998
0.0479873
0.047962
0.0479046
0.0478866
0.0480053
0.0483584
0.0490763
0.0503266
0.0522908
0.0550965
0.0581868
0.0606921
0.0624391
0.0635584
0.0642106
0.0645398
0.0646585
0.0646593
0.0646366
0.0646158
0.0447792
0.0447596
0.044717
0.0447058
0.0447986
0.0450686
0.0456133
0.0465577
0.0480383
0.0501492
0.0524713
0.0543475
0.0556508
0.0564815
0.0569614
0.0571993
0.0572803
0.0572745
0.057254
0.0572371
0.0410925
0.0410771
0.0410439
0.041035
0.0411049
0.0413087
0.0417196
0.0424312
0.0435445
0.0451297
0.0468689
0.0482703
0.0492406
0.0498556
0.0502076
0.0503788
0.0504329
0.0504231
0.0504048
0.0503912
0.0370406
0.0370281
0.0370016
0.0369933
0.0370445
0.0371966
0.0375043
0.0380367
0.0388697
0.0400549
0.0413539
0.0423985
0.0431184
0.0435716
0.0438278
0.0439491
0.0439837
0.043972
0.0439561
0.0439453
0.0327109
0.0327007
0.0326789
0.0326705
0.0327065
0.0328179
0.0330453
0.0334406
0.0340606
0.0349423
0.035907
0.0366805
0.0372119
0.0375436
0.0377286
0.0378134
0.0378343
0.0378216
0.0378078
0.0377993
0.0281716
0.0281634
0.0281453
0.0281363
0.0281599
0.0282393
0.0284047
0.028695
0.0291517
0.0298017
0.0305113
0.0310786
0.0314663
0.0317066
0.0318392
0.0318981
0.0319098
0.0318974
0.0318856
0.0318788
0.0234746
0.0234679
0.0234525
0.023443
0.0234572
0.0235123
0.0236305
0.0238401
0.024171
0.0246426
0.0251578
0.025568
0.0258463
0.0260169
0.0261088
0.0261472
0.0261519
0.0261398
0.0261296
0.0261244
0.0186598
0.0186543
0.0186412
0.0186315
0.0186386
0.0186747
0.018756
0.0189024
0.0191352
0.0194681
0.0198315
0.0201205
0.0203156
0.0204336
0.0204951
0.0205184
0.0205178
0.0205058
0.0204968
0.0204927
0.0137585
0.0137541
0.0137426
0.0137327
0.0137341
0.0137558
0.0138083
0.0139052
0.0140609
0.0142842
0.014528
0.0147208
0.0148496
0.0149261
0.0149644
0.014977
0.0149733
0.0149623
0.0149546
0.0149516
0.00879395
0.00879039
0.00878079
0.0087718
0.00877017
0.00878112
0.00881122
0.00886858
0.00896156
0.00909443
0.00923945
0.00935345
0.00942913
0.00947364
0.00949481
0.00949969
0.00949419
0.00948422
0.00947777
0.00947558
0.00378299
0.00378158
0.00377787
0.00377125
0.00376594
0.0037657
0.00377357
0.00379124
0.00382183
0.00386841
0.00392807
0.0039842
0.00402403
0.00404893
0.0040619
0.00406581
0.0040625
0.00405613
0.00405039
0.00404757
-1.61425
-0.905625
-0.486052
-0.188628
0.040443
0.220274
0.370803
0.502818
0.643925
0.627856
-0.614122
-0.387365
-0.156956
0.0332893
0.191292
0.322662
0.432886
0.517831
0.556354
0.559412
-0.217771
-0.0773519
0.0698695
0.19798
0.307856
0.400317
0.474578
0.527481
0.560042
0.575362
0.0403509
0.133349
0.232824
0.32194
0.399208
0.464096
0.516044
0.555452
0.584508
0.601919
0.223498
0.287832
0.357599
0.421557
0.477569
0.525328
0.564835
0.596576
0.621471
0.639041
0.362861
0.410797
0.460698
0.509137
0.552235
0.58991
0.62201
0.648466
0.669618
0.686952
0.476234
0.51236
0.553982
0.593054
0.629043
0.661107
0.688798
0.711709
0.729724
0.746887
0.575551
0.60757
0.645153
0.680335
0.713022
0.742367
0.767623
0.788227
0.803577
0.820656
0.67202
0.705222
0.742795
0.77762
0.809362
0.837434
0.861212
0.88012
0.893317
0.910595
0.779334
0.816375
0.855796
0.891292
0.922431
0.949083
0.971091
0.988313
1.00033
1.01823
0.910734
0.950645
0.989634
1.02347
1.05212
1.07629
1.09638
1.1123
1.1244
1.14272
1.07328
1.10977
1.14233
1.16955
1.19276
1.21363
1.23257
1.24887
1.26278
1.28071
1.2588
1.28413
1.30424
1.32302
1.34092
1.35785
1.3739
1.3901
1.40736
1.42654
1.44601
1.457
1.46987
1.48455
1.4983
1.5105
1.52151
1.53294
1.54843
1.56791
1.62811
1.64162
1.64673
1.64775
1.64979
1.65731
1.67119
1.68889
1.70264
1.71398
1.89717
1.84662
1.79916
1.76765
1.75473
1.7593
1.78256
1.82766
1.89438
1.98852
0.321538
0.318613
0.312634
0.301895
0.289627
0.278576
0.269771
0.263223
0.258876
0.256928
0.257878
0.261446
0.267152
0.274994
0.285085
0.297059
0.309138
0.317646
0.322113
0.32417
0.249551
0.25624
0.261673
0.265568
0.266951
0.265592
0.262438
0.258929
0.256107
0.254725
0.255523
0.258104
0.261659
0.265367
0.267953
0.268098
0.265431
0.260707
0.25434
0.248441
0.238872
0.24202
0.245813
0.248759
0.25093
0.252482
0.253043
0.252543
0.251589
0.251064
0.251607
0.252886
0.254048
0.254283
0.253332
0.25156
0.249117
0.245716
0.241996
0.239702
0.232614
0.234237
0.237095
0.240079
0.242357
0.243918
0.245011
0.245751
0.246151
0.246418
0.246726
0.246939
0.246753
0.246106
0.244995
0.243239
0.240648
0.237601
0.235342
0.234299
0.22783
0.228738
0.231134
0.233874
0.23645
0.238707
0.240384
0.241484
0.242193
0.242671
0.243011
0.243038
0.242594
0.241541
0.239765
0.237463
0.234913
0.232248
0.230598
0.230186
0.226348
0.226781
0.228097
0.229724
0.231337
0.232836
0.234294
0.235661
0.236768
0.237556
0.237871
0.237661
0.236971
0.235948
0.23476
0.233364
0.23183
0.230353
0.229499
0.229331
0.22512
0.225337
0.226056
0.227047
0.228154
0.229442
0.230781
0.231998
0.233072
0.233928
0.234366
0.234293
0.233812
0.232986
0.23198
0.231064
0.230167
0.229362
0.228931
0.228852
0.223075
0.223183
0.223572
0.224208
0.224929
0.225693
0.226764
0.227886
0.22899
0.229958
0.230536
0.23062
0.230335
0.229844
0.229381
0.228884
0.228395
0.22797
0.22777
0.227727
0.220247
0.220307
0.220574
0.221049
0.221598
0.222403
0.223173
0.224119
0.225164
0.226216
0.226996
0.227363
0.227425
0.227349
0.226985
0.226736
0.22645
0.226196
0.226094
0.226075
0.217096
0.217131
0.217322
0.217684
0.218164
0.218783
0.219555
0.220505
0.221616
0.222827
0.223854
0.224485
0.224792
0.224887
0.224854
0.224742
0.224589
0.224465
0.224423
0.224411
0.213589
0.213622
0.213762
0.214044
0.214454
0.215017
0.215769
0.216749
0.21797
0.2194
0.220733
0.221676
0.222265
0.222601
0.222768
0.222828
0.222824
0.222806
0.222804
0.222795
0.209698
0.209732
0.209857
0.210108
0.2105
0.211071
0.211874
0.212966
0.214383
0.216123
0.217836
0.219129
0.219998
0.220564
0.22091
0.22111
0.221217
0.221273
0.221298
0.22129
0.205369
0.205401
0.205537
0.205797
0.206214
0.206842
0.207754
0.209028
0.210731
0.212881
0.215059
0.216757
0.217961
0.218772
0.219301
0.219633
0.219833
0.219946
0.219993
0.219985
0.200554
0.200591
0.200744
0.201043
0.201527
0.202266
0.203355
0.204898
0.206991
0.209674
0.212437
0.214639
0.216218
0.217298
0.218018
0.218482
0.218769
0.218933
0.218999
0.218991
0.19516
0.195205
0.195391
0.195754
0.196343
0.197247
0.198587
0.200499
0.20311
0.206479
0.209979
0.212785
0.214805
0.216205
0.217143
0.217753
0.218134
0.218353
0.21844
0.21843
0.18905
0.189107
0.189342
0.189796
0.190534
0.191668
0.193349
0.195751
0.199037
0.203285
0.207702
0.21125
0.213812
0.215592
0.216788
0.217567
0.218057
0.218337
0.218448
0.218436
0.182037
0.18211
0.182412
0.182994
0.183934
0.185375
0.18751
0.190557
0.194716
0.200081
0.205648
0.210112
0.213336
0.215576
0.217083
0.218066
0.218685
0.219039
0.219179
0.219163
0.173867
0.173962
0.174357
0.17511
0.176321
0.178171
0.180907
0.184798
0.190085
0.196867
0.203869
0.209465
0.213501
0.216302
0.218188
0.21942
0.220197
0.220643
0.220817
0.220796
0.164191
0.16432
0.164842
0.16583
0.167403
0.169796
0.17333
0.178334
0.185076
0.193651
0.202438
0.209427
0.214456
0.217945
0.220294
0.221833
0.222807
0.223367
0.223584
0.223556
0.152536
0.152715
0.153418
0.154726
0.156791
0.159941
0.164571
0.171017
0.179624
0.190457
0.201448
0.21014
0.216381
0.22071
0.223628
0.225545
0.226765
0.227471
0.227743
0.227706
0.138229
0.138485
0.139457
0.14122
0.143985
0.148185
0.154254
0.162655
0.173686
0.187344
0.201026
0.211775
0.219482
0.224836
0.228452
0.230835
0.232362
0.233255
0.2336
0.233554
0.120263
0.120651
0.122041
0.124488
0.128288
0.133995
0.142126
0.153122
0.167258
0.184408
0.201324
0.214522
0.223987
0.230587
0.235067
0.238029
0.239936
0.241061
0.241498
0.241446
0.0971137
0.0977429
0.0998162
0.103349
0.108776
0.11675
0.127779
0.142273
0.16038
0.181781
0.202506
0.218562
0.230103
0.238218
0.243784
0.247499
0.249906
0.25134
0.25191
0.251847
0.0663315
0.06744
0.0707257
0.0761454
0.0842618
0.0957212
0.110925
0.130113
0.153195
0.179641
0.204733
0.224037
0.237981
0.247918
0.254866
0.259607
0.262738
0.264627
0.265368
0.265289
0.0234297
0.0256599
0.0316489
0.0407816
0.0536335
0.0705755
0.091706
0.116975
0.146057
0.178264
0.20817
0.23103
0.247662
0.259734
0.268423
0.274574
0.278818
0.281495
0.282525
0.282402
-0.0398452
-0.0334415
-0.0210644
-0.00436575
0.0167022
0.0418327
0.0708422
0.103532
0.139479
0.177956
0.212926
0.239499
0.25899
0.273434
0.284195
0.292202
0.298057
0.302028
0.303602
0.303272
-0.115183
-0.104449
-0.0814081
-0.0535401
-0.0224565
0.0117861
0.0492555
0.0898573
0.133255
0.178859
0.219995
0.251456
0.274998
0.293006
0.307023
0.318087
0.326945
0.332512
0.334514
0.335216
-0.190819
-0.171177
-0.138371
-0.10076
-0.0603482
-0.0172636
0.0285051
0.0769131
0.127718
0.180436
0.227729
0.263994
0.29138
0.312674
0.329626
0.343326
0.354469
0.362407
0.366621
0.367453
-0.248538
-0.225677
-0.187122
-0.142534
-0.0946803
-0.0441019
0.00906514
0.0646396
0.12232
0.181604
0.234391
0.274601
0.304782
0.328057
0.346353
0.360912
0.372545
0.381019
0.385468
0.386433
-0.295023
-0.270186
-0.227566
-0.178021
-0.124695
-0.0682211
-0.00889141
0.0529314
0.116767
0.181928
0.239446
0.282828
0.314996
0.33946
0.358438
0.373352
0.385091
0.393704
0.398086
0.399042
-0.332938
-0.307439
-0.262042
-0.208631
-0.150977
-0.0897253
-0.0252699
0.0419112
0.111198
0.181716
0.243585
0.289765
0.323567
0.348927
0.368316
0.383338
0.395013
0.403583
0.407898
0.408792
-0.365624
-0.339685
-0.292135
-0.235738
-0.174572
-0.109323
-0.0404477
0.0314977
0.105757
0.181222
0.247092
0.295821
0.331095
0.357219
0.376943
0.392059
0.403707
0.412223
0.416538
0.417375
-0.3946
-0.368439
-0.319224
-0.260407
-0.196312
-0.127647
-0.054909
0.0212739
0.100051
0.180159
0.249947
0.30125
0.33803
0.364968
0.38508
0.400333
0.411985
0.420475
0.424785
0.425544
-0.420988
-0.394684
-0.344102
-0.283288
-0.216754
-0.145193
-0.069099
0.0109033
0.0939258
0.178576
0.252324
0.306323
0.344738
0.3726
0.39318
0.408632
0.420338
0.4288
0.433126
0.433757
-0.445659
-0.419134
-0.367427
-0.304934
-0.236328
-0.162255
-0.0831709
0.000314199
0.0873266
0.176405
0.254216
0.311125
0.351395
0.380357
0.401531
0.417263
0.429062
0.437526
0.441827
0.442315
-0.469018
-0.442259
-0.389595
-0.325702
-0.255298
-0.179028
-0.0973018
-0.0106656
0.080081
0.173525
0.255563
0.315669
0.358087
0.388383
0.410318
0.426436
0.438391
0.446864
0.451169
0.45155
-0.491414
-0.464374
-0.410879
-0.34584
-0.273894
-0.195722
-0.111657
-0.0221497
0.0721079
0.169839
0.256262
0.319887
0.364812
0.396745
0.419658
0.436302
0.448496
0.457008
0.46131
0.461612
-0.51305
-0.485706
-0.431531
-0.365463
-0.29219
-0.212375
-0.12626
-0.0341797
0.0633429
0.165226
0.256169
0.32366
0.371486
0.405424
0.429597
0.446957
0.459501
0.468126
0.472359
0.472647
-0.534037
-0.506373
-0.451619
-0.384623
-0.310221
-0.22901
-0.141121
-0.0467596
0.0537549
0.15962
0.255131
0.326797
0.377948
0.41431
0.440088
0.458414
0.471466
0.480269
0.484455
0.484737
-0.554423
-0.526352
-0.471142
-0.403331
-0.327995
-0.245604
-0.156208
-0.059863
0.0433423
0.152964
0.253007
0.329078
0.38396
0.423214
0.451025
0.470627
0.484414
0.493515
0.497629
0.497843
-0.574133
-0.545785
-0.490062
-0.421587
-0.345464
-0.262105
-0.17146
-0.073431
0.0321459
0.145225
0.249668
0.330244
0.389232
0.431905
0.462284
0.48354
0.498258
0.507743
0.511812
0.511881
-0.593221
-0.564581
-0.508341
-0.439325
-0.362576
-0.27844
-0.186799
-0.0873809
0.0202362
0.136411
0.244988
0.33003
0.393422
0.440095
0.473639
0.497066
0.512965
0.522865
0.526826
0.526674
-0.611519
-0.582664
-0.525973
-0.456511
-0.379264
-0.294529
-0.202127
-0.101615
0.00770314
0.12657
0.238902
0.328232
0.396114
0.447217
0.48466
0.511016
0.528484
0.538698
0.542335
0.541939
-0.629124
-0.59999
-0.542919
-0.47308
-0.395455
-0.310297
-0.217345
-0.116013
-0.00535283
0.115791
0.231427
0.324693
0.396844
0.452533
0.494716
0.525197
0.545115
0.555373
0.557954
0.557186
-0.645882
-0.616535
-0.559137
-0.488983
-0.411087
-0.325665
-0.232369
-0.130477
-0.0187876
0.104198
0.222592
0.319308
0.395288
0.455312
0.502813
0.538981
0.563376
0.574083
0.573559
0.571476
-0.66196
-0.632271
-0.574561
-0.504168
-0.426104
-0.340554
-0.247086
-0.144868
-0.0324511
0.0919374
0.212497
0.311996
0.391291
0.454958
0.507508
0.550659
0.582937
0.598508
0.593403
0.572932
-0.677213
-0.647253
-0.589327
-0.518802
-0.44077
-0.355274
-0.2619
-0.15966
-0.046893
0.078441
0.200553
0.302075
0.384214
0.450426
0.506475
0.556447
0.599592
0.625148
0.61554
0.63129
-0.691816
-0.661492
-0.603384
-0.532837
-0.455027
-0.369755
-0.27678
-0.174804
-0.0620907
0.0636714
0.186673
0.289207
0.373435
0.441088
0.495959
0.548191
0.590052
0.618951
0.566589
0.530007
-0.706325
-0.675275
-0.616464
-0.545863
-0.468443
-0.383602
-0.291526
-0.190056
-0.0777653
0.0478813
0.171004
0.273471
0.358466
0.427221
0.473985
0.5171
0.54756
0.531154
0.460152
0.408245
-0.72113
-0.688379
-0.628075
-0.557672
-0.480802
-0.396766
-0.30585
-0.20529
-0.0938532
0.0311243
0.15355
0.254838
0.338815
0.410301
0.452037
0.463088
0.454542
0.397403
0.312504
0.260223
-0.366225
-0.270857
-0.166181
-0.0491241
0.0757727
0.187036
0.274098
0.0788033
-0.733159
-0.712702
-0.679046
-0.618707
-0.546899
-0.468085
-0.38221
-0.288681
-0.185644
-0.0703877
0.0531356
0.162252
0.246176
0.312746
0.356305
0.319375
0.152989
0.0439968
-0.0413324
-0.746138
-0.733056
-0.691553
-0.630242
-0.558538
-0.480361
-0.395719
-0.303536
-0.202186
-0.0887515
0.0323927
0.13714
0.214398
0.267438
0.263738
0.135562
-0.061629
-0.204014
-0.323823
-0.764036
-0.751258
-0.706908
-0.64483
-0.573267
-0.495606
-0.411778
-0.320913
-0.22147
-0.110069
0.00824642
0.10721
0.175239
0.212744
0.151695
-0.0593967
-0.296799
-0.482933
-0.651016
-0.781197
-0.768301
-0.722797
-0.659661
-0.588234
-0.511201
-0.428525
-0.339467
-0.242179
-0.133016
-0.0174183
0.0761127
0.13326
0.147263
0.0303167
-0.258329
-0.552322
-0.812219
-1.06454
-0.796808
-0.784516
-0.738492
-0.67462
-0.603363
-0.527023
-0.445667
-0.358663
-0.263789
-0.157153
-0.0444086
0.0435089
0.0895713
0.0696225
-0.122202
-0.448467
-0.792527
-1.13063
-1.43851
-0.811697
-0.800012
-0.754047
-0.68999
-0.618989
-0.543375
-0.463407
-0.37848
-0.286236
-0.182515
-0.0725255
0.00914899
0.0429574
-0.0208137
-0.276658
-0.613748
-0.972791
-1.32761
-1.56423
-1.66856
-0.826764
-0.81545
-0.769691
-0.705792
-0.635221
-0.560503
-0.482156
-0.399708
-0.310659
-0.210103
-0.102444
-0.0266726
-0.0084583
-0.118699
-0.425223
-0.75562
-1.07799
-1.36179
-1.48747
-1.51949
-0.841911
-0.83104
-0.785506
-0.721872
-0.651878
-0.578294
-0.501902
-0.422433
-0.337315
-0.240595
-0.135194
-0.0638884
-0.0643873
-0.214272
-0.56587
-0.886139
-1.14985
-1.36141
-1.44546
-1.44331
-0.857356
-0.846677
-0.801343
-0.737998
-0.668715
-0.596468
-0.522413
-0.446505
-0.366307
-0.27434
-0.170591
-0.102365
-0.11999
-0.324284
-0.699252
-1.02808
-1.23214
-1.31421
-1.3718
-1.39151
-0.872776
-0.86219
-0.816965
-0.753888
-0.685388
-0.614718
-0.543454
-0.472048
-0.39804
-0.312182
-0.209628
-0.141305
-0.175363
-0.452384
-0.838884
-1.19702
-1.35469
-1.30866
-1.38782
-1.42964
-0.887731
-0.877168
-0.831942
-0.769108
-0.701435
-0.632567
-0.564506
-0.498497
-0.432479
-0.35536
-0.253547
-0.179606
-0.23244
-0.580149
-1.00318
-1.42623
-1.79664
-1.71291
-1.616
-1.59019
-0.901436
-0.890951
-0.845673
-0.783062
-0.716245
-0.649425
-0.584908
-0.525396
-0.470342
-0.406146
-0.308037
-0.222997
-0.295563
-0.699612
-1.17004
-1.59215
-1.94809
-1.82798
-1.72306
-1.67937
-0.913251
-0.90283
-0.857432
-0.795031
-0.729039
-0.664188
-0.603815
-0.552172
-0.510939
-0.46753
-0.383605
-0.29157
-0.372873
-0.814638
-1.21629
-1.40338
-1.43032
-1.51028
-1.61171
-1.65689
-0.922369
-0.911868
-0.866353
-0.804113
-0.738998
-0.676017
-0.620064
-0.577641
-0.554837
-0.546168
-0.507233
-0.423436
-0.505104
-0.950106
-1.32338
-1.5151
-1.54822
-1.68246
-1.76819
-1.81567
-0.927702
-0.9171
-0.871363
-0.809259
-0.744811
-0.68362
-0.632086
-0.600119
-0.602559
-0.653503
-0.725463
-0.687339
-0.749351
-1.1667
-1.65838
-2.21876
-2.5111
-2.58288
-2.46263
-2.35866
-0.928105
-0.917411
-0.871415
-0.809373
-0.745349
-0.68552
-0.63789
-0.616868
-0.651136
-0.80057
-1.08128
-1.1457
-1.08465
-1.37586
-1.88957
-2.65667
-3.17807
-3.1862
-2.89809
-2.67021
-0.922631
-0.911799
-0.86554
-0.803403
-0.739422
-0.680159
-0.635054
-0.623487
-0.691634
-0.973724
-1.59077
-1.75809
-1.37085
-1.31098
-1.49888
-1.88722
-2.17685
-2.07042
-1.73263
-1.50563
-0.910713
-0.899599
-0.852914
-0.790433
-0.726011
-0.666136
-0.621296
-0.614638
-0.704561
-1.09882
-2.13343
-2.31047
-1.44511
-0.793809
-0.290491
-0.00263102
0.133334
0.304805
0.489721
0.582514
-0.891531
-0.880204
-0.833104
-0.769996
-0.704572
-0.642738
-0.594608
-0.582939
-0.670341
-1.07354
-2.18297
-2.2379
-1.0664
-0.100724
0.675977
1.2036
1.55553
1.72161
1.7861
1.80587
-0.864527
-0.853243
-0.805912
-0.742249
-0.675297
-0.610187
-0.555275
-0.52882
-0.578965
-0.856724
-1.56237
-1.35022
-0.390338
0.44873
1.09444
1.50929
1.762
1.88977
1.94748
1.96652
-0.829851
-0.818826
-0.771609
-0.707512
-0.639091
-0.570218
-0.506686
-0.459693
-0.454444
-0.550235
-0.744063
-0.402687
0.215306
0.776567
1.17176
1.43096
1.5936
1.69016
1.74468
1.76663
-0.787326
-0.776351
-0.730428
-0.666458
-0.59717
-0.525248
-0.453875
-0.387743
-0.333962
-0.295754
-0.200102
0.0804434
0.489956
0.848764
1.09243
1.25879
1.37134
1.44715
1.4953
1.51185
-0.733272
-0.722574
-0.68139
-0.619006
-0.550086
-0.477091
-0.400851
-0.321922
-0.238363
-0.136438
0.0300193
0.279395
0.547299
0.778104
0.946411
1.06777
1.15557
1.21942
1.25955
1.27656
-0.668793
-0.660094
-0.620938
-0.563378
-0.497599
-0.426056
-0.349015
-0.265011
-0.169134
-0.0476695
0.122017
0.324578
0.513324
0.670371
0.79107
0.882489
0.95161
1.00288
1.03561
1.05281
-0.587669
-0.583222
-0.550647
-0.49777
-0.43732
-0.370977
-0.297782
-0.215427
-0.11972
-0.000946699
0.149308
0.30807
0.444117
0.553417
0.637992
0.702916
0.753232
0.791443
0.817552
0.82932
-0.478192
-0.475702
-0.45544
-0.414726
-0.365438
-0.309411
-0.245755
-0.172561
-0.0857652
0.0203493
0.148307
0.276805
0.382663
0.465843
0.529145
0.576341
0.610895
0.636403
0.654917
0.663186
-0.359735
-0.359417
-0.348243
-0.320699
-0.285065
-0.242603
-0.191795
-0.131131
-0.0575168
0.033035
0.140254
0.244153
0.327664
0.391775
0.439189
0.473235
0.497243
0.513629
0.523026
0.526277
-0.246907
-0.247255
-0.241509
-0.225877
-0.203356
-0.174252
-0.137079
-0.090063
-0.0307538
0.0436227
0.131292
0.21452
0.279993
0.329153
0.36451
0.388991
0.405218
0.41528
0.420814
0.422808
-0.148734
-0.149578
-0.147712
-0.140632
-0.128571
-0.110864
-0.0858474
-0.0515477
-0.00589071
0.0531724
0.123473
0.189739
0.240883
0.27836
0.304682
0.322245
0.333243
0.339645
0.3428
0.343667
-0.0734263
-0.074256
-0.074893
-0.0735084
-0.0688664
-0.059094
-0.0429026
-0.0186716
0.0156178
0.0613753
0.116592
0.168553
0.208205
0.2368
0.256246
0.26876
0.276347
0.280527
0.282309
0.282709
-0.0225582
-0.0231982
-0.0246393
-0.026172
-0.0252789
-0.0205557
-0.0104421
0.00654021
0.0318758
0.0669652
0.10987
0.15023
0.180669
0.202232
0.216772
0.226022
0.231364
0.233964
0.234973
0.235135
0.00896476
0.00853352
0.00722097
0.00549111
0.00519401
0.00753139
0.0137342
0.0253583
0.0439168
0.0704766
0.103453
0.134516
0.157901
0.174382
0.185215
0.19181
0.195478
0.197186
0.197714
0.197762
0.0278878
0.0276104
0.0267279
0.0254524
0.0250743
0.0265733
0.030907
0.0391775
0.0526942
0.0726012
0.0977895
0.121624
0.139391
0.151658
0.159614
0.164431
0.167013
0.168102
0.168353
0.168351
0.039518
0.0393324
0.0387923
0.0379912
0.0377505
0.0387635
0.0418276
0.0479172
0.0580254
0.0729983
0.0920541
0.110111
0.123542
0.132838
0.138829
0.142359
0.144185
0.144907
0.145034
0.145017
0.0467719
0.0466474
0.0463096
0.0458113
0.0457179
0.0465213
0.0487791
0.0532229
0.0607117
0.0719843
0.0864429
0.100179
0.110375
0.117343
0.121766
0.124345
0.125655
0.126144
0.126207
0.126184
0.0509397
0.0508551
0.0506311
0.0502979
0.0502655
0.0508992
0.0526237
0.0559826
0.0616059
0.0700736
0.0809824
0.0913464
0.09901
0.104234
0.107535
0.109436
0.110377
0.110705
0.110728
0.110704
0.0527591
0.0526993
0.0525478
0.0523222
0.0523228
0.0528177
0.0541186
0.0566399
0.0608739
0.067261
0.075497
0.0833257
0.0891031
0.0930233
0.0954782
0.0968751
0.0975516
0.097772
0.0977724
0.097749
0.0528181
0.0527739
0.0526727
0.0525267
0.0525534
0.0529516
0.0539528
0.0558656
0.0590591
0.0638717
0.0700833
0.0759822
0.080323
0.0832538
0.0850778
0.0861047
0.086591
0.0867367
0.0867243
0.086702
0.0515808
0.0515469
0.0514774
0.0513831
0.0514213
0.0517383
0.0525075
0.0539607
0.0563745
0.060006
0.0646865
0.0691267
0.0723861
0.0745774
0.0759329
0.076688
0.077038
0.0771342
0.0771161
0.0770957
0.049383
0.0493566
0.0493071
0.0492449
0.0492852
0.0495359
0.0501268
0.0512308
0.0530554
0.0557944
0.0593203
0.062659
0.0651025
0.0667386
0.0677444
0.0682988
0.0685493
0.068611
0.0685898
0.0685714
0.046464
0.0464433
0.0464062
0.0463627
0.0463987
0.0465942
0.047046
0.0478827
0.0492614
0.0513249
0.0539781
0.0564838
0.0583132
0.0595326
0.0602771
0.0606828
0.0608614
0.0608996
0.0608782
0.0608622
0.042997
0.0429806
0.042952
0.0429197
0.0429482
0.0430973
0.0434396
0.0440719
0.0451101
0.0466631
0.0486554
0.0505341
0.0518995
0.0528064
0.0533568
0.0536529
0.0537789
0.0538006
0.0537795
0.0537657
0.0391131
0.0391002
0.0390776
0.039052
0.0390725
0.0391841
0.039441
0.0399158
0.0406953
0.0418596
0.043352
0.044755
0.0457729
0.046445
0.0468497
0.0470645
0.0471524
0.0471629
0.0471433
0.0471316
0.0349116
0.0349016
0.0348834
0.0348622
0.0348753
0.0349567
0.0351472
0.0355012
0.0360832
0.0369526
0.0380654
0.0391094
0.0398641
0.0403603
0.0406562
0.0408103
0.0408704
0.0408737
0.0408559
0.0408459
0.0304685
0.0304607
0.0304457
0.0304275
0.0304347
0.0304927
0.0306321
0.0308931
0.0313236
0.0319677
0.0327918
0.0335641
0.0341196
0.0344821
0.034696
0.0348053
0.0348452
0.0348435
0.0348276
0.0348193
0.0258431
0.0258369
0.0258245
0.0258085
0.0258108
0.0258506
0.0259504
0.0261401
0.0264549
0.0269261
0.0275286
0.0280921
0.0284958
0.0287577
0.0289107
0.0289869
0.0290123
0.0290077
0.0289937
0.0289868
0.0210824
0.0210776
0.0210672
0.021053
0.0210516
0.0210772
0.0211462
0.0212801
0.0215045
0.0218424
0.0222752
0.0226788
0.0229672
0.0231525
0.0232588
0.0233094
0.0233236
0.0233167
0.023304
0.0232981
0.0162201
0.0162165
0.0162078
0.016195
0.0161908
0.0162056
0.0162507
0.0163416
0.0164956
0.0167284
0.017028
0.0173067
0.0175049
0.017631
0.0177014
0.0177329
0.0177392
0.0177308
0.0177195
0.0177146
0.0112835
0.0112808
0.0112738
0.0112628
0.011257
0.0112637
0.0112908
0.0113482
0.0114468
0.0115961
0.0117873
0.0119652
0.0120904
0.0121688
0.0122116
0.0122293
0.0122302
0.0122217
0.0122124
0.0122085
0.00629461
0.00629303
0.00628769
0.00627861
0.00627267
0.00627421
0.00628726
0.00631656
0.00636803
0.00644668
0.00654732
0.00664102
0.00670702
0.00674855
0.00677049
0.00677793
0.00677556
0.00676757
0.00675984
0.00675714
0.00378221
0.00378031
0.00377463
0.00376829
0.00376488
0.00376859
0.003781
0.0038047
0.00384301
0.00389806
0.00395823
0.00400611
0.00403819
0.00405673
0.00406492
0.00406484
0.00405953
0.00405285
0.00404901
0.0013459
-1.25949
-0.783412
-0.445747
-0.180889
0.0301218
0.20143
0.342897
0.464936
0.554133
0.558009
-0.544717
-0.316943
-0.119942
0.047709
0.190541
0.311306
0.412284
0.491504
0.541406
0.560641
-0.160724
-0.0266147
0.0995106
0.21285
0.311887
0.396485
0.466059
0.519185
0.55659
0.579502
0.0834271
0.171376
0.257825
0.337791
0.40797
0.468296
0.518402
0.558249
0.589112
0.609649
0.257817
0.316378
0.380916
0.439593
0.491513
0.536865
0.575602
0.607634
0.633448
0.650618
0.392534
0.435404
0.485514
0.53008
0.571216
0.607928
0.640002
0.667039
0.68904
0.703054
0.503191
0.539412
0.579966
0.617914
0.653313
0.685575
0.714053
0.738026
0.757271
0.768562
0.602842
0.6366
0.674084
0.710267
0.743766
0.77418
0.80083
0.823005
0.840148
0.849334
0.702878
0.739153
0.777792
0.814996
0.848427
0.878016
0.903291
0.923879
0.939287
0.947672
0.81883
0.860038
0.90036
0.938267
0.971025
0.998887
1.02213
1.04091
1.055
1.06437
0.964592
1.00782
1.04613
1.08036
1.10896
1.13326
1.15429
1.17204
1.18616
1.19748
1.1436
1.1815
1.20987
1.23455
1.25587
1.27547
1.294
1.31136
1.32744
1.3421
1.342
1.36319
1.37831
1.39434
1.41078
1.42623
1.4401
1.4535
1.4691
1.48751
1.53299
1.5402
1.55086
1.56257
1.5726
1.58186
1.59221
1.6034
1.6151
1.62402
1.74626
1.74803
1.7401
1.72362
1.71267
1.71226
1.72444
1.7491
1.78322
1.80775
2.16596
1.9721
1.87113
1.81339
1.78418
1.77757
1.79285
1.83366
1.90957
2.05257
-0.700327
-0.705762
-0.668328
-0.605947
-0.533575
-0.453645
0.350433
0.425303
0.427217
0.347093
0.266028
0.181437
-0.12714
-0.442437
-0.834942
-1.36354
-2.03287
)
;

boundaryField
{
    wall-4
    {
        type            zeroGradient;
    }
    pressure-outlet-7
    {
        type            fixedValue;
        value           uniform 0;
    }
    velocity-inlet-6
    {
        type            zeroGradient;
    }
    velocity-inlet-5
    {
        type            zeroGradient;
    }
    frontAndBackPlanes
    {
        type            empty;
    }
}


// ************************************************************************* //
