/*--------------------------------*- C++ -*----------------------------------*\
  =========                 |
  \\      /  F ield         | OpenFOAM: The Open Source CFD Toolbox
   \\    /   O peration     | Website:  https://openfoam.org
    \\  /    A nd           | Version:  9
     \\/     M anipulation  |
\*---------------------------------------------------------------------------*/
FoamFile
{
    format      ascii;
    class       volScalarField;
    location    "43";
    object      p;
}
// * * * * * * * * * * * * * * * * * * * * * * * * * * * * * * * * * * * * * //

dimensions      [0 2 -2 0 0 0 0];

internalField   nonuniform List<scalar> 
8800
(
0.91395
0.866162
0.827469
0.798469
0.777598
0.762756
0.752145
0.744648
0.739804
0.737714
0.738943
0.7431
0.749721
0.759017
0.771783
0.789506
0.814277
0.848213
0.890758
0.94946
0.745208
0.752886
0.760353
0.763658
0.76215
0.757064
0.750567
0.744474
0.739727
0.736853
0.736535
0.739003
0.743461
0.749382
0.756133
0.762401
0.766032
0.765291
0.759864
0.751169
0.723624
0.729782
0.733906
0.736843
0.738884
0.739477
0.738355
0.736229
0.734185
0.73324
0.734159
0.736502
0.739271
0.741429
0.742018
0.740805
0.738452
0.735051
0.730489
0.726728
0.717841
0.72049
0.723236
0.725632
0.727257
0.728405
0.729128
0.729221
0.728894
0.7288
0.729504
0.730632
0.731435
0.731471
0.73084
0.729731
0.727902
0.725321
0.722912
0.721408
0.712497
0.713921
0.715694
0.717716
0.719488
0.720813
0.721781
0.722549
0.723125
0.72364
0.724235
0.724679
0.724735
0.724412
0.723687
0.722416
0.720702
0.71884
0.717526
0.716694
0.707469
0.708388
0.709622
0.711178
0.712797
0.714303
0.715563
0.716596
0.717515
0.718349
0.71897
0.719234
0.719138
0.718654
0.717736
0.716507
0.715155
0.713877
0.713047
0.712496
0.702622
0.703291
0.704246
0.705537
0.70693
0.708367
0.709778
0.71106
0.712205
0.713241
0.713978
0.714266
0.714113
0.713545
0.712691
0.711704
0.710659
0.709712
0.709118
0.708714
0.697914
0.69843
0.699206
0.700324
0.701583
0.702933
0.704345
0.705771
0.707136
0.708386
0.709289
0.709658
0.709543
0.709081
0.708415
0.707638
0.70682
0.706108
0.705664
0.705349
0.693277
0.693687
0.694335
0.695328
0.696514
0.697813
0.699219
0.700721
0.702267
0.703759
0.704876
0.705405
0.705453
0.705185
0.70472
0.704136
0.703509
0.70298
0.702644
0.702389
0.688628
0.688962
0.689521
0.690434
0.691569
0.692849
0.694281
0.695868
0.69758
0.699333
0.700731
0.701517
0.701809
0.701764
0.701502
0.701118
0.700665
0.700285
0.700033
0.699822
0.683886
0.684162
0.68466
0.685526
0.68664
0.68794
0.689436
0.691146
0.693061
0.695113
0.696867
0.697989
0.698574
0.69878
0.698736
0.698549
0.698268
0.698016
0.697829
0.697648
0.678968
0.679199
0.679657
0.680508
0.681642
0.683005
0.684608
0.686493
0.688675
0.691097
0.693291
0.694817
0.69574
0.696232
0.696426
0.696433
0.696319
0.696181
0.696048
0.69589
0.673795
0.67399
0.674429
0.675292
0.676488
0.677957
0.679722
0.681853
0.684384
0.687284
0.690011
0.692011
0.693322
0.694131
0.69459
0.694798
0.694852
0.69482
0.694734
0.694592
0.668275
0.66844
0.668875
0.669782
0.671081
0.672705
0.674695
0.677146
0.680121
0.683618
0.686995
0.689562
0.691334
0.69251
0.693263
0.693711
0.693933
0.693999
0.693951
0.693822
0.662303
0.662442
0.662889
0.663867
0.665314
0.667153
0.66944
0.672298
0.675823
0.68005
0.684224
0.687483
0.689809
0.691417
0.692507
0.693213
0.69362
0.693788
0.693778
0.693657
0.655764
0.655878
0.656349
0.657427
0.65907
0.66119
0.663861
0.66724
0.671466
0.676594
0.681739
0.685829
0.688812
0.690927
0.692405
0.693407
0.694025
0.6943
0.694326
0.69421
0.648493
0.648583
0.649092
0.650306
0.6522
0.654676
0.657841
0.661888
0.666991
0.673236
0.67956
0.684646
0.688404
0.691123
0.693072
0.694411
0.695263
0.695653
0.695714
0.695599
0.640279
0.640366
0.640927
0.642288
0.6445
0.647439
0.651232
0.656113
0.662314
0.669944
0.677694
0.683969
0.688652
0.69209
0.694607
0.696355
0.697471
0.697986
0.698084
0.697968
0.630833
0.630897
0.631539
0.633111
0.635738
0.639266
0.643848
0.649776
0.657324
0.66663
0.676126
0.683853
0.689652
0.693945
0.697134
0.699371
0.700807
0.701464
0.701598
0.701476
0.619795
0.619842
0.620577
0.62245
0.625603
0.629891
0.635495
0.64278
0.652063
0.66347
0.675044
0.684447
0.691543
0.696851
0.700814
0.703637
0.705436
0.706248
0.706417
0.706287
0.606631
0.60666
0.607536
0.609805
0.613656
0.618941
0.625872
0.634884
0.646314
0.660266
0.674347
0.685769
0.694403
0.700905
0.705805
0.709316
0.711534
0.712515
0.712717
0.712574
0.590591
0.590611
0.591694
0.59451
0.59931
0.605948
0.614663
0.625945
0.640119
0.657197
0.67423
0.68796
0.698354
0.706229
0.712226
0.716549
0.719246
0.720405
0.720629
0.720466
0.570515
0.570536
0.57195
0.575604
0.581794
0.590361
0.601546
0.615849
0.633499
0.654354
0.674816
0.691163
0.703542
0.712979
0.720173
0.725417
0.728627
0.729955
0.730185
0.729995
0.54458
0.544627
0.546624
0.551665
0.56004
0.571462
0.586135
0.604457
0.62646
0.651804
0.676179
0.695444
0.709988
0.721139
0.729671
0.735908
0.739628
0.741095
0.74131
0.741086
0.509749
0.509908
0.513119
0.520755
0.532876
0.548705
0.568391
0.592029
0.6194
0.649945
0.678631
0.701001
0.717837
0.730773
0.740725
0.747946
0.752102
0.753637
0.75381
0.753551
0.460264
0.461253
0.467707
0.48069
0.499345
0.522009
0.548608
0.578956
0.612652
0.649
0.682291
0.707884
0.72705
0.741809
0.75322
0.761346
0.765798
0.767299
0.767398
0.767103
0.387202
0.394486
0.40951
0.432514
0.460893
0.492703
0.527776
0.565897
0.606667
0.649388
0.687695
0.716832
0.738629
0.755463
0.768505
0.77756
0.782337
0.783858
0.783941
0.783687
0.308395
0.32559
0.349965
0.383607
0.422141
0.463266
0.50693
0.553079
0.601406
0.651313
0.695731
0.729463
0.754734
0.774304
0.789496
0.799794
0.804861
0.80631
0.806436
0.80634
0.242857
0.263104
0.295269
0.337834
0.385308
0.435222
0.487212
0.541226
0.596958
0.65383
0.704072
0.742108
0.770618
0.79269
0.809674
0.820682
0.825835
0.827557
0.827732
0.827697
0.189164
0.211101
0.248744
0.297725
0.352238
0.409534
0.46888
0.530111
0.592794
0.656286
0.712018
0.754042
0.78545
0.809655
0.828082
0.840193
0.84624
0.847821
0.848048
0.84809
0.144359
0.167459
0.208867
0.262925
0.32314
0.386517
0.452164
0.519789
0.58881
0.658443
0.719302
0.764981
0.799001
0.825203
0.845112
0.858114
0.864641
0.866365
0.866683
0.866731
0.10614
0.12992
0.17417
0.23223
0.297211
0.365759
0.436878
0.51017
0.584926
0.660208
0.725786
0.774821
0.811226
0.839153
0.86014
0.87388
0.880805
0.882884
0.88328
0.883341
0.0725092
0.0967558
0.143248
0.204595
0.273578
0.346608
0.422569
0.500951
0.580936
0.661424
0.731384
0.783501
0.822019
0.851291
0.873039
0.887244
0.894556
0.896985
0.89747
0.897531
0.0419918
0.0666528
0.11498
0.17913
0.251559
0.328505
0.408792
0.491799
0.576605
0.661974
0.736075
0.791082
0.831456
0.861792
0.884043
0.89859
0.906183
0.908881
0.909449
0.909504
0.0136581
0.0387066
0.0886389
0.155167
0.230632
0.311045
0.395213
0.482445
0.571754
0.661769
0.739877
0.797656
0.839742
0.870995
0.893638
0.908468
0.916282
0.919133
0.919697
0.91972
-0.0132563
0.0122179
0.063645
0.132257
0.210411
0.293928
0.381601
0.47272
0.566256
0.66075
0.742812
0.80333
0.847052
0.879139
0.902176
0.917178
0.925104
0.928036
0.928617
0.928604
-0.0390659
-0.0131568
0.0393979
0.110085
0.190649
0.276955
0.367811
0.46251
0.560033
0.658884
0.744897
0.808185
0.853565
0.886507
0.90994
0.925112
0.933074
0.935995
0.936605
0.936589
-0.0641502
-0.0376686
0.0159479
0.0884581
0.171181
0.259999
0.353747
0.451749
0.553032
0.656121
0.746121
0.812283
0.859425
0.893316
0.917198
0.932523
0.940496
0.943362
0.943896
0.943838
-0.088599
-0.0617147
-0.00690165
0.0672378
0.151918
0.242999
0.339367
0.440409
0.545221
0.652422
0.746459
0.815659
0.864739
0.899709
0.924101
0.939571
0.947486
0.950252
0.95069
0.950567
-0.112497
-0.0850913
-0.0292488
0.0463728
0.132824
0.225937
0.324666
0.428481
0.536588
0.647746
0.745856
0.818311
0.869573
0.905797
0.930742
0.946292
0.954036
0.956613
0.956937
0.956765
-0.135941
-0.107959
-0.0511193
0.0258624
0.113895
0.208828
0.309674
0.416
0.527139
0.642056
0.744243
0.820192
0.873969
0.911686
0.937233
0.952763
0.960208
0.9625
0.962707
0.962501
-0.158924
-0.130292
-0.0725189
0.00571773
0.0951765
0.191712
0.294442
0.403012
0.516904
0.635329
0.741548
0.821221
0.877909
0.917476
0.943737
0.959084
0.96601
0.967917
0.967994
0.967766
-0.181276
-0.152038
-0.0933754
-0.0140225
0.0767062
0.174659
0.279035
0.389591
0.50594
0.627581
0.737698
0.821285
0.881316
0.923245
0.950491
0.96548
0.971522
0.972848
0.972778
0.972547
-0.202971
-0.173155
-0.11366
-0.0332994
0.0585439
0.157729
0.263544
0.375817
0.494321
0.618839
0.732643
0.820247
0.884041
0.928979
0.957795
0.972435
0.977044
0.97734
0.977039
0.976858
-0.22407
-0.193603
-0.133345
-0.0520769
0.0407552
0.141005
0.248054
0.361788
0.482138
0.609167
0.726341
0.817957
0.885853
0.934487
0.965856
0.980774
0.983552
0.981844
0.980849
0.98093
-0.244404
-0.213363
-0.152372
-0.0702922
0.0233992
0.12457
0.232659
0.347615
0.469504
0.598662
0.718789
0.814258
0.886452
0.939323
0.974443
0.99134
0.993192
0.988675
0.985386
0.984731
-0.264065
-0.232426
-0.170761
-0.0879765
0.0064395
0.108374
0.217298
0.333233
0.456345
0.587247
0.709853
0.808878
0.885505
0.942846
0.982657
1.00405
1.00813
1.00277
0.993387
0.978103
-0.282985
-0.250785
-0.188636
-0.105332
-0.0104178
0.0920782
0.201547
0.31815
0.442116
0.574273
0.698868
0.801002
0.882367
0.944111
0.98832
1.01578
1.02313
1.01173
0.992444
0.978763
-0.300991
-0.268584
-0.205806
-0.122137
-0.0268373
0.0760306
0.185634
0.302694
0.427127
0.560011
0.685946
0.790224
0.876371
0.941983
0.986699
1.01371
1.02469
1.00332
0.934724
0.90346
-0.317426
-0.287065
-0.221945
-0.137841
-0.0420691
0.0607334
0.169866
0.287092
0.411597
0.544591
0.671043
0.776304
0.866298
0.935978
0.973302
0.993341
0.988678
0.936931
0.867592
0.824708
-0.373532
-0.303354
-0.236657
-0.153526
-0.0576997
0.0447346
0.154178
0.271064
0.395161
0.527572
0.653592
0.75874
0.848541
0.925143
0.931255
0.939602
0.897079
0.830015
0.754207
0.711827
-0.335285
-0.319192
-0.258486
-0.174973
-0.08055
0.021738
0.130227
0.246454
0.369492
0.500284
0.623967
0.726969
0.808342
0.887518
0.879388
0.772229
0.669978
0.598751
0.526298
0.558564
-0.366627
-0.337227
-0.275593
-0.192851
-0.09842
0.00366354
0.112417
0.22802
0.349987
0.478916
0.599646
0.698462
0.771652
0.813234
0.767594
0.623917
0.498909
0.409125
0.310934
0.362588
-0.390841
-0.358517
-0.295667
-0.212748
-0.118232
-0.0162294
0.0924606
0.207249
0.327815
0.454306
0.571268
0.66426
0.728326
0.737207
0.634321
0.464232
0.31345
0.195835
0.0649242
0.0986082
-0.414562
-0.380687
-0.316682
-0.232911
-0.138258
-0.0363698
0.0718374
0.185687
0.304664
0.428378
0.540735
0.627093
0.67591
0.654112
0.499312
0.305056
0.115852
-0.0518254
-0.241362
-0.25844
-0.437685
-0.40336
-0.338487
-0.253986
-0.159153
-0.0574465
0.0501614
0.162962
0.280108
0.400691
0.507833
0.587003
0.617697
0.560891
0.371065
0.162292
-0.0543354
-0.243735
-0.487073
-0.792159
-0.46111
-0.426778
-0.361383
-0.27642
-0.181384
-0.0798001
0.0272865
0.139014
0.254236
0.371465
0.473189
0.544058
0.555884
0.448653
0.259756
0.0516734
-0.151725
-0.323514
-0.390788
-0.472647
-0.485786
-0.451392
-0.385717
-0.300552
-0.205451
-0.104075
0.00240298
0.112893
0.225885
0.339256
0.435172
0.495647
0.483452
0.342659
0.16116
-0.0276247
-0.188732
-0.280206
-0.303802
-0.320016
-0.512027
-0.477507
-0.411662
-0.32646
-0.231479
-0.130479
-0.0248426
0.0841148
0.194467
0.303339
0.392936
0.440198
0.4106
0.244231
0.0719221
-0.0914345
-0.216273
-0.254291
-0.267624
-0.268934
-0.540036
-0.505301
-0.439282
-0.354135
-0.259415
-0.159011
-0.0544625
0.0526355
0.159917
0.263702
0.346142
0.379665
0.332376
0.152832
-0.0102506
-0.156058
-0.23128
-0.247932
-0.249471
-0.24936
-0.569875
-0.534837
-0.468599
-0.383573
-0.289269
-0.189652
-0.0864504
0.0184491
0.122248
0.220404
0.294744
0.316573
0.234333
0.0688328
-0.0863439
-0.205688
-0.240396
-0.23987
-0.239597
-0.239096
-0.601264
-0.565942
-0.49951
-0.414681
-0.320945
-0.222336
-0.120762
-0.0184058
0.0815008
0.173535
0.239427
0.244744
0.142692
-0.00964417
-0.146766
-0.221004
-0.23085
-0.233165
-0.233745
-0.233523
-0.633655
-0.598165
-0.531757
-0.447229
-0.354246
-0.256893
-0.157228
-0.0577779
0.0378749
0.123408
0.1807
0.169422
0.0583405
-0.0766618
-0.191964
-0.221291
-0.230232
-0.231531
-0.23105
-0.230592
-0.666598
-0.630977
-0.564897
-0.480821
-0.388818
-0.292986
-0.195547
-0.0993494
-0.00831771
0.0706838
0.117734
0.095867
-0.0245287
-0.133242
-0.220157
-0.242615
-0.23229
-0.231072
-0.231076
-0.230696
-0.699217
-0.66368
-0.598072
-0.514852
-0.424108
-0.33012
-0.235241
-0.142593
-0.0565693
0.0160839
0.0530087
0.0262579
-0.106206
-0.185381
-0.213757
-0.229823
-0.233299
-0.23254
-0.232209
-0.232223
-0.729966
-0.695104
-0.630332
-0.548409
-0.459339
-0.367572
-0.275622
-0.186762
-0.106006
-0.0396305
-0.00801723
-0.0497352
-0.185884
-0.264889
-0.227701
-0.250384
-0.24667
-0.237961
-0.234857
-0.23409
-0.757298
-0.723492
-0.660551
-0.580322
-0.493463
-0.40438
-0.315769
-0.230937
-0.155309
-0.0953873
-0.0655679
-0.123135
-0.264458
-0.411689
-0.382997
-0.33115
-0.287354
-0.263893
-0.253403
-0.249697
-0.779166
-0.747025
-0.686779
-0.609189
-0.525188
-0.439368
-0.354529
-0.273998
-0.203093
-0.149416
-0.121589
-0.176434
-0.299305
-0.586984
-0.691292
-0.466561
-0.358446
-0.321675
-0.303838
-0.295319
-0.793377
-0.763855
-0.707096
-0.633185
-0.553002
-0.471172
-0.390612
-0.314625
-0.248107
-0.199189
-0.171877
-0.183755
-0.20359
-0.280494
-0.379058
-0.344561
-0.351205
-0.351412
-0.346469
-0.345328
-0.797353
-0.771796
-0.719649
-0.650498
-0.575198
-0.498336
-0.422619
-0.351447
-0.288995
-0.243477
-0.20796
-0.153939
0.0375381
0.302268
0.107812
-0.168745
-0.308664
-0.34346
-0.354631
-0.357803
-0.789232
-0.768464
-0.722352
-0.659525
-0.590262
-0.519253
-0.449102
-0.383016
-0.325168
-0.282962
-0.234413
-0.194453
-0.0561123
0.127811
-0.0757537
-0.299702
-0.419448
-0.45636
-0.465569
-0.470167
-0.766687
-0.750705
-0.713421
-0.659042
-0.597123
-0.532783
-0.468636
-0.40783
-0.355705
-0.318401
-0.285669
-0.414564
-0.638486
-0.802912
-0.76321
-0.714495
-0.722457
-0.710635
-0.698693
-0.697768
-0.731748
-0.721213
-0.693264
-0.64908
-0.595593
-0.538392
-0.480117
-0.42434
-0.376796
-0.347404
-0.350316
-0.623119
-1.02765
-1.27052
-1.07515
-1.03344
-0.987207
-0.895192
-0.837324
-0.846106
-0.690319
-0.684317
-0.666313
-0.632081
-0.587224
-0.536395
-0.483098
-0.430237
-0.383811
-0.354302
-0.361049
-0.557935
-0.96183
-1.55818
-1.96905
-2.13264
-2.0217
-1.71694
-1.42453
-1.31942
-0.65118
-0.647732
-0.638309
-0.613128
-0.574837
-0.528639
-0.478007
-0.425207
-0.374284
-0.333948
-0.342874
-0.446687
-0.697442
-0.953098
-1.12232
-1.20981
-1.21373
-1.07173
-0.900989
-0.812271
-0.621329
-0.619249
-0.614587
-0.596877
-0.563284
-0.518579
-0.467473
-0.410551
-0.351737
-0.29583
-0.256273
-0.226733
-0.0961908
0.16034
0.453614
0.720931
0.923216
1.05646
1.14116
1.18164
-0.596873
-0.596067
-0.594829
-0.584859
-0.555492
-0.510199
-0.454969
-0.391389
-0.321138
-0.242158
-0.157981
-0.0474097
0.224413
0.668599
1.13265
1.54598
1.83097
1.99894
2.08076
2.10513
-0.581361
-0.580792
-0.58045
-0.575753
-0.551172
-0.504305
-0.443074
-0.371298
-0.287711
-0.194936
-0.088617
0.0267335
0.334548
0.795067
1.27943
1.71357
2.03204
2.2196
2.30575
2.33073
-0.571542
-0.571119
-0.570715
-0.56962
-0.550222
-0.50188
-0.433904
-0.354138
-0.262368
-0.160391
-0.0531589
0.0469437
0.288283
0.720862
1.16299
1.55566
1.84761
2.01621
2.09182
2.11327
-0.566241
-0.564897
-0.56305
-0.564025
-0.552274
-0.50312
-0.428076
-0.340661
-0.244977
-0.140223
-0.0383532
0.0644879
0.221279
0.593002
0.956963
1.2635
1.4942
1.62657
1.68683
1.70406
-0.574595
-0.572515
-0.571678
-0.574766
-0.564012
-0.50729
-0.422154
-0.32701
-0.228648
-0.12379
-0.0249991
0.0709002
0.194908
0.46248
0.74269
0.965505
1.13531
1.23551
1.28089
1.293
-0.595596
-0.596626
-0.60357
-0.606634
-0.585483
-0.508794
-0.408752
-0.30774
-0.20978
-0.109452
-0.0174444
0.067527
0.152415
0.327419
0.534008
0.700237
0.826863
0.900769
0.933518
0.941784
-0.58913
-0.598137
-0.610681
-0.611286
-0.573418
-0.481729
-0.376279
-0.277843
-0.186925
-0.0973144
-0.0149725
0.0586765
0.128483
0.247992
0.391715
0.509321
0.599736
0.653878
0.677795
0.68141
-0.482094
-0.491848
-0.503639
-0.501881
-0.466574
-0.392813
-0.310886
-0.231378
-0.156907
-0.0826763
-0.0119903
0.0495367
0.109715
0.179467
0.277717
0.361254
0.424227
0.461411
0.47569
0.476807
-0.289641
-0.295535
-0.303265
-0.305402
-0.290332
-0.25725
-0.215336
-0.168614
-0.118621
-0.0637023
-0.0106381
0.0365257
0.0811945
0.122267
0.184143
0.243867
0.288861
0.316261
0.327892
0.328049
-0.100585
-0.103521
-0.109858
-0.118918
-0.126262
-0.127439
-0.119986
-0.103701
-0.0788854
-0.0456809
-0.010675
0.0224706
0.0516231
0.0734155
0.113274
0.154311
0.184473
0.20202
0.207541
0.206663
0.0253978
0.023826
0.0179758
0.00457314
-0.0152197
-0.0341864
-0.0466706
-0.0502487
-0.0439418
-0.0285192
-0.00961195
0.00803995
0.0210891
0.0326382
0.0559903
0.0830901
0.103273
0.113562
0.116474
0.115102
0.0848323
0.0837246
0.0784906
0.0652138
0.0439537
0.0207782
0.00108623
-0.0119527
-0.0170183
-0.0145848
-0.00963324
-0.00680059
-0.00715098
-0.00104389
0.0163668
0.0332046
0.0441805
0.0483562
0.0492366
0.0480232
0.102539
0.101669
0.0975484
0.0868992
0.0693065
0.0487629
0.0290727
0.0129937
0.00210471
-0.00385294
-0.00887907
-0.0165689
-0.0254019
-0.0230579
-0.0104529
0.000304728
0.00538995
0.00634497
0.00576656
0.00487148
0.100338
0.099724
0.0968169
0.089179
0.0761726
0.0600355
0.043296
0.0280752
0.0155766
0.00537964
-0.00549867
-0.0191805
-0.0317951
-0.0292204
-0.0199525
-0.0147909
-0.0135819
-0.0148862
-0.0158451
-0.0164836
0.0903847
0.0899848
0.0880864
0.0830027
0.0740392
0.0623503
0.0494069
0.0366512
0.02495
0.0140044
0.00161573
-0.0140359
-0.0266859
-0.0224562
-0.0154647
-0.0132698
-0.0148754
-0.0172366
-0.0183133
-0.0188374
0.0784324
0.0781813
0.0770217
0.0738722
0.0681018
0.0601896
0.0509598
0.0414091
0.032078
0.0229806
0.0126334
0.000263846
-0.00812348
-0.00233679
0.00145597
0.000743161
-0.00221176
-0.00470372
-0.00563648
-0.0061015
0.0670061
0.0668434
0.066186
0.0644115
0.0610321
0.0561496
0.0501857
0.0438446
0.0377179
0.0322128
0.0272221
0.0220858
0.0205863
0.0264779
0.0274896
0.0243162
0.0208158
0.0187406
0.0179953
0.0175139
0.0571017
0.0570066
0.0566777
0.0558273
0.0541043
0.0514465
0.0481294
0.0446712
0.0418574
0.0408181
0.0429091
0.0469181
0.0520362
0.0573847
0.0560003
0.0521349
0.0491343
0.0479353
0.0475082
0.0469555
0.0488195
0.0487574
0.0486355
0.0483623
0.0477146
0.0466052
0.045216
0.0440706
0.0442123
0.047583
0.0567194
0.0706227
0.0844704
0.0884981
0.0837651
0.0792305
0.0775585
0.0775841
0.0773268
0.0765287
0.0417513
0.0417201
0.0417051
0.0417375
0.0417303
0.04158
0.0414666
0.0419606
0.0441974
0.0507256
0.0650117
0.0861702
0.105559
0.106598
0.100403
0.097433
0.097509
0.0990555
0.09906
0.0981243
0.0353797
0.0353706
0.0354124
0.0355673
0.0358186
0.0361476
0.0367519
0.0381401
0.0414183
0.0490983
0.0649322
0.0878788
0.107761
0.10822
0.104381
0.104667
0.106676
0.108991
0.108904
0.107835
0.0291448
0.0291536
0.0292242
0.0293982
0.0297474
0.0302187
0.0310364
0.0326259
0.0358718
0.0427439
0.0558524
0.0750088
0.0909533
0.0909458
0.0895658
0.093746
0.100253
0.104027
0.103878
0.102715
0.0226839
0.0226898
0.0227442
0.0228573
0.0231469
0.0236699
0.0244548
0.0258013
0.028257
0.0328056
0.0401662
0.049092
0.0556957
0.0558458
0.0614709
0.0711184
0.0796444
0.0832241
0.0832119
0.0822289
0.0159161
0.0159069
0.0159292
0.0159856
0.0162111
0.0166129
0.017157
0.0180366
0.0194535
0.0214637
0.0218583
0.0173223
0.00938454
0.01314
0.0272886
0.0417486
0.0507735
0.0539739
0.0537947
0.0530678
0.00887749
0.00885037
0.00887537
0.00891011
0.00897906
0.00920025
0.00950249
0.0100835
0.0108068
0.0108488
0.00686541
-0.00934677
-0.0231291
-0.0169906
0.000684879
0.0158072
0.0225218
0.024076
0.023768
0.0232973
0.00193873
0.00189586
0.00186816
0.00186597
0.0018254
0.00170523
0.00171401
0.00198843
0.00212874
0.00245008
0.00226121
-0.00146882
-0.00916613
-0.00840003
-0.00502194
-0.00262806
-0.00399653
-0.00392216
-0.000659009
0.00103161
-0.0102367
0.158721
0.356371
0.528487
0.66652
0.775864
0.866601
0.94356
0.978214
0.954906
0.297405
0.419604
0.551056
0.664885
0.761054
0.840829
0.905397
0.951139
0.974047
0.986063
0.519284
0.603147
0.692981
0.772517
0.840986
0.898276
0.943806
0.977043
1.00103
1.01896
0.681929
0.741758
0.804511
0.862249
0.912551
0.955254
0.990304
1.01824
1.0412
1.05948
0.8087
0.852357
0.898805
0.943064
0.982172
1.01631
1.04551
1.0698
1.0903
1.10812
0.913823
0.94703
0.985462
1.02131
1.0542
1.08367
1.10941
1.13103
1.14895
1.16629
1.00689
1.03577
1.06996
1.10229
1.13241
1.15972
1.18358
1.20339
1.21895
1.23602
1.09579
1.12512
1.15927
1.19143
1.22114
1.24782
1.27076
1.2893
1.30272
1.31975
1.1913
1.22459
1.26132
1.29498
1.32509
1.35133
1.37334
1.39065
1.40255
1.41995
1.30642
1.3443
1.383
1.41729
1.44668
1.47147
1.49187
1.50778
1.51927
1.53735
1.45144
1.49001
1.52619
1.55691
1.58261
1.60473
1.62381
1.63935
1.65179
1.66979
1.62658
1.6582
1.68441
1.70688
1.72687
1.74561
1.76333
1.77982
1.79518
1.81325
1.81522
1.83243
1.84747
1.86371
1.87963
1.89417
1.90738
1.92132
1.93886
1.95902
1.99694
2.00649
2.01804
2.02886
2.03814
2.04773
2.05852
2.06989
2.08126
2.09662
2.20421
2.20787
2.19292
2.17811
2.17184
2.17752
2.196
2.22632
2.2585
2.28515
2.51052
2.37565
2.29902
2.25666
2.23923
2.2432
2.2706
2.32701
2.42963
2.654
0.804548
0.802417
0.797932
0.789303
0.777073
0.764936
0.754696
0.746782
0.741138
0.737848
0.737448
0.740141
0.745209
0.752403
0.761769
0.773295
0.785935
0.796963
0.803071
0.806122
0.729011
0.734857
0.741191
0.745678
0.74814
0.747806
0.745055
0.741226
0.737687
0.735389
0.735195
0.737343
0.740966
0.745225
0.749009
0.750876
0.749927
0.746436
0.741267
0.734645
0.720608
0.722904
0.726304
0.729294
0.73136
0.732845
0.733583
0.733245
0.73219
0.731265
0.731386
0.732759
0.734529
0.7358
0.735953
0.735042
0.733477
0.73113
0.727858
0.724934
0.715124
0.716211
0.71804
0.72041
0.722424
0.723838
0.72484
0.725565
0.725931
0.726106
0.726535
0.72728
0.727826
0.72785
0.727404
0.726529
0.72504
0.722941
0.720844
0.719458
0.709958
0.710621
0.711724
0.713421
0.715191
0.716807
0.71808
0.719066
0.719907
0.720641
0.721299
0.721775
0.721905
0.721686
0.721078
0.71999
0.718536
0.716972
0.715641
0.714858
0.705028
0.705489
0.706271
0.70756
0.709033
0.710532
0.711971
0.713235
0.714323
0.715311
0.71614
0.716617
0.716683
0.716344
0.715593
0.714561
0.713401
0.712243
0.711311
0.710791
0.700258
0.700603
0.70121
0.702269
0.703547
0.7049
0.70631
0.707715
0.709032
0.710233
0.711239
0.711819
0.711897
0.711538
0.710871
0.710038
0.709142
0.708242
0.70755
0.707168
0.695596
0.695864
0.696353
0.697252
0.698405
0.699677
0.701038
0.702481
0.703956
0.705382
0.706604
0.707335
0.707511
0.707284
0.706803
0.706171
0.705464
0.704781
0.704266
0.703974
0.690963
0.691176
0.691582
0.69237
0.693441
0.694663
0.696009
0.69749
0.699083
0.700726
0.702205
0.703162
0.703544
0.703529
0.703253
0.70282
0.702301
0.701797
0.701417
0.701188
0.686277
0.686449
0.686796
0.687511
0.688536
0.689733
0.6911
0.692652
0.694383
0.696254
0.698038
0.69931
0.699977
0.700215
0.700162
0.69993
0.699599
0.699252
0.698982
0.6988
0.681457
0.681596
0.681901
0.682571
0.683578
0.684795
0.686221
0.687886
0.689805
0.691952
0.694111
0.69578
0.696791
0.697319
0.697514
0.697491
0.697341
0.697142
0.696964
0.696818
0.676422
0.676533
0.67681
0.677461
0.678486
0.679769
0.6813
0.683133
0.685309
0.687818
0.690444
0.692585
0.693993
0.694851
0.695319
0.695519
0.69555
0.695492
0.695393
0.695276
0.671087
0.671174
0.671434
0.672091
0.673169
0.67456
0.676249
0.678315
0.680825
0.683795
0.686997
0.689709
0.691586
0.692824
0.693598
0.694051
0.694277
0.694353
0.694323
0.694228
0.665357
0.665422
0.665675
0.666358
0.667526
0.669071
0.670978
0.673354
0.676289
0.679839
0.683752
0.687151
0.689589
0.691273
0.692399
0.693133
0.69357
0.693786
0.693822
0.693746
0.659117
0.659162
0.659413
0.660144
0.661441
0.663193
0.665388
0.668157
0.671624
0.675881
0.680662
0.684909
0.688032
0.690251
0.691785
0.692833
0.693519
0.693885
0.693986
0.693928
0.65223
0.652254
0.652508
0.653311
0.654781
0.656803
0.659372
0.662653
0.666808
0.671962
0.67781
0.683067
0.686994
0.689842
0.691854
0.693266
0.694233
0.694761
0.694928
0.694885
0.644525
0.644535
0.644792
0.645683
0.647378
0.649732
0.652776
0.656701
0.661715
0.667979
0.675133
0.681616
0.686503
0.690098
0.692693
0.694552
0.695835
0.696542
0.696779
0.696749
0.635704
0.635681
0.635992
0.63702
0.638987
0.641775
0.645428
0.650168
0.656251
0.663886
0.672636
0.680593
0.686642
0.691126
0.694409
0.696812
0.698466
0.69938
0.699692
0.699674
0.625507
0.625459
0.625812
0.627019
0.629334
0.632678
0.637102
0.642874
0.650312
0.659646
0.670341
0.680085
0.687503
0.693047
0.697151
0.700189
0.702288
0.703437
0.70383
0.703821
0.613453
0.613376
0.613806
0.615255
0.618031
0.622104
0.627539
0.634658
0.643831
0.655306
0.668361
0.680194
0.689218
0.696006
0.701079
0.70485
0.70747
0.708887
0.709363
0.709361
0.598926
0.59882
0.599367
0.601141
0.604526
0.609569
0.616334
0.625196
0.636561
0.650655
0.66656
0.6809
0.691818
0.700063
0.706296
0.71095
0.71418
0.715897
0.716457
0.716453
0.580976
0.580844
0.581581
0.583843
0.588096
0.594504
0.603113
0.61434
0.628585
0.645982
0.665281
0.682466
0.695511
0.705397
0.712945
0.718609
0.722527
0.724565
0.725199
0.725183
0.55814
0.557993
0.559062
0.5621
0.567684
0.57611
0.587341
0.601783
0.619731
0.641154
0.664437
0.684898
0.700341
0.712068
0.721059
0.72786
0.732522
0.734878
0.735566
0.735527
0.528067
0.527945
0.529628
0.534035
0.541875
0.553477
0.568592
0.587482
0.610213
0.63652
0.664372
0.688419
0.706439
0.720129
0.730682
0.738697
0.744092
0.746717
0.74742
0.747347
0.486617
0.486662
0.489713
0.496996
0.509039
0.525874
0.546769
0.571665
0.600358
0.632376
0.665298
0.693179
0.713893
0.729625
0.741792
0.751042
0.757066
0.75983
0.760494
0.760379
0.426105
0.427302
0.434816
0.448493
0.468245
0.493395
0.522422
0.554971
0.590732
0.629138
0.667464
0.699288
0.722716
0.740453
0.754229
0.764588
0.771081
0.7738
0.774309
0.774154
0.353855
0.35566
0.370052
0.393688
0.424276
0.459239
0.497178
0.537952
0.581371
0.626929
0.671651
0.708498
0.735611
0.75618
0.772024
0.783788
0.790901
0.793703
0.79427
0.794232
0.279171
0.285402
0.306668
0.34047
0.381347
0.425868
0.472702
0.521762
0.572941
0.625792
0.677123
0.719223
0.750186
0.773788
0.792091
0.805446
0.81302
0.81549
0.815866
0.81592
0.218201
0.226684
0.252585
0.293405
0.342247
0.394899
0.449745
0.506551
0.56513
0.624989
0.68264
0.729664
0.764179
0.790463
0.810749
0.825311
0.833091
0.835863
0.836673
0.836798
0.168535
0.177604
0.207057
0.253082
0.308022
0.367229
0.428823
0.492461
0.55778
0.624174
0.687762
0.739379
0.777111
0.805759
0.827833
0.843593
0.852302
0.855694
0.856687
0.856833
0.126811
0.136156
0.168053
0.218047
0.277974
0.342619
0.40993
0.479524
0.550877
0.623251
0.692343
0.748189
0.788861
0.819685
0.843391
0.860169
0.86965
0.8735
0.87467
0.87482
0.0906573
0.100122
0.133861
0.187039
0.251053
0.320311
0.392606
0.467462
0.544249
0.62209
0.696251
0.755995
0.799348
0.832055
0.856986
0.874543
0.884705
0.888958
0.890205
0.890362
0.0584283
0.0679467
0.103098
0.158959
0.226394
0.299612
0.3763
0.455876
0.537614
0.620495
0.699392
0.762777
0.808564
0.842828
0.868606
0.886665
0.897319
0.901915
0.903266
0.903439
0.0288686
0.0384494
0.0747553
0.13293
0.203314
0.27999
0.360577
0.444419
0.530704
0.618314
0.701717
0.768583
0.816626
0.852243
0.878704
0.897152
0.908069
0.912942
0.914388
0.914561
0.00115161
0.0107945
0.0481493
0.108302
0.181312
0.261053
0.345123
0.432838
0.52334
0.615428
0.703202
0.773475
0.82369
0.860532
0.887589
0.906339
0.917439
0.922487
0.923941
0.924107
-0.0252611
-0.0155264
0.0227991
0.0846452
0.160035
0.242517
0.329727
0.42098
0.5154
0.611761
0.703834
0.777514
0.82988
0.867917
0.895549
0.914579
0.925808
0.93089
0.932346
0.932439
-0.0508107
-0.0408958
-0.00171566
0.0617581
0.139254
0.224198
0.314251
0.408735
0.506812
0.607265
0.703587
0.780734
0.835322
0.874615
0.90287
0.922178
0.93351
0.938566
0.939976
0.940051
-0.075693
-0.0655425
-0.0256023
0.0394543
0.118838
0.205992
0.298613
0.396052
0.497529
0.601895
0.702429
0.783144
0.840101
0.880779
0.909752
0.929365
0.940767
0.945756
0.947074
0.947131
-0.0999701
-0.0896025
-0.0488457
0.0175921
0.0987015
0.187857
0.282787
0.382913
0.487535
0.595613
0.700311
0.784735
0.844269
0.886519
0.91631
0.93623
0.947628
0.952473
0.953667
0.953666
-0.123765
-0.113093
-0.071581
-0.00383663
0.0788265
0.169774
0.266775
0.369329
0.47684
0.58841
0.697176
0.785451
0.847842
0.891924
0.922656
0.942848
0.954135
0.958747
0.959758
0.959693
-0.14701
-0.136056
-0.0938052
-0.0248473
0.0592275
0.151775
0.250623
0.355347
0.465473
0.580276
0.692973
0.785212
0.85079
0.897056
0.928919
0.949341
0.960328
0.964551
0.965351
0.965233
-0.169739
-0.158481
-0.115454
-0.0454113
0.0399377
0.133901
0.234379
0.341033
0.453492
0.571232
0.687658
0.783931
0.853026
0.901934
0.935259
0.955893
0.966317
0.969921
0.97045
0.970282
-0.191772
-0.18028
-0.136501
-0.0654705
0.0210123
0.116228
0.218114
0.326459
0.44097
0.561336
0.68121
0.781507
0.854421
0.906505
0.941842
0.962848
0.972358
0.974913
0.975029
0.974819
-0.213239
-0.201406
-0.156922
-0.0849947
0.00248917
0.0987982
0.201922
0.311707
0.427994
0.550666
0.673639
0.777837
0.854797
0.910598
0.948734
0.970717
0.979115
0.979889
0.979125
0.978841
-0.233977
-0.221831
-0.176684
-0.103936
-0.0155495
0.0816981
0.185884
0.296897
0.414673
0.539288
0.664992
0.772829
0.85394
0.913904
0.955731
0.979959
0.987912
0.986262
0.983333
0.982126
-0.254044
-0.241601
-0.195735
-0.12224
-0.0330661
0.064997
0.170084
0.282107
0.401115
0.52734
0.655345
0.766403
0.851639
0.915983
0.962165
0.990324
1.00015
0.997442
0.990464
0.981305
-0.27336
-0.260675
-0.214172
-0.140069
-0.0502759
0.0484087
0.154175
0.266925
0.386859
0.514301
0.644144
0.757959
0.847329
0.916311
0.967065
1.00062
1.01573
1.01476
1.00451
0.997448
-0.291879
-0.278978
-0.231992
-0.157386
-0.0671767
0.0319329
0.138173
0.251331
0.37186
0.500059
0.63121
0.747147
0.840297
0.914105
0.96818
1.0057
1.02347
1.02755
0.990082
0.937509
-0.309315
-0.295728
-0.249074
-0.174118
-0.0838755
0.0154191
0.12203
0.235443
0.356178
0.484676
0.616482
0.733781
0.829523
0.908901
0.963368
0.995139
1.01349
0.999088
0.942618
0.879544
-0.326005
-0.311528
-0.265348
-0.189545
-0.0999561
-0.00065761
0.105522
0.219319
0.339959
0.468324
0.599982
0.71768
0.81388
0.901661
0.9504
0.999633
0.964935
0.920745
0.850985
0.783816
-0.312286
-0.29404
-0.243898
-0.163678
-0.0686129
0.0338819
0.145332
0.262011
0.385796
0.517754
0.643281
0.74814
0.836254
0.929796
0.9726
0.892554
0.844887
0.780862
0.708281
0.660482
-0.33676
-0.320373
-0.284173
-0.213971
-0.124755
-0.0262499
0.0802142
0.193491
0.313478
0.440719
0.570624
0.686684
0.780219
0.860816
0.933596
0.930033
0.808125
0.724287
0.661331
0.579055
-0.357032
-0.341301
-0.299468
-0.227903
-0.138274
-0.0401674
0.0651642
0.17756
0.296624
0.422484
0.550685
0.664574
0.755054
0.823846
0.850023
0.775996
0.637831
0.54266
0.467639
0.380105
-0.37775
-0.365135
-0.318855
-0.24601
-0.156309
-0.0578762
0.0474496
0.159571
0.277776
0.402151
0.527511
0.636861
0.719127
0.773403
0.750876
0.622097
0.471982
0.355546
0.257975
0.121996
-0.401676
-0.388643
-0.340254
-0.266253
-0.176316
-0.0777969
0.0274464
0.139034
0.256173
0.378676
0.500632
0.60466
0.678912
0.712212
0.654826
0.474335
0.294776
0.143123
0.00310838
-0.193076
-0.42462
-0.411916
-0.362342
-0.287133
-0.196726
-0.098246
0.00664573
0.117436
0.233253
0.353504
0.471637
0.569701
0.635785
0.636978
0.530139
0.334557
0.123463
-0.0755089
-0.250079
-0.645158
-0.447666
-0.435304
-0.385223
-0.309127
-0.218342
-0.119832
-0.0152997
0.0946737
0.209047
0.326794
0.440752
0.532114
0.586964
0.556479
0.408366
0.210481
-0.00489043
-0.215076
-0.393242
-0.672014
-0.471671
-0.459445
-0.409141
-0.332507
-0.241472
-0.14292
-0.038704
0.0704735
0.183341
0.298393
0.407912
0.492111
0.533221
0.486125
0.299378
0.10901
-0.0861625
-0.250932
-0.32108
-0.358657
-0.497124
-0.48502
-0.43448
-0.357576
-0.266499
-0.168078
-0.0643345
0.0438166
0.154848
0.266706
0.371122
0.44743
0.47353
0.393076
0.202466
0.0246051
-0.136956
-0.241086
-0.277983
-0.287463
-0.52423
-0.51214
-0.461413
-0.384349
-0.293363
-0.195258
-0.0922059
0.0146543
0.123478
0.231624
0.330197
0.39844
0.399312
0.289221
0.114012
-0.0500025
-0.186278
-0.240314
-0.252386
-0.257563
-0.553196
-0.541016
-0.490024
-0.412846
-0.322063
-0.224458
-0.122316
-0.0170483
0.0891978
0.193169
0.285167
0.344543
0.320964
0.191851
0.0309077
-0.122877
-0.218948
-0.24773
-0.24406
-0.244242
-0.583727
-0.571743
-0.520282
-0.443029
-0.352556
-0.255627
-0.154644
-0.0512675
0.0520286
0.15135
0.236287
0.28477
0.250926
0.101187
-0.0449274
-0.179628
-0.218202
-0.230535
-0.235629
-0.236046
-0.615678
-0.603678
-0.551971
-0.474728
-0.384704
-0.288651
-0.189082
-0.0879097
0.0120458
0.106334
0.18373
0.220914
0.180809
0.0225995
-0.111182
-0.205073
-0.249551
-0.235905
-0.2324
-0.232103
-0.648533
-0.636507
-0.584792
-0.50762
-0.418211
-0.323268
-0.225384
-0.12674
-0.0305147
0.0584677
0.127865
0.155806
0.0926672
-0.0477665
-0.163967
-0.216499
-0.2292
-0.230992
-0.231295
-0.230917
-0.681574
-0.669591
-0.617887
-0.541163
-0.452611
-0.359045
-0.26317
-0.167369
-0.0752399
0.0082037
0.0698651
0.0828096
0.0030012
-0.114952
-0.195293
-0.215296
-0.224496
-0.231124
-0.23216
-0.232044
-0.713569
-0.702027
-0.650448
-0.574593
-0.487202
-0.395355
-0.30184
-0.209204
-0.121425
-0.0438552
0.0114589
0.00978901
-0.0798512
-0.189775
-0.224463
-0.259341
-0.245227
-0.236708
-0.233188
-0.232927
-0.743099
-0.732042
-0.681411
-0.60664
-0.521023
-0.431328
-0.340582
-0.251454
-0.168112
-0.0966267
-0.0464663
-0.0561067
-0.157562
-0.285529
-0.310022
-0.274482
-0.268245
-0.253649
-0.243997
-0.240748
-0.768521
-0.758139
-0.708905
-0.636121
-0.552838
-0.465832
-0.378344
-0.293101
-0.214195
-0.148468
-0.103928
-0.114512
-0.216246
-0.397417
-0.556631
-0.457788
-0.355157
-0.302554
-0.278632
-0.269038
-0.787545
-0.778065
-0.731014
-0.661148
-0.581146
-0.497583
-0.413888
-0.332887
-0.258466
-0.1977
-0.158812
-0.157656
-0.229789
-0.381716
-0.658808
-0.499242
-0.400292
-0.364627
-0.344362
-0.332357
-0.798129
-0.789503
-0.745714
-0.679844
-0.604169
-0.525027
-0.44585
-0.369412
-0.299613
-0.242928
-0.205754
-0.177436
-0.140769
0.00837268
0.0592334
-0.156748
-0.283577
-0.329457
-0.340126
-0.342585
-0.796411
-0.789165
-0.751353
-0.690362
-0.620183
-0.546565
-0.472714
-0.401351
-0.336396
-0.282557
-0.243627
-0.196433
-0.0666377
0.245785
0.272687
-0.0556949
-0.281839
-0.366479
-0.388007
-0.392625
-0.780541
-0.775608
-0.745399
-0.69134
-0.627843
-0.560819
-0.49304
-0.427239
-0.367432
-0.3179
-0.284473
-0.27045
-0.299043
-0.340077
-0.326371
-0.434505
-0.534964
-0.569169
-0.575504
-0.576312
-0.750978
-0.747359
-0.72613
-0.681837
-0.626629
-0.567041
-0.505773
-0.445597
-0.390757
-0.348534
-0.329534
-0.40996
-0.720787
-1.08863
-1.07611
-0.883199
-0.862684
-0.861317
-0.820061
-0.809801
-0.711763
-0.709456
-0.696679
-0.663631
-0.617377
-0.565429
-0.510462
-0.455065
-0.403831
-0.364586
-0.355827
-0.457902
-0.802553
-1.21021
-1.41252
-1.51966
-1.53284
-1.33799
-1.10024
-1.00817
-0.670164
-0.668867
-0.662144
-0.640771
-0.60345
-0.557415
-0.507485
-0.455061
-0.403844
-0.361738
-0.350215
-0.378486
-0.680113
-1.15871
-1.65396
-1.85424
-1.91447
-1.78805
-1.53797
-1.41657
-0.634984
-0.634269
-0.631223
-0.617566
-0.588057
-0.546821
-0.499082
-0.446131
-0.39139
-0.339271
-0.304632
-0.314995
-0.39295
-0.380818
-0.345186
-0.289191
-0.213075
-0.0847353
0.0368614
0.149758
-0.608542
-0.607688
-0.606225
-0.600079
-0.576745
-0.537907
-0.488511
-0.432044
-0.369358
-0.303445
-0.236496
-0.173465
-0.0361152
0.284453
0.693461
1.08971
1.40454
1.60649
1.71945
1.77258
-0.588317
-0.58785
-0.587158
-0.585142
-0.569374
-0.531903
-0.478726
-0.416217
-0.34328
-0.262374
-0.169064
-0.0696151
0.130064
0.52269
1.01263
1.48304
1.85695
2.09813
2.2261
2.27691
-0.576128
-0.5758
-0.575362
-0.574704
-0.565306
-0.529052
-0.471802
-0.401484
-0.319464
-0.225524
-0.124156
-0.011013
0.153355
0.541055
1.01148
1.46114
1.83395
2.07932
2.20562
2.25282
-0.568087
-0.567736
-0.566823
-0.566754
-0.562709
-0.530165
-0.468347
-0.390102
-0.301442
-0.201736
-0.100087
0.011196
0.125849
0.435942
0.865956
1.24838
1.56259
1.76854
1.8733
1.91235
-0.568673
-0.567452
-0.56469
-0.564365
-0.564738
-0.535817
-0.467359
-0.380692
-0.286184
-0.185427
-0.0812347
0.0218146
0.112702
0.36221
0.700381
0.987446
1.2198
1.37549
1.45728
1.48828
-0.585608
-0.583798
-0.583692
-0.587616
-0.588052
-0.548723
-0.464587
-0.367743
-0.26898
-0.168587
-0.0669313
0.0251404
0.10966
0.267168
0.516843
0.736535
0.907634
1.02357
1.0821
1.10356
-0.601482
-0.60216
-0.612508
-0.620897
-0.610468
-0.550189
-0.447497
-0.34396
-0.246254
-0.15153
-0.0585316
0.0229097
0.0996142
0.19792
0.372093
0.528418
0.653375
0.74114
0.78666
0.803141
-0.549935
-0.554253
-0.567248
-0.575699
-0.559325
-0.493458
-0.396405
-0.301347
-0.214197
-0.132409
-0.0515243
0.0215814
0.0920091
0.159379
0.27473
0.387937
0.472963
0.532579
0.561137
0.570686
-0.389655
-0.394621
-0.404656
-0.411199
-0.399371
-0.356509
-0.296771
-0.233197
-0.169962
-0.106341
-0.0413582
0.0197303
0.0742751
0.119721
0.18818
0.264453
0.326667
0.371886
0.394125
0.399119
-0.188013
-0.191131
-0.196757
-0.203808
-0.206159
-0.197166
-0.178367
-0.151203
-0.117745
-0.0774155
-0.0324207
0.0126148
0.0497819
0.0768544
0.121808
0.173365
0.216403
0.24652
0.260754
0.264374
-0.0273173
-0.029131
-0.0328102
-0.0417122
-0.055809
-0.0701977
-0.0789559
-0.0788839
-0.0690823
-0.049928
-0.0232726
0.00550658
0.0268743
0.0434065
0.066356
0.0998449
0.129678
0.149232
0.157488
0.159097
0.0628057
0.0616645
0.0588367
0.0494391
0.0311445
0.00808916
-0.0121738
-0.0257641
-0.0304772
-0.0262898
-0.0151421
-0.00333781
0.00359347
0.0068536
0.023346
0.045665
0.0643912
0.0755204
0.0796695
0.0795781
0.0977554
0.0970066
0.094698
0.0866243
0.0703175
0.0485785
0.0268125
0.00873004
-0.00322381
-0.0086273
-0.00902603
-0.0101928
-0.015254
-0.0185732
-0.00698388
0.00835652
0.0192725
0.0239434
0.0248257
0.0241223
0.103222
0.102749
0.101028
0.0950094
0.0825883
0.0652641
0.0464682
0.0290627
0.0149913
0.00471338
-0.00282893
-0.0123654
-0.0251077
-0.0313435
-0.0228484
-0.0127216
-0.00755428
-0.00627676
-0.00726663
-0.00788292
0.0959871
0.0957232
0.0945551
0.0904534
0.0817635
0.0691452
0.0545247
0.0398268
0.0265674
0.0150084
0.00417636
-0.00947078
-0.0252981
-0.0313819
-0.0228776
-0.0169747
-0.0156274
-0.0171632
-0.0189181
-0.0194776
0.0844983
0.0843636
0.0836168
0.0810096
0.0753251
0.0667009
0.0561749
0.04492
0.0339798
0.0235638
0.0131054
-0.000245758
-0.0148557
-0.0185643
-0.0109185
-0.00727979
-0.0088765
-0.0115618
-0.0133914
-0.0138764
0.0725765
0.0725085
0.0720535
0.0705258
0.0671025
0.0616451
0.0546403
0.0468307
0.0389236
0.0314184
0.0238847
0.015259
0.0067451
0.00781077
0.0132429
0.0130126
0.00989629
0.00682404
0.00525498
0.00480628
0.061847
0.0618013
0.0615437
0.0607505
0.0589181
0.0558134
0.0516223
0.0468263
0.0420677
0.0380404
0.0357627
0.034691
0.0346305
0.0392775
0.0421398
0.0400449
0.036226
0.033628
0.0325554
0.0320874
0.0527772
0.0527447
0.0526088
0.0522812
0.0514978
0.0500347
0.0479338
0.045609
0.0437136
0.0434593
0.0469035
0.0545599
0.0637029
0.0723996
0.0724576
0.0682839
0.0646863
0.0633769
0.0630759
0.062519
0.0451725
0.0451464
0.0450926
0.0450309
0.0448626
0.0444465
0.043787
0.0432661
0.0435894
0.0463847
0.054677
0.070465
0.0901393
0.101234
0.0969345
0.0910954
0.0889858
0.0894474
0.0899311
0.089192
0.0385344
0.038513
0.0385082
0.0385645
0.0387004
0.0388346
0.0390319
0.0396054
0.0413516
0.0459934
0.0571451
0.0770874
0.100621
0.112178
0.106571
0.102693
0.102828
0.104685
0.105834
0.10507
0.0323049
0.0322895
0.0323124
0.0324069
0.0326533
0.0330189
0.0335726
0.0346715
0.0369257
0.0419177
0.0528647
0.0720187
0.0942609
0.104178
0.100229
0.0993274
0.103248
0.107906
0.109194
0.108139
0.0259582
0.0259371
0.0259573
0.0260439
0.0262601
0.0267564
0.0273875
0.0284731
0.0305504
0.0346565
0.0426833
0.0555994
0.0702806
0.0761544
0.0753362
0.0803078
0.0878492
0.0937638
0.0954568
0.0946615
0.0193514
0.0193229
0.0193422
0.0194215
0.0196244
0.0199361
0.0204705
0.0213382
0.0228216
0.0253874
0.02902
0.0320764
0.0322042
0.0324541
0.0380966
0.0505601
0.0617195
0.0677568
0.0694153
0.0688517
0.0124374
0.0123953
0.0124004
0.0124374
0.0125358
0.0127207
0.0131303
0.0136613
0.0145011
0.0155226
0.0154484
0.00930316
-0.00539595
-0.0103624
0.00313146
0.0208249
0.0327599
0.0377648
0.0386611
0.0384208
0.00191221
0.00188262
0.00186291
0.00186944
0.00177465
0.00167336
0.00187946
0.00209435
0.00220102
0.00244299
0.00131758
-0.00535645
-0.010277
-0.00752845
-0.00202827
-0.00347886
-0.00454645
-0.00229074
0.000515986
0.0116299
-1.05523
-0.367183
0.0846896
0.346053
0.534932
0.680333
0.793961
0.88687
0.985176
1.07656
0.00461969
0.202157
0.382212
0.533927
0.661005
0.764992
0.849946
0.919417
0.962411
0.966526
0.342545
0.459439
0.573842
0.675813
0.763689
0.837869
0.898646
0.944784
0.974485
0.992299
0.555829
0.635273
0.714058
0.786218
0.849228
0.903037
0.947302
0.982015
1.00841
1.02761
0.711771
0.765819
0.825193
0.87897
0.926
0.966922
1.00165
1.03045
1.054
1.07109
0.835079
0.876137
0.922306
0.962804
1.00034
1.03383
1.06315
1.0882
1.10913
1.12344
0.938296
0.972897
1.01018
1.0446
1.07698
1.1067
1.13313
1.1558
1.17452
1.18629
1.03183
1.06295
1.09703
1.12973
1.16054
1.18894
1.21412
1.23543
1.2524
1.26196
1.12299
1.15557
1.19093
1.22498
1.25632
1.28463
1.30922
1.32955
1.34503
1.35326
1.22502
1.26255
1.30086
1.33713
1.36919
1.39707
1.42053
1.43953
1.45368
1.46218
1.35198
1.39436
1.43356
1.46943
1.49984
1.52552
1.54707
1.5647
1.57822
1.58839
1.51353
1.55499
1.58869
1.61825
1.64279
1.66431
1.6839
1.70132
1.71607
1.72877
1.70396
1.73476
1.75599
1.77512
1.79318
1.81041
1.82663
1.84245
1.85896
1.87589
1.90181
1.91321
1.92425
1.93835
1.95263
1.96547
1.97683
1.98769
2.00059
2.01747
2.08762
2.09753
2.10617
2.10861
2.10947
2.11373
2.12453
2.14047
2.15809
2.16269
2.38867
2.33326
2.28243
2.24218
2.21978
2.21574
2.22924
2.26304
2.31948
2.39503
0.946763
0.888069
0.845585
0.811722
0.787058
0.769494
0.756967
0.748017
0.741878
0.738357
0.737917
0.740728
0.746129
0.754037
0.764938
0.779976
0.800975
0.830064
0.868822
0.916645
0.748322
0.757075
0.762601
0.763419
0.759927
0.753868
0.747416
0.741916
0.73804
0.736337
0.737457
0.741003
0.746246
0.752695
0.759443
0.764701
0.766318
0.763078
0.755728
0.748059
0.725368
0.727399
0.732001
0.735505
0.738006
0.739419
0.739112
0.737349
0.735122
0.733504
0.73346
0.735227
0.737901
0.740491
0.741947
0.741591
0.739722
0.736912
0.732857
0.728473
0.718484
0.71935
0.721829
0.724534
0.726533
0.727878
0.72884
0.72926
0.729076
0.728766
0.729049
0.730068
0.73111
0.731549
0.731215
0.730347
0.728921
0.726671
0.724025
0.722056
0.712867
0.713328
0.714719
0.716731
0.718656
0.720213
0.721331
0.722191
0.722861
0.723375
0.723929
0.724495
0.724756
0.724614
0.724106
0.723116
0.721589
0.719747
0.718091
0.717071
0.707728
0.708014
0.708927
0.710386
0.711996
0.713578
0.714972
0.716103
0.717068
0.717946
0.718692
0.719147
0.719228
0.718946
0.718241
0.717145
0.715829
0.714491
0.713392
0.712765
0.702817
0.703018
0.703701
0.704863
0.706229
0.707648
0.709086
0.710442
0.71165
0.712742
0.713655
0.714177
0.714242
0.713872
0.71314
0.712205
0.711187
0.710162
0.709362
0.70892
0.698066
0.698218
0.69876
0.699731
0.700941
0.702251
0.703636
0.705065
0.706469
0.707783
0.708891
0.709538
0.709651
0.709343
0.708764
0.708034
0.707234
0.706443
0.705846
0.705514
0.693396
0.693515
0.693959
0.694796
0.695904
0.697152
0.698505
0.699962
0.701497
0.703032
0.704377
0.705209
0.705476
0.705348
0.704969
0.704437
0.703822
0.703226
0.702783
0.702526
0.688723
0.688819
0.689193
0.689939
0.690984
0.692192
0.693548
0.695059
0.696715
0.698467
0.700091
0.701195
0.701712
0.701819
0.701652
0.701319
0.700891
0.700462
0.70014
0.699937
0.683961
0.68404
0.684364
0.685052
0.686063
0.687268
0.688664
0.690266
0.692083
0.694083
0.696045
0.697505
0.698336
0.698714
0.698782
0.698652
0.698412
0.698134
0.697912
0.697749
0.679027
0.679092
0.679381
0.680036
0.681047
0.682298
0.683775
0.685515
0.687551
0.689866
0.692245
0.69414
0.695342
0.69603
0.696359
0.696444
0.696386
0.696249
0.696111
0.69598
0.673839
0.673894
0.67416
0.674808
0.675854
0.677192
0.6788
0.68074
0.683073
0.685797
0.688696
0.691109
0.69274
0.693778
0.694397
0.694719
0.69484
0.694843
0.69478
0.694675
0.668306
0.668351
0.668605
0.669269
0.670386
0.671856
0.67365
0.67586
0.678569
0.681813
0.685354
0.688391
0.690534
0.691984
0.69293
0.693524
0.693846
0.693982
0.693984
0.693899
0.662322
0.662358
0.662608
0.663309
0.664536
0.666187
0.668234
0.670793
0.673976
0.677858
0.682182
0.685984
0.688749
0.690688
0.692016
0.692911
0.693449
0.693729
0.693798
0.693732
0.655768
0.655795
0.656049
0.656806
0.658182
0.660072
0.662448
0.665455
0.669244
0.673925
0.679212
0.683939
0.687445
0.689963
0.691733
0.692962
0.693761
0.694199
0.694334
0.694284
0.648488
0.648504
0.648767
0.649601
0.651173
0.653365
0.656163
0.659745
0.664303
0.669978
0.676444
0.682288
0.686673
0.689876
0.692181
0.693809
0.694897
0.695507
0.69571
0.695675
0.640252
0.640272
0.640564
0.64149
0.643301
0.645878
0.649217
0.653524
0.659042
0.66596
0.673874
0.681053
0.68649
0.690506
0.693447
0.695565
0.696992
0.697793
0.698069
0.698047
0.630789
0.630799
0.631123
0.632185
0.63431
0.637388
0.641411
0.646628
0.65334
0.661768
0.671439
0.680258
0.686969
0.691962
0.695658
0.698356
0.700191
0.701218
0.701572
0.701561
0.61973
0.619734
0.620093
0.621344
0.623881
0.627605
0.632509
0.638909
0.647165
0.657518
0.669337
0.680072
0.688254
0.69439
0.698985
0.702353
0.704668
0.705944
0.706382
0.706379
0.606539
0.606536
0.606957
0.608463
0.611545
0.616121
0.622177
0.630099
0.640292
0.652998
0.66741
0.680455
0.690394
0.697884
0.703544
0.707717
0.710591
0.712151
0.712675
0.712675
0.590466
0.590458
0.590977
0.592845
0.596669
0.602405
0.610017
0.619965
0.632673
0.64833
0.665861
0.681573
0.693525
0.702562
0.709463
0.714578
0.718106
0.719981
0.720585
0.72058
0.570345
0.570336
0.571015
0.573449
0.578383
0.585794
0.595596
0.608297
0.624272
0.64358
0.664793
0.683566
0.697784
0.708577
0.716848
0.723031
0.727282
0.729477
0.730147
0.730124
0.544347
0.54434
0.545307
0.548713
0.555438
0.565395
0.578368
0.594847
0.615036
0.638789
0.664286
0.686507
0.703223
0.715924
0.725726
0.733078
0.738085
0.740579
0.741285
0.741233
0.509413
0.509426
0.511031
0.516345
0.526307
0.540346
0.55807
0.57975
0.605311
0.634374
0.664704
0.690641
0.710003
0.724719
0.736106
0.744694
0.750401
0.753115
0.753808
0.753713
0.459753
0.46
0.463706
0.473427
0.489434
0.510215
0.534856
0.563376
0.595474
0.630613
0.666208
0.696058
0.718137
0.734894
0.74792
0.757722
0.764012
0.766813
0.767428
0.767281
0.387739
0.39007
0.400958
0.420153
0.446266
0.476432
0.509906
0.546544
0.586069
0.62793
0.669262
0.703379
0.728483
0.747564
0.762456
0.773554
0.780448
0.783377
0.783977
0.783837
0.310746
0.31715
0.336513
0.365859
0.402585
0.442458
0.484865
0.529795
0.577102
0.62632
0.674377
0.713888
0.742963
0.765121
0.782446
0.795314
0.802904
0.805873
0.806438
0.806399
0.244968
0.25165
0.277677
0.315614
0.361303
0.410092
0.461065
0.514088
0.569028
0.625423
0.67995
0.724553
0.757331
0.782347
0.801818
0.816
0.823851
0.826971
0.827726
0.827723
0.191162
0.198136
0.228139
0.272243
0.324642
0.380726
0.439079
0.49941
0.561443
0.624632
0.685299
0.734658
0.770824
0.79833
0.819583
0.834987
0.843877
0.847404
0.847996
0.84807
0.14635
0.153639
0.186125
0.234859
0.29263
0.354655
0.419199
0.485907
0.55432
0.623767
0.69016
0.743936
0.783166
0.812942
0.835949
0.852477
0.862101
0.865896
0.86659
0.866708
0.108104
0.115571
0.149799
0.202047
0.264257
0.331284
0.401155
0.47345
0.547582
0.622745
0.694418
0.752249
0.794293
0.826103
0.850539
0.867911
0.878074
0.882251
0.88317
0.883314
0.074439
0.0820232
0.117521
0.172675
0.238553
0.309849
0.384396
0.46167
0.540982
0.621386
0.697946
0.759535
0.804133
0.837656
0.863078
0.881049
0.891654
0.89619
0.897337
0.897507
0.0438938
0.0515935
0.088126
0.14576
0.214747
0.289739
0.368423
0.450181
0.534235
0.619511
0.700681
0.765821
0.812749
0.847712
0.873863
0.892243
0.903145
0.907966
0.90929
0.909487
0.0155497
0.0233515
0.0608359
0.120488
0.192251
0.270493
0.352862
0.438682
0.527112
0.616987
0.702586
0.771159
0.820294
0.856537
0.883318
0.901991
0.913145
0.918152
0.919553
0.919724
-0.0113153
-0.00338088
0.0349566
0.0963913
0.17064
0.251781
0.337453
0.426975
0.519469
0.613714
0.703645
0.775617
0.826903
0.864341
0.891694
0.910625
0.921919
0.927012
0.928479
0.928631
-0.037114
-0.0290201
0.0102208
0.0731354
0.149626
0.233367
0.322028
0.414933
0.511209
0.609636
0.703839
0.77924
0.832705
0.871359
0.8993
0.918496
0.929874
0.934982
0.936439
0.936637
-0.0621573
-0.0538955
-0.0139712
0.0505669
0.129034
0.215108
0.306475
0.402469
0.502275
0.604707
0.70314
0.782056
0.837805
0.877773
0.90638
0.925858
0.937299
0.942377
0.943765
0.943907
-0.0865782
-0.0780647
-0.0374928
0.0284878
0.10876
0.19694
0.290741
0.389556
0.492636
0.598883
0.701506
0.784059
0.842274
0.883711
0.913084
0.932868
0.94433
0.949316
0.95061
0.950655
-0.110433
-0.101786
-0.0604239
0.00683949
0.0887527
0.178825
0.274816
0.376189
0.48229
0.592139
0.698887
0.785218
0.846143
0.889274
0.91952
0.939592
0.950975
0.955767
0.956901
0.956875
-0.133782
-0.124956
-0.0828599
-0.0143841
0.0690096
0.160778
0.258728
0.362401
0.471246
0.584464
0.69522
0.785465
0.84941
0.894536
0.925804
0.946126
0.95731
0.961776
0.96271
0.962625
-0.156631
-0.147615
-0.10478
-0.0351811
0.0495539
0.142836
0.242516
0.348238
0.459562
0.575875
0.690464
0.784716
0.852014
0.899541
0.932083
0.952615
0.963376
0.967348
0.968038
0.967895
-0.178903
-0.169694
-0.126112
-0.0555024
0.0304368
0.125046
0.226255
0.333778
0.447301
0.566397
0.684583
0.782878
0.85385
0.904277
0.938525
0.959313
0.969336
0.972503
0.972863
0.972671
-0.200531
-0.191124
-0.146834
-0.0753036
0.0117071
0.107482
0.210015
0.319105
0.434539
0.556102
0.677568
0.779841
0.854761
0.908639
0.945266
0.966652
0.975612
0.977396
0.977176
0.976942
-0.221513
-0.211897
-0.16692
-0.0945436
-0.00658624
0.0902174
0.193886
0.304313
0.421374
0.54506
0.669455
0.775513
0.854547
0.912387
0.952261
0.975172
0.983185
0.98278
0.981165
0.980813
-0.241781
-0.23196
-0.186329
-0.113177
-0.0243755
0.0733066
0.177949
0.289493
0.407915
0.533379
0.660288
0.769804
0.852994
0.915139
0.959092
0.985079
0.993598
0.991052
0.986672
0.984739
-0.261359
-0.251343
-0.205049
-0.131208
-0.041688
0.0567293
0.162177
0.274608
0.394129
0.521017
0.649997
0.762496
0.849807
0.916433
0.964932
0.995652
1.00775
1.00607
0.998038
0.98132
-0.280281
-0.270053
-0.223189
-0.148818
-0.0587688
0.0401671
0.146183
0.259185
0.379454
0.507329
0.637902
0.752868
0.844222
0.915587
0.968266
1.00411
1.02165
1.0193
1.01157
0.966411
-0.298819
-0.287704
-0.240672
-0.165868
-0.0755177
0.0237155
0.130144
0.243443
0.36412
0.492525
0.624087
0.740809
0.835476
0.911901
0.966666
1.00241
1.0206
1.02185
0.970437
0.909466
-0.318002
-0.30322
-0.257301
-0.182202
-0.0921869
0.00716299
0.113798
0.227385
0.348109
0.476588
0.608425
0.726071
0.822349
0.905426
0.957816
0.978867
0.994634
0.966913
0.902364
0.837448
-0.336944
-0.338701
-0.278627
-0.195305
-0.105719
-0.0066083
0.0977504
0.211675
0.332158
0.460292
0.591531
0.708939
0.804633
0.898227
0.918064
0.926553
0.921785
0.864712
0.792535
0.722528
-0.31283
-0.311577
-0.253032
-0.170556
-0.075983
0.0264296
0.135558
0.252066
0.375509
0.506944
0.631748
0.736021
0.821357
0.912817
0.932379
0.838501
0.758309
0.694015
0.622499
0.479823
-0.354138
-0.327739
-0.266419
-0.183243
-0.0888282
0.0133563
0.121933
0.237871
0.360432
0.490382
0.61267
0.713817
0.790698
0.850706
0.823867
0.701245
0.585276
0.505447
0.422462
0.260354
-0.378935
-0.347792
-0.285483
-0.202789
-0.108303
-0.00628497
0.102512
0.217724
0.339018
0.466765
0.585722
0.68173
0.750781
0.776616
0.702742
0.544392
0.408916
0.307936
0.193886
-0.0396461
-0.403164
-0.369671
-0.306134
-0.222784
-0.128201
-0.0262433
0.0822482
0.19658
0.31637
0.44151
0.556257
0.645962
0.702957
0.696015
0.566379
0.383421
0.215117
0.0750412
-0.0841734
-0.466702
-0.426458
-0.392082
-0.327502
-0.243294
-0.148554
-0.046748
0.0611564
0.174493
0.292585
0.414774
0.524579
0.607388
0.64723
0.611171
0.434011
0.23045
0.0196976
-0.157765
-0.404652
-0.962763
-0.44956
-0.415114
-0.349839
-0.265042
-0.170098
-0.068463
0.0388697
0.151126
0.267316
0.386227
0.490652
0.565753
0.587833
0.504822
0.312972
0.102426
-0.112027
-0.311045
-0.477145
-1.08663
-0.473621
-0.439089
-0.373416
-0.288278
-0.193174
-0.0916727
0.0151249
0.126274
0.240428
0.355806
0.454665
0.520456
0.520202
0.394255
0.209181
0.00895324
-0.175095
-0.300969
-0.331837
-0.379263
-0.499071
-0.464459
-0.398556
-0.313305
-0.218225
-0.117017
-0.0109255
0.0988389
0.210555
0.321752
0.414568
0.468577
0.446852
0.292575
0.115571
-0.059466
-0.200748
-0.260204
-0.283042
-0.28882
-0.526267
-0.49142
-0.425353
-0.340104
-0.245217
-0.144486
-0.0393603
0.0687035
0.177577
0.283966
0.370088
0.410082
0.374402
0.197466
0.0301025
-0.122856
-0.229453
-0.255942
-0.256953
-0.25732
-0.555301
-0.520116
-0.453854
-0.368662
-0.274113
-0.174078
-0.070172
0.0358699
0.141461
0.242488
0.320873
0.348819
0.284163
0.109912
-0.0489279
-0.183241
-0.227991
-0.242581
-0.244193
-0.243924
-0.586074
-0.550486
-0.484019
-0.398964
-0.304894
-0.205757
-0.103334
0.00034117
0.102236
0.197384
0.267341
0.282229
0.186535
0.028304
-0.11686
-0.221834
-0.234724
-0.234939
-0.236026
-0.235817
-0.618126
-0.582326
-0.515664
-0.430834
-0.337417
-0.239408
-0.138754
-0.037806
0.0600168
0.148824
0.210273
0.207038
0.100092
-0.0444084
-0.170906
-0.208105
-0.22958
-0.232138
-0.232229
-0.231963
-0.651118
-0.614972
-0.548438
-0.463971
-0.371413
-0.274787
-0.176198
-0.0783308
0.0150543
0.0972945
0.149467
0.132286
0.0166176
-0.105476
-0.206461
-0.245515
-0.23463
-0.231529
-0.231099
-0.230686
-0.684122
-0.647953
-0.581799
-0.497876
-0.406428
-0.311477
-0.215279
-0.120823
-0.0322567
0.0435318
0.0848318
0.0612628
-0.0659202
-0.156315
-0.22093
-0.222436
-0.228826
-0.231911
-0.232116
-0.231975
-0.71614
-0.680452
-0.614619
-0.531817
-0.441801
-0.348878
-0.255418
-0.164633
-0.0812332
-0.0117425
0.0214792
-0.0109873
-0.1458
-0.218439
-0.20523
-0.239531
-0.238756
-0.234121
-0.23293
-0.232876
-0.745627
-0.710876
-0.646064
-0.564736
-0.476621
-0.386144
-0.295817
-0.208939
-0.130771
-0.0675865
-0.0374294
-0.0881919
-0.226539
-0.321692
-0.285298
-0.275453
-0.261111
-0.247927
-0.241854
-0.239738
-0.770943
-0.737599
-0.6745
-0.595355
-0.509725
-0.422205
-0.335429
-0.25272
-0.179488
-0.122708
-0.0941813
-0.153555
-0.292333
-0.507772
-0.529041
-0.408008
-0.323099
-0.288065
-0.272537
-0.266522
-0.789828
-0.75858
-0.697944
-0.622023
-0.53971
-0.455776
-0.373017
-0.294742
-0.22608
-0.175035
-0.148164
-0.187713
-0.279894
-0.522626
-0.628834
-0.432322
-0.379956
-0.353298
-0.336991
-0.330584
-0.800025
-0.771421
-0.714563
-0.642877
-0.564919
-0.48547
-0.407248
-0.33362
-0.269203
-0.222125
-0.192106
-0.169315
-0.0716181
0.0119499
-0.0685317
-0.227881
-0.316259
-0.336412
-0.342177
-0.34296
-0.798951
-0.774242
-0.722546
-0.656122
-0.583709
-0.509685
-0.436694
-0.367999
-0.307679
-0.264093
-0.222719
-0.155786
0.0716946
0.427279
0.114145
-0.188324
-0.336273
-0.381233
-0.391155
-0.393337
-0.782757
-0.764196
-0.720308
-0.660385
-0.594729
-0.527015
-0.459868
-0.396419
-0.341356
-0.300073
-0.259181
-0.286408
-0.324572
-0.297548
-0.37626
-0.496592
-0.558292
-0.573502
-0.576372
-0.576326
-0.752855
-0.73983
-0.706068
-0.655137
-0.597255
-0.536609
-0.475469
-0.417311
-0.367873
-0.33507
-0.329585
-0.545867
-0.910943
-1.13542
-0.95863
-0.853133
-0.875274
-0.839155
-0.81171
-0.809103
-0.713363
-0.705056
-0.682539
-0.641559
-0.591899
-0.538303
-0.4827
-0.428768
-0.382108
-0.354592
-0.358265
-0.616402
-1.00111
-1.36286
-1.46892
-1.55563
-1.45536
-1.20958
-1.03457
-1.01367
-0.671423
-0.666812
-0.653597
-0.623618
-0.581223
-0.533059
-0.481511
-0.429005
-0.381356
-0.346603
-0.35975
-0.499802
-0.895195
-1.43398
-1.78355
-1.89995
-1.87752
-1.647
-1.46588
-1.39337
-0.635789
-0.633444
-0.626245
-0.604571
-0.568658
-0.523631
-0.473213
-0.418963
-0.364107
-0.318243
-0.306451
-0.361507
-0.398332
-0.361279
-0.321427
-0.25605
-0.152211
-0.0218703
0.0945812
0.173082
-0.608121
-0.607119
-0.604613
-0.59066
-0.558942
-0.514163
-0.461282
-0.401184
-0.337355
-0.268815
-0.203359
-0.117396
0.101604
0.486949
0.894956
1.26181
1.51939
1.67139
1.7528
1.78341
-0.588149
-0.587463
-0.586804
-0.579798
-0.552962
-0.506885
-0.4488
-0.381235
-0.30387
-0.217098
-0.119661
-0.0010548
0.303977
0.765124
1.25334
1.6867
1.99388
2.17441
2.25911
2.28596
-0.576001
-0.575562
-0.575277
-0.572632
-0.550385
-0.502566
-0.438021
-0.362167
-0.273813
-0.175642
-0.0659178
0.0392753
0.322835
0.774992
1.24072
1.66116
1.97366
2.15531
2.23688
2.26041
-0.567991
-0.567326
-0.56654
-0.566646
-0.550752
-0.502023
-0.430666
-0.347106
-0.253055
-0.149227
-0.0455987
0.0573514
0.246947
0.65312
1.06347
1.41689
1.68044
1.83157
1.89917
1.91837
-0.568236
-0.56621
-0.563881
-0.565539
-0.555733
-0.504904
-0.425549
-0.334201
-0.237061
-0.131845
-0.0312183
0.0679494
0.20936
0.534382
0.850269
1.11104
1.3084
1.42439
1.47785
1.49278
-0.584564
-0.583364
-0.585578
-0.589772
-0.575374
-0.509614
-0.417017
-0.318402
-0.219559
-0.116276
-0.020241
0.0711542
0.173532
0.387412
0.634229
0.826953
0.973891
1.05894
1.09636
1.10603
-0.60062
-0.606318
-0.617588
-0.61958
-0.588294
-0.501654
-0.395636
-0.294465
-0.199032
-0.103274
-0.0159853
0.0631866
0.137736
0.284198
0.454095
0.594533
0.703238
0.768342
0.797927
0.804181
-0.551119
-0.559785
-0.573112
-0.572045
-0.533234
-0.445831
-0.348338
-0.256879
-0.17306
-0.0907308
-0.0136641
0.0541469
0.119993
0.212716
0.33434
0.433217
0.507147
0.550282
0.567407
0.570705
-0.391417
-0.399357
-0.40903
-0.408523
-0.381604
-0.327568
-0.265316
-0.201504
-0.138449
-0.0732981
-0.0107923
0.0437923
0.0965762
0.149679
0.226788
0.297504
0.35202
0.38535
0.398472
0.398394
-0.189473
-0.193569
-0.200369
-0.206039
-0.203066
-0.188869
-0.165698
-0.135266
-0.0984856
-0.0545425
-0.010797
0.0290817
0.0657772
0.0967778
0.147197
0.196919
0.233674
0.255377
0.263341
0.263
-0.0283492
-0.0304659
-0.03652
-0.0483135
-0.0633275
-0.0755263
-0.080018
-0.0751696
-0.0605447
-0.0369091
-0.0100728
0.015644
0.0369131
0.0526267
0.0824601
0.115888
0.141068
0.154562
0.159057
0.157808
0.062073
0.0607925
0.0551658
0.0413347
0.0197291
-0.00263891
-0.0199101
-0.0292055
-0.0293898
-0.0210074
-0.00940273
0.000333357
0.00608133
0.0142363
0.0343084
0.0558095
0.0710777
0.0780157
0.0801068
0.0786996
0.0973069
0.0963095
0.0915838
0.0794721
0.0597772
0.0374962
0.0171898
0.00196494
-0.00663853
-0.00899513
-0.00958144
-0.0123958
-0.0176414
-0.0139463
0.0010836
0.0146186
0.022297
0.024775
0.0245724
0.0235123
0.102968
0.102223
0.0987177
0.0896043
0.074319
0.0558861
0.0374982
0.0215633
0.00947727
0.000909621
-0.00759577
-0.0186952
-0.0302704
-0.0278995
-0.0172225
-0.00936164
-0.00641473
-0.00678034
-0.00758455
-0.00833921
0.0958644
0.0953632
0.0929918
0.0867039
0.0758198
0.061982
0.0471265
0.0329972
0.0206497
0.00971487
-0.00244067
-0.0177073
-0.0306769
-0.0275482
-0.0196523
-0.015793
-0.0161741
-0.0182
-0.0192668
-0.0198296
0.0844493
0.08413
0.0826297
0.0785825
0.0713169
0.0616089
0.0505887
0.0394096
0.0287435
0.0184049
0.00663827
-0.00795582
-0.0191037
-0.0138097
-0.00832922
-0.00777922
-0.0101689
-0.0127033
-0.0136979
-0.0141647
0.0725624
0.0723606
0.0714773
0.0690824
0.0646011
0.0583008
0.0507907
0.0428748
0.0351041
0.0276709
0.0196808
0.0104384
0.00542126
0.0116625
0.0134814
0.0115389
0.0082432
0.00583211
0.0049904
0.00454452
0.0618409
0.061714
0.0612433
0.0599906
0.0575144
0.0538318
0.049259
0.0444188
0.0399264
0.0365846
0.0351163
0.0342788
0.0361611
0.0417839
0.0415423
0.0380608
0.0347021
0.0329333
0.0323304
0.0318118
0.0527723
0.0526918
0.0524802
0.0519676
0.0508505
0.0490506
0.0467681
0.0445438
0.0432997
0.0446113
0.0502727
0.0591291
0.0688785
0.0737312
0.0705603
0.066183
0.0638321
0.0631887
0.0628673
0.0621976
0.0451664
0.0451208
0.0450647
0.0449699
0.044695
0.0441315
0.0434733
0.0432399
0.0445373
0.049672
0.0617701
0.0800072
0.0973685
0.0997787
0.093666
0.0894509
0.0891196
0.0898287
0.0896921
0.0887732
0.0385234
0.0385063
0.0385273
0.0386259
0.0387676
0.0389178
0.0392296
0.0402502
0.0431749
0.0505586
0.0661127
0.0890191
0.109022
0.109525
0.103871
0.102689
0.10354
0.105562
0.105601
0.104612
0.0322934
0.0322959
0.0323463
0.0325051
0.0328228
0.0332661
0.0340129
0.0355958
0.0389376
0.0464825
0.0614722
0.0833752
0.101875
0.102009
0.0990845
0.10065
0.106039
0.108991
0.108759
0.107568
0.0259431
0.0259418
0.0259885
0.0261463
0.0264807
0.0270289
0.0278469
0.0293518
0.0322774
0.0380574
0.0486032
0.0631089
0.0749669
0.0753667
0.0771907
0.0839806
0.0912287
0.0950424
0.0951677
0.0941042
0.0193322
0.0193258
0.019376
0.0194869
0.0197428
0.0201932
0.0208564
0.021988
0.0239301
0.0271813
0.0308905
0.0326235
0.0323341
0.0338802
0.0441256
0.0567198
0.0655036
0.0691399
0.0692123
0.0683476
0.0124114
0.0123919
0.012417
0.0124785
0.0126449
0.0128736
0.0133601
0.0140304
0.0150672
0.0159236
0.0135618
0.00220676
-0.0104735
-0.00566074
0.0123971
0.027842
0.035699
0.0386414
0.0386119
0.038017
0.00534691
0.00529207
0.00528923
0.00530889
0.00533481
0.00541846
0.0055471
0.00582517
0.00616505
0.00643787
0.00544579
-0.00198682
-0.0186963
-0.0249489
-0.0109555
0.00332155
0.00797282
0.0106735
0.0111935
0.0114547
-0.663398
-0.0950481
0.227143
0.444759
0.611464
0.739602
0.843029
0.932191
1.04173
1.0389
0.149432
0.298684
0.461316
0.600694
0.715774
0.809483
0.886756
0.94554
0.96961
0.973775
0.417528
0.518036
0.626687
0.721504
0.802457
0.86995
0.92373
0.961526
0.985127
1.00217
0.606912
0.676175
0.751385
0.818871
0.877306
0.926376
0.965823
0.996067
1.01982
1.03849
0.748753
0.800537
0.853096
0.90327
0.947232
0.985045
1.01676
1.04279
1.06455
1.08289
0.8634
0.901072
0.942782
0.98207
1.01761
1.04901
1.07623
1.0991
1.11827
1.13606
0.961494
0.991953
1.02765
1.06108
1.09222
1.12036
1.14497
1.16561
1.18233
1.1997
1.05137
1.07999
1.11361
1.14539
1.1751
1.20197
1.2253
1.24445
1.25891
1.27604
1.142
1.17307
1.20828
1.24099
1.2709
1.29743
1.31995
1.33792
1.35051
1.36777
1.24572
1.28152
1.3195
1.35367
1.38367
1.40936
1.4306
1.44721
1.45879
1.47663
1.37493
1.414
1.45218
1.48527
1.51322
1.53679
1.5564
1.5719
1.58372
1.60197
1.53609
1.57212
1.60422
1.63101
1.65383
1.67433
1.69294
1.70897
1.72268
1.74055
1.72081
1.74587
1.76574
1.78426
1.80192
1.81866
1.83453
1.85053
1.86765
1.88679
1.9075
1.91836
1.93108
1.94563
1.95925
1.97132
1.98223
1.99358
2.00899
2.02842
2.08942
2.10285
2.10791
2.10892
2.11089
2.11826
2.13197
2.14957
2.16331
2.17465
2.35829
2.30771
2.26024
2.22865
2.2156
2.22016
2.2434
2.28846
2.35515
2.44927
0.803388
0.800376
0.794314
0.783382
0.770883
0.759561
0.750485
0.743702
0.739201
0.737258
0.738439
0.742383
0.748512
0.756772
0.767255
0.779563
0.791908
0.800613
0.805124
0.807287
0.731702
0.738349
0.743593
0.747203
0.748306
0.746658
0.743186
0.739366
0.736345
0.734986
0.736015
0.739009
0.743063
0.747263
0.750275
0.750793
0.748465
0.744079
0.737785
0.731959
0.721614
0.724574
0.727932
0.730413
0.732162
0.73333
0.733535
0.73276
0.731658
0.731153
0.731958
0.733649
0.735281
0.736042
0.735606
0.73434
0.73243
0.729553
0.726213
0.723924
0.715592
0.717014
0.719221
0.721484
0.723194
0.724372
0.725237
0.725789
0.726016
0.726268
0.7269
0.727609
0.727911
0.727679
0.727034
0.725878
0.724056
0.721823
0.720068
0.718983
0.710263
0.71108
0.712538
0.714302
0.716029
0.717484
0.718595
0.719498
0.720283
0.720984
0.721578
0.721888
0.721841
0.721442
0.720598
0.719298
0.717764
0.716233
0.715209
0.714544
0.705252
0.705805
0.706881
0.708284
0.70978
0.711263
0.712625
0.713792
0.714825
0.715763
0.716435
0.716701
0.71657
0.716019
0.715104
0.713994
0.712811
0.71172
0.711024
0.710557
0.700429
0.700843
0.701702
0.7029
0.704212
0.705598
0.707015
0.708385
0.709644
0.710782
0.711597
0.71192
0.711769
0.711236
0.71047
0.709594
0.708676
0.707853
0.707339
0.706984
0.695729
0.696054
0.696762
0.697811
0.699028
0.700344
0.701749
0.703216
0.704677
0.706046
0.707049
0.707486
0.70744
0.70707
0.706504
0.705821
0.705108
0.704493
0.704107
0.703825
0.691068
0.691332
0.691932
0.692881
0.694036
0.695317
0.696731
0.698273
0.699901
0.701521
0.702769
0.703415
0.703578
0.703418
0.703053
0.702566
0.702039
0.701587
0.701295
0.701063
0.686361
0.68658
0.687107
0.687995
0.689112
0.690392
0.691851
0.693494
0.695302
0.697198
0.698764
0.699709
0.700142
0.700219
0.700064
0.699778
0.699419
0.699106
0.698888
0.698693
0.681524
0.68171
0.682187
0.683043
0.684159
0.685478
0.687021
0.688811
0.690851
0.693076
0.69504
0.696358
0.697106
0.697451
0.697525
0.697429
0.697241
0.69705
0.696892
0.696723
0.676473
0.676634
0.677082
0.677938
0.679096
0.680499
0.682174
0.684174
0.686522
0.68917
0.691618
0.69337
0.694481
0.695125
0.695448
0.695548
0.695528
0.695448
0.695339
0.69519
0.671124
0.671266
0.671704
0.672589
0.673828
0.675361
0.677228
0.67951
0.68225
0.685431
0.688469
0.69074
0.692274
0.69326
0.693858
0.694184
0.694331
0.694351
0.694284
0.694149
0.665382
0.665509
0.665951
0.666893
0.668255
0.669971
0.672098
0.674744
0.677983
0.681828
0.685583
0.688477
0.690512
0.691895
0.692806
0.693378
0.693704
0.693825
0.693796
0.693671
0.659129
0.659245
0.659704
0.660734
0.662266
0.664225
0.66669
0.669793
0.673647
0.678299
0.682936
0.686597
0.68924
0.691091
0.692359
0.693215
0.693742
0.693965
0.693972
0.693853
0.652229
0.652334
0.652824
0.653976
0.655731
0.658007
0.660911
0.664609
0.669251
0.674911
0.680617
0.68518
0.688537
0.690939
0.692618
0.693803
0.694551
0.694883
0.694925
0.69481
0.644507
0.644614
0.645138
0.646448
0.648478
0.651155
0.654613
0.659056
0.66468
0.671582
0.678586
0.684241
0.688441
0.691503
0.693701
0.695263
0.696259
0.69671
0.696787
0.696672
0.635667
0.635777
0.636393
0.637893
0.640282
0.643479
0.647644
0.653021
0.659861
0.668288
0.676867
0.683836
0.689053
0.692896
0.69571
0.69773
0.699015
0.699598
0.699711
0.699594
0.625452
0.625562
0.626285
0.62804
0.63088
0.634739
0.639796
0.646362
0.654726
0.665026
0.67552
0.684057
0.690476
0.695253
0.698792
0.701356
0.70298
0.70371
0.703858
0.703734
0.613374
0.613502
0.614376
0.616476
0.619907
0.624631
0.630859
0.638961
0.649265
0.661886
0.674652
0.685018
0.692853
0.698726
0.703109
0.706311
0.708326
0.709218
0.7094
0.709266
0.598818
0.598983
0.600071
0.602627
0.606842
0.612713
0.62047
0.630537
0.64325
0.658685
0.674191
0.686737
0.696226
0.703391
0.708799
0.712756
0.715222
0.716288
0.716498
0.716347
0.580834
0.58107
0.58249
0.585709
0.591031
0.598507
0.608363
0.621057
0.636878
0.655764
0.674446
0.689436
0.700788
0.709418
0.715986
0.720806
0.723772
0.725014
0.725238
0.725063
0.557954
0.558337
0.560302
0.564555
0.571542
0.581346
0.594125
0.610295
0.63
0.653007
0.675374
0.693153
0.706593
0.716858
0.724705
0.730488
0.733974
0.735375
0.735596
0.735392
0.527831
0.528516
0.531448
0.537504
0.547217
0.560566
0.577537
0.59835
0.622914
0.650778
0.677262
0.698058
0.713729
0.725757
0.734972
0.741761
0.745726
0.747239
0.747433
0.747197
0.486338
0.487753
0.492783
0.502407
0.516913
0.535794
0.558695
0.58552
0.615944
0.649329
0.680296
0.704269
0.722263
0.736101
0.746763
0.754501
0.758811
0.760341
0.760482
0.760218
0.425842
0.430313
0.440906
0.457594
0.480261
0.507411
0.538223
0.57242
0.609585
0.648997
0.684638
0.711844
0.732155
0.747772
0.759834
0.768364
0.772853
0.774223
0.774265
0.773996
0.353415
0.361502
0.380911
0.408166
0.441306
0.477782
0.517139
0.55927
0.603829
0.650167
0.691562
0.723026
0.746564
0.764622
0.77841
0.787991
0.792741
0.794146
0.794276
0.794166
0.280578
0.294028
0.322521
0.360152
0.403209
0.448919
0.496854
0.547003
0.599081
0.652512
0.699883
0.735809
0.762727
0.783529
0.799415
0.810021
0.81476
0.815755
0.815915
0.815912
0.22017
0.237473
0.271675
0.317041
0.368144
0.421967
0.477787
0.535519
0.594806
0.655048
0.708084
0.748154
0.778155
0.801279
0.818835
0.830077
0.834831
0.83646
0.836764
0.83682
0.170564
0.189904
0.228554
0.279704
0.337144
0.39764
0.460266
0.524803
0.59074
0.65737
0.715718
0.759613
0.79235
0.817539
0.836552
0.84891
0.854411
0.856411
0.85679
0.856883
0.128814
0.149382
0.191367
0.247084
0.309765
0.375841
0.444321
0.514866
0.586829
0.659351
0.722622
0.770016
0.805261
0.832351
0.85271
0.86587
0.872047
0.874335
0.874769
0.874878
0.0926222
0.113997
0.158636
0.218039
0.285089
0.355972
0.42959
0.505496
0.582927
0.660865
0.728672
0.779279
0.816777
0.845412
0.866746
0.880544
0.887379
0.889848
0.890318
0.890409
0.0603547
0.0823075
0.129091
0.191588
0.262348
0.337411
0.415601
0.496353
0.578798
0.661762
0.733818
0.787401
0.826872
0.856689
0.878644
0.892887
0.900204
0.902868
0.903399
0.903472
0.0308085
0.0531947
0.101789
0.166953
0.240938
0.31968
0.401962
0.487132
0.574229
0.661948
0.738065
0.794468
0.83571
0.866514
0.888927
0.903505
0.911125
0.913953
0.914531
0.914575
0.00305523
0.0259031
0.07615
0.143564
0.220411
0.302427
0.388393
0.477613
0.569069
0.661344
0.741432
0.800582
0.843488
0.875157
0.897976
0.912794
0.920603
0.923499
0.924092
0.924096
-0.0233921
-3.41044e-05
0.0515054
0.121061
0.200452
0.285405
0.37471
0.467659
0.56322
0.659907
0.743944
0.805838
0.85038
0.882882
0.906098
0.921121
0.928981
0.931924
0.932455
0.932397
-0.0489094
-0.0250153
0.0276517
0.0991869
0.180855
0.268454
0.360797
0.457183
0.556614
0.657603
0.745602
0.810309
0.856553
0.889951
0.913589
0.928791
0.936683
0.939569
0.940082
0.939986
-0.0737332
-0.0493736
0.00449323
0.0777815
0.161503
0.251487
0.346579
0.446137
0.549213
0.654378
0.74639
0.814047
0.86213
0.89654
0.920662
0.936034
0.943917
0.946711
0.947169
0.947042
-0.0979967
-0.0731085
-0.018121
0.0567431
0.14233
0.234456
0.332038
0.434504
0.540997
0.650196
0.746267
0.817066
0.867198
0.902769
0.927426
0.942927
0.950713
0.953358
0.953723
0.95356
-0.121724
-0.0962805
-0.0402408
0.03606
0.123318
0.217371
0.317191
0.422297
0.531955
0.645017
0.74517
0.819338
0.871811
0.908745
0.933978
0.949519
0.957111
0.959525
0.95977
0.959575
-0.144879
-0.118948
-0.0618841
0.0157302
0.104493
0.200254
0.302071
0.409556
0.522105
0.638813
0.743022
0.820806
0.875987
0.914573
0.940453
0.955901
0.9631
0.965194
0.965326
0.965108
-0.167499
-0.141049
-0.0830195
-0.0042139
0.0858935
0.18316
0.286743
0.396341
0.511501
0.631576
0.739761
0.821371
0.879674
0.920348
0.947049
0.962223
0.968749
0.970383
0.970386
0.970156
-0.189482
-0.162525
-0.103591
-0.0237294
0.0675684
0.166162
0.271285
0.382731
0.500202
0.623322
0.735317
0.820904
0.882765
0.92611
0.954041
0.968817
0.974206
0.97509
0.974924
0.974705
-0.210837
-0.18333
-0.123582
-0.0427581
0.0495874
0.149328
0.255786
0.368826
0.488285
0.614106
0.729642
0.81926
0.885067
0.93177
0.961717
0.976342
0.980034
0.979478
0.978923
0.978782
-0.23147
-0.203462
-0.142942
-0.0612546
0.0320063
0.132738
0.240323
0.354704
0.475859
0.604008
0.722712
0.816283
0.886312
0.937017
0.970117
0.985718
0.987765
0.984589
0.982521
0.982134
-0.251447
-0.222895
-0.161625
-0.0791645
0.0148989
0.116476
0.225016
0.340498
0.463048
0.593124
0.714549
0.811824
0.886187
0.941267
0.978639
0.997386
0.99983
0.994274
0.986474
0.969267
-0.270708
-0.241621
-0.179774
-0.0966967
-0.00203786
0.100202
0.209436
0.325736
0.449325
0.580912
0.704586
0.805256
0.884228
0.943835
0.986087
1.01039
1.01681
1.0113
0.995743
1.00916
-0.289378
-0.259628
-0.197328
-0.113809
-0.0187337
0.0839748
0.19359
0.310444
0.434683
0.567275
0.692636
0.795984
0.879746
0.943496
0.988717
1.01692
1.02792
1.01995
0.958682
0.941852
-0.308064
-0.277513
-0.214036
-0.130134
-0.0346531
0.0682447
0.177688
0.294882
0.419409
0.55242
0.678728
0.783636
0.87194
0.939466
0.981306
1.00816
1.01063
0.9758
0.907613
0.866445
-0.32747
-0.296224
-0.229486
-0.145315
-0.0494342
0.0531588
0.16211
0.279223
0.403588
0.536368
0.662738
0.768088
0.858759
0.931195
0.981991
0.970436
0.947558
0.88625
0.814754
0.771193
0.0909413
0.204726
0.325041
0.452847
0.583293
0.699731
0.793866
0.645374
-0.348542
-0.329703
-0.291324
-0.220743
-0.131337
-0.0331913
0.0725772
0.185298
0.304814
0.431384
0.5606
0.675991
0.768701
0.844008
0.896005
0.858938
0.719169
0.632458
0.564384
-0.366269
-0.353187
-0.308685
-0.236428
-0.14674
-0.0484641
0.0567955
0.169036
0.287685
0.412832
0.539709
0.651519
0.738269
0.800688
0.798811
0.697986
0.556237
0.451599
0.363058
-0.389577
-0.376836
-0.329384
-0.256033
-0.166261
-0.0677644
0.0375731
0.149486
0.267194
0.390688
0.514398
0.621171
0.699321
0.743702
0.705631
0.54787
0.384248
0.252164
0.134836
-0.41311
-0.400199
-0.35115
-0.276577
-0.186415
-0.0879208
0.017164
0.128375
0.244867
0.366286
0.486391
0.58755
0.658275
0.67704
0.593728
0.403102
0.207201
0.0295478
-0.137511
-0.435856
-0.423428
-0.373587
-0.297945
-0.207358
-0.108865
-0.00417085
0.1062
0.221305
0.340317
0.456384
0.551165
0.61214
0.595208
0.467689
0.269398
0.0524833
-0.153753
-0.340518
-0.459205
-0.447048
-0.396915
-0.320582
-0.229664
-0.13111
-0.0267292
0.0828643
0.196525
0.312991
0.42482
0.512753
0.560901
0.52136
0.352583
0.157914
-0.0510072
-0.247321
-0.367792
-0.404998
-0.483894
-0.471875
-0.421493
-0.3448
-0.25375
-0.155236
-0.051236
0.0574637
0.169456
0.282979
0.390046
0.470445
0.50429
0.44315
0.249525
0.0641192
-0.113213
-0.24628
-0.29083
-0.31481
-0.510049
-0.498159
-0.447591
-0.370714
-0.279693
-0.181417
-0.0779792
0.0295592
0.139531
0.249601
0.351196
0.423686
0.438615
0.340321
0.157663
-0.0131339
-0.162102
-0.2439
-0.263416
-0.269057
-0.538004
-0.526105
-0.475335
-0.398337
-0.307474
-0.209604
-0.106972
-0.000877862
0.106707
0.212835
0.308204
0.372514
0.359037
0.240072
0.0718393
-0.088431
-0.205062
-0.248012
-0.248412
-0.249732
-0.567662
-0.555861
-0.504755
-0.427673
-0.337082
-0.239791
-0.138202
-0.0338368
0.0709812
0.172694
0.261229
0.315703
0.28468
0.145186
-0.00831636
-0.157028
-0.220624
-0.238397
-0.239493
-0.239457
-0.598879
-0.587083
-0.535746
-0.458631
-0.368422
-0.271912
-0.171599
-0.0692809
0.0323866
0.129237
0.210498
0.25323
0.217867
0.0611692
-0.0810147
-0.19308
-0.239717
-0.233582
-0.233615
-0.233702
-0.631168
-0.619292
-0.568049
-0.490958
-0.401294
-0.305775
-0.207007
-0.107056
-0.00891231
0.0827486
0.156234
0.189059
0.138324
-0.013231
-0.140514
-0.218773
-0.233514
-0.231422
-0.231324
-0.230835
-0.664029
-0.652079
-0.601074
-0.524239
-0.435316
-0.341033
-0.24411
-0.146846
-0.0526219
0.0336308
0.0991333
0.120499
0.0470091
-0.0814019
-0.185439
-0.206349
-0.22259
-0.229952
-0.231162
-0.230909
-0.696489
-0.684546
-0.633987
-0.557816
-0.469914
-0.377168
-0.282421
-0.188162
-0.0981849
-0.0176223
0.0407896
0.0457975
-0.0387112
-0.151918
-0.205126
-0.241023
-0.234813
-0.233176
-0.232316
-0.232198
-0.726733
-0.715642
-0.665873
-0.590673
-0.504254
-0.413434
-0.321241
-0.230312
-0.144757
-0.0702252
-0.0174023
-0.0239741
-0.119553
-0.235317
-0.260708
-0.258066
-0.252606
-0.24174
-0.235733
-0.234538
-0.754056
-0.743258
-0.695386
-0.6216
-0.537233
-0.448825
-0.359635
-0.272398
-0.19128
-0.122795
-0.0752318
-0.0861735
-0.189692
-0.347149
-0.403797
-0.348797
-0.304646
-0.273756
-0.257357
-0.251339
-0.775871
-0.765731
-0.720213
-0.649156
-0.567491
-0.482135
-0.396447
-0.313279
-0.236606
-0.173504
-0.131945
-0.138985
-0.231396
-0.421154
-0.728917
-0.538127
-0.400595
-0.335788
-0.311632
-0.298392
-0.790193
-0.781083
-0.738699
-0.671283
-0.593393
-0.511923
-0.430392
-0.351607
-0.279468
-0.220844
-0.183698
-0.169793
-0.199562
-0.234639
-0.292932
-0.349855
-0.348563
-0.35239
-0.34969
-0.345259
-0.794494
-0.787008
-0.748842
-0.686229
-0.613123
-0.536617
-0.45998
-0.385997
-0.3186
-0.263458
-0.225094
-0.183493
-0.0869867
0.206474
0.247292
-0.0486795
-0.257473
-0.332631
-0.350109
-0.356878
-0.78729
-0.781224
-0.748539
-0.692141
-0.625166
-0.554651
-0.483734
-0.415103
-0.352693
-0.300432
-0.26197
-0.222684
-0.135823
0.0288955
0.0364924
-0.194468
-0.373093
-0.444969
-0.461997
-0.467878
-0.76489
-0.76051
-0.735003
-0.687636
-0.628474
-0.564939
-0.500361
-0.437411
-0.38009
-0.334135
-0.30674
-0.333779
-0.510153
-0.754383
-0.817508
-0.722541
-0.718287
-0.718811
-0.702892
-0.697271
-0.73017
-0.727462
-0.709865
-0.672706
-0.623031
-0.56717
-0.509073
-0.451487
-0.398768
-0.35871
-0.344932
-0.455302
-0.822575
-1.21669
-1.16068
-1.03533
-1.01406
-0.948002
-0.853364
-0.842305
-0.688876
-0.687225
-0.677828
-0.650784
-0.61075
-0.562133
-0.50981
-0.45616
-0.405648
-0.366006
-0.35813
-0.418667
-0.739773
-1.24973
-1.80667
-2.06892
-2.11994
-1.87043
-1.56327
-1.33457
-0.650122
-0.649071
-0.644766
-0.627816
-0.59535
-0.552179
-0.50374
-0.45156
-0.3988
-0.35259
-0.330505
-0.349442
-0.572659
-0.819953
-1.05688
-1.16428
-1.23279
-1.14739
-0.989732
-0.84346
-0.620613
-0.620013
-0.61765
-0.608112
-0.581715
-0.541947
-0.493824
-0.439397
-0.38132
-0.322076
-0.272653
-0.24851
-0.185069
0.0241645
0.306287
0.595911
0.828406
0.998739
1.10315
1.16517
-0.597122
-0.596526
-0.595617
-0.592099
-0.572624
-0.534499
-0.48338
-0.424227
-0.356498
-0.283589
-0.201031
-0.114908
0.0636378
0.434303
0.902828
1.35288
1.70473
1.92708
2.04898
2.09717
-0.581506
-0.581104
-0.580548
-0.579329
-0.566945
-0.529957
-0.474914
-0.408518
-0.330695
-0.242488
-0.143546
-0.0342188
0.158496
0.5557
1.04047
1.50826
1.88949
2.1406
2.27256
2.32279
-0.571643
-0.571362
-0.570869
-0.57066
-0.563821
-0.529167
-0.469669
-0.395347
-0.309804
-0.212006
-0.110522
0.00173775
0.138363
0.493587
0.947323
1.36836
1.71716
1.94573
2.06289
2.10644
-0.566445
-0.565749
-0.563778
-0.563294
-0.562219
-0.532369
-0.467734
-0.385428
-0.293785
-0.193385
-0.0903705
0.0181408
0.114978
0.393638
0.784021
1.11739
1.39096
1.57114
1.66364
1.69876
-0.575332
-0.573679
-0.571461
-0.572797
-0.5741
-0.541535
-0.466593
-0.375081
-0.27808
-0.177139
-0.0733221
0.0242265
0.113575
0.319904
0.609166
0.860815
1.05862
1.19351
1.26353
1.28959
-0.596726
-0.595365
-0.600009
-0.606117
-0.602123
-0.553231
-0.459235
-0.357678
-0.258538
-0.160053
-0.0621565
0.0242235
0.103715
0.223689
0.435533
0.621925
0.769633
0.869901
0.921068
0.939629
-0.588948
-0.592577
-0.604766
-0.613636
-0.599388
-0.532312
-0.428296
-0.32561
-0.231606
-0.142552
-0.055284
0.0220741
0.096797
0.179181
0.321636
0.454662
0.557818
0.631563
0.668635
0.681632
-0.481204
-0.485667
-0.498426
-0.50579
-0.489886
-0.432486
-0.351598
-0.270339
-0.193647
-0.120263
-0.046658
0.0211622
0.084401
0.139516
0.229157
0.32282
0.395182
0.446029
0.470694
0.477436
-0.287931
-0.292062
-0.29958
-0.305816
-0.300696
-0.275366
-0.23705
-0.192292
-0.144098
-0.0917799
-0.0365091
0.0164242
0.0622425
0.0985691
0.152945
0.215651
0.267942
0.30539
0.323275
0.329377
-0.0993411
-0.101718
-0.106207
-0.114269
-0.123185
-0.127803
-0.124955
-0.112898
-0.0923935
-0.0634108
-0.027949
0.00919933
0.0381493
0.0584487
0.0930611
0.13446
0.170638
0.194793
0.206172
0.208083
0.0262709
0.0248564
0.0217137
0.0123346
-0.00492716
-0.0253446
-0.0414637
-0.0497846
-0.0483333
-0.0374212
-0.0189043
0.00131125
0.015073
0.0248382
0.0430575
0.0700179
0.0942778
0.109676
0.115381
0.116147
0.0853967
0.0844952
0.0819351
0.0730343
0.0552713
0.0321325
0.0101988
-0.00647269
-0.0155272
-0.0167654
-0.0119544
-0.00726888
-0.00687389
-0.00688852
0.00697637
0.025452
0.0395248
0.0469411
0.0492357
0.0487396
0.102882
0.10228
0.100265
0.0932031
0.0787711
0.0591014
0.0385689
0.0203873
0.00683535
-0.00153286
-0.00598913
-0.0118681
-0.0214711
-0.0266069
-0.0172725
-0.00468174
0.00348444
0.00628827
0.00605445
0.00539793
0.100518
0.100161
0.0987341
0.093721
0.0832418
0.068327
0.0515419
0.0353492
0.021438
0.010174
0.000522076
-0.0116448
-0.0263106
-0.0328014
-0.0243242
-0.0164561
-0.0138672
-0.0140924
-0.0155068
-0.0160873
0.0904638
0.0902752
0.0893374
0.0860432
0.0789598
0.0684434
0.0559158
0.0428871
0.0306329
0.0194354
0.00833331
-0.00564233
-0.0216632
-0.0268866
-0.0185533
-0.0138249
-0.0138958
-0.016103
-0.0179733
-0.0185133
0.0784613
0.0783666
0.0777825
0.0757666
0.0713025
0.0643692
0.0556641
0.0461464
0.036696
0.0275446
0.0182452
0.00670783
-0.00521572
-0.00667062
-0.00011376
0.00195549
-0.000683579
-0.00364588
-0.00534321
-0.00582331
0.0670123
0.0669597
0.0666111
0.0654841
0.0629268
0.0587622
0.0532595
0.0470087
0.040699
0.034821
0.029772
0.0247482
0.0204165
0.0235993
0.0275533
0.0261767
0.0224795
0.0195696
0.0182504
0.0177837
0.0571061
0.0570681
0.0568829
0.0563452
0.0550857
0.052884
0.0498458
0.0463728
0.0431261
0.0410127
0.0415739
0.0448401
0.0492354
0.0546257
0.0570887
0.0541966
0.0503897
0.0483585
0.0477063
0.0472339
0.0488261
0.0487946
0.0487063
0.0485295
0.0481038
0.0472179
0.045914
0.0445754
0.0438799
0.0452934
0.0513853
0.0634073
0.0778111
0.0891306
0.0863077
0.081319
0.0780486
0.0774677
0.0775661
0.0768973
0.0417613
0.0417364
0.0417072
0.0417166
0.0417407
0.0416657
0.0414878
0.0415942
0.0427436
0.0466275
0.0567081
0.075174
0.0972688
0.109053
0.103414
0.098313
0.0970598
0.0983695
0.0992804
0.0985498
0.0353915
0.0353716
0.0353802
0.0354742
0.0356952
0.0359714
0.0363967
0.0373022
0.0394264
0.0444225
0.0557847
0.0760131
0.0995272
0.110764
0.105923
0.104197
0.105728
0.107928
0.109237
0.108333
0.0291563
0.0291426
0.0291791
0.0292959
0.029536
0.029949
0.0305642
0.0316972
0.0339353
0.0386291
0.0483443
0.0649985
0.0844575
0.0928554
0.0897135
0.0911592
0.0969816
0.102696
0.104266
0.103295
0.0226993
0.02268
0.0227118
0.0227807
0.0229923
0.0233971
0.0240082
0.0250342
0.0268191
0.0301988
0.036131
0.0445444
0.0530749
0.055872
0.0576185
0.0661476
0.0758141
0.082141
0.0835121
0.0827731
0.0159358
0.0159065
0.0159139
0.0159536
0.0160762
0.0163789
0.016859
0.0175353
0.0186647
0.0203807
0.0220227
0.0201947
0.0126208
0.00969063
0.0194052
0.0349998
0.0470406
0.0529069
0.0539804
0.0535139
0.00890587
0.00885739
0.00885746
0.00889257
0.00892256
0.00907788
0.00933884
0.00976119
0.0104688
0.0109887
0.0097609
0.00184479
-0.0170209
-0.0236308
-0.00825157
0.00933989
0.0199129
0.0238346
0.0238583
0.0235946
0.00531332
0.0052839
0.00530471
0.0053187
0.00536236
0.00548585
0.00576237
0.00597616
0.00629935
0.00622594
0.00300982
-0.00963182
-0.0245051
-0.0193923
-0.00202002
0.0055939
0.00986433
0.0109188
0.0115187
0.00105502
-0.311172
0.0337461
0.255125
0.446113
0.600604
0.724062
0.823033
0.907234
0.968131
0.963748
0.191776
0.345304
0.487533
0.610207
0.715161
0.802834
0.875061
0.931122
0.965167
0.977688
0.457385
0.554546
0.649053
0.734146
0.80814
0.871035
0.922574
0.961902
0.989784
1.0088
0.638596
0.703687
0.771632
0.834329
0.88834
0.934855
0.973722
1.00508
1.03023
1.04825
0.776378
0.822994
0.875294
0.92158
0.963247
0.999856
1.03152
1.05825
1.08049
1.09603
0.888273
0.925809
0.966652
1.00371
1.03817
1.06938
1.09703
1.12073
1.14049
1.15336
0.985865
1.01823
1.05308
1.08639
1.11766
1.14645
1.17213
1.19401
1.21182
1.22229
1.0769
1.10816
1.14236
1.17565
1.20662
1.2349
1.2598
1.28062
1.29683
1.30543
1.17166
1.20643
1.24321
1.27861
1.31049
1.33872
1.36288
1.38262
1.39741
1.40539
1.28446
1.32478
1.36401
1.4008
1.43257
1.45963
1.48219
1.50042
1.5141
1.52318
1.42828
1.47096
1.50861
1.54228
1.57028
1.59405
1.61466
1.63206
1.64591
1.65704
1.60614
1.64372
1.67172
1.69606
1.71708
1.73636
1.75461
1.77175
1.78765
1.80216
1.80382
1.82484
1.83974
1.85553
1.87181
1.88711
1.90082
1.91408
1.92958
1.94794
1.99442
2.00159
2.01214
2.02369
2.0336
2.0428
2.05304
2.06414
2.07575
2.08462
2.20747
2.20924
2.20131
2.18479
2.17364
2.17307
2.18523
2.20983
2.24395
2.26848
2.6271
2.43321
2.33216
2.2743
2.24517
2.23854
2.25373
2.29455
2.3704
2.51335
-0.312123
-0.316559
-0.27695
-0.204214
-0.114662
-0.0157565
0.881806
0.949879
0.947773
0.868488
0.797705
0.72585
0.49564
0.271177
-0.000313224
-0.358837
-0.711567
)
;

boundaryField
{
    wall-4
    {
        type            zeroGradient;
    }
    pressure-outlet-7
    {
        type            fixedValue;
        value           uniform 0;
    }
    velocity-inlet-6
    {
        type            zeroGradient;
    }
    velocity-inlet-5
    {
        type            zeroGradient;
    }
    frontAndBackPlanes
    {
        type            empty;
    }
}


// ************************************************************************* //
