/*--------------------------------*- C++ -*----------------------------------*\
  =========                 |
  \\      /  F ield         | OpenFOAM: The Open Source CFD Toolbox
   \\    /   O peration     | Website:  https://openfoam.org
    \\  /    A nd           | Version:  9
     \\/     M anipulation  |
\*---------------------------------------------------------------------------*/
FoamFile
{
    format      ascii;
    class       volScalarField;
    location    "35";
    object      p;
}
// * * * * * * * * * * * * * * * * * * * * * * * * * * * * * * * * * * * * * //

dimensions      [0 2 -2 0 0 0 0];

internalField   nonuniform List<scalar> 
8800
(
0.977392
0.929603
0.890908
0.861906
0.841031
0.826183
0.815561
0.808048
0.803185
0.801068
0.802256
0.806384
0.812977
0.822252
0.835002
0.852717
0.877481
0.911412
0.953953
1.01265
0.808653
0.816331
0.823794
0.827098
0.825587
0.820496
0.813992
0.80789
0.803127
0.800226
0.799873
0.802301
0.806726
0.812623
0.819357
0.82561
0.829232
0.828485
0.823052
0.814354
0.787076
0.793235
0.797357
0.800292
0.802328
0.802914
0.801783
0.799644
0.797576
0.796595
0.797475
0.799781
0.802519
0.804652
0.805222
0.803995
0.801631
0.798223
0.793657
0.789894
0.781306
0.783954
0.786699
0.789093
0.790714
0.791855
0.792567
0.792643
0.79229
0.79216
0.792819
0.793904
0.794672
0.79468
0.794025
0.792898
0.791055
0.788463
0.786048
0.784544
0.775979
0.777402
0.779176
0.781197
0.782967
0.784285
0.785242
0.785992
0.78654
0.787012
0.787555
0.787948
0.787962
0.787604
0.786849
0.785554
0.78382
0.781943
0.780621
0.77979
0.770973
0.771892
0.773128
0.774685
0.776302
0.777803
0.779053
0.780068
0.780955
0.781739
0.782298
0.782501
0.782352
0.781822
0.780867
0.779604
0.778227
0.776929
0.776089
0.775539
0.766156
0.766824
0.767783
0.769079
0.770474
0.771909
0.773312
0.774578
0.775689
0.776668
0.77733
0.777543
0.777321
0.776693
0.775787
0.774756
0.773674
0.7727
0.772094
0.771692
0.761489
0.762004
0.762786
0.763912
0.765177
0.766529
0.767938
0.76935
0.770679
0.771862
0.772675
0.772951
0.772745
0.772204
0.77147
0.770634
0.769769
0.76902
0.768563
0.768251
0.756904
0.757312
0.757968
0.758974
0.76017
0.761475
0.762879
0.764365
0.765873
0.767291
0.768298
0.768707
0.768644
0.768276
0.767725
0.767065
0.766374
0.7658
0.765451
0.765201
0.75233
0.75266
0.753229
0.754162
0.755314
0.756603
0.758031
0.759593
0.761254
0.762916
0.764183
0.764829
0.764993
0.76483
0.764462
0.763981
0.763442
0.763006
0.762739
0.762534
0.747693
0.747963
0.748472
0.749363
0.750499
0.751811
0.753303
0.754982
0.756829
0.758768
0.760369
0.761332
0.761765
0.761827
0.76165
0.761339
0.760954
0.760636
0.760433
0.760261
0.742919
0.743141
0.743611
0.744494
0.745659
0.747041
0.748645
0.750504
0.752617
0.75491
0.756923
0.758251
0.75898
0.759286
0.759311
0.759162
0.758913
0.758694
0.758546
0.758401
0.737947
0.738129
0.738578
0.739479
0.740713
0.742202
0.743962
0.746053
0.7485
0.751248
0.753762
0.755531
0.756615
0.757208
0.757465
0.757486
0.757375
0.757249
0.757147
0.757022
0.732703
0.732851
0.733295
0.734238
0.735573
0.737208
0.739174
0.741565
0.744434
0.747754
0.750885
0.753183
0.754699
0.755636
0.756165
0.756388
0.756415
0.756378
0.756318
0.756208
0.727106
0.727223
0.72767
0.728674
0.73014
0.731972
0.734221
0.736993
0.740367
0.744366
0.74827
0.751257
0.75331
0.754638
0.755449
0.755917
0.756106
0.756166
0.756149
0.756054
0.721055
0.721127
0.721591
0.722687
0.724344
0.726439
0.72905
0.732331
0.736409
0.741306
0.746135
0.749883
0.752535
0.754341
0.755516
0.756219
0.756602
0.756767
0.756793
0.756707
0.714395
0.714465
0.714944
0.716133
0.71798
0.720371
0.723413
0.727285
0.732161
0.738115
0.744103
0.748863
0.752318
0.754738
0.75638
0.757441
0.758058
0.758344
0.758412
0.758333
0.706888
0.706937
0.707464
0.708763
0.710879
0.713677
0.717297
0.721975
0.727921
0.735225
0.742614
0.74853
0.752862
0.755982
0.758218
0.759707
0.76062
0.761058
0.76117
0.761092
0.698258
0.698287
0.698874
0.700337
0.702779
0.706087
0.710427
0.716095
0.723357
0.732323
0.741424
0.748769
0.754228
0.758215
0.76114
0.763141
0.764422
0.765037
0.76519
0.765104
0.688006
0.688029
0.688702
0.690401
0.69328
0.697261
0.702548
0.709505
0.718436
0.729453
0.740642
0.749685
0.756451
0.761457
0.765186
0.767818
0.769523
0.770328
0.770517
0.770415
0.675464
0.675491
0.67631
0.678375
0.681897
0.686829
0.693413
0.702084
0.713172
0.726747
0.740415
0.751432
0.759705
0.76588
0.770503
0.77383
0.775983
0.776979
0.777202
0.777078
0.659806
0.65984
0.660887
0.663517
0.667982
0.674249
0.682601
0.693534
0.707356
0.724057
0.740691
0.754021
0.76402
0.771519
0.777186
0.781277
0.783897
0.785084
0.785337
0.785188
0.639903
0.639951
0.641359
0.644878
0.650777
0.658993
0.669838
0.683812
0.701134
0.721636
0.741718
0.757662
0.769615
0.778601
0.785402
0.790322
0.793435
0.794807
0.795083
0.794908
0.614037
0.614124
0.616155
0.621126
0.629299
0.640396
0.654784
0.672812
0.694527
0.719565
0.743594
0.762465
0.77657
0.787208
0.795258
0.801127
0.804756
0.806295
0.80658
0.806373
0.579254
0.579477
0.582788
0.590401
0.602346
0.6179
0.637311
0.660685
0.687818
0.718136
0.746563
0.768599
0.785018
0.797436
0.806901
0.813777
0.817915
0.819579
0.819845
0.8196
0.529755
0.530861
0.537499
0.550538
0.569007
0.591398
0.617737
0.647882
0.681429
0.717665
0.750818
0.776172
0.794997
0.809287
0.820269
0.828203
0.832797
0.83453
0.834739
0.834446
0.456478
0.464
0.479347
0.502505
0.530675
0.562194
0.597033
0.635013
0.675738
0.718495
0.756848
0.785927
0.807526
0.82405
0.836844
0.846005
0.851232
0.853184
0.853434
0.853196
0.377782
0.395127
0.419892
0.453658
0.491945
0.532805
0.576273
0.622343
0.670724
0.720825
0.765513
0.799471
0.824867
0.844448
0.859702
0.87062
0.876682
0.878849
0.879172
0.879117
0.312694
0.332906
0.365502
0.408055
0.455204
0.504838
0.556638
0.610596
0.66644
0.723607
0.77429
0.812776
0.841613
0.863811
0.880871
0.892843
0.899585
0.902381
0.902738
0.90275
0.259584
0.281532
0.319392
0.368197
0.422306
0.479239
0.538367
0.599545
0.662361
0.726215
0.782482
0.825028
0.856744
0.880926
0.899317
0.912436
0.920335
0.92305
0.923517
0.923594
0.215645
0.23862
0.280053
0.333715
0.393389
0.456312
0.521704
0.589265
0.658428
0.728433
0.789821
0.835945
0.870079
0.895918
0.915539
0.929531
0.937991
0.941101
0.941764
0.941877
0.178334
0.201918
0.246028
0.303449
0.367644
0.435631
0.506461
0.579677
0.654575
0.730218
0.79625
0.845541
0.881736
0.908928
0.929463
0.944098
0.952986
0.956553
0.957377
0.957502
0.145632
0.169628
0.215793
0.276258
0.344225
0.416565
0.492185
0.570494
0.650637
0.731473
0.801776
0.853895
0.891847
0.920109
0.941292
0.956384
0.965559
0.969441
0.970399
0.970527
0.11601
0.140405
0.188215
0.251229
0.322429
0.398551
0.478448
0.561387
0.646375
0.732082
0.806398
0.861148
0.900676
0.929861
0.951541
0.966961
0.97633
0.980418
0.981409
0.981498
0.0885056
0.113271
0.162543
0.227734
0.301722
0.381177
0.464907
0.552079
0.641594
0.73193
0.810123
0.867426
0.908465
0.938505
0.96064
0.976261
0.985723
0.989893
0.990929
0.99098
0.0623313
0.0875246
0.138216
0.205266
0.281728
0.364139
0.451325
0.542384
0.63614
0.730927
0.812954
0.872833
0.915431
0.946341
0.968927
0.984742
0.994233
0.998393
0.9995
0.999564
0.0371848
0.0628163
0.114533
0.183505
0.26217
0.347236
0.437544
0.532174
0.629911
0.729008
0.81489
0.877466
0.921743
0.95363
0.976724
0.992744
1.00227
1.00637
1.00742
1.00745
0.0126723
0.0388958
0.0916218
0.162237
0.242877
0.330328
0.423467
0.521372
0.622839
0.726113
0.81592
0.881378
0.927528
0.960537
0.984241
1.00052
1.01008
1.01412
1.01504
1.015
-0.0113007
0.0154047
0.0692641
0.141341
0.223761
0.313352
0.409044
0.509945
0.614891
0.722209
0.816018
0.884591
0.932856
0.967167
0.991593
1.00817
1.01772
1.02163
1.02243
1.02231
-0.0348177
-0.00753812
0.0473253
0.120756
0.204789
0.296295
0.394273
0.497888
0.606058
0.717256
0.81512
0.88706
0.937734
0.973578
0.998831
1.01571
1.02518
1.02887
1.02951
1.02932
-0.0579532
-0.0300457
0.0257688
0.10047
0.185952
0.279171
0.379189
0.485239
0.596356
0.711224
0.813142
0.888696
0.942148
0.979817
1.00602
1.02316
1.03244
1.03581
1.03629
1.03605
-0.0806935
-0.0521006
0.0046494
0.0805095
0.167296
0.262023
0.363846
0.472053
0.585821
0.704093
0.810008
0.889398
0.946023
0.985916
1.01327
1.03058
1.03946
1.04239
1.04267
1.0424
-0.102866
-0.0736284
-0.0159873
0.0609186
0.148867
0.244926
0.348314
0.458413
0.574523
0.695897
0.805657
0.889028
0.949216
0.99187
1.02074
1.03814
1.04626
1.0485
1.04856
1.04827
-0.124432
-0.094585
-0.0361098
0.0417566
0.130732
0.227946
0.332691
0.444405
0.56255
0.686679
0.800042
0.887428
0.951532
0.997582
1.02865
1.04631
1.05314
1.05416
1.05388
1.05362
-0.14545
-0.114923
-0.055674
0.0230659
0.112958
0.211169
0.317068
0.430139
0.550006
0.676514
0.793127
0.884454
0.952703
1.00277
1.03708
1.05583
1.06109
1.05985
1.05863
1.05861
-0.165738
-0.134612
-0.0746147
0.0049176
0.0956077
0.19468
0.301541
0.415731
0.537014
0.66551
0.784929
0.87997
0.952418
1.00691
1.04565
1.06735
1.07226
1.06805
1.0642
1.06334
-0.185384
-0.153637
-0.0929463
-0.0127123
0.0786504
0.178431
0.286054
0.401119
0.523502
0.653595
0.775318
0.873714
0.95034
1.00928
1.05327
1.08046
1.08865
1.08439
1.07421
1.05782
-0.204309
-0.171987
-0.110788
-0.0300164
0.0617922
0.162085
0.270184
0.38581
0.508918
0.640108
0.763612
0.864837
0.945801
1.00877
1.05743
1.09143
1.10382
1.0937
1.07561
1.0596
-0.222334
-0.189788
-0.12795
-0.0467564
0.0453381
0.145992
0.254158
0.370137
0.493585
0.625341
0.74996
0.852981
0.938243
1.00433
1.0531
1.08691
1.1028
1.08336
1.01361
0.981153
-0.238797
-0.208221
-0.144104
-0.0623401
0.0300112
0.13065
0.238276
0.354328
0.477727
0.609432
0.734347
0.837952
0.926549
0.995817
1.03615
1.06202
1.06192
1.01155
0.94101
0.897139
-0.295181
-0.224444
-0.158968
-0.0778587
0.01434
0.114641
0.222477
0.338111
0.460987
0.59196
0.716235
0.819347
0.907296
0.983691
0.988786
1.00142
0.963886
0.898645
0.822308
0.779417
-0.256551
-0.24046
-0.180704
-0.0998224
-0.00846297
0.0915872
0.198431
0.31326
0.43491
0.564056
0.685697
0.78635
0.865688
0.943003
0.938285
0.833352
0.731201
0.660062
0.587139
0.62114
-0.28806
-0.258579
-0.197891
-0.11763
-0.0261978
0.0735287
0.18056
0.294686
0.415166
0.542328
0.660865
0.757373
0.82905
0.869511
0.825212
0.682354
0.55607
0.465766
0.366464
0.419897
-0.312383
-0.279948
-0.217982
-0.137425
-0.0459023
0.053688
0.160581
0.273808
0.392797
0.517436
0.632109
0.722953
0.78499
0.793969
0.691827
0.519733
0.366283
0.246531
0.114657
0.14948
-0.336207
-0.302204
-0.239016
-0.157591
-0.0658762
0.0335901
0.139952
0.252163
0.369486
0.491278
0.601314
0.68581
0.732693
0.710421
0.555402
0.358095
0.165191
-0.00855604
-0.203069
-0.216214
-0.359379
-0.324961
-0.260864
-0.178677
-0.0867288
0.0125643
0.118288
0.229383
0.344813
0.463428
0.568284
0.645556
0.675251
0.618211
0.425834
0.213042
-0.00866774
-0.205179
-0.456413
-0.772499
-0.382845
-0.348428
-0.2838
-0.201087
-0.108891
-0.00971275
0.0954529
0.20542
0.318879
0.43411
0.533622
0.602697
0.614723
0.507069
0.313544
0.101157
-0.107435
-0.284748
-0.351831
-0.442135
-0.407512
-0.373067
-0.308155
-0.225168
-0.132854
-0.0338731
0.0706489
0.17933
0.290525
0.401891
0.495652
0.554731
0.541844
0.400203
0.214459
0.0216912
-0.143112
-0.236768
-0.260863
-0.277714
-0.433706
-0.399198
-0.334098
-0.251
-0.158743
-0.0601152
0.0435369
0.150645
0.259181
0.366065
0.453582
0.500175
0.468345
0.300665
0.124745
-0.0417805
-0.17029
-0.207526
-0.222458
-0.224127
-0.461634
-0.426981
-0.361687
-0.278567
-0.186496
-0.0884301
0.0141174
0.119336
0.224797
0.326637
0.407113
0.440577
0.391249
0.207399
0.0410461
-0.107463
-0.187619
-0.203519
-0.204945
-0.20495
-0.491341
-0.456424
-0.390937
-0.30785
-0.216109
-0.118787
-0.0175904
0.0854133
0.187394
0.283701
0.356145
0.378505
0.294174
0.120963
-0.0369942
-0.159053
-0.193647
-0.195975
-0.196274
-0.195751
-0.522531
-0.487418
-0.421727
-0.338747
-0.247476
-0.151105
-0.0515248
0.0489394
0.147028
0.237372
0.301332
0.306905
0.199407
0.0398938
-0.100468
-0.178955
-0.188637
-0.190881
-0.191646
-0.19147
-0.554628
-0.51942
-0.453795
-0.371019
-0.280384
-0.185195
-0.0874962
0.0100911
0.103923
0.187923
0.243604
0.231806
0.112125
-0.0331237
-0.151897
-0.175078
-0.187667
-0.189791
-0.188988
-0.188618
-0.587191
-0.55194
-0.486651
-0.40426
-0.314461
-0.2207
-0.12518
-0.0307907
0.0584385
0.136008
0.182558
0.159071
0.0273134
-0.102577
-0.190468
-0.219789
-0.200796
-0.19018
-0.187608
-0.186829
-0.619368
-0.58434
-0.519464
-0.437824
-0.34914
-0.2571
-0.164066
-0.0731637
0.0111347
0.0824643
0.119077
0.0906476
-0.0503072
-0.170419
-0.221558
-0.207814
-0.20402
-0.19954
-0.194722
-0.192318
-0.64959
-0.615465
-0.551354
-0.470813
-0.383618
-0.293638
-0.203425
-0.116258
-0.0370928
0.0279403
0.0585556
0.0186008
-0.115194
-0.247004
-0.296174
-0.274051
-0.235664
-0.211194
-0.202433
-0.199687
-0.676438
-0.643224
-0.581223
-0.502093
-0.416844
-0.329306
-0.242279
-0.159098
-0.0849806
-0.0266515
0.00443219
-0.0540427
-0.164803
-0.283098
-0.329075
-0.296269
-0.261747
-0.24068
-0.233094
-0.229982
-0.697914
-0.666539
-0.60693
-0.530249
-0.447505
-0.362891
-0.279381
-0.200468
-0.131165
-0.0797988
-0.0470222
-0.112393
-0.189759
-0.215122
-0.292994
-0.320673
-0.360707
-0.373412
-0.364626
-0.356133
-0.712037
-0.683297
-0.626951
-0.553484
-0.474025
-0.392948
-0.313309
-0.238825
-0.174409
-0.129133
-0.0973608
-0.166337
-0.212724
-0.199835
-0.247454
-0.436956
-0.554461
-0.575797
-0.559632
-0.554604
-0.716341
-0.691503
-0.639462
-0.570084
-0.494674
-0.417793
-0.342392
-0.27238
-0.213265
-0.172981
-0.145663
-0.248532
-0.347156
-0.424641
-0.467663
-0.552358
-0.625134
-0.634615
-0.638412
-0.641234
-0.709174
-0.688898
-0.64246
-0.578498
-0.507941
-0.43575
-0.364804
-0.299112
-0.24506
-0.210962
-0.200829
-0.366086
-0.518127
-0.456242
-0.367104
-0.559437
-0.729795
-0.738668
-0.741535
-0.741862
-0.688615
-0.672794
-0.634398
-0.577549
-0.512741
-0.445492
-0.378766
-0.316641
-0.26617
-0.238552
-0.255389
-0.44775
-0.744309
-1.00972
-1.18269
-1.42592
-1.32052
-1.09177
-0.947351
-0.944478
-0.656236
-0.645595
-0.615633
-0.567373
-0.508841
-0.446375
-0.383035
-0.322699
-0.272265
-0.245198
-0.269964
-0.490454
-1.06025
-1.90733
-2.49964
-2.74387
-2.59725
-2.17999
-1.82224
-1.63944
-0.616938
-0.610781
-0.589952
-0.550028
-0.497718
-0.438922
-0.377251
-0.316019
-0.2607
-0.224066
-0.239306
-0.402922
-0.760409
-1.16079
-1.48544
-1.62248
-1.51603
-1.28187
-1.05844
-0.945875
-0.577799
-0.57437
-0.562304
-0.5302
-0.482107
-0.425438
-0.363078
-0.297094
-0.232319
-0.170565
-0.130467
-0.0931616
-0.00157159
0.236404
0.528978
0.837993
1.09768
1.27748
1.39056
1.43789
-0.545205
-0.543167
-0.536946
-0.512243
-0.467285
-0.40942
-0.343916
-0.27045
-0.189681
-0.101527
0.00493797
0.147203
0.4989
1.04183
1.63612
2.17126
2.56904
2.80143
2.89912
2.92647
-0.515969
-0.515365
-0.513689
-0.497158
-0.455159
-0.395149
-0.324684
-0.244751
-0.153226
-0.0487861
0.070923
0.196195
0.488096
1.01631
1.57359
2.06903
2.4309
2.64386
2.74415
2.77382
-0.491614
-0.491324
-0.491197
-0.481605
-0.444334
-0.382838
-0.307961
-0.223546
-0.129797
-0.0229034
0.0871189
0.207464
0.381452
0.823093
1.29048
1.69111
1.99764
2.17836
2.2602
2.28306
-0.47033
-0.469111
-0.46881
-0.464866
-0.432873
-0.37007
-0.292125
-0.206197
-0.114002
-0.0103289
0.0952675
0.203673
0.330157
0.611096
0.981471
1.28377
1.511
1.64435
1.70454
1.72024
-0.459901
-0.459379
-0.460921
-0.45759
-0.422666
-0.354063
-0.272808
-0.187446
-0.0982552
-0.000757468
0.093417
0.18246
0.266726
0.456216
0.706336
0.919483
1.07943
1.17263
1.21429
1.22441
-0.446469
-0.449872
-0.454367
-0.447418
-0.404383
-0.32845
-0.245268
-0.163663
-0.0822848
0.00316974
0.0839118
0.154736
0.225353
0.338924
0.507748
0.650788
0.756575
0.818109
0.844336
0.850214
-0.382761
-0.389368
-0.395471
-0.386407
-0.343714
-0.274719
-0.202166
-0.132148
-0.0633614
0.00779428
0.0742084
0.129296
0.181688
0.250407
0.359947
0.454738
0.522917
0.561599
0.577302
0.578187
-0.248245
-0.253237
-0.257674
-0.252285
-0.226148
-0.185324
-0.139067
-0.0903622
-0.0396964
0.0146768
0.0640044
0.102527
0.137936
0.179514
0.248662
0.312551
0.356455
0.381555
0.390875
0.390968
-0.0934859
-0.095778
-0.0996179
-0.10232
-0.0980547
-0.0874767
-0.0691312
-0.0444326
-0.0133759
0.0231379
0.05611
0.0808206
0.102349
0.127546
0.170536
0.211715
0.241155
0.257213
0.26342
0.262658
0.0215588
0.0206202
0.0170081
0.00886522
-0.00238557
-0.00963249
-0.0102015
-0.00300513
0.0121312
0.0334669
0.0529559
0.06519
0.0730506
0.0883758
0.118582
0.146841
0.165766
0.175149
0.178115
0.176999
0.0829966
0.0824049
0.0789507
0.0696162
0.0551324
0.0411962
0.0319295
0.029306
0.0338814
0.0442311
0.0537728
0.0559668
0.0532888
0.064718
0.0890739
0.108551
0.119917
0.124521
0.125496
0.124427
0.106795
0.106286
0.103486
0.0958349
0.0833389
0.0698964
0.0588373
0.0523031
0.0514244
0.0554369
0.0593783
0.0572367
0.0509884
0.0593773
0.077991
0.0916312
0.0984301
0.100569
0.100775
0.0998184
0.111335
0.110901
0.108891
0.103582
0.0946007
0.0841086
0.0744539
0.0676243
0.0647995
0.0663813
0.0692873
0.0685743
0.0659405
0.0753568
0.0878445
0.0946366
0.0972799
0.0978381
0.0976224
0.0968381
0.108001
0.107635
0.10626
0.102878
0.0970279
0.0897596
0.0825454
0.077004
0.0745057
0.0766081
0.0821666
0.0876167
0.092616
0.102202
0.109416
0.111391
0.111429
0.110944
0.110731
0.109913
0.102551
0.102249
0.101307
0.099213
0.0956023
0.0908592
0.0859032
0.0819672
0.0805269
0.0838536
0.0941427
0.109338
0.124613
0.132928
0.132906
0.132298
0.132785
0.133693
0.133688
0.13244
0.0973048
0.0970616
0.0963809
0.0949799
0.0927418
0.0896325
0.0862055
0.0834138
0.082754
0.0870641
0.101068
0.125041
0.149594
0.156596
0.150483
0.14773
0.148907
0.152078
0.152989
0.1516
0.0928113
0.0926137
0.0920787
0.0909494
0.0892164
0.0870543
0.0844521
0.0820843
0.0810814
0.0843643
0.0978014
0.124444
0.152918
0.156991
0.147987
0.147455
0.152156
0.157303
0.158347
0.156423
0.0889684
0.0888153
0.0884054
0.0874108
0.0858797
0.083809
0.0814114
0.0786445
0.0760497
0.075233
0.0812482
0.0994045
0.120985
0.119447
0.11182
0.116014
0.126506
0.134709
0.135076
0.132604
0.0853992
0.0852765
0.0849766
0.0841489
0.082736
0.0807046
0.0777941
0.0743075
0.0692077
0.0618487
0.0531675
0.0490381
0.0481334
0.0414623
0.0435292
0.055238
0.0677627
0.0741743
0.0743062
0.0726621
0.0818451
0.0817616
0.081598
0.0810714
0.0796486
0.0778826
0.0750128
0.0705385
0.0630913
0.0487734
0.0229571
-0.0141693
-0.0515312
-0.05771
-0.0413125
-0.0225497
-0.0110427
-0.00760265
-0.00760496
-0.00849556
0.077839
0.0777944
0.0777973
0.0776949
0.0770367
0.075396
0.0730045
0.0687962
0.0606416
0.0418296
0.00200763
-0.0690384
-0.130477
-0.133397
-0.109618
-0.0937808
-0.0897444
-0.089459
-0.0894852
-0.0899185
0.0731024
0.0730579
0.0731222
0.0731781
0.073258
0.0732404
0.0723871
0.0701208
0.0636879
0.0464973
0.00913133
-0.0673637
-0.132006
-0.135255
-0.128331
-0.136056
-0.148049
-0.15481
-0.153347
-0.151995
0.0673798
0.0674431
0.0679913
0.0690708
0.0704947
0.0721546
0.0736131
0.0741853
0.0729795
0.0626196
0.0374289
-0.0156346
-0.0610424
-0.0797911
-0.097601
-0.130562
-0.159732
-0.172514
-0.172735
-0.171479
0.0588835
0.059056
0.0599301
0.0618384
0.0647189
0.0685568
0.0735535
0.0789233
0.0834672
0.0848398
0.0786573
0.0555721
0.031161
-0.00237528
-0.0479489
-0.0943267
-0.129494
-0.145874
-0.146973
-0.144694
0.0458363
0.0460924
0.0473458
0.0504258
0.0544342
0.0601302
0.067697
0.0776632
0.0887515
0.100425
0.108353
0.108291
0.0995326
0.0543796
0.0025185
-0.0362529
-0.0595883
-0.0718072
-0.0750045
-0.0735578
0.027856
0.0280656
0.0296934
0.0327877
0.0372282
0.0431587
0.0511006
0.0615485
0.076147
0.0911479
0.101804
0.106577
0.104445
0.0611976
0.0246063
0.00866251
0.00563813
-0.00385802
-0.0089397
-0.00883304
0.0066574
0.00629993
0.00568946
0.00475872
0.0053583
0.00667336
0.00809604
0.011015
0.0165138
0.0256524
0.0317937
0.0400373
0.0397649
0.026585
0.0184851
0.0112395
0.00606404
0.00136829
0.00686752
0.00737048
0.0336277
0.209215
0.414373
0.591272
0.733569
0.846811
0.941111
1.02082
1.05649
1.03335
0.353465
0.47969
0.614963
0.732147
0.83133
0.913775
0.980507
1.02775
1.05155
1.06347
0.58227
0.668558
0.760833
0.842661
0.913118
0.972087
1.01892
1.05309
1.07766
1.09548
0.749068
0.810178
0.874898
0.934089
0.985657
1.0294
1.06527
1.0938
1.11712
1.13532
0.878646
0.923441
0.970708
1.01587
1.05578
1.09057
1.12029
1.14496
1.16568
1.18346
0.985324
1.01916
1.0582
1.09466
1.12806
1.15794
1.18401
1.20588
1.22395
1.24128
1.07936
1.10863
1.14326
1.17595
1.20639
1.23397
1.25805
1.27802
1.29368
1.31075
1.1689
1.19847
1.23288
1.26527
1.29519
1.32204
1.34513
1.36378
1.37726
1.3943
1.26482
1.29819
1.33511
1.36893
1.39918
1.42554
1.44763
1.46502
1.47697
1.49438
1.38024
1.4181
1.45691
1.49133
1.52081
1.54566
1.56612
1.58208
1.5936
1.61168
1.52544
1.56409
1.60024
1.631
1.65676
1.67892
1.69803
1.7136
1.72606
1.74407
1.70055
1.73232
1.75854
1.78101
1.80102
1.81978
1.83753
1.85403
1.8694
1.88748
1.88923
1.9065
1.9216
1.93786
1.95378
1.96834
1.98156
1.9955
2.01306
2.03322
2.07111
2.08059
2.09215
2.10297
2.11227
2.12187
2.13268
2.14406
2.15543
2.17079
2.27828
2.28197
2.26703
2.25223
2.24597
2.25166
2.27015
2.30047
2.33265
2.35931
2.58461
2.44975
2.37313
2.33079
2.31337
2.31734
2.34475
2.40116
2.50379
2.72815
0.867989
0.865858
0.861372
0.852741
0.840508
0.828366
0.818119
0.810194
0.804532
0.801218
0.800786
0.80344
0.808475
0.815646
0.824996
0.836508
0.849139
0.860159
0.866264
0.869312
0.792457
0.798302
0.804637
0.809121
0.81158
0.811242
0.808485
0.804645
0.80109
0.798763
0.79853
0.800641
0.804231
0.808463
0.812227
0.81408
0.813121
0.809621
0.804445
0.79782
0.784065
0.78636
0.789759
0.792747
0.794812
0.796292
0.797023
0.796671
0.795595
0.794641
0.794722
0.796053
0.797788
0.799028
0.799158
0.798229
0.796651
0.794292
0.791014
0.788087
0.778595
0.779681
0.781509
0.783879
0.78589
0.787301
0.788295
0.789007
0.789352
0.789494
0.789878
0.790574
0.791077
0.791065
0.79059
0.789693
0.788186
0.786071
0.783964
0.782574
0.773448
0.774111
0.775215
0.776912
0.778681
0.780294
0.781562
0.782532
0.783349
0.784046
0.78465
0.785069
0.785148
0.784886
0.784241
0.783123
0.781644
0.78006
0.778715
0.777928
0.768544
0.769004
0.769787
0.771079
0.772555
0.774054
0.775489
0.776739
0.777801
0.778748
0.779515
0.779921
0.779924
0.779528
0.778729
0.777655
0.776461
0.775275
0.774326
0.773802
0.763808
0.764152
0.764761
0.765825
0.76711
0.768467
0.769875
0.77127
0.772563
0.773717
0.774649
0.775143
0.775139
0.774705
0.773973
0.773086
0.772145
0.771207
0.770493
0.770108
0.759193
0.75946
0.759952
0.76086
0.762024
0.763304
0.764667
0.766101
0.767553
0.768929
0.770065
0.770688
0.770759
0.770435
0.769871
0.769167
0.7684
0.767667
0.767125
0.76683
0.754623
0.754834
0.755243
0.756045
0.757133
0.758366
0.759714
0.761183
0.762744
0.764324
0.7657
0.766529
0.766788
0.766658
0.766281
0.765757
0.765158
0.764591
0.764179
0.763948
0.750028
0.750195
0.750545
0.751278
0.752325
0.753539
0.754909
0.756445
0.758134
0.75993
0.761593
0.76271
0.763229
0.763332
0.763155
0.762808
0.762377
0.761948
0.76164
0.761458
0.74533
0.745463
0.745771
0.746462
0.747498
0.748737
0.750172
0.751822
0.75369
0.75574
0.757751
0.759247
0.760085
0.760445
0.760483
0.760314
0.760037
0.759739
0.759518
0.759373
0.740466
0.740569
0.740847
0.741523
0.742585
0.743895
0.745437
0.747259
0.749388
0.751796
0.754251
0.756177
0.757366
0.758013
0.758286
0.758305
0.758179
0.757997
0.75785
0.757737
0.73537
0.735447
0.735705
0.736387
0.737504
0.738921
0.74061
0.742647
0.745087
0.74793
0.750934
0.753399
0.755032
0.756037
0.756591
0.756828
0.756856
0.756788
0.756708
0.756621
0.729958
0.73001
0.730255
0.730961
0.732163
0.733723
0.735616
0.737941
0.740772
0.74416
0.747839
0.750964
0.753134
0.754559
0.755436
0.75593
0.75614
0.756202
0.756187
0.756123
0.724139
0.724163
0.724405
0.725154
0.726477
0.728229
0.730395
0.733101
0.736454
0.740521
0.745033
0.748978
0.751795
0.753705
0.754944
0.755704
0.756139
0.756335
0.756388
0.756349
0.717814
0.717824
0.718059
0.718851
0.720317
0.722302
0.724802
0.727972
0.731972
0.736917
0.742469
0.747375
0.75097
0.753508
0.755215
0.756303
0.757009
0.757362
0.757488
0.75747
0.710757
0.710738
0.710996
0.711861
0.71349
0.71574
0.718655
0.722408
0.727196
0.733175
0.739995
0.746141
0.750701
0.753977
0.756269
0.757853
0.758886
0.759437
0.759646
0.759646
0.702731
0.702686
0.702962
0.703925
0.705773
0.7084
0.711866
0.716392
0.722238
0.729587
0.737974
0.745537
0.751214
0.755364
0.758347
0.760485
0.761913
0.76271
0.763013
0.763026
0.693348
0.693283
0.693603
0.694705
0.696822
0.699912
0.704061
0.709542
0.716665
0.725654
0.735967
0.745325
0.752399
0.757626
0.761467
0.764268
0.76619
0.767281
0.767683
0.767699
0.682018
0.681935
0.682333
0.683649
0.686163
0.68991
0.695007
0.701788
0.710619
0.721727
0.734385
0.745826
0.754483
0.76094
0.765742
0.769296
0.771777
0.773175
0.773674
0.773691
0.66799
0.667887
0.668416
0.670073
0.673181
0.677863
0.684262
0.692775
0.703798
0.71754
0.733049
0.74697
0.757491
0.765373
0.771272
0.775669
0.778762
0.780479
0.781071
0.781084
0.650304
0.650181
0.650921
0.653101
0.657106
0.663161
0.671401
0.68228
0.696179
0.713219
0.732138
0.748929
0.761577
0.771043
0.778202
0.783542
0.78727
0.789307
0.789989
0.789998
0.627572
0.627439
0.628533
0.631543
0.636954
0.645063
0.655968
0.670103
0.687745
0.708858
0.731793
0.751859
0.76688
0.778141
0.786672
0.793038
0.797476
0.799845
0.800605
0.800601
0.597558
0.597457
0.599196
0.603628
0.611362
0.622686
0.637524
0.656131
0.678589
0.70463
0.732197
0.755905
0.773531
0.786742
0.796775
0.804328
0.809508
0.812185
0.813
0.812974
0.556156
0.556233
0.559395
0.566768
0.578726
0.595301
0.615936
0.640575
0.669051
0.70089
0.733634
0.76127
0.781645
0.796924
0.808591
0.817425
0.823359
0.826267
0.827095
0.827034
0.49557
0.496816
0.504527
0.518387
0.538089
0.562983
0.591738
0.624075
0.659699
0.69804
0.736327
0.768045
0.791243
0.808642
0.821989
0.832089
0.838682
0.841765
0.84251
0.842403
0.423125
0.425104
0.439728
0.463622
0.494222
0.528884
0.56657
0.607187
0.650556
0.696182
0.741059
0.778045
0.805188
0.825695
0.841444
0.853138
0.860768
0.864273
0.865212
0.86521
0.348575
0.355149
0.376549
0.410551
0.45133
0.495567
0.542164
0.591098
0.642286
0.695307
0.746959
0.789427
0.820705
0.844502
0.862932
0.876658
0.885355
0.888603
0.889441
0.889597
0.288298
0.296827
0.322932
0.363819
0.41241
0.464708
0.519282
0.575961
0.634576
0.694655
0.75274
0.800295
0.83525
0.861758
0.882054
0.897028
0.906229
0.91038
0.911889
0.912138
0.239338
0.24842
0.277984
0.323842
0.378412
0.437169
0.498432
0.561921
0.627278
0.693926
0.757986
0.810162
0.848289
0.87696
0.898797
0.914925
0.925261
0.930116
0.931918
0.932214
0.198516
0.207804
0.239667
0.289295
0.348631
0.412673
0.479602
0.549024
0.620412
0.693038
0.762585
0.818899
0.859768
0.890284
0.913387
0.930415
0.941657
0.947078
0.949103
0.949417
0.163294
0.172656
0.206234
0.258871
0.322016
0.390488
0.462329
0.536992
0.613818
0.691915
0.766486
0.82654
0.869783
0.901807
0.92587
0.943647
0.95536
0.961294
0.963463
0.963805
0.131987
0.141379
0.176245
0.231367
0.297681
0.36993
0.446076
0.525441
0.607234
0.690386
0.769637
0.833132
0.878502
0.911802
0.936623
0.95487
0.966923
0.973208
0.975488
0.97585
0.103303
0.112749
0.148717
0.205935
0.274929
0.350449
0.430407
0.514023
0.600385
0.688281
0.771975
0.838752
0.886122
0.920587
0.946073
0.964657
0.976963
0.983424
0.9857
0.98608
0.0763856
0.0858853
0.12286
0.181894
0.25326
0.331651
0.415002
0.502476
0.593073
0.685455
0.773451
0.843461
0.892816
0.928429
0.954542
0.973446
0.98586
0.992413
0.99468
0.994964
0.0506723
0.0602934
0.0981961
0.158759
0.232304
0.313248
0.399645
0.490631
0.585153
0.6818
0.774019
0.847308
0.898737
0.935578
0.962361
0.981593
0.99415
1.00067
1.00293
1.00316
0.0257394
0.0355679
0.0742689
0.136359
0.211806
0.295045
0.384191
0.478373
0.57654
0.677245
0.77364
0.850333
0.903995
0.942211
0.969771
0.989385
1.00208
1.00858
1.01075
1.01098
0.00137854
0.0114459
0.05094
0.114489
0.191636
0.276928
0.368551
0.465644
0.567175
0.671742
0.772283
0.852537
0.908667
0.948448
0.976921
0.997002
1.00985
1.0163
1.01834
1.01853
-0.0224651
-0.0121595
0.028182
0.0930144
0.171716
0.258858
0.352697
0.45242
0.557044
0.665255
0.7699
0.853896
0.91276
0.954349
0.983891
1.0045
1.01747
1.02379
1.02567
1.02578
-0.0458991
-0.0352578
0.00582414
0.0718974
0.15202
0.24082
0.336639
0.438722
0.546162
0.657781
0.766432
0.854326
0.916236
0.959942
0.990739
1.01191
1.02496
1.03107
1.03272
1.03274
-0.0688687
-0.057928
-0.016059
0.0511403
0.132561
0.222843
0.320422
0.424599
0.534567
0.649318
0.761825
0.853725
0.919021
0.965229
0.997537
1.01931
1.03228
1.03803
1.03941
1.03933
-0.0913954
-0.0801245
-0.0374425
0.030792
0.113379
0.204972
0.3041
0.410122
0.522324
0.639899
0.756047
0.852001
0.920984
0.970155
1.00437
1.02683
1.03949
1.04463
1.04564
1.04549
-0.113278
-0.101752
-0.0582919
0.0108999
0.0945362
0.18729
0.287749
0.395371
0.509517
0.629595
0.749092
0.849049
0.921956
0.974595
1.01133
1.03475
1.04683
1.05088
1.05134
1.05111
-0.134647
-0.122759
-0.0785672
-0.00849923
0.0760748
0.169844
0.271466
0.380437
0.496245
0.618502
0.74098
0.844762
0.921734
0.978312
1.01836
1.04351
1.05496
1.05715
1.0565
1.05613
-0.155325
-0.143109
-0.0982257
-0.0273456
0.0580803
0.152723
0.255338
0.365445
0.482626
0.606696
0.731767
0.839065
0.920108
0.980939
1.02516
1.05341
1.06515
1.06496
1.06177
1.06032
-0.175365
-0.162838
-0.117208
-0.0455792
0.0405974
0.135998
0.23945
0.350479
0.468778
0.594324
0.721546
0.831901
0.916885
0.982008
1.03094
1.06398
1.07859
1.07783
1.07058
1.06081
-0.194679
-0.181899
-0.13561
-0.0633516
0.023415
0.119384
0.223457
0.335123
0.454231
0.580857
0.709748
0.822638
0.911477
0.980913
1.03453
1.07371
1.09458
1.09683
1.08718
1.07872
-0.21321
-0.200206
-0.153426
-0.0806173
0.00654772
0.102877
0.207382
0.319362
0.43895
0.566192
0.696209
0.810947
0.903211
0.976909
1.03348
1.07705
1.10091
1.10841
1.07166
1.01827
-0.230672
-0.21698
-0.170545
-0.0973092
-0.0101077
0.0863435
0.19118
0.303318
0.423
0.550402
0.68089
0.79669
0.891116
0.96968
1.02582
1.06282
1.08771
1.07647
1.0196
0.95497
-0.247393
-0.232791
-0.186778
-0.11279
-0.0262112
0.0702647
0.174628
0.287052
0.406529
0.533663
0.66382
0.779738
0.874122
0.960349
1.00993
1.06187
1.03269
0.99173
0.922278
0.853897
-0.233512
-0.215391
-0.166473
-0.0880669
0.00353396
0.103855
0.213618
0.328993
0.451496
0.581942
0.705628
0.808327
0.894386
0.98618
1.03373
0.954155
0.909363
0.847024
0.77428
0.726032
-0.258017
-0.241712
-0.205835
-0.137302
-0.0511791
0.0447503
0.149266
0.261061
0.379725
0.50555
0.6337
0.747679
0.838727
0.918617
0.990138
0.990867
0.870505
0.787446
0.724983
0.641749
-0.278394
-0.262666
-0.221115
-0.151159
-0.0647384
0.0308197
0.134148
0.245016
0.362664
0.486994
0.613279
0.724901
0.812922
0.880186
0.906938
0.836419
0.697429
0.601734
0.526476
0.437562
-0.299202
-0.286561
-0.240536
-0.169265
-0.082642
0.0131246
0.116404
0.226927
0.343631
0.466375
0.589709
0.696698
0.777334
0.829244
0.807537
0.679794
0.52794
0.409872
0.311391
0.173443
-0.323251
-0.310114
-0.261968
-0.189531
-0.102552
-0.00674553
0.0964204
0.206331
0.321886
0.442676
0.562542
0.664172
0.736982
0.768625
0.711663
0.529854
0.347462
0.192245
0.0485384
-0.149942
-0.346278
-0.333511
-0.284091
-0.210451
-0.122931
-0.0271471
0.0756524
0.184701
0.298862
0.417334
0.533347
0.62907
0.693307
0.694875
0.587447
0.388165
0.173494
-0.0310818
-0.213158
-0.620047
-0.369371
-0.356957
-0.307016
-0.232473
-0.144505
-0.0486717
0.0537558
0.161933
0.274593
0.390511
0.502345
0.591536
0.644763
0.613632
0.464881
0.262704
0.0423265
-0.173858
-0.358381
-0.654051
-0.393393
-0.38112
-0.330968
-0.255854
-0.167563
-0.0716667
0.0304319
0.137764
0.24887
0.362062
0.469467
0.551631
0.591587
0.543303
0.354892
0.160848
-0.0391801
-0.208092
-0.279842
-0.315821
-0.418832
-0.406706
-0.35633
-0.280901
-0.192487
-0.0966907
0.00492623
0.111189
0.22042
0.330409
0.43273
0.507175
0.532411
0.452894
0.257017
0.0761244
-0.0892609
-0.195716
-0.232585
-0.243368
-0.445868
-0.433802
-0.383264
-0.307627
-0.219219
-0.12369
-0.0227646
0.0821749
0.189166
0.295457
0.391979
0.458594
0.460374
0.348007
0.167655
0.000726959
-0.138577
-0.194831
-0.206833
-0.21281
-0.474681
-0.462682
-0.411836
-0.336041
-0.247741
-0.152653
-0.0526285
0.0507001
0.155092
0.257248
0.347262
0.405478
0.381528
0.249102
0.0822128
-0.0736634
-0.173039
-0.205793
-0.20065
-0.200526
-0.505087
-0.493231
-0.442019
-0.366092
-0.278001
-0.183517
-0.0846285
0.0168064
0.118236
0.215802
0.298859
0.346314
0.30839
0.155552
0.00419967
-0.133405
-0.174778
-0.187831
-0.192814
-0.19343
-0.536815
-0.524897
-0.473578
-0.3976
-0.309848
-0.216151
-0.118641
-0.0193927
0.078702
0.171277
0.247027
0.282721
0.239468
0.0728537
-0.0656089
-0.162526
-0.210343
-0.194823
-0.191152
-0.19055
-0.569367
-0.557473
-0.506267
-0.430241
-0.342973
-0.250276
-0.154398
-0.0576425
0.0367599
0.124045
0.192137
0.21918
0.153492
-0.00439231
-0.126944
-0.18435
-0.191277
-0.190542
-0.188997
-0.18824
-0.601942
-0.590261
-0.53896
-0.46348
-0.376887
-0.285441
-0.191493
-0.0975319
-0.00714447
0.074619
0.135214
0.150609
0.0656515
-0.0778453
-0.182474
-0.183166
-0.193565
-0.194885
-0.191692
-0.189126
-0.633487
-0.62221
-0.571192
-0.49642
-0.410882
-0.320993
-0.229292
-0.138432
-0.0522969
0.0235975
0.0780722
0.0772992
-0.0113226
-0.149336
-0.244999
-0.269137
-0.238574
-0.212631
-0.201907
-0.197718
-0.662534
-0.651716
-0.601775
-0.528013
-0.443983
-0.356035
-0.266944
-0.179497
-0.0977511
-0.0279677
0.0218128
0.0110668
-0.0817622
-0.203483
-0.335846
-0.323562
-0.267944
-0.230604
-0.21417
-0.209932
-0.687507
-0.6774
-0.628882
-0.556951
-0.474981
-0.389415
-0.303341
-0.219627
-0.142359
-0.0783842
-0.0336723
-0.0450421
-0.141737
-0.20966
-0.301027
-0.301104
-0.299026
-0.292247
-0.284658
-0.279505
-0.706265
-0.697047
-0.650714
-0.581405
-0.502331
-0.419791
-0.337106
-0.257444
-0.184833
-0.125994
-0.0883054
-0.096155
-0.18221
-0.195366
-0.119161
-0.298572
-0.419232
-0.480881
-0.478881
-0.461535
-0.716951
-0.708543
-0.665396
-0.599679
-0.524263
-0.445493
-0.366804
-0.291313
-0.223558
-0.169515
-0.141398
-0.146524
-0.242447
-0.27723
-0.344785
-0.444655
-0.564514
-0.613606
-0.612376
-0.603228
-0.715791
-0.708792
-0.671453
-0.609958
-0.539125
-0.464872
-0.390615
-0.319505
-0.256471
-0.208008
-0.189686
-0.208631
-0.376234
-0.458707
-0.418895
-0.468758
-0.634784
-0.685623
-0.681354
-0.684167
-0.701486
-0.696703
-0.666409
-0.61099
-0.545492
-0.476492
-0.406863
-0.339943
-0.280977
-0.238575
-0.228362
-0.300161
-0.533258
-0.657667
-0.499124
-0.601278
-0.766096
-0.82309
-0.795628
-0.80021
-0.674281
-0.670735
-0.648839
-0.601995
-0.543045
-0.479483
-0.414293
-0.350714
-0.294069
-0.254334
-0.250425
-0.330289
-0.679496
-1.24963
-1.88024
-2.31195
-2.32702
-2.0339
-1.59805
-1.32842
-0.637586
-0.635327
-0.621399
-0.584441
-0.532462
-0.474066
-0.412389
-0.350514
-0.293089
-0.249132
-0.242676
-0.309179
-0.722709
-1.34992
-2.0067
-2.30207
-2.37193
-2.18958
-1.89216
-1.70423
-0.597247
-0.596007
-0.588065
-0.561859
-0.516729
-0.461837
-0.402242
-0.33921
-0.277333
-0.221925
-0.191106
-0.202331
-0.332914
-0.419846
-0.468217
-0.427449
-0.268944
-0.0674919
0.11548
0.257442
-0.560584
-0.559876
-0.556291
-0.53798
-0.499255
-0.446579
-0.386421
-0.31959
-0.247875
-0.175547
-0.0973952
-0.0246464
0.161521
0.523703
1.01095
1.49964
1.90623
2.19884
2.38085
2.46716
-0.530436
-0.529513
-0.528051
-0.51842
-0.485272
-0.432906
-0.369081
-0.296658
-0.214766
-0.122545
-0.0159395
0.112268
0.324925
0.781548
1.37079
1.94281
2.39848
2.68879
2.83622
2.89356
-0.503728
-0.503334
-0.503102
-0.499087
-0.473177
-0.421369
-0.353466
-0.275758
-0.188445
-0.0878004
0.0215667
0.146321
0.283826
0.661379
1.19069
1.67308
2.07696
2.34771
2.49174
2.54607
-0.480356
-0.479903
-0.479456
-0.478494
-0.460497
-0.410093
-0.339325
-0.258352
-0.169042
-0.0704423
0.0368289
0.149696
0.261525
0.506883
0.933483
1.32186
1.63296
1.84193
1.95082
1.99228
-0.46415
-0.462798
-0.461499
-0.462134
-0.44849
-0.397699
-0.32387
-0.240866
-0.152426
-0.0569147
0.0459183
0.145389
0.244747
0.388143
0.684358
0.970194
1.19714
1.34984
1.42646
1.4541
-0.456321
-0.45559
-0.458374
-0.46013
-0.442189
-0.382391
-0.302237
-0.218275
-0.133453
-0.0451628
0.0459909
0.128703
0.209329
0.304471
0.498311
0.692527
0.844857
0.950042
1.0043
1.02384
-0.423983
-0.426087
-0.432987
-0.434268
-0.409678
-0.345579
-0.265882
-0.187133
-0.110994
-0.034618
0.0428752
0.112116
0.176578
0.237675
0.361001
0.491148
0.591481
0.658606
0.690693
0.700885
-0.321234
-0.324855
-0.331981
-0.332927
-0.311869
-0.262582
-0.203256
-0.142228
-0.0820495
-0.0210415
0.0407266
0.0942314
0.139234
0.178353
0.256988
0.341485
0.407355
0.45063
0.471006
0.477898
-0.167189
-0.169817
-0.174011
-0.17657
-0.169041
-0.148624
-0.120199
-0.0858935
-0.0473495
-0.00467843
0.0399318
0.0773137
0.105948
0.128429
0.178601
0.233591
0.277227
0.305124
0.318541
0.321784
-0.0282117
-0.0297103
-0.0321299
-0.0372079
-0.0432871
-0.0460304
-0.0423489
-0.0311804
-0.0123263
0.0131987
0.0422966
0.0652729
0.0795434
0.0922286
0.123489
0.159518
0.188644
0.206795
0.214626
0.216184
0.0589122
0.0580977
0.0564388
0.0502092
0.0380461
0.024326
0.0149642
0.0126374
0.0181022
0.030521
0.046594
0.0572206
0.0603677
0.0638057
0.087536
0.114279
0.133378
0.143926
0.147815
0.147998
0.0986486
0.0981396
0.0967162
0.0910467
0.0793359
0.0646663
0.0518313
0.0436195
0.0417017
0.0458859
0.0536359
0.0566787
0.0526328
0.0508286
0.0697877
0.0898886
0.102609
0.108417
0.109934
0.109648
0.110816
0.110467
0.109333
0.10513
0.0962818
0.0843906
0.0727071
0.0637198
0.0590515
0.0592328
0.062795
0.0637043
0.0591991
0.0581111
0.0737163
0.0868055
0.0935906
0.0960137
0.0963909
0.0960908
0.110324
0.110064
0.109207
0.106397
0.100524
0.0922148
0.0833176
0.0757275
0.0709807
0.0701712
0.0737513
0.0771615
0.0776837
0.0818549
0.0936007
0.100385
0.103151
0.103886
0.10351
0.10299
0.105443
0.105233
0.104599
0.102791
0.0991526
0.0937733
0.0876239
0.0820581
0.0784966
0.0785804
0.0839689
0.0935517
0.103337
0.112482
0.120167
0.121742
0.121334
0.121346
0.121526
0.12102
0.0999415
0.0997629
0.0992923
0.0980793
0.0958416
0.0924668
0.0883654
0.084532
0.0821395
0.0831915
0.0912052
0.108193
0.1296
0.146076
0.146206
0.142425
0.141347
0.142718
0.143894
0.143209
0.095061
0.0949061
0.0945485
0.093635
0.0920702
0.0898746
0.0869698
0.0841414
0.0822952
0.0834863
0.0920531
0.11317
0.142181
0.161174
0.156072
0.151091
0.151861
0.1562
0.159578
0.158448
0.0909109
0.0907707
0.0904905
0.0897249
0.0884102
0.0865727
0.084324
0.0817374
0.0795239
0.07904
0.0841833
0.101748
0.129213
0.146587
0.137662
0.134056
0.139146
0.147254
0.151013
0.149588
0.087247
0.0871218
0.0869126
0.0862946
0.0850139
0.0832677
0.0810039
0.0782584
0.0746928
0.0707589
0.067964
0.0713377
0.0839334
0.0898541
0.0815203
0.0840602
0.0941576
0.104078
0.108027
0.106581
0.0837299
0.0836113
0.0834765
0.0830599
0.0820401
0.080372
0.0778603
0.0744694
0.0694297
0.0612223
0.0470745
0.0272875
0.00668816
-0.00515607
-0.00513718
0.00966462
0.0256597
0.0354634
0.0375777
0.0359667
0.080034
0.0799257
0.0798688
0.0796489
0.0788535
0.0775834
0.0754702
0.0719407
0.0658102
0.0542648
0.0295497
-0.014856
-0.0762142
-0.105466
-0.0929433
-0.0695759
-0.0561844
-0.0516713
-0.0508971
-0.0504692
0.0756555
0.0755123
0.0754901
0.0755734
0.0756544
0.0751125
0.0736616
0.0711774
0.0659873
0.0547596
0.0266721
-0.0318367
-0.119453
-0.151123
-0.135085
-0.120666
-0.121965
-0.126724
-0.127836
-0.126244
0.0705972
0.0704534
0.0706248
0.0709797
0.0715868
0.0721633
0.0727546
0.0723723
0.0703575
0.0624962
0.0399891
-0.00796656
-0.0819461
-0.108931
-0.112352
-0.125674
-0.146162
-0.162862
-0.166639
-0.165563
0.06371
0.0636028
0.0640098
0.0649991
0.0668741
0.0694695
0.0726354
0.0757679
0.077768
0.0764911
0.0661464
0.0419798
-0.000164172
-0.0262856
-0.0571089
-0.0976003
-0.137529
-0.16361
-0.169518
-0.167076
0.0530055
0.0529108
0.0534253
0.0550273
0.0582874
0.0629217
0.0687638
0.0761771
0.0835265
0.09186
0.0965123
0.0915148
0.0795723
0.0538215
0.00400418
-0.0444911
-0.0825309
-0.104954
-0.113019
-0.112701
0.0374545
0.0373013
0.0377404
0.039851
0.0444519
0.0504296
0.0578083
0.0678686
0.0805615
0.0947695
0.106843
0.113207
0.118332
0.0907078
0.0394453
0.00234716
-0.0176319
-0.0297991
-0.0365368
-0.0372132
0.00646938
0.00607477
0.00518321
0.00486566
0.00598886
0.00736934
0.00931254
0.0136323
0.02208
0.0275544
0.0367909
0.0417863
0.0369385
0.0221302
0.0147788
0.00852943
0.00212899
0.00492044
0.0075569
0.00620736
-1.03449
-0.322828
0.136276
0.403353
0.597432
0.747455
0.865399
0.962547
1.06395
1.15557
0.0505547
0.25509
0.440981
0.597211
0.728089
0.835529
0.92355
0.995463
1.03997
1.04477
0.400425
0.520906
0.638431
0.743339
0.833834
0.910328
0.973011
1.02057
1.05124
1.06952
0.62
0.701617
0.782335
0.856419
0.921167
0.976429
1.02187
1.05746
1.08449
1.10396
0.779646
0.83515
0.895649
0.950794
0.998914
1.04075
1.07621
1.10558
1.12953
1.1468
0.905527
0.947129
0.994247
1.03556
1.07379
1.10786
1.13764
1.16306
1.18424
1.19867
1.01007
1.04507
1.08298
1.11789
1.15072
1.18081
1.20753
1.23044
1.24932
1.26119
1.10447
1.1359
1.17034
1.20335
1.23443
1.26308
1.28844
1.30991
1.327
1.33663
1.19622
1.22898
1.26454
1.29879
1.33031
1.35878
1.38349
1.40393
1.41948
1.42776
1.29864
1.33621
1.37462
1.41106
1.44325
1.47123
1.49476
1.51384
1.52803
1.53657
1.42587
1.46831
1.50751
1.54346
1.57395
1.59969
1.62129
1.63896
1.6525
1.6627
1.58751
1.62907
1.66284
1.69236
1.71692
1.73848
1.75809
1.77554
1.79031
1.80302
1.77793
1.80876
1.83011
1.84926
1.86733
1.88458
1.9008
1.91664
1.93316
1.9501
1.97588
1.98729
1.99836
2.01247
2.02676
2.03961
2.05099
2.06185
2.07477
2.09165
2.16171
2.17162
2.18027
2.18272
2.18358
2.18785
2.19867
2.21463
2.23225
2.23686
2.46275
2.40736
2.35654
2.3163
2.29392
2.28989
2.30338
2.33719
2.39363
2.46919
1.0102
0.951511
0.909025
0.87516
0.850493
0.832923
0.820389
0.811426
0.80527
0.801725
0.80125
0.804027
0.809398
0.817282
0.828164
0.84319
0.864182
0.893265
0.932019
0.979839
0.811768
0.820519
0.826042
0.826858
0.823362
0.817298
0.810838
0.805326
0.801427
0.799692
0.800774
0.804283
0.809499
0.815927
0.822659
0.827904
0.829514
0.826269
0.818913
0.811244
0.788821
0.790851
0.795453
0.798955
0.801452
0.802861
0.802545
0.800771
0.798526
0.796879
0.796796
0.798523
0.801164
0.803725
0.80516
0.804788
0.802906
0.800087
0.796026
0.791639
0.781949
0.782814
0.785292
0.787996
0.789992
0.791332
0.792285
0.792691
0.792486
0.792146
0.792387
0.793361
0.794364
0.794771
0.794411
0.793523
0.792081
0.789819
0.787164
0.785191
0.776348
0.77681
0.778201
0.780213
0.782137
0.783689
0.784798
0.785644
0.786292
0.78677
0.787276
0.787789
0.788003
0.787823
0.787283
0.786266
0.784716
0.782857
0.781189
0.780166
0.771232
0.771518
0.772432
0.773893
0.775502
0.777081
0.778468
0.779585
0.780525
0.781364
0.782052
0.782444
0.782468
0.782137
0.78139
0.780258
0.778912
0.777552
0.776437
0.775807
0.76635
0.766551
0.767237
0.768403
0.769772
0.771192
0.772625
0.77397
0.775152
0.7762
0.777046
0.77749
0.777483
0.777048
0.776261
0.775278
0.774219
0.773162
0.772341
0.771897
0.761639
0.76179
0.762336
0.763315
0.764532
0.765847
0.767232
0.768652
0.770033
0.771297
0.772324
0.772877
0.772897
0.772504
0.771852
0.771058
0.770204
0.769371
0.768749
0.768414
0.757022
0.75714
0.757586
0.758435
0.759556
0.760812
0.762167
0.763617
0.765125
0.766607
0.767857
0.76857
0.76872
0.768487
0.768016
0.767403
0.766717
0.766066
0.765593
0.765334
0.752423
0.752518
0.752894
0.753656
0.754722
0.755944
0.757302
0.758799
0.760418
0.762101
0.763613
0.764577
0.764958
0.764942
0.764664
0.76423
0.763707
0.763206
0.762849
0.762645
0.747765
0.747842
0.748168
0.748875
0.749912
0.751135
0.752536
0.754122
0.75589
0.757802
0.759628
0.760926
0.761602
0.761831
0.761759
0.761503
0.761147
0.760781
0.760519
0.760356
0.742974
0.743036
0.743326
0.744005
0.74505
0.746326
0.747815
0.749544
0.751534
0.753753
0.755973
0.757673
0.758677
0.759175
0.759326
0.75925
0.759041
0.758794
0.75861
0.758483
0.737987
0.738036
0.738301
0.738974
0.740061
0.74143
0.743045
0.744966
0.747238
0.749847
0.75256
0.754744
0.756144
0.75696
0.757371
0.757499
0.75744
0.757308
0.757194
0.757095
0.732729
0.732767
0.733016
0.733704
0.734863
0.736357
0.738146
0.740314
0.742942
0.746049
0.749374
0.752145
0.754026
0.755227
0.75594
0.756315
0.756416
0.756399
0.756349
0.756274
0.727118
0.727146
0.727386
0.728101
0.729355
0.731014
0.733039
0.735539
0.738604
0.742297
0.746368
0.749894
0.752384
0.754051
0.755094
0.755743
0.756033
0.756146
0.756165
0.756115
0.721056
0.721062
0.721291
0.722055
0.723451
0.72534
0.727672
0.7306
0.73427
0.738766
0.743774
0.748162
0.751331
0.753529
0.754996
0.755918
0.756445
0.756704
0.756793
0.756765
0.714374
0.714396
0.714629
0.715434
0.716985
0.719106
0.721802
0.725236
0.729593
0.735012
0.741161
0.746666
0.750736
0.753638
0.75564
0.756975
0.757797
0.758233
0.758398
0.75839
0.70685
0.706855
0.707123
0.707997
0.709737
0.712189
0.715373
0.719492
0.724784
0.731414
0.738978
0.745792
0.75087
0.754553
0.757197
0.759044
0.76023
0.760887
0.761142
0.76115
0.698204
0.698204
0.69849
0.699475
0.701451
0.704321
0.708113
0.71308
0.71952
0.72764
0.736939
0.74536
0.75171
0.756381
0.759791
0.762242
0.763868
0.7648
0.765152
0.765169
0.687934
0.687932
0.68826
0.689399
0.691703
0.695129
0.699722
0.7058
0.713717
0.7237
0.735128
0.745485
0.753322
0.759145
0.763462
0.766623
0.768787
0.770021
0.770472
0.770491
0.675372
0.67537
0.675773
0.677156
0.679958
0.684185
0.68989
0.697468
0.707322
0.719674
0.733687
0.746316
0.75587
0.76302
0.768367
0.77231
0.775058
0.776604
0.777151
0.777168
0.659685
0.659683
0.660201
0.661968
0.665519
0.670891
0.678134
0.687727
0.700086
0.715384
0.732526
0.747831
0.759387
0.768037
0.774567
0.779409
0.782777
0.784641
0.785281
0.785295
0.63974
0.63974
0.640436
0.642815
0.647527
0.654602
0.664054
0.676424
0.692071
0.711044
0.731891
0.750268
0.764075
0.774422
0.782266
0.78807
0.792112
0.7943
0.795026
0.795032
0.613813
0.613818
0.614827
0.618232
0.624832
0.63448
0.64716
0.663347
0.683246
0.706707
0.731882
0.753727
0.770029
0.782261
0.791536
0.798454
0.803226
0.805735
0.806527
0.806516
0.578927
0.578958
0.580652
0.586037
0.595883
0.609675
0.627129
0.648533
0.673845
0.70268
0.732773
0.758415
0.777406
0.79165
0.802512
0.810659
0.816193
0.818988
0.819808
0.819763
0.529258
0.52954
0.533409
0.543271
0.559227
0.579735
0.604111
0.632394
0.664317
0.699332
0.734814
0.76448
0.786265
0.802621
0.815164
0.824633
0.830909
0.833934
0.834732
0.834632
0.457057
0.45947
0.470618
0.490083
0.516201
0.546059
0.579268
0.615719
0.655149
0.697012
0.738398
0.772521
0.797493
0.816319
0.830896
0.841912
0.849092
0.852515
0.853416
0.853348
0.380003
0.386503
0.406252
0.435896
0.472545
0.512122
0.554289
0.599083
0.646375
0.695717
0.744021
0.783794
0.813047
0.835274
0.852582
0.865765
0.874209
0.878134
0.879108
0.879175
0.314749
0.321352
0.347757
0.385913
0.431361
0.47984
0.530567
0.583465
0.638433
0.695027
0.749934
0.795003
0.828185
0.85343
0.872952
0.88756
0.896746
0.901436
0.902669
0.902748
0.261581
0.268533
0.298678
0.342865
0.394911
0.450599
0.508651
0.568847
0.630917
0.694349
0.755479
0.805398
0.842003
0.869649
0.890791
0.906552
0.917015
0.922218
0.923386
0.923569
0.217612
0.224844
0.25735
0.30586
0.363145
0.424653
0.488842
0.555388
0.62384
0.693541
0.760404
0.814703
0.854244
0.883885
0.906437
0.923217
0.934451
0.940098
0.941543
0.941836
0.18027
0.187662
0.221751
0.273581
0.335062
0.401395
0.470853
0.542966
0.617132
0.692549
0.764654
0.822883
0.864979
0.896289
0.919936
0.937499
0.949252
0.955324
0.95711
0.95746
0.147526
0.155023
0.190251
0.244815
0.309675
0.380094
0.454145
0.531216
0.610575
0.691241
0.768186
0.829985
0.874317
0.907
0.931478
0.949595
0.961686
0.96804
0.970102
0.970492
0.117872
0.125483
0.161726
0.21844
0.286197
0.360127
0.438227
0.519766
0.603885
0.689441
0.770933
0.836083
0.882458
0.916353
0.941524
0.960025
0.972367
0.978909
0.981123
0.981487
0.090358
0.0980732
0.135199
0.193809
0.264031
0.341021
0.422717
0.508305
0.596822
0.686988
0.772844
0.841237
0.889595
0.924629
0.950441
0.96923
0.98173
0.988347
0.990643
0.990994
0.0642335
0.0720991
0.110058
0.170248
0.24275
0.322446
0.407353
0.496622
0.589217
0.683755
0.773871
0.845508
0.895883
0.932096
0.958539
0.977636
0.990235
0.996843
0.999169
0.999596
0.039096
0.0471442
0.0859388
0.147501
0.22204
0.304158
0.391959
0.484581
0.580956
0.679656
0.773966
0.848938
0.901459
0.938967
0.966128
0.985564
0.998274
1.00486
1.0071
1.00751
0.0146128
0.0228956
0.0623016
0.125389
0.201711
0.286002
0.376417
0.472088
0.571969
0.67463
0.773102
0.851553
0.906418
0.945391
0.973391
0.993247
1.00609
1.01264
1.01479
1.01508
-0.00930634
-0.000842255
0.0393165
0.103724
0.181669
0.26791
0.360667
0.459109
0.56222
0.668635
0.771236
0.853341
0.910802
0.951453
0.980443
1.00079
1.01376
1.02022
1.02224
1.02242
-0.0327575
-0.0241313
0.0168202
0.0824267
0.161861
0.24985
0.344705
0.445642
0.551712
0.661653
0.768318
0.854245
0.914592
0.957197
0.987342
1.00823
1.02128
1.02757
1.02938
1.02946
-0.0557786
-0.0469586
-0.00527199
0.0614804
0.142276
0.231837
0.328561
0.431725
0.54046
0.653677
0.764283
0.854168
0.917733
0.962639
0.994153
1.01563
1.02868
1.03467
1.03622
1.03621
-0.078384
-0.0693646
-0.0268878
0.0409192
0.122943
0.213906
0.312277
0.41741
0.528528
0.644734
0.759092
0.853018
0.920125
0.967755
1.00096
1.02306
1.03593
1.04144
1.04267
1.04256
-0.100475
-0.0912435
-0.0479914
0.0207901
0.103921
0.196111
0.295933
0.40278
0.515992
0.634862
0.752724
0.850695
0.921616
0.972458
1.00784
1.03073
1.04315
1.04784
1.04863
1.04844
-0.121972
-0.112529
-0.0685438
0.00113343
0.0852631
0.178535
0.279604
0.387926
0.502938
0.62415
0.745183
0.847085
0.922018
0.976574
1.01485
1.03902
1.05076
1.05401
1.05404
1.05375
-0.142871
-0.133207
-0.0885069
-0.0179976
0.0670219
0.161251
0.263384
0.372952
0.489475
0.612682
0.736515
0.8421
0.92112
0.979799
1.02184
1.04834
1.05973
1.06073
1.05906
1.05853
-0.163091
-0.153212
-0.107832
-0.0365493
0.0492707
0.144317
0.247357
0.357951
0.475721
0.600574
0.726776
0.835675
0.918716
0.981707
1.02825
1.05871
1.07148
1.07058
1.06574
1.0634
-0.182651
-0.17257
-0.126501
-0.0545184
0.0319872
0.127715
0.2315
0.342892
0.461646
0.587789
0.715903
0.827595
0.914525
0.981801
1.03314
1.06915
1.08656
1.08737
1.07934
1.06198
-0.201579
-0.191277
-0.144622
-0.0720742
0.0149346
0.111123
0.215426
0.327298
0.446683
0.573672
0.703203
0.817111
0.907764
0.979325
1.03475
1.0765
1.10016
1.10092
1.09418
1.04837
-0.220144
-0.208939
-0.162123
-0.0890738
-0.00177467
0.094641
0.19932
0.311394
0.431073
0.558452
0.688788
0.80416
0.897734
0.973711
1.03057
1.07226
1.09701
1.10148
1.05002
0.987722
-0.239374
-0.22449
-0.178798
-0.105399
-0.0184154
0.0780805
0.182923
0.295187
0.414805
0.542119
0.672546
0.788545
0.883258
0.965153
1.01898
1.0452
1.06575
1.04126
0.976468
0.910143
-0.258347
-0.259642
-0.199413
-0.118598
-0.032122
0.0642657
0.166831
0.279338
0.398608
0.525447
0.655097
0.770607
0.864211
0.955925
0.979661
0.983366
0.986732
0.932809
0.861113
0.79006
-0.233965
-0.232838
-0.175216
-0.0952026
-0.00384271
0.0963669
0.203839
0.31898
0.441085
0.570944
0.693813
0.795818
0.878808
0.968658
0.992622
0.900077
0.820889
0.757588
0.68583
0.540223
-0.275512
-0.249042
-0.188685
-0.108093
-0.0166848
0.0831966
0.190097
0.304601
0.425724
0.553962
0.674124
0.772907
0.848327
0.906729
0.881948
0.761267
0.644583
0.564443
0.480699
0.315054
-0.30042
-0.269183
-0.207792
-0.127499
-0.0360187
0.0636082
0.170641
0.284333
0.404093
0.530028
0.646738
0.740526
0.807594
0.833025
0.760838
0.601285
0.463952
0.361702
0.246681
0.00787044
-0.324758
-0.291142
-0.228453
-0.147455
-0.0558416
0.0436953
0.150364
0.263094
0.381269
0.504518
0.616951
0.704654
0.75957
0.752744
0.623121
0.437675
0.266011
0.12233
-0.0392632
-0.430912
-0.34813
-0.313643
-0.249853
-0.167983
-0.0761534
0.0232348
0.129275
0.240937
0.357343
0.477583
0.585081
0.666076
0.704368
0.667343
0.489471
0.282291
0.0676109
-0.117687
-0.371154
-0.961708
-0.371284
-0.336743
-0.272235
-0.189725
-0.0976435
0.00158193
0.107012
0.217534
0.331983
0.448909
0.551089
0.624295
0.645892
0.563338
0.367186
0.152323
-0.0674321
-0.273127
-0.445662
-1.1079
-0.395361
-0.360753
-0.295843
-0.212922
-0.120634
-0.0215336
0.0833252
0.192688
0.30506
0.418435
0.515115
0.579308
0.578941
0.452215
0.262654
0.058344
-0.130255
-0.2595
-0.289162
-0.337573
-0.420785
-0.386145
-0.320994
-0.237887
-0.145564
-0.0467403
0.0573794
0.165313
0.275221
0.384418
0.475113
0.528066
0.504971
0.349749
0.168512
-0.00992084
-0.154638
-0.214795
-0.238813
-0.244747
-0.447923
-0.413112
-0.347774
-0.264596
-0.172396
-0.0740209
0.0291102
0.135308
0.242361
0.346777
0.430875
0.47042
0.432025
0.253105
0.0822628
-0.0732376
-0.183407
-0.212159
-0.2123
-0.212651
-0.476847
-0.441761
-0.376225
-0.293023
-0.201081
-0.103364
-0.00146296
0.102689
0.206459
0.305578
0.38208
0.410009
0.344145
0.163387
0.00131862
-0.135415
-0.183133
-0.198451
-0.200303
-0.200225
-0.507454
-0.472006
-0.406297
-0.323142
-0.231589
-0.13472
-0.0342983
0.0674799
0.167556
0.260923
0.328999
0.344545
0.244811
0.0796848
-0.0695432
-0.175964
-0.194197
-0.192481
-0.193373
-0.193194
-0.539252
-0.503765
-0.437794
-0.354769
-0.263763
-0.167956
-0.0692847
0.0297823
0.125785
0.212981
0.272584
0.269066
0.155455
0.00304238
-0.127313
-0.167192
-0.190302
-0.190774
-0.190567
-0.190441
-0.571901
-0.536067
-0.470327
-0.387596
-0.297317
-0.20281
-0.106167
-0.0101384
0.0814348
0.162201
0.213227
0.195387
0.0688778
-0.0670907
-0.170232
-0.202485
-0.193646
-0.190051
-0.188473
-0.188051
-0.604471
-0.568788
-0.503362
-0.421097
-0.33178
-0.238843
-0.144532
-0.0518526
0.0349466
0.109383
0.150509
0.124339
-0.013188
-0.134346
-0.20601
-0.196078
-0.196126
-0.193493
-0.190108
-0.188321
-0.635994
-0.600948
-0.535814
-0.454516
-0.366475
-0.275425
-0.183761
-0.094696
-0.0129573
0.0552892
0.0876294
0.0558155
-0.0843913
-0.207654
-0.250354
-0.243206
-0.21928
-0.20622
-0.199289
-0.196564
-0.665007
-0.630878
-0.566909
-0.486832
-0.400468
-0.311671
-0.223012
-0.137804
-0.0611932
0.000574337
0.0305268
-0.0188674
-0.141049
-0.276262
-0.326973
-0.287672
-0.2467
-0.219975
-0.211237
-0.208559
-0.68984
-0.657214
-0.594871
-0.516785
-0.4326
-0.346456
-0.261165
-0.180081
-0.108399
-0.0535597
-0.0216536
-0.0858627
-0.178949
-0.251383
-0.31779
-0.304831
-0.29524
-0.288048
-0.281753
-0.277252
-0.708458
-0.677951
-0.617895
-0.542701
-0.461411
-0.378482
-0.296867
-0.22016
-0.153264
-0.105254
-0.0727607
-0.138331
-0.199315
-0.181135
-0.231063
-0.362606
-0.462363
-0.485012
-0.468405
-0.459995
-0.718724
-0.690827
-0.634344
-0.562805
-0.485195
-0.406154
-0.328602
-0.25635
-0.19454
-0.151977
-0.122335
-0.201107
-0.263598
-0.303792
-0.372788
-0.507688
-0.601391
-0.616503
-0.60737
-0.603046
-0.718248
-0.694216
-0.642458
-0.575377
-0.502325
-0.427748
-0.354589
-0.286794
-0.230251
-0.192392
-0.175352
-0.310164
-0.430039
-0.439143
-0.412164
-0.560861
-0.679242
-0.680709
-0.683078
-0.683989
-0.703609
-0.685359
-0.640773
-0.579055
-0.511403
-0.441733
-0.372967
-0.309214
-0.257357
-0.227013
-0.234702
-0.416793
-0.615676
-0.60089
-0.509471
-0.698179
-0.819613
-0.802509
-0.796323
-0.800752
-0.676053
-0.663089
-0.627719
-0.573496
-0.511735
-0.447059
-0.382206
-0.32125
-0.271328
-0.245279
-0.266633
-0.473631
-0.92871
-1.59905
-2.10635
-2.38051
-2.21533
-1.81629
-1.42104
-1.32264
-0.639078
-0.630625
-0.605625
-0.559657
-0.50378
-0.443598
-0.381393
-0.321007
-0.268775
-0.238083
-0.264377
-0.476801
-1.01246
-1.71378
-2.18166
-2.37504
-2.30669
-2.04443
-1.76972
-1.67772
-0.598442
-0.593695
-0.577599
-0.541006
-0.490139
-0.432749
-0.371034
-0.307937
-0.248659
-0.201602
-0.191673
-0.264854
-0.389085
-0.439832
-0.467486
-0.361227
-0.166589
0.025599
0.19397
0.300268
-0.561392
-0.559045
-0.549624
-0.520783
-0.474342
-0.417452
-0.353903
-0.28429
-0.211939
-0.135819
-0.0609275
0.0544015
0.315072
0.760279
1.26008
1.71639
2.06712
2.30319
2.43497
2.4837
-0.529936
-0.529027
-0.525485
-0.504734
-0.461073
-0.401917
-0.334075
-0.257124
-0.169707
-0.0719846
0.0483169
0.180216
0.528209
1.06845
1.66573
2.18965
2.56498
2.77723
2.87357
2.90356
-0.503525
-0.503174
-0.502521
-0.489645
-0.449794
-0.388916
-0.315973
-0.233476
-0.140011
-0.0326843
0.0813828
0.205913
0.429072
0.928453
1.43789
1.88891
2.23014
2.43385
2.52787
2.554
-0.480194
-0.479599
-0.479547
-0.473133
-0.43865
-0.37654
-0.300164
-0.214664
-0.121551
-0.0162927
0.0916802
0.206215
0.353599
0.712649
1.13735
1.48736
1.75206
1.90709
1.97825
1.99829
-0.463564
-0.462009
-0.461927
-0.459115
-0.427189
-0.362667
-0.283222
-0.197375
-0.106253
-0.00475559
0.0960706
0.19592
0.297725
0.527239
0.833864
1.09107
1.28449
1.39616
1.44503
1.45724
-0.455589
-0.456578
-0.45967
-0.455795
-0.416522
-0.343577
-0.260404
-0.176222
-0.0903424
0.00149713
0.0888365
0.167815
0.244501
0.3935
0.59942
0.77376
0.904803
0.982498
1.01784
1.02431
-0.424373
-0.429336
-0.435157
-0.426619
-0.381779
-0.306109
-0.22619
-0.149185
-0.0734243
0.00518809
0.0790983
0.142376
0.204449
0.291854
0.428321
0.545466
0.629748
0.678467
0.6979
0.700626
-0.322378
-0.328414
-0.334032
-0.32604
-0.28984
-0.23342
-0.172819
-0.112386
-0.0520619
0.0110142
0.0690884
0.115655
0.159036
0.212903
0.300197
0.377421
0.432188
0.462882
0.475965
0.476855
-0.168414
-0.17161
-0.175945
-0.174398
-0.160188
-0.13531
-0.10357
-0.06729
-0.026624
0.0186402
0.0595083
0.0907979
0.118937
0.151342
0.205532
0.257588
0.293215
0.313464
0.321026
0.320524
-0.0291015
-0.0306271
-0.0343358
-0.0404637
-0.0451213
-0.045068
-0.0376565
-0.0227817
-0.000311411
0.0281499
0.0539694
0.0724705
0.0870125
0.106793
0.141609
0.17535
0.199232
0.211757
0.216085
0.215102
0.0583299
0.0576311
0.0540442
0.044804
0.0309
0.0189491
0.0129322
0.0143948
0.02356
0.0387966
0.0528125
0.0594946
0.0611171
0.0742273
0.101479
0.125016
0.139699
0.14645
0.148283
0.147118
0.0982965
0.0977507
0.0945776
0.0858852
0.0720323
0.0578505
0.0470813
0.0418648
0.0431739
0.0498441
0.0559532
0.0552073
0.0497716
0.0593482
0.0806466
0.0971532
0.106319
0.109513
0.109966
0.108985
0.110605
0.110135
0.107741
0.101275
0.090512
0.0783828
0.0677789
0.0608075
0.0586032
0.0608813
0.0638537
0.0617676
0.0566598
0.065392
0.0812915
0.0910382
0.0951816
0.0963267
0.096349
0.0955579
0.11019
0.109792
0.108124
0.103858
0.0965663
0.087743
0.0792537
0.0729407
0.0700893
0.0718493
0.0755877
0.0774894
0.0782875
0.0876928
0.0974904
0.102162
0.103746
0.103687
0.10335
0.102398
0.105347
0.105016
0.103882
0.101223
0.0966295
0.0907204
0.0846706
0.0799653
0.0779873
0.0806149
0.0885353
0.0984123
0.107896
0.116998
0.121376
0.121605
0.12126
0.121493
0.121386
0.120489
0.0998612
0.0995935
0.0987991
0.0970971
0.0942916
0.0904705
0.0863539
0.0830743
0.0821364
0.0861006
0.0986449
0.118669
0.139449
0.147383
0.143946
0.14118
0.14211
0.1434
0.143824
0.142599
0.094989
0.0947744
0.0941773
0.0929196
0.0910736
0.088476
0.0855243
0.0830383
0.0824121
0.0864822
0.100982
0.127354
0.154703
0.160062
0.15246
0.151429
0.153446
0.158493
0.159514
0.157606
0.0908422
0.0906658
0.0901921
0.0891367
0.087515
0.0855111
0.08306
0.0805097
0.0789432
0.0804835
0.0911525
0.114893
0.141999
0.14337
0.134445
0.135355
0.143655
0.149869
0.150734
0.148641
0.0871815
0.0870424
0.0866834
0.0856904
0.0842787
0.0822317
0.0796986
0.0765076
0.0727661
0.0688668
0.0683694
0.0768242
0.0893891
0.0852771
0.0815194
0.088634
0.0994316
0.10693
0.107518
0.105622
0.083663
0.0835566
0.083324
0.0826271
0.0812742
0.0791827
0.076234
0.0722893
0.065766
0.0549255
0.0377199
0.0176028
-0.000395141
-0.00777494
0.00143896
0.0184377
0.0317344
0.0375053
0.036807
0.0349879
0.0799664
0.0798977
0.0798064
0.0793636
0.0782591
0.0766604
0.0738867
0.0693115
0.0607812
0.0441212
0.00946062
-0.0452265
-0.0973161
-0.102571
-0.0807658
-0.0613511
-0.0540888
-0.0510141
-0.0505174
-0.0508721
0.0755682
0.0754836
0.0755168
0.0756356
0.0754995
0.0744937
0.0725369
0.0688095
0.0620171
0.0434225
0.00233826
-0.075592
-0.143696
-0.144553
-0.125087
-0.120289
-0.123785
-0.128033
-0.126909
-0.126195
0.0704935
0.0705095
0.0707742
0.0712643
0.0718856
0.0724669
0.0726365
0.0718576
0.0677981
0.0530568
0.0205428
-0.0469846
-0.102723
-0.11125
-0.116879
-0.135701
-0.156161
-0.166103
-0.166161
-0.165387
0.0636036
0.0637502
0.0644094
0.0658496
0.0680664
0.0709728
0.074436
0.0772715
0.0773475
0.0735767
0.0573179
0.0205738
-0.0143553
-0.0402574
-0.0756988
-0.119113
-0.153243
-0.168485
-0.168718
-0.165759
0.0528954
0.053082
0.0540516
0.0564762
0.0604382
0.0656723
0.0719425
0.0798091
0.0880115
0.0943453
0.0956578
0.0858837
0.0709985
0.0305182
-0.0208934
-0.0645909
-0.0960639
-0.110796
-0.113328
-0.111626
0.0373149
0.0374467
0.0384534
0.0419004
0.0473104
0.0538627
0.0626003
0.0737829
0.0873981
0.101951
0.111264
0.115096
0.110341
0.06432
0.0186563
-0.00990211
-0.0244686
-0.0336536
-0.0373377
-0.0365286
0.0171848
0.0170197
0.0174455
0.019431
0.0220055
0.0255031
0.0304509
0.0379094
0.0500062
0.0637714
0.0760914
0.0806091
0.0772634
0.0626443
0.0350588
0.0154051
0.0140729
0.0107315
0.0074383
0.00671962
-0.625138
-0.0464488
0.281496
0.504709
0.676274
0.808883
0.916611
1.00966
1.12083
1.11687
0.199857
0.354601
0.522486
0.66593
0.784628
0.881612
0.961682
1.02247
1.04755
1.05171
0.477558
0.581071
0.692782
0.790381
0.873802
0.943419
0.998866
1.03784
1.06219
1.07911
0.672193
0.743245
0.820617
0.88998
0.950003
1.00039
1.04086
1.07186
1.09607
1.11465
0.817474
0.870643
0.924436
0.975652
1.02063
1.05926
1.09163
1.11814
1.14018
1.15846
0.934272
0.972738
1.01512
1.05519
1.09136
1.12327
1.15091
1.1741
1.19345
1.2112
1.03357
1.06447
1.1007
1.1346
1.16615
1.19462
1.2195
1.24035
1.25719
1.27455
1.12421
1.15313
1.18708
1.21915
1.24911
1.27621
1.29971
1.319
1.33354
1.35068
1.21534
1.24657
1.28199
1.31489
1.34497
1.37164
1.39428
1.41234
1.42498
1.44225
1.31941
1.35521
1.39335
1.42767
1.45778
1.48356
1.50487
1.52154
1.53316
1.55101
1.44885
1.48795
1.52617
1.55934
1.58736
1.61098
1.63063
1.64617
1.65801
1.67628
1.61006
1.6463
1.67833
1.70512
1.72798
1.74851
1.76715
1.7832
1.79692
1.8148
1.79479
1.81994
1.83988
1.8584
1.87607
1.89283
1.90872
1.92472
1.94186
1.961
1.98158
1.99245
2.00519
2.01976
2.03339
2.04547
2.05639
2.06775
2.08317
2.1026
2.16349
2.17695
2.18202
2.18303
2.18501
2.19239
2.20611
2.22372
2.23747
2.24882
2.43239
2.38181
2.33435
2.30278
2.28974
2.2943
2.31755
2.36261
2.42931
2.52343
0.866829
0.863816
0.857753
0.846818
0.834315
0.822988
0.813903
0.807106
0.802584
0.800613
0.801755
0.805664
0.811766
0.820006
0.830475
0.84277
0.855107
0.863808
0.868316
0.870477
0.795147
0.801795
0.807038
0.810645
0.811745
0.810091
0.806611
0.802778
0.799735
0.798339
0.799332
0.802289
0.806313
0.810491
0.813486
0.813991
0.811654
0.807261
0.80096
0.795133
0.785071
0.78803
0.791386
0.793866
0.795612
0.796774
0.796969
0.796177
0.79505
0.794509
0.795272
0.796924
0.798524
0.799257
0.798802
0.79752
0.795598
0.792711
0.789366
0.787077
0.779063
0.780484
0.78269
0.784952
0.786659
0.787832
0.788687
0.789221
0.789421
0.789634
0.790218
0.79088
0.791143
0.790879
0.790208
0.789032
0.787193
0.784947
0.783185
0.782101
0.773753
0.77457
0.776028
0.777792
0.779518
0.78097
0.78207
0.782954
0.783708
0.784364
0.784899
0.785155
0.785061
0.784622
0.783745
0.782418
0.780861
0.779313
0.77828
0.777615
0.768767
0.76932
0.770398
0.771804
0.773302
0.774784
0.776138
0.777286
0.778285
0.779171
0.779775
0.779973
0.779782
0.779178
0.778218
0.77707
0.775856
0.774742
0.774035
0.773569
0.763979
0.764393
0.765256
0.76646
0.767778
0.769164
0.770577
0.77193
0.773155
0.774231
0.774965
0.775202
0.774972
0.774369
0.773544
0.772619
0.771657
0.770805
0.770279
0.769927
0.759326
0.759651
0.760365
0.761425
0.762651
0.763973
0.765374
0.766827
0.768253
0.769553
0.770457
0.770786
0.770638
0.770178
0.769534
0.768786
0.768017
0.767362
0.766962
0.766684
0.754728
0.75499
0.755599
0.756564
0.757734
0.759022
0.760431
0.761952
0.763535
0.765072
0.766201
0.76672
0.766764
0.766496
0.766035
0.765461
0.764861
0.76436
0.764054
0.763827
0.75011
0.750327
0.750864
0.751773
0.752911
0.754202
0.755654
0.757269
0.759021
0.760818
0.762242
0.763034
0.763325
0.763272
0.762998
0.762604
0.762151
0.761777
0.761543
0.761356
0.745394
0.745576
0.746065
0.746948
0.748091
0.749427
0.750967
0.752727
0.754695
0.756794
0.758593
0.759738
0.760316
0.760498
0.76042
0.760186
0.759882
0.759618
0.759443
0.759285
0.740514
0.740669
0.741129
0.742019
0.74321
0.744632
0.746309
0.748282
0.750558
0.75307
0.755319
0.756852
0.757747
0.758189
0.758324
0.758253
0.758087
0.757919
0.757794
0.757659
0.735403
0.735536
0.735984
0.736905
0.738179
0.739726
0.741579
0.743812
0.746457
0.749474
0.752284
0.754308
0.755601
0.75636
0.756744
0.756859
0.756827
0.756749
0.756669
0.756552
0.729977
0.730091
0.730539
0.731514
0.732903
0.73462
0.736717
0.739286
0.742393
0.746038
0.749533
0.752154
0.753929
0.755055
0.755726
0.756052
0.756185
0.756202
0.756163
0.75606
0.72414
0.72424
0.724701
0.725758
0.727306
0.72925
0.731671
0.734688
0.738393
0.74281
0.747157
0.750518
0.752847
0.754396
0.755373
0.755955
0.756261
0.756377
0.75638
0.75629
0.717804
0.717894
0.718364
0.719517
0.721253
0.723476
0.726291
0.729855
0.734319
0.739728
0.7451
0.749317
0.752355
0.754456
0.755809
0.756707
0.757222
0.757449
0.757494
0.757413
0.710726
0.710819
0.711333
0.712591
0.71454
0.717102
0.720412
0.724657
0.730027
0.73661
0.743274
0.748603
0.75248
0.755231
0.757128
0.758435
0.759215
0.759577
0.759666
0.759589
0.702684
0.702765
0.703336
0.704746
0.706991
0.710014
0.713977
0.719132
0.725713
0.733814
0.742007
0.748591
0.753453
0.756983
0.75951
0.761283
0.762386
0.762913
0.763046
0.762966
0.693284
0.693376
0.694035
0.695639
0.698245
0.701837
0.706612
0.712876
0.720912
0.730843
0.740948
0.749118
0.755213
0.759693
0.762988
0.76533
0.76684
0.767553
0.767723
0.76763
0.681935
0.682054
0.682852
0.684754
0.687879
0.69227
0.698159
0.705922
0.715874
0.728108
0.740479
0.750462
0.757949
0.763514
0.767666
0.770666
0.772613
0.773516
0.77372
0.773609
0.667883
0.668048
0.669079
0.671438
0.67532
0.680823
0.688222
0.697945
0.710316
0.725377
0.740468
0.752605
0.761713
0.76853
0.773638
0.777383
0.779794
0.780888
0.781122
0.780987
0.650165
0.650413
0.651807
0.654864
0.659869
0.666978
0.676476
0.688825
0.704297
0.722809
0.741107
0.755702
0.766646
0.774859
0.781084
0.785613
0.788499
0.789782
0.790043
0.789884
0.627392
0.627796
0.62977
0.633931
0.640664
0.650131
0.662599
0.678461
0.697862
0.720541
0.742536
0.759908
0.772909
0.782683
0.790099
0.795518
0.798913
0.800379
0.800658
0.800471
0.597329
0.598053
0.601036
0.607055
0.616589
0.629636
0.646329
0.66686
0.691158
0.718748
0.744927
0.765355
0.780595
0.792091
0.800834
0.807239
0.811147
0.812767
0.813045
0.812826
0.555887
0.557369
0.562525
0.572155
0.586487
0.605093
0.62773
0.654318
0.684544
0.717758
0.74852
0.772201
0.789811
0.803133
0.813344
0.820795
0.82516
0.826871
0.827122
0.826871
0.495326
0.499901
0.510737
0.527472
0.550002
0.576861
0.607423
0.641448
0.678513
0.71788
0.753463
0.780503
0.800532
0.815735
0.827434
0.835862
0.840626
0.842338
0.842505
0.842241
0.422852
0.431005
0.450743
0.47816
0.511102
0.547296
0.586439
0.628465
0.673034
0.719492
0.761049
0.792606
0.816118
0.834085
0.847784
0.857521
0.862974
0.864959
0.865255
0.865151
0.350095
0.363855
0.392496
0.430251
0.473047
0.518492
0.56624
0.616324
0.668491
0.722175
0.769906
0.806181
0.833361
0.854302
0.870391
0.881737
0.887556
0.889155
0.889568
0.889612
0.290255
0.307739
0.34206
0.387377
0.438126
0.491625
0.547245
0.604927
0.664336
0.724911
0.778451
0.819026
0.84937
0.87259
0.890197
0.902432
0.908743
0.911402
0.912074
0.912189
0.241351
0.260787
0.299421
0.350311
0.407306
0.467392
0.529781
0.594258
0.660337
0.727339
0.78623
0.830629
0.863594
0.888619
0.907566
0.920878
0.928204
0.931328
0.932144
0.932283
0.200489
0.221016
0.262844
0.318071
0.380105
0.445675
0.513884
0.584359
0.656462
0.729352
0.793118
0.840875
0.876086
0.902631
0.922664
0.936837
0.944949
0.948421
0.949333
0.94948
0.165218
0.186465
0.230804
0.289469
0.355628
0.425885
0.499188
0.575019
0.652599
0.730889
0.799101
0.849839
0.886942
0.914688
0.935518
0.950283
0.958977
0.962734
0.963719
0.96385
0.133869
0.155634
0.201917
0.263464
0.333109
0.407414
0.485237
0.565918
0.648532
0.73184
0.804174
0.85763
0.896382
0.925112
0.946517
0.961681
0.970767
0.974722
0.975774
0.975877
0.105196
0.127366
0.175359
0.239285
0.311919
0.38977
0.471638
0.556744
0.644035
0.732085
0.808351
0.86438
0.904667
0.93428
0.956162
0.971591
0.980884
0.984949
0.986014
0.986078
0.0782343
0.100852
0.150402
0.216356
0.291617
0.372599
0.458104
0.547265
0.638935
0.73152
0.811632
0.870213
0.912019
0.942483
0.964824
0.980473
0.989804
0.993962
0.99494
0.994919
0.0524939
0.0756573
0.126342
0.194281
0.271876
0.355654
0.444441
0.537328
0.633108
0.730066
0.814017
0.875225
0.918642
0.950022
0.972839
0.988705
0.998094
1.00221
1.00316
1.00308
0.0275948
0.0512904
0.103046
0.172793
0.252469
0.338763
0.430527
0.526832
0.626465
0.727671
0.815503
0.879493
0.92468
0.957106
0.980481
0.996589
1.00603
1.01007
1.01099
1.01088
0.00329461
0.0274993
0.0804077
0.151726
0.233278
0.321832
0.416282
0.515722
0.618959
0.724277
0.816076
0.883061
0.930232
0.963867
0.987911
1.00431
1.0138
1.01773
1.01854
1.01841
-0.0205244
0.00424324
0.0582522
0.130994
0.214238
0.304815
0.401683
0.50398
0.610574
0.719854
0.815687
0.885911
0.935337
0.970383
0.995203
1.01191
1.02138
1.02513
1.02582
1.02564
-0.043885
-0.0185437
0.036495
0.110562
0.195335
0.287724
0.386754
0.491624
0.601305
0.714364
0.814261
0.887974
0.939988
0.976702
1.00241
1.01941
1.02878
1.03228
1.03281
1.03259
-0.0667477
-0.0408955
0.0151506
0.0904341
0.176586
0.270584
0.371533
0.478701
0.591177
0.707786
0.811711
0.889158
0.944148
0.98287
1.00961
1.02684
1.03593
1.03907
1.03943
1.03917
-0.0891575
-0.0627459
-0.00573254
0.0706567
0.158037
0.25345
0.356087
0.465275
0.580254
0.700121
0.807979
0.889346
0.947703
0.988903
1.01695
1.0343
1.04283
1.04544
1.04561
1.04532
-0.110984
-0.0840325
-0.0261151
0.0512728
0.139746
0.236405
0.3405
0.451437
0.56861
0.691403
0.803004
0.888382
0.950488
0.994758
1.02462
1.04208
1.04961
1.05133
1.05124
1.05095
-0.132232
-0.104702
-0.0459661
0.0323434
0.121786
0.21952
0.324867
0.437296
0.556334
0.681701
0.79674
0.886114
0.952269
1.00026
1.0328
1.05081
1.05683
1.05688
1.05626
1.05603
-0.1528
-0.124745
-0.0652235
0.0139223
0.104215
0.202876
0.309271
0.422937
0.543547
0.671105
0.789179
0.8824
0.952751
1.00501
1.04139
1.0613
1.06606
1.06324
1.06081
1.06027
-0.172744
-0.144122
-0.0838347
-0.00392857
0.087111
0.186561
0.293836
0.408499
0.530382
0.659724
0.780359
0.877116
0.951626
1.00835
1.04964
1.07369
1.07967
1.07471
1.06624
1.04869
-0.191999
-0.162826
-0.101937
-0.0214103
0.0701773
0.170236
0.278133
0.393509
0.516303
0.647003
0.769693
0.869604
0.948388
1.00946
1.0561
1.0866
1.09768
1.09376
1.07742
1.08994
-0.210686
-0.180834
-0.11947
-0.0384686
0.0534709
0.153961
0.262172
0.377994
0.501312
0.632856
0.757015
0.85929
0.942412
1.00706
1.05668
1.0915
1.10743
1.10141
1.03998
1.02177
-0.229409
-0.198703
-0.13618
-0.0547066
0.0374854
0.138188
0.246158
0.36222
0.4857
0.617502
0.742383
0.845841
0.932996
1.00056
1.04602
1.07938
1.08704
1.05333
0.983854
0.941587
-0.248866
-0.217346
-0.151674
-0.0697404
0.0226124
0.123065
0.230466
0.346363
0.46956
0.600975
0.725701
0.829201
0.918227
0.990122
1.03893
1.0362
1.01721
0.95779
0.885508
0.841177
0.159978
0.272315
0.391361
0.517809
0.646574
0.761011
0.852811
0.710046
-0.269859
-0.251057
-0.212974
-0.144032
-0.0577992
0.0378118
0.141598
0.252815
0.370959
0.496055
0.623432
0.736636
0.826824
0.901118
0.952859
0.919961
0.780303
0.69375
0.625574
-0.287674
-0.274577
-0.23035
-0.15968
-0.0731477
0.0225208
0.125756
0.236437
0.353627
0.477191
0.60209
0.711576
0.796218
0.85658
0.856096
0.756905
0.614005
0.508417
0.419268
-0.311091
-0.29828
-0.251084
-0.179298
-0.0925337
0.00326192
0.106535
0.216808
0.332972
0.454793
0.576441
0.680826
0.757604
0.799818
0.761762
0.604488
0.438488
0.303706
0.185185
-0.334714
-0.321736
-0.272883
-0.199875
-0.112633
-0.0168453
0.0861534
0.195652
0.310524
0.430194
0.548191
0.646964
0.715912
0.734044
0.651399
0.457616
0.258477
0.0763179
-0.0976175
-0.357548
-0.345061
-0.295361
-0.221281
-0.133546
-0.0377383
0.0648571
0.173458
0.286877
0.404082
0.518024
0.610547
0.669569
0.653168
0.524551
0.322229
0.1008
-0.111625
-0.305105
-0.38092
-0.368712
-0.31873
-0.243933
-0.155794
-0.0599082
0.0423619
0.150134
0.262057
0.376675
0.486385
0.572207
0.619126
0.577662
0.408686
0.209799
-0.00396516
-0.206088
-0.329781
-0.365195
-0.405613
-0.39356
-0.343337
-0.268141
-0.179793
-0.0839215
0.0179562
0.124788
0.234997
0.346654
0.451613
0.530042
0.562719
0.502004
0.304556
0.115788
-0.0659064
-0.202134
-0.247304
-0.272309
-0.43172
-0.419834
-0.369448
-0.294022
-0.205619
-0.109946
-0.00863587
0.0969968
0.205152
0.313357
0.412876
0.483587
0.498651
0.399905
0.21179
0.0381454
-0.114232
-0.199306
-0.217475
-0.224172
-0.459568
-0.447767
-0.397173
-0.321582
-0.233247
-0.137926
-0.0374167
0.0667457
0.172487
0.276778
0.370123
0.433022
0.420311
0.298005
0.124401
-0.0383454
-0.158559
-0.201964
-0.203525
-0.205312
-0.489107
-0.477416
-0.426542
-0.350813
-0.262651
-0.167843
-0.0683614
0.0340607
0.137017
0.236949
0.323533
0.377123
0.343796
0.201159
0.0419158
-0.108498
-0.178398
-0.195675
-0.196127
-0.196114
-0.520143
-0.508401
-0.45744
-0.381612
-0.293725
-0.199619
-0.101385
-0.00100184
0.0987984
0.193926
0.273385
0.314988
0.275327
0.113177
-0.0330362
-0.149356
-0.191477
-0.189864
-0.191584
-0.191627
-0.55218
-0.540355
-0.489612
-0.413716
-0.326258
-0.233044
-0.136311
-0.0382671
0.0580267
0.14799
0.21998
0.25135
0.198336
0.0338612
-0.0984761
-0.180377
-0.194161
-0.190677
-0.189332
-0.188779
-0.584649
-0.572851
-0.522347
-0.44673
-0.359849
-0.267752
-0.172799
-0.0774003
0.0150328
0.0995906
0.163915
0.18601
0.108826
-0.0416066
-0.158492
-0.177399
-0.194232
-0.192878
-0.188458
-0.187219
-0.616489
-0.605016
-0.554907
-0.479898
-0.393908
-0.303208
-0.210335
-0.117884
-0.0295995
0.0492718
0.106661
0.114062
0.0262965
-0.114764
-0.209739
-0.21983
-0.209266
-0.202269
-0.196776
-0.193346
-0.646414
-0.635486
-0.586411
-0.512279
-0.427587
-0.338632
-0.24818
-0.158983
-0.0750323
-0.00220148
0.049901
0.0428871
-0.0471816
-0.180897
-0.292588
-0.316305
-0.26214
-0.22111
-0.205452
-0.200951
-0.673269
-0.662704
-0.615546
-0.542728
-0.459798
-0.372998
-0.285355
-0.199732
-0.120208
-0.0533973
-0.00595731
-0.0180038
-0.114192
-0.21708
-0.339456
-0.312241
-0.277936
-0.249422
-0.235592
-0.231577
-0.6947
-0.684876
-0.640035
-0.569691
-0.48918
-0.405068
-0.320616
-0.238891
-0.163921
-0.102577
-0.061032
-0.0704748
-0.163433
-0.203573
-0.226143
-0.29425
-0.340959
-0.370791
-0.370315
-0.359134
-0.70897
-0.700184
-0.658369
-0.591323
-0.514043
-0.433318
-0.35254
-0.274944
-0.204758
-0.148299
-0.114974
-0.120883
-0.202676
-0.203642
-0.179455
-0.359339
-0.506772
-0.573954
-0.567115
-0.55556
-0.713568
-0.706392
-0.668687
-0.605927
-0.532649
-0.456062
-0.379525
-0.306208
-0.240834
-0.189443
-0.16621
-0.172649
-0.30263
-0.397033
-0.479471
-0.501331
-0.597328
-0.632782
-0.636765
-0.639449
-0.707325
-0.701454
-0.668961
-0.611739
-0.543481
-0.471719
-0.399738
-0.330783
-0.269919
-0.224616
-0.209399
-0.25142
-0.46063
-0.548314
-0.336997
-0.445014
-0.666091
-0.742882
-0.738413
-0.742498
-0.686927
-0.682634
-0.656772
-0.607462
-0.545545
-0.479082
-0.411705
-0.346593
-0.289086
-0.248676
-0.242434
-0.321731
-0.59597
-0.895627
-1.0764
-1.34503
-1.40456
-1.20322
-1.00495
-0.929633
-0.65478
-0.652122
-0.633514
-0.593241
-0.538823
-0.477792
-0.414456
-0.352005
-0.295426
-0.254476
-0.251127
-0.325268
-0.742798
-1.46389
-2.26714
-2.66917
-2.7071
-2.40564
-1.98248
-1.69231
-0.615595
-0.61402
-0.6033
-0.571894
-0.525098
-0.468658
-0.408163
-0.346141
-0.287023
-0.238315
-0.222562
-0.26973
-0.577982
-0.952807
-1.351
-1.57587
-1.59898
-1.4012
-1.16986
-0.981119
-0.576782
-0.5758
-0.570613
-0.548834
-0.507734
-0.454287
-0.394823
-0.330146
-0.263972
-0.200839
-0.14728
-0.115418
-0.0638436
0.104139
0.380405
0.685927
0.977677
1.19672
1.34233
1.42004
-0.544439
-0.543849
-0.541364
-0.527732
-0.491761
-0.439382
-0.377593
-0.308044
-0.230653
-0.147547
-0.0506529
0.0613169
0.294692
0.753994
1.3413
1.9172
2.39041
2.70459
2.86299
2.91731
-0.516304
-0.515678
-0.514985
-0.50866
-0.479056
-0.426876
-0.360983
-0.285797
-0.200736
-0.102564
0.00706116
0.136096
0.312422
0.737764
1.2994
1.83487
2.2695
2.55378
2.70513
2.76451
-0.491753
-0.491447
-0.491318
-0.489066
-0.467016
-0.415844
-0.346419
-0.266751
-0.178001
-0.0777802
0.0304424
0.149401
0.264637
0.581038
1.06617
1.49963
1.85953
2.10245
2.22884
2.27606
-0.470661
-0.469767
-0.468691
-0.468518
-0.453895
-0.404192
-0.33208
-0.249928
-0.160818
-0.0637486
0.0422122
0.149086
0.258438
0.441832
0.80249
1.14185
1.4085
1.58851
1.68153
1.71591
-0.460611
-0.459409
-0.460183
-0.461293
-0.445836
-0.39095
-0.314068
-0.230441
-0.143296
-0.0505568
0.0469649
0.13771
0.226275
0.343567
0.583709
0.819472
1.00691
1.13381
1.19837
1.22221
-0.446868
-0.4476
-0.452636
-0.453655
-0.431813
-0.368426
-0.286805
-0.204088
-0.122853
-0.0401284
0.0443793
0.120277
0.193496
0.269684
0.424684
0.584402
0.708233
0.792821
0.834409
0.849452
-0.382148
-0.384842
-0.393208
-0.394292
-0.36985
-0.310462
-0.238236
-0.166594
-0.0974281
-0.0282555
0.0416407
0.103442
0.158023
0.207131
0.305987
0.410739
0.491916
0.54621
0.571997
0.578731
-0.246841
-0.250332
-0.255917
-0.257139
-0.242077
-0.206628
-0.1627
-0.114783
-0.0651207
-0.0131046
0.0401143
0.0851999
0.121768
0.151995
0.214048
0.282783
0.336606
0.371355
0.38768
0.392146
-0.0924021
-0.094437
-0.0975881
-0.101506
-0.101081
-0.0937215
-0.0792232
-0.057558
-0.0295126
0.00410853
0.040664
0.0708805
0.0918444
0.10883
0.148994
0.19238
0.227966
0.250708
0.261244
0.26386
0.0222877
0.0212178
0.0193325
0.0135291
0.00313067
-0.00678148
-0.0109362
-0.00763024
0.00368939
0.022142
0.0441427
0.0605829
0.0687935
0.0766035
0.102799
0.13371
0.157553
0.171489
0.177234
0.17798
0.0834461
0.0828206
0.0812807
0.0751289
0.0626962
0.0477456
0.0357481
0.0296511
0.0307363
0.0383909
0.0498317
0.0559883
0.0546577
0.0550821
0.0766606
0.0998857
0.115116
0.122871
0.125322
0.125169
0.107068
0.106648
0.105363
0.100392
0.0899837
0.0764626
0.0638744
0.0548688
0.0511055
0.0528841
0.0579388
0.0593019
0.0542522
0.0518175
0.0687371
0.0856388
0.0957689
0.0999052
0.100786
0.10045
0.1115
0.111203
0.110213
0.106748
0.0994458
0.0893686
0.0790083
0.0705945
0.065625
0.0649771
0.0681377
0.0697612
0.0671304
0.0684622
0.0822916
0.0918554
0.0962569
0.0977736
0.0977243
0.0973625
0.108112
0.10788
0.107141
0.104886
0.100224
0.0934746
0.0860295
0.0794781
0.0752378
0.0748403
0.07901
0.08517
0.0899928
0.0969168
0.107001
0.11082
0.111472
0.111172
0.110861
0.110421
0.102638
0.102443
0.101896
0.100436
0.0976022
0.0933197
0.0883343
0.083712
0.0807718
0.0813618
0.0882159
0.10152
0.117126
0.130228
0.133536
0.13268
0.132341
0.133291
0.133867
0.133108
0.0973809
0.0972129
0.0968013
0.0957785
0.0939731
0.0912572
0.0878899
0.0846397
0.0826202
0.0839526
0.092577
0.112376
0.138274
0.156463
0.153772
0.148553
0.147811
0.150508
0.152966
0.152237
0.092881
0.0927337
0.0924122
0.0915893
0.0901766
0.0882132
0.0857659
0.0831445
0.0812604
0.0818729
0.089381
0.109722
0.139965
0.159044
0.152005
0.146762
0.14976
0.154918
0.15842
0.157272
0.0890337
0.0889053
0.088665
0.0879904
0.0866793
0.0848665
0.0826223
0.0800686
0.0773493
0.0752296
0.0770044
0.0888339
0.11137
0.123519
0.113879
0.112873
0.12115
0.131271
0.13575
0.133763
0.0854652
0.0853439
0.085169
0.0846636
0.0835265
0.0818164
0.0794017
0.0761815
0.0720282
0.0658978
0.0575542
0.0499739
0.048443
0.045241
0.0403447
0.0488363
0.0619499
0.0718034
0.0748866
0.0735488
0.0819124
0.0818008
0.0817074
0.0813951
0.0804522
0.0788877
0.0766625
0.0730097
0.0675204
0.0573325
0.0376052
0.00513256
-0.0354168
-0.0576263
-0.0509901
-0.0316288
-0.0154656
-0.00871422
-0.00756376
-0.00787198
0.0779116
0.0778061
0.0777979
0.0777873
0.0774972
0.0762896
0.074351
0.0712904
0.0655084
0.0532636
0.0254834
-0.0292786
-0.106683
-0.138939
-0.122469
-0.0994693
-0.0912338
-0.0890383
-0.0896941
-0.0895145
0.073191
0.0730743
0.0730607
0.0731525
0.0732112
0.0732928
0.0730207
0.0716378
0.0673023
0.0577118
0.0299659
-0.0249012
-0.107983
-0.139038
-0.13027
-0.130878
-0.141998
-0.152845
-0.154541
-0.152322
0.0674682
0.0673845
0.0676276
0.0684946
0.0697237
0.0713484
0.0730189
0.0739205
0.0736515
0.0694759
0.0519994
0.0150715
-0.0431279
-0.0699305
-0.0877602
-0.114272
-0.146227
-0.168391
-0.173322
-0.171905
0.0589719
0.0589154
0.0593733
0.0607351
0.0631762
0.0665121
0.0708572
0.0763338
0.0817289
0.084679
0.082654
0.0704468
0.0409316
0.0161808
-0.0243524
-0.0716025
-0.11382
-0.140119
-0.147648
-0.145634
0.0459411
0.0458674
0.0465703
0.0484318
0.0522487
0.0570486
0.063774
0.0723413
0.0832886
0.0945865
0.105842
0.109211
0.106284
0.0811811
0.0265199
-0.0191156
-0.0493759
-0.0668486
-0.0744157
-0.074514
0.027985
0.027851
0.0286853
0.0310744
0.0348312
0.0400106
0.04674
0.0561613
0.0685685
0.0836164
0.0964565
0.104266
0.108143
0.0863581
0.0404841
0.0151433
0.00461409
0.000439785
-0.00743226
-0.0093357
0.0170372
0.0171376
0.0183222
0.0206126
0.0236064
0.027762
0.0338319
0.0435251
0.0573342
0.0700259
0.0790121
0.0807365
0.0772774
0.047232
0.0248488
0.0128255
0.0138964
0.00926359
0.00602229
0.00734821
-0.273887
0.0795863
0.310207
0.506554
0.665568
0.793086
0.895817
0.983273
1.04613
1.0423
0.244343
0.403252
0.549615
0.67584
0.783968
0.874497
0.949164
1.00706
1.04231
1.05542
0.518728
0.618717
0.715714
0.803176
0.879317
0.944048
0.997084
1.03752
1.06618
1.08556
0.704772
0.771846
0.841309
0.905462
0.960841
1.00851
1.04831
1.08037
1.10601
1.12426
0.84575
0.893227
0.946583
0.993944
1.03647
1.07381
1.10606
1.13324
1.15579
1.17148
0.959489
0.997439
1.03909
1.07677
1.11178
1.14346
1.17148
1.19547
1.21543
1.22841
1.05812
1.09081
1.12617
1.15987
1.19148
1.22058
1.24649
1.26857
1.28651
1.29706
1.14988
1.18135
1.21585
1.24938
1.28057
1.30904
1.33409
1.35504
1.37134
1.38
1.24512
1.27996
1.3169
1.35248
1.38451
1.41287
1.43714
1.45696
1.47181
1.47982
1.35825
1.3986
1.43785
1.47478
1.50666
1.5338
1.55642
1.5747
1.58842
1.59753
1.50226
1.54505
1.58266
1.61635
1.64441
1.66823
1.68887
1.7063
1.72017
1.73132
1.68013
1.71775
1.74586
1.77019
1.79122
1.81053
1.82879
1.84596
1.86187
1.87639
1.87783
1.89887
1.91384
1.92967
1.94595
1.96126
1.97499
1.98826
2.00376
2.02213
2.06857
2.07571
2.08624
2.0978
2.10772
2.11693
2.12719
2.1383
2.14992
2.15879
2.28155
2.28333
2.27541
2.2589
2.24776
2.24721
2.25937
2.28398
2.3181
2.34264
2.7012
2.50731
2.40627
2.34842
2.3193
2.31268
2.32788
2.3687
2.44456
2.58751
-0.233334
-0.237809
-0.198583
-0.127468
-0.0411331
0.055164
0.939019
1.00789
1.0084
0.931694
0.862898
0.791553
0.556085
0.326079
0.0480344
-0.320498
-0.69316
)
;

boundaryField
{
    wall-4
    {
        type            zeroGradient;
    }
    pressure-outlet-7
    {
        type            fixedValue;
        value           uniform 0;
    }
    velocity-inlet-6
    {
        type            zeroGradient;
    }
    velocity-inlet-5
    {
        type            zeroGradient;
    }
    frontAndBackPlanes
    {
        type            empty;
    }
}


// ************************************************************************* //
