/*--------------------------------*- C++ -*----------------------------------*\
  =========                 |
  \\      /  F ield         | OpenFOAM: The Open Source CFD Toolbox
   \\    /   O peration     | Website:  https://openfoam.org
    \\  /    A nd           | Version:  9
     \\/     M anipulation  |
\*---------------------------------------------------------------------------*/
FoamFile
{
    format      ascii;
    class       volScalarField;
    location    "13";
    object      p;
}
// * * * * * * * * * * * * * * * * * * * * * * * * * * * * * * * * * * * * * //

dimensions      [0 2 -2 0 0 0 0];

internalField   nonuniform List<scalar> 
8800
(
0.422878
0.375124
0.336507
0.30758
0.286794
0.272062
0.261579
0.254196
0.249418
0.247282
0.248327
0.252205
0.258534
0.267559
0.280104
0.297662
0.322308
0.356147
0.398587
0.457286
0.254032
0.26172
0.269297
0.272672
0.27125
0.2663
0.259956
0.253997
0.249346
0.246481
0.246049
0.248258
0.25242
0.258051
0.264533
0.270561
0.274018
0.273179
0.26761
0.258836
0.23227
0.238484
0.242731
0.245839
0.248045
0.248792
0.247831
0.245868
0.243915
0.242907
0.243624
0.245651
0.248065
0.249893
0.250207
0.248749
0.246159
0.242565
0.237884
0.234102
0.22623
0.228949
0.231941
0.234618
0.236507
0.237885
0.238803
0.239037
0.238763
0.238603
0.239075
0.23988
0.240336
0.240008
0.23902
0.237561
0.235375
0.232457
0.229835
0.228329
0.220742
0.222208
0.224311
0.226731
0.228874
0.230509
0.2317
0.232625
0.233311
0.233795
0.234098
0.234114
0.233745
0.233018
0.231853
0.230113
0.227901
0.225578
0.224004
0.223208
0.215742
0.216667
0.218445
0.220678
0.222933
0.225039
0.226759
0.227993
0.228863
0.229487
0.22986
0.229833
0.229322
0.228228
0.226544
0.224525
0.222394
0.220359
0.219166
0.218708
0.211947
0.21246
0.213924
0.21586
0.217713
0.219404
0.221027
0.222553
0.223821
0.224745
0.22512
0.22489
0.224135
0.223022
0.221711
0.220164
0.218369
0.21665
0.215766
0.215568
0.210047
0.210326
0.211265
0.212625
0.214068
0.215561
0.217025
0.218378
0.219612
0.220621
0.221145
0.221084
0.220587
0.21974
0.218654
0.217474
0.216244
0.215153
0.21463
0.214536
0.208436
0.208595
0.209079
0.209814
0.210817
0.211988
0.213205
0.214552
0.215876
0.217034
0.217719
0.217819
0.217489
0.216947
0.216169
0.215405
0.214838
0.214343
0.214092
0.214033
0.206035
0.206136
0.206448
0.206971
0.207546
0.208351
0.209405
0.210598
0.211887
0.213157
0.214071
0.214466
0.214479
0.214265
0.214023
0.213776
0.213475
0.213222
0.213089
0.213046
0.202906
0.202967
0.203226
0.203712
0.204337
0.204994
0.206032
0.207249
0.208631
0.210094
0.211289
0.211981
0.212267
0.212297
0.212302
0.212157
0.211961
0.211786
0.211717
0.211695
0.199415
0.199441
0.199651
0.200083
0.20062
0.201502
0.202409
0.203616
0.205108
0.206817
0.208371
0.20944
0.210092
0.210465
0.210535
0.210616
0.210547
0.210466
0.21045
0.21044
0.195664
0.195686
0.195867
0.196271
0.196856
0.197639
0.198672
0.200025
0.201739
0.203799
0.205792
0.207277
0.20827
0.208901
0.209255
0.209426
0.20947
0.209482
0.209501
0.209492
0.19151
0.191541
0.191708
0.192089
0.192676
0.19351
0.194667
0.19623
0.198271
0.200806
0.203346
0.205311
0.206681
0.207604
0.208187
0.208535
0.208726
0.208831
0.208879
0.208868
0.18681
0.186835
0.187031
0.187423
0.188063
0.189009
0.19036
0.192229
0.194719
0.197866
0.201077
0.203619
0.205433
0.206685
0.207514
0.208042
0.208365
0.208548
0.208621
0.208608
0.181434
0.181464
0.181694
0.182155
0.182893
0.184019
0.185651
0.187939
0.19102
0.194953
0.199004
0.202243
0.204597
0.206221
0.207315
0.20803
0.20848
0.208737
0.208834
0.208819
0.175214
0.175248
0.175526
0.176093
0.177014
0.178401
0.180421
0.183267
0.187119
0.192054
0.197159
0.201258
0.204223
0.206296
0.207699
0.208623
0.209207
0.20954
0.209666
0.209648
0.167944
0.167986
0.168337
0.169056
0.170225
0.171974
0.174514
0.178103
0.182954
0.18916
0.195569
0.200707
0.204432
0.207038
0.208807
0.209973
0.210711
0.21113
0.211287
0.211265
0.159341
0.159396
0.159854
0.160778
0.162278
0.164509
0.167758
0.172323
0.178458
0.186269
0.194295
0.200709
0.205352
0.208602
0.210811
0.212268
0.213189
0.21371
0.213903
0.213874
0.149012
0.149087
0.149683
0.150885
0.152833
0.155739
0.159929
0.165762
0.173554
0.18339
0.193413
0.201381
0.207138
0.211167
0.213911
0.215724
0.216871
0.217519
0.217758
0.217717
0.13642
0.136527
0.137314
0.138911
0.141483
0.145285
0.150725
0.158249
0.168185
0.180558
0.193025
0.202874
0.209975
0.214946
0.21834
0.220589
0.222009
0.222803
0.223098
0.223047
0.12078
0.12093
0.121994
0.124165
0.127627
0.132687
0.139869
0.149654
0.162335
0.177851
0.19327
0.205362
0.214071
0.220179
0.224366
0.22716
0.228937
0.229921
0.230278
0.230211
0.100898
0.101111
0.102616
0.105684
0.110486
0.117404
0.127031
0.139832
0.156024
0.175389
0.194308
0.209033
0.219642
0.227118
0.232277
0.23575
0.237981
0.239221
0.239654
0.239569
0.0749337
0.0752665
0.0775326
0.0820869
0.0890125
0.0987332
0.111842
0.128701
0.149341
0.173329
0.196306
0.214052
0.226867
0.235981
0.24235
0.2467
0.249535
0.251126
0.25168
0.251565
0.039767
0.0403821
0.0441782
0.0515065
0.062023
0.0761107
0.0942064
0.116422
0.14253
0.171899
0.199433
0.220538
0.235848
0.246889
0.254768
0.260292
0.263987
0.26608
0.266791
0.266632
-0.0108292
-0.00895863
-0.00117688
0.0118861
0.0287159
0.0495572
0.0745334
0.103498
0.136036
0.171405
0.203844
0.228534
0.246557
0.259783
0.269496
0.276575
0.281538
0.284517
0.285538
0.285316
-0.0868851
-0.0769062
-0.0590853
-0.0357694
-0.00941546
0.0204003
0.0537682
0.0905057
0.130191
0.172124
0.209935
0.238655
0.25987
0.275821
0.287996
0.297421
0.304604
0.309374
0.311312
0.311456
-0.167894
-0.145749
-0.117344
-0.0837457
-0.0477123
-0.0088459
0.0329593
0.0776216
0.124832
0.17404
0.218242
0.252058
0.277459
0.297049
0.312533
0.325022
0.335068
0.343436
0.347334
0.347637
-0.231005
-0.206588
-0.169909
-0.128138
-0.0836196
-0.0364364
0.0133379
0.0655702
0.119965
0.176007
0.226002
0.264194
0.292966
0.31528
0.333005
0.347336
0.358859
0.368053
0.371606
0.372179
-0.281963
-0.255429
-0.214147
-0.166516
-0.115528
-0.0615946
-0.00495153
0.0540702
0.115018
0.177278
0.232372
0.274112
0.305274
0.329176
0.347913
0.362884
0.374848
0.383894
0.387781
0.388347
-0.323168
-0.296013
-0.251322
-0.199332
-0.143354
-0.0839971
-0.021645
0.0432067
0.10995
0.177749
0.237236
0.281839
0.314742
0.339665
0.358954
0.374152
0.386136
0.395002
0.399135
0.399707
-0.358101
-0.330615
-0.28355
-0.228087
-0.168073
-0.10422
-0.0370051
0.0329485
0.104849
0.177667
0.241197
0.288364
0.322737
0.348425
0.368016
0.383219
0.395077
0.403721
0.407911
0.408484
-0.388695
-0.361129
-0.31226
-0.253954
-0.190534
-0.122811
-0.0513659
0.0231185
0.0997336
0.177227
0.244499
0.29401
0.329704
0.356053
0.375908
0.391141
0.402915
0.411369
0.415559
0.416142
-0.416381
-0.388748
-0.338417
-0.27776
-0.211476
-0.140423
-0.0652181
0.0133659
0.094298
0.176151
0.247065
0.298965
0.336047
0.363138
0.383328
0.39865
0.410372
0.41869
0.422813
0.423419
-0.442049
-0.414323
-0.362762
-0.300108
-0.231349
-0.15739
-0.0788766
0.00337993
0.0883344
0.174453
0.249072
0.303489
0.342095
0.370045
0.390665
0.406153
0.417879
0.426095
0.4301
0.430779
-0.466393
-0.438474
-0.385836
-0.321415
-0.2505
-0.173996
-0.0925362
-0.00690183
0.0818418
0.172108
0.250493
0.307623
0.347973
0.376964
0.398151
0.4139
0.425693
0.433841
0.437717
0.438409
-0.489597
-0.461453
-0.407862
-0.342003
-0.269169
-0.190401
-0.10629
-0.0175904
0.0746763
0.168966
0.25125
0.311352
0.353737
0.384008
0.405939
0.422071
0.434005
0.442121
0.44585
0.446507
-0.512046
-0.483572
-0.429177
-0.36201
-0.287482
-0.206729
-0.12027
-0.0288045
0.0667429
0.164943
0.251232
0.314599
0.359357
0.39121
0.414102
0.430763
0.44293
0.451068
0.454641
0.455205
-0.533777
-0.504996
-0.449968
-0.38153
-0.305539
-0.223057
-0.134521
-0.0405545
0.058019
0.159969
0.250311
0.31723
0.364722
0.398505
0.422636
0.440019
0.452536
0.46074
0.464196
0.464595
-0.554858
-0.525726
-0.470143
-0.400605
-0.32335
-0.239355
-0.149006
-0.052838
0.0484774
0.153955
0.24835
0.319056
0.369645
0.405755
0.431466
0.449819
0.46284
0.471165
0.474519
0.47472
-0.575349
-0.545912
-0.489707
-0.419238
-0.340902
-0.255599
-0.163693
-0.0656127
0.038137
0.146869
0.245209
0.319857
0.373928
0.412824
0.44052
0.460112
0.473791
0.482263
0.485502
0.485511
-0.595304
-0.565479
-0.508694
-0.437418
-0.358149
-0.271751
-0.178522
-0.0788124
0.0270498
0.138698
0.240776
0.319408
0.377304
0.419496
0.449674
0.470846
0.485321
0.493938
0.496941
0.496786
-0.614553
-0.584364
-0.52706
-0.455103
-0.375043
-0.287725
-0.193413
-0.092346
0.0152952
0.129478
0.234973
0.317489
0.379381
0.425372
0.458693
0.481972
0.497394
0.506037
0.508701
0.508352
-0.633089
-0.602569
-0.544786
-0.472235
-0.39152
-0.30346
-0.208269
-0.106122
0.00297201
0.119273
0.227757
0.313922
0.379792
0.429969
0.467251
0.493512
0.510202
0.518464
0.520402
0.519848
-0.650947
-0.620026
-0.561847
-0.488784
-0.407522
-0.318875
-0.223004
-0.120025
-0.00980559
0.108184
0.219148
0.308571
0.378209
0.432668
0.474732
0.505385
0.524402
0.531726
0.531678
0.530811
-0.668004
-0.63676
-0.578198
-0.504691
-0.422997
-0.333895
-0.237523
-0.133943
-0.0229007
0.0963459
0.209228
0.301365
0.374363
0.432758
0.480021
0.516876
0.54092
0.548434
0.543828
0.541245
-0.684348
-0.652762
-0.593863
-0.519982
-0.43798
-0.348567
-0.251881
-0.147932
-0.0363788
0.0837008
0.197893
0.292097
0.367941
0.429431
0.481381
0.525826
0.558916
0.573868
0.567286
0.544359
-0.699933
-0.668043
-0.608956
-0.534824
-0.452735
-0.363192
-0.266464
-0.16245
-0.0507643
0.0695977
0.184442
0.279873
0.358052
0.421481
0.475544
0.526366
0.567282
0.583735
0.569946
0.542581
-0.714635
-0.682797
-0.623317
-0.548968
-0.466996
-0.377447
-0.281052
-0.177172
-0.0657278
0.0543766
0.169115
0.264644
0.344339
0.408696
0.458622
0.508213
0.543263
0.547672
0.480216
0.43549
-0.727871
-0.697786
-0.636548
-0.561861
-0.48012
-0.390905
-0.295374
-0.191889
-0.0810494
0.038222
0.151993
0.246424
0.326222
0.391951
0.43238
0.460421
0.48067
0.440205
0.363545
0.312917
-0.78003
-0.70977
-0.648458
-0.575018
-0.49346
-0.404861
-0.309506
-0.206839
-0.0970199
0.0208138
0.132689
0.224969
0.301837
0.372253
0.385781
0.389329
0.36158
0.294751
0.206705
0.157715
-0.737455
-0.723567
-0.66508
-0.593672
-0.512409
-0.42456
-0.33062
-0.229314
-0.121418
-0.0064419
0.101061
0.188156
0.256744
0.314099
0.319401
0.195721
0.0765328
-0.00510888
-0.0911623
-0.0440635
-0.764416
-0.737417
-0.67958
-0.607818
-0.527287
-0.440025
-0.346283
-0.246073
-0.13978
-0.027346
0.076223
0.157825
0.218806
0.247487
0.19043
0.0176776
-0.14118
-0.251897
-0.373058
-0.298599
-0.784409
-0.753858
-0.695934
-0.623766
-0.543574
-0.456745
-0.363547
-0.264617
-0.160232
-0.0508659
0.0480811
0.123033
0.173362
0.174301
0.0487288
-0.182223
-0.381549
-0.53315
-0.707503
-0.640401
-0.803173
-0.771302
-0.712522
-0.639819
-0.55975
-0.473357
-0.381062
-0.283521
-0.18122
-0.0752119
0.0185178
0.0862315
0.122383
0.0836636
-0.117346
-0.387515
-0.646473
-0.877237
-1.13509
-1.11314
-0.820515
-0.788654
-0.729445
-0.656313
-0.576374
-0.490487
-0.39919
-0.303143
-0.203104
-0.100685
-0.0125576
0.0476585
0.0672758
-0.0185573
-0.278755
-0.579144
-0.892371
-1.17708
-1.52105
-1.89541
-0.837535
-0.806078
-0.746755
-0.673555
-0.593753
-0.508366
-0.418022
-0.323487
-0.225725
-0.126989
-0.0445581
0.00771885
0.00959181
-0.127066
-0.424016
-0.731135
-1.05067
-1.32355
-1.44188
-1.627
-0.854829
-0.823818
-0.76474
-0.691701
-0.612171
-0.527396
-0.438125
-0.345257
-0.250055
-0.155403
-0.0791334
-0.0354908
-0.0535884
-0.255088
-0.554569
-0.84384
-1.10808
-1.2832
-1.31851
-1.35011
-0.872673
-0.842097
-0.783415
-0.71068
-0.6316
-0.547604
-0.459634
-0.368725
-0.276478
-0.186443
-0.116749
-0.0823013
-0.130336
-0.377152
-0.675653
-0.938183
-1.14512
-1.24461
-1.27143
-1.27279
-0.891194
-0.860973
-0.802594
-0.730361
-0.651839
-0.568834
-0.482398
-0.393772
-0.304798
-0.219815
-0.156941
-0.13286
-0.212171
-0.48989
-0.793942
-1.04483
-1.18616
-1.23137
-1.23829
-1.24069
-0.91017
-0.8803
-0.822251
-0.75053
-0.672719
-0.590876
-0.506226
-0.420168
-0.334804
-0.255355
-0.199579
-0.187574
-0.298892
-0.596753
-0.904439
-1.17683
-1.21701
-1.2318
-1.24697
-1.24959
-0.929307
-0.899795
-0.842164
-0.770925
-0.693919
-0.613443
-0.530808
-0.447594
-0.366249
-0.292594
-0.244805
-0.243432
-0.390813
-0.693848
-0.995843
-1.34949
-1.41408
-1.32067
-1.28117
-1.27045
-0.947924
-0.918721
-0.861907
-0.791112
-0.715058
-0.63607
-0.555734
-0.475712
-0.39876
-0.330998
-0.291757
-0.296758
-0.4873
-0.778126
-1.00658
-1.33637
-1.44244
-1.29421
-1.24701
-1.23243
-0.965438
-0.936777
-0.880542
-0.810489
-0.735483
-0.658221
-0.58041
-0.50393
-0.431655
-0.369682
-0.339314
-0.349888
-0.590663
-0.847276
-0.849212
-0.82628
-1.02212
-1.157
-1.21305
-1.2154
-0.981171
-0.953113
-0.897562
-0.828175
-0.754311
-0.67897
-0.603995
-0.531489
-0.463999
-0.408121
-0.385714
-0.403884
-0.720946
-1.0119
-0.936889
-0.62903
-0.889002
-1.24954
-1.43927
-1.46493
-0.993847
-0.966623
-0.91185
-0.843073
-0.770475
-0.697281
-0.625519
-0.557308
-0.494759
-0.444848
-0.428512
-0.463469
-0.899807
-1.50237
-2.03712
-2.14097
-2.20912
-2.1107
-2.05447
-2.04742
-1.00219
-0.975997
-0.92201
-0.853938
-0.782723
-0.71192
-0.64385
-0.580319
-0.52275
-0.477422
-0.465199
-0.526876
-1.1083
-2.08248
-3.51164
-4.28242
-4.37355
-3.95291
-3.37477
-3.11738
-1.00453
-0.979538
-0.926557
-0.859191
-0.789549
-0.721512
-0.657599
-0.599836
-0.548741
-0.505501
-0.492048
-0.562405
-1.08282
-2.12115
-3.52876
-4.48491
-4.46778
-4.05575
-3.56582
-3.30027
-0.998891
-0.975238
-0.92342
-0.857031
-0.789318
-0.724451
-0.665489
-0.614825
-0.572644
-0.530993
-0.500894
-0.534501
-0.758411
-1.17322
-1.47493
-1.65978
-1.53067
-1.30844
-1.10977
-0.975857
-0.983246
-0.960913
-0.910562
-0.845793
-0.780454
-0.719375
-0.666802
-0.627062
-0.600273
-0.56757
-0.512896
-0.459431
-0.37933
-0.137526
0.215371
0.678459
1.07632
1.31352
1.41743
1.45411
-0.955637
-0.934781
-0.886423
-0.824053
-0.761781
-0.705375
-0.660783
-0.635936
-0.639209
-0.649782
-0.588886
-0.393945
-0.131985
0.351713
1.00573
1.58933
2.04081
2.30509
2.4051
2.43232
-0.914873
-0.895575
-0.849867
-0.791007
-0.732706
-0.681772
-0.647091
-0.644794
-0.704026
-0.85521
-0.918375
-0.587397
-0.143788
0.430427
1.09925
1.65632
2.06274
2.29793
2.39236
2.41875
-0.859625
-0.841663
-0.800328
-0.746343
-0.692944
-0.64789
-0.623894
-0.650417
-0.806252
-1.25883
-1.60278
-1.09303
-0.370479
0.258312
0.899088
1.39751
1.74063
1.92419
1.99972
2.02051
-0.790152
-0.774299
-0.737963
-0.689754
-0.64176
-0.60175
-0.58504
-0.632906
-0.876072
-1.60855
-2.35424
-1.64252
-0.744001
0.0210343
0.626536
1.05211
1.31422
1.44495
1.50647
1.51209
-0.706486
-0.692346
-0.661881
-0.620601
-0.577761
-0.540604
-0.522822
-0.562413
-0.773435
-1.37578
-1.89355
-1.34383
-0.635825
0.0126563
0.474954
0.761426
0.925646
1.01564
1.0599
1.06685
-0.611966
-0.601986
-0.57496
-0.539163
-0.500556
-0.463695
-0.43741
-0.443307
-0.535193
-0.779806
-0.888515
-0.556693
-0.125829
0.225316
0.446534
0.582123
0.667896
0.72202
0.750812
0.7585
-0.496829
-0.491414
-0.472447
-0.44437
-0.411894
-0.377515
-0.345173
-0.32401
-0.331827
-0.374158
-0.342128
-0.104046
0.119517
0.295507
0.410204
0.482352
0.529986
0.562309
0.580317
0.583817
-0.385485
-0.382649
-0.36915
-0.348084
-0.322381
-0.292652
-0.26
-0.226913
-0.196398
-0.1605
-0.0774287
0.0798079
0.204472
0.295181
0.358332
0.399065
0.425677
0.44195
0.44942
0.450758
-0.284937
-0.283343
-0.274571
-0.259093
-0.239362
-0.215176
-0.18589
-0.151022
-0.108597
-0.0503888
0.0343772
0.140098
0.219109
0.272422
0.30897
0.332195
0.346241
0.354001
0.357197
0.357115
-0.194598
-0.194138
-0.188982
-0.17902
-0.165375
-0.147251
-0.123423
-0.0922546
-0.0508648
0.00658201
0.0789761
0.151939
0.206048
0.241931
0.265193
0.279056
0.286465
0.289777
0.290689
0.290202
-0.116135
-0.11646
-0.114831
-0.110276
-0.102386
-0.0902413
-0.0725016
-0.0473083
-0.0120272
0.0370139
0.0948206
0.147202
0.185573
0.21078
0.226348
0.234927
0.238854
0.240146
0.240237
0.239705
-0.0543739
-0.0550906
-0.0559374
-0.0555093
-0.0523784
-0.0452856
-0.0329651
-0.0138058
0.0142549
0.053464
0.0980387
0.136225
0.163828
0.181753
0.19237
0.197889
0.200071
0.200438
0.200226
0.199762
-0.0108618
-0.0116612
-0.0135333
-0.0151352
-0.0148274
-0.0114387
-0.00357867
0.010214
0.0314847
0.0616255
0.0953884
0.12349
0.143459
0.156261
0.163704
0.167331
0.168481
0.168408
0.168095
0.167707
0.0171981
0.0165114
0.014569
0.0124444
0.0116266
0.0130577
0.0178465
0.0273656
0.0429678
0.0655892
0.0908022
0.111428
0.125947
0.135099
0.140144
0.142384
0.142875
0.14252
0.142147
0.141835
0.0340549
0.0335442
0.0319579
0.0300031
0.0288749
0.0294187
0.032505
0.0390922
0.0502885
0.0669072
0.0855597
0.100681
0.111046
0.11738
0.120774
0.122128
0.12218
0.121665
0.121277
0.121031
0.0435426
0.0431875
0.0420422
0.0405308
0.0394966
0.0395542
0.0414696
0.046089
0.0541956
0.0663052
0.0798503
0.0907286
0.098139
0.102631
0.104901
0.105641
0.105452
0.104895
0.104535
0.104346
0.0485146
0.0482692
0.0474823
0.0463931
0.045598
0.0455347
0.04672
0.049806
0.0555083
0.0642613
0.0741305
0.0820484
0.0873323
0.0903948
0.0918391
0.0922
0.0918988
0.0913697
0.0910591
0.0909154
0.0507088
0.0505312
0.0499677
0.0491633
0.0485406
0.0484266
0.0492203
0.0513855
0.0554131
0.0616531
0.0687143
0.0743142
0.0779896
0.0800769
0.0809949
0.0811257
0.080791
0.0803264
0.0800704
0.0799597
0.0510067
0.0508729
0.0504387
0.0498035
0.0492837
0.04911
0.0495667
0.0510149
0.0538364
0.0582656
0.0632878
0.0672647
0.0698419
0.0712498
0.0718087
0.0718117
0.0714941
0.0711073
0.0709018
0.0708159
0.0498833
0.0497822
0.0494421
0.0489317
0.0484958
0.0483053
0.0485633
0.049521
0.0514578
0.0545645
0.0581095
0.0608891
0.0626497
0.0635716
0.063892
0.0638214
0.0635317
0.0632107
0.0630453
0.0629784
0.0476871
0.0476104
0.0473439
0.0469311
0.0465614
0.0463611
0.046478
0.0470963
0.0484167
0.0505683
0.0530313
0.0549509
0.0561433
0.0567365
0.0569023
0.0567946
0.0565384
0.0562743
0.0561419
0.0560901
0.0447022
0.0446434
0.0444384
0.0441117
0.043807
0.0436164
0.0436454
0.0440256
0.0449044
0.0463774
0.0480745
0.0493834
0.050173
0.0505379
0.0506031
0.0504792
0.0502565
0.0500405
0.0499348
0.0498946
0.0411644
0.0411187
0.0409624
0.0407086
0.0404632
0.0402929
0.0402721
0.0404962
0.0410694
0.0420599
0.0432077
0.0440828
0.0445924
0.0448039
0.0448073
0.0446818
0.0444924
0.0443177
0.0442337
0.0442024
0.0372511
0.0372151
0.0370958
0.0369004
0.0367051
0.0365573
0.0365098
0.0366296
0.0369921
0.0376454
0.0384095
0.0389824
0.0392997
0.0394107
0.0393788
0.0392605
0.0391022
0.0389617
0.0388949
0.0388704
0.0330855
0.0330571
0.0329655
0.0328149
0.0326602
0.0325348
0.0324752
0.032529
0.032749
0.033169
0.0336649
0.0340292
0.034218
0.0342643
0.0342142
0.0341074
0.0339769
0.0338647
0.0338115
0.0337924
0.028749
0.0287265
0.0286557
0.0285393
0.0284167
0.0283115
0.0282487
0.0282616
0.0283871
0.0286486
0.0289619
0.0291853
0.0292885
0.0292954
0.0292379
0.029144
0.029037
0.0289474
0.0289052
0.0288903
0.024296
0.0242784
0.0242234
0.0241331
0.0240359
0.0239485
0.0238881
0.0238776
0.0239426
0.0240986
0.0242893
0.0244191
0.0244679
0.0244522
0.0243945
0.0243141
0.0242272
0.0241561
0.0241228
0.0241113
0.0197634
0.0197498
0.0197072
0.0196369
0.01956
0.0194885
0.0194341
0.0194123
0.0194403
0.0195279
0.0196382
0.0197084
0.019725
0.0196992
0.0196462
0.019579
0.0195091
0.019453
0.0194271
0.0194184
0.0151733
0.0151631
0.0151304
0.0150763
0.0150168
0.0149606
0.014915
0.0148901
0.0148976
0.014944
0.0150051
0.01504
0.0150398
0.0150117
0.0149659
0.0149115
0.014856
0.014812
0.0147922
0.0147858
0.010541
0.0105335
0.0105092
0.0104693
0.0104259
0.0103848
0.0103507
0.0103297
0.0103285
0.010351
0.0103824
0.0103975
0.0103909
0.0103671
0.0103323
0.0102918
0.0102505
0.0102174
0.0102026
0.0101981
0.00587584
0.00587081
0.00585494
0.00582975
0.00580319
0.0057786
0.00575837
0.00574557
0.00574339
0.00575342
0.00576784
0.00577313
0.00576677
0.00575151
0.00573031
0.00570551
0.00567967
0.00565846
0.00564866
0.00564546
0.00118483
0.00118477
0.00118511
0.00117966
0.00117216
0.00116567
0.00116015
0.00115565
0.00115256
0.00115115
0.00115127
0.00115128
0.00114955
0.00114615
0.00114143
0.00113567
0.00112884
0.00112185
0.00111921
0.00111977
-0.816429
-0.57156
-0.297694
-0.0754947
0.105332
0.251583
0.375834
0.480984
0.530193
0.50766
-0.378107
-0.2128
-0.0412221
0.106265
0.231608
0.337014
0.42318
0.485123
0.517566
0.5285
-0.0818894
0.026999
0.141185
0.24278
0.330523
0.404274
0.462994
0.505906
0.535738
0.552559
0.123089
0.197531
0.277434
0.349442
0.412138
0.465207
0.508452
0.542351
0.568791
0.586352
0.276649
0.330203
0.386616
0.43998
0.486973
0.527657
0.562009
0.590052
0.612677
0.630074
0.398641
0.437793
0.482016
0.523843
0.561738
0.595316
0.624294
0.648269
0.667583
0.684722
0.501559
0.533846
0.572174
0.608074
0.641335
0.671246
0.697162
0.718462
0.734953
0.751969
0.596619
0.628049
0.664761
0.699158
0.730803
0.759107
0.78335
0.802847
0.816905
0.833967
0.695923
0.730501
0.768779
0.803798
0.835102
0.862365
0.885199
0.903138
0.915504
0.932963
0.813336
0.852012
0.891613
0.92674
0.956879
0.982309
1.00324
1.01957
1.03137
1.04951
0.959764
0.9988
1.03553
1.06675
1.09291
1.11543
1.13484
1.15064
1.1633
1.18136
1.13571
1.16766
1.19418
1.21697
1.23724
1.25621
1.27414
1.29079
1.30627
1.32439
1.32488
1.34224
1.3575
1.37395
1.39003
1.4047
1.41801
1.43204
1.44968
1.46987
1.50692
1.51654
1.52819
1.53906
1.54839
1.5581
1.56904
1.58049
1.5919
1.60728
1.71441
1.7181
1.70315
1.68835
1.68221
1.68797
1.70647
1.73684
1.76906
1.79573
2.02069
1.88583
1.80933
1.76713
1.74969
1.75367
1.78112
1.83752
1.94015
2.16453
0.313472
0.311385
0.306907
0.298333
0.286194
0.274168
0.26405
0.256266
0.250727
0.247464
0.246953
0.24938
0.254146
0.26105
0.270168
0.281492
0.29397
0.304875
0.310948
0.313936
0.237721
0.243587
0.250008
0.254634
0.257238
0.257061
0.254487
0.250821
0.247387
0.245089
0.244755
0.246662
0.249983
0.253923
0.257403
0.259009
0.257846
0.254167
0.24883
0.242146
0.229167
0.231477
0.234995
0.238166
0.240429
0.242105
0.243028
0.242853
0.241915
0.241001
0.240978
0.242073
0.243504
0.244428
0.244255
0.243045
0.241203
0.238595
0.235134
0.232118
0.223381
0.224444
0.226488
0.229209
0.231562
0.233264
0.234487
0.235388
0.235888
0.236118
0.236401
0.236784
0.236926
0.236559
0.23574
0.234474
0.232569
0.230041
0.22758
0.226089
0.218205
0.21882
0.220186
0.222379
0.224673
0.226783
0.228457
0.229665
0.230577
0.231251
0.231707
0.231875
0.231638
0.230999
0.229861
0.228152
0.226052
0.223864
0.222052
0.221164
0.213575
0.213884
0.214982
0.217006
0.219153
0.221192
0.223116
0.224782
0.226058
0.226982
0.227566
0.227687
0.227278
0.226298
0.224834
0.223091
0.221162
0.219135
0.217535
0.216975
0.210845
0.210973
0.211712
0.213232
0.214922
0.216514
0.217993
0.219414
0.220755
0.221898
0.222633
0.222757
0.222348
0.221578
0.220574
0.219335
0.217891
0.216368
0.215237
0.214926
0.209306
0.209375
0.209799
0.210706
0.211857
0.213129
0.214569
0.216006
0.217352
0.218547
0.21942
0.219731
0.219499
0.218855
0.217926
0.216916
0.215987
0.215112
0.214509
0.214338
0.20735
0.207394
0.207625
0.208105
0.208731
0.209603
0.210573
0.211749
0.213044
0.214327
0.215365
0.215868
0.215877
0.215589
0.215215
0.214806
0.214394
0.214003
0.213733
0.213639
0.204536
0.20456
0.204726
0.20512
0.205688
0.206335
0.207244
0.208365
0.209635
0.210993
0.212238
0.21304
0.213366
0.21338
0.213227
0.213053
0.212836
0.212603
0.212444
0.212397
0.201192
0.201195
0.201317
0.20167
0.202197
0.20286
0.203701
0.204788
0.206112
0.207635
0.209152
0.210289
0.210932
0.211218
0.211358
0.211417
0.211312
0.21115
0.211063
0.211048
0.197576
0.197574
0.197671
0.197985
0.198497
0.199176
0.200047
0.201167
0.202595
0.204334
0.206211
0.207759
0.20879
0.209444
0.209798
0.209947
0.209983
0.209943
0.20993
0.209933
0.193643
0.193637
0.193728
0.194026
0.194504
0.195186
0.196122
0.197383
0.199035
0.201114
0.203455
0.20548
0.206913
0.207867
0.208474
0.208827
0.209006
0.209088
0.209137
0.20915
0.189236
0.189226
0.189331
0.189612
0.190104
0.190839
0.191889
0.193349
0.195317
0.197857
0.200786
0.203409
0.205291
0.206612
0.207486
0.208044
0.208382
0.208578
0.20868
0.208702
0.184217
0.184205
0.184318
0.184636
0.185184
0.186027
0.187262
0.189017
0.191421
0.194565
0.198242
0.201568
0.204008
0.205744
0.206921
0.207695
0.208189
0.208488
0.208637
0.208667
0.178443
0.178428
0.178569
0.178952
0.179612
0.180617
0.182117
0.184277
0.187259
0.191187
0.195809
0.200015
0.203146
0.20535
0.206867
0.207881
0.208538
0.208941
0.209139
0.209177
0.17173
0.17171
0.171892
0.172368
0.173181
0.174434
0.176308
0.179015
0.182756
0.18769
0.193501
0.198794
0.202725
0.205517
0.20744
0.208731
0.209575
0.210095
0.210348
0.210396
0.163837
0.163812
0.164046
0.164649
0.165681
0.167279
0.169669
0.173094
0.177819
0.184039
0.191339
0.197971
0.202885
0.206378
0.208787
0.210408
0.211473
0.212133
0.212452
0.212511
0.154438
0.154407
0.154717
0.155505
0.156838
0.158901
0.161963
0.166336
0.172352
0.180211
0.189368
0.197641
0.203753
0.208094
0.211087
0.213103
0.214432
0.215259
0.215655
0.215729
0.143047
0.143007
0.143427
0.144477
0.146228
0.148918
0.1529
0.158562
0.166253
0.17619
0.18765
0.197924
0.205486
0.210853
0.214553
0.217045
0.21869
0.219714
0.220204
0.220298
0.129
0.12895
0.129538
0.130964
0.133314
0.136896
0.142156
0.149524
0.159397
0.171972
0.186267
0.198957
0.208261
0.214864
0.219425
0.222502
0.224536
0.225815
0.226434
0.226545
0.111339
0.111289
0.112143
0.11412
0.117339
0.122205
0.129238
0.13893
0.151684
0.167588
0.185329
0.200895
0.212266
0.22035
0.225961
0.229767
0.232292
0.233882
0.23466
0.234798
0.088615
0.0885883
0.0898833
0.0927215
0.0972811
0.104073
0.113688
0.12661
0.143124
0.163153
0.184995
0.20391
0.217689
0.227529
0.234419
0.239143
0.242307
0.244311
0.245292
0.245467
0.0583666
0.0584163
0.0605253
0.0649146
0.071758
0.081662
0.0951426
0.112517
0.133863
0.158889
0.185479
0.208183
0.224694
0.236576
0.245014
0.250903
0.254919
0.257501
0.258761
0.258981
0.0162266
0.0165497
0.0205177
0.0281017
0.0391725
0.0542293
0.0734407
0.0968279
0.124215
0.155099
0.186993
0.213834
0.233343
0.247536
0.257824
0.265205
0.270399
0.273848
0.275535
0.275805
-0.0458921
-0.0440004
-0.0346645
-0.0202645
-0.00132372
0.0219301
0.0491572
0.0801992
0.114724
0.15214
0.189699
0.22086
0.243518
0.260209
0.272604
0.281834
0.288626
0.293315
0.295764
0.296086
-0.120098
-0.117
-0.099752
-0.0742347
-0.0447095
-0.0119618
0.0240187
0.0632093
0.105375
0.150028
0.194233
0.230882
0.257876
0.278243
0.293895
0.306088
0.315701
0.322492
0.325093
0.326197
-0.196368
-0.18696
-0.161361
-0.1258
-0.0867391
-0.0448515
-0.000268651
0.0469865
0.0967506
0.148625
0.199509
0.241638
0.272859
0.296731
0.315459
0.330423
0.34245
0.351409
0.356148
0.35802
-0.254172
-0.243548
-0.212958
-0.170859
-0.124471
-0.0750548
-0.0229582
0.0316475
0.0884776
0.147074
0.204033
0.250902
0.285497
0.311853
0.332415
0.348707
0.36168
0.371535
0.377201
0.379239
-0.300691
-0.289604
-0.255648
-0.208915
-0.157116
-0.101842
-0.0435619
0.0173513
0.080428
0.145067
0.207424
0.258243
0.295344
0.323264
0.344773
0.361634
0.374924
0.38496
0.390696
0.392801
-0.338928
-0.327863
-0.291899
-0.241556
-0.185519
-0.125563
-0.0622009
0.00407741
0.0726355
0.142655
0.209806
0.264079
0.303269
0.332396
0.354543
0.371662
0.384977
0.394973
0.400727
0.40276
-0.371954
-0.360995
-0.323534
-0.270423
-0.210916
-0.14701
-0.0792842
-0.00833874
0.0650902
0.140032
0.211668
0.269117
0.310144
0.340254
0.362843
0.380088
0.393356
0.40328
0.409059
0.410971
-0.401275
-0.390438
-0.351935
-0.296558
-0.234147
-0.166882
-0.0953643
-0.0202596
0.0576063
0.137092
0.212894
0.273353
0.316167
0.347257
0.370321
0.387743
0.401032
0.410888
0.416686
0.418479
-0.428097
-0.41733
-0.377987
-0.320721
-0.25589
-0.185738
-0.110893
-0.0320709
0.0498128
0.13354
0.213445
0.277003
0.321716
0.353891
0.377516
0.395178
0.408539
0.418373
0.424182
0.425864
-0.453243
-0.442509
-0.402432
-0.34349
-0.276556
-0.203887
-0.126133
-0.0440021
0.0416032
0.129407
0.213394
0.28017
0.326957
0.360383
0.384703
0.402705
0.416193
0.426016
0.431844
0.433413
-0.477105
-0.466374
-0.425624
-0.365273
-0.296503
-0.22162
-0.141272
-0.0561229
0.0329217
0.124596
0.212634
0.282823
0.331938
0.366856
0.392056
0.410529
0.42423
0.434108
0.439901
0.441405
-0.500021
-0.489241
-0.447857
-0.386321
-0.315919
-0.23907
-0.156415
-0.0685726
0.0236191
0.118973
0.211079
0.284896
0.336646
0.373338
0.399651
0.418761
0.432782
0.442761
0.448499
0.449985
-0.522226
-0.511302
-0.469286
-0.406778
-0.334902
-0.256362
-0.17168
-0.0814281
0.0136444
0.11248
0.208623
0.286258
0.340988
0.379799
0.407505
0.427461
0.441948
0.452114
0.457791
0.459258
-0.543729
-0.53265
-0.490128
-0.426702
-0.353536
-0.273521
-0.187065
-0.0946748
0.0029927
0.105057
0.205135
0.286759
0.344812
0.386154
0.415596
0.436642
0.451753
0.462197
0.467841
0.469245
-0.564655
-0.553362
-0.510417
-0.446072
-0.371828
-0.290528
-0.202533
-0.108289
-0.00832062
0.0966929
0.200533
0.286227
0.347905
0.392224
0.423808
0.446244
0.462163
0.47298
0.478613
0.479893
-0.584931
-0.573455
-0.530074
-0.464931
-0.389755
-0.307354
-0.218049
-0.122218
-0.0202536
0.0873918
0.194743
0.284479
0.349997
0.397693
0.431922
0.456155
0.473126
0.484395
0.490028
0.491116
-0.604607
-0.592908
-0.549074
-0.483258
-0.407279
-0.323951
-0.233547
-0.136381
-0.032729
0.0771948
0.187722
0.281343
0.350816
0.402255
0.439727
0.466287
0.484592
0.496326
0.501837
0.502701
-0.623513
-0.611677
-0.567396
-0.501
-0.424338
-0.340233
-0.248947
-0.150691
-0.0456512
0.066188
0.179483
0.276691
0.350099
0.405585
0.446901
0.476542
0.496629
0.508769
0.513875
0.514392
-0.641775
-0.629733
-0.585028
-0.518131
-0.440897
-0.356159
-0.264156
-0.165057
-0.0589136
0.0544784
0.170065
0.270457
0.347573
0.407179
0.452887
0.486649
0.509492
0.522008
0.52592
0.525737
-0.659262
-0.647005
-0.601951
-0.534608
-0.456881
-0.371652
-0.279095
-0.179355
-0.0723942
0.0421653
0.15957
0.262606
0.343042
0.406496
0.456835
0.495928
0.523448
0.537395
0.538681
0.536185
-0.676028
-0.663594
-0.618128
-0.550385
-0.47226
-0.386649
-0.293685
-0.193504
-0.085971
0.0294129
0.148137
0.25316
0.336409
0.403126
0.457653
0.502861
0.537732
0.557136
0.557216
0.545779
-0.692007
-0.679429
-0.633659
-0.565594
-0.487218
-0.401414
-0.308244
-0.207894
-0.100097
0.0156966
0.13517
0.241465
0.326946
0.39633
0.453673
0.504563
0.548651
0.577952
0.581808
0.573766
-0.707184
-0.694379
-0.648559
-0.580204
-0.501754
-0.415952
-0.322749
-0.222527
-0.114786
0.000956429
0.120564
0.227323
0.314098
0.385529
0.442897
0.495081
0.54209
0.573845
0.560997
0.494545
-0.721383
-0.707849
-0.662756
-0.594236
-0.516016
-0.430391
-0.33724
-0.237283
-0.129954
-0.014696
0.104358
0.210723
0.297389
0.37055
0.425463
0.466746
0.507373
0.516573
0.466259
0.393496
-0.734673
-0.721505
-0.676077
-0.607259
-0.529695
-0.444264
-0.351892
-0.252092
-0.145434
-0.0310592
0.0866751
0.191609
0.276332
0.351933
0.403876
0.447332
0.432508
0.403854
0.330773
0.251655
-0.717513
-0.700533
-0.654881
-0.584199
-0.502677
-0.414206
-0.317354
-0.215124
-0.105911
0.0110548
0.121754
0.212802
0.287421
0.36202
0.433194
0.344486
0.294486
0.228627
0.144658
0.0882812
-0.740613
-0.722468
-0.690387
-0.627592
-0.550735
-0.466115
-0.374092
-0.27545
-0.170246
-0.0580293
0.0564053
0.157042
0.23629
0.304457
0.366664
0.366364
0.245689
0.150216
0.0796099
-0.0200406
-0.757
-0.741336
-0.702282
-0.638496
-0.561618
-0.477814
-0.387177
-0.289766
-0.18599
-0.0757949
0.0359755
0.132912
0.207816
0.263325
0.281287
0.204542
0.0328628
-0.0817478
-0.170797
-0.278235
-0.773741
-0.761784
-0.717742
-0.65299
-0.57615
-0.492533
-0.402315
-0.305659
-0.203235
-0.0950849
0.0131127
0.104418
0.171341
0.21264
0.180546
0.0220149
-0.175932
-0.32522
-0.4482
-0.614863
-0.792953
-0.780443
-0.734838
-0.669128
-0.592305
-0.508916
-0.419177
-0.323528
-0.22264
-0.116876
-0.0127368
0.0724452
0.130325
0.152928
0.0713818
-0.161132
-0.40531
-0.607425
-0.79429
-1.04278
-0.810686
-0.798541
-0.752239
-0.685482
-0.608555
-0.52547
-0.436447
-0.342029
-0.242897
-0.139867
-0.0401227
0.0386411
0.0873115
0.0848803
-0.0603262
-0.341232
-0.634845
-0.921466
-1.16357
-1.69137
-0.827633
-0.816148
-0.769794
-0.702396
-0.625467
-0.54267
-0.454398
-0.361217
-0.263943
-0.163822
-0.0686644
0.00331328
0.0421984
-0.000480763
-0.207381
-0.503891
-0.822988
-1.13968
-1.41796
-1.91667
-0.844688
-0.833647
-0.787615
-0.720018
-0.643205
-0.560729
-0.473209
-0.381266
-0.285911
-0.188775
-0.0983464
-0.0334742
-0.00575908
-0.0883341
-0.344024
-0.639139
-0.942575
-1.21776
-1.34635
-1.3867
-0.862298
-0.851628
-0.805932
-0.738482
-0.66195
-0.579973
-0.493367
-0.402909
-0.309776
-0.216058
-0.130941
-0.0736672
-0.0587783
-0.173996
-0.472801
-0.757294
-1.01148
-1.21104
-1.27988
-1.29689
-0.880493
-0.870202
-0.824797
-0.757625
-0.681527
-0.600218
-0.514736
-0.426019
-0.335438
-0.245639
-0.166298
-0.117055
-0.115905
-0.27241
-0.590153
-0.872115
-1.08763
-1.21585
-1.24645
-1.25214
-0.899317
-0.889251
-0.84417
-0.777386
-0.701751
-0.621294
-0.537142
-0.450439
-0.362789
-0.27722
-0.204102
-0.163013
-0.180359
-0.384971
-0.698188
-0.993204
-1.17004
-1.19449
-1.22469
-1.23754
-0.918399
-0.908635
-0.863869
-0.797435
-0.722403
-0.642936
-0.560336
-0.475939
-0.391559
-0.310505
-0.244276
-0.210892
-0.257261
-0.495389
-0.79279
-1.12226
-1.31989
-1.28814
-1.27134
-1.26462
-0.937339
-0.927866
-0.883565
-0.817489
-0.743156
-0.664794
-0.583973
-0.50219
-0.421402
-0.345194
-0.286145
-0.260136
-0.334048
-0.597347
-0.865262
-1.20408
-1.51184
-1.38027
-1.30104
-1.26716
-0.955677
-0.946451
-0.90259
-0.837058
-0.763455
-0.686417
-0.60751
-0.528631
-0.451728
-0.380655
-0.328586
-0.310781
-0.409466
-0.694083
-0.882789
-1.0198
-1.17754
-1.21903
-1.21894
-1.20961
-0.972557
-0.963661
-0.920301
-0.855328
-0.782595
-0.706956
-0.630359
-0.554562
-0.481757
-0.416105
-0.370526
-0.363263
-0.488712
-0.805899
-0.910108
-0.684219
-0.755979
-1.02423
-1.23385
-1.29445
-0.987125
-0.978618
-0.93586
-0.871373
-0.799548
-0.725511
-0.65143
-0.579202
-0.510824
-0.450592
-0.410956
-0.418847
-0.570791
-1.02659
-1.32729
-1.19789
-1.22146
-1.42664
-1.63304
-1.71166
-0.998044
-0.989976
-0.948022
-0.883996
-0.813149
-0.740906
-0.669644
-0.601318
-0.538083
-0.482999
-0.448888
-0.473756
-0.666302
-1.40736
-2.32421
-3.08818
-3.3433
-3.22305
-2.81314
-2.52609
-1.00394
-0.996378
-0.955322
-0.891863
-0.822037
-0.751778
-0.683637
-0.619923
-0.56305
-0.512679
-0.481084
-0.516002
-0.74364
-1.62893
-3.00398
-4.54362
-4.85129
-4.62712
-4.09401
-3.63515
-1.0027
-0.995691
-0.955808
-0.893156
-0.824552
-0.756552
-0.692146
-0.634276
-0.5839
-0.539895
-0.505885
-0.524154
-0.691957
-1.31857
-2.16326
-2.98357
-3.26317
-3.07267
-2.72763
-2.40022
-0.992456
-0.986065
-0.947563
-0.886032
-0.81896
-0.753684
-0.693756
-0.642493
-0.601758
-0.566754
-0.526939
-0.488607
-0.470949
-0.603771
-0.572267
-0.420199
-0.164293
0.104497
0.264049
0.363627
-0.97127
-0.965371
-0.928463
-0.86869
-0.803835
-0.741893
-0.687366
-0.645432
-0.62078
-0.606741
-0.5778
-0.478571
-0.355821
-0.0532415
0.451958
1.01913
1.5439
1.90185
2.06614
2.11579
-0.937425
-0.931908
-0.896951
-0.839915
-0.778167
-0.720314
-0.672407
-0.643457
-0.647191
-0.689557
-0.746137
-0.61819
-0.271705
0.123921
0.777086
1.41564
1.92643
2.27663
2.43988
2.48941
-0.889658
-0.885193
-0.852395
-0.799029
-0.741505
-0.688531
-0.648112
-0.635394
-0.684643
-0.865938
-1.16472
-1.06606
-0.496124
0.0446338
0.709308
1.30498
1.75877
2.05632
2.19454
2.24068
-0.828298
-0.824199
-0.794292
-0.745706
-0.693639
-0.645865
-0.612262
-0.614945
-0.716928
-1.10927
-1.89967
-1.86038
-0.925277
-0.231995
0.464616
1.01479
1.39874
1.62898
1.73366
1.77615
-0.752717
-0.749146
-0.723125
-0.679839
-0.633733
-0.590662
-0.560494
-0.567642
-0.686008
-1.14122
-2.08139
-2.06545
-1.16012
-0.390785
0.269407
0.730523
1.01773
1.17654
1.2577
1.29962
-0.66238
-0.658884
-0.636249
-0.600966
-0.560882
-0.521239
-0.489977
-0.485263
-0.558607
-0.836779
-1.32552
-1.21517
-0.671952
-0.112437
0.307057
0.57072
0.729188
0.826528
0.890578
0.92886
-0.557243
-0.554278
-0.539186
-0.510363
-0.475646
-0.439045
-0.40469
-0.381842
-0.392286
-0.476162
-0.596043
-0.424603
-0.116602
0.166112
0.362752
0.483924
0.560731
0.611174
0.643626
0.660395
-0.439807
-0.438758
-0.429492
-0.408423
-0.381464
-0.350737
-0.317598
-0.28577
-0.262428
-0.255096
-0.224993
-0.0972342
0.0950505
0.241396
0.347022
0.414585
0.458797
0.488358
0.505578
0.511441
-0.333781
-0.333641
-0.327747
-0.312377
-0.291731
-0.266865
-0.237637
-0.204388
-0.16779
-0.125063
-0.0585894
0.0545364
0.173697
0.254205
0.311976
0.34997
0.374392
0.389413
0.397431
0.400072
-0.238083
-0.238481
-0.234937
-0.224746
-0.20994
-0.191134
-0.16729
-0.137424
-0.0997408
-0.0499512
0.0197506
0.106804
0.18531
0.237926
0.27366
0.296469
0.310094
0.317518
0.320818
0.321434
-0.153091
-0.153841
-0.152459
-0.147091
-0.138125
-0.125427
-0.107702
-0.0834314
-0.0503713
-0.00499258
0.0555927
0.121456
0.175769
0.212823
0.236903
0.251458
0.259281
0.262775
0.263872
0.263778
-0.0824623
-0.0832425
-0.0835557
-0.0825335
-0.0788657
-0.0716359
-0.0596035
-0.0413524
-0.0147994
0.0227237
0.0717078
0.12125
0.160011
0.186488
0.203203
0.212732
0.217366
0.219002
0.219205
0.218919
-0.0300869
-0.0307694
-0.0319475
-0.0334067
-0.0332171
-0.0301336
-0.0228213
-0.00985382
0.0103783
0.0396978
0.0776046
0.114623
0.142773
0.161825
0.173556
0.18004
0.182921
0.183621
0.183448
0.183133
0.00511158
0.00458841
0.0032359
0.00095734
-0.000367775
0.000363574
0.00435352
0.0129837
0.0277195
0.0498903
0.0786438
0.106191
0.126664
0.14041
0.148752
0.153105
0.154788
0.154944
0.154578
0.154274
0.0269494
0.0265781
0.025423
0.0232498
0.0215642
0.021397
0.0236369
0.0293209
0.039724
0.0559997
0.0773691
0.0977573
0.112728
0.12256
0.128267
0.131082
0.131986
0.131783
0.131299
0.131018
0.0396424
0.0393866
0.038532
0.0368223
0.0352889
0.0347558
0.0360062
0.0399028
0.0473369
0.0591709
0.0748487
0.0897316
0.100439
0.107351
0.111313
0.11313
0.113512
0.113111
0.112591
0.112347
0.0465512
0.0463678
0.0457803
0.0445604
0.0433844
0.0428421
0.0434757
0.0459966
0.0512162
0.0597737
0.0711561
0.0819547
0.0897103
0.09465
0.0973375
0.0984376
0.0985176
0.0980524
0.0975654
0.0973645
0.0499589
0.0498217
0.0494157
0.0485574
0.0476902
0.0472496
0.0476397
0.049345
0.0529488
0.0590238
0.0672574
0.0750678
0.0805723
0.0839664
0.0857414
0.0863834
0.0862914
0.0858266
0.0854016
0.0852398
0.051114
0.0510107
0.0507092
0.0500612
0.0493813
0.0489842
0.0491655
0.0503088
0.0528484
0.057161
0.0630081
0.0685429
0.0724205
0.0747806
0.0759576
0.07631
0.0761429
0.0757275
0.0753772
0.0752486
0.0506393
0.0505623
0.0503301
0.0498184
0.0492661
0.04891
0.0489569
0.049674
0.0513917
0.0544132
0.0585687
0.0625028
0.0652205
0.0668229
0.0675723
0.0677388
0.0675436
0.067186
0.0669013
0.066799
0.0489306
0.0488733
0.0486941
0.0482861
0.047832
0.0475133
0.0474813
0.0479309
0.0490944
0.0511836
0.0540847
0.0568257
0.0586945
0.0597659
0.0602299
0.0602811
0.0600813
0.0597767
0.0595456
0.0594642
0.0462995
0.0462561
0.0461186
0.0457964
0.0454262
0.0451452
0.0450621
0.0453169
0.0460804
0.0475087
0.0495169
0.0514122
0.0526853
0.053388
0.053659
0.0536404
0.0534492
0.053193
0.0530066
0.0529423
0.0430068
0.0429733
0.0428686
0.0426195
0.0423255
0.0420883
0.0419856
0.0421178
0.0426067
0.0435645
0.0449342
0.046224
0.0470724
0.0475178
0.0476605
0.0476023
0.0474271
0.0472137
0.047064
0.047013
0.0392592
0.0392329
0.0391527
0.0389619
0.0387316
0.0385354
0.0384285
0.0384821
0.0387841
0.0394138
0.0403326
0.0411944
0.0417475
0.0420182
0.0420786
0.0420016
0.0418472
0.0416726
0.0415533
0.0415127
0.0352044
0.0351837
0.0351217
0.0349757
0.0347964
0.0346364
0.0345344
0.0345408
0.0347174
0.0351207
0.0357241
0.0362882
0.0366376
0.0367918
0.0368013
0.0367183
0.0365852
0.0364431
0.036348
0.0363158
0.0309427
0.0309264
0.0308782
0.0307659
0.0306261
0.0304965
0.0304038
0.0303828
0.0304768
0.0307257
0.0311117
0.031471
0.0316835
0.0317612
0.031741
0.0316595
0.0315467
0.0314319
0.0313564
0.0313308
0.0265412
0.0265286
0.0264909
0.0264037
0.026294
0.026189
0.0261068
0.0260716
0.0261137
0.0262606
0.0264997
0.0267201
0.0268412
0.0268714
0.0268361
0.026761
0.0266666
0.0265741
0.026514
0.0264939
0.0220432
0.0220335
0.0220039
0.0219362
0.0218503
0.0217658
0.0216952
0.0216549
0.0216658
0.0217465
0.0218886
0.022018
0.0220808
0.0220827
0.0220417
0.0219753
0.0218975
0.0218234
0.0217758
0.0217601
0.0174778
0.0174703
0.0174474
0.0173952
0.0173287
0.0172619
0.0172035
0.0171647
0.0171593
0.0171991
0.0172791
0.0173508
0.0173788
0.0173667
0.0173263
0.0172697
0.0172069
0.0171485
0.0171114
0.0170991
0.0128641
0.0128586
0.0128415
0.0128024
0.0127523
0.0127013
0.0126557
0.0126226
0.0126106
0.0126279
0.0126706
0.0127077
0.0127171
0.0127005
0.0126657
0.0126206
0.0125719
0.0125272
0.0124991
0.0124899
0.00821345
0.00820943
0.00819763
0.00817018
0.00813532
0.00810077
0.00806987
0.00804663
0.00803607
0.00804236
0.00806359
0.00808115
0.00808207
0.00806768
0.00804269
0.00801151
0.00797769
0.00794623
0.00792665
0.00792034
0.00118427
0.0011855
0.00118308
0.00117587
0.00116878
0.00116279
0.00115772
0.0011538
0.0011517
0.0011515
0.00115173
0.00115063
0.00114799
0.00114392
0.00113869
0.00113241
0.00112513
0.00111975
0.00111986
0.00338347
-2.13896
-1.18781
-0.646544
-0.317385
-0.0711295
0.120357
0.273966
0.404891
0.534953
0.636069
-0.783206
-0.505778
-0.263291
-0.0648396
0.100235
0.237434
0.351652
0.445782
0.506093
0.51729
-0.31421
-0.158516
-0.0112662
0.120199
0.233572
0.33004
0.409662
0.470557
0.510462
0.532725
-0.0331274
0.0679708
0.166575
0.257475
0.337118
0.405252
0.461238
0.504939
0.537612
0.559435
0.160641
0.230405
0.300815
0.366091
0.423846
0.473862
0.515929
0.550359
0.577781
0.596573
0.30799
0.355893
0.410772
0.459349
0.503719
0.542939
0.576886
0.605481
0.628815
0.644311
0.425882
0.464275
0.507583
0.546688
0.583412
0.61676
0.646092
0.671007
0.691272
0.703882
0.528178
0.561974
0.599545
0.635242
0.668691
0.699367
0.726382
0.74912
0.767102
0.777259
0.62499
0.659195
0.696594
0.732484
0.765454
0.795166
0.820904
0.842158
0.858305
0.866971
0.730419
0.768905
0.808413
0.845783
0.878838
0.907602
0.931785
0.951396
0.965998
0.974802
0.859396
0.902346
0.942248
0.978783
1.0098
1.03603
1.05803
1.07606
1.08988
1.10026
1.02212
1.06397
1.09811
1.12804
1.15294
1.17479
1.19466
1.21233
1.22728
1.24011
1.2133
1.24431
1.2658
1.28518
1.30347
1.32089
1.33727
1.35322
1.36985
1.38686
1.4116
1.4231
1.43429
1.44853
1.46292
1.47584
1.48731
1.49829
1.51128
1.52821
1.59772
1.60767
1.61636
1.6188
1.61962
1.62399
1.63494
1.65099
1.66867
1.67331
1.89891
1.84355
1.79272
1.75245
1.73018
1.72623
1.7397
1.77353
1.83001
1.90559
0.45569
0.396995
0.35459
0.320793
0.296208
0.278742
0.266337
0.257513
0.251469
0.247974
0.247412
0.249976
0.255086
0.26271
0.273361
0.288207
0.309067
0.338045
0.3767
0.424473
0.257152
0.265962
0.271586
0.272469
0.269091
0.263182
0.256875
0.251494
0.247677
0.245936
0.246847
0.250113
0.255058
0.261228
0.267717
0.272765
0.274248
0.270909
0.263401
0.255718
0.23401
0.236058
0.24076
0.244412
0.247086
0.248658
0.248505
0.24691
0.244823
0.243229
0.243044
0.244542
0.246872
0.249112
0.250268
0.249656
0.247547
0.244511
0.240302
0.235842
0.226853
0.227739
0.230398
0.23338
0.235656
0.237248
0.238423
0.239016
0.238929
0.238623
0.238755
0.239481
0.240188
0.240266
0.239572
0.238353
0.236572
0.233972
0.231031
0.228954
0.221071
0.221539
0.22315
0.225547
0.227865
0.229764
0.231151
0.232193
0.233002
0.233574
0.233971
0.234148
0.233974
0.233424
0.232495
0.23105
0.229037
0.226706
0.224659
0.22354
0.215933
0.216198
0.217431
0.219554
0.221818
0.224023
0.225967
0.227436
0.228468
0.229203
0.229708
0.229901
0.229638
0.228848
0.227444
0.225552
0.223459
0.221334
0.219621
0.218903
0.212024
0.212143
0.213068
0.214878
0.216817
0.21858
0.220224
0.221818
0.22323
0.224337
0.225007
0.22507
0.224568
0.223605
0.222385
0.220966
0.219285
0.217468
0.216069
0.21565
0.210077
0.210137
0.210707
0.211916
0.213344
0.214807
0.21631
0.21772
0.219017
0.220157
0.220953
0.221178
0.220879
0.220198
0.21921
0.218074
0.216864
0.21566
0.214804
0.214572
0.208453
0.208491
0.208794
0.209428
0.210257
0.211421
0.212564
0.213876
0.21523
0.21649
0.217446
0.217831
0.217691
0.217232
0.2166
0.215738
0.215124
0.21457
0.214179
0.214056
0.206046
0.20607
0.206263
0.206684
0.207263
0.207888
0.208862
0.209985
0.211238
0.212538
0.21367
0.214325
0.214508
0.214389
0.214122
0.213924
0.213624
0.213338
0.213136
0.213067
0.202908
0.202921
0.203065
0.203447
0.204015
0.204653
0.205488
0.206618
0.207924
0.209365
0.210738
0.211695
0.212164
0.212308
0.212303
0.212229
0.212067
0.211862
0.211738
0.211708
0.199413
0.199411
0.199516
0.199845
0.200348
0.201007
0.20193
0.202977
0.20433
0.205946
0.207631
0.208967
0.209808
0.210315
0.210522
0.210581
0.210593
0.210499
0.210453
0.210449
0.195654
0.195665
0.195746
0.196045
0.196543
0.19722
0.198118
0.199305
0.200838
0.202731
0.204828
0.206604
0.207828
0.20862
0.209112
0.20936
0.209456
0.209474
0.209493
0.209501
0.191497
0.191503
0.191602
0.191875
0.192355
0.193057
0.194043
0.195393
0.197189
0.199483
0.2021
0.204407
0.206068
0.207194
0.20793
0.208385
0.208645
0.208785
0.208863
0.20888
0.186794
0.1868
0.18691
0.187197
0.18771
0.188492
0.189627
0.191223
0.193393
0.196215
0.199498
0.202457
0.204588
0.206122
0.207145
0.207809
0.208223
0.208471
0.208597
0.208623
0.181414
0.181421
0.18155
0.181896
0.182482
0.183402
0.184763
0.186704
0.189375
0.192885
0.197008
0.200743
0.203537
0.205484
0.206824
0.207712
0.208282
0.20863
0.208802
0.208838
0.175188
0.175196
0.175353
0.17577
0.176503
0.177639
0.17932
0.181729
0.18506
0.189457
0.194639
0.19936
0.202868
0.205356
0.207068
0.208211
0.20895
0.209402
0.209624
0.20967
0.167911
0.16792
0.168119
0.168646
0.169577
0.171015
0.173128
0.176163
0.180363
0.185897
0.192406
0.198332
0.20273
0.205856
0.208011
0.209453
0.210386
0.210956
0.211235
0.211293
0.159298
0.15931
0.159569
0.160253
0.161446
0.163287
0.165986
0.16986
0.175185
0.182167
0.190339
0.197746
0.203229
0.207128
0.209816
0.211618
0.212784
0.213493
0.21384
0.213909
0.148957
0.148974
0.149314
0.150202
0.151754
0.154145
0.157652
0.162619
0.169404
0.178236
0.188481
0.197704
0.204507
0.209339
0.212675
0.214915
0.216367
0.21725
0.217682
0.217762
0.13635
0.136376
0.136827
0.138001
0.140062
0.143207
0.147772
0.154203
0.162911
0.174096
0.186905
0.198334
0.20673
0.21269
0.21681
0.219584
0.221387
0.222473
0.223002
0.223105
0.120687
0.120724
0.121335
0.122926
0.125724
0.129926
0.13598
0.144417
0.155635
0.169781
0.185721
0.199793
0.21009
0.217405
0.222476
0.225909
0.228157
0.229516
0.230162
0.230284
0.10077
0.100822
0.101681
0.103938
0.107858
0.113642
0.121849
0.133022
0.147519
0.165371
0.185075
0.202256
0.214789
0.223717
0.229943
0.234191
0.237
0.238713
0.239515
0.23966
0.0747516
0.0748331
0.0761267
0.0795121
0.0852463
0.0934839
0.104841
0.119805
0.138585
0.160999
0.185132
0.205888
0.220994
0.231822
0.239458
0.24474
0.248284
0.250472
0.251506
0.251682
0.0394879
0.0396409
0.0418389
0.047423
0.0563651
0.0685918
0.0846571
0.104828
0.129052
0.156911
0.186093
0.210831
0.228814
0.241827
0.251169
0.257785
0.262347
0.265221
0.266572
0.266788
-0.0112774
-0.0107478
-0.00578875
0.00483053
0.0198355
0.0386414
0.0615598
0.0885748
0.119407
0.153489
0.188187
0.217177
0.238251
0.253683
0.265018
0.273326
0.279305
0.283281
0.285226
0.285535
-0.0860005
-0.082782
-0.0689212
-0.0477934
-0.0229645
0.00509011
0.0367022
0.0718018
0.110092
0.151021
0.191726
0.225418
0.250044
0.268403
0.282313
0.293009
0.301295
0.30732
0.310656
0.311536
-0.165207
-0.157166
-0.132504
-0.10081
-0.0660036
-0.0285733
0.0117651
0.0550315
0.101032
0.149336
0.196944
0.236422
0.265631
0.287869
0.305235
0.319114
0.330342
0.339482
0.346162
0.347539
-0.228787
-0.220917
-0.189298
-0.149302
-0.106142
-0.060266
-0.0117697
0.0392646
0.0926383
0.147942
0.201939
0.24653
0.279551
0.304808
0.324642
0.340556
0.35344
0.363759
0.370551
0.372037
-0.279661
-0.271176
-0.235917
-0.190688
-0.141318
-0.0888134
-0.0334809
0.0244081
0.0844684
0.146167
0.205911
0.254848
0.290781
0.317994
0.339102
0.355817
0.369252
0.379749
0.386534
0.388229
-0.320967
-0.312331
-0.275043
-0.225789
-0.171687
-0.113965
-0.0530417
0.0106376
0.0765325
0.143936
0.208737
0.261313
0.299489
0.328042
0.349914
0.367002
0.380542
0.390975
0.397751
0.399607
-0.355943
-0.347248
-0.308664
-0.256377
-0.198472
-0.136482
-0.0708644
-0.00217968
0.0688679
0.141389
0.210824
0.266722
0.306854
0.336488
0.358869
0.376093
0.389545
0.399827
0.40647
0.408403
-0.38661
-0.377925
-0.338451
-0.283772
-0.222695
-0.157052
-0.0873752
-0.0142984
0.0613922
0.138649
0.212398
0.271351
0.31326
0.343847
0.366666
0.384022
0.397419
0.407576
0.414086
0.416081
-0.414346
-0.405655
-0.365524
-0.308827
-0.245129
-0.176378
-0.103148
-0.026131
0.0537929
0.13541
0.213258
0.27526
0.319007
0.350623
0.373957
0.391507
0.404919
0.414976
0.421338
0.423372
-0.440035
-0.431332
-0.390634
-0.332226
-0.266291
-0.194848
-0.118505
-0.0379906
0.045783
0.131571
0.213512
0.27867
0.324394
0.357166
0.38112
0.398951
0.412438
0.422462
0.428641
0.4307
-0.464354
-0.455599
-0.414376
-0.354451
-0.28657
-0.212766
-0.133688
-0.0500095
0.037353
0.127122
0.213132
0.281586
0.329502
0.363636
0.388368
0.406599
0.420238
0.430263
0.436293
0.438344
-0.487557
-0.478736
-0.437027
-0.375855
-0.306241
-0.230347
-0.148813
-0.0622786
0.028372
0.121906
0.21199
0.283956
0.334353
0.370119
0.395838
0.414613
0.428505
0.438578
0.444489
0.446464
-0.509964
-0.50103
-0.45882
-0.396598
-0.325432
-0.24771
-0.164011
-0.0749313
0.0187306
0.115853
0.209988
0.285688
0.338895
0.376619
0.403584
0.423084
0.437344
0.447533
0.453368
0.45519
-0.531644
-0.522614
-0.479876
-0.416782
-0.344239
-0.26494
-0.179345
-0.0879879
0.00842052
0.108903
0.207025
0.286643
0.342997
0.383043
0.411573
0.432031
0.446814
0.457197
0.463008
0.464639
-0.552712
-0.543523
-0.500471
-0.436427
-0.362706
-0.28203
-0.194777
-0.101424
-0.00256711
0.101006
0.202993
0.286651
0.346469
0.389228
0.4197
0.44141
0.456917
0.467602
0.473399
0.474841
-0.573197
-0.563826
-0.520409
-0.455548
-0.380822
-0.298952
-0.210276
-0.115205
-0.0142074
0.0921627
0.197797
0.285525
0.349089
0.394999
0.427865
0.451165
0.467605
0.478683
0.484446
0.485731
-0.593043
-0.58358
-0.539722
-0.474152
-0.398559
-0.315672
-0.225798
-0.129266
-0.0264243
0.0824095
0.191396
0.283095
0.350595
0.400113
0.435887
0.461217
0.47882
0.490356
0.496014
0.49707
-0.612238
-0.602622
-0.558369
-0.492195
-0.415859
-0.332128
-0.241255
-0.14352
-0.0391337
0.0717957
0.183763
0.279221
0.350685
0.404154
0.443444
0.471435
0.490553
0.502528
0.507947
0.508709
-0.630707
-0.621006
-0.576332
-0.50964
-0.432673
-0.348242
-0.256571
-0.157869
-0.0522419
0.0604214
0.174917
0.273785
0.349084
0.406656
0.450095
0.481656
0.502958
0.515281
0.519976
0.52025
-0.648508
-0.638671
-0.593606
-0.52645
-0.448955
-0.363952
-0.271658
-0.172212
-0.0656317
0.0483899
0.164952
0.266734
0.345571
0.407149
0.455174
0.491477
0.516364
0.529339
0.53213
0.531184
-0.665534
-0.65555
-0.610159
-0.542586
-0.464645
-0.379206
-0.28644
-0.186455
-0.07918
0.0358358
0.153963
0.258082
0.340003
0.405166
0.457703
0.499846
0.530731
0.546744
0.546836
0.541996
-0.68182
-0.671738
-0.625992
-0.558048
-0.479769
-0.394028
-0.300939
-0.200631
-0.092917
0.022732
0.141904
0.24766
0.332116
0.400244
0.456402
0.504688
0.544288
0.568917
0.572674
0.556294
-0.697426
-0.68715
-0.641221
-0.572984
-0.494535
-0.408706
-0.315507
-0.215178
-0.107372
0.00844991
0.128074
0.234709
0.32098
0.391468
0.449174
0.501552
0.549272
0.577735
0.586366
0.536365
-0.712611
-0.701416
-0.655795
-0.587301
-0.508876
-0.423162
-0.329977
-0.229875
-0.122299
-0.0067441
0.112672
0.219341
0.306279
0.378591
0.43491
0.483443
0.528391
0.555559
0.518882
0.447259
-0.728192
-0.714021
-0.6696
-0.601037
-0.523088
-0.437553
-0.344572
-0.244707
-0.137682
-0.0228202
0.0956707
0.201471
0.287413
0.361579
0.415179
0.442594
0.475774
0.467353
0.403116
0.327373
-0.743008
-0.747553
-0.684416
-0.611864
-0.534563
-0.449339
-0.358732
-0.259064
-0.152824
-0.0390331
0.0777405
0.181473
0.26461
0.342526
0.382243
0.355621
0.381577
0.330857
0.252059
0.168592
-0.71686
-0.71691
-0.661082
-0.590168
-0.508744
-0.42057
-0.325904
-0.2241
-0.11553
0.000474113
0.109731
0.199069
0.270668
0.340537
0.381975
0.275051
0.187185
0.117032
0.0331605
-0.146457
-0.753978
-0.730354
-0.671806
-0.600174
-0.519295
-0.431749
-0.337935
-0.237153
-0.130005
-0.0162221
0.0893765
0.173844
0.238901
0.281674
0.253518
0.110665
-0.03056
-0.125957
-0.22611
-0.432358
-0.774667
-0.745498
-0.687742
-0.615774
-0.535453
-0.448434
-0.354896
-0.255312
-0.149946
-0.0390111
0.0623464
0.140737
0.196482
0.212238
0.125411
-0.0813453
-0.257488
-0.384975
-0.527063
-0.823264
-0.794311
-0.762724
-0.704237
-0.631784
-0.551658
-0.465038
-0.372257
-0.27401
-0.170649
-0.0629376
0.033459
0.104824
0.148435
0.131455
-0.034017
-0.28517
-0.512714
-0.696734
-0.91345
-1.39405
-0.812254
-0.78015
-0.720962
-0.647978
-0.567976
-0.481823
-0.390029
-0.293225
-0.192034
-0.0877997
0.00316674
0.0671578
0.0955678
0.0329749
-0.199025
-0.486362
-0.779561
-1.04328
-1.35837
-2.28591
-0.829317
-0.797516
-0.738086
-0.664847
-0.584973
-0.499339
-0.408526
-0.313244
-0.214342
-0.113773
-0.0284999
0.0277746
0.0383463
-0.0707837
-0.354131
-0.660438
-0.98382
-1.28342
-1.56382
-2.68881
-0.846469
-0.815077
-0.755685
-0.68252
-0.60283
-0.517727
-0.427901
-0.334164
-0.23763
-0.140877
-0.0614648
-0.0135651
-0.0208651
-0.190177
-0.490987
-0.791233
-1.08843
-1.30788
-1.3566
-1.42625
-0.864071
-0.833069
-0.774048
-0.701103
-0.621773
-0.537367
-0.448716
-0.356788
-0.263023
-0.170619
-0.0976165
-0.0586514
-0.0908387
-0.317509
-0.615919
-0.890488
-1.12285
-1.2652
-1.29461
-1.30077
-0.88233
-0.851674
-0.793019
-0.720454
-0.641636
-0.55811
-0.470873
-0.381075
-0.290421
-0.202873
-0.136548
-0.107421
-0.170226
-0.434314
-0.735132
-0.987765
-1.1683
-1.23052
-1.2507
-1.25212
-0.90117
-0.870825
-0.812453
-0.740399
-0.662222
-0.579778
-0.494203
-0.406833
-0.31961
-0.237352
-0.177983
-0.160231
-0.25467
-0.544535
-0.851212
-1.10303
-1.19716
-1.21115
-1.23329
-1.2384
-0.920345
-0.890337
-0.832299
-0.760731
-0.683313
-0.602123
-0.518456
-0.433781
-0.350381
-0.273822
-0.221942
-0.216105
-0.343821
-0.647262
-0.954853
-1.26035
-1.2962
-1.27511
-1.26651
-1.26353
-0.939289
-0.909696
-0.85221
-0.781094
-0.70453
-0.624792
-0.54327
-0.461609
-0.382407
-0.31173
-0.268136
-0.270821
-0.438327
-0.736542
-1.01524
-1.39949
-1.48047
-1.34311
-1.27815
-1.26206
-0.957573
-0.928401
-0.871469
-0.800981
-0.725422
-0.647267
-0.568184
-0.489878
-0.415231
-0.350358
-0.315461
-0.323964
-0.536713
-0.812394
-0.935128
-1.14362
-1.227
-1.22015
-1.21452
-1.2054
-0.974411
-0.945891
-0.889404
-0.819633
-0.745172
-0.668841
-0.592422
-0.517852
-0.447976
-0.389036
-0.362833
-0.377114
-0.649989
-0.905476
-0.819895
-0.537632
-0.850053
-1.14644
-1.28058
-1.29336
-0.988916
-0.961207
-0.905167
-0.836061
-0.762819
-0.68853
-0.615093
-0.544696
-0.479674
-0.42686
-0.4079
-0.433108
-0.801914
-1.20682
-1.31808
-1.17407
-1.30372
-1.54739
-1.68639
-1.71596
-0.999783
-0.973072
-0.917528
-0.849102
-0.777199
-0.705162
-0.635183
-0.569225
-0.509193
-0.461742
-0.447178
-0.494784
-1.01962
-1.82218
-2.8077
-3.25418
-3.34301
-3.01598
-2.65313
-2.53043
-1.00561
-0.980064
-0.925053
-0.857367
-0.786946
-0.717468
-0.651421
-0.590659
-0.536097
-0.492015
-0.48126
-0.551003
-1.12494
-2.23459
-3.85845
-4.85618
-4.80272
-4.37698
-3.82361
-3.536
-1.00437
-0.980047
-0.92603
-0.85914
-0.790457
-0.723938
-0.662355
-0.607873
-0.560499
-0.518037
-0.497492
-0.556082
-0.957321
-1.73146
-2.59974
-3.20965
-3.20205
-2.90475
-2.5565
-2.32816
-0.994098
-0.971175
-0.918333
-0.852714
-0.786079
-0.723002
-0.667015
-0.621438
-0.585703
-0.546506
-0.506482
-0.499015
-0.553513
-0.603852
-0.506181
-0.308397
-0.0196948
0.196522
0.31848
0.397365
-0.972654
-0.951237
-0.90007
-0.836386
-0.77242
-0.713571
-0.664777
-0.631517
-0.617549
-0.598756
-0.53179
-0.408862
-0.232747
0.179305
0.726941
1.29684
1.74866
2.00642
2.09836
2.12551
-0.938563
-0.918596
-0.869867
-0.809078
-0.748595
-0.694826
-0.654945
-0.640408
-0.667257
-0.73102
-0.712716
-0.456444
-0.107531
0.429758
1.1102
1.6876
2.12611
2.37936
2.47377
2.4967
-0.89061
-0.872758
-0.827053
-0.77025
-0.714205
-0.666218
-0.636952
-0.648656
-0.751108
-1.03036
-1.20794
-0.799335
-0.227545
0.36228
1.02279
1.55195
1.92928
2.14263
2.2252
2.24718
-0.829163
-0.812772
-0.771217
-0.719578
-0.668881
-0.626545
-0.607011
-0.646705
-0.856927
-1.47694
-2.08778
-1.40627
-0.564307
0.129492
0.757541
1.22646
1.53378
1.69296
1.76063
1.77906
-0.753594
-0.739689
-0.70224
-0.656842
-0.611488
-0.573192
-0.557038
-0.605039
-0.844785
-1.56759
-2.28296
-1.60938
-0.776066
-0.0344313
0.524823
0.892198
1.11032
1.22431
1.28117
1.30738
-0.663508
-0.650108
-0.619605
-0.58125
-0.540727
-0.503946
-0.482504
-0.507072
-0.662223
-1.08568
-1.3806
-0.956256
-0.383806
0.120285
0.456274
0.660185
0.783036
0.861994
0.913646
0.933908
-0.556362
-0.548823
-0.525823
-0.493513
-0.457466
-0.421301
-0.391037
-0.381026
-0.423097
-0.543855
-0.558741
-0.27846
0.0319682
0.276759
0.430945
0.526596
0.588315
0.629195
0.65421
0.662454
-0.43966
-0.43575
-0.419868
-0.395443
-0.36657
-0.334363
-0.301267
-0.272571
-0.256897
-0.24966
-0.183463
0.00937684
0.173841
0.299353
0.384581
0.438967
0.475084
0.498617
0.509704
0.511736
-0.333856
-0.331938
-0.320868
-0.302603
-0.279876
-0.252832
-0.221512
-0.186568
-0.147741
-0.096304
-0.00933887
0.119637
0.217535
0.285566
0.332978
0.363577
0.382914
0.394204
0.399343
0.399834
-0.23851
-0.237468
-0.230533
-0.217821
-0.201119
-0.17992
-0.153207
-0.119752
-0.0768578
-0.0173947
0.0619544
0.149284
0.214237
0.257514
0.28641
0.304236
0.314444
0.319597
0.321388
0.32103
-0.153596
-0.153581
-0.150247
-0.14301
-0.132327
-0.117283
-0.0965068
-0.0681903
-0.0295349
0.0241112
0.0891294
0.150734
0.196207
0.226223
0.245185
0.25607
0.261445
0.263536
0.263934
0.263397
-0.0829204
-0.0834835
-0.0832834
-0.0810738
-0.0757718
-0.0662816
-0.0513684
-0.0292699
0.00241274
0.046561
0.097516
0.142181
0.174655
0.195901
0.208724
0.215547
0.218462
0.219206
0.219106
0.218605
-0.030457
-0.0312494
-0.0327629
-0.0335863
-0.0321107
-0.0270761
-0.0171251
-0.000752595
0.0237931
0.058267
0.0971014
0.129861
0.153357
0.168479
0.177351
0.181852
0.183463
0.183577
0.183305
0.182878
0.00484379
0.0040857
0.00209444
0.0001027
-0.000315313
0.00188678
0.00801129
0.0195112
0.0378062
0.0640147
0.0932506
0.117308
0.134312
0.145175
0.151351
0.154214
0.154997
0.15477
0.154422
0.154073
0.0267654
0.0261655
0.0243743
0.0222781
0.0212453
0.0221693
0.0259858
0.0338629
0.047077
0.0664903
0.0882052
0.105915
0.118242
0.125858
0.129975
0.131729
0.131977
0.131526
0.131141
0.130862
0.0395162
0.0390883
0.0377255
0.0359811
0.0348619
0.0351123
0.0375794
0.0431291
0.0526627
0.0668638
0.0827864
0.0956002
0.104324
0.109653
0.11245
0.113464
0.113372
0.112823
0.112445
0.112229
0.0464589
0.0461646
0.0452142
0.0439269
0.0430124
0.0429783
0.0444569
0.0482292
0.055054
0.0653621
0.0769159
0.0862108
0.0925056
0.0962385
0.0980517
0.0985798
0.0983246
0.0977764
0.0974399
0.0972754
0.0498884
0.0496811
0.0490223
0.0480952
0.0473997
0.0473181
0.0482991
0.0508754
0.0556537
0.0630561
0.0714348
0.078109
0.0825082
0.0850275
0.086181
0.0864105
0.0860828
0.0855818
0.0852983
0.0851724
0.0510605
0.0509066
0.0504147
0.0497033
0.0491354
0.0489848
0.0495944
0.0513814
0.0547675
0.0600256
0.0659725
0.0706889
0.0737734
0.0754972
0.0762191
0.0762774
0.0759487
0.0755239
0.0752944
0.0751969
0.0505993
0.050483
0.0500991
0.0495305
0.0490551
0.048871
0.0492157
0.0503898
0.0527278
0.0564463
0.0606794
0.0640141
0.0661483
0.067289
0.0677156
0.0676763
0.0673719
0.0670195
0.066835
0.0667592
0.0489008
0.0488128
0.0485115
0.0480518
0.0476497
0.0474526
0.0476348
0.0484112
0.0500146
0.0526021
0.0555581
0.0578696
0.0593207
0.060063
0.0602978
0.0602053
0.0599322
0.0596407
0.0594926
0.0594337
0.0462771
0.04621
0.0459757
0.0456072
0.0452702
0.0450727
0.0451394
0.0456257
0.0467056
0.0484897
0.0505383
0.0521275
0.0531014
0.0535696
0.0536792
0.0535611
0.0533217
0.0530827
0.0529646
0.0529189
0.0429898
0.042938
0.0427589
0.0424706
0.0421967
0.0420158
0.0420165
0.0423109
0.0430227
0.0442326
0.0456314
0.0467043
0.0473408
0.0476213
0.0476517
0.0475256
0.0473195
0.0471247
0.0470305
0.0469951
0.0392461
0.0392056
0.0390691
0.0388462
0.038627
0.0384677
0.038431
0.0385971
0.039055
0.039862
0.0408005
0.0415104
0.0419148
0.0420707
0.042054
0.0419314
0.0417581
0.0416015
0.0415267
0.0414989
0.0351942
0.0351623
0.0350578
0.0348863
0.0347124
0.034576
0.0345209
0.0346041
0.0348886
0.0354143
0.036032
0.0364905
0.0367368
0.0368118
0.036769
0.0366561
0.0365121
0.0363864
0.0363268
0.0363052
0.0309348
0.0309096
0.030829
0.0306967
0.030559
0.030444
0.0303822
0.030413
0.0305805
0.0309131
0.0313091
0.0315963
0.0317376
0.0317614
0.0317063
0.0316057
0.0314872
0.0313868
0.0313395
0.0313227
0.0265352
0.0265154
0.0264527
0.0263497
0.0262402
0.026144
0.0260818
0.0260812
0.0261731
0.0263765
0.026622
0.0267936
0.0268666
0.0268606
0.0268024
0.0267153
0.0266184
0.0265382
0.0265007
0.0264876
0.0220386
0.0220231
0.0219743
0.0218941
0.0218074
0.021728
0.0216703
0.0216528
0.0216969
0.0218151
0.0219615
0.0220581
0.0220886
0.0220667
0.0220109
0.0219372
0.0218587
0.0217949
0.0217653
0.0217554
0.0174743
0.0174622
0.0174245
0.0173627
0.017295
0.0172312
0.017181
0.0171571
0.0171732
0.0172376
0.0173203
0.0173706
0.0173773
0.0173494
0.0172995
0.0172386
0.0171762
0.0171263
0.0171032
0.0170956
0.0128615
0.0128525
0.0128244
0.012778
0.0127266
0.0126776
0.0126371
0.0126134
0.0126155
0.0126483
0.0126925
0.0127161
0.0127118
0.012685
0.0126442
0.0125964
0.0125483
0.0125103
0.0124929
0.0124872
0.0082115
0.0082053
0.00818562
0.00815308
0.00811787
0.00808471
0.00805705
0.00803951
0.008037
0.00805249
0.00807451
0.00808385
0.00807659
0.00805629
0.00802772
0.0079948
0.00796114
0.0079344
0.00792245
0.00791837
0.00353146
0.00352929
0.00352409
0.00350981
0.00349258
0.0034766
0.00346268
0.00345219
0.00344717
0.00344905
0.00345675
0.00346298
0.00346184
0.00345456
0.00344307
0.00342867
0.00341217
0.00339583
0.00338594
0.00338209
-1.5482
-0.864339
-0.469754
-0.18861
0.0290526
0.199855
0.342349
0.467077
0.601852
0.588654
-0.586568
-0.376117
-0.159112
0.0216465
0.172161
0.297032
0.401505
0.481776
0.517775
0.52149
-0.215517
-0.0831334
0.056875
0.179073
0.283885
0.372006
0.442678
0.492957
0.524102
0.53995
0.029613
0.11822
0.213454
0.298731
0.372667
0.434791
0.484589
0.52248
0.550739
0.568498
0.205259
0.267568
0.334368
0.39594
0.449844
0.495876
0.534068
0.564879
0.589321
0.607116
0.340949
0.386815
0.435333
0.482193
0.523985
0.560571
0.591864
0.617749
0.638625
0.656101
0.451795
0.486818
0.527395
0.565426
0.600559
0.631952
0.659136
0.681689
0.699537
0.716779
0.549466
0.580844
0.617673
0.652265
0.684437
0.71337
0.738325
0.758705
0.77393
0.791047
0.64492
0.677734
0.714887
0.749337
0.780764
0.808565
0.832125
0.850894
0.864026
0.881326
0.751606
0.788481
0.827617
0.862833
0.893778
0.920278
0.942178
0.959319
0.971284
0.989184
0.88259
0.922339
0.96121
0.994934
1.02347
1.04754
1.06756
1.08342
1.09549
1.11381
1.04483
1.08136
1.11382
1.14098
1.16415
1.18496
1.20383
1.22009
1.23396
1.25189
1.23024
1.25555
1.27567
1.29443
1.3123
1.32922
1.34524
1.36136
1.37859
1.39777
1.41733
1.42832
1.44119
1.45587
1.46958
1.48174
1.49277
1.50423
1.5197
1.53917
1.59954
1.61302
1.61811
1.61908
1.62108
1.62859
1.64244
1.66012
1.67391
1.68527
1.86855
1.81801
1.77051
1.73897
1.72606
1.73064
1.75386
1.79898
1.8657
1.95983
0.312318
0.309352
0.303305
0.292455
0.280057
0.268852
0.259904
0.253244
0.248815
0.246842
0.247816
0.251473
0.2573
0.265289
0.275548
0.287674
0.299878
0.308495
0.312987
0.315092
0.240413
0.247107
0.252483
0.256228
0.257479
0.256001
0.252703
0.249023
0.246062
0.244628
0.245469
0.248181
0.251922
0.255807
0.258532
0.258815
0.256287
0.251718
0.245312
0.239458
0.230165
0.2332
0.236706
0.239384
0.241328
0.242684
0.243065
0.242435
0.241405
0.240835
0.241423
0.242797
0.244082
0.244504
0.243757
0.242203
0.240023
0.236911
0.233424
0.231119
0.223815
0.225324
0.227842
0.230458
0.232484
0.233915
0.234976
0.235685
0.236014
0.23624
0.236599
0.236911
0.236814
0.236201
0.235179
0.233618
0.231368
0.22872
0.226715
0.225652
0.218462
0.219366
0.221236
0.223522
0.225763
0.227679
0.229105
0.230149
0.23094
0.231509
0.231841
0.23181
0.231373
0.23051
0.229077
0.227138
0.224964
0.222847
0.221519
0.220904
0.213702
0.214279
0.215946
0.218083
0.220179
0.22217
0.223986
0.225465
0.226554
0.227327
0.227695
0.227557
0.226864
0.225619
0.223992
0.222159
0.220145
0.218211
0.217154
0.216844
0.210892
0.211219
0.212423
0.214085
0.215731
0.217259
0.218706
0.220097
0.221357
0.222338
0.222776
0.22261
0.222001
0.221108
0.219989
0.218635
0.217117
0.215701
0.215005
0.214874
0.209328
0.209517
0.210211
0.211261
0.212463
0.213844
0.215287
0.216689
0.21797
0.21905
0.219655
0.219677
0.219227
0.218417
0.217416
0.21645
0.215532
0.214756
0.214384
0.214311
0.207364
0.207474
0.207838
0.208414
0.209152
0.210053
0.211144
0.212386
0.213693
0.214906
0.215695
0.215924
0.215762
0.215396
0.215014
0.214599
0.214186
0.213848
0.213669
0.213617
0.204543
0.204615
0.204896
0.205387
0.206005
0.206744
0.207782
0.208982
0.210308
0.211663
0.212711
0.213253
0.213404
0.213313
0.213152
0.212947
0.212717
0.212509
0.212411
0.212381
0.201189
0.201232
0.201464
0.201922
0.202516
0.203241
0.204214
0.205421
0.20685
0.208429
0.209793
0.210663
0.211116
0.21128
0.211413
0.21138
0.211226
0.211094
0.211053
0.211037
0.197569
0.197602
0.197798
0.19822
0.198802
0.199594
0.20057
0.201839
0.203427
0.205295
0.207058
0.208331
0.209156
0.209673
0.209877
0.209986
0.209966
0.20993
0.209933
0.209924
0.193631
0.193668
0.193838
0.19424
0.194817
0.195619
0.196707
0.198156
0.200018
0.202301
0.204552
0.206263
0.207438
0.208209
0.208675
0.208935
0.209055
0.209116
0.209149
0.209139
0.189222
0.189259
0.189444
0.189832
0.190438
0.191319
0.192562
0.194263
0.196512
0.199334
0.202192
0.204436
0.206013
0.207094
0.207798
0.208236
0.208494
0.20864
0.2087
0.208688
0.184199
0.184242
0.184451
0.184878
0.185564
0.186588
0.188066
0.19013
0.192895
0.196411
0.200016
0.20288
0.204965
0.206392
0.20735
0.207971
0.208359
0.20858
0.208664
0.20865
0.17842
0.178475
0.178727
0.179246
0.180063
0.181295
0.183104
0.185655
0.189099
0.193504
0.198055
0.20171
0.204345
0.206183
0.207427
0.208247
0.208768
0.209064
0.209174
0.209156
0.171701
0.171771
0.17209
0.172729
0.173743
0.17528
0.177544
0.180743
0.185066
0.190602
0.196326
0.200918
0.204245
0.206571
0.208152
0.2092
0.209871
0.210253
0.210392
0.210369
0.1638
0.16389
0.164299
0.165106
0.166396
0.16836
0.171235
0.175276
0.180733
0.187701
0.19488
0.200626
0.204788
0.207698
0.20968
0.210999
0.211849
0.212333
0.212507
0.212477
0.15439
0.154512
0.155048
0.156097
0.157762
0.16029
0.163963
0.169119
0.176041
0.184812
0.193789
0.200944
0.206118
0.209735
0.212197
0.213839
0.214902
0.215507
0.215724
0.215688
0.142984
0.143149
0.143871
0.145257
0.147438
0.150722
0.155496
0.162132
0.17093
0.181963
0.193148
0.202013
0.20841
0.212881
0.215926
0.217956
0.219273
0.220022
0.22029
0.220248
0.128915
0.129149
0.130146
0.132013
0.134924
0.139289
0.145548
0.154121
0.165338
0.179196
0.193069
0.203989
0.211857
0.217363
0.221119
0.223628
0.22526
0.226205
0.226538
0.226482
0.111228
0.111583
0.112993
0.115557
0.119533
0.125419
0.133718
0.144901
0.159238
0.176588
0.193686
0.207045
0.216664
0.22342
0.228055
0.231164
0.233192
0.234371
0.234791
0.23472
0.0884713
0.0890475
0.0911147
0.0947603
0.100358
0.108493
0.119704
0.134399
0.152699
0.174285
0.195169
0.21136
0.223034
0.23129
0.237011
0.24089
0.243441
0.244927
0.245458
0.245368
0.0581815
0.0591854
0.0624478
0.0679958
0.0762865
0.0879246
0.103317
0.122679
0.145919
0.172509
0.197712
0.217101
0.231129
0.241163
0.24823
0.253111
0.256378
0.258296
0.25897
0.258858
0.0160166
0.018033
0.0239168
0.0331567
0.0461745
0.0632961
0.084591
0.110009
0.13922
0.171523
0.201479
0.224357
0.241
0.253095
0.261827
0.268039
0.272338
0.274917
0.275802
0.275646
-0.046019
-0.0401347
-0.0279917
-0.0113736
0.00976925
0.03502
0.0641726
0.0970034
0.133056
0.171585
0.206542
0.233061
0.252483
0.266858
0.277556
0.285504
0.291229
0.294838
0.296155
0.29584
-0.119952
-0.109959
-0.0876249
-0.0599361
-0.0287905
0.0055607
0.0431508
0.0838635
0.12734
0.172954
0.214017
0.245356
0.26874
0.286561
0.300355
0.31117
0.319639
0.324226
0.325757
0.326206
-0.194134
-0.176059
-0.144192
-0.106699
-0.0662127
-0.0229818
0.0229392
0.0714741
0.122348
0.175048
0.222236
0.258338
0.28554
0.306624
0.32334
0.33676
0.347469
0.354117
0.357623
0.35816
-0.251727
-0.230311
-0.192689
-0.148174
-0.100199
-0.0494353
0.00393571
0.0596905
0.117464
0.176705
0.229345
0.269424
0.299512
0.322735
0.341012
0.355561
0.367104
0.374837
0.378747
0.379336
-0.298263
-0.274913
-0.233201
-0.183604
-0.129975
-0.0731722
-0.0135316
0.0485188
0.112455
0.177573
0.234939
0.278163
0.310238
0.33468
0.353693
0.368673
0.380404
0.388381
0.392173
0.392861
-0.336579
-0.312492
-0.26774
-0.214192
-0.156101
-0.0944035
-0.0295256
0.0379715
0.107368
0.177717
0.23926
0.285182
0.318855
0.34419
0.363631
0.378735
0.390417
0.398439
0.402142
0.402812
-0.369715
-0.345149
-0.298086
-0.241391
-0.179591
-0.11372
-0.0443174
0.0279636
0.102279
0.177485
0.24292
0.291272
0.326309
0.352322
0.372023
0.387153
0.398741
0.406779
0.410406
0.411019
-0.399121
-0.374227
-0.325493
-0.266128
-0.201205
-0.131752
-0.0583658
0.018225
0.097057
0.17676
0.245838
0.296528
0.332903
0.359612
0.379618
0.394834
0.406389
0.414388
0.417984
0.418501
-0.425947
-0.400862
-0.350708
-0.289141
-0.221563
-0.149002
-0.0720867
0.00838352
0.0913522
0.175361
0.248119
0.301254
0.339077
0.36658
0.386963
0.402319
0.4139
0.421865
0.425448
0.425811
-0.451153
-0.425817
-0.374403
-0.31091
-0.241029
-0.165751
-0.0857269
-0.00174432
0.0851359
0.173349
0.249845
0.30558
0.345028
0.373476
0.394354
0.409929
0.421564
0.429511
0.433073
0.433321
-0.475059
-0.449445
-0.396943
-0.331826
-0.259914
-0.182243
-0.0994155
-0.0122038
0.0783346
0.170613
0.250939
0.30952
0.350847
0.380452
0.401984
0.417885
0.429645
0.437583
0.441112
0.441276
-0.497975
-0.472083
-0.418599
-0.352105
-0.278387
-0.198589
-0.113265
-0.0231446
0.0707909
0.167055
0.251323
0.313028
0.35654
0.387563
0.409949
0.42631
0.43827
0.446206
0.449709
0.44983
-0.520133
-0.493926
-0.439646
-0.371852
-0.29656
-0.214911
-0.127382
-0.03463
0.0624676
0.16257
0.25088
0.315991
0.362042
0.3948
0.418283
0.435282
0.447561
0.455564
0.458963
0.459082
-0.541635
-0.515058
-0.460145
-0.391139
-0.314494
-0.231229
-0.141752
-0.0466459
0.0533366
0.157079
0.249456
0.318243
0.367237
0.402115
0.42699
0.444824
0.457546
0.465668
0.468961
0.469054
-0.562524
-0.535604
-0.480009
-0.40999
-0.332176
-0.247499
-0.156338
-0.0591764
0.0433939
0.150536
0.246922
0.319582
0.371915
0.409362
0.435982
0.454893
0.468194
0.476489
0.479656
0.479675
-0.582752
-0.555546
-0.499283
-0.428402
-0.349578
-0.263703
-0.171106
-0.0721706
0.0326734
0.142907
0.24315
0.319789
0.375764
0.416256
0.445097
0.465415
0.479452
0.487948
0.490974
0.490833
-0.602363
-0.574814
-0.517963
-0.446338
-0.366655
-0.279777
-0.185976
-0.0855526
0.0212436
0.134209
0.238039
0.318637
0.37849
0.42253
0.454199
0.476335
0.491249
0.499863
0.502659
0.502361
-0.62121
-0.593407
-0.536007
-0.463753
-0.383349
-0.295637
-0.200859
-0.0992205
0.0091929
0.124487
0.231531
0.315916
0.379791
0.427829
0.463048
0.487664
0.503652
0.512143
0.514476
0.514001
-0.639419
-0.611259
-0.553405
-0.480597
-0.399593
-0.311218
-0.215663
-0.113064
-0.00337517
0.113824
0.223622
0.311467
0.379268
0.431594
0.47118
0.499406
0.517034
0.524844
0.526019
0.525336
-0.656817
-0.628383
-0.570113
-0.496827
-0.415339
-0.326445
-0.230309
-0.126997
-0.0163303
0.102345
0.21434
0.305197
0.376576
0.433101
0.477743
0.511239
0.53232
0.539268
0.537243
0.535687
-0.673541
-0.644773
-0.586096
-0.512394
-0.430523
-0.341241
-0.244681
-0.14088
-0.0295318
0.0901868
0.203802
0.297059
0.371517
0.431596
0.481357
0.521798
0.549878
0.559545
0.55221
0.53261
-0.689491
-0.660422
-0.601484
-0.527478
-0.445414
-0.355916
-0.259175
-0.155165
-0.0434975
0.0767843
0.191388
0.286331
0.363423
0.426064
0.479703
0.527652
0.566571
0.583773
0.570911
0.585461
-0.704836
-0.675379
-0.616236
-0.542018
-0.459967
-0.370406
-0.273773
-0.169807
-0.0582052
0.0620984
0.176994
0.272623
0.351679
0.41563
0.468775
0.520251
0.559091
0.581008
0.525051
0.491499
-0.720097
-0.69012
-0.630102
-0.555598
-0.47374
-0.384305
-0.288279
-0.184555
-0.0733636
0.0463871
0.160754
0.255878
0.335851
0.400696
0.446084
0.489552
0.518442
0.499042
0.42808
0.377439
-0.735777
-0.704803
-0.642559
-0.568039
-0.48642
-0.397525
-0.302371
-0.199251
-0.088871
0.0297501
0.142696
0.236198
0.315066
0.382599
0.423386
0.433361
0.425755
0.37009
0.288598
0.238191
-0.36471
-0.265387
-0.159574
-0.0464471
0.069038
0.170887
0.251526
0.0660586
-0.750555
-0.730554
-0.69593
-0.632914
-0.556079
-0.471982
-0.380763
-0.282832
-0.178355
-0.0671422
0.0460906
0.145213
0.222912
0.285131
0.326027
0.291924
0.134488
0.0335329
-0.04553
-0.764378
-0.751766
-0.709612
-0.645295
-0.568415
-0.484719
-0.394352
-0.297329
-0.194216
-0.0850241
0.02504
0.119303
0.190534
0.239547
0.233335
0.112886
-0.0686038
-0.200211
-0.308234
-0.783358
-0.771054
-0.726193
-0.66102
-0.584204
-0.500696
-0.410672
-0.314468
-0.212781
-0.105771
0.00044196
0.0887077
0.151239
0.183824
0.126488
-0.0693129
-0.288089
-0.460996
-0.613996
-0.801843
-0.78941
-0.7435
-0.677256
-0.600381
-0.517143
-0.427745
-0.332695
-0.232672
-0.12824
-0.0262506
0.0557754
0.109095
0.120047
0.00992742
-0.25274
-0.521737
-0.763396
-0.997958
-0.819061
-0.807231
-0.760941
-0.693844
-0.616912
-0.533966
-0.445329
-0.351539
-0.253329
-0.151754
-0.0543032
0.0210968
0.0651446
0.044545
-0.134967
-0.426204
-0.737466
-1.04076
-1.31763
-0.835846
-0.824658
-0.77857
-0.711085
-0.634199
-0.551537
-0.46363
-0.371046
-0.274693
-0.176014
-0.0831315
-0.0146083
0.0191066
-0.0444678
-0.27594
-0.574208
-0.890787
-1.20059
-1.40125
-1.47898
-0.853165
-0.842341
-0.796597
-0.729144
-0.652461
-0.570207
-0.483123
-0.391887
-0.297606
-0.202113
-0.114256
-0.0531281
-0.0312845
-0.13146
-0.409773
-0.700116
-0.980455
-1.2147
-1.30879
-1.3381
-0.870945
-0.860561
-0.815165
-0.747967
-0.67164
-0.58998
-0.503899
-0.414282
-0.322383
-0.230566
-0.14828
-0.094974
-0.0864885
-0.220594
-0.532622
-0.814695
-1.04842
-1.2125
-1.27118
-1.27253
-0.889439
-0.879273
-0.834287
-0.767433
-0.691564
-0.610662
-0.525814
-0.438073
-0.348905
-0.261184
-0.184876
-0.139645
-0.146581
-0.328337
-0.645165
-0.931679
-1.13078
-1.201
-1.22964
-1.24029
-0.908382
-0.898396
-0.853852
-0.787353
-0.712039
-0.632052
-0.548656
-0.463062
-0.37701
-0.293651
-0.223884
-0.186554
-0.217696
-0.44073
-0.746994
-1.05757
-1.2235
-1.23249
-1.2441
-1.24936
-0.927316
-0.91764
-0.873555
-0.807466
-0.732785
-0.653854
-0.572119
-0.488979
-0.406358
-0.327696
-0.265036
-0.235264
-0.29633
-0.547388
-0.834231
-1.18274
-1.4291
-1.35434
-1.29668
-1.27376
-0.945778
-0.936405
-0.893054
-0.827292
-0.753399
-0.67567
-0.595775
-0.515422
-0.436545
-0.362862
-0.30738
-0.285133
-0.371223
-0.646603
-0.88584
-1.17085
-1.43502
-1.33007
-1.26529
-1.23772
-0.963203
-0.954174
-0.91145
-0.846384
-0.773206
-0.696862
-0.619093
-0.541682
-0.466775
-0.398406
-0.349574
-0.336631
-0.448641
-0.744215
-0.872448
-0.806829
-0.96154
-1.09997
-1.19463
-1.21785
-0.978903
-0.970166
-0.928192
-0.863662
-0.791406
-0.716534
-0.641151
-0.567085
-0.496439
-0.433532
-0.391002
-0.389879
-0.52953
-0.8976
-1.04293
-0.736813
-0.742567
-1.07943
-1.37235
-1.46191
-0.991645
-0.983244
-0.942136
-0.878209
-0.806833
-0.733658
-0.660959
-0.590618
-0.524756
-0.467108
-0.430417
-0.446816
-0.617289
-1.19637
-1.8123
-2.08439
-2.20068
-2.14683
-2.0856
-2.03647
-1.00016
-0.992136
-0.951984
-0.888679
-0.818269
-0.746981
-0.677221
-0.611102
-0.550705
-0.49818
-0.466087
-0.498176
-0.703162
-1.58075
-2.77034
-4.02547
-4.38343
-4.21215
-3.63455
-3.18649
-1.00274
-0.995141
-0.956124
-0.893524
-0.824188
-0.755001
-0.688632
-0.627641
-0.573849
-0.52659
-0.494521
-0.524562
-0.743947
-1.55224
-2.79831
-4.16839
-4.54477
-4.28563
-3.81508
-3.39376
-0.997456
-0.990291
-0.952459
-0.890771
-0.822883
-0.756131
-0.693878
-0.639178
-0.593267
-0.552871
-0.515967
-0.512628
-0.58747
-0.971947
-1.34071
-1.59031
-1.62529
-1.41488
-1.20684
-1.03511
-0.982139
-0.975399
-0.938923
-0.878618
-0.81268
-0.748942
-0.691576
-0.644595
-0.610675
-0.58393
-0.544683
-0.475072
-0.394849
-0.284689
0.0279139
0.443292
0.893027
1.21584
1.37707
1.43908
-0.954668
-0.948474
-0.913698
-0.855636
-0.792355
-0.73233
-0.680959
-0.645039
-0.632617
-0.63968
-0.638987
-0.514573
-0.306734
0.0768599
0.684501
1.31232
1.83476
2.19734
2.36865
2.42331
-0.914077
-0.908495
-0.875569
-0.820808
-0.76122
-0.705693
-0.661499
-0.640382
-0.664776
-0.763586
-0.915852
-0.798643
-0.344184
0.119651
0.773871
1.39575
1.87883
2.20162
2.35698
2.41083
-0.858633
-0.853213
-0.823682
-0.773669
-0.719011
-0.668625
-0.631854
-0.627474
-0.704043
-0.992132
-1.50172
-1.43378
-0.698998
-0.0786253
0.598958
1.16752
1.58731
1.85071
1.97032
2.01585
-0.78917
-0.784396
-0.758638
-0.71423
-0.665231
-0.619938
-0.58865
-0.595664
-0.713716
-1.16955
-2.13387
-2.13167
-1.12737
-0.357057
0.343689
0.863206
1.20194
1.39161
1.48369
1.5124
-0.705472
-0.701412
-0.679218
-0.641884
-0.598877
-0.55774
-0.527656
-0.53059
-0.63266
-1.01812
-1.76173
-1.69525
-0.983156
-0.289906
0.267712
0.636453
0.856035
0.97699
1.04315
1.06669
-0.610884
-0.60859
-0.590328
-0.557634
-0.519848
-0.481403
-0.448198
-0.433754
-0.47264
-0.639024
-0.898434
-0.745268
-0.337668
0.0661844
0.348478
0.521971
0.629736
0.698429
0.73909
0.757012
-0.497219
-0.495472
-0.483722
-0.459154
-0.428452
-0.394705
-0.360576
-0.33216
-0.322626
-0.351993
-0.379614
-0.231786
0.0118479
0.215227
0.359656
0.450027
0.508494
0.547809
0.573304
0.583466
-0.38549
-0.384975
-0.377472
-0.35929
-0.335725
-0.307939
-0.27652
-0.243207
-0.211207
-0.181161
-0.126853
-0.00223448
0.147015
0.253121
0.330423
0.380851
0.413792
0.434999
0.446601
0.450668
-0.28464
-0.284695
-0.28011
-0.267453
-0.249708
-0.227848
-0.20116
-0.169179
-0.131006
-0.082506
-0.0118325
0.0877861
0.184013
0.248079
0.292786
0.321958
0.34014
0.350763
0.356079
0.357494
-0.194117
-0.194754
-0.192302
-0.184511
-0.17266
-0.156938
-0.136121
-0.108891
-0.0730699
-0.0247066
0.0411421
0.116919
0.181821
0.225812
0.25498
0.273093
0.28339
0.288501
0.290445
0.290601
-0.115643
-0.116437
-0.115989
-0.112969
-0.106788
-0.0969283
-0.0821696
-0.0609764
-0.0311279
0.0104817
0.0653077
0.122501
0.168293
0.199573
0.219595
0.231346
0.237322
0.239716
0.240278
0.240055
-0.0539568
-0.0546978
-0.0555502
-0.0560157
-0.0543559
-0.0494159
-0.0398832
-0.024363
-0.00103205
0.0323257
0.0755854
0.118406
0.151375
0.173844
0.187818
0.195634
0.199289
0.200385
0.200356
0.200045
-0.0105438
-0.0111491
-0.0124806
-0.014515
-0.0152941
-0.0136201
-0.00817308
0.00246849
0.0198116
0.0453906
0.07848
0.110466
0.134475
0.150632
0.160538
0.165899
0.168125
0.168522
0.168246
0.167935
0.0174212
0.0169768
0.0156961
0.0133988
0.0118094
0.0119838
0.0149357
0.0219109
0.0343246
0.0533858
0.078222
0.101909
0.119427
0.131111
0.138041
0.141533
0.142785
0.142743
0.142306
0.142012
0.0342065
0.0338989
0.0328925
0.0309306
0.0292735
0.0288748
0.0305782
0.0352809
0.0440406
0.0579104
0.0762517
0.0937388
0.106426
0.114641
0.119375
0.121652
0.122266
0.121943
0.121431
0.121167
0.0436496
0.0434345
0.0427225
0.041268
0.0399085
0.0393367
0.0402192
0.04338
0.0496582
0.0597466
0.0731019
0.085747
0.0948381
0.100702
0.103994
0.105416
0.105625
0.105181
0.104671
0.104449
0.048595
0.048437
0.0479518
0.0469329
0.0459255
0.0454381
0.0459285
0.0479724
0.0522859
0.0595035
0.0692077
0.0784305
0.0849987
0.0891003
0.0912782
0.0921228
0.0921037
0.0916318
0.0911734
0.0909928
0.0507704
0.0506512
0.0503046
0.0495663
0.0488054
0.0483917
0.0486774
0.0500961
0.0531339
0.058253
0.0651956
0.0717656
0.0763742
0.0792021
0.0806532
0.0811341
0.080995
0.080551
0.0801631
0.0800187
0.0510532
0.0509638
0.0506992
0.0501242
0.0495119
0.0491339
0.0492351
0.0501378
0.0522305
0.0558496
0.0607833
0.0654577
0.0687163
0.0706697
0.0716126
0.0718616
0.0716771
0.0712913
0.0709758
0.0708612
0.049918
0.0498515
0.0496474
0.0491909
0.0486913
0.0483556
0.0483609
0.0489336
0.0503485
0.0528628
0.0563424
0.0596321
0.0618872
0.0631984
0.0637907
0.0638923
0.0636922
0.0633614
0.0631045
0.0630133
0.0477129
0.0476632
0.047506
0.0471423
0.0467309
0.0464297
0.0463671
0.046709
0.0476561
0.0493875
0.0518034
0.0540853
0.055631
0.0565025
0.056861
0.056873
0.0566765
0.0563968
0.0561891
0.0561168
0.0447218
0.0446837
0.0445638
0.04428
0.0439493
0.0436899
0.0435941
0.0437806
0.0443932
0.0455658
0.0472287
0.0487957
0.0498377
0.0503994
0.0505993
0.0505579
0.050374
0.0501397
0.0499724
0.0499151
0.0411794
0.0411497
0.0410582
0.04084
0.0405795
0.0403633
0.0402572
0.0403457
0.0407327
0.0415114
0.0426353
0.0436921
0.0443793
0.0447288
0.0448254
0.0447557
0.0445905
0.0443972
0.0442635
0.0442181
0.0372627
0.0372393
0.0371688
0.0370021
0.0367989
0.0366215
0.0365164
0.0365434
0.036776
0.0372817
0.0380284
0.0387285
0.03917
0.0393763
0.0394081
0.0393268
0.039183
0.0390253
0.0389187
0.0388825
0.0330945
0.0330761
0.0330215
0.0328935
0.0327353
0.0325913
0.0324936
0.0324841
0.0326149
0.0329335
0.0334179
0.0338692
0.0341435
0.0342555
0.0342481
0.0341653
0.0340427
0.0339152
0.0338305
0.0338017
0.0287559
0.0287415
0.0286988
0.0286003
0.0284768
0.0283602
0.0282725
0.028243
0.0283079
0.0285004
0.0288058
0.0290886
0.0292505
0.0293016
0.0292724
0.0291937
0.0290905
0.0289876
0.0289203
0.0288974
0.0243013
0.0242901
0.0242568
0.0241806
0.0240839
0.0239898
0.0239133
0.0238748
0.0238991
0.024009
0.0241943
0.0243643
0.0244527
0.0244664
0.0244269
0.0243559
0.0242703
0.0241879
0.0241347
0.0241168
0.0197674
0.0197589
0.0197331
0.0196739
0.0195982
0.0195228
0.019458
0.0194178
0.019419
0.0194765
0.0195833
0.01968
0.0197228
0.0197163
0.019675
0.0196135
0.0195435
0.019478
0.0194364
0.0194225
0.0151763
0.01517
0.0151503
0.0151048
0.0150464
0.0149878
0.0149357
0.0148991
0.0148891
0.0149157
0.0149749
0.0150269
0.0150438
0.0150284
0.0149902
0.0149392
0.0148832
0.0148315
0.0147992
0.0147888
0.0105431
0.0105386
0.010524
0.0104902
0.0104475
0.0104047
0.0103664
0.0103381
0.0103262
0.0103366
0.0103668
0.0103925
0.0103966
0.0103807
0.0103506
0.0103123
0.0102708
0.0102321
0.0102078
0.0102002
0.00587735
0.00587419
0.00586454
0.00584285
0.0058163
0.00579046
0.00576772
0.00575077
0.00574298
0.00574677
0.00576061
0.00577189
0.00577122
0.00575999
0.00574143
0.00571817
0.00569245
0.00566795
0.00565209
0.00564698
0.00353009
0.00352771
0.00351788
0.00350119
0.00348441
0.00346933
0.0034569
0.00344884
0.00344725
0.00345291
0.00346096
0.00346332
0.00345882
0.00344928
0.00343621
0.00342065
0.00340366
0.00338966
0.00338429
0.00112034
-1.19614
-0.746524
-0.431183
-0.182089
0.0187962
0.181788
0.315949
0.431416
0.515393
0.517897
-0.522695
-0.310007
-0.12377
0.0354505
0.1716
0.286645
0.382623
0.457744
0.5049
0.523195
-0.161775
-0.0348507
0.08537
0.193754
0.288381
0.369173
0.435604
0.486346
0.522197
0.544607
0.0706877
0.154588
0.237877
0.314633
0.381975
0.439889
0.488051
0.526476
0.556448
0.576656
0.238669
0.295264
0.35782
0.414114
0.464276
0.508098
0.545623
0.576787
0.602056
0.619021
0.370053
0.411699
0.460186
0.50336
0.543322
0.579078
0.610407
0.636905
0.658568
0.672448
0.478266
0.513809
0.553332
0.590425
0.625082
0.656747
0.684751
0.708405
0.727445
0.738634
0.576466
0.60973
0.646618
0.682297
0.71536
0.745416
0.771779
0.793727
0.810737
0.81986
0.675624
0.711574
0.749909
0.786767
0.819929
0.849263
0.874355
0.894822
0.910154
0.918502
0.791003
0.832083
0.872172
0.909838
0.942407
0.970167
0.993316
1.01202
1.02606
1.03539
0.936393
0.979517
1.01766
1.05188
1.08035
1.10456
1.12554
1.14323
1.15732
1.16862
1.11516
1.153
1.18134
1.206
1.22732
1.24685
1.26532
1.28265
1.29868
1.3133
1.31341
1.33457
1.34965
1.36566
1.38213
1.39757
1.4114
1.42475
1.44035
1.45878
1.50437
1.51161
1.52224
1.53387
1.54382
1.55309
1.5635
1.5747
1.58637
1.59527
1.71768
1.71945
1.71154
1.695
1.68394
1.6835
1.69568
1.72033
1.7545
1.77906
2.13727
1.94338
1.84239
1.78472
1.75563
1.749
1.76423
1.80507
1.88092
2.02388
-0.717127
-0.721968
-0.684468
-0.619334
-0.54224
-0.457143
0.324737
0.395173
0.396385
0.318575
0.243744
0.163656
-0.128173
-0.420923
-0.786661
-1.27693
-1.86748
)
;

boundaryField
{
    wall-4
    {
        type            zeroGradient;
    }
    pressure-outlet-7
    {
        type            fixedValue;
        value           uniform 0;
    }
    velocity-inlet-6
    {
        type            zeroGradient;
    }
    velocity-inlet-5
    {
        type            zeroGradient;
    }
    frontAndBackPlanes
    {
        type            empty;
    }
}


// ************************************************************************* //
