/*--------------------------------*- C++ -*----------------------------------*\
  =========                 |
  \\      /  F ield         | OpenFOAM: The Open Source CFD Toolbox
   \\    /   O peration     | Website:  https://openfoam.org
    \\  /    A nd           | Version:  9
     \\/     M anipulation  |
\*---------------------------------------------------------------------------*/
FoamFile
{
    format      ascii;
    class       volScalarField;
    location    "24";
    object      p;
}
// * * * * * * * * * * * * * * * * * * * * * * * * * * * * * * * * * * * * * //

dimensions      [0 2 -2 0 0 0 0];

internalField   nonuniform List<scalar> 
8800
(
0.425099
0.377312
0.338621
0.309623
0.288751
0.273906
0.263286
0.25577
0.250892
0.24874
0.249869
0.253924
0.260454
0.269678
0.282391
0.300078
0.324822
0.358739
0.401267
0.459966
0.256353
0.264032
0.271503
0.274811
0.273305
0.268222
0.261723
0.255623
0.250854
0.247928
0.247522
0.249881
0.254235
0.260071
0.266755
0.272969
0.276564
0.275801
0.270346
0.261637
0.234771
0.240933
0.245062
0.248008
0.250055
0.250651
0.249527
0.247387
0.245302
0.244279
0.245089
0.247321
0.249987
0.252055
0.252574
0.251307
0.24891
0.245477
0.240899
0.237132
0.228984
0.231637
0.2344
0.236814
0.238455
0.239614
0.240338
0.240416
0.24005
0.239875
0.240457
0.241451
0.242134
0.242065
0.241344
0.240162
0.238272
0.23564
0.233201
0.231696
0.223643
0.225071
0.226872
0.22893
0.230735
0.232086
0.233063
0.233818
0.234351
0.234773
0.235225
0.235514
0.235426
0.234975
0.234133
0.232758
0.230954
0.229017
0.227663
0.226834
0.218637
0.21956
0.220835
0.222446
0.224119
0.225674
0.226965
0.227998
0.228878
0.229615
0.230064
0.230133
0.229852
0.229195
0.228116
0.226741
0.225264
0.223884
0.223006
0.222461
0.213821
0.214488
0.215506
0.216889
0.218376
0.2199
0.221384
0.222703
0.223812
0.224721
0.225263
0.225324
0.224924
0.224107
0.223021
0.221826
0.220597
0.219506
0.218854
0.218463
0.209221
0.209729
0.210578
0.211819
0.2132
0.214656
0.216156
0.217637
0.218989
0.220107
0.22077
0.220837
0.220402
0.219637
0.21869
0.217653
0.216597
0.215703
0.215196
0.214902
0.204769
0.205158
0.205898
0.207057
0.208403
0.209822
0.211305
0.212838
0.214348
0.215689
0.216516
0.216693
0.216389
0.215785
0.214996
0.214082
0.213143
0.212381
0.21198
0.211758
0.200479
0.200775
0.201424
0.202519
0.203829
0.205248
0.20676
0.208336
0.209946
0.211486
0.212554
0.212972
0.2129
0.212478
0.211824
0.211049
0.210233
0.209592
0.20928
0.209114
0.196318
0.196535
0.197129
0.198225
0.199561
0.201019
0.202624
0.204353
0.206157
0.207934
0.209319
0.210019
0.210145
0.20987
0.209353
0.208684
0.207934
0.207371
0.207131
0.207013
0.19237
0.192511
0.193033
0.194065
0.195348
0.19676
0.19833
0.200105
0.202097
0.204215
0.205967
0.207018
0.207497
0.207581
0.207354
0.206899
0.206327
0.20589
0.205728
0.205656
0.18866
0.188745
0.189179
0.190104
0.191313
0.192734
0.194399
0.196347
0.198575
0.201056
0.203302
0.204837
0.20569
0.206053
0.206106
0.20591
0.205582
0.205324
0.205242
0.205198
0.184928
0.184975
0.185317
0.186109
0.187226
0.188612
0.190327
0.192447
0.195034
0.198046
0.20088
0.202927
0.204266
0.205064
0.205467
0.205621
0.205603
0.205564
0.205556
0.20552
0.1807
0.180746
0.181029
0.181723
0.182792
0.18421
0.186048
0.188413
0.191402
0.195032
0.198612
0.201373
0.203288
0.204554
0.205405
0.205916
0.206207
0.206364
0.206406
0.206365
0.175666
0.175721
0.176017
0.176712
0.177824
0.179377
0.181479
0.184281
0.187905
0.192369
0.196846
0.200366
0.202887
0.204677
0.20591
0.206755
0.20731
0.2076
0.207667
0.207618
0.169541
0.169597
0.169961
0.170736
0.171988
0.173791
0.176287
0.179656
0.184067
0.189584
0.195183
0.199654
0.20294
0.205275
0.206933
0.208121
0.208909
0.209295
0.209384
0.20933
0.162141
0.162192
0.162635
0.163602
0.165147
0.167369
0.170452
0.174637
0.180117
0.186961
0.193935
0.19952
0.203579
0.206536
0.208687
0.210224
0.211187
0.211647
0.21177
0.211714
0.153328
0.153372
0.153905
0.155136
0.157111
0.159919
0.163796
0.169019
0.175845
0.184351
0.193001
0.199932
0.205038
0.208734
0.2114
0.21326
0.214419
0.214978
0.215143
0.215082
0.142863
0.142897
0.143547
0.14511
0.147613
0.15121
0.156125
0.162708
0.171239
0.181802
0.192496
0.201068
0.207381
0.211951
0.215249
0.217469
0.218873
0.219572
0.219787
0.219719
0.130326
0.130364
0.13118
0.133121
0.136365
0.140919
0.147179
0.155502
0.166201
0.179324
0.192498
0.203008
0.210755
0.216376
0.220388
0.223134
0.224854
0.225731
0.225992
0.225907
0.11493
0.114984
0.116026
0.118499
0.122655
0.12857
0.136593
0.147208
0.160686
0.17697
0.193115
0.205914
0.215346
0.222186
0.227061
0.230424
0.232558
0.233644
0.233953
0.233845
0.0954921
0.0955752
0.0969928
0.100336
0.105791
0.113545
0.124037
0.137702
0.154714
0.174859
0.194514
0.20996
0.221313
0.229557
0.235456
0.239557
0.242184
0.24351
0.24387
0.243734
0.0702072
0.0703596
0.0724393
0.0771776
0.0847465
0.0952572
0.109218
0.12694
0.148404
0.173175
0.196873
0.215306
0.228824
0.238669
0.245765
0.25075
0.253959
0.255556
0.255966
0.255794
0.0360259
0.0363524
0.0397659
0.0471448
0.0582915
0.0731159
0.0920321
0.115094
0.142025
0.172171
0.200384
0.222088
0.23798
0.249616
0.258097
0.264136
0.268044
0.269952
0.270403
0.270182
-0.0128937
-0.0116022
-0.00468679
0.00817408
0.0255657
0.0470695
0.0728373
0.102645
0.136016
0.172158
0.205219
0.230373
0.24878
0.262364
0.272418
0.279721
0.284502
0.286794
0.287275
0.286985
-0.085731
-0.0776176
-0.061629
-0.0388593
-0.0120226
0.0184393
0.0525927
0.0901979
0.130755
0.173482
0.211863
0.240887
0.26222
0.278175
0.290277
0.299351
0.305494
0.308571
0.309303
0.309126
-0.163818
-0.145323
-0.11958
-0.0864559
-0.0498975
-0.0103329
0.0323298
0.0779568
0.126163
0.176278
0.22108
0.255106
0.280391
0.299619
0.314547
0.32615
0.334228
0.338597
0.340004
0.340017
-0.227391
-0.206131
-0.172448
-0.13086
-0.0857362
-0.037685
0.0131426
0.0665427
0.122132
0.179291
0.230067
0.268583
0.297307
0.319293
0.336437
0.349691
0.359397
0.364681
0.36577
0.365927
-0.279139
-0.255939
-0.217227
-0.169625
-0.117805
-0.0627273
-0.00478367
0.0556667
0.118089
0.181766
0.237952
0.280358
0.31186
0.335878
0.354559
0.369044
0.379672
0.385346
0.386652
0.386917
-0.321872
-0.297702
-0.255441
-0.203168
-0.146007
-0.0851888
-0.0212137
0.0453908
0.113937
0.183512
0.244506
0.290195
0.323895
0.349432
0.369185
0.384488
0.395425
0.401526
0.403232
0.403521
-0.358348
-0.333604
-0.288705
-0.232744
-0.171184
-0.105524
-0.0363528
0.035664
0.109676
0.184574
0.249864
0.298382
0.333842
0.360462
0.380858
0.396516
0.40766
0.413945
0.415827
0.416086
-0.3905
-0.36541
-0.318481
-0.259425
-0.194171
-0.124327
-0.0506013
0.0262429
0.105217
0.185004
0.254262
0.30533
0.342295
0.369744
0.390516
0.406285
0.417439
0.423754
0.42576
0.425989
-0.41977
-0.394365
-0.345779
-0.284096
-0.215665
-0.142165
-0.064377
0.0168453
0.100402
0.18479
0.25783
0.31137
0.349754
0.377932
0.399029
0.414861
0.426015
0.432334
0.434434
0.434636
-0.447015
-0.421327
-0.371311
-0.307365
-0.236145
-0.159411
-0.0779867
0.00722945
0.095061
0.183859
0.260627
0.316615
0.356457
0.385435
0.406912
0.422882
0.434031
0.440227
0.442393
0.442656
-0.47294
-0.446907
-0.395534
-0.329678
-0.255956
-0.17635
-0.0916545
-0.00277874
0.0890582
0.182105
0.262611
0.321199
0.362668
0.392593
0.414551
0.430719
0.44191
0.44801
0.45012
0.45038
-0.497834
-0.471434
-0.418958
-0.351287
-0.275353
-0.193175
-0.105522
-0.0132946
0.0822917
0.179476
0.263834
0.325253
0.368549
0.399589
0.422186
0.438672
0.449959
0.456001
0.457974
0.458166
-0.522033
-0.495175
-0.441716
-0.372385
-0.294477
-0.209995
-0.119675
-0.0243831
0.0747224
0.175951
0.264257
0.328712
0.37411
0.406498
0.429907
0.446834
0.458269
0.464264
0.466072
0.466173
-0.545602
-0.518285
-0.46391
-0.39308
-0.313411
-0.226871
-0.134149
-0.0360581
0.0663257
0.171445
0.263749
0.331514
0.37933
0.413332
0.43774
0.45522
0.466837
0.472763
0.474432
0.474404
-0.568618
-0.540838
-0.485591
-0.413421
-0.332176
-0.243801
-0.148936
-0.0483272
0.0570631
0.165874
0.262222
0.333565
0.384137
0.420058
0.44567
0.463808
0.475615
0.481414
0.482911
0.482771
-0.59117
-0.562872
-0.506758
-0.433402
-0.350763
-0.260758
-0.164003
-0.0611606
0.0469435
0.159225
0.259578
0.334702
0.38841
0.42662
0.453683
0.47257
0.484543
0.49012
0.491391
0.491161
-0.613262
-0.584382
-0.527442
-0.452996
-0.369117
-0.277699
-0.179291
-0.0744956
0.0360272
0.151485
0.255712
0.334763
0.391962
0.432924
0.461779
0.481501
0.493521
0.498754
0.499751
0.499441
-0.634729
-0.605308
-0.547589
-0.472171
-0.387197
-0.294543
-0.19472
-0.088235
0.0243876
0.142679
0.250548
0.333566
0.394569
0.438822
0.469996
0.490722
0.502544
0.507146
0.507786
0.507409
-0.655523
-0.625594
-0.567155
-0.490862
-0.404935
-0.311222
-0.210191
-0.102292
0.0121109
0.132855
0.244047
0.330937
0.395949
0.444051
0.478339
0.500562
0.511879
0.515229
0.515284
0.51488
-0.675719
-0.645204
-0.586108
-0.509028
-0.422263
-0.327652
-0.225614
-0.116558
-0.000694858
0.122103
0.236192
0.326742
0.395784
0.448172
0.486614
0.511523
0.522493
0.523503
0.522127
0.521794
-0.695139
-0.66412
-0.604392
-0.526605
-0.439122
-0.34375
-0.240894
-0.130915
-0.0138975
0.110544
0.227024
0.320875
0.393773
0.450536
0.494139
0.523749
0.536263
0.534678
0.52982
0.528437
-0.713872
-0.682333
-0.622029
-0.543618
-0.455545
-0.359563
-0.256085
-0.145423
-0.0275669
0.0981071
0.216425
0.313087
0.389606
0.450317
0.499517
0.536136
0.554246
0.554799
0.544479
0.525526
-0.731855
-0.699844
-0.63914
-0.560254
-0.471819
-0.375418
-0.2716
-0.160566
-0.0422521
0.0841291
0.203693
0.302495
0.382526
0.446289
0.499737
0.543996
0.568293
0.563883
0.549149
0.527639
-0.748928
-0.716807
-0.65555
-0.576265
-0.487654
-0.390974
-0.287214
-0.176013
-0.0576225
0.0689251
0.189025
0.288863
0.372085
0.437786
0.489671
0.535113
0.560102
0.546965
0.475515
0.43889
-0.764462
-0.734325
-0.670913
-0.591075
-0.50235
-0.405759
-0.302637
-0.191541
-0.0734566
0.0526471
0.172448
0.272082
0.357421
0.425178
0.467209
0.499412
0.509073
0.461731
0.387813
0.341003
-0.819299
-0.749428
-0.684926
-0.605986
-0.517314
-0.421139
-0.31793
-0.207406
-0.0900827
0.0349117
0.153493
0.251839
0.335741
0.410212
0.414447
0.429355
0.398712
0.334483
0.254674
0.209524
-0.780142
-0.76457
-0.705169
-0.627173
-0.538939
-0.443167
-0.341063
-0.231566
-0.115813
0.00679791
0.121938
0.216715
0.291898
0.363959
0.364961
0.256021
0.147845
0.073919
-0.00270879
0.0357568
-0.810118
-0.781508
-0.721545
-0.643736
-0.555795
-0.460398
-0.358219
-0.24957
-0.135205
-0.0149054
0.0966819
0.186854
0.254161
0.292525
0.245707
0.0952941
-0.0413868
-0.13801
-0.243441
-0.18343
-0.833086
-0.801397
-0.740481
-0.662317
-0.57444
-0.479227
-0.377298
-0.269681
-0.157002
-0.0395257
0.0678129
0.152061
0.209431
0.217451
0.108453
-0.0800223
-0.247932
-0.378424
-0.524088
-0.476126
-0.855323
-0.822122
-0.760167
-0.681232
-0.593232
-0.498193
-0.396889
-0.290418
-0.179597
-0.065259
0.0371071
0.114784
0.158074
0.129845
-0.0367746
-0.254675
-0.468428
-0.66304
-0.878096
-0.873687
-0.876658
-0.843246
-0.780505
-0.700905
-0.612752
-0.517944
-0.417364
-0.312131
-0.203382
-0.092489
0.0044044
0.0748226
0.100427
0.0375934
-0.176001
-0.412809
-0.661384
-0.887325
-1.16905
-1.51444
-0.898132
-0.864883
-0.801733
-0.721705
-0.633392
-0.538768
-0.438833
-0.334845
-0.228235
-0.120951
-0.029693
0.032602
0.0405739
-0.073089
-0.297376
-0.535412
-0.775349
-0.981074
-1.06108
-1.17989
-0.9205
-0.887446
-0.824133
-0.743936
-0.65558
-0.56122
-0.46201
-0.359417
-0.255232
-0.152
-0.0668136
-0.0139213
-0.0299669
-0.188983
-0.404266
-0.622827
-0.815274
-0.928893
-0.953262
-0.97548
-0.9441
-0.911225
-0.847836
-0.767636
-0.679393
-0.585441
-0.487164
-0.386234
-0.284857
-0.186264
-0.107544
-0.0660238
-0.106781
-0.294945
-0.50125
-0.694291
-0.842203
-0.897192
-0.912685
-0.915398
-0.969126
-0.936257
-0.872879
-0.792742
-0.704728
-0.611372
-0.514234
-0.415254
-0.317078
-0.223684
-0.152
-0.124366
-0.184908
-0.394984
-0.591458
-0.763808
-0.87271
-0.884761
-0.889376
-0.889837
-0.995523
-0.962542
-0.899238
-0.81919
-0.731531
-0.638921
-0.543129
-0.446382
-0.351772
-0.264082
-0.200163
-0.183982
-0.277274
-0.489396
-0.675781
-0.822909
-0.864912
-0.87695
-0.879493
-0.879054
-1.02299
-0.989866
-0.926744
-0.846838
-0.75964
-0.667937
-0.573696
-0.479452
-0.388763
-0.307198
-0.251516
-0.248109
-0.381386
-0.58162
-0.749197
-0.865511
-0.872547
-0.873967
-0.875561
-0.875436
-1.05094
-1.01793
-0.955013
-0.875407
-0.788789
-0.698153
-0.605648
-0.514152
-0.427687
-0.352628
-0.305023
-0.320684
-0.481663
-0.673709
-0.819558
-0.855618
-0.879133
-0.878534
-0.876682
-0.876324
-1.07897
-1.04622
-0.983562
-0.90446
-0.818554
-0.729132
-0.63855
-0.549979
-0.467997
-0.399661
-0.36009
-0.393612
-0.580843
-0.771787
-0.888975
-0.903885
-0.897299
-0.887866
-0.881821
-0.879624
-1.10617
-1.07406
-1.01188
-0.933356
-0.84833
-0.76027
-0.67177
-0.586227
-0.508827
-0.447218
-0.416357
-0.465371
-0.672179
-0.889062
-0.996762
-0.973375
-0.948483
-0.927721
-0.917356
-0.912281
-1.13138
-1.09983
-1.03917
-0.961284
-0.877317
-0.79076
-0.704426
-0.621956
-0.548963
-0.494016
-0.472154
-0.535181
-0.746848
-1.00061
-1.19331
-1.11047
-1.06107
-1.03028
-1.01579
-1.00733
-1.15329
-1.12298
-1.06371
-0.987243
-0.904522
-0.819584
-0.735383
-0.655946
-0.586893
-0.538489
-0.523491
-0.594964
-0.79846
-1.0044
-1.44355
-1.31476
-1.22571
-1.21393
-1.19605
-1.18536
-1.17034
-1.14185
-1.08467
-1.00985
-0.928745
-0.845542
-0.763399
-0.686576
-0.621047
-0.577848
-0.567611
-0.644342
-0.809751
-0.759318
-0.575477
-0.891573
-1.22712
-1.30394
-1.30206
-1.30175
-1.181
-1.155
-1.10057
-1.02783
-0.948586
-0.867248
-0.786967
-0.712055
-0.649348
-0.608466
-0.608437
-0.698463
-0.859705
-0.678435
-0.395156
-0.776459
-1.20215
-1.30438
-1.32189
-1.33796
-1.18348
-1.16096
-1.11004
-1.03992
-0.962733
-0.883241
-0.804524
-0.730591
-0.668606
-0.630301
-0.639469
-0.798192
-1.25818
-1.94757
-2.57383
-3.02739
-2.90556
-2.39072
-1.94988
-1.86653
-1.17694
-1.15825
-1.11179
-1.04507
-0.97017
-0.892396
-0.81455
-0.740506
-0.676312
-0.635729
-0.645153
-0.861532
-1.6101
-2.81437
-3.73293
-4.1057
-3.97384
-3.55994
-3.09565
-2.82763
-1.16003
-1.14505
-1.10492
-1.04271
-0.970373
-0.894042
-0.816235
-0.740251
-0.671314
-0.618261
-0.613511
-0.738247
-1.25345
-1.84727
-2.40506
-2.51083
-2.29283
-1.94731
-1.63685
-1.46242
-1.13389
-1.12318
-1.08974
-1.03318
-0.963593
-0.888398
-0.809809
-0.730039
-0.652434
-0.580281
-0.526339
-0.461184
-0.447201
-0.239053
0.0942094
0.465683
0.826321
1.06972
1.20606
1.25919
-1.10131
-1.09464
-1.06866
-1.01826
-0.951457
-0.876904
-0.796805
-0.712726
-0.623601
-0.531897
-0.426152
-0.316433
-0.00250346
0.596496
1.26449
1.87093
2.29934
2.53398
2.6281
2.65387
-1.0662
-1.0624
-1.04513
-1.00091
-0.936586
-0.86224
-0.78073
-0.692465
-0.59808
-0.491327
-0.381239
-0.259117
-0.0301095
0.557097
1.19221
1.74163
2.12912
2.34749
2.44568
2.47617
-1.03389
-1.03162
-1.02184
-0.98489
-0.92241
-0.846974
-0.764407
-0.675688
-0.579776
-0.472488
-0.370512
-0.271609
-0.146023
0.249908
0.728222
1.11506
1.39878
1.56676
1.64648
1.67206
-1.00509
-1.00528
-1.00117
-0.969702
-0.907012
-0.830078
-0.748403
-0.662585
-0.570674
-0.47026
-0.374667
-0.293898
-0.228166
0.0229043
0.363931
0.640885
0.846269
0.972127
1.03666
1.05639
-0.968207
-0.970732
-0.968889
-0.939823
-0.878297
-0.804139
-0.727707
-0.649045
-0.565359
-0.473497
-0.384482
-0.313824
-0.251667
-0.105019
0.116675
0.30547
0.445968
0.531852
0.572623
0.58125
-0.888396
-0.891007
-0.889158
-0.867306
-0.81884
-0.759714
-0.696894
-0.630765
-0.558451
-0.476934
-0.395696
-0.326861
-0.260916
-0.168031
-0.0288653
0.0879133
0.173042
0.225198
0.248707
0.254268
-0.777662
-0.778353
-0.776417
-0.764226
-0.737831
-0.700959
-0.657707
-0.607847
-0.549634
-0.480856
-0.410119
-0.348045
-0.284582
-0.228663
-0.147257
-0.0703539
-0.0130373
0.0218057
0.0375104
0.0382462
-0.682313
-0.682056
-0.68119
-0.676805
-0.666015
-0.64772
-0.621698
-0.5869
-0.541559
-0.483909
-0.42482
-0.37591
-0.334561
-0.300941
-0.25223
-0.196294
-0.152383
-0.123927
-0.112069
-0.112171
-0.625875
-0.625316
-0.624875
-0.62456
-0.620719
-0.611737
-0.596142
-0.571639
-0.535746
-0.487695
-0.439846
-0.411095
-0.402157
-0.388115
-0.341344
-0.291322
-0.253112
-0.231176
-0.222229
-0.223395
-0.603927
-0.603304
-0.602722
-0.602475
-0.600563
-0.59494
-0.584349
-0.565897
-0.535862
-0.49117
-0.446661
-0.427315
-0.443661
-0.447799
-0.400264
-0.353997
-0.323023
-0.30794
-0.30267
-0.303391
-0.607658
-0.606827
-0.605844
-0.605054
-0.603097
-0.598418
-0.589698
-0.574263
-0.54655
-0.500463
-0.447999
-0.416364
-0.419047
-0.418008
-0.390372
-0.362517
-0.344453
-0.335464
-0.331908
-0.332832
-0.632638
-0.631688
-0.630599
-0.629581
-0.627624
-0.623721
-0.616964
-0.60478
-0.579667
-0.530839
-0.463997
-0.400639
-0.371433
-0.36842
-0.357545
-0.344674
-0.336078
-0.329572
-0.328091
-0.328805
-0.675134
-0.674365
-0.673579
-0.673087
-0.672524
-0.671832
-0.670942
-0.668087
-0.655488
-0.616358
-0.536886
-0.434027
-0.371272
-0.361126
-0.354367
-0.336727
-0.31384
-0.297641
-0.291282
-0.293714
-0.729466
-0.729108
-0.729387
-0.730764
-0.734173
-0.74135
-0.754572
-0.775935
-0.80318
-0.811432
-0.729084
-0.577257
-0.476148
-0.442113
-0.409118
-0.355639
-0.306027
-0.270344
-0.264811
-0.268117
-0.786132
-0.786684
-0.788809
-0.793693
-0.804249
-0.825118
-0.863822
-0.933111
-1.04557
-1.15981
-1.07979
-0.849098
-0.683598
-0.614482
-0.52587
-0.424058
-0.338582
-0.294378
-0.290902
-0.293005
-0.830398
-0.832206
-0.836764
-0.8464
-0.866354
-0.905132
-0.978588
-1.11769
-1.35994
-1.63514
-1.57456
-1.22013
-0.969917
-0.839413
-0.693494
-0.53977
-0.422238
-0.372928
-0.377891
-0.384617
-0.844318
-0.847418
-0.854315
-0.868431
-0.897017
-0.951773
-1.05839
-1.26599
-1.63586
-2.07597
-2.07595
-1.59943
-1.25137
-1.07539
-0.895097
-0.743832
-0.645884
-0.616262
-0.613494
-0.618402
-0.813255
-0.816827
-0.824591
-0.840807
-0.873597
-0.936438
-1.05869
-1.2976
-1.72776
-2.24166
-2.30753
-1.81194
-1.45579
-1.27114
-1.11233
-1.02363
-0.969971
-0.945818
-0.933375
-0.931837
-0.732172
-0.735455
-0.74256
-0.757468
-0.788096
-0.847255
-0.961463
-1.18474
-1.58295
-2.02991
-2.07082
-1.71145
-1.45683
-1.32249
-1.26268
-1.2414
-1.21425
-1.18439
-1.16529
-1.15873
-0.611661
-0.613991
-0.619025
-0.63
-0.653185
-0.69841
-0.785882
-0.957255
-1.26591
-1.59441
-1.60437
-1.4158
-1.29019
-1.2113
-1.23115
-1.26632
-1.24312
-1.21593
-1.1977
-1.19027
-0.472124
-0.473185
-0.475601
-0.481592
-0.495228
-0.52264
-0.576278
-0.682451
-0.883054
-1.117
-1.15291
-1.07559
-0.990111
-0.966178
-1.03505
-1.0903
-1.07385
-1.05647
-1.04554
-1.04027
-0.335662
-0.335613
-0.335849
-0.337504
-0.342678
-0.354165
-0.377583
-0.425177
-0.521614
-0.663612
-0.697691
-0.6607
-0.606808
-0.64723
-0.755866
-0.802767
-0.802076
-0.797317
-0.794192
-0.791993
-0.218982
-0.218256
-0.217196
-0.216161
-0.215803
-0.216603
-0.219618
-0.227189
-0.244123
-0.279749
-0.295789
-0.269948
-0.307471
-0.399901
-0.487389
-0.520908
-0.530262
-0.534028
-0.536363
-0.536528
-0.130049
-0.129093
-0.127614
-0.125594
-0.122826
-0.118647
-0.112132
-0.101633
-0.0840296
-0.0527437
-0.031878
-0.060899
-0.1501
-0.23417
-0.286676
-0.311897
-0.321662
-0.327658
-0.331622
-0.332752
-0.0690146
-0.0681336
-0.0667987
-0.0649216
-0.0619308
-0.0568431
-0.0484166
-0.0347548
-0.0134034
0.0154208
0.0283142
-0.00520356
-0.0717422
-0.126954
-0.160531
-0.176612
-0.185119
-0.190183
-0.19361
-0.194746
-0.0313057
-0.0306352
-0.0296612
-0.0283843
-0.0261821
-0.0221358
-0.0152743
-0.00440041
0.01131
0.0290135
0.0319808
0.00696325
-0.0335737
-0.0667178
-0.0876324
-0.0984585
-0.103733
-0.106851
-0.109022
-0.10978
-0.0107909
-0.010347
-0.00975565
-0.00912908
-0.00791345
-0.00540075
-0.000966383
0.00596522
0.0153531
0.0243093
0.0227711
0.00638744
-0.0161803
-0.0347266
-0.046566
-0.0526584
-0.0554549
-0.0570738
-0.0582457
-0.0586699
-0.00176982
-0.00151516
-0.00124411
-0.00112618
-0.000708402
0.000463991
0.00270869
0.00621759
0.010749
0.0144698
0.0124018
0.00365482
-0.00715369
-0.0159003
-0.0214334
-0.0242069
-0.0253677
-0.0259808
-0.0264951
-0.0266942
0.000257716
0.000301012
0.000453877
0.000622615
0.000741059
0.000861804
0.00110473
0.00154058
0.00216977
0.00282656
0.00295317
0.00181883
-0.000126083
-0.00210882
-0.00355029
-0.00429545
-0.00433286
-0.00433031
-0.00443503
-0.00457191
-0.616085
-0.417329
-0.188003
0.00511873
0.161104
0.286183
0.391172
0.479757
0.519592
0.496954
-0.255841
-0.116008
0.0319631
0.160071
0.268697
0.359352
0.432923
0.485256
0.512109
0.52371
-0.0036238
0.0908859
0.190879
0.279687
0.356327
0.420586
0.471639
0.508906
0.535385
0.552836
0.176807
0.242369
0.31243
0.376394
0.431982
0.479087
0.517599
0.548077
0.572523
0.590485
0.314675
0.362327
0.413036
0.461281
0.503762
0.540683
0.572083
0.597981
0.619393
0.63703
0.426716
0.462421
0.503493
0.541892
0.576933
0.608156
0.635282
0.657915
0.676445
0.693701
0.524034
0.554366
0.590395
0.624257
0.655716
0.684147
0.708891
0.729344
0.745318
0.762373
0.615588
0.645818
0.681085
0.7142
0.744743
0.772133
0.795644
0.81461
0.828313
0.845362
0.712758
0.746508
0.783943
0.818212
0.848856
0.875556
0.897925
0.915514
0.92762
0.94505
0.828985
0.866951
0.90612
0.940845
0.970562
0.995625
1.01626
1.03235
1.04398
1.06208
0.974718
1.01352
1.04974
1.08066
1.10656
1.12885
1.14806
1.16371
1.17624
1.19427
1.14988
1.18186
1.20819
1.23074
1.25084
1.26968
1.28748
1.30403
1.31944
1.33753
1.33874
1.35608
1.37128
1.38761
1.40359
1.41818
1.43144
1.44541
1.463
1.48317
1.52084
1.53027
1.54185
1.5527
1.56202
1.57166
1.58252
1.59392
1.60531
1.62068
1.72799
1.73169
1.71677
1.70198
1.69576
1.70148
1.71997
1.75031
1.78251
1.80917
2.03434
1.89948
1.82288
1.78059
1.76319
1.76716
1.79458
1.851
1.95363
2.178
0.315696
0.313566
0.30908
0.300452
0.288224
0.276088
0.265846
0.257924
0.252256
0.248915
0.24843
0.251016
0.255984
0.263095
0.272397
0.283873
0.296476
0.307478
0.313575
0.316616
0.240153
0.245999
0.25234
0.256833
0.2593
0.258969
0.256219
0.252382
0.248819
0.246468
0.246182
0.248215
0.251734
0.255904
0.259617
0.261427
0.260437
0.256911
0.251713
0.245077
0.231751
0.234047
0.237455
0.240457
0.242538
0.244034
0.244777
0.244434
0.243355
0.24237
0.242389
0.243644
0.245296
0.24646
0.246526
0.245544
0.243919
0.241522
0.238218
0.235281
0.226266
0.227352
0.229194
0.231588
0.233625
0.23506
0.236074
0.236797
0.237136
0.237248
0.237567
0.238168
0.238576
0.238476
0.237922
0.236955
0.235386
0.233219
0.231072
0.229671
0.221108
0.221768
0.222894
0.224635
0.226454
0.228114
0.229418
0.230409
0.231224
0.231894
0.232424
0.232727
0.232687
0.232316
0.231565
0.230347
0.228774
0.227106
0.225704
0.224904
0.216206
0.21666
0.21747
0.218821
0.220366
0.221937
0.223441
0.224741
0.225816
0.226728
0.227407
0.227681
0.227538
0.226988
0.226035
0.224818
0.223495
0.222199
0.221178
0.220641
0.211495
0.211826
0.212467
0.213623
0.215017
0.216477
0.217981
0.219461
0.220805
0.22194
0.222768
0.223097
0.222888
0.222236
0.221299
0.220224
0.219101
0.218002
0.217192
0.216799
0.206977
0.207226
0.207751
0.208772
0.210076
0.211481
0.212945
0.21445
0.215931
0.217274
0.218288
0.218721
0.218571
0.218019
0.217224
0.216293
0.2153
0.214364
0.21371
0.213411
0.202605
0.202786
0.203225
0.204158
0.205407
0.20678
0.208225
0.209741
0.211319
0.212869
0.214108
0.214694
0.214696
0.214323
0.213702
0.21292
0.21205
0.211238
0.210702
0.210477
0.198385
0.198514
0.198884
0.19976
0.200996
0.202377
0.203886
0.205497
0.207154
0.20882
0.210297
0.211216
0.211514
0.211333
0.21083
0.210155
0.209397
0.208679
0.20824
0.208075
0.194311
0.194387
0.194699
0.195539
0.196776
0.198163
0.199667
0.20134
0.203206
0.205173
0.206982
0.208188
0.208705
0.208763
0.208505
0.208015
0.207376
0.206752
0.2064
0.206291
0.190499
0.190533
0.190784
0.191525
0.192662
0.19399
0.195491
0.1972
0.199147
0.201333
0.203537
0.205221
0.206201
0.206646
0.206698
0.206473
0.206079
0.205653
0.205423
0.205365
0.186823
0.186826
0.187022
0.187653
0.188694
0.189991
0.191534
0.193405
0.195644
0.198243
0.200958
0.203134
0.204516
0.205281
0.205642
0.205727
0.205617
0.205431
0.205343
0.205318
0.182897
0.182901
0.183055
0.183565
0.184479
0.185709
0.187258
0.189233
0.191713
0.194748
0.19809
0.200953
0.20295
0.204282
0.205067
0.205556
0.205794
0.205894
0.205943
0.205934
0.178301
0.178296
0.178457
0.178927
0.179813
0.181087
0.18278
0.185037
0.187962
0.191626
0.195768
0.199415
0.202038
0.203863
0.205129
0.205974
0.206523
0.20686
0.206999
0.206996
0.172755
0.172747
0.172935
0.173451
0.174392
0.175791
0.177727
0.18037
0.183881
0.188364
0.193507
0.198116
0.20151
0.203955
0.205683
0.206903
0.207761
0.20828
0.208473
0.208474
0.166011
0.165994
0.166213
0.166848
0.167962
0.16962
0.171964
0.175197
0.179513
0.185049
0.191436
0.197201
0.201502
0.204627
0.206805
0.208404
0.209564
0.210235
0.210479
0.210494
0.157912
0.157878
0.158136
0.15894
0.160353
0.16244
0.16537
0.169408
0.174783
0.181664
0.189598
0.196768
0.202114
0.205993
0.208817
0.210865
0.212242
0.213021
0.21332
0.213349
0.148302
0.148248
0.148563
0.149559
0.151374
0.154019
0.157741
0.162821
0.169545
0.17811
0.187953
0.196837
0.203471
0.208312
0.211797
0.214291
0.215946
0.216895
0.217284
0.217329
0.136858
0.136784
0.137181
0.138419
0.140721
0.144105
0.148842
0.155266
0.163719
0.174406
0.186587
0.197524
0.205706
0.211674
0.215964
0.218996
0.221014
0.222188
0.22268
0.222738
0.122977
0.122885
0.123414
0.124999
0.127867
0.132263
0.138312
0.146496
0.157175
0.170519
0.185555
0.198952
0.208942
0.216241
0.221491
0.225185
0.227662
0.229128
0.229737
0.229803
0.105672
0.105566
0.106323
0.108434
0.112133
0.117779
0.125661
0.136222
0.149803
0.166489
0.184981
0.201277
0.213376
0.22221
0.228566
0.233057
0.236099
0.237901
0.238631
0.238704
0.083496
0.0833888
0.0845219
0.0874282
0.0924406
0.0999928
0.110454
0.124247
0.141607
0.162431
0.185022
0.204657
0.219153
0.229738
0.237381
0.242817
0.246541
0.248745
0.249617
0.24969
0.0540788
0.0540143
0.055844
0.0601798
0.0673935
0.0780111
0.092297
0.110532
0.132733
0.158562
0.18589
0.20927
0.226428
0.238973
0.248089
0.254639
0.259165
0.261826
0.262851
0.26292
0.0132349
0.0133668
0.0167317
0.0240798
0.0354009
0.0510988
0.0710667
0.0952877
0.123523
0.155215
0.187827
0.215261
0.235276
0.249956
0.260732
0.268593
0.274098
0.277293
0.278459
0.27851
-0.0467168
-0.0453244
-0.0371847
-0.0234198
-0.00442091
0.0193789
0.0473333
0.0791837
0.114557
0.152794
0.191045
0.222689
0.24566
0.262573
0.27514
0.284462
0.291101
0.294947
0.296275
0.296307
-0.118505
-0.116252
-0.100819
-0.0768557
-0.0473351
-0.0140302
0.0227019
0.0627626
0.105849
0.1514
0.196338
0.233391
0.260479
0.280707
0.296011
0.307624
0.316095
0.320916
0.322313
0.32247
-0.192365
-0.18507
-0.162328
-0.128392
-0.0891342
-0.0466124
-0.00116815
0.0471031
0.0979542
0.150877
0.202619
0.245207
0.276477
0.300079
0.318287
0.332403
0.342792
0.348206
0.350437
0.350988
-0.251043
-0.241978
-0.214485
-0.173816
-0.127037
-0.0767501
-0.023559
0.0322828
0.0904366
0.150343
0.208416
0.255975
0.290841
0.317165
0.33746
0.353191
0.364836
0.371464
0.374697
0.375423
-0.298694
-0.289093
-0.258155
-0.212606
-0.160117
-0.103657
-0.0440088
0.0184346
0.083136
0.149408
0.213239
0.265161
0.302979
0.331375
0.35319
0.370107
0.382697
0.390327
0.393879
0.394672
-0.338494
-0.328716
-0.295544
-0.246263
-0.189156
-0.127633
-0.0625551
0.00557849
0.0760771
0.14806
0.217051
0.272774
0.313034
0.343013
0.365877
0.383499
0.396624
0.404819
0.408578
0.409415
-0.373045
-0.36322
-0.328392
-0.276065
-0.215197
-0.149413
-0.0796415
-0.00651637
0.0691505
0.146309
0.219991
0.279122
0.321467
0.352681
0.376235
0.394201
0.407516
0.415886
0.419677
0.420583
-0.403922
-0.394097
-0.358023
-0.303161
-0.239126
-0.169668
-0.0957838
-0.0182048
0.0621594
0.144095
0.222176
0.284488
0.328751
0.361045
0.385123
0.403281
0.416626
0.425103
0.428855
0.42977
-0.432324
-0.422475
-0.385361
-0.328337
-0.261604
-0.188934
-0.111402
-0.0297999
0.0548803
0.141303
0.223613
0.289063
0.335191
0.368525
0.393125
0.411512
0.424919
0.43342
0.437216
0.437946
-0.45902
-0.44912
-0.411079
-0.352227
-0.283071
-0.207556
-0.126781
-0.0415386
0.0471319
0.137812
0.224251
0.292851
0.340958
0.375454
0.40068
0.41935
0.432847
0.44134
0.445128
0.44576
-0.48448
-0.474533
-0.435649
-0.375202
-0.30386
-0.225819
-0.142132
-0.0535792
0.0387835
0.133506
0.224036
0.295943
0.346245
0.382085
0.408071
0.427137
0.440804
0.449294
0.453033
0.453646
-0.509132
-0.499032
-0.459336
-0.397459
-0.324187
-0.243888
-0.157579
-0.0660238
0.029755
0.128337
0.222977
0.298387
0.351088
0.388494
0.415433
0.435039
0.448969
0.457502
0.46112
0.461721
-0.533132
-0.52281
-0.482417
-0.419165
-0.344169
-0.261859
-0.173198
-0.0789175
0.0200171
0.122282
0.220997
0.300065
0.355465
0.394708
0.422817
0.443114
0.457387
0.465976
0.469465
0.470014
-0.556528
-0.546001
-0.504957
-0.440418
-0.363877
-0.279768
-0.189005
-0.0922678
0.00955314
0.115263
0.217971
0.300889
0.359314
0.400714
0.430223
0.451358
0.466035
0.474663
0.477999
0.478445
-0.579456
-0.568647
-0.526905
-0.461235
-0.383323
-0.297612
-0.204981
-0.10606
-0.00163983
0.107253
0.213844
0.300748
0.362502
0.406425
0.437623
0.459754
0.474878
0.483517
0.486645
0.486953
-0.601825
-0.590749
-0.548332
-0.481617
-0.402474
-0.31535
-0.221081
-0.120245
-0.0135207
0.0982756
0.208561
0.299493
0.364875
0.41173
0.444982
0.468293
0.483851
0.492377
0.495229
0.495395
-0.623655
-0.612306
-0.569211
-0.501543
-0.421296
-0.332937
-0.237243
-0.134741
-0.0260043
0.0883703
0.202073
0.296992
0.36622
0.416457
0.452257
0.477027
0.492965
0.501155
0.50359
0.503601
-0.644807
-0.633238
-0.589482
-0.520955
-0.439729
-0.350288
-0.253385
-0.149458
-0.0390039
0.0776031
0.194376
0.293125
0.366317
0.420355
0.459357
0.486113
0.502401
0.509827
0.511546
0.511374
-0.665364
-0.653496
-0.609116
-0.539816
-0.457729
-0.367354
-0.269411
-0.164309
-0.052423
0.0660742
0.185504
0.287797
0.364932
0.423072
0.466034
0.495742
0.51274
0.518744
0.519
0.518506
-0.685201
-0.673039
-0.628084
-0.558074
-0.475215
-0.38405
-0.285237
-0.17917
-0.0661398
0.0538745
0.17553
0.280956
0.361861
0.424159
0.471751
0.505852
0.525005
0.529458
0.526629
0.524711
-0.704341
-0.691928
-0.646336
-0.575675
-0.492146
-0.400308
-0.300778
-0.193955
-0.0800316
0.0411581
0.164568
0.272577
0.356963
0.423143
0.475547
0.515549
0.539663
0.5454
0.538893
0.528057
-0.722715
-0.710103
-0.663976
-0.592769
-0.508727
-0.416407
-0.316371
-0.209074
-0.0945667
0.0273873
0.152025
0.261999
0.349574
0.419335
0.475912
0.522761
0.554846
0.565917
0.560383
0.549782
-0.740288
-0.727467
-0.681011
-0.609314
-0.524947
-0.432349
-0.331993
-0.224536
-0.109772
0.0124782
0.137768
0.248946
0.339081
0.412107
0.470306
0.521553
0.55777
0.5729
0.541339
0.484248
-0.756815
-0.743278
-0.697346
-0.62527
-0.540932
-0.44826
-0.347686
-0.240218
-0.125572
-0.00347792
0.121794
0.233342
0.3247
0.401243
0.457683
0.500705
0.536576
0.532703
0.475894
0.407109
-0.772553
-0.75845
-0.712798
-0.640079
-0.556361
-0.463674
-0.36366
-0.256058
-0.141819
-0.0202998
0.104164
0.215112
0.305574
0.387879
0.438379
0.490166
0.469268
0.43411
0.363858
0.29135
-0.757948
-0.740052
-0.692118
-0.616029
-0.527622
-0.431463
-0.326469
-0.216271
-0.0994286
0.0248624
0.142586
0.240154
0.321968
0.408001
0.466078
0.381255
0.338926
0.277038
0.201212
0.150286
-0.782025
-0.765213
-0.73038
-0.663551
-0.580148
-0.488056
-0.388029
-0.28123
-0.168085
-0.0483073
0.0734746
0.181478
0.267496
0.344054
0.413379
0.41703
0.295779
0.210223
0.145925
0.0574501
-0.801179
-0.785498
-0.744714
-0.676493
-0.592852
-0.50131
-0.402505
-0.296731
-0.184776
-0.0667674
0.0527045
0.157777
0.240184
0.303919
0.330155
0.260642
0.110955
0.00907311
-0.0698245
-0.164835
-0.820686
-0.808375
-0.762986
-0.693457
-0.60973
-0.518085
-0.419416
-0.31412
-0.203284
-0.0871263
0.0290286
0.129052
0.204314
0.252088
0.228156
0.0936784
-0.0719776
-0.200081
-0.306412
-0.451278
-0.843276
-0.830364
-0.783087
-0.712458
-0.628499
-0.536848
-0.438377
-0.333811
-0.224286
-0.110329
0.00202462
0.0963588
0.163453
0.192518
0.129165
-0.0673068
-0.267921
-0.438903
-0.597531
-0.806851
-0.864719
-0.852055
-0.80373
-0.731988
-0.64761
-0.556018
-0.457988
-0.354388
-0.246409
-0.134997
-0.0268101
0.0613514
0.11972
0.121466
0.00237637
-0.220228
-0.456904
-0.691921
-0.890263
-1.34318
-0.885843
-0.873768
-0.825003
-0.75244
-0.66773
-0.576147
-0.478564
-0.375933
-0.269601
-0.160944
-0.0572287
0.0241877
0.0723079
0.0358742
-0.127157
-0.356435
-0.603669
-0.850142
-1.06508
-1.42487
-0.907715
-0.895863
-0.847083
-0.774043
-0.689116
-0.597536
-0.500361
-0.398671
-0.294034
-0.188284
-0.089261
-0.0150261
0.0208363
-0.0414223
-0.245227
-0.466692
-0.694694
-0.893818
-0.978622
-1.01612
-0.930696
-0.919123
-0.870289
-0.797052
-0.712096
-0.620667
-0.524043
-0.423505
-0.32087
-0.218496
-0.124754
-0.0584261
-0.0367889
-0.125726
-0.351849
-0.560431
-0.747741
-0.880754
-0.920373
-0.934294
-0.954931
-0.943688
-0.894745
-0.821445
-0.736568
-0.645447
-0.549562
-0.450407
-0.350113
-0.251603
-0.163758
-0.105655
-0.102917
-0.231903
-0.448187
-0.642658
-0.805298
-0.875506
-0.897581
-0.900725
-0.980638
-0.969482
-0.920511
-0.847184
-0.762472
-0.671813
-0.576844
-0.479327
-0.381696
-0.287479
-0.206208
-0.156209
-0.183175
-0.337205
-0.539433
-0.721621
-0.843557
-0.893613
-0.885641
-0.884611
-1.0076
-0.996458
-0.947576
-0.874174
-0.789708
-0.699643
-0.605781
-0.510133
-0.415481
-0.32599
-0.251757
-0.21068
-0.261614
-0.440533
-0.625283
-0.792344
-0.853616
-0.8714
-0.8761
-0.876976
-1.03543
-1.02437
-0.975571
-0.902199
-0.818078
-0.728741
-0.636166
-0.542604
-0.451244
-0.366831
-0.299913
-0.269437
-0.337651
-0.539202
-0.708551
-0.83452
-0.883156
-0.875582
-0.876805
-0.876444
-1.06362
-1.05277
-1.00391
-0.930915
-0.847231
-0.75876
-0.667639
-0.576363
-0.488546
-0.409484
-0.350271
-0.32894
-0.417988
-0.636114
-0.794673
-0.877235
-0.888826
-0.883887
-0.878099
-0.876595
-1.09141
-1.08089
-1.03228
-0.959725
-0.87665
-0.789188
-0.699691
-0.610865
-0.526727
-0.453204
-0.401868
-0.388316
-0.508187
-0.736943
-0.898355
-0.91948
-0.918983
-0.908584
-0.897796
-0.892043
-1.118
-1.10779
-1.05995
-0.987853
-0.905633
-0.819321
-0.731586
-0.645332
-0.564857
-0.496951
-0.453322
-0.449939
-0.593996
-0.830765
-1.04538
-1.02554
-1.00444
-0.97817
-0.963333
-0.953623
-1.14202
-1.13234
-1.08545
-1.01449
-0.933261
-0.848263
-0.762373
-0.678734
-0.60179
-0.539242
-0.502765
-0.51132
-0.668413
-0.886981
-1.2042
-1.36623
-1.19421
-1.12673
-1.10595
-1.0922
-1.16223
-1.1532
-1.10772
-1.03819
-0.958424
-0.874948
-0.790908
-0.709768
-0.636117
-0.57794
-0.548396
-0.562511
-0.723877
-0.861506
-1.00303
-1.22486
-1.22933
-1.29142
-1.27926
-1.2641
-1.17693
-1.16869
-1.12535
-1.05772
-0.97976
-0.898055
-0.815908
-0.736742
-0.665932
-0.611015
-0.588676
-0.59857
-0.765673
-0.752489
-0.370901
-0.371973
-0.925664
-1.27722
-1.30606
-1.31069
-1.18474
-1.17727
-1.13679
-1.07177
-0.995946
-0.916147
-0.835815
-0.758269
-0.688941
-0.636728
-0.616614
-0.642063
-0.901727
-1.11937
-1.14083
-1.43582
-1.694
-1.6411
-1.49094
-1.44225
-1.183
-1.17675
-1.14118
-1.07905
-1.00575
-0.928007
-0.849217
-0.772611
-0.70313
-0.650532
-0.630687
-0.6801
-1.12578
-2.00128
-3.1614
-3.75302
-3.87941
-3.46478
-2.93601
-2.56015
-1.17104
-1.16665
-1.13687
-1.07885
-1.00831
-0.93277
-0.855048
-0.778243
-0.706904
-0.648348
-0.622203
-0.659478
-1.14118
-1.99838
-3.02653
-3.62321
-3.67749
-3.34778
-2.95461
-2.633
-1.149
-1.14569
-1.12273
-1.07102
-1.00368
-0.930209
-0.853019
-0.774685
-0.69869
-0.630444
-0.580537
-0.582599
-0.717229
-0.947905
-1.03818
-1.00785
-0.762123
-0.466282
-0.225871
-0.0737203
-1.11902
-1.11684
-1.10072
-1.0564
-0.99297
-0.921154
-0.843913
-0.763082
-0.680129
-0.597723
-0.511579
-0.432708
-0.286169
0.0617667
0.582509
1.17161
1.66633
2.00612
2.19579
2.2693
-1.08446
-1.08317
-1.07261
-1.03753
-0.978493
-0.907731
-0.829967
-0.746153
-0.657274
-0.55909
-0.457868
-0.339235
-0.171956
0.29897
0.988918
1.6432
2.15673
2.47993
2.64105
2.69584
-1.04958
-1.04881
-1.04339
-1.01671
-0.962954
-0.892577
-0.814274
-0.72881
-0.636298
-0.535162
-0.426472
-0.315825
-0.212006
0.133827
0.706803
1.22829
1.63979
1.90867
2.05581
2.11853
-1.01945
-1.01814
-1.01661
-0.999357
-0.949256
-0.878108
-0.798539
-0.713181
-0.622313
-0.524045
-0.419232
-0.327494
-0.241939
-0.0712806
0.329027
0.694786
0.976491
1.16638
1.27156
1.32272
-0.990595
-0.990721
-0.992059
-0.978806
-0.929773
-0.857786
-0.779093
-0.697932
-0.612845
-0.521059
-0.424168
-0.341595
-0.27172
-0.173314
0.0901166
0.349218
0.551225
0.690396
0.765766
0.795578
-0.933769
-0.935491
-0.938148
-0.927087
-0.883813
-0.819282
-0.749005
-0.677463
-0.602072
-0.519772
-0.431854
-0.352794
-0.283463
-0.211457
-0.0510568
0.116125
0.24544
0.334782
0.382144
0.401845
-0.833076
-0.834815
-0.835839
-0.827688
-0.799976
-0.755858
-0.704751
-0.649411
-0.587979
-0.517668
-0.440811
-0.36814
-0.302116
-0.237438
-0.141186
-0.0388803
0.0410017
0.0969057
0.126721
0.134556
-0.724772
-0.725582
-0.725284
-0.721482
-0.708936
-0.68696
-0.656694
-0.61902
-0.572715
-0.515462
-0.449209
-0.386595
-0.334259
-0.287125
-0.234373
-0.169308
-0.110737
-0.0695486
-0.0485264
-0.0411401
-0.648838
-0.649051
-0.648392
-0.647665
-0.64397
-0.634566
-0.618255
-0.593919
-0.560058
-0.51424
-0.458361
-0.410541
-0.380837
-0.355678
-0.321252
-0.271408
-0.225709
-0.193048
-0.175226
-0.170151
-0.611058
-0.611061
-0.610382
-0.610344
-0.609357
-0.604941
-0.595305
-0.578735
-0.552598
-0.51381
-0.464992
-0.429789
-0.425271
-0.438984
-0.407151
-0.352367
-0.307592
-0.280081
-0.26765
-0.265344
-0.602869
-0.60266
-0.601738
-0.601179
-0.600234
-0.597035
-0.590022
-0.577296
-0.554946
-0.518536
-0.469504
-0.432543
-0.426684
-0.450289
-0.42192
-0.382709
-0.351485
-0.334363
-0.327018
-0.325504
-0.617799
-0.617331
-0.616213
-0.615259
-0.61394
-0.610813
-0.604871
-0.594276
-0.574122
-0.538823
-0.481501
-0.427722
-0.393765
-0.396603
-0.3841
-0.362034
-0.347205
-0.337646
-0.334256
-0.333051
-0.652371
-0.651698
-0.650545
-0.649659
-0.648573
-0.646488
-0.64301
-0.636862
-0.622819
-0.592984
-0.529145
-0.44781
-0.375802
-0.352866
-0.350874
-0.346962
-0.33136
-0.319383
-0.311019
-0.31168
-0.701602
-0.700914
-0.700393
-0.700356
-0.700956
-0.70264
-0.706334
-0.712503
-0.717916
-0.714364
-0.664008
-0.552431
-0.442423
-0.395305
-0.382859
-0.35429
-0.325034
-0.292436
-0.277405
-0.27804
-0.758651
-0.758228
-0.758745
-0.760592
-0.765032
-0.774527
-0.792759
-0.825298
-0.878046
-0.946438
-0.947765
-0.790801
-0.623029
-0.541535
-0.49178
-0.423563
-0.347768
-0.290948
-0.266725
-0.271606
-0.811061
-0.81124
-0.813385
-0.818249
-0.82874
-0.850051
-0.890581
-0.966114
-1.10255
-1.30161
-1.39592
-1.17396
-0.906294
-0.772082
-0.669104
-0.538577
-0.417119
-0.337347
-0.320487
-0.324746
-0.842136
-0.84316
-0.847127
-0.855402
-0.872724
-0.90703
-0.972775
-1.09928
-1.33886
-1.71021
-1.92945
-1.63326
-1.24065
-1.03055
-0.876456
-0.705323
-0.563565
-0.483673
-0.474012
-0.47961
-0.834675
-0.836458
-0.841581
-0.852462
-0.875412
-0.916384
-1.00166
-1.16604
-1.47997
-1.97482
-2.31269
-1.98064
-1.5257
-1.26271
-1.09656
-0.935322
-0.836877
-0.790096
-0.775753
-0.773351
-0.777996
-0.779979
-0.785244
-0.796234
-0.819189
-0.864354
-0.951189
-1.12072
-1.44473
-1.94992
-2.28913
-2.0414
-1.61301
-1.39829
-1.24482
-1.17395
-1.12768
-1.09852
-1.07707
-1.06598
-0.674914
-0.676842
-0.681079
-0.690129
-0.709315
-0.747549
-0.821088
-0.964308
-1.23957
-1.65557
-1.88989
-1.70763
-1.46865
-1.33376
-1.27867
-1.27744
-1.27793
-1.24204
-1.21708
-1.20316
-0.542185
-0.543535
-0.546022
-0.551604
-0.564321
-0.590363
-0.640973
-0.739898
-0.932736
-1.23456
-1.40189
-1.31549
-1.20168
-1.109
-1.1159
-1.18182
-1.19047
-1.16465
-1.14594
-1.13581
-0.401843
-0.402507
-0.40321
-0.405284
-0.411268
-0.424547
-0.451212
-0.50415
-0.610247
-0.79654
-0.927286
-0.90601
-0.838433
-0.791684
-0.845875
-0.941363
-0.950157
-0.938405
-0.929255
-0.923993
-0.273909
-0.274015
-0.273411
-0.273011
-0.273916
-0.277356
-0.285411
-0.302515
-0.338638
-0.413753
-0.486311
-0.466054
-0.437013
-0.46285
-0.56748
-0.642909
-0.65929
-0.660975
-0.661174
-0.660971
-0.1708
-0.170579
-0.169327
-0.167788
-0.166006
-0.163903
-0.16128
-0.15787
-0.153124
-0.143637
-0.124581
-0.139119
-0.170445
-0.263154
-0.349845
-0.396105
-0.412481
-0.419587
-0.42408
-0.426436
-0.0962574
-0.0959203
-0.094599
-0.0929289
-0.0904737
-0.0865492
-0.080174
-0.0697812
-0.0527795
-0.0256641
0.00508801
0.00125541
-0.0625226
-0.142001
-0.197552
-0.227006
-0.240333
-0.2481
-0.253008
-0.255739
-0.0476518
-0.0473347
-0.0462531
-0.0449678
-0.0429494
-0.0393859
-0.0332705
-0.0232458
-0.00759859
0.0144109
0.0332912
0.0227732
-0.021634
-0.0722021
-0.107371
-0.126792
-0.136283
-0.141319
-0.144715
-0.146697
-0.0193211
-0.0190814
-0.0183365
-0.0175637
-0.0163168
-0.01392
-0.0095554
-0.00237722
0.00834629
0.0218561
0.0302975
0.0196296
-0.00777371
-0.0368178
-0.0574676
-0.0692456
-0.0749303
-0.0777972
-0.0797524
-0.0809305
-0.0052026
-0.00504925
-0.00461495
-0.00428657
-0.00376914
-0.00254885
-5.7887e-05
0.00412407
0.0101853
0.0171609
0.0200692
0.0122621
-0.00294566
-0.0181214
-0.0289668
-0.0351617
-0.0380288
-0.0393718
-0.0403045
-0.0409081
0.000260677
0.000368373
0.000553153
0.000676905
0.000799698
0.0009635
0.00129686
0.00183553
0.00251501
0.00302417
0.00256456
0.000900378
-0.0011641
-0.00291107
-0.00402129
-0.00438244
-0.00429451
-0.00437962
-0.00449943
-0.0147112
-1.76957
-0.973643
-0.487814
-0.200634
0.0108742
0.17556
0.306363
0.415661
0.52729
0.621067
-0.59376
-0.364342
-0.158997
0.0123142
0.15553
0.273667
0.371026
0.450728
0.500574
0.507723
-0.202918
-0.0702276
0.0577625
0.172181
0.270842
0.354494
0.423197
0.475431
0.509365
0.529139
0.0380552
0.126903
0.213749
0.293687
0.363753
0.423649
0.472863
0.511356
0.540425
0.56076
0.209777
0.270384
0.334246
0.393021
0.444655
0.489441
0.527284
0.558486
0.583699
0.60152
0.342817
0.386804
0.436901
0.480795
0.521308
0.55724
0.588534
0.615109
0.637069
0.651893
0.452364
0.488682
0.528541
0.564988
0.599227
0.630502
0.658176
0.681815
0.701199
0.713345
0.549647
0.582004
0.617581
0.651564
0.683507
0.712886
0.738854
0.760788
0.778208
0.788037
0.643242
0.676584
0.712808
0.747642
0.77969
0.808621
0.83372
0.854461
0.870232
0.878657
0.746807
0.784682
0.823472
0.860289
0.892816
0.921085
0.944859
0.96413
0.978474
0.987113
0.87481
0.917381
0.956751
0.992946
1.02364
1.04955
1.07129
1.08909
1.10273
1.113
1.03673
1.0785
1.11245
1.142
1.16667
1.18833
1.20804
1.22556
1.24039
1.25314
1.22731
1.25821
1.27974
1.29898
1.31711
1.33442
1.35069
1.36657
1.38313
1.4001
1.42546
1.43692
1.44804
1.4622
1.47652
1.4894
1.50082
1.51172
1.52466
1.54157
1.61138
1.62131
1.63
1.63245
1.6333
1.6376
1.64847
1.66446
1.68211
1.68673
1.91245
1.85708
1.80629
1.76605
1.74372
1.73971
1.7532
1.78701
1.84347
1.91904
0.457911
0.399218
0.356737
0.322875
0.298211
0.280645
0.268113
0.25915
0.252986
0.24942
0.248896
0.251602
0.256905
0.264732
0.27557
0.290564
0.311533
0.340599
0.379339
0.427151
0.259468
0.268223
0.273754
0.274574
0.271084
0.265026
0.25857
0.253057
0.249145
0.24737
0.248389
0.251828
0.256976
0.263348
0.270036
0.275249
0.276837
0.273576
0.266197
0.258525
0.236515
0.238547
0.243154
0.246665
0.249173
0.250592
0.250285
0.248516
0.246264
0.244588
0.244447
0.2461
0.248667
0.251159
0.252536
0.252119
0.250201
0.247352
0.243274
0.238877
0.229626
0.230493
0.232983
0.235707
0.237723
0.239082
0.240051
0.240465
0.240255
0.239888
0.240066
0.240953
0.241867
0.242193
0.241762
0.240813
0.23932
0.237014
0.234325
0.232341
0.22401
0.224472
0.225881
0.227927
0.229887
0.231474
0.23261
0.23347
0.234114
0.234562
0.234996
0.235407
0.235518
0.23524
0.234609
0.233508
0.231884
0.229959
0.228242
0.227206
0.218892
0.219178
0.220116
0.221626
0.223292
0.224926
0.226361
0.227509
0.228456
0.229271
0.229881
0.230143
0.230033
0.229572
0.2287
0.22745
0.225997
0.224545
0.223367
0.222723
0.214008
0.214206
0.214923
0.216168
0.217628
0.219139
0.220659
0.222075
0.223285
0.224297
0.225045
0.22535
0.225178
0.224556
0.223583
0.222428
0.221213
0.220021
0.219114
0.218659
0.209362
0.209508
0.210085
0.211162
0.212499
0.213924
0.215406
0.216909
0.21834
0.219587
0.220504
0.220872
0.220669
0.220047
0.219177
0.218176
0.217125
0.216118
0.215394
0.215052
0.204873
0.204981
0.205461
0.206438
0.207717
0.209108
0.210558
0.212072
0.213608
0.215056
0.216179
0.216674
0.216586
0.216113
0.215406
0.214549
0.213606
0.212727
0.212132
0.211873
0.200553
0.200633
0.201033
0.201929
0.203161
0.204528
0.205997
0.207545
0.209141
0.210742
0.212094
0.212833
0.212985
0.212723
0.21217
0.211445
0.210635
0.209877
0.209395
0.209202
0.196366
0.19642
0.196762
0.197628
0.198881
0.200276
0.201805
0.203479
0.205256
0.20706
0.208691
0.209751
0.21014
0.210044
0.209632
0.20903
0.208304
0.207613
0.207214
0.207078
0.192393
0.192423
0.192703
0.193499
0.19469
0.19604
0.197524
0.199191
0.20108
0.203158
0.205156
0.206577
0.207314
0.207581
0.207498
0.207148
0.206614
0.206075
0.20578
0.205699
0.188664
0.188681
0.1889
0.18959
0.190683
0.191998
0.193536
0.19534
0.197428
0.199793
0.202235
0.204161
0.205334
0.205921
0.206115
0.206032
0.205754
0.205429
0.205266
0.205227
0.184925
0.18493
0.185095
0.18566
0.186633
0.187885
0.189423
0.191335
0.193685
0.196499
0.199514
0.202005
0.20368
0.20472
0.205299
0.205571
0.205626
0.205577
0.20556
0.205545
0.180685
0.1807
0.180843
0.181325
0.182212
0.183449
0.185074
0.187158
0.189828
0.193146
0.196865
0.200114
0.202416
0.203987
0.205028
0.205699
0.20608
0.206299
0.206397
0.206394
0.175649
0.175662
0.175831
0.17631
0.177216
0.178539
0.180349
0.182786
0.18599
0.19004
0.194651
0.198746
0.201736
0.203859
0.205353
0.206378
0.207064
0.207487
0.207653
0.207653
0.169518
0.169531
0.169734
0.170287
0.171301
0.172812
0.174945
0.177849
0.181727
0.186697
0.192429
0.197586
0.201429
0.204214
0.20617
0.207579
0.208565
0.209147
0.209363
0.209371
0.162108
0.162118
0.162353
0.16305
0.164298
0.166163
0.168788
0.172397
0.177208
0.18338
0.1905
0.196934
0.201723
0.205165
0.207702
0.20953
0.210772
0.211471
0.211736
0.211759
0.153281
0.153286
0.153561
0.154428
0.156025
0.158399
0.161708
0.166222
0.172226
0.179902
0.188741
0.19673
0.20269
0.207034
0.210182
0.212431
0.213919
0.214758
0.215095
0.215134
0.142797
0.142798
0.143128
0.14419
0.146261
0.149257
0.153485
0.159189
0.166724
0.176285
0.187235
0.197097
0.204476
0.209857
0.213727
0.216479
0.218271
0.219294
0.219724
0.219779
0.130238
0.13024
0.130651
0.131985
0.134598
0.13845
0.143822
0.151065
0.160551
0.172487
0.186025
0.19814
0.20719
0.213796
0.218556
0.2219
0.224109
0.225383
0.225917
0.22598
0.114814
0.114819
0.115351
0.11706
0.120359
0.125383
0.132283
0.14156
0.153594
0.168518
0.185203
0.199992
0.211002
0.219049
0.224836
0.22891
0.231629
0.233217
0.233866
0.233935
0.0953369
0.0953469
0.0960796
0.0983967
0.102789
0.109369
0.118419
0.130463
0.145809
0.164454
0.184912
0.202823
0.216085
0.225773
0.232761
0.237706
0.24104
0.242992
0.243773
0.243844
0.0699938
0.0700183
0.0711063
0.0744532
0.0806101
0.0896089
0.101787
0.117617
0.137244
0.160458
0.185341
0.206801
0.222598
0.234144
0.242515
0.248494
0.252563
0.254938
0.255862
0.255928
0.0357117
0.0357736
0.0376005
0.0429589
0.0522713
0.0652198
0.0820666
0.103079
0.128143
0.156802
0.186713
0.212088
0.230656
0.244256
0.254199
0.261396
0.266346
0.269223
0.270297
0.270346
-0.0133789
-0.0130361
-0.0089128
0.00106498
0.0163857
0.0357993
0.0594597
0.0872985
0.118977
0.153867
0.189269
0.218799
0.240289
0.256087
0.267776
0.276389
0.282424
0.285931
0.287179
0.287188
-0.0850843
-0.0824743
-0.0706375
-0.0508663
-0.0258304
0.00278405
0.0351212
0.0710562
0.110227
0.151999
0.1934
0.227525
0.252353
0.270765
0.284643
0.29518
0.302802
0.307394
0.30913
0.309272
-0.161538
-0.154608
-0.133586
-0.103544
-0.0684639
-0.0304354
0.0106917
0.0548767
0.10187
0.151143
0.199526
0.239409
0.268655
0.290644
0.307548
0.320754
0.330663
0.33685
0.339598
0.34004
-0.225313
-0.218371
-0.190515
-0.152164
-0.108586
-0.0619768
-0.0125113
0.0396467
0.0942131
0.150688
0.205663
0.250809
0.283954
0.309013
0.328401
0.343539
0.354979
0.362712
0.365483
0.365876
-0.277077
-0.269707
-0.238167
-0.194008
-0.144065
-0.0905389
-0.0339804
0.0252813
0.0868054
0.149965
0.210991
0.260808
0.29723
0.32466
0.345799
0.362323
0.374817
0.383278
0.386218
0.386846
-0.319849
-0.312228
-0.278318
-0.229983
-0.174996
-0.1159
-0.0534415
0.0119379
0.0796206
0.148821
0.215293
0.269172
0.308271
0.337521
0.359935
0.377365
0.390469
0.399196
0.402686
0.403445
-0.356353
-0.348587
-0.313085
-0.261561
-0.202424
-0.138701
-0.0712042
-0.000501919
0.072643
0.147271
0.21865
0.276109
0.31744
0.348075
0.37133
0.389234
0.402634
0.411482
0.415253
0.416029
-0.388549
-0.380704
-0.344076
-0.289885
-0.227321
-0.159645
-0.0877612
-0.0123547
0.0657083
0.145292
0.221205
0.281941
0.325242
0.357009
0.380846
0.398967
0.412437
0.421234
0.425148
0.425956
-0.417853
-0.409921
-0.37238
-0.315926
-0.250466
-0.17936
-0.103604
-0.023967
0.0585963
0.142805
0.223007
0.286898
0.332097
0.364897
0.389233
0.407536
0.421039
0.429787
0.433787
0.434629
-0.445113
-0.437101
-0.398734
-0.340368
-0.272399
-0.198272
-0.119076
-0.0356136
0.0510982
0.139674
0.224058
0.291069
0.33817
0.372064
0.396964
0.415511
0.429061
0.437737
0.441684
0.442646
-0.470994
-0.462874
-0.423782
-0.363791
-0.293499
-0.216689
-0.134426
-0.0474915
0.0430602
0.135785
0.22427
0.294493
0.343666
0.378819
0.404406
0.423277
0.436931
0.445574
0.449417
0.4504
-0.495876
-0.487621
-0.447826
-0.386382
-0.314042
-0.234845
-0.149816
-0.0597252
0.0343749
0.131046
0.223628
0.29727
0.348738
0.385327
0.41177
0.431103
0.444954
0.45361
0.457334
0.458209
-0.520035
-0.511615
-0.471121
-0.40835
-0.33419
-0.252861
-0.165345
-0.0723958
0.024991
0.125439
0.222128
0.299342
0.353357
0.391642
0.419139
0.439083
0.453222
0.461911
0.465527
0.466241
-0.543564
-0.534935
-0.493918
-0.429825
-0.354034
-0.270801
-0.181063
-0.0855205
0.0148911
0.11891
0.219631
0.300603
0.357475
0.397757
0.426536
0.447241
0.461742
0.470459
0.473959
0.474517
-0.566555
-0.557767
-0.516125
-0.450865
-0.373614
-0.288685
-0.196961
-0.0990971
0.00406218
0.111392
0.21606
0.300961
0.361012
0.403623
0.43394
0.45556
0.470479
0.479191
0.482513
0.482936
-0.589036
-0.580092
-0.537775
-0.471469
-0.39292
-0.306482
-0.213006
-0.113093
-0.0074906
0.102888
0.211359
0.300276
0.363815
0.40915
0.441323
0.464025
0.479388
0.488026
0.491088
0.491359
-0.611006
-0.601876
-0.558917
-0.491631
-0.411917
-0.324152
-0.229152
-0.127449
-0.019687
0.0934457
0.205476
0.298414
0.365698
0.41419
0.448646
0.472648
0.488418
0.496844
0.499552
0.499665
-0.632378
-0.623087
-0.57948
-0.511311
-0.430555
-0.341638
-0.245312
-0.142073
-0.032438
0.0830987
0.198382
0.295244
0.36645
0.418537
0.455849
0.481534
0.497649
0.505549
0.507711
0.50765
-0.653124
-0.643651
-0.59942
-0.530457
-0.448777
-0.358859
-0.261408
-0.156868
-0.0456619
0.0719355
0.190088
0.290654
0.365834
0.421894
0.46278
0.490872
0.507431
0.514244
0.515392
0.515102
-0.6732
-0.663549
-0.618717
-0.549023
-0.466532
-0.37574
-0.277348
-0.171735
-0.0592484
0.0600519
0.180657
0.284574
0.363627
0.423856
0.469062
0.500784
0.518599
0.523739
0.522719
0.521842
-0.692564
-0.68273
-0.637331
-0.566963
-0.483751
-0.392228
-0.293049
-0.186579
-0.073073
0.0475736
0.170165
0.276964
0.359656
0.423946
0.473957
0.510875
0.532126
0.536623
0.531921
0.528705
-0.711226
-0.701228
-0.655253
-0.584277
-0.500459
-0.408341
-0.308536
-0.201432
-0.0871667
0.0344639
0.158553
0.267627
0.353657
0.421658
0.476297
0.519726
0.54765
0.556447
0.550072
0.532283
-0.729217
-0.71902
-0.672602
-0.60113
-0.516884
-0.424392
-0.324183
-0.216759
-0.102086
0.0200714
0.145114
0.255793
0.34477
0.41619
0.473966
0.523537
0.559271
0.568184
0.566237
0.518871
-0.746817
-0.735713
-0.689318
-0.617394
-0.53293
-0.440283
-0.33981
-0.232332
-0.117585
0.00464369
0.130008
0.241479
0.332455
0.407144
0.46484
0.514044
0.550648
0.562925
0.513587
0.447306
-0.76496
-0.750388
-0.705225
-0.632998
-0.548891
-0.45619
-0.355663
-0.248143
-0.133665
-0.0118124
0.113156
0.224542
0.315749
0.39475
0.448963
0.478836
0.508775
0.490764
0.425297
0.354763
-0.782693
-0.785364
-0.724169
-0.645566
-0.56198
-0.469407
-0.371167
-0.263557
-0.149621
-0.0285454
0.0951835
0.205379
0.294671
0.38147
0.412539
0.401334
0.419871
0.368741
0.295621
0.220314
-0.758254
-0.757224
-0.700081
-0.622865
-0.534598
-0.43861
-0.335852
-0.225963
-0.109633
0.0138796
0.130506
0.226966
0.305627
0.389622
0.422444
0.3252
0.244059
0.179774
0.104515
-0.0524714
-0.798249
-0.772653
-0.71279
-0.634842
-0.546753
-0.45118
-0.349073
-0.239977
-0.124863
-0.00333091
0.110098
0.202737
0.274141
0.329103
0.305432
0.179543
0.0545572
-0.0301202
-0.118456
-0.297254
-0.821815
-0.791389
-0.730901
-0.652989
-0.565102
-0.469828
-0.367705
-0.259557
-0.14601
-0.0270884
0.082471
0.169787
0.23227
0.25602
0.181077
0.00797407
-0.141607
-0.252214
-0.375144
-0.630157
-0.844682
-0.811841
-0.750295
-0.671736
-0.583803
-0.488669
-0.387014
-0.279958
-0.168191
-0.05225
0.0526729
0.133675
0.184312
0.174682
0.0351748
-0.168396
-0.358017
-0.515743
-0.694272
-1.11405
-0.866347
-0.83277
-0.770271
-0.69094
-0.602864
-0.507932
-0.406994
-0.301133
-0.191321
-0.078672
0.0210062
0.0951414
0.129948
0.0845384
-0.107567
-0.336885
-0.5756
-0.789113
-1.06248
-1.76896
-0.8876
-0.854154
-0.791047
-0.711172
-0.622931
-0.528224
-0.427981
-0.32338
-0.215697
-0.106609
-0.0125354
0.0537999
0.0707598
-0.0156836
-0.239459
-0.47921
-0.728014
-0.964259
-1.16976
-1.99244
-0.909529
-0.8762
-0.812831
-0.732647
-0.644282
-0.549771
-0.450185
-0.346858
-0.241416
-0.136088
-0.0478183
0.00979621
0.00713479
-0.132458
-0.352324
-0.583039
-0.801478
-0.954797
-0.98754
-1.04406
-0.93253
-0.899393
-0.835885
-0.755625
-0.667291
-0.573119
-0.474346
-0.372549
-0.269726
-0.168747
-0.0867624
-0.0395892
-0.067836
-0.242859
-0.45385
-0.658722
-0.825863
-0.909632
-0.927071
-0.936204
-0.956914
-0.923814
-0.860275
-0.780042
-0.691881
-0.598204
-0.50047
-0.400484
-0.300656
-0.204607
-0.129344
-0.0949317
-0.145717
-0.34557
-0.547211
-0.728983
-0.859237
-0.89421
-0.899839
-0.900258
-0.982725
-0.949526
-0.886008
-0.805827
-0.717959
-0.624959
-0.528471
-0.430572
-0.334136
-0.243539
-0.175679
-0.154499
-0.228347
-0.442903
-0.634151
-0.794827
-0.862485
-0.879643
-0.884076
-0.884278
-1.0098
-0.976428
-0.912994
-0.832909
-0.74544
-0.653268
-0.558228
-0.462697
-0.370014
-0.285337
-0.22563
-0.214892
-0.329413
-0.535627
-0.713284
-0.844634
-0.881747
-0.876877
-0.876931
-0.876668
-1.03764
-1.0042
-0.940965
-0.861065
-0.774112
-0.682927
-0.589534
-0.496637
-0.408027
-0.329683
-0.278236
-0.284095
-0.431883
-0.62797
-0.781329
-0.866149
-0.872665
-0.875894
-0.876457
-0.876347
-1.0659
-1.03254
-0.96947
-0.889944
-0.803637
-0.713591
-0.62203
-0.531976
-0.447729
-0.376047
-0.332642
-0.357184
-0.531521
-0.72048
-0.852563
-0.864532
-0.88293
-0.880378
-0.87696
-0.876284
-1.09366
-1.06085
-0.997985
-0.919022
-0.833493
-0.744738
-0.655187
-0.568121
-0.488429
-0.423473
-0.388386
-0.429259
-0.628453
-0.827012
-0.932572
-0.940194
-0.920586
-0.902525
-0.89429
-0.890341
-1.12022
-1.08803
-1.02595
-0.947567
-0.862988
-0.775667
-0.688252
-0.604245
-0.529084
-0.470777
-0.444769
-0.500871
-0.711661
-0.947914
-1.07521
-1.00947
-0.989695
-0.970172
-0.957576
-0.950711
-1.14421
-1.11302
-1.05198
-0.974699
-0.891211
-0.805469
-0.720219
-0.639285
-0.568323
-0.516653
-0.498919
-0.56674
-0.776573
-1.02563
-1.36874
-1.25969
-1.14965
-1.11441
-1.09889
-1.0873
-1.16425
-1.13462
-1.07487
-0.999151
-0.917104
-0.83301
-0.749832
-0.671828
-0.60457
-0.559106
-0.546558
-0.621078
-0.808865
-0.920835
-1.19186
-1.19183
-1.27071
-1.28861
-1.27053
-1.26142
-1.17878
-1.15117
-1.09347
-1.0196
-0.939307
-0.857035
-0.775868
-0.700092
-0.636176
-0.594428
-0.588177
-0.668957
-0.804273
-0.598121
-0.0903015
-0.624507
-1.16159
-1.30574
-1.30984
-1.31086
-1.18626
-1.16105
-1.10629
-1.03477
-0.956449
-0.876051
-0.796624
-0.722329
-0.660304
-0.620847
-0.62863
-0.747547
-1.02357
-1.16035
-1.23317
-1.62368
-1.69094
-1.56037
-1.44906
-1.4658
-1.18515
-1.16318
-1.11218
-1.04338
-0.967339
-0.888749
-0.810578
-0.736756
-0.673992
-0.635737
-0.646442
-0.846756
-1.49366
-2.61045
-3.49385
-3.90901
-3.7175
-3.19604
-2.71643
-2.51327
-1.17291
-1.15572
-1.11032
-1.04462
-0.971131
-0.894184
-0.81648
-0.741754
-0.675461
-0.629775
-0.635421
-0.832522
-1.53664
-2.50846
-3.39941
-3.71712
-3.53905
-3.15001
-2.73514
-2.60371
-1.15054
-1.13782
-1.09973
-1.03857
-0.967694
-0.892067
-0.814019
-0.736233
-0.663761
-0.60108
-0.577111
-0.600973
-0.846938
-1.00639
-1.05714
-0.905318
-0.610071
-0.334722
-0.137039
-0.0295917
-1.12028
-1.11163
-1.08187
-1.02625
-0.957871
-0.883293
-0.803902
-0.722112
-0.638384
-0.556803
-0.470749
-0.36523
-0.144596
0.303635
0.878791
1.43587
1.85666
2.11877
2.24418
2.28173
-1.08549
-1.08013
-1.05859
-1.01016
-0.9441
-0.869785
-0.789
-0.70248
-0.609863
-0.509091
-0.398209
-0.281948
0.0138431
0.637514
1.32703
1.92285
2.34207
2.57783
2.67862
2.70373
-1.05044
-1.04755
-1.03352
-0.992513
-0.929249
-0.854605
-0.772458
-0.683546
-0.587949
-0.479002
-0.372315
-0.261609
-0.0921575
0.417086
0.978225
1.45071
1.79198
1.99543
2.09574
2.12944
-1.01867
-1.0179
-1.01148
-0.977885
-0.915482
-0.839152
-0.756629
-0.66891
-0.574341
-0.470389
-0.371747
-0.281953
-0.192874
0.117158
0.522938
0.845447
1.08418
1.22773
1.30235
1.33293
-0.990254
-0.991677
-0.988991
-0.958493
-0.89549
-0.818805
-0.739007
-0.656129
-0.567932
-0.471528
-0.379572
-0.306013
-0.246161
-0.0516909
0.2253
0.457499
0.629531
0.735234
0.785264
0.798972
-0.934201
-0.937168
-0.935881
-0.909539
-0.85283
-0.784582
-0.7138
-0.640704
-0.562243
-0.475287
-0.389357
-0.319346
-0.254999
-0.140622
0.035712
0.185609
0.295919
0.362837
0.394875
0.403427
-0.833909
-0.835683
-0.833693
-0.816434
-0.779202
-0.730955
-0.677701
-0.619533
-0.554176
-0.478881
-0.40305
-0.336762
-0.26933
-0.196611
-0.088127
0.00399028
0.0721994
0.114869
0.132669
0.134059
-0.725304
-0.725582
-0.724163
-0.716444
-0.699023
-0.672585
-0.638629
-0.596751
-0.545298
-0.482456
-0.417115
-0.36087
-0.307831
-0.26393
-0.203251
-0.137302
-0.0873601
-0.0569943
-0.0431582
-0.0426643
-0.649185
-0.648707
-0.648127
-0.646433
-0.639989
-0.62736
-0.607428
-0.578408
-0.538064
-0.48585
-0.432909
-0.393383
-0.366461
-0.339649
-0.297382
-0.247332
-0.207412
-0.182416
-0.171256
-0.172052
-0.611254
-0.610688
-0.610272
-0.610161
-0.607699
-0.600927
-0.588313
-0.567294
-0.534976
-0.48923
-0.444468
-0.422809
-0.432222
-0.429515
-0.379498
-0.328067
-0.291499
-0.272432
-0.265369
-0.266718
-0.602926
-0.6022
-0.601397
-0.600877
-0.59902
-0.594091
-0.584629
-0.567924
-0.539003
-0.494826
-0.447219
-0.424275
-0.438551
-0.4405
-0.401734
-0.365272
-0.341553
-0.329547
-0.325698
-0.326082
-0.617693
-0.616789
-0.615704
-0.614732
-0.612671
-0.608237
-0.600272
-0.586121
-0.559322
-0.511288
-0.452132
-0.406562
-0.393791
-0.391306
-0.373657
-0.353331
-0.341571
-0.335805
-0.333087
-0.333916
-0.652121
-0.651097
-0.650077
-0.649198
-0.647689
-0.644932
-0.640348
-0.631585
-0.610592
-0.563725
-0.48949
-0.406733
-0.360524
-0.355232
-0.351259
-0.338831
-0.324852
-0.314055
-0.310939
-0.31254
-0.701243
-0.700614
-0.700302
-0.70057
-0.701618
-0.704168
-0.709047
-0.715819
-0.718345
-0.696577
-0.614709
-0.489663
-0.410224
-0.388313
-0.371656
-0.341374
-0.308243
-0.28235
-0.275129
-0.278233
-0.75832
-0.75836
-0.759458
-0.762377
-0.768969
-0.78227
-0.80675
-0.84881
-0.912509
-0.964338
-0.883648
-0.69762
-0.568315
-0.519491
-0.460882
-0.384547
-0.314415
-0.274364
-0.269906
-0.272724
-0.810905
-0.812059
-0.815366
-0.822547
-0.837663
-0.867237
-0.922632
-1.02502
-1.19807
-1.38915
-1.31476
-1.02689
-0.817821
-0.724091
-0.60516
-0.475316
-0.369605
-0.319027
-0.322508
-0.326152
-0.842287
-0.844767
-0.850526
-0.862551
-0.887151
-0.934739
-1.0259
-1.20163
-1.512
-1.87746
-1.83647
-1.4149
-1.11661
-0.95579
-0.789977
-0.628374
-0.517253
-0.475308
-0.476272
-0.483006
-0.835189
-0.838547
-0.846072
-0.86191
-0.894485
-0.952474
-1.07045
-1.30008
-1.713
-2.20361
-2.26448
-1.73271
-1.36858
-1.18726
-1.00753
-0.879267
-0.801469
-0.780561
-0.77343
-0.775395
-0.778637
-0.782144
-0.789772
-0.805707
-0.838198
-0.900848
-1.02188
-1.25891
-1.68302
-2.17872
-2.24122
-1.79984
-1.48716
-1.31831
-1.2003
-1.15215
-1.11479
-1.08665
-1.06997
-1.06542
-0.675698
-0.67858
-0.68479
-0.69798
-0.725374
-0.778462
-0.880967
-1.08147
-1.43912
-1.82521
-1.84267
-1.57398
-1.38834
-1.2878
-1.27447
-1.28226
-1.25835
-1.22825
-1.20861
-1.20091
-0.542832
-0.544533
-0.548255
-0.556752
-0.575204
-0.611605
-0.682293
-0.821317
-1.07676
-1.35572
-1.3757
-1.25206
-1.15916
-1.09555
-1.1466
-1.198
-1.17696
-1.15425
-1.13983
-1.13365
-0.402277
-0.402741
-0.403967
-0.407625
-0.416739
-0.435673
-0.473238
-0.548348
-0.695022
-0.883826
-0.926424
-0.876217
-0.797489
-0.80833
-0.901243
-0.952751
-0.944474
-0.933274
-0.926196
-0.922423
-0.27414
-0.27369
-0.273159
-0.273237
-0.275232
-0.280627
-0.292431
-0.317277
-0.36977
-0.458913
-0.485609
-0.456829
-0.437294
-0.510021
-0.614924
-0.655478
-0.660776
-0.661077
-0.661188
-0.660303
-0.170887
-0.169996
-0.168631
-0.166916
-0.165006
-0.162673
-0.159696
-0.15572
-0.149751
-0.133101
-0.134616
-0.144924
-0.214053
-0.309558
-0.377258
-0.406276
-0.416509
-0.422066
-0.425604
-0.426412
-0.0962645
-0.0953182
-0.0938611
-0.0918167
-0.0887438
-0.0837437
-0.0756044
-0.0623111
-0.0406811
-0.00831305
0.0112033
-0.0236757
-0.104634
-0.173521
-0.216657
-0.234194
-0.2448
-0.250792
-0.254717
-0.255948
-0.0476282
-0.0468443
-0.0456778
-0.0440693
-0.0414142
-0.0367161
-0.0288432
-0.0162284
0.00270283
0.0260121
0.0333256
0.00379309
-0.0488389
-0.0919715
-0.118796
-0.132344
-0.139125
-0.14316
-0.145941
-0.146893
-0.019294
-0.0187393
-0.017955
-0.0170155
-0.0153133
-0.0120293
-0.00636983
0.00252031
0.0149328
0.0277923
0.0278718
0.00729783
-0.0232146
-0.0483665
-0.0643508
-0.0726394
-0.0765525
-0.0788496
-0.0804762
-0.0810556
-0.00518339
-0.00484293
-0.00442358
-0.00407229
-0.00328876
-0.00148691
0.00180086
0.00693117
0.0137053
0.0197025
0.0175967
0.00518604
-0.0109614
-0.0241639
-0.0326026
-0.036897
-0.0387976
-0.0398647
-0.0406712
-0.0409743
-0.000152233
-7.69714e-05
0.000107295
0.000156361
0.000220878
0.00061339
0.00157606
0.00324151
0.00561884
0.00819747
0.00887026
0.0052648
-0.000695799
-0.00639247
-0.0104167
-0.0127744
-0.013885
-0.0142056
-0.0144576
-0.014744
-1.29794
-0.682158
-0.332665
-0.0903464
0.0972128
0.243494
0.363764
0.468173
0.586355
0.57934
-0.428242
-0.25459
-0.0694811
0.0874434
0.217607
0.324582
0.413289
0.480803
0.509553
0.513672
-0.118351
-0.00474825
0.117068
0.223437
0.31452
0.390749
0.45157
0.4945
0.521291
0.537832
0.0939706
0.17141
0.254976
0.329983
0.395008
0.449611
0.493412
0.526891
0.552562
0.570835
0.250106
0.306019
0.364568
0.419709
0.467914
0.509216
0.543687
0.57176
0.594664
0.612768
0.373272
0.414343
0.459065
0.501618
0.539855
0.573461
0.602427
0.626598
0.646494
0.664152
0.476744
0.509172
0.547039
0.582433
0.615283
0.644816
0.670535
0.692003
0.70921
0.726533
0.569968
0.599827
0.634825
0.66781
0.698572
0.726334
0.750367
0.770061
0.784858
0.801992
0.662685
0.69452
0.730558
0.764016
0.794591
0.821683
0.844668
0.862991
0.875816
0.893097
0.767741
0.80386
0.842395
0.877073
0.9075
0.933545
0.955074
0.971913
0.983661
1.00153
0.897889
0.937082
0.975535
1.00894
1.03714
1.06092
1.08071
1.09636
1.10828
1.12656
1.05929
1.09591
1.12794
1.15482
1.17779
1.19842
1.21713
1.23325
1.24703
1.26492
1.24418
1.26949
1.28956
1.30815
1.32588
1.3427
1.35863
1.37468
1.39185
1.411
1.43117
1.44211
1.4549
1.46951
1.48316
1.49528
1.50625
1.51764
1.53307
1.55252
1.61315
1.62666
1.63175
1.63275
1.63474
1.64217
1.65594
1.67357
1.68734
1.69869
1.8821
1.83155
1.7841
1.75255
1.73956
1.74413
1.76737
1.81245
1.87915
1.97328
0.314536
0.311525
0.305462
0.294532
0.282034
0.270712
0.261632
0.254834
0.250297
0.248284
0.249367
0.253206
0.259243
0.26743
0.277857
0.29012
0.302434
0.31112
0.315626
0.317779
0.242843
0.249494
0.254746
0.25836
0.259468
0.257823
0.254348
0.250513
0.247454
0.246022
0.246945
0.249827
0.253785
0.257905
0.260853
0.261322
0.258956
0.254539
0.248222
0.242391
0.232756
0.23572
0.239089
0.241584
0.243346
0.244523
0.244728
0.24394
0.242798
0.24221
0.242902
0.244473
0.245992
0.246656
0.246142
0.24481
0.242846
0.239926
0.236563
0.234272
0.226732
0.22816
0.230387
0.232674
0.234406
0.235601
0.236473
0.237011
0.237195
0.237361
0.23786
0.238426
0.238597
0.238249
0.237504
0.236262
0.234366
0.232073
0.230284
0.2292
0.22141
0.222234
0.223728
0.225541
0.227315
0.228809
0.229939
0.230832
0.231575
0.232181
0.232618
0.232752
0.232545
0.231999
0.231019
0.229594
0.227947
0.226326
0.225257
0.224596
0.216424
0.216984
0.218109
0.21958
0.221149
0.222703
0.224118
0.225299
0.226288
0.227113
0.227602
0.227661
0.22732
0.226561
0.225451
0.224167
0.222832
0.221623
0.220874
0.220416
0.211657
0.212074
0.213002
0.214312
0.215737
0.217223
0.218727
0.220152
0.221397
0.22241
0.223008
0.223058
0.222612
0.221796
0.220775
0.219665
0.218529
0.217539
0.216966
0.216628
0.207099
0.207423
0.208214
0.209406
0.210767
0.212203
0.213692
0.215197
0.216624
0.217847
0.21859
0.218712
0.218337
0.217646
0.216774
0.2158
0.214808
0.213987
0.213536
0.213279
0.202693
0.202945
0.203637
0.204759
0.206083
0.207491
0.208971
0.210523
0.212103
0.213564
0.214494
0.214755
0.214549
0.214041
0.213329
0.212491
0.211622
0.210924
0.210569
0.210376
0.198447
0.198643
0.199261
0.200351
0.201668
0.203114
0.20468
0.206318
0.207989
0.209616
0.210848
0.211435
0.211477
0.211113
0.210509
0.209789
0.209015
0.208417
0.208141
0.207998
0.194345
0.194488
0.195051
0.196127
0.197452
0.198896
0.200476
0.202248
0.20418
0.20614
0.207687
0.20852
0.208782
0.208668
0.208286
0.207712
0.207043
0.206535
0.206332
0.206238
0.190511
0.190609
0.191088
0.192063
0.193304
0.194715
0.196315
0.198142
0.20021
0.202482
0.204476
0.205791
0.206484
0.206718
0.206615
0.206292
0.205854
0.205508
0.205386
0.20533
0.186818
0.186884
0.187273
0.188137
0.189313
0.190727
0.19242
0.194474
0.196899
0.199644
0.202161
0.203916
0.204957
0.205507
0.205715
0.205693
0.20552
0.205372
0.20533
0.205292
0.182887
0.182949
0.183254
0.18398
0.185059
0.186435
0.188189
0.190402
0.193158
0.196451
0.19964
0.202041
0.203696
0.204722
0.205342
0.205701
0.205854
0.205925
0.205946
0.205908
0.178285
0.178351
0.178643
0.179321
0.180407
0.181872
0.183828
0.186408
0.189697
0.193721
0.197726
0.200846
0.203035
0.204557
0.205593
0.206277
0.206719
0.206954
0.20701
0.206965
0.172735
0.172808
0.173145
0.173867
0.175034
0.176681
0.178953
0.182005
0.185994
0.190958
0.195974
0.199946
0.202835
0.204896
0.206341
0.207372
0.208066
0.208412
0.208489
0.208437
0.165982
0.166064
0.166472
0.167343
0.168716
0.170693
0.173454
0.177208
0.182121
0.188262
0.194515
0.199519
0.203197
0.205807
0.207663
0.20904
0.209963
0.2104
0.210506
0.210451
0.15787
0.157958
0.158459
0.15957
0.161308
0.163784
0.167234
0.171911
0.178026
0.185656
0.193425
0.199649
0.204209
0.207519
0.209918
0.211634
0.212706
0.213218
0.213359
0.213301
0.148245
0.148344
0.148957
0.150375
0.152574
0.155724
0.160094
0.165958
0.173585
0.183067
0.192689
0.200401
0.206089
0.210195
0.213159
0.215204
0.216507
0.217147
0.217338
0.217274
0.13678
0.136904
0.137679
0.139427
0.142284
0.146276
0.151815
0.159216
0.168772
0.18055
0.192427
0.201927
0.208927
0.213998
0.217631
0.220117
0.2217
0.222508
0.222748
0.222673
0.122875
0.12305
0.124055
0.126259
0.129863
0.135059
0.142108
0.151499
0.163503
0.178123
0.192717
0.204326
0.212881
0.219089
0.223509
0.226561
0.228516
0.229527
0.229817
0.229725
0.10554
0.105811
0.107188
0.110074
0.11469
0.121412
0.130577
0.142611
0.157751
0.175874
0.193707
0.207786
0.218145
0.225654
0.231015
0.234743
0.237151
0.238382
0.238723
0.238608
0.0833251
0.083769
0.0857342
0.0896508
0.0958749
0.104825
0.116905
0.132463
0.151584
0.173948
0.195561
0.21246
0.224865
0.233874
0.240337
0.244876
0.247831
0.249325
0.249719
0.249574
0.0538602
0.0546554
0.0576794
0.0633924
0.0722665
0.0846636
0.100898
0.121125
0.145196
0.172565
0.19847
0.21851
0.23319
0.243896
0.251641
0.257139
0.260729
0.262514
0.262961
0.26278
0.0129781
0.01459
0.0199299
0.0292044
0.0427178
0.060527
0.0826274
0.108893
0.138937
0.172019
0.202626
0.226041
0.243176
0.255758
0.264977
0.271633
0.27599
0.27809
0.278568
0.278346
-0.0469389
-0.042022
-0.0309148
-0.0146073
0.00691718
0.0328183
0.0627432
0.0964097
0.133306
0.172613
0.208158
0.235062
0.254744
0.269313
0.280156
0.288108
0.293395
0.295872
0.296381
0.296128
-0.118661
-0.110015
-0.0896384
-0.0626872
-0.0311704
0.00385018
0.0422558
0.0838733
0.128268
0.174731
0.216371
0.247947
0.271302
0.288878
0.302221
0.312265
0.319024
0.321953
0.322439
0.322441
-0.190665
-0.17573
-0.146253
-0.109297
-0.0683238
-0.0243339
0.0225309
0.0721298
0.124085
0.177774
0.225635
0.26198
0.28906
0.309746
0.325798
0.338148
0.34612
0.349579
0.350875
0.351064
-0.248976
-0.230394
-0.19527
-0.151011
-0.102375
-0.0506034
0.00393573
0.0609791
0.120085
0.180581
0.234137
0.274677
0.304874
0.32794
0.345834
0.359532
0.368833
0.373472
0.375251
0.375507
-0.296572
-0.276038
-0.236654
-0.187022
-0.132421
-0.0743243
-0.013234
0.0504044
0.115981
0.182697
0.241364
0.285478
0.318135
0.342965
0.362185
0.376947
0.387237
0.392505
0.394517
0.39476
-0.336413
-0.314849
-0.272301
-0.218448
-0.158982
-0.0956385
-0.028969
0.0404311
0.111787
0.184091
0.247292
0.294448
0.329066
0.355181
0.375259
0.390647
0.401405
0.407166
0.409245
0.409478
-0.371024
-0.348779
-0.30373
-0.246438
-0.182961
-0.115126
-0.0436004
0.0308973
0.107449
0.184835
0.252144
0.301968
0.338202
0.365249
0.385823
0.401444
0.412371
0.418264
0.42039
0.420611
-0.401951
-0.379241
-0.332205
-0.272021
-0.205117
-0.13338
-0.0575621
0.0215264
0.102837
0.184959
0.256114
0.308422
0.346115
0.373928
0.39484
0.410544
0.421521
0.427483
0.429546
0.42977
-0.430348
-0.407292
-0.358568
-0.295919
-0.226052
-0.150877
-0.0712182
0.0120502
0.0977822
0.184396
0.259312
0.314062
0.353155
0.381721
0.402984
0.418818
0.429803
0.43586
0.437816
0.437896
-0.457082
-0.433592
-0.38344
-0.318664
-0.246151
-0.167934
-0.0848303
0.00225927
0.0921273
0.183072
0.261701
0.318964
0.359585
0.38902
0.410712
0.426717
0.437728
0.443791
0.445684
0.445675
-0.482588
-0.458662
-0.407297
-0.340591
-0.265725
-0.184795
-0.0985814
-0.0079883
0.0857563
0.180881
0.263296
0.323278
0.365637
0.396087
0.418336
0.434612
0.445713
0.451705
0.453582
0.453542
-0.50721
-0.482844
-0.430392
-0.36192
-0.284969
-0.201605
-0.112578
-0.0187829
0.0785911
0.177814
0.26414
0.327042
0.371354
0.403037
0.426011
0.442676
0.453928
0.459847
0.461662
0.461588
-0.531155
-0.506346
-0.452874
-0.382803
-0.303987
-0.218443
-0.126889
-0.0301616
0.070615
0.173816
0.264112
0.330188
0.376746
0.409909
0.43379
0.450961
0.462409
0.46827
0.469955
0.469866
-0.55454
-0.529248
-0.474819
-0.403314
-0.322833
-0.235348
-0.141521
-0.0421317
0.0617945
0.168783
0.263106
0.332631
0.381781
0.416698
0.441677
0.459459
0.471119
0.476888
0.478417
0.47828
-0.577394
-0.551616
-0.496236
-0.423474
-0.341511
-0.252292
-0.15645
-0.0546861
0.0520984
0.162673
0.261036
0.334243
0.386337
0.423352
0.449651
0.468142
0.480014
0.485644
0.486978
0.486758
-0.599682
-0.57345
-0.517165
-0.443264
-0.359984
-0.269247
-0.171637
-0.0677793
0.0415685
0.155483
0.25779
0.334867
0.390277
0.4298
0.457703
0.476985
0.488981
0.494368
0.495467
0.495176
-0.621416
-0.594732
-0.537588
-0.462651
-0.378207
-0.286151
-0.187005
-0.08133
0.0302852
0.147208
0.253287
0.334323
0.39339
0.435928
0.465857
0.486037
0.497979
0.502915
0.503721
0.503365
-0.642503
-0.615382
-0.557446
-0.481591
-0.396125
-0.302919
-0.202464
-0.0952409
0.0183182
0.137881
0.247461
0.332432
0.395421
0.441535
0.474143
0.495509
0.507098
0.511162
0.511537
0.511138
-0.662974
-0.635352
-0.576711
-0.500023
-0.413663
-0.31948
-0.21792
-0.109407
0.00575796
0.127581
0.24028
0.329036
0.39607
0.446282
0.482503
0.505846
0.51689
0.519208
0.51872
0.518327
-0.682693
-0.654643
-0.595333
-0.517896
-0.430765
-0.335754
-0.233292
-0.123741
-0.00726501
0.116412
0.23176
0.324014
0.395015
0.449624
0.490541
0.517475
0.528812
0.528338
0.525394
0.524515
-0.70177
-0.673226
-0.613267
-0.535155
-0.447358
-0.351657
-0.248458
-0.138101
-0.0206132
0.104496
0.221968
0.317282
0.391995
0.450817
0.497216
0.52995
0.544685
0.543184
0.534065
0.515734
-0.720104
-0.691105
-0.630654
-0.551996
-0.463731
-0.367519
-0.263835
-0.152958
-0.0348233
0.0912641
0.210288
0.308132
0.386428
0.448842
0.500641
0.541125
0.563286
0.565087
0.548715
0.560572
-0.737845
-0.708272
-0.647442
-0.568361
-0.479834
-0.383277
-0.279412
-0.168275
-0.049884
0.0766523
0.196586
0.296061
0.377728
0.442595
0.496398
0.542246
0.568181
0.569293
0.50857
0.485356
-0.755558
-0.725295
-0.663383
-0.583841
-0.495193
-0.398499
-0.294987
-0.183794
-0.0655019
0.0608943
0.18096
0.280842
0.365327
0.431912
0.479608
0.52315
0.540565
0.510506
0.438341
0.392733
-0.773869
-0.742891
-0.678032
-0.598148
-0.509423
-0.413053
-0.310203
-0.199343
-0.0815812
0.0440429
0.163364
0.262497
0.347761
0.41792
0.462184
0.469768
0.457496
0.400669
0.325077
0.27818
-0.377759
-0.270382
-0.156768
-0.0362342
0.0863919
0.195183
0.282301
0.132035
-0.793281
-0.774163
-0.737069
-0.669859
-0.586352
-0.494667
-0.395379
-0.2892
-0.17666
-0.0577508
0.0630267
0.169936
0.254746
0.32559
0.376288
0.346128
0.199777
0.108872
0.0378485
-0.80984
-0.796985
-0.753405
-0.684466
-0.600771
-0.509183
-0.410512
-0.304991
-0.193582
-0.0764754
0.0414219
0.144129
0.223241
0.279228
0.279657
0.17581
0.0213201
-0.0926254
-0.1875
-0.83189
-0.819329
-0.772892
-0.702871
-0.619064
-0.52741
-0.428792
-0.323807
-0.213593
-0.0984853
0.0158155
0.113059
0.184384
0.223299
0.179383
0.0128135
-0.168846
-0.316261
-0.445785
-0.85396
-0.841136
-0.793283
-0.722128
-0.637967
-0.546349
-0.448083
-0.343982
-0.235217
-0.122497
-0.0121728
0.0791634
0.142137
0.159092
0.0695614
-0.145178
-0.364918
-0.567442
-0.762279
-0.875045
-0.862784
-0.8142
-0.742059
-0.657523
-0.565934
-0.468144
-0.365041
-0.257878
-0.147836
-0.0418705
0.0429739
0.0966717
0.0781355
-0.0640302
-0.291588
-0.538292
-0.779665
-0.999691
-0.896337
-0.88454
-0.835816
-0.763043
-0.678216
-0.586613
-0.489227
-0.38705
-0.281527
-0.174263
-0.0728078
0.00515443
0.0475018
-0.00365228
-0.187126
-0.413743
-0.655489
-0.889699
-1.03459
-1.08007
-0.918731
-0.907176
-0.858415
-0.785347
-0.700411
-0.608883
-0.511964
-0.410819
-0.307144
-0.203017
-0.106546
-0.0361552
-0.00717174
-0.0802372
-0.300202
-0.515211
-0.722944
-0.888189
-0.939281
-0.968353
-0.942213
-0.931034
-0.882217
-0.809048
-0.724142
-0.632856
-0.536566
-0.436692
-0.335187
-0.234682
-0.143786
-0.0814161
-0.0680812
-0.177549
-0.400863
-0.602552
-0.776829
-0.880906
-0.916009
-0.915578
-0.967147
-0.956121
-0.907308
-0.834111
-0.749337
-0.658436
-0.562979
-0.464619
-0.365612
-0.269189
-0.18454
-0.130319
-0.142768
-0.28496
-0.494626
-0.682821
-0.829562
-0.879229
-0.887332
-0.890392
-0.993433
-0.982399
-0.93374
-0.860479
-0.775925
-0.685546
-0.591111
-0.494495
-0.398314
-0.306403
-0.228606
-0.18253
-0.222717
-0.388855
-0.583355
-0.758952
-0.859309
-0.88054
-0.879036
-0.879413
-1.02081
-1.00974
-0.96129
-0.888011
-0.803755
-0.714046
-0.6208
-0.526165
-0.433129
-0.346135
-0.275505
-0.239332
-0.300173
-0.490318
-0.667294
-0.818321
-0.85766
-0.869224
-0.874733
-0.875695
-1.04874
-1.03772
-0.989473
-0.916422
-0.832567
-0.743658
-0.651782
-0.559338
-0.469721
-0.38795
-0.324789
-0.298853
-0.376532
-0.586635
-0.753332
-0.854215
-0.90296
-0.883022
-0.877587
-0.876428
-1.07652
-1.06581
-1.01788
-0.945231
-0.861931
-0.773954
-0.68362
-0.593549
-0.507562
-0.431251
-0.375912
-0.358099
-0.462851
-0.685938
-0.844106
-0.899355
-0.895032
-0.89188
-0.884284
-0.880613
-1.10338
-1.09313
-1.04595
-0.973778
-0.891225
-0.804336
-0.715695
-0.628143
-0.545848
-0.475147
-0.427691
-0.418369
-0.552737
-0.786195
-0.969297
-0.959801
-0.954399
-0.936027
-0.921686
-0.914544
-1.12853
-1.11856
-1.07278
-1.00122
-0.919657
-0.833997
-0.74717
-0.662218
-0.583534
-0.51838
-0.478419
-0.480766
-0.632753
-0.866768
-1.13431
-1.16355
-1.0926
-1.04181
-1.02194
-1.01118
-1.15046
-1.141
-1.09667
-1.02665
-0.946191
-0.861965
-0.776975
-0.694612
-0.619356
-0.559151
-0.52612
-0.538171
-0.699454
-0.888363
-1.19053
-1.42771
-1.25041
-1.22075
-1.20599
-1.1872
-1.1675
-1.15875
-1.11665
-1.04842
-0.969615
-0.887028
-0.803936
-0.723803
-0.651703
-0.595189
-0.569289
-0.582133
-0.742928
-0.800843
-0.675776
-0.759609
-1.07284
-1.30792
-1.30413
-1.30088
-1.17828
-1.17054
-1.13121
-1.06544
-0.988542
-0.907806
-0.826561
-0.748276
-0.678395
-0.624997
-0.604411
-0.613601
-0.813461
-0.823919
-0.498326
-0.538142
-1.0022
-1.29603
-1.306
-1.33502
-1.18103
-1.1747
-1.139
-1.07634
-1.0017
-0.922915
-0.843382
-0.766413
-0.697212
-0.645509
-0.625468
-0.663209
-1.01105
-1.575
-2.27034
-2.84202
-3.02486
-2.66999
-2.13279
-1.85841
-1.17536
-1.1701
-1.13868
-1.07999
-1.00803
-0.931313
-0.853095
-0.776553
-0.7064
-0.651427
-0.630248
-0.675129
-1.18395
-2.17208
-3.40529
-3.95579
-4.09585
-3.78812
-3.31532
-2.9277
-1.15861
-1.15466
-1.1287
-1.07566
-1.00711
-0.932378
-0.854998
-0.777544
-0.704364
-0.641211
-0.605025
-0.634755
-0.968935
-1.54587
-2.1614
-2.50828
-2.42758
-2.12289
-1.77431
-1.53219
-1.13267
-1.1301
-1.11
-1.06371
-0.999277
-0.926407
-0.8492
-0.769789
-0.690261
-0.616039
-0.547976
-0.507885
-0.472147
-0.365129
-0.0761953
0.27329
0.657339
0.963702
1.14989
1.23922
-1.10024
-1.0987
-1.08525
-1.04603
-0.986234
-0.914835
-0.837359
-0.754937
-0.668974
-0.577435
-0.480694
-0.375623
-0.190278
0.271784
0.930683
1.58554
2.11049
2.43776
2.59375
2.64513
-1.06525
-1.06434
-1.05688
-1.0264
-0.970538
-0.900189
-0.822126
-0.737359
-0.64608
-0.545174
-0.439533
-0.318932
-0.18795
0.236776
0.882397
1.4831
1.95828
2.25639
2.40773
2.46666
-1.03307
-1.03234
-1.02911
-1.00759
-0.955974
-0.885414
-0.806439
-0.720623
-0.628273
-0.528132
-0.420373
-0.321872
-0.227033
0.0201167
0.498348
0.933836
1.27163
1.49562
1.6151
1.66418
-1.00573
-1.00496
-1.00495
-0.990388
-0.941101
-0.869293
-0.789648
-0.705861
-0.617442
-0.521899
-0.42076
-0.333944
-0.258803
-0.132192
0.199778
0.511412
0.753219
0.918363
1.01038
1.05158
-0.968076
-0.969389
-0.971491
-0.959298
-0.91185
-0.841804
-0.765866
-0.688678
-0.607878
-0.52058
-0.428061
-0.347621
-0.278549
-0.197875
0.00737524
0.217816
0.381673
0.49552
0.556667
0.580074
-0.887581
-0.889695
-0.891533
-0.881734
-0.845188
-0.789883
-0.728302
-0.664191
-0.595387
-0.518741
-0.436149
-0.359664
-0.291121
-0.222406
-0.0967339
0.0339494
0.134087
0.203296
0.23946
0.253746
-0.776893
-0.778085
-0.778139
-0.77212
-0.752635
-0.720524
-0.680193
-0.633992
-0.580192
-0.516437
-0.44511
-0.376986
-0.316194
-0.259726
-0.18809
-0.107052
-0.0390961
0.00745813
0.0315599
0.03938
-0.681852
-0.682297
-0.68175
-0.679737
-0.672378
-0.657915
-0.635751
-0.605471
-0.566008
-0.515158
-0.453717
-0.397995
-0.355629
-0.31793
-0.278127
-0.223574
-0.172844
-0.135983
-0.116267
-0.110325
-0.625615
-0.625692
-0.625008
-0.624927
-0.623199
-0.61698
-0.604684
-0.584819
-0.555333
-0.513418
-0.462235
-0.421896
-0.404012
-0.402786
-0.366722
-0.315271
-0.270178
-0.240402
-0.225349
-0.221743
-0.603795
-0.603708
-0.602933
-0.602665
-0.601858
-0.59837
-0.590325
-0.576086
-0.552368
-0.515039
-0.467341
-0.433308
-0.433536
-0.457234
-0.425959
-0.375858
-0.336248
-0.313814
-0.304402
-0.302555
-0.607682
-0.60734
-0.606291
-0.605487
-0.604327
-0.601157
-0.594716
-0.583058
-0.561661
-0.525862
-0.47318
-0.429623
-0.411429
-0.426598
-0.404806
-0.375713
-0.352614
-0.338943
-0.33305
-0.331924
-0.632821
-0.632225
-0.63112
-0.63013
-0.628799
-0.625964
-0.620866
-0.611892
-0.593875
-0.560017
-0.49832
-0.431436
-0.378414
-0.369139
-0.364076
-0.349977
-0.339897
-0.332281
-0.328745
-0.328138
-0.675444
-0.674783
-0.673936
-0.673314
-0.672826
-0.672179
-0.671508
-0.670132
-0.663315
-0.642463
-0.581449
-0.485631
-0.395027
-0.360411
-0.35691
-0.346181
-0.32558
-0.304212
-0.292315
-0.292953
-0.729824
-0.729231
-0.72914
-0.72989
-0.732111
-0.737148
-0.747083
-0.764346
-0.789052
-0.814629
-0.784681
-0.65324
-0.518543
-0.456611
-0.428622
-0.382028
-0.329645
-0.28656
-0.265119
-0.267386
-0.786396
-0.786233
-0.787508
-0.790748
-0.797988
-0.812987
-0.84154
-0.893712
-0.983954
-1.10848
-1.15505
-0.965588
-0.754057
-0.647783
-0.574055
-0.476611
-0.375655
-0.308088
-0.288446
-0.292073
-0.830412
-0.830994
-0.83406
-0.840655
-0.854614
-0.882596
-0.935905
-1.03704
-1.22513
-1.51365
-1.659
-1.4038
-1.07203
-0.898189
-0.769853
-0.613951
-0.476783
-0.389758
-0.374749
-0.381556
-0.844008
-0.845428
-0.850293
-0.860042
-0.880302
-0.919641
-0.996171
-1.14478
-1.42819
-1.87226
-2.15887
-1.83744
-1.39589
-1.15661
-0.986987
-0.814586
-0.685254
-0.62381
-0.613152
-0.615394
-0.812665
-0.814605
-0.820001
-0.831152
-0.854449
-0.899614
-0.987326
-1.15815
-1.48438
-2.0017
-2.35951
-2.0784
-1.60309
-1.34694
-1.18346
-1.06336
-0.990829
-0.956642
-0.938436
-0.931144
-0.731378
-0.733451
-0.738325
-0.748614
-0.770162
-0.812815
-0.894742
-1.05444
-1.3604
-1.82828
-2.11874
-1.89936
-1.56156
-1.39214
-1.28404
-1.24811
-1.2316
-1.1976
-1.1735
-1.16026
-0.610931
-0.612601
-0.616011
-0.623426
-0.639563
-0.672057
-0.734778
-0.857028
-1.09323
-1.45234
-1.64433
-1.50894
-1.34716
-1.23809
-1.2178
-1.2523
-1.25937
-1.22851
-1.20563
-1.19259
-0.47158
-0.472583
-0.474142
-0.477893
-0.487133
-0.506603
-0.544892
-0.620146
-0.768639
-1.013
-1.16364
-1.1183
-1.03282
-0.958979
-0.986822
-1.07647
-1.08307
-1.06438
-1.05024
-1.04229
-0.335335
-0.335694
-0.33567
-0.33634
-0.339501
-0.347357
-0.363796
-0.397068
-0.465106
-0.594131
-0.69907
-0.680393
-0.627134
-0.616997
-0.700972
-0.790204
-0.803771
-0.799559
-0.79557
-0.793064
-0.218831
-0.218744
-0.217732
-0.216609
-0.215875
-0.216005
-0.217718
-0.222588
-0.234105
-0.25725
-0.290096
-0.278653
-0.287787
-0.349077
-0.450844
-0.510345
-0.527011
-0.532343
-0.535376
-0.536808
-0.130009
-0.129707
-0.128368
-0.12667
-0.124352
-0.12096
-0.115764
-0.107537
-0.094001
-0.0706739
-0.0391066
-0.0386325
-0.101719
-0.195174
-0.264827
-0.300981
-0.317382
-0.324954
-0.329898
-0.332623
-0.0690278
-0.068689
-0.067466
-0.0659552
-0.0636383
-0.0597177
-0.0531544
-0.042396
-0.0251819
0.000561831
0.0259369
0.0172322
-0.0373246
-0.10162
-0.146767
-0.170058
-0.181536
-0.187881
-0.192107
-0.194526
-0.0313336
-0.0310513
-0.0301383
-0.0291155
-0.0274669
-0.0244484
-0.0191337
-0.0104183
0.00287214
0.02052
0.0335402
0.0224596
-0.0127082
-0.0514941
-0.0786448
-0.0940103
-0.101532
-0.105426
-0.108061
-0.109619
-0.0108157
-0.0106183
-0.0100371
-0.00950158
-0.00864249
-0.00686106
-0.00346706
0.00216112
0.0104273
0.0203463
0.0254573
0.015936
-0.00489392
-0.0262276
-0.0414663
-0.0501757
-0.0543049
-0.0563303
-0.0577202
-0.0585783
-0.0017848
-0.00166814
-0.00135639
-0.00120084
-0.00097962
-0.000241666
0.00143467
0.00430209
0.00841546
0.0129686
0.0144137
0.00854759
-0.00182851
-0.0119123
-0.0190604
-0.0230949
-0.0249108
-0.0256915
-0.026256
-0.0266524
-0.000144681
1.77703e-05
0.000161419
0.000157332
0.000358227
0.00101469
0.00231535
0.00435193
0.00695089
0.0090044
0.00758995
0.00241911
-0.00370545
-0.00864087
-0.0117818
-0.0134629
-0.0141022
-0.0143154
-0.0146035
-0.00455189
-0.948523
-0.562676
-0.301966
-0.0874212
0.0864925
0.226691
0.340675
0.438077
0.507983
0.506268
-0.377078
-0.199681
-0.0394655
0.098518
0.216776
0.316121
0.398356
0.462256
0.501633
0.516689
-0.0727773
0.0367145
0.14198
0.236833
0.319535
0.390023
0.447837
0.491919
0.523154
0.543664
0.129519
0.2031
0.277139
0.345498
0.405234
0.456603
0.499403
0.533751
0.56097
0.579936
0.280312
0.330095
0.387315
0.437882
0.483227
0.522906
0.55707
0.585693
0.609237
0.625394
0.399997
0.439118
0.483364
0.523061
0.559872
0.593036
0.622256
0.647161
0.667741
0.681051
0.502023
0.535734
0.572643
0.607612
0.640321
0.670349
0.697023
0.719673
0.738022
0.748813
0.596166
0.628259
0.663645
0.697961
0.729824
0.758877
0.784414
0.805732
0.822301
0.831132
0.692829
0.728044
0.765479
0.801547
0.833999
0.862724
0.887299
0.90736
0.92239
0.930529
0.806877
0.847357
0.886872
0.924151
0.956297
0.983659
1.00647
1.02491
1.03874
1.04794
0.951431
0.994491
1.03209
1.06593
1.09414
1.11809
1.13885
1.15637
1.17032
1.18152
1.12946
1.16714
1.19547
1.21988
1.241
1.26039
1.27872
1.29593
1.31189
1.32645
1.32732
1.34841
1.36347
1.37939
1.39574
1.41109
1.42485
1.43816
1.45369
1.47208
1.51828
1.5254
1.53593
1.54752
1.55746
1.56669
1.57701
1.58815
1.5998
1.60868
1.73125
1.73304
1.72514
1.70864
1.69753
1.69702
1.70919
1.73381
1.76795
1.7925
2.15093
1.95704
1.85599
1.79821
1.76911
1.76249
1.77771
1.81854
1.8944
2.03736
-0.757728
-0.762266
-0.723523
-0.654148
-0.570602
-0.478106
0.363911
0.43446
0.435543
0.360163
0.291996
0.218724
-0.0357906
-0.285863
-0.592445
-1.00231
-1.44621
)
;

boundaryField
{
    wall-4
    {
        type            zeroGradient;
    }
    pressure-outlet-7
    {
        type            fixedValue;
        value           uniform 0;
    }
    velocity-inlet-6
    {
        type            zeroGradient;
    }
    velocity-inlet-5
    {
        type            zeroGradient;
    }
    frontAndBackPlanes
    {
        type            empty;
    }
}


// ************************************************************************* //
