/*--------------------------------*- C++ -*----------------------------------*\
  =========                 |
  \\      /  F ield         | OpenFOAM: The Open Source CFD Toolbox
   \\    /   O peration     | Website:  https://openfoam.org
    \\  /    A nd           | Version:  9
     \\/     M anipulation  |
\*---------------------------------------------------------------------------*/
FoamFile
{
    format      ascii;
    class       volScalarField;
    location    "1";
    object      p;
}
// * * * * * * * * * * * * * * * * * * * * * * * * * * * * * * * * * * * * * //

dimensions      [0 2 -2 0 0 0 0];

internalField   nonuniform List<scalar> 
8800
(
1.76715
1.7226
1.69049
1.66656
1.64805
1.63329
1.62145
1.6122
1.60565
1.60242
1.60369
1.60889
1.61695
1.62756
1.64084
1.65737
1.67832
1.70591
1.74321
1.79922
1.58776
1.58879
1.58782
1.58471
1.579
1.57145
1.56324
1.55541
1.54884
1.54447
1.54355
1.54663
1.5524
1.55983
1.56804
1.57609
1.58287
1.58735
1.58928
1.58898
1.58953
1.59233
1.59336
1.59265
1.59015
1.58633
1.58163
1.57679
1.57271
1.5705
1.57145
1.57498
1.57973
1.58473
1.58915
1.59243
1.59423
1.59389
1.59232
1.59046
1.57389
1.57379
1.57352
1.57288
1.57169
1.56979
1.56719
1.56425
1.56159
1.56016
1.5609
1.56336
1.56646
1.56942
1.57176
1.57336
1.57427
1.57472
1.57487
1.57489
1.56039
1.56037
1.56018
1.55977
1.55904
1.55792
1.55639
1.55461
1.55294
1.55204
1.55263
1.55435
1.55638
1.55822
1.55966
1.56064
1.56122
1.56152
1.56162
1.56161
1.54796
1.54795
1.54786
1.54764
1.54724
1.54662
1.54575
1.54472
1.54375
1.54329
1.54379
1.54498
1.54631
1.54748
1.54835
1.54894
1.54928
1.54946
1.54952
1.54951
1.53627
1.53626
1.5362
1.53608
1.53587
1.53553
1.53506
1.53451
1.534
1.53385
1.53433
1.5352
1.53612
1.53689
1.53745
1.53783
1.53805
1.53816
1.5382
1.53819
1.52494
1.52493
1.52491
1.52485
1.52474
1.52458
1.52436
1.52412
1.52395
1.52404
1.52454
1.52524
1.52592
1.52647
1.52686
1.52712
1.52727
1.52735
1.52737
1.52737
1.5138
1.51379
1.51378
1.51376
1.51373
1.51368
1.51363
1.51361
1.51369
1.51398
1.51454
1.51519
1.51576
1.5162
1.5165
1.5167
1.51681
1.51687
1.51689
1.51688
1.5027
1.5027
1.5027
1.50271
1.50273
1.50277
1.50285
1.503
1.50328
1.50377
1.50445
1.50511
1.50565
1.50605
1.50632
1.50649
1.50659
1.50663
1.50665
1.50664
1.49158
1.49157
1.49158
1.49161
1.49168
1.49179
1.49198
1.49228
1.49275
1.49345
1.4943
1.49505
1.49563
1.49604
1.49631
1.49647
1.49657
1.49662
1.49663
1.49662
1.48034
1.48033
1.48036
1.48041
1.48052
1.4807
1.48099
1.48145
1.48212
1.48307
1.48414
1.48504
1.48571
1.48617
1.48647
1.48666
1.48676
1.48681
1.48683
1.48682
1.46893
1.46892
1.46895
1.46903
1.46918
1.46944
1.46985
1.47048
1.47139
1.47264
1.474
1.47512
1.47593
1.47649
1.47684
1.47706
1.47719
1.47725
1.47727
1.47725
1.45726
1.45725
1.45729
1.4574
1.45761
1.45795
1.45851
1.45935
1.46055
1.46217
1.46391
1.46532
1.46633
1.46702
1.46746
1.46773
1.46788
1.46795
1.46797
1.46796
1.44524
1.44523
1.44529
1.44543
1.44571
1.44617
1.4469
1.448
1.44957
1.45166
1.45389
1.45568
1.45696
1.45783
1.45838
1.45872
1.4589
1.45899
1.45902
1.459
1.43276
1.43275
1.43283
1.43302
1.43338
1.43399
1.43495
1.43638
1.43842
1.44113
1.44398
1.44626
1.44789
1.44898
1.44968
1.4501
1.45034
1.45045
1.45049
1.45046
1.41967
1.41966
1.41977
1.42002
1.42049
1.42129
1.42255
1.42442
1.42707
1.43056
1.43421
1.43712
1.43918
1.44057
1.44145
1.44199
1.44229
1.44243
1.44248
1.44244
1.40576
1.40575
1.4059
1.40624
1.40686
1.40792
1.40957
1.41202
1.41545
1.41995
1.42463
1.42834
1.43096
1.43271
1.43383
1.43451
1.43489
1.43507
1.43512
1.43508
1.39077
1.39077
1.39097
1.39142
1.39226
1.39366
1.39584
1.39906
1.40352
1.40932
1.4153
1.42001
1.42332
1.42554
1.42696
1.42782
1.4283
1.42852
1.42859
1.42854
1.37432
1.37432
1.3746
1.37522
1.37636
1.37823
1.38114
1.38538
1.39121
1.39868
1.40629
1.41225
1.41644
1.41924
1.42103
1.42211
1.42272
1.423
1.42309
1.42302
1.35587
1.35589
1.35629
1.35715
1.35871
1.36127
1.36519
1.37082
1.37843
1.38803
1.39769
1.4052
1.41047
1.414
1.41626
1.41763
1.4184
1.41876
1.41888
1.41879
1.33461
1.33467
1.33526
1.3365
1.33871
1.34228
1.34763
1.35517
1.36514
1.37744
1.38961
1.39901
1.40561
1.41005
1.41292
1.41467
1.41565
1.41612
1.41626
1.41615
1.30928
1.30943
1.31035
1.31222
1.31547
1.32059
1.32806
1.33826
1.35133
1.36699
1.38218
1.39383
1.40205
1.40764
1.4113
1.41355
1.41483
1.41546
1.41566
1.41552
1.27771
1.27809
1.27966
1.28271
1.28779
1.29543
1.30609
1.32
1.33707
1.35681
1.37552
1.38978
1.39992
1.40696
1.41168
1.41468
1.41644
1.41732
1.41763
1.41747
1.23568
1.23678
1.23995
1.24556
1.25413
1.26605
1.28152
1.30049
1.32258
1.34708
1.36971
1.38687
1.39923
1.40807
1.41425
1.41841
1.42104
1.42249
1.42308
1.42292
1.17424
1.17828
1.18641
1.19813
1.21346
1.23239
1.25478
1.28027
1.30829
1.33803
1.36478
1.38496
1.39973
1.41065
1.41875
1.42471
1.429
1.43192
1.43356
1.43365
1.07194
1.0975
1.11884
1.14231
1.16814
1.19649
1.22728
1.26015
1.29451
1.32963
1.36046
1.38365
1.40094
1.41425
1.42475
1.43324
1.44026
1.44618
1.45111
1.45529
0.969404
1.01991
1.05364
1.08821
1.12407
1.16145
1.20028
1.24023
1.28072
1.32105
1.35587
1.38201
1.40177
1.41739
1.4302
1.44103
1.45047
1.45884
1.46629
1.47547
0.906003
0.957629
0.998126
1.04037
1.08418
1.12932
1.17539
1.22185
1.2679
1.31267
1.35037
1.37819
1.39909
1.4156
1.42909
1.44036
1.44995
1.45823
1.46559
1.47396
0.852854
0.908723
0.953062
1.00012
1.04957
1.10081
1.15302
1.20521
1.25616
1.30455
1.34404
1.3723
1.39307
1.40928
1.42239
1.43327
1.44245
1.45035
1.45732
1.46487
0.808482
0.866864
0.914318
0.965297
1.01934
1.07566
1.13314
1.19037
1.24561
1.29686
1.33711
1.36467
1.38428
1.39931
1.41142
1.42147
1.43
1.43735
1.44386
1.45077
0.768957
0.82973
0.879856
0.934197
0.992236
1.05302
1.11522
1.17705
1.23617
1.28974
1.3299
1.35574
1.37321
1.38629
1.39683
1.40569
1.41333
1.42005
1.42586
1.43221
0.732436
0.7954
0.848106
0.905543
0.967231
1.03215
1.09876
1.16494
1.22774
1.28336
1.32281
1.34597
1.36028
1.37053
1.37884
1.38605
1.39253
1.39841
1.40379
1.40947
0.697601
0.762865
0.817992
0.878402
0.943538
1.01237
1.08324
1.1537
1.22023
1.27791
1.31627
1.33583
1.34584
1.35218
1.35739
1.36238
1.3673
1.37214
1.3769
1.38203
0.664014
0.731282
0.788805
0.852069
0.920539
0.993185
1.06823
1.14301
1.21347
1.27353
1.31073
1.32588
1.33027
1.33129
1.33224
1.33413
1.33696
1.34047
1.34438
1.3487
0.630228
0.7002
0.760052
0.82608
0.897811
0.974148
1.05334
1.13254
1.20727
1.27027
1.30669
1.31683
1.31409
1.30797
1.30298
1.30052
1.30041
1.30208
1.30488
1.3084
0.597079
0.669176
0.73135
0.800114
0.875008
0.954981
1.03826
1.12198
1.20136
1.26813
1.30459
1.30951
1.29807
1.28244
1.26917
1.26046
1.25615
1.25519
1.25649
1.25954
0.563558
0.638163
0.702587
0.773993
0.851953
0.935454
1.02276
1.11105
1.19545
1.26694
1.30481
1.30496
1.28339
1.25533
1.23044
1.21267
1.20215
1.1974
1.19664
1.19865
0.530106
0.606965
0.673669
0.74765
0.82855
0.91545
1.00666
1.09948
1.18917
1.2664
1.30754
1.30428
1.27176
1.22788
1.18675
1.1556
1.13572
1.12524
1.12149
1.12224
0.496368
0.57575
0.644637
0.721118
0.80484
0.894932
0.989885
1.08713
1.18222
1.26604
1.31264
1.30851
1.26542
1.20234
1.13875
1.08768
1.05333
1.03396
1.02572
1.0248
0.462788
0.544547
0.615588
0.694463
0.780852
0.873956
0.972397
1.07383
1.1743
1.26533
1.31963
1.3183
1.26702
1.18229
1.08838
1.00749
0.950329
0.916811
0.901561
0.898131
0.429221
0.513533
0.586642
0.667801
0.756714
0.852619
0.954242
1.05958
1.16517
1.26366
1.32763
1.33361
1.27917
1.17292
1.03969
0.914144
0.820313
0.763997
0.737889
0.732506
0.396316
0.482899
0.557956
0.641281
0.732542
0.831023
0.93556
1.04442
1.15471
1.26052
1.33542
1.35331
1.30355
1.18067
0.999542
0.806688
0.649301
0.559988
0.520582
0.512729
0.364231
0.452781
0.529746
0.615103
0.708505
0.809296
0.916448
1.02842
1.14294
1.25549
1.34168
1.37521
1.3397
1.21212
0.978513
0.678375
0.413434
0.269174
0.222377
0.2196
0.332443
0.423345
0.502156
0.589419
0.68479
0.787658
0.897096
1.01175
1.12982
1.24832
1.34516
1.39612
1.38379
1.27088
0.992569
0.511484
-0.0127685
-0.242979
-0.214833
-0.163894
0.301862
0.394629
0.475278
0.564363
0.661551
0.766316
0.877711
0.99458
1.11564
1.23901
1.34497
1.41265
1.4282
1.35121
1.06297
0.232687
-1.19355
-1.54868
-0.868184
-0.479211
0.271855
0.366799
0.449232
0.539959
0.638755
0.745172
0.858278
0.976961
1.10039
1.22748
1.34054
1.42212
1.46404
1.4327
1.18694
0.15871
-2.37794
-3.1826
-1.50639
-0.296173
0.24221
0.339888
0.423962
0.515936
0.616047
0.723866
0.838191
0.95829
1.08339
1.21301
1.33087
1.42212
1.48298
1.49171
1.35943
0.666393
-0.770096
-1.25395
-1.06451
-0.566314
0.213367
0.314604
0.39982
0.492759
0.59376
0.702622
0.817842
0.939098
1.06527
1.19612
1.31609
1.41109
1.47799
1.49727
1.40099
1.02852
0.461394
0.0417632
0.0486069
0.0237066
0.18293
0.292106
0.377495
0.471227
0.573051
0.682433
0.797688
0.919632
1.04595
1.17673
1.29613
1.38962
1.45128
1.4632
1.3762
1.12802
0.803629
0.504036
0.398154
0.3056
0.0593062
0.271522
0.356223
0.449539
0.551974
0.66201
0.777959
0.899673
1.02478
1.15343
1.26942
1.35665
1.407
1.40017
1.30897
1.1027
0.865139
0.64837
0.518682
0.407144
0.216507
0.244014
0.325328
0.417536
0.520137
0.630917
0.746941
0.868054
0.992398
1.11841
1.2265
1.2957
1.31814
1.27807
1.16145
0.965406
0.761355
0.593185
0.450083
0.39498
0.128563
0.218482
0.298254
0.39246
0.496021
0.607867
0.725656
0.84875
0.974438
1.09901
1.20138
1.26013
1.26527
1.20374
1.06997
0.87395
0.648843
0.484909
0.313505
0.270323
0.0840075
0.182857
0.269593
0.367601
0.473223
0.585618
0.703078
0.823518
0.944458
1.06316
1.15661
1.20279
1.19179
1.11158
0.956911
0.740015
0.473314
0.270179
0.0603069
0.0593014
0.0404004
0.148225
0.240494
0.339131
0.445342
0.5577
0.67522
0.796342
0.918094
1.03522
1.12315
1.15927
1.13568
1.04303
0.873981
0.637418
0.305533
0.00433151
-0.344449
-0.35471
-0.000858438
0.112509
0.207958
0.309616
0.417947
0.532215
0.65115
0.772165
0.89225
1.0053
1.08609
1.11281
1.079
0.97735
0.798381
0.548287
0.153946
-0.29541
-0.903647
-1.24131
-0.0348579
0.0796429
0.17657
0.279819
0.389356
0.504333
0.62365
0.744856
0.864273
0.975039
1.05117
1.07195
1.03348
0.931078
0.757808
0.500196
0.115316
-0.465314
-1.00258
-1.67803
-0.0681038
0.0439894
0.141409
0.246359
0.357692
0.474613
0.59539
0.717251
0.836248
0.944925
1.01735
1.03482
0.996759
0.902513
0.750109
0.527046
0.230176
-0.20941
-0.745285
-0.913207
-0.104837
0.00805983
0.106142
0.21238
0.3253
0.443676
0.565419
0.687834
0.806473
0.913824
0.984388
1.00208
0.970167
0.8939
0.779555
0.636201
0.467849
0.272423
0.101119
0.0775613
-0.144247
-0.0303956
0.0688147
0.17639
0.290963
0.410902
0.533912
0.657015
0.775854
0.88279
0.95338
0.974711
0.954162
0.90239
0.832003
0.758069
0.695814
0.655931
0.657864
0.686542
-0.186618
-0.0709452
0.0296347
0.138757
0.25503
0.376584
0.500973
0.625143
0.744632
0.852295
0.924897
0.953339
0.947491
0.921312
0.888093
0.859994
0.84606
0.849663
0.869476
0.89263
-0.232529
-0.113856
-0.0114778
0.0995346
0.217632
0.340969
0.466981
0.592508
0.71328
0.822887
0.899534
0.937675
0.947895
0.944906
0.939916
0.940396
0.949426
0.966506
0.988633
1.00594
-0.279093
-0.158517
-0.0540542
0.0590018
0.179092
0.304374
0.432226
0.559542
0.682273
0.794904
0.877894
0.926242
0.95246
0.968937
0.983978
1.00164
1.02278
1.04617
1.0699
1.08599
-0.32813
-0.204623
-0.0977571
0.0175394
0.139915
0.267287
0.397206
0.526669
0.65203
0.768751
0.85975
0.918661
0.959037
0.990691
1.01947
1.04766
1.07544
1.10193
1.12626
1.1417
-0.377566
-0.251078
-0.141816
-0.0241094
0.100567
0.230195
0.362433
0.494363
0.622881
0.744601
0.843554
0.913799
0.965619
1.00858
1.04661
1.08124
1.11269
1.14074
1.16516
1.18033
-0.42609
-0.296761
-0.185199
-0.0651448
0.0618569
0.19382
0.32842
0.463061
0.595102
0.722293
0.829032
0.908916
0.97054
1.02177
1.06591
1.10446
1.13796
1.16677
1.19102
1.20563
-0.47122
-0.340356
-0.226724
-0.104519
0.02467
0.158882
0.295839
0.433204
0.568809
0.701362
0.815661
0.9037
0.972826
1.02983
1.07795
1.11878
1.15339
1.18245
1.20631
1.22044
-0.513765
-0.380696
-0.265212
-0.141002
-0.00989111
0.126291
0.265348
0.405127
0.544027
0.681563
0.802448
0.896996
0.971598
1.03256
1.08313
1.12534
1.16038
1.18945
1.21299
1.22671
-0.550063
-0.41572
-0.298712
-0.173093
-0.0405068
0.097075
0.237623
0.379255
0.520741
0.662274
0.788305
0.887681
0.96609
1.02959
1.08169
1.12457
1.15989
1.18881
1.212
1.22556
-0.578585
-0.443216
-0.325404
-0.198965
-0.0656836
0.0724388
0.213513
0.355885
0.498827
0.642882
0.772341
0.87484
0.955568
1.02059
1.07353
1.11678
1.1521
1.18084
1.20365
1.21703
-0.595098
-0.460462
-0.342562
-0.216346
-0.0836556
0.0536542
0.193776
0.335415
0.478145
0.622773
0.753566
0.85747
0.939223
1.00492
1.0582
1.10157
1.13691
1.16559
1.1879
1.20138
-0.597173
-0.463606
-0.346819
-0.222395
-0.0920512
0.0423776
0.179485
0.318223
0.45848
0.601271
0.731039
0.834457
0.915955
0.98148
1.03466
1.078
1.1133
1.14204
1.1639
1.17774
-0.578665
-0.447451
-0.333789
-0.213508
-0.0882162
0.040545
0.171737
0.304732
0.439666
0.577746
0.70375
0.804504
0.884199
0.948562
1.00107
1.04409
1.07929
1.10813
1.12989
1.14437
-0.529869
-0.40427
-0.297459
-0.185119
-0.0689233
0.0501835
0.17166
0.295372
0.421649
0.551626
0.670717
0.766176
0.841959
0.903548
0.954276
0.996268
1.03103
1.05985
1.08163
1.09672
-0.437406
-0.324964
-0.230852
-0.132878
-0.0317582
0.0724441
0.179766
0.2903
0.404333
0.522611
0.631247
0.71816
0.787028
0.843081
0.889551
0.928502
0.961243
0.988826
1.01058
1.0267
-0.272574
-0.197607
-0.12919
-0.0554518
0.0230923
0.10667
0.195273
0.288831
0.387157
0.490212
0.584823
0.659692
0.717974
0.764459
0.802201
0.833117
0.858311
0.878438
0.894552
0.905393
-0.046271
-0.0262436
0.00380412
0.0432957
0.0922552
0.150396
0.217239
0.292104
0.3742
0.462642
0.54478
0.609437
0.658785
0.696806
0.726245
0.749163
0.767198
0.781323
0.791406
0.796835
0.0965117
0.101921
0.112871
0.13107
0.158142
0.195093
0.242261
0.29939
0.365704
0.439963
0.510361
0.565748
0.607224
0.638098
0.660719
0.676776
0.687531
0.694154
0.697797
0.699568
0.168173
0.171203
0.177582
0.188521
0.205465
0.229932
0.263207
0.306018
0.358319
0.419148
0.478006
0.524359
0.55853
0.583207
0.600542
0.612293
0.619911
0.624553
0.627076
0.62824
0.212224
0.214219
0.218308
0.225438
0.236826
0.253851
0.277892
0.310079
0.350924
0.39995
0.448295
0.486464
0.514298
0.534031
0.547597
0.556595
0.562302
0.565713
0.56756
0.568445
0.239084
0.240495
0.243354
0.248343
0.256395
0.268652
0.286378
0.310752
0.342552
0.381674
0.420876
0.451942
0.474469
0.490269
0.500994
0.508027
0.51245
0.515082
0.51651
0.517199
0.254469
0.255501
0.257578
0.261209
0.267102
0.276165
0.289457
0.30807
0.332835
0.363868
0.395378
0.420462
0.438604
0.451256
0.459793
0.465359
0.468847
0.470918
0.472042
0.472585
0.261739
0.262511
0.264061
0.266769
0.271179
0.278002
0.288106
0.302421
0.321729
0.346265
0.371444
0.391576
0.406135
0.416262
0.423072
0.4275
0.430267
0.431908
0.4328
0.43323
0.263072
0.263658
0.264832
0.266885
0.270236
0.275443
0.283196
0.294269
0.309353
0.328716
0.348752
0.364844
0.376489
0.384582
0.390018
0.393548
0.395752
0.39706
0.397769
0.398109
0.259966
0.260415
0.261314
0.262888
0.265461
0.269467
0.275459
0.284064
0.295866
0.311135
0.32704
0.339861
0.349152
0.355611
0.359944
0.36276
0.364518
0.365559
0.366123
0.366392
0.253492
0.253839
0.254534
0.25575
0.257739
0.260843
0.265496
0.272207
0.281457
0.293489
0.306089
0.31628
0.323676
0.328822
0.332277
0.334517
0.335913
0.336739
0.337187
0.337401
0.244435
0.244704
0.245243
0.246187
0.247732
0.250148
0.253778
0.259024
0.266282
0.275765
0.285735
0.293822
0.299701
0.303791
0.306535
0.308317
0.30943
0.310088
0.310444
0.310613
0.233387
0.233596
0.234016
0.234752
0.235957
0.237842
0.240678
0.244789
0.25049
0.257962
0.265842
0.272249
0.276912
0.280161
0.282345
0.283761
0.284642
0.285165
0.285449
0.285582
0.220789
0.220953
0.221281
0.221855
0.222797
0.224272
0.226494
0.229718
0.234199
0.240085
0.246309
0.251379
0.255074
0.257649
0.259379
0.260503
0.261204
0.261618
0.26184
0.261946
0.206987
0.207115
0.207371
0.20782
0.208557
0.209713
0.211455
0.213985
0.217507
0.222144
0.227055
0.231064
0.233988
0.236027
0.237397
0.238284
0.238836
0.239163
0.23934
0.239423
0.19224
0.19234
0.19254
0.192892
0.193471
0.194377
0.195743
0.19773
0.200499
0.204149
0.20802
0.211183
0.213491
0.215102
0.216185
0.216889
0.217327
0.217586
0.217725
0.21779
0.176759
0.176837
0.176994
0.17727
0.177723
0.178432
0.179505
0.181065
0.18324
0.18611
0.18916
0.191653
0.193471
0.194741
0.195595
0.19615
0.196496
0.196701
0.196812
0.196863
0.160699
0.16076
0.160883
0.161099
0.161454
0.162011
0.16285
0.164071
0.165777
0.16803
0.170425
0.172386
0.173821
0.174824
0.175497
0.175933
0.176204
0.176364
0.17645
0.17649
0.144191
0.144238
0.144334
0.144502
0.144779
0.145213
0.14587
0.146826
0.148161
0.149925
0.151803
0.15334
0.154464
0.155247
0.155773
0.156115
0.156328
0.156452
0.15652
0.156552
0.127328
0.127366
0.127441
0.127572
0.127786
0.128124
0.128635
0.12938
0.13042
0.131794
0.133257
0.134454
0.135329
0.13594
0.136352
0.136621
0.136789
0.136889
0.136943
0.136967
0.110193
0.110221
0.110278
0.11038
0.110547
0.110808
0.111202
0.111776
0.112578
0.11364
0.114772
0.115701
0.116381
0.116857
0.117177
0.117383
0.117511
0.117587
0.117628
0.117646
0.0928448
0.0928675
0.0929122
0.092989
0.093115
0.093314
0.0936152
0.094054
0.0946662
0.0954759
0.0963388
0.097046
0.0975632
0.0979233
0.0981656
0.0983247
0.0984234
0.09848
0.098511
0.0985267
0.0753355
0.0753518
0.0753849
0.0754435
0.0755394
0.0756889
0.0759136
0.0762403
0.0766973
0.0773015
0.0779448
0.0784723
0.0788587
0.0791298
0.0793116
0.0794284
0.0795024
0.0795478
0.0795719
0.0795824
0.057707
0.0577193
0.0577441
0.057787
0.0578561
0.0579634
0.0581241
0.0583578
0.0586838
0.059115
0.059575
0.0599537
0.0602327
0.0604283
0.0605608
0.0606475
0.0607009
0.0607314
0.0607478
0.0607555
0.0399968
0.0400071
0.0400252
0.0400535
0.0400981
0.0401677
0.0402728
0.0404261
0.0406409
0.0409251
0.0412273
0.0414759
0.0416586
0.0417878
0.0418751
0.0419317
0.0419667
0.0419875
0.0419993
0.042005
0.0222192
0.0222298
0.0222297
0.0222478
0.0222731
0.0223103
0.0223655
0.0224452
0.0225562
0.0227047
0.0228689
0.0230047
0.0231041
0.0231738
0.0232223
0.023255
0.0232759
0.0232879
0.0232928
0.0232964
0.00447221
0.00447623
0.00445269
0.00444105
0.00443882
0.00444274
0.00445218
0.00446736
0.00448915
0.00451787
0.00455231
0.00458478
0.00461002
0.00462903
0.00464212
0.00465039
0.00465584
0.00466131
0.00466831
0.00467331
-0.151681
0.0232534
0.177452
0.259425
0.291619
0.238911
0.114979
-0.0681302
-0.111818
-0.0170908
0.0762874
0.170613
0.208737
0.231051
0.216085
0.167655
0.10488
0.0581529
0.0619606
0.0815604
0.186429
0.219835
0.228037
0.226846
0.21189
0.18863
0.169734
0.166688
0.180557
0.215984
0.245387
0.2591
0.26107
0.258344
0.253881
0.250477
0.252514
0.264719
0.287956
0.325637
0.296162
0.306848
0.31137
0.315218
0.32077
0.329048
0.342029
0.362227
0.388898
0.42167
0.355788
0.368554
0.378055
0.387581
0.399879
0.414848
0.433347
0.456453
0.482363
0.510185
0.427985
0.443228
0.456496
0.469638
0.48559
0.503255
0.523515
0.545546
0.568663
0.593301
0.51046
0.527246
0.542243
0.556842
0.573695
0.591699
0.610776
0.631106
0.651671
0.673494
0.600331
0.61638
0.631975
0.645697
0.662205
0.679067
0.695902
0.713781
0.731631
0.750368
0.694654
0.709158
0.723493
0.736446
0.751794
0.766662
0.781465
0.795923
0.809156
0.822378
0.788419
0.800455
0.81332
0.826008
0.839878
0.852835
0.86354
0.873558
0.880926
0.887174
0.876138
0.892106
0.908255
0.924289
0.939448
0.951794
0.961104
0.965981
0.968595
0.967695
0.983692
1.00595
1.02363
1.03785
1.04699
1.05446
1.06025
1.06447
1.06539
1.06452
1.07389
1.09418
1.11178
1.12817
1.14259
1.1537
1.16176
1.16683
1.16982
1.17382
1.32079
1.33032
1.32288
1.31156
1.30432
1.30838
1.32526
1.35228
1.37965
1.40664
1.62042
1.48918
1.41475
1.37437
1.35878
1.36281
1.38774
1.44133
1.54169
1.76235
1.63728
1.64136
1.63856
1.62796
1.61494
1.60229
1.59111
1.58173
1.57443
1.56974
1.56877
1.57201
1.57827
1.58677
1.59717
1.60921
1.62229
1.63457
1.64218
1.63815
1.58611
1.58833
1.59038
1.58964
1.58647
1.58135
1.57506
1.56856
1.56282
1.55885
1.55802
1.56086
1.56604
1.57241
1.57901
1.58488
1.58914
1.59117
1.59053
1.58768
1.58282
1.58316
1.58337
1.58297
1.58227
1.58037
1.5774
1.57374
1.57008
1.56738
1.56685
1.56893
1.57244
1.57634
1.57982
1.58235
1.58367
1.58417
1.58427
1.58394
1.56681
1.56681
1.56667
1.56625
1.56549
1.56426
1.5625
1.5603
1.558
1.55624
1.55595
1.55745
1.55983
1.56231
1.56444
1.566
1.567
1.5676
1.56786
1.5679
1.55405
1.55407
1.55401
1.55381
1.55341
1.55273
1.55173
1.55044
1.54906
1.548
1.54791
1.54899
1.55058
1.55217
1.55346
1.55439
1.55497
1.55529
1.55543
1.55546
1.54205
1.54205
1.54201
1.5419
1.54168
1.5413
1.54075
1.54003
1.53925
1.53869
1.53877
1.53958
1.54068
1.54171
1.54254
1.54311
1.54348
1.54368
1.54376
1.54378
1.53057
1.53057
1.53055
1.53049
1.53037
1.53017
1.52989
1.52952
1.52915
1.52894
1.52916
1.52984
1.53064
1.53136
1.53192
1.5323
1.53253
1.53267
1.53272
1.53274
1.51936
1.51936
1.51934
1.51931
1.51926
1.51918
1.51907
1.51893
1.51884
1.51889
1.51926
1.51989
1.52054
1.52109
1.5215
1.52178
1.52195
1.52204
1.52209
1.52209
1.50825
1.50824
1.50824
1.50824
1.50823
1.50823
1.50823
1.50827
1.50839
1.50866
1.50918
1.50984
1.51044
1.51092
1.51126
1.51149
1.51163
1.5117
1.51173
1.51174
1.49715
1.49714
1.49714
1.49716
1.49719
1.49725
1.49735
1.49752
1.49782
1.49829
1.49899
1.49974
1.50037
1.50085
1.50117
1.50139
1.50151
1.50158
1.50161
1.50161
1.48598
1.48597
1.48598
1.486
1.48607
1.48618
1.48637
1.48667
1.48714
1.48782
1.48874
1.48965
1.49037
1.49089
1.49124
1.49147
1.4916
1.49167
1.4917
1.4917
1.47466
1.47465
1.47466
1.47471
1.4748
1.47497
1.47525
1.47569
1.47634
1.47728
1.47846
1.4796
1.48046
1.48108
1.48149
1.48175
1.4819
1.48198
1.48201
1.48201
1.46313
1.46311
1.46313
1.4632
1.46333
1.46356
1.46394
1.46454
1.46542
1.46665
1.46818
1.46962
1.47069
1.47144
1.47194
1.47226
1.47244
1.47254
1.47258
1.47258
1.4513
1.45128
1.45131
1.45139
1.45157
1.45188
1.45239
1.45318
1.45433
1.45594
1.45791
1.45974
1.4611
1.46204
1.46266
1.46305
1.46327
1.46339
1.46344
1.46345
1.43906
1.43904
1.43908
1.43919
1.43943
1.43984
1.44051
1.44154
1.44305
1.44514
1.44767
1.45001
1.45173
1.45292
1.4537
1.45419
1.45448
1.45463
1.45469
1.45469
1.4263
1.42627
1.42632
1.42647
1.42678
1.42732
1.4282
1.42955
1.43152
1.43422
1.43748
1.44047
1.44265
1.44416
1.44515
1.44577
1.44613
1.44632
1.4464
1.44641
1.41283
1.4128
1.41287
1.41307
1.41347
1.41418
1.41534
1.41711
1.41967
1.42316
1.42735
1.43117
1.43395
1.43586
1.43712
1.4379
1.43836
1.43859
1.43869
1.4387
1.39842
1.39838
1.39848
1.39875
1.39929
1.40023
1.40176
1.40408
1.40743
1.41195
1.41733
1.42219
1.42572
1.42815
1.42974
1.43072
1.4313
1.4316
1.43173
1.43174
1.38276
1.38271
1.38284
1.38321
1.38394
1.38521
1.38724
1.39031
1.39468
1.40054
1.40743
1.41362
1.41809
1.42116
1.42316
1.42441
1.42514
1.42552
1.42568
1.42569
1.36539
1.36533
1.36552
1.36603
1.36703
1.36875
1.37149
1.37557
1.38132
1.38891
1.39772
1.40556
1.4112
1.41506
1.4176
1.41917
1.4201
1.42058
1.42078
1.42079
1.34566
1.34559
1.34588
1.3466
1.348
1.35039
1.35413
1.35963
1.36722
1.37705
1.38827
1.39814
1.40521
1.41007
1.41327
1.41527
1.41644
1.41706
1.41731
1.41733
1.32256
1.3225
1.32294
1.32402
1.32606
1.32946
1.33469
1.34218
1.35227
1.36498
1.37917
1.39149
1.40031
1.4064
1.41044
1.41299
1.4145
1.41529
1.41563
1.41566
1.29448
1.29444
1.29519
1.2969
1.30003
1.30508
1.31259
1.32297
1.33642
1.35279
1.37054
1.38574
1.39664
1.40425
1.40938
1.41268
1.41467
1.41574
1.4162
1.41626
1.25843
1.25856
1.26
1.26303
1.26823
1.27619
1.28732
1.30188
1.31979
1.34064
1.36255
1.38101
1.39429
1.40373
1.41028
1.41466
1.41741
1.41897
1.41968
1.41982
1.20796
1.20902
1.21271
1.21907
1.22867
1.24186
1.25872
1.27913
1.30272
1.32885
1.35533
1.3773
1.39318
1.40473
1.41309
1.41903
1.42309
1.42568
1.4271
1.42758
1.12974
1.13439
1.14674
1.16172
1.18019
1.20213
1.22726
1.25525
1.28557
1.31752
1.34875
1.37424
1.39277
1.4066
1.41707
1.42507
1.43118
1.43585
1.43953
1.44182
1.03253
1.04657
1.07222
1.09996
1.12986
1.16181
1.19575
1.23147
1.26853
1.30629
1.3423
1.37145
1.39288
1.40935
1.42242
1.43301
1.4417
1.44886
1.45491
1.45785
0.944714
0.969867
1.00583
1.04373
1.08324
1.12411
1.16621
1.20923
1.25266
1.29576
1.3359
1.36786
1.39128
1.40944
1.42408
1.43618
1.44626
1.4546
1.46145
1.4651
0.886916
0.913843
0.953662
0.996815
1.0426
1.09027
1.13919
1.18867
1.23783
1.28561
1.32894
1.36252
1.38666
1.40515
1.41995
1.43206
1.44206
1.45026
1.45696
1.46074
0.83743
0.866863
0.910059
0.957262
1.0078
1.06078
1.11533
1.17038
1.22457
1.27631
1.32188
1.35589
1.37955
1.3973
1.41135
1.42282
1.4323
1.44008
1.44648
1.45027
0.794908
0.826118
0.872044
0.922592
0.977076
1.03458
1.09403
1.15401
1.2127
1.26786
1.31487
1.34827
1.37039
1.38651
1.39913
1.40948
1.41812
1.42533
1.4313
1.43503
0.756107
0.789195
0.837637
0.891187
0.949178
1.01074
1.07463
1.13917
1.20205
1.2603
1.30821
1.34007
1.35966
1.37322
1.38371
1.39244
1.39992
1.40633
1.41178
1.4154
0.719774
0.754605
0.805461
0.861808
0.923097
0.988442
1.05653
1.12543
1.19241
1.25368
1.30218
1.33177
1.34778
1.35775
1.36525
1.37172
1.37762
1.38299
1.38779
1.3912
0.684842
0.721471
0.774586
0.83363
0.898078
0.96706
1.03918
1.11238
1.18352
1.24798
1.29713
1.32388
1.3352
1.34031
1.34368
1.34705
1.35078
1.35475
1.35869
1.36181
0.650888
0.689066
0.744396
0.806053
0.873562
0.946056
1.02218
1.09967
1.17512
1.24318
1.29334
1.31697
1.32248
1.32116
1.31888
1.3179
1.31863
1.32064
1.3234
1.32595
0.616858
0.656824
0.71447
0.7787
0.849173
0.925112
1.00512
1.08694
1.16693
1.23911
1.29106
1.31171
1.31037
1.30071
1.29069
1.2836
1.28002
1.27927
1.28041
1.2822
0.583299
0.624747
0.684555
0.751275
0.824654
0.903942
0.987783
1.07391
1.15864
1.23557
1.29041
1.30883
1.29991
1.27971
1.2591
1.24331
1.23346
1.2287
1.22753
1.22823
0.549458
0.592509
0.654537
0.72371
0.799895
0.882407
0.969935
1.06034
1.14995
1.23221
1.29136
1.30902
1.29244
1.25941
1.22449
1.19616
1.17705
1.16627
1.16168
1.16086
0.515878
0.560245
0.624408
0.69596
0.774844
0.860455
0.951538
1.04606
1.14059
1.22868
1.29363
1.31282
1.2896
1.24181
1.18791
1.14149
1.10836
1.08835
1.07854
1.07545
0.481885
0.527983
0.594262
0.668092
0.749583
0.838118
0.932518
1.03096
1.13032
1.22457
1.29674
1.32041
1.29312
1.22982
1.15161
1.07915
1.02452
0.989975
0.972
0.965377
0.448167
0.495806
0.564154
0.640237
0.724169
0.815425
0.912987
1.01509
1.11898
1.21942
1.29997
1.33142
1.30445
1.22729
1.11965
1.01015
0.922146
0.864204
0.833164
0.821331
0.414524
0.463977
0.534312
0.612517
0.69876
0.792537
0.892949
0.998411
1.10652
1.21293
1.30251
1.34482
1.32416
1.23845
1.09843
0.937206
0.796792
0.700026
0.64956
0.631257
0.381901
0.432631
0.504869
0.58507
0.673509
0.769659
0.872608
0.981061
1.09298
1.20486
1.30347
1.35899
1.35132
1.26689
1.09686
0.864608
0.636014
0.476943
0.400402
0.376008
0.349784
0.40198
0.47599
0.55808
0.648542
0.746855
0.852128
0.96319
1.07839
1.19517
1.30213
1.37183
1.383
1.31352
1.12594
0.799237
0.40649
0.124122
0.0295367
0.029916
0.318248
0.371972
0.447794
0.531732
0.62406
0.724278
0.831602
0.944978
1.06298
1.18377
1.29808
1.3813
1.41436
1.37361
1.19525
0.75092
-0.0451565
-0.687204
-0.647847
-0.390761
0.28777
0.342862
0.420507
0.506239
0.600263
0.702168
0.811274
0.926564
1.04686
1.1709
1.29104
1.38571
1.4397
1.43478
1.2991
0.765589
-0.977623
-2.89936
-1.81285
-0.723552
0.257811
0.31439
0.394009
0.481368
0.576917
0.68021
0.790795
0.907603
1.02962
1.15606
1.28045
1.38382
1.4548
1.4825
1.40456
0.965513
-0.568505
-2.25947
-2.10628
-1.1289
0.228505
0.286802
0.36859
0.457141
0.553826
0.658379
0.770255
0.887925
1.01103
1.13884
1.26578
1.37423
1.45476
1.50112
1.46892
1.20034
0.471267
-0.357185
-0.430046
-0.339807
0.199245
0.261053
0.344556
0.433897
0.531106
0.636557
0.749428
0.867857
0.991594
1.11995
1.24746
1.35644
1.43728
1.48354
1.45715
1.27666
0.88739
0.485776
0.287777
0.259655
0.163892
0.240564
0.321728
0.411593
0.50918
0.615353
0.728064
0.847278
0.971688
1.10029
1.22692
1.33249
1.40623
1.44124
1.40514
1.25203
0.978565
0.725642
0.531246
0.425431
0.212737
0.259403
0.342249
0.435512
0.538166
0.648477
0.766905
0.8886
1.01376
1.14226
1.25687
1.34033
1.38443
1.36831
1.27257
1.08311
0.87278
0.683457
0.538954
0.444473
0.191448
0.214835
0.288759
0.376356
0.474912
0.582174
0.696588
0.817666
0.942375
1.06936
1.19072
1.28636
1.34174
1.34454
1.27722
1.12959
0.918205
0.736404
0.573856
0.443051
0.157983
0.195417
0.27106
0.357128
0.456763
0.563697
0.677359
0.796178
0.917708
1.04057
1.15651
1.24524
1.28839
1.27602
1.1907
1.03544
0.811699
0.633755
0.469752
0.317272
0.123245
0.163592
0.241808
0.331632
0.431725
0.53957
0.654307
0.77449
0.897118
1.02007
1.13246
1.20862
1.23309
1.19489
1.08487
0.909674
0.67308
0.469153
0.297242
0.108884
0.0844248
0.125003
0.2097
0.303961
0.405804
0.5147
0.630074
0.749507
0.870845
0.990967
1.0983
1.16623
1.17938
1.12916
1.00482
0.811233
0.538971
0.262584
0.0233934
-0.259763
0.0429157
0.0863449
0.176464
0.272907
0.376296
0.486964
0.603512
0.724108
0.845714
0.964487
1.06722
1.12697
1.12878
1.06592
0.929691
0.719224
0.415264
0.0362309
-0.345316
-0.990916
0.00689216
0.05104
0.144176
0.243338
0.34905
0.460996
0.578049
0.698459
0.819248
0.936104
1.03466
1.08718
1.08101
1.01175
0.872949
0.652985
0.347239
-0.148644
-0.714098
-1.79871
-0.0257091
0.0167342
0.110121
0.210585
0.317781
0.431292
0.549471
0.670795
0.791914
0.907687
1.00301
1.05084
1.04078
0.971822
0.840165
0.635594
0.346808
-0.0958465
-0.669662
-0.937778
-0.0613509
-0.0192325
0.0744013
0.17622
0.285259
0.400473
0.520071
0.642137
0.763251
0.87806
0.970926
1.01606
1.00622
0.944829
0.833587
0.674312
0.460775
0.189068
-0.169599
-0.456483
-0.0992998
-0.0566833
0.037524
0.14051
0.251026
0.367786
0.488694
0.611695
0.733155
0.847434
0.939063
0.98434
0.979353
0.932585
0.852861
0.752325
0.646075
0.544795
0.469033
0.461326
-0.139829
-0.0967082
-0.00153228
0.102812
0.214993
0.333359
0.455843
0.579944
0.701971
0.816437
0.908346
0.956555
0.960317
0.932565
0.886073
0.83489
0.792497
0.770019
0.77304
0.798863
-0.183358
-0.139378
-0.0424832
0.0634936
0.17738
0.297461
0.421595
0.547038
0.670177
0.785605
0.879508
0.933083
0.948484
0.941063
0.923624
0.907759
0.901243
0.907246
0.924769
0.950013
-0.22949
-0.184193
-0.0853929
0.0225706
0.138394
0.260401
0.386338
0.513418
0.638078
0.755334
0.853092
0.913589
0.942807
0.954136
0.959827
0.96746
0.980553
0.999337
1.02209
1.04629
-0.277457
-0.230731
-0.129696
-0.0195336
0.098396
0.222459
0.350423
0.479467
0.606175
0.7262
0.828999
0.898031
0.940696
0.968519
0.991545
1.01448
1.03886
1.06422
1.08953
1.11342
-0.326352
-0.278667
-0.174897
-0.0623386
0.0579
0.184207
0.314356
0.445624
0.57488
0.698453
0.807031
0.886901
0.941088
0.982086
1.01753
1.05031
1.08118
1.11007
1.13652
1.1608
-0.375277
-0.326305
-0.219993
-0.104983
0.0175945
0.146238
0.278702
0.412412
0.544575
0.67224
0.787254
0.876654
0.941263
0.99306
1.0372
1.07624
1.11103
1.14179
1.1689
1.19299
-0.422034
-0.372203
-0.263794
-0.146508
-0.0216103
0.109334
0.244097
0.380352
0.515549
0.647551
0.769338
0.867461
0.940985
1.00046
1.05059
1.09357
1.13055
1.1623
1.18952
1.21312
-0.466561
-0.41576
-0.304962
-0.185697
-0.0586445
0.074375
0.211333
0.349952
0.488112
0.62437
0.752438
0.858035
0.938636
1.00371
1.05777
1.10316
1.14137
1.17353
1.20062
1.2243
-0.50632
-0.454729
-0.342311
-0.221052
-0.0922866
0.0424522
0.181182
0.321762
0.462473
0.602357
0.735809
0.847386
0.93321
1.00219
1.05879
1.10562
1.14451
1.17682
1.20383
1.22739
-0.539345
-0.487354
-0.373333
-0.250884
-0.120929
0.014852
0.154605
0.296379
0.438719
0.581249
0.718647
0.834482
0.923884
0.995408
1.05355
1.1012
1.14038
1.17281
1.19973
1.22317
-0.562867
-0.510742
-0.396021
-0.27307
-0.142837
-0.00698027
0.132642
0.274359
0.416987
0.560631
0.700125
0.8184
0.909828
0.982704
1.04166
1.08971
1.12907
1.16152
1.18836
1.21177
-0.574062
-0.521695
-0.40689
-0.284664
-0.155629
-0.0213435
0.11639
0.256248
0.397398
0.540084
0.679427
0.798104
0.890003
0.963208
1.02235
1.07052
1.10995
1.14247
1.16948
1.19308
-0.567451
-0.515695
-0.402202
-0.282332
-0.15646
-0.0260891
0.107382
0.242877
0.379972
0.519148
0.655728
0.772485
0.863151
0.935572
0.994261
1.04222
1.08165
1.11424
1.14159
1.16526
-0.536248
-0.486639
-0.376148
-0.261345
-0.141799
-0.0187019
0.107096
0.234973
0.364865
0.497412
0.628135
0.740274
0.827659
0.897798
0.955062
1.00227
1.04143
1.07416
1.10188
1.1257
-0.470036
-0.423578
-0.320915
-0.215933
-0.107827
0.00314192
0.116821
0.233107
0.352162
0.474597
0.595972
0.700288
0.781667
0.847212
0.90114
0.946195
0.984275
1.01668
1.0448
1.06887
-0.351451
-0.312135
-0.226915
-0.140985
-0.0520264
0.0405557
0.137048
0.237506
0.341986
0.450695
0.559036
0.651914
0.723804
0.781254
0.828281
0.867576
0.901296
0.930944
0.9579
0.98132
-0.168574
-0.13608
-0.0897367
-0.0368822
0.0236158
0.091418
0.166115
0.247368
0.334678
0.427544
0.520933
0.600509
0.660994
0.70796
0.744895
0.774166
0.797483
0.816633
0.833317
0.848314
0.0367629
0.0421944
0.0549283
0.0763688
0.107547
0.14892
0.200403
0.261549
0.331589
0.409494
0.490065
0.55937
0.611556
0.651085
0.680999
0.703496
0.720063
0.731619
0.738771
0.742335
0.136126
0.13853
0.144534
0.155393
0.172659
0.197954
0.232543
0.277061
0.331421
0.394831
0.46243
0.521159
0.56497
0.597306
0.620724
0.637177
0.648236
0.655273
0.659425
0.661526
0.192233
0.193758
0.197361
0.204089
0.215185
0.232074
0.256191
0.288768
0.33048
0.381144
0.436703
0.485489
0.521654
0.547836
0.566288
0.578881
0.58714
0.592281
0.595234
0.596713
0.226943
0.228026
0.230477
0.235021
0.242597
0.254388
0.27172
0.295893
0.327883
0.367959
0.41296
0.452882
0.482382
0.503492
0.518135
0.527958
0.534301
0.538202
0.540437
0.541567
0.247648
0.248439
0.250193
0.253438
0.258874
0.267427
0.280195
0.298369
0.322982
0.354533
0.390626
0.422948
0.446826
0.463805
0.47548
0.483249
0.488228
0.491275
0.493019
0.493903
0.258724
0.259314
0.260609
0.263002
0.267021
0.273376
0.282961
0.296785
0.315804
0.340589
0.369361
0.395341
0.414554
0.428176
0.437503
0.44368
0.447628
0.45004
0.451419
0.452118
0.262861
0.263308
0.264283
0.266082
0.269109
0.273918
0.281211
0.29182
0.306574
0.326035
0.348878
0.369647
0.385043
0.395951
0.403404
0.408331
0.41147
0.413386
0.414482
0.415038
0.26186
0.262202
0.262946
0.264319
0.266629
0.270307
0.275911
0.284108
0.295592
0.310877
0.328969
0.345515
0.35781
0.366521
0.372469
0.376398
0.378904
0.380434
0.381305
0.381745
0.256988
0.257252
0.257824
0.258878
0.260658
0.263497
0.26783
0.274197
0.283165
0.295171
0.309478
0.322625
0.332417
0.339363
0.344107
0.347238
0.349232
0.350446
0.35114
0.351491
0.249163
0.249367
0.24981
0.250628
0.252007
0.254208
0.257578
0.26254
0.269556
0.278995
0.290297
0.300724
0.308509
0.314035
0.31781
0.320302
0.32189
0.322856
0.323406
0.323683
0.239065
0.239224
0.239568
0.240203
0.241276
0.242992
0.24562
0.249499
0.255
0.262424
0.271346
0.279605
0.28578
0.29017
0.29317
0.29515
0.296411
0.297179
0.297618
0.29784
0.227208
0.227332
0.2276
0.228097
0.228934
0.230273
0.232328
0.235366
0.239682
0.245523
0.252563
0.259095
0.26399
0.267472
0.269852
0.271426
0.272429
0.27304
0.273388
0.273561
0.213981
0.214078
0.214288
0.214675
0.21533
0.216378
0.217988
0.220371
0.223761
0.228357
0.23391
0.239071
0.242944
0.245703
0.24759
0.248836
0.249628
0.250109
0.250382
0.25052
0.199687
0.199762
0.199926
0.200229
0.200742
0.201564
0.202826
0.204695
0.207357
0.210973
0.215348
0.219423
0.222484
0.224666
0.226157
0.227141
0.227769
0.228152
0.22837
0.228479
0.184557
0.184616
0.184744
0.184982
0.185384
0.186027
0.187017
0.188485
0.190578
0.193421
0.196866
0.200079
0.202492
0.204212
0.20539
0.20617
0.206667
0.206968
0.207141
0.207227
0.168774
0.16882
0.16892
0.169106
0.169421
0.169926
0.170702
0.171852
0.173493
0.175726
0.178435
0.180963
0.182865
0.184222
0.185152
0.185764
0.186155
0.186392
0.186525
0.186592
0.152479
0.152515
0.152594
0.15274
0.152986
0.153381
0.153988
0.154888
0.156172
0.157923
0.160048
0.162033
0.163529
0.164597
0.165327
0.165809
0.166116
0.166302
0.166409
0.166462
0.135787
0.135815
0.135876
0.135989
0.136181
0.136488
0.136962
0.137666
0.13867
0.140038
0.141699
0.14325
0.144417
0.145249
0.145819
0.146195
0.146436
0.146583
0.146666
0.146707
0.118782
0.118804
0.118851
0.118939
0.119088
0.119326
0.119693
0.120238
0.121017
0.122078
0.123367
0.124573
0.125482
0.126131
0.126577
0.126872
0.127058
0.127171
0.127237
0.12727
0.101534
0.101551
0.101588
0.101656
0.101771
0.101954
0.102236
0.102654
0.103252
0.104066
0.105057
0.105985
0.106685
0.107186
0.107528
0.107752
0.107897
0.107985
0.108035
0.108059
0.0841035
0.0841162
0.084144
0.0841947
0.0842802
0.0844186
0.0846328
0.0849496
0.0854015
0.0860175
0.0867659
0.0874659
0.0879928
0.0883678
0.088625
0.0887965
0.0889055
0.0889704
0.0890066
0.0890254
0.0665295
0.0665389
0.0665594
0.0665975
0.0666622
0.0667649
0.0669213
0.067153
0.0674839
0.0679345
0.0684825
0.0689957
0.0693842
0.0696643
0.0698568
0.0699819
0.0700608
0.0701103
0.07014
0.070155
0.048857
0.0488647
0.0488819
0.0489096
0.0489547
0.0490264
0.0491354
0.0492953
0.0495234
0.0498346
0.0502127
0.0505677
0.0508362
0.0510272
0.0511597
0.0512507
0.0513099
0.0513446
0.051363
0.0513717
0.0311152
0.03112
0.0311294
0.031148
0.0311798
0.0312246
0.0312901
0.0313871
0.0315256
0.0317167
0.0319496
0.0321661
0.0323296
0.0324462
0.0325253
0.0325758
0.032607
0.0326264
0.0326381
0.032645
0.00447923
0.00446357
0.004443
0.00443915
0.00444016
0.00444691
0.00445908
0.00447753
0.00450272
0.00453503
0.00456941
0.00459824
0.00462026
0.00463655
0.00464667
0.00465328
0.0046584
0.00466462
0.00467153
0.0139758
-1.35019
-0.414338
-0.0169307
0.193537
0.315289
0.346037
0.269564
0.0795726
-0.24083
-0.212263
-0.20067
-0.0334351
0.125664
0.226948
0.250842
0.222191
0.141724
0.0351066
-0.0274995
-0.00760548
0.0716897
0.136948
0.199765
0.226475
0.217345
0.187048
0.149174
0.116773
0.109921
0.116474
0.185815
0.210967
0.235726
0.242686
0.234803
0.220769
0.211451
0.207888
0.215224
0.235957
0.249225
0.261748
0.276056
0.283256
0.284894
0.285502
0.291204
0.30095
0.318031
0.343538
0.305481
0.317814
0.331942
0.344043
0.354071
0.36425
0.378469
0.395
0.415152
0.439082
0.370601
0.386007
0.402345
0.418572
0.434567
0.450155
0.468001
0.487222
0.506847
0.528104
0.448224
0.465186
0.48317
0.502018
0.520948
0.538303
0.557078
0.575584
0.593747
0.612246
0.53497
0.552957
0.571123
0.590336
0.609456
0.626728
0.644371
0.660946
0.677682
0.694012
0.629025
0.645748
0.662924
0.680862
0.698692
0.714601
0.730465
0.745503
0.759656
0.772821
0.726878
0.742156
0.757573
0.773556
0.789553
0.803687
0.817277
0.829219
0.838939
0.845802
0.817588
0.831442
0.846999
0.863097
0.87791
0.89117
0.902646
0.911121
0.913995
0.914789
0.918344
0.939489
0.961348
0.97971
0.993927
1.00535
1.0138
1.02021
1.0221
1.01507
1.01388
1.03709
1.05261
1.06463
1.07606
1.08631
1.0944
1.10002
1.10323
1.10092
1.16123
1.18739
1.20692
1.22025
1.22932
1.23693
1.24644
1.25797
1.26989
1.2722
1.50866
1.45441
1.40747
1.36891
1.34588
1.34085
1.3531
1.38505
1.43766
1.50867
1.79848
1.74248
1.70519
1.67761
1.65669
1.64021
1.62699
1.61647
1.60853
1.60351
1.60248
1.60592
1.61263
1.62198
1.63389
1.6487
1.66726
1.6912
1.72332
1.76788
1.58819
1.5885
1.58659
1.58214
1.57538
1.56738
1.55924
1.55194
1.54633
1.5435
1.54465
1.54923
1.55594
1.56388
1.57214
1.57971
1.58546
1.58859
1.58957
1.58855
1.59032
1.59142
1.59299
1.59335
1.59158
1.58838
1.58404
1.57916
1.57457
1.57124
1.57057
1.573
1.5773
1.58227
1.58706
1.59096
1.59353
1.59425
1.59324
1.59122
1.57388
1.57385
1.57369
1.57325
1.57236
1.57083
1.56856
1.56573
1.56282
1.56064
1.56025
1.56201
1.56489
1.568
1.57069
1.57265
1.57389
1.57454
1.57481
1.57489
1.56041
1.56041
1.5603
1.56001
1.55946
1.55853
1.5572
1.55551
1.55372
1.55233
1.55214
1.55341
1.55536
1.55734
1.559
1.56021
1.56097
1.5614
1.56159
1.56163
1.54796
1.54796
1.54792
1.54777
1.54747
1.54696
1.54622
1.54525
1.5442
1.54341
1.54341
1.54434
1.54565
1.54693
1.54795
1.54868
1.54914
1.54939
1.5495
1.54952
1.53627
1.53627
1.53624
1.53615
1.53599
1.53571
1.53531
1.53479
1.53422
1.53386
1.53401
1.53474
1.53567
1.53653
1.5372
1.53766
1.53795
1.53811
1.53818
1.5382
1.52494
1.52494
1.52492
1.52488
1.5248
1.52467
1.52447
1.52424
1.52401
1.52395
1.52424
1.52488
1.52559
1.52622
1.52669
1.52701
1.52721
1.52732
1.52736
1.52737
1.5138
1.51379
1.51379
1.51377
1.51374
1.5137
1.51365
1.51361
1.51363
1.5138
1.51423
1.51487
1.51549
1.516
1.51636
1.51661
1.51676
1.51684
1.51688
1.51689
1.5027
1.5027
1.5027
1.5027
1.50272
1.50274
1.5028
1.50291
1.50311
1.50349
1.50409
1.50479
1.5054
1.50587
1.5062
1.50642
1.50655
1.50662
1.50665
1.50665
1.49157
1.49157
1.49157
1.4916
1.49164
1.49173
1.49187
1.49211
1.49249
1.49307
1.49387
1.49469
1.49536
1.49585
1.49619
1.4964
1.49653
1.4966
1.49663
1.49663
1.48033
1.48033
1.48034
1.48038
1.48046
1.4806
1.48083
1.4812
1.48175
1.48256
1.4836
1.48462
1.4854
1.48596
1.48634
1.48658
1.48672
1.48679
1.48683
1.48683
1.46892
1.46891
1.46893
1.46898
1.4691
1.46929
1.46962
1.47014
1.4709
1.47197
1.47332
1.4746
1.47556
1.47624
1.47669
1.47697
1.47713
1.47722
1.47726
1.47726
1.45724
1.45724
1.45726
1.45734
1.45749
1.45776
1.4582
1.45889
1.4599
1.46131
1.46304
1.46466
1.46587
1.46671
1.46726
1.46761
1.46782
1.46792
1.46797
1.46797
1.44522
1.44522
1.44525
1.44535
1.44555
1.44591
1.44649
1.4474
1.44872
1.45055
1.45279
1.45486
1.45638
1.45744
1.45813
1.45857
1.45882
1.45896
1.45901
1.45902
1.43274
1.43273
1.43278
1.43291
1.43318
1.43365
1.43441
1.4356
1.43732
1.43969
1.44257
1.44521
1.44715
1.44849
1.44937
1.44992
1.45024
1.45041
1.45048
1.45048
1.41964
1.41964
1.4197
1.41987
1.42022
1.42084
1.42185
1.4234
1.42564
1.42871
1.43241
1.43578
1.43825
1.43995
1.44106
1.44176
1.44216
1.44238
1.44247
1.44247
1.40573
1.40572
1.40581
1.40604
1.4065
1.40733
1.40865
1.41068
1.41361
1.41758
1.42233
1.42664
1.42977
1.43193
1.43334
1.43422
1.43473
1.435
1.43511
1.43512
1.39073
1.39073
1.39084
1.39115
1.39178
1.39287
1.39463
1.3973
1.40112
1.40627
1.41236
1.41785
1.42182
1.42455
1.42634
1.42745
1.42809
1.42843
1.42857
1.42859
1.37427
1.37427
1.37443
1.37486
1.37571
1.37718
1.37954
1.38308
1.38809
1.39475
1.40255
1.40952
1.41454
1.41799
1.42024
1.42164
1.42246
1.42289
1.42307
1.42308
1.3558
1.35581
1.35604
1.35665
1.35783
1.35985
1.36304
1.36777
1.37437
1.38301
1.39296
1.40176
1.40808
1.41242
1.41526
1.41704
1.41807
1.41862
1.41884
1.41886
1.33452
1.33455
1.3349
1.33578
1.33746
1.3403
1.3447
1.35111
1.35986
1.37104
1.38367
1.39471
1.40262
1.40806
1.41165
1.41391
1.41523
1.41593
1.41622
1.41625
1.30917
1.30922
1.30979
1.31114
1.31364
1.31777
1.32401
1.33281
1.34445
1.35889
1.37479
1.38849
1.39832
1.40512
1.40967
1.41257
1.41429
1.41521
1.4156
1.41564
1.27758
1.27771
1.27872
1.28097
1.28496
1.29126
1.30037
1.31264
1.32817
1.34668
1.36645
1.38324
1.3953
1.40378
1.40957
1.41336
1.41569
1.41696
1.41753
1.41761
1.23557
1.23593
1.2381
1.24241
1.24944
1.25965
1.27335
1.29061
1.31121
1.33463
1.35879
1.379
1.39357
1.40403
1.41144
1.41655
1.41989
1.42189
1.42287
1.4231
1.17436
1.17573
1.1819
1.19182
1.20535
1.2225
1.2432
1.2672
1.29405
1.32305
1.35192
1.37569
1.39291
1.4056
1.41501
1.42197
1.42704
1.43062
1.43292
1.43386
1.07922
1.08809
1.1079
1.13034
1.15495
1.18204
1.21166
1.24356
1.27726
1.31211
1.34569
1.37295
1.3929
1.40802
1.4198
1.42922
1.43691
1.44335
1.44877
1.45346
0.982268
1.00314
1.03677
1.07086
1.10603
1.14264
1.18078
1.22023
1.26054
1.30104
1.33923
1.36994
1.39252
1.41001
1.4241
1.43583
1.44591
1.4548
1.46262
1.47191
0.918712
0.938335
0.977719
1.01912
1.06218
1.1067
1.15237
1.19872
1.24509
1.29061
1.33246
1.36538
1.38932
1.4078
1.42268
1.43497
1.44535
1.45425
1.46192
1.47058
0.866753
0.887787
0.930617
0.976347
1.02468
1.07512
1.12696
1.17931
1.23106
1.28089
1.32544
1.35937
1.3834
1.40164
1.41617
1.42808
1.43805
1.44655
1.45377
1.46169
0.822785
0.844556
0.8902
0.939487
0.992081
1.04739
1.10446
1.16203
1.21851
1.27201
1.31838
1.35219
1.37521
1.39225
1.40567
1.41667
1.42591
1.43381
1.44057
1.44782
0.783674
0.806303
0.854323
0.906617
0.962915
1.02248
1.08418
1.14647
1.20728
1.264
1.3115
1.34423
1.3652
1.38016
1.39182
1.40144
1.40965
1.4168
1.42309
1.42949
0.747512
0.770983
0.821218
0.876357
0.936017
0.999504
1.06549
1.13223
1.19715
1.2569
1.30511
1.33592
1.35384
1.36574
1.37486
1.38257
1.38938
1.39555
1.40111
1.40698
0.713084
0.737462
0.789843
0.847655
0.910556
0.977715
1.04784
1.11888
1.18792
1.25075
1.29954
1.32775
1.34155
1.34926
1.35485
1.35991
1.36486
1.36975
1.3745
1.37974
0.679717
0.704928
0.759398
0.819844
0.88583
0.956574
1.0307
1.10604
1.17931
1.2455
1.29508
1.32027
1.32881
1.33092
1.33168
1.33307
1.33546
1.33866
1.34239
1.34666
0.646754
0.672827
0.729435
0.792425
0.861408
0.935635
1.01371
1.09335
1.17106
1.24108
1.29203
1.3141
1.3163
1.31105
1.3052
1.30143
1.30022
1.30108
1.30339
1.30669
0.614077
0.640641
0.699523
0.765035
0.836976
0.914596
0.996526
1.08051
1.16284
1.23731
1.29055
1.30994
1.30486
1.29021
1.27529
1.26423
1.25783
1.25533
1.25564
1.25773
0.581388
0.608557
0.669592
0.737559
0.812335
0.893259
0.978952
1.06723
1.15439
1.23391
1.29073
1.30852
1.29571
1.26936
1.24211
1.2206
1.2066
1.19918
1.19665
1.1973
0.548518
0.576311
0.639499
0.709873
0.787435
0.871507
0.960837
1.05331
1.1454
1.23053
1.29237
1.31047
1.29035
1.2501
1.20631
1.16975
1.14435
1.1295
1.12272
1.1213
0.515797
0.544041
0.609358
0.682056
0.76226
0.849351
0.942122
1.03864
1.1356
1.22675
1.29514
1.31618
1.29049
1.2349
1.16949
1.11119
1.06846
1.04203
1.02875
1.02439
0.482843
0.511816
0.57921
0.654176
0.7369
0.826826
0.922828
1.02314
1.1248
1.22216
1.29841
1.32556
1.29777
1.22712
1.13472
1.04529
0.975784
0.930956
0.907348
0.898679
0.450052
0.479811
0.549203
0.626352
0.711468
0.804005
0.903028
1.00685
1.11291
1.21638
1.30141
1.33794
1.3133
1.23092
1.10719
0.973848
0.862573
0.787831
0.747662
0.733388
0.417627
0.448184
0.519526
0.598761
0.686106
0.781082
0.88281
0.98983
1.0999
1.20912
1.30324
1.35196
1.33698
1.2504
1.09455
0.90047
0.723462
0.597565
0.535439
0.513692
0.385998
0.417178
0.490364
0.571522
0.660989
0.758231
0.862371
0.972169
1.0858
1.20024
1.30312
1.36573
1.36691
1.28813
1.10691
0.830325
0.533784
0.325812
0.238043
0.217326
0.354802
0.386805
0.461806
0.544881
0.636294
0.735544
0.841854
0.954112
1.07076
1.18966
1.30048
1.37711
1.3991
1.34254
1.15538
0.772003
0.23016
-0.172913
-0.243647
-0.186084
0.324549
0.357252
0.434012
0.518916
0.612146
0.713263
0.821467
0.935793
1.055
1.1775
1.2949
1.3842
1.42811
1.40513
1.24463
0.743724
-0.494981
-1.58729
-1.23328
-0.600662
0.295068
0.328504
0.40711
0.493668
0.588528
0.691248
0.801186
0.91728
1.03848
1.16382
1.28629
1.38565
1.44886
1.46148
1.35309
0.82795
-1.01682
-3.25578
-2.42171
-0.755553
0.265961
0.300432
0.381174
0.469122
0.565225
0.669212
0.780517
0.897925
1.02058
1.14779
1.27362
1.38001
1.4568
1.49656
1.45262
1.11562
-0.0635977
-1.14634
-1.21983
-0.821876
0.237137
0.273445
0.356487
0.445558
0.542539
0.647447
0.759773
0.877919
1.00152
1.1298
1.25736
1.36668
1.44843
1.4961
1.46988
1.25368
0.750471
0.189594
0.0360647
0.0519987
0.20911
0.24958
0.332798
0.422485
0.519927
0.625751
0.738745
0.85733
0.981384
1.11008
1.23764
1.3459
1.42477
1.46544
1.43465
1.27366
0.96121
0.645394
0.433179
0.360254
0.194089
0.234374
0.313035
0.402461
0.500302
0.606791
0.717943
0.837732
0.96192
1.08988
1.21492
1.31775
1.38655
1.41489
1.36723
1.22013
0.976679
0.749774
0.570946
0.464684
0.253431
0.250039
0.332399
0.425099
0.527792
0.638412
0.755136
0.876831
1.00178
1.12894
1.24008
1.31614
1.34887
1.31893
1.21185
1.02048
0.820695
0.647278
0.505166
0.345721
0.158197
0.233198
0.312964
0.405559
0.508283
0.619324
0.735651
0.857491
0.982911
1.10925
1.21566
1.28038
1.29508
1.24678
1.12313
0.928714
0.716398
0.551175
0.389234
0.190119
0.104992
0.20087
0.28343
0.379876
0.484717
0.597352
0.715853
0.838197
0.961396
1.0823
1.17926
1.23098
1.22676
1.15334
1.0076
0.802066
0.560968
0.384144
0.202336
-0.0914601
0.0618214
0.165615
0.255854
0.354188
0.45999
0.571804
0.688483
0.808592
0.929709
1.04794
1.1392
1.18066
1.16364
1.07766
0.916035
0.688919
0.38985
0.143961
-0.11174
-0.643206
0.0181205
0.129944
0.22386
0.323859
0.431105
0.544718
0.663415
0.784892
0.906052
1.02102
1.10501
1.13593
1.10648
1.00819
0.832542
0.587558
0.221079
-0.14402
-0.611192
-1.95209
-0.0194379
0.0962407
0.19274
0.2954
0.404368
0.518803
0.637641
0.75847
0.877998
0.989813
1.06813
1.09155
1.05481
0.951832
0.773731
0.51913
0.114468
-0.4221
-1.07638
-3.26922
-0.0520165
0.0618687
0.159069
0.26311
0.373489
0.489454
0.609585
0.731211
0.850492
0.960138
1.03422
1.05296
1.01396
0.914379
0.749558
0.500354
0.157992
-0.376819
-0.87387
-1.01698
-0.0881251
0.0261434
0.123925
0.229592
0.341759
0.459418
0.58065
0.702753
0.821473
0.929397
1.00066
1.01782
0.98207
0.895666
0.760332
0.57558
0.336309
0.0170477
-0.37888
-0.429572
-0.12593
-0.0109099
0.0877147
0.194588
0.308317
0.427467
0.54984
0.672558
0.791268
0.89827
0.968616
0.98767
0.960865
0.896419
0.804547
0.699254
0.594291
0.498083
0.455234
0.474237
-0.167333
-0.0505163
0.0494383
0.157777
0.273177
0.393925
0.517579
0.641186
0.760257
0.86742
0.938748
0.963179
0.949765
0.910944
0.860232
0.811794
0.778233
0.767406
0.784341
0.811207
-0.211729
-0.0922744
0.00928406
0.119306
0.236503
0.358898
0.484082
0.608883
0.728942
0.83741
0.911726
0.944759
0.947027
0.932849
0.914918
0.902939
0.902581
0.914547
0.9364
0.956502
-0.257861
-0.136194
-0.0326428
0.0794056
0.198457
0.322754
0.449658
0.576032
0.697684
0.808674
0.888191
0.9315
0.949843
0.957098
0.963038
0.973223
0.98925
1.01027
1.03408
1.05327
-0.306986
-0.181661
-0.0758331
0.0383303
0.15954
0.285851
0.414698
0.543042
0.667024
0.781576
0.868637
0.921944
0.955591
0.980234
1.00284
1.02642
1.05142
1.0769
1.10169
1.12013
-0.356734
-0.228168
-0.119861
-0.00333378
0.120201
0.248683
0.379739
0.510404
0.637277
0.756396
0.851234
0.916282
0.962462
1.0002
1.03408
1.06592
1.09589
1.12356
1.14863
1.16728
-0.406917
-0.274472
-0.163747
-0.0447979
0.0810614
0.211849
0.345272
0.478543
0.608795
0.733245
0.836206
0.911288
0.968348
1.01581
1.05724
1.09409
1.12683
1.15579
1.18081
1.19951
-0.454408
-0.319446
-0.206379
-0.0851425
0.0429774
0.176098
0.311887
0.447903
0.581747
0.711649
0.822202
0.906437
0.972085
1.02646
1.07283
1.11271
1.147
1.1764
1.20139
1.2198
-0.499874
-0.361721
-0.246619
-0.12324
0.00694868
0.142203
0.280261
0.418897
0.556208
0.691339
0.809116
0.900613
0.972705
1.0319
1.0814
1.12306
1.15809
1.18764
1.21272
1.23097
-0.540238
-0.399905
-0.282877
-0.157802
-0.0258109
0.111149
0.251065
0.391869
0.53218
0.67188
0.795534
0.892716
0.969425
1.0318
1.08328
1.12592
1.16136
1.19091
1.21594
1.23413
-0.57408
-0.431694
-0.313328
-0.187006
-0.0539306
0.0840661
0.225026
0.3672
0.5096
0.65261
0.780605
0.881761
0.961503
1.02589
1.0785
1.12171
1.15732
1.18688
1.21187
1.22992
-0.597691
-0.454699
-0.335759
-0.209007
-0.0757639
0.0621858
0.203007
0.345191
0.488315
0.632934
0.76335
0.866779
0.948186
1.01366
1.06685
1.11032
1.14604
1.17555
1.20053
1.21844
-0.60888
-0.465286
-0.34695
-0.221143
-0.0892973
0.0468901
0.185834
0.326341
0.468166
0.612211
0.742819
0.846739
0.928543
0.994272
1.04762
1.09117
1.12695
1.15651
1.18188
1.19972
-0.601781
-0.459747
-0.343348
-0.220301
-0.0920058
0.0400474
0.174623
0.310918
0.448916
0.58977
0.718039
0.820426
0.901261
0.966369
1.01939
1.06284
1.09867
1.12834
1.15425
1.17185
-0.569852
-0.431956
-0.319645
-0.202332
-0.0808779
0.0436419
0.170513
0.299364
0.430435
0.564938
0.687936
0.786435
0.864513
0.927788
0.979736
1.02271
1.05849
1.08836
1.11484
1.13229
-0.50287
-0.372704
-0.269059
-0.162459
-0.0529381
0.0594216
0.174399
0.292009
0.412629
0.537235
0.651594
0.743255
0.816056
0.87539
0.924603
0.96597
1.00109
1.03098
1.05799
1.07578
-0.380071
-0.269781
-0.184514
-0.0970969
-0.00638914
0.0881148
0.186574
0.289024
0.39556
0.506596
0.608626
0.689955
0.753998
0.805839
0.848705
0.884991
0.91651
0.944511
0.970561
0.988772
-0.155221
-0.113717
-0.0643771
-0.00764552
0.0565253
0.12781
0.20582
0.290152
0.380289
0.475719
0.563551
0.632689
0.685881
0.727484
0.760355
0.786441
0.807445
0.825167
0.841129
0.853867
0.0388751
0.047609
0.0644917
0.090691
0.126929
0.173362
0.229733
0.295415
0.369505
0.450857
0.527189
0.587261
0.63267
0.667077
0.693054
0.712448
0.726435
0.735713
0.74093
0.743343
0.137025
0.141019
0.149275
0.163126
0.184209
0.214014
0.253513
0.302985
0.361989
0.429363
0.493891
0.544674
0.582385
0.609992
0.629717
0.643295
0.652184
0.657657
0.660692
0.6621
0.192824
0.195243
0.200269
0.209011
0.222817
0.243139
0.271347
0.308437
0.354688
0.409384
0.46283
0.504966
0.535838
0.557903
0.573215
0.583473
0.59004
0.593987
0.596121
0.59713
0.227372
0.229041
0.23244
0.238366
0.247888
0.262276
0.282871
0.310852
0.346896
0.390733
0.434325
0.468801
0.493859
0.511513
0.523561
0.531497
0.536506
0.539493
0.541112
0.541891
0.247964
0.249167
0.251594
0.255833
0.262699
0.273211
0.288531
0.309809
0.337869
0.372731
0.407909
0.435848
0.456074
0.470214
0.479779
0.48603
0.489951
0.492282
0.493547
0.494158
0.258961
0.259852
0.261642
0.264771
0.269857
0.277705
0.289278
0.305588
0.32745
0.355053
0.383238
0.405724
0.421981
0.433302
0.440925
0.445887
0.448993
0.450836
0.451837
0.452319
0.263042
0.263714
0.26506
0.267414
0.271252
0.277205
0.286046
0.298628
0.31569
0.33749
0.35996
0.377968
0.390993
0.400049
0.406134
0.410086
0.412554
0.414019
0.414814
0.415196
0.261999
0.262512
0.263539
0.265335
0.268267
0.27283
0.27964
0.289396
0.302736
0.319932
0.337789
0.352157
0.362561
0.369792
0.374646
0.3778
0.37977
0.380937
0.381568
0.381871
0.257095
0.25749
0.258279
0.259661
0.261922
0.265446
0.270724
0.278321
0.288767
0.302322
0.31648
0.327914
0.336206
0.341972
0.345842
0.348353
0.349919
0.350847
0.35135
0.351591
0.249246
0.249551
0.250163
0.251234
0.252986
0.255723
0.259831
0.265762
0.273955
0.284637
0.295847
0.304927
0.311523
0.316111
0.319191
0.32119
0.322437
0.323174
0.323572
0.323762
0.23913
0.239367
0.239842
0.240674
0.242039
0.244172
0.24738
0.252023
0.258456
0.266873
0.275738
0.282938
0.288174
0.291819
0.294268
0.295856
0.296845
0.297432
0.297751
0.297902
0.227258
0.227443
0.227814
0.228464
0.229529
0.231196
0.233706
0.237346
0.242399
0.249032
0.256036
0.261736
0.265888
0.26878
0.270724
0.271987
0.272775
0.273241
0.273492
0.27361
0.214021
0.214165
0.214455
0.214962
0.215796
0.217101
0.219069
0.221925
0.225898
0.231122
0.236652
0.24116
0.244448
0.24674
0.248281
0.249279
0.2499
0.250266
0.250465
0.250558
0.199717
0.19983
0.200057
0.200454
0.201107
0.202131
0.203673
0.205915
0.209038
0.213151
0.217513
0.221074
0.223673
0.225486
0.226703
0.227493
0.227986
0.228278
0.228436
0.228509
0.184581
0.184669
0.184847
0.185159
0.18567
0.186472
0.187683
0.189444
0.191899
0.195135
0.198572
0.20138
0.203429
0.20486
0.205822
0.206448
0.206838
0.207068
0.207192
0.207251
0.168793
0.168862
0.169
0.169244
0.169646
0.170274
0.171223
0.172604
0.17453
0.177074
0.179777
0.181989
0.183605
0.184733
0.185491
0.185983
0.186289
0.186469
0.186565
0.18661
0.152494
0.152548
0.152657
0.152848
0.153161
0.153653
0.154396
0.155476
0.156985
0.15898
0.161102
0.162839
0.164111
0.164998
0.165594
0.165981
0.166221
0.166363
0.166441
0.166477
0.135798
0.135841
0.135925
0.136073
0.136317
0.136701
0.137281
0.138126
0.139305
0.140864
0.142522
0.143879
0.144871
0.145562
0.146028
0.14633
0.146519
0.146631
0.146691
0.146718
0.118791
0.118824
0.118889
0.119005
0.119194
0.119491
0.11994
0.120595
0.121509
0.122719
0.124007
0.125063
0.125835
0.126376
0.12674
0.126976
0.127122
0.127209
0.127257
0.127279
0.101541
0.101566
0.101617
0.101706
0.101852
0.10208
0.102425
0.102928
0.10363
0.104559
0.10555
0.106362
0.106958
0.107373
0.107652
0.107833
0.107947
0.108014
0.108049
0.108065
0.0841087
0.0841278
0.0841659
0.0842322
0.0843417
0.0845148
0.0847763
0.0851564
0.0856875
0.0863895
0.0871372
0.0877498
0.0881973
0.0885095
0.0887204
0.0888576
0.0889423
0.0889914
0.0890178
0.0890307
0.0665334
0.0665474
0.0665759
0.0666259
0.0667079
0.0668352
0.0670264
0.0673046
0.0676932
0.0682071
0.0687547
0.069205
0.0695365
0.0697697
0.069926
0.0700261
0.0700888
0.0701273
0.070149
0.070159
0.04886
0.0488722
0.048894
0.0489295
0.0489867
0.0490754
0.049208
0.0493998
0.0496678
0.0500225
0.0504008
0.0507123
0.0509402
0.0511
0.05121
0.0512838
0.0513297
0.0513553
0.0513683
0.0513745
0.0311161
0.0311241
0.0311366
0.0311623
0.0312002
0.0312541
0.031334
0.0314504
0.0316138
0.0318331
0.0320646
0.0322543
0.0323933
0.0324897
0.0325534
0.0325933
0.032618
0.0326331
0.0326422
0.0326471
0.0133414
0.0133348
0.0133404
0.0133318
0.0133316
0.0133457
0.0133718
0.0134117
0.0134686
0.0135457
0.0136418
0.0137355
0.0138088
0.0138628
0.0139025
0.0139324
0.0139512
0.0139626
0.0139705
0.0139773
-0.626908
-0.170991
0.120317
0.264307
0.347311
0.314509
0.194996
-0.0808832
-0.313509
0.141849
-0.0160156
0.120774
0.199837
0.243507
0.243801
0.187287
0.0897245
-0.00606719
-0.00461528
0.0208923
0.142749
0.200069
0.219271
0.225335
0.203791
0.168815
0.131421
0.113627
0.12507
0.152534
0.218582
0.239455
0.243511
0.240029
0.22754
0.215681
0.209363
0.214484
0.234451
0.273978
0.27007
0.281177
0.283847
0.284555
0.28489
0.287571
0.296752
0.313485
0.339616
0.376055
0.324369
0.335776
0.342808
0.349697
0.358842
0.370727
0.387887
0.410066
0.436301
0.466074
0.390428
0.404497
0.416024
0.427604
0.442079
0.458665
0.478789
0.50175
0.526385
0.552377
0.468036
0.484286
0.498726
0.512818
0.529451
0.547484
0.567402
0.588843
0.610722
0.633403
0.55483
0.571386
0.586758
0.601233
0.617989
0.635555
0.653394
0.672577
0.691851
0.712125
0.64685
0.662191
0.677366
0.690623
0.706645
0.722407
0.738724
0.754923
0.770816
0.787339
0.742923
0.756432
0.769056
0.782402
0.796635
0.81042
0.823438
0.835665
0.845653
0.855132
0.829886
0.842678
0.85656
0.870271
0.884778
0.897153
0.906914
0.914218
0.920122
0.922399
0.931945
0.952187
0.970445
0.986996
1.00011
1.00994
1.01744
1.02172
1.02288
1.01895
1.02438
1.0442
1.05904
1.07046
1.0814
1.09065
1.09754
1.10163
1.10332
1.10662
1.17112
1.19821
1.2144
1.22514
1.23301
1.24144
1.25202
1.26419
1.27284
1.28108
1.47717
1.43101
1.38636
1.35525
1.34124
1.3446
1.36654
1.40887
1.47081
1.56206
1.63736
1.6414
1.63381
1.62154
1.6085
1.59651
1.5862
1.57781
1.57172
1.56871
1.56992
1.5748
1.58225
1.59172
1.60298
1.61567
1.62871
1.63933
1.64214
1.63807
1.58684
1.58969
1.59034
1.58834
1.58412
1.57831
1.57179
1.56555
1.56057
1.55796
1.55904
1.5632
1.56911
1.57572
1.58208
1.58726
1.59046
1.59121
1.58917
1.58695
1.58298
1.58331
1.58322
1.58276
1.58146
1.579
1.57562
1.57187
1.56856
1.56678
1.56761
1.57055
1.57439
1.57817
1.58122
1.58317
1.58391
1.58433
1.58412
1.58377
1.56682
1.56677
1.5665
1.56592
1.56494
1.56345
1.56144
1.55914
1.55701
1.55586
1.55652
1.55858
1.56109
1.56343
1.56529
1.56656
1.56735
1.56777
1.5679
1.56788
1.55407
1.55405
1.55393
1.55364
1.5531
1.55227
1.55111
1.54975
1.54846
1.5478
1.54833
1.54976
1.5514
1.55286
1.55397
1.55472
1.55516
1.55538
1.55546
1.55544
1.54205
1.54204
1.54197
1.54181
1.54151
1.54105
1.5404
1.53964
1.53892
1.53863
1.53911
1.54012
1.54122
1.54216
1.54286
1.54332
1.54359
1.54373
1.54378
1.54377
1.53057
1.53056
1.53052
1.53044
1.53028
1.53004
1.52971
1.52933
1.52901
1.52899
1.52946
1.53024
1.53102
1.53166
1.53213
1.53243
1.53261
1.5327
1.53273
1.53273
1.51936
1.51935
1.51933
1.51929
1.51923
1.51913
1.519
1.51888
1.51884
1.51904
1.51956
1.52022
1.52083
1.52132
1.52166
1.52188
1.52201
1.52207
1.52209
1.52209
1.50824
1.50824
1.50824
1.50823
1.50823
1.50823
1.50825
1.50832
1.5085
1.50889
1.50951
1.51015
1.5107
1.51111
1.51139
1.51157
1.51167
1.51172
1.51174
1.51173
1.49714
1.49714
1.49715
1.49717
1.49721
1.49729
1.49742
1.49765
1.49803
1.49862
1.49938
1.50008
1.50063
1.50103
1.50129
1.50146
1.50155
1.5016
1.50161
1.50161
1.48597
1.48597
1.48599
1.48603
1.48611
1.48626
1.4865
1.48688
1.48745
1.48827
1.48922
1.49004
1.49065
1.49108
1.49137
1.49154
1.49164
1.49169
1.4917
1.49169
1.47465
1.47465
1.47468
1.47475
1.47487
1.47509
1.47544
1.47598
1.47677
1.47786
1.47906
1.48007
1.4808
1.4813
1.48163
1.48183
1.48195
1.482
1.48202
1.482
1.46312
1.46312
1.46316
1.46325
1.46343
1.46373
1.46421
1.46494
1.46599
1.46741
1.46894
1.4702
1.4711
1.47172
1.47212
1.47236
1.4725
1.47256
1.47258
1.47257
1.45128
1.45129
1.45134
1.45147
1.4517
1.4521
1.45274
1.4537
1.45508
1.45692
1.45889
1.46048
1.46161
1.46238
1.46288
1.46318
1.46334
1.46343
1.46345
1.46343
1.43904
1.43905
1.43913
1.43929
1.4396
1.44013
1.44097
1.44223
1.44402
1.4464
1.44892
1.45094
1.45238
1.45335
1.45398
1.45435
1.45457
1.45467
1.4547
1.45467
1.42628
1.42629
1.42638
1.4266
1.42702
1.42771
1.42881
1.43045
1.43277
1.43585
1.43908
1.44165
1.44348
1.44471
1.4455
1.44598
1.44624
1.44637
1.44641
1.44638
1.4128
1.41282
1.41295
1.41324
1.41378
1.4147
1.41614
1.41828
1.4213
1.42526
1.4294
1.43268
1.435
1.43656
1.43756
1.43816
1.4385
1.43866
1.43871
1.43867
1.39838
1.39841
1.39859
1.39898
1.3997
1.40091
1.40281
1.40562
1.40953
1.41464
1.41993
1.42411
1.42706
1.42903
1.43029
1.43105
1.43148
1.43168
1.43174
1.43169
1.38271
1.38276
1.38299
1.38352
1.38449
1.38611
1.38863
1.39232
1.39742
1.404
1.41075
1.41605
1.41978
1.42227
1.42387
1.42483
1.42536
1.42562
1.4257
1.42564
1.36533
1.3654
1.36573
1.36646
1.36779
1.36997
1.37334
1.37822
1.38488
1.39335
1.40193
1.40863
1.41333
1.41647
1.41849
1.4197
1.42038
1.42071
1.42081
1.42073
1.34558
1.34569
1.34617
1.3472
1.34905
1.35207
1.35663
1.36314
1.37186
1.38273
1.39358
1.40199
1.40789
1.41185
1.4144
1.41594
1.4168
1.41722
1.41735
1.41725
1.32246
1.32266
1.32339
1.3249
1.32756
1.33182
1.33812
1.34689
1.3583
1.37219
1.38581
1.39629
1.40366
1.40864
1.41187
1.41385
1.41497
1.41551
1.41568
1.41555
1.29436
1.29472
1.2959
1.29826
1.30228
1.3085
1.3174
1.3293
1.34425
1.36186
1.37875
1.39166
1.4008
1.40708
1.41122
1.41381
1.4153
1.41603
1.41628
1.41612
1.25833
1.25912
1.26128
1.26532
1.27184
1.28133
1.29416
1.31041
1.32986
1.3519
1.37252
1.38821
1.39942
1.40731
1.4127
1.41621
1.41832
1.41941
1.41982
1.41966
1.20809
1.21057
1.21552
1.22343
1.2348
1.24982
1.26847
1.29053
1.31547
1.34255
1.36721
1.38587
1.39941
1.40925
1.41632
1.42127
1.42455
1.42652
1.42747
1.42743
1.13009
1.14039
1.1538
1.17049
1.19072
1.21428
1.24089
1.2701
1.30132
1.33378
1.36255
1.3842
1.40017
1.41218
1.42133
1.42833
1.43367
1.43777
1.44123
1.44114
1.03762
1.05895
1.08577
1.1146
1.14552
1.17847
1.21333
1.24979
1.28728
1.32511
1.35809
1.38292
1.40161
1.41624
1.42797
1.43756
1.44544
1.45198
1.45724
1.45728
0.954008
0.987566
1.02447
1.06322
1.10343
1.14493
1.18754
1.23084
1.2742
1.31685
1.35324
1.38037
1.40087
1.41711
1.4304
1.44145
1.45062
1.45819
1.46409
1.46481
0.897122
0.933275
0.97477
1.01934
1.06614
1.11451
1.1638
1.21323
1.26184
1.30853
1.34727
1.37546
1.39645
1.41292
1.42629
1.43729
1.44636
1.45377
1.45958
1.46062
0.848766
0.887888
0.933105
0.982074
1.03392
1.0878
1.14275
1.19754
1.25071
1.30062
1.34061
1.36866
1.38898
1.40469
1.41735
1.42778
1.43638
1.44343
1.44903
1.45024
0.806989
0.84843
0.896689
0.949294
1.0054
1.06401
1.12392
1.1835
1.24072
1.29319
1.3335
1.36033
1.37899
1.39315
1.40453
1.41398
1.42189
1.42845
1.43375
1.43507
0.76902
0.812719
0.863715
0.919571
0.979465
1.04235
1.1068
1.17082
1.2318
1.28642
1.3263
1.35092
1.36695
1.37874
1.38825
1.39631
1.40325
1.40916
1.41411
1.41547
0.733403
0.779294
0.832871
0.891776
0.955203
1.02211
1.09086
1.1592
1.22385
1.28048
1.31943
1.3409
1.35323
1.36167
1.36856
1.37472
1.38037
1.38545
1.38994
1.39126
0.699241
0.747224
0.803294
0.865111
0.931936
1.00269
1.07565
1.14827
1.21674
1.27555
1.31333
1.33078
1.33817
1.34205
1.34531
1.34886
1.35275
1.35673
1.36061
1.36189
0.66595
0.71583
0.77436
0.839005
0.909127
0.983628
1.06075
1.13774
1.21029
1.27174
1.30847
1.32119
1.32222
1.31993
1.31816
1.31806
1.31949
1.32195
1.32495
1.32601
0.632644
0.684752
0.745667
0.813074
0.886395
0.964563
1.04581
1.12725
1.20428
1.26904
1.30535
1.31288
1.306
1.29546
1.2867
1.28139
1.27934
1.27965
1.28144
1.28224
0.599726
0.653727
0.716944
0.78704
0.863494
0.945243
1.03055
1.11655
1.19841
1.26741
1.30437
1.30681
1.29047
1.26903
1.25046
1.23766
1.23053
1.22774
1.22784
1.22819
0.566551
0.622587
0.688112
0.760827
0.840257
0.925488
1.01477
1.10533
1.19234
1.26658
1.30584
1.30405
1.27706
1.24155
1.20924
1.18544
1.17072
1.16333
1.16099
1.16066
0.533397
0.591358
0.659138
0.73438
0.816714
0.90523
0.998333
1.09339
1.18578
1.2662
1.30979
1.30571
1.26776
1.21469
1.16324
1.12316
1.09684
1.08236
1.07637
1.075
0.50023
0.560145
0.630088
0.707773
0.79286
0.884477
0.981205
1.08058
1.17838
1.26574
1.31593
1.31266
1.26503
1.19135
1.11372
1.04927
1.00484
0.979186
0.967586
0.964557
0.467192
0.528993
0.601071
0.681114
0.768772
0.863317
0.963389
1.06682
1.16987
1.26463
1.32353
1.32528
1.27162
1.17589
1.06351
0.962602
0.889357
0.845714
0.825329
0.820039
0.434441
0.498166
0.572252
0.654499
0.744617
0.841833
0.944942
1.05209
1.16009
1.26229
1.33161
1.34299
1.28976
1.1742
1.01802
0.862451
0.74191
0.669591
0.637328
0.629484
0.402275
0.467757
0.543775
0.628123
0.720492
0.820151
0.926047
1.03651
1.14899
1.25825
1.33881
1.36414
1.32025
1.19302
0.985807
0.74579
0.544775
0.429801
0.383309
0.375404
0.370841
0.437986
0.515842
0.602174
0.696598
0.798466
0.906798
1.02016
1.13654
1.25219
1.34381
1.38598
1.36109
1.23804
0.979924
0.602676
0.240688
0.0561814
0.0238458
0.0420584
0.339937
0.40887
0.488552
0.576736
0.673073
0.776955
0.887385
1.00323
1.12287
1.24394
1.34558
1.40512
1.40653
1.30923
1.01917
0.393075
-0.4358
-0.742881
-0.505666
-0.313594
0.310084
0.380687
0.462148
0.552057
0.650066
0.755733
0.867989
0.985849
1.1082
1.23358
1.34335
1.41839
1.44752
1.39321
1.1211
0.0910538
-2.13199
-2.631
-1.13637
-0.633373
0.280791
0.353279
0.436541
0.527915
0.627304
0.734417
0.848171
0.967635
1.09201
1.22057
1.3364
1.4235
1.47623
1.46601
1.26002
0.420106
-1.59157
-2.41472
-1.60534
-0.735543
0.251905
0.326957
0.411696
0.504296
0.604885
0.713144
0.827966
0.948539
1.07426
1.20467
1.32399
1.41798
1.48368
1.50097
1.38653
0.905582
-0.0305275
-0.436711
-0.406193
-0.269429
0.223279
0.302888
0.38821
0.48163
0.58325
0.692533
0.807859
0.929455
1.05559
1.18633
1.30612
1.40068
1.46602
1.48396
1.39638
1.09757
0.687342
0.335373
0.277795
0.209232
0.198347
0.28185
0.367322
0.460792
0.562812
0.672535
0.787996
0.910087
1.03616
1.16598
1.28362
1.37417
1.42985
1.43369
1.34464
1.12084
0.849136
0.608111
0.4774
0.366023
0.708786
0.829338
0.953975
1.08205
1.20601
1.30617
1.3697
0.478154
0.174956
0.205834
0.28075
0.367015
0.466273
0.573417
0.687796
0.807871
0.93072
1.05475
1.172
1.26321
1.31122
1.30682
1.22948
1.07843
0.857893
0.678833
0.521376
0.141637
0.181199
0.257858
0.345174
0.44476
0.551952
0.665389
0.784625
0.90682
1.03032
1.1455
1.22923
1.26388
1.23756
1.1402
0.977253
0.750479
0.563967
0.400695
0.104486
0.14444
0.225313
0.317864
0.419073
0.527483
0.643204
0.763113
0.884943
1.00611
1.11547
1.18629
1.20413
1.15946
1.04109
0.8554
0.602081
0.367177
0.169589
0.0639763
0.105656
0.193654
0.288798
0.39107
0.500725
0.616216
0.736184
0.857805
0.977486
1.08273
1.14707
1.15465
1.09777
0.967067
0.765102
0.475791
0.15329
-0.159375
0.0244473
0.0678753
0.159861
0.257907
0.362706
0.47417
0.591285
0.711829
0.832901
0.950534
1.05096
1.10659
1.10377
1.03681
0.897894
0.681056
0.37124
-0.0679475
-0.559404
-0.00856739
0.0343799
0.127813
0.227617
0.333952
0.446551
0.563905
0.684667
0.805636
0.921964
1.01888
1.06889
1.06036
0.990422
0.853881
0.637109
0.338092
-0.16901
-0.760679
-1.21261
-0.042574
-0.00112826
0.0921958
0.193379
0.301571
0.416016
0.53499
0.656728
0.777828
0.893072
0.987024
1.03317
1.02266
0.956512
0.833264
0.648607
0.385946
0.0320344
-0.489408
-0.867897
-0.0791097
-0.0374279
0.056326
0.158664
0.268433
0.384379
0.504603
0.627093
0.74836
0.862841
0.954913
0.999747
0.991807
0.937
0.840692
0.710564
0.554554
0.373678
0.181152
0.067323
-0.118431
-0.0762908
0.0182277
0.121875
0.233215
0.350787
0.47247
0.595994
0.717669
0.83195
0.923512
0.969904
0.96888
0.931252
0.868412
0.794413
0.724676
0.672813
0.652028
0.671963
-0.160117
-0.117456
-0.0216824
0.0833783
0.196377
0.315578
0.438875
0.563619
0.686153
0.801004
0.893699
0.944369
0.953725
0.936023
0.904709
0.872752
0.85096
0.845887
0.858116
0.884183
-0.205032
-0.161298
-0.0636844
0.0432192
0.158057
0.279085
0.404086
0.530316
0.65414
0.770361
0.866016
0.922971
0.944951
0.94723
0.942111
0.939223
0.943844
0.957207
0.977328
0.999465
-0.251041
-0.206805
-0.107288
0.00166374
0.118512
0.241514
0.368446
0.496464
0.622098
0.740633
0.840751
0.905036
0.941225
0.961313
0.976327
0.992405
1.01187
1.03438
1.05819
1.08048
-0.299227
-0.254149
-0.152144
-0.0408692
0.0781814
0.203355
0.332397
0.462528
0.59044
0.712154
0.817792
0.892317
0.940895
0.975507
1.00526
1.03366
1.0617
1.08893
1.11446
1.13645
-0.347934
-0.301901
-0.19737
-0.0837048
0.0376987
0.165164
0.296453
0.428916
0.559609
0.685167
0.796931
0.881548
0.941162
0.987974
1.02815
1.06438
1.09742
1.12719
1.15341
1.17518
-0.395615
-0.348615
-0.241944
-0.125906
-0.00217754
0.12762
0.261245
0.396235
0.529898
0.65972
0.778106
0.872093
0.941304
0.997219
1.04464
1.08589
1.12186
1.15298
1.1795
1.20064
-0.440455
-0.393123
-0.284478
-0.166421
-0.0404352
0.0915779
0.227464
0.364932
0.501635
0.63581
0.760826
0.862809
0.940123
1.00265
1.05493
1.09925
1.13685
1.16859
1.19517
1.21547
-0.482715
-0.434548
-0.323958
-0.203846
-0.0759519
0.0580008
0.195893
0.335575
0.475088
0.613246
0.744149
0.852945
0.936365
1.00357
1.05904
1.10521
1.14372
1.17565
1.20204
1.22174
-0.518926
-0.470267
-0.358223
-0.236652
-0.107266
0.0280503
0.167432
0.308713
0.450379
0.591739
0.727359
0.841276
0.929082
0.99949
1.05695
1.10422
1.14313
1.17509
1.20129
1.22052
-0.547208
-0.498279
-0.385277
-0.262924
-0.132798
0.00317191
0.143023
0.284947
0.427616
0.570927
0.709622
0.826909
0.917509
0.989834
1.04846
1.09627
1.13535
1.16725
1.1932
1.21189
-0.563768
-0.515208
-0.402421
-0.280161
-0.150446
-0.0151629
0.123751
0.264787
0.406963
0.550408
0.690122
0.808856
0.900711
0.973867
1.03297
1.08103
1.12019
1.152
1.17775
1.19606
-0.566016
-0.517844
-0.40606
-0.28523
-0.157587
-0.0249681
0.110974
0.248985
0.388453
0.529725
0.668025
0.786047
0.877549
0.950507
1.00948
1.05747
1.09658
1.12842
1.15402
1.17214
-0.547837
-0.50034
-0.391387
-0.27412
-0.151134
-0.0239231
0.106178
0.238309
0.372211
0.508469
0.642514
0.757307
0.84661
0.91809
0.97618
1.02369
1.06261
1.09443
1.12006
1.13847
-0.500868
-0.45505
-0.351539
-0.241641
-0.127187
-0.00945068
0.110896
0.233501
0.35842
0.486334
0.6128
0.721428
0.806167
0.874329
0.930161
0.9763
1.01452
1.04609
1.07175
1.09058
-0.412407
-0.36994
-0.278255
-0.182099
-0.0824979
0.0201742
0.125934
0.234847
0.347092
0.463116
0.578419
0.677446
0.754507
0.816471
0.867404
0.909918
0.945602
0.975648
1.00059
1.02061
-0.256025
-0.229471
-0.163894
-0.092785
-0.0166457
0.0644026
0.15051
0.241628
0.337594
0.438288
0.538893
0.624758
0.690595
0.742505
0.784316
0.818442
0.846416
0.868993
0.886881
0.901074
-0.0511669
-0.0379016
-0.0123706
0.022398
0.0666433
0.120279
0.182861
0.253831
0.332438
0.41785
0.504879
0.579371
0.63576
0.679043
0.712472
0.738431
0.758715
0.774739
0.786917
0.794719
0.0951611
0.0985649
0.10659
0.120942
0.143418
0.175365
0.217445
0.269683
0.331555
0.402053
0.476082
0.540071
0.588008
0.623833
0.650326
0.669484
0.682737
0.691277
0.696278
0.698816
0.167479
0.169321
0.173897
0.182388
0.196141
0.216672
0.245421
0.283437
0.331076
0.387853
0.449271
0.502916
0.542794
0.571913
0.592674
0.607015
0.616535
0.622539
0.626029
0.627765
0.211719
0.213002
0.215945
0.221416
0.23051
0.244544
0.26492
0.292935
0.329455
0.374555
0.42463
0.468831
0.501532
0.52505
0.541475
0.552576
0.559787
0.564239
0.566791
0.568077
0.238717
0.239639
0.241703
0.245525
0.251915
0.261918
0.276754
0.29768
0.325725
0.361299
0.401639
0.437599
0.464162
0.4831
0.49617
0.504895
0.510505
0.513945
0.515915
0.516912
0.254195
0.254876
0.256379
0.259157
0.263817
0.271171
0.282212
0.298042
0.319667
0.347636
0.37988
0.40888
0.430313
0.445525
0.455959
0.462883
0.467314
0.470024
0.471573
0.472359
0.261532
0.262045
0.263167
0.265238
0.268719
0.274236
0.282585
0.294684
0.311427
0.333389
0.359036
0.382278
0.399485
0.411678
0.420016
0.425532
0.429051
0.431199
0.432427
0.433051
0.262914
0.263305
0.264155
0.265724
0.268365
0.272566
0.278953
0.288271
0.301283
0.318529
0.338863
0.357407
0.37117
0.38092
0.38758
0.391979
0.394784
0.396495
0.397473
0.397968
0.259844
0.260144
0.260796
0.261998
0.264024
0.267252
0.272176
0.279396
0.289542
0.303087
0.319179
0.333932
0.344907
0.352689
0.358001
0.361509
0.363746
0.365109
0.365888
0.366281
0.253398
0.25363
0.254133
0.255062
0.256627
0.259125
0.262944
0.268563
0.276493
0.287138
0.299855
0.311565
0.320297
0.326494
0.330727
0.333522
0.3353
0.336382
0.337
0.337313
0.244362
0.244542
0.244932
0.245653
0.246869
0.248811
0.251786
0.256173
0.262383
0.270754
0.280797
0.290078
0.297014
0.30194
0.305305
0.307525
0.308941
0.309804
0.310296
0.310543
0.23333
0.23347
0.233774
0.234335
0.235283
0.236798
0.239121
0.242554
0.247426
0.25401
0.261937
0.269282
0.274781
0.278691
0.281365
0.283132
0.284255
0.284939
0.28533
0.285527
0.220745
0.220854
0.221091
0.22153
0.22227
0.223455
0.225274
0.227965
0.231789
0.23697
0.243223
0.24903
0.253385
0.256484
0.258603
0.260003
0.260896
0.261439
0.261748
0.261902
0.206952
0.207038
0.207223
0.207566
0.208145
0.209073
0.210498
0.212608
0.215612
0.219689
0.224619
0.229206
0.23265
0.235104
0.236782
0.23789
0.238594
0.239022
0.239267
0.239389
0.192213
0.19228
0.192425
0.192693
0.193147
0.193875
0.194993
0.196649
0.199009
0.202216
0.206099
0.209718
0.212436
0.214373
0.215699
0.216576
0.217135
0.217474
0.217667
0.217764
0.176738
0.17679
0.176904
0.177114
0.17747
0.178039
0.178916
0.180216
0.182069
0.184589
0.187645
0.190496
0.192639
0.194166
0.195212
0.195904
0.196344
0.196613
0.196766
0.196842
0.160682
0.160723
0.160812
0.160977
0.161256
0.161702
0.162389
0.163406
0.164858
0.166836
0.169236
0.171477
0.173164
0.17437
0.175195
0.175739
0.176085
0.176295
0.176414
0.176473
0.144178
0.14421
0.144279
0.144407
0.144624
0.144973
0.145509
0.146306
0.147442
0.14899
0.15087
0.152627
0.15395
0.154892
0.155537
0.155963
0.156234
0.156399
0.156491
0.156539
0.127318
0.127343
0.127397
0.127498
0.127666
0.127937
0.128354
0.128974
0.12986
0.131065
0.13253
0.133899
0.134929
0.135663
0.136168
0.136502
0.136715
0.136846
0.136921
0.136957
0.110185
0.110204
0.110245
0.110322
0.110453
0.110664
0.110985
0.111463
0.112146
0.113077
0.11421
0.11527
0.116069
0.116641
0.117033
0.117291
0.117455
0.117554
0.117611
0.117639
0.0928388
0.0928538
0.0928865
0.0929456
0.0930445
0.0932037
0.0934498
0.093815
0.0943364
0.0950467
0.0959102
0.096718
0.0973266
0.0977606
0.0980571
0.098254
0.0983801
0.0984557
0.0984979
0.0985201
0.0753312
0.0753419
0.0753658
0.0754104
0.0754859
0.0756062
0.0757902
0.0760624
0.0764512
0.0769811
0.077625
0.0782274
0.0786818
0.079007
0.0792301
0.0793767
0.0794698
0.0795281
0.079562
0.0795782
0.0577038
0.0577119
0.0577298
0.0577628
0.0578176
0.0579041
0.0580359
0.0582306
0.0585082
0.0588865
0.0593465
0.0597779
0.0601049
0.0603395
0.0605011
0.0606088
0.0606775
0.0607184
0.060741
0.0607523
0.0399936
0.0400016
0.0400147
0.0400379
0.0400732
0.0401291
0.040215
0.0403427
0.0405251
0.0407746
0.0410769
0.0413604
0.0415745
0.0417294
0.041836
0.0419067
0.0419515
0.0419786
0.0419943
0.0420027
0.0222246
0.0222266
0.0222268
0.0222371
0.0222594
0.0222899
0.0223353
0.0224019
0.0224964
0.0226253
0.0227872
0.0229417
0.0230589
0.023142
0.0232005
0.0232402
0.0232667
0.0232829
0.023291
0.0232939
0.0133446
0.0133304
0.0133373
0.0133298
0.0133374
0.0133574
0.01339
0.013438
0.0135045
0.0135927
0.0136908
0.0137744
0.0138378
0.0138839
0.013919
0.0139429
0.0139575
0.0139668
0.0139733
0.00467361
-0.543883
-0.161568
0.0647485
0.219044
0.284726
0.274486
0.185393
0.022643
-0.127008
-0.0700756
-0.0335842
0.0715513
0.171242
0.22599
0.227842
0.19548
0.136234
0.0757376
0.0479857
0.0526996
0.138207
0.179788
0.217259
0.229684
0.220463
0.201024
0.177628
0.163963
0.163942
0.175735
0.220105
0.237043
0.25393
0.259512
0.256165
0.251849
0.250276
0.254637
0.267176
0.288502
0.276862
0.288584
0.302176
0.311668
0.317787
0.324582
0.33444
0.347964
0.367865
0.392108
0.336412
0.350475
0.365659
0.380015
0.393463
0.407092
0.423357
0.441334
0.461802
0.483884
0.407912
0.424424
0.441676
0.459511
0.477384
0.494215
0.512794
0.531833
0.550682
0.570824
0.490458
0.508139
0.526632
0.545806
0.56507
0.582567
0.601071
0.618583
0.636142
0.653728
0.581377
0.598842
0.616456
0.635235
0.653914
0.670663
0.687385
0.703188
0.71879
0.733819
0.677762
0.693811
0.710398
0.727254
0.744145
0.759359
0.774088
0.787946
0.800164
0.810439
0.773832
0.787851
0.802573
0.818355
0.833181
0.846458
0.858814
0.868563
0.875231
0.878302
0.864766
0.880434
0.898952
0.916777
0.932241
0.945824
0.95687
0.964273
0.966077
0.961144
0.969912
0.994566
1.01625
1.0317
1.04257
1.05102
1.05746
1.06276
1.06565
1.06026
1.06426
1.08619
1.10304
1.11998
1.13574
1.14863
1.15807
1.16463
1.16925
1.16729
1.32419
1.32716
1.32759
1.31719
1.30704
1.30456
1.31552
1.33762
1.36728
1.38912
1.73522
1.54518
1.44707
1.39102
1.36381
1.35849
1.37223
1.41027
1.48334
1.624
0.200662
0.227214
0.300878
0.389597
0.487833
0.594808
1.38394
1.32441
1.17748
0.958023
0.766978
0.591122
0.393159
0.240114
-0.0370552
-0.52544
-1.37686
)
;

boundaryField
{
    wall-4
    {
        type            zeroGradient;
    }
    pressure-outlet-7
    {
        type            fixedValue;
        value           uniform 0;
    }
    velocity-inlet-6
    {
        type            zeroGradient;
    }
    velocity-inlet-5
    {
        type            zeroGradient;
    }
    frontAndBackPlanes
    {
        type            empty;
    }
}


// ************************************************************************* //
