/*--------------------------------*- C++ -*----------------------------------*\
  =========                 |
  \\      /  F ield         | OpenFOAM: The Open Source CFD Toolbox
   \\    /   O peration     | Website:  https://openfoam.org
    \\  /    A nd           | Version:  9
     \\/     M anipulation  |
\*---------------------------------------------------------------------------*/
FoamFile
{
    format      ascii;
    class       volScalarField;
    location    "11";
    object      p;
}
// * * * * * * * * * * * * * * * * * * * * * * * * * * * * * * * * * * * * * //

dimensions      [0 2 -2 0 0 0 0];

internalField   nonuniform List<scalar> 
8800
(
0.434915
0.387192
0.348613
0.319729
0.299004
0.284332
0.273921
0.266616
0.261907
0.259826
0.260816
0.264624
0.270862
0.2798
0.292272
0.309763
0.334354
0.368156
0.410544
0.469236
0.26593
0.273614
0.281402
0.28481
0.283456
0.27859
0.272347
0.26648
0.261896
0.259068
0.258618
0.260802
0.264891
0.270428
0.2768
0.282726
0.286107
0.285227
0.279517
0.27064
0.244169
0.250408
0.254697
0.257911
0.260229
0.261098
0.26024
0.258352
0.25644
0.255443
0.25614
0.258121
0.26046
0.262188
0.262374
0.260788
0.258089
0.254381
0.249704
0.245898
0.237977
0.240725
0.24388
0.246708
0.248709
0.25015
0.251139
0.251479
0.251317
0.251236
0.251648
0.252326
0.252654
0.252223
0.251164
0.249606
0.247285
0.244196
0.24145
0.23996
0.232499
0.234004
0.236413
0.239176
0.241598
0.243428
0.244684
0.245573
0.246186
0.246605
0.246922
0.246988
0.24665
0.245898
0.244584
0.242596
0.240061
0.237379
0.235597
0.23483
0.2283
0.229095
0.231091
0.233488
0.235779
0.237921
0.239727
0.241067
0.241998
0.242642
0.242975
0.242878
0.242261
0.241046
0.239291
0.237244
0.234997
0.232732
0.231419
0.231111
0.226681
0.227082
0.228252
0.229766
0.231296
0.232729
0.234118
0.235462
0.23663
0.2375
0.237869
0.237677
0.237037
0.236119
0.235043
0.233743
0.232332
0.231001
0.230276
0.230138
0.225329
0.225536
0.22617
0.227079
0.228134
0.229445
0.230813
0.232109
0.23328
0.234239
0.234744
0.234698
0.234224
0.233407
0.232426
0.23156
0.230758
0.230056
0.229692
0.229621
0.223173
0.223287
0.223646
0.224231
0.224939
0.225665
0.226678
0.227818
0.228986
0.230051
0.230725
0.230893
0.230696
0.230336
0.229967
0.229521
0.2291
0.22874
0.228565
0.228523
0.220265
0.220324
0.220587
0.221058
0.221615
0.222443
0.223313
0.224338
0.225485
0.22666
0.227561
0.228019
0.228134
0.228014
0.227801
0.227602
0.227318
0.227078
0.226985
0.226965
0.217046
0.217081
0.217279
0.217671
0.218186
0.218853
0.219676
0.220708
0.221937
0.223297
0.224477
0.225234
0.225639
0.225818
0.225828
0.225739
0.225605
0.225491
0.225458
0.225447
0.213518
0.213543
0.213697
0.214015
0.214477
0.215106
0.215943
0.217033
0.2184
0.220016
0.221543
0.222645
0.223351
0.22377
0.223988
0.224077
0.224086
0.224075
0.224079
0.224071
0.209589
0.209617
0.209752
0.210041
0.210489
0.211137
0.212045
0.213276
0.214878
0.216854
0.21881
0.2203
0.221314
0.221982
0.222396
0.222638
0.22277
0.22284
0.222872
0.222863
0.205181
0.205203
0.205358
0.205658
0.206138
0.206858
0.207898
0.209346
0.211281
0.213726
0.216209
0.218155
0.219539
0.220479
0.221096
0.221485
0.221721
0.221855
0.221909
0.2219
0.200231
0.200256
0.200431
0.200777
0.201336
0.202187
0.203433
0.205195
0.207579
0.210632
0.213777
0.216287
0.218094
0.219335
0.220164
0.220702
0.221038
0.22123
0.221305
0.221295
0.194625
0.194656
0.194869
0.195289
0.195972
0.197015
0.198554
0.20074
0.203717
0.207551
0.211527
0.214718
0.217019
0.218618
0.219694
0.220397
0.220838
0.221091
0.22119
0.221177
0.188208
0.188246
0.188515
0.189042
0.189899
0.19121
0.193143
0.195893
0.19964
0.204469
0.209481
0.213503
0.216413
0.218439
0.219805
0.220699
0.221262
0.221585
0.22171
0.221695
0.180768
0.180818
0.181164
0.181837
0.182933
0.184605
0.187062
0.19055
0.195292
0.201383
0.207685
0.212734
0.216384
0.218926
0.220641
0.221765
0.222472
0.222876
0.223034
0.223015
0.17201
0.172076
0.172524
0.173402
0.17483
0.176997
0.180146
0.184588
0.19061
0.198297
0.206204
0.212515
0.217069
0.220239
0.222379
0.22378
0.22466
0.225161
0.225356
0.225333
0.161528
0.161615
0.162203
0.163359
0.165234
0.168039
0.172119
0.177856
0.185526
0.195227
0.20512
0.212974
0.21863
0.222566
0.225226
0.226966
0.228057
0.228674
0.228914
0.228885
0.148763
0.148882
0.149665
0.151211
0.153703
0.157416
0.162764
0.170169
0.179969
0.192201
0.204534
0.214262
0.221254
0.226124
0.229422
0.231585
0.23294
0.233704
0.233998
0.233956
0.132932
0.133102
0.134167
0.136282
0.139661
0.144628
0.151687
0.161343
0.173897
0.189281
0.204572
0.216549
0.22515
0.231154
0.235238
0.237933
0.239628
0.240575
0.240937
0.240881
0.112858
0.113105
0.11461
0.117607
0.122299
0.129087
0.138585
0.151269
0.167344
0.18659
0.205399
0.220026
0.230538
0.237915
0.242973
0.246345
0.248489
0.249688
0.250127
0.250054
0.0866405
0.0870204
0.0893029
0.093801
0.100597
0.110191
0.123181
0.139918
0.160436
0.184317
0.207206
0.224877
0.237616
0.246646
0.252923
0.257175
0.259929
0.261493
0.262068
0.261967
0.0510424
0.051734
0.0556183
0.0629313
0.073329
0.087319
0.105303
0.127402
0.153403
0.182685
0.21016
0.231224
0.246494
0.257485
0.265298
0.27074
0.274373
0.276475
0.277245
0.277109
-0.000166051
0.00191144
0.00988415
0.022916
0.0396454
0.0603879
0.0852737
0.114161
0.146632
0.181951
0.214374
0.239071
0.257107
0.270343
0.280054
0.287126
0.29211
0.295199
0.296374
0.29618
-0.0773682
-0.0667807
-0.0484736
-0.0251333
0.00113887
0.0308838
0.0641831
0.100854
0.140491
0.182406
0.220241
0.249015
0.270302
0.286335
0.298594
0.308106
0.315447
0.320561
0.322965
0.323254
-0.15957
-0.13617
-0.107109
-0.0734828
-0.0374629
0.00134819
0.0430682
0.08765
0.134813
0.184026
0.228282
0.26218
0.287693
0.307421
0.323071
0.335772
0.346131
0.355149
0.360084
0.360525
-0.222831
-0.197267
-0.159964
-0.118153
-0.0736867
-0.0266023
0.0230821
0.0752451
0.129605
0.185666
0.235739
0.274031
0.302898
0.325304
0.343115
0.357543
0.369234
0.378752
0.38331
0.383987
-0.273845
-0.246199
-0.204292
-0.156647
-0.105756
-0.0519504
0.00454882
0.0634414
0.124331
0.186625
0.241791
0.283586
0.314776
0.338677
0.357386
0.37232
0.38434
0.393734
0.398496
0.399177
-0.314903
-0.286712
-0.241468
-0.189519
-0.133767
-0.0746375
-0.0124785
0.052245
0.11893
0.186768
0.246384
0.2911
0.324054
0.348971
0.36821
0.38333
0.395323
0.404476
0.40936
0.410058
-0.34962
-0.321215
-0.27363
-0.218304
-0.158576
-0.0950116
-0.0280699
0.0417005
0.113572
0.186533
0.250275
0.297594
0.332037
0.357728
0.377275
0.392418
0.404301
0.413215
0.418093
0.418813
-0.380007
-0.3516
-0.302197
-0.24418
-0.181176
-0.113843
-0.0427066
0.0315996
0.108216
0.185899
0.253474
0.303246
0.339096
0.365516
0.385381
0.400591
0.412395
0.421151
0.425954
0.42669
-0.407497
-0.379014
-0.328286
-0.268007
-0.202237
-0.131663
-0.0568461
0.0215056
0.102459
0.184651
0.256058
0.308359
0.345699
0.372928
0.393175
0.408511
0.420287
0.428936
0.43363
0.434381
-0.432962
-0.40438
-0.352521
-0.290341
-0.222222
-0.148869
-0.0708301
0.0111982
0.0962524
0.182852
0.258144
0.313124
0.35211
0.380282
0.401014
0.416547
0.428346
0.436899
0.441462
0.442275
-0.457064
-0.428313
-0.375467
-0.311648
-0.241501
-0.165706
-0.0847783
0.000606035
0.0895038
0.18039
0.259684
0.317584
0.358461
0.387773
0.40913
0.424957
0.436837
0.445332
0.449754
0.450597
-0.480044
-0.451087
-0.397366
-0.332219
-0.260285
-0.182344
-0.0988593
-0.0104397
0.0820541
0.177166
0.260606
0.321716
0.364794
0.395496
0.417664
0.433906
0.44594
0.454424
0.458703
0.459515
-0.502258
-0.472982
-0.418514
-0.352227
-0.278751
-0.198949
-0.113198
-0.0220148
0.0738438
0.173074
0.260794
0.325427
0.371068
0.403477
0.426688
0.443507
0.455806
0.464331
0.468462
0.469198
-0.523742
-0.494178
-0.439157
-0.371748
-0.296948
-0.215532
-0.12779
-0.0341396
0.0648213
0.168012
0.260104
0.328566
0.377172
0.411669
0.43622
0.453819
0.466507
0.475126
0.479145
0.479719
-0.544578
-0.514693
-0.459178
-0.390815
-0.314888
-0.232089
-0.14263
-0.046809
0.0549683
0.161912
0.25838
0.330937
0.382923
0.419956
0.446206
0.464836
0.478059
0.486851
0.490792
0.49116
-0.564825
-0.534595
-0.478605
-0.409438
-0.332573
-0.248597
-0.157676
-0.0599761
0.044308
0.154737
0.255483
0.332318
0.38806
0.428105
0.456494
0.476482
0.490451
0.499484
0.503348
0.503496
-0.58453
-0.553958
-0.497441
-0.427598
-0.349932
-0.264995
-0.172856
-0.0735717
0.0328913
0.146463
0.251305
0.332461
0.392251
0.435798
0.466903
0.488652
0.503579
0.512904
0.516606
0.51656
-0.603518
-0.572629
-0.515632
-0.445245
-0.366919
-0.281197
-0.188091
-0.0875022
0.0207974
0.137133
0.245736
0.331121
0.395155
0.44271
0.477206
0.501295
0.517419
0.52698
0.530387
0.530102
-0.621781
-0.590581
-0.533185
-0.462314
-0.383467
-0.297136
-0.203278
-0.101674
0.00812826
0.126805
0.23875
0.328108
0.396407
0.448332
0.486959
0.514313
0.532071
0.541587
0.54432
0.543755
-0.639347
-0.607781
-0.550052
-0.478778
-0.399512
-0.312731
-0.218321
-0.115966
-0.005003
0.115578
0.230375
0.323296
0.395593
0.451954
0.495442
0.527449
0.54809
0.557219
0.557975
0.556943
-0.656083
-0.624249
-0.566186
-0.494568
-0.414999
-0.327906
-0.233128
-0.130259
-0.0184507
0.103589
0.22067
0.316634
0.392445
0.45279
0.501443
0.53975
0.566035
0.576402
0.57263
0.569544
-0.672078
-0.639937
-0.581598
-0.509709
-0.429959
-0.342706
-0.247757
-0.144615
-0.0322843
0.0907837
0.209541
0.307883
0.386707
0.450124
0.503244
0.548871
0.584558
0.60384
0.599217
0.575063
-0.687294
-0.6549
-0.596398
-0.524364
-0.444655
-0.357431
-0.262595
-0.159503
-0.0470477
0.0764956
0.196285
0.296208
0.377554
0.442808
0.497636
0.54883
0.592045
0.613448
0.60133
0.572856
-0.701615
-0.669294
-0.610425
-0.538292
-0.458811
-0.371754
-0.277413
-0.174591
-0.0624025
0.0610702
0.181148
0.281561
0.364589
0.430828
0.480946
0.530007
0.565919
0.573798
0.507961
0.462167
-0.714435
-0.683665
-0.623232
-0.550928
-0.47182
-0.385261
-0.291942
-0.189674
-0.078125
0.0446884
0.164179
0.264046
0.347301
0.415118
0.455468
0.482305
0.503234
0.463759
0.386288
0.33487
-0.766691
-0.69467
-0.634763
-0.563712
-0.485035
-0.399231
-0.306284
-0.205003
-0.094536
0.0269934
0.144993
0.243265
0.324187
0.396219
0.412541
0.412388
0.384097
0.315602
0.225384
0.175384
-0.722289
-0.70861
-0.650687
-0.581919
-0.503664
-0.418833
-0.327579
-0.227882
-0.119416
-0.000515611
0.113624
0.207511
0.2815
0.34008
0.346736
0.217536
0.0932638
0.00701516
-0.0822869
-0.0320266
-0.748889
-0.721959
-0.665033
-0.595736
-0.518291
-0.434221
-0.343407
-0.245061
-0.138305
-0.0217781
0.0886507
0.177437
0.244414
0.276282
0.21703
0.0365133
-0.130111
-0.247982
-0.377761
-0.292897
-0.768327
-0.737629
-0.680879
-0.611133
-0.534171
-0.450757
-0.36075
-0.263993
-0.159305
-0.045756
0.0603497
0.142831
0.200355
0.205553
0.0741044
-0.170237
-0.378854
-0.53881
-0.723917
-0.647493
-0.786388
-0.754228
-0.696628
-0.626531
-0.54984
-0.467099
-0.378294
-0.283227
-0.180785
-0.0706193
0.0305051
0.106306
0.151737
0.116694
-0.096395
-0.384806
-0.657622
-0.898378
-1.16949
-1.14112
-0.802849
-0.770751
-0.712564
-0.642254
-0.565858
-0.483885
-0.396439
-0.303161
-0.203209
-0.0965923
-0.00092903
0.0674281
0.0960243
0.011739
-0.263999
-0.587672
-0.921587
-1.22656
-1.58914
-1.96299
-0.818764
-0.787085
-0.728854
-0.658553
-0.582489
-0.501315
-0.415207
-0.323845
-0.226516
-0.12355
-0.0336759
0.0262574
0.0376171
-0.0994781
-0.415852
-0.751561
-1.09905
-1.39488
-1.52872
-1.74397
-0.834757
-0.803492
-0.745562
-0.675543
-0.599954
-0.519741
-0.435147
-0.345975
-0.251551
-0.152763
-0.0693481
-0.0192595
-0.0283929
-0.231473
-0.551574
-0.873412
-1.17569
-1.36727
-1.40053
-1.43718
-0.851059
-0.820203
-0.762629
-0.693089
-0.61816
-0.539126
-0.456394
-0.369849
-0.278861
-0.184759
-0.108252
-0.0692527
-0.109424
-0.366069
-0.672319
-0.966317
-1.23117
-1.35134
-1.36566
-1.36766
-0.867785
-0.837213
-0.77996
-0.710954
-0.636848
-0.55925
-0.478717
-0.39528
-0.308284
-0.219141
-0.149915
-0.123319
-0.198614
-0.494973
-0.789246
-1.04294
-1.2877
-1.36944
-1.34178
-1.32987
-0.88469
-0.85431
-0.79734
-0.728895
-0.655788
-0.579837
-0.501959
-0.4222
-0.339725
-0.25591
-0.194375
-0.182778
-0.299296
-0.625724
-0.911357
-1.07673
-1.2092
-1.26836
-1.28498
-1.28469
-0.901381
-0.871143
-0.814403
-0.74651
-0.674537
-0.600561
-0.525757
-0.450312
-0.373162
-0.294643
-0.24034
-0.245684
-0.412504
-0.77037
-1.05682
-1.10993
-1.06027
-1.22008
-1.29763
-1.31672
-0.917127
-0.887141
-0.830562
-0.763259
-0.692541
-0.620783
-0.549509
-0.479245
-0.408181
-0.33514
-0.286785
-0.306487
-0.535803
-0.965164
-1.32678
-1.4892
-1.39977
-1.44772
-1.48672
-1.5018
-0.931289
-0.901384
-0.845111
-0.778478
-0.709038
-0.639751
-0.572601
-0.508511
-0.444741
-0.378161
-0.332179
-0.363258
-0.652856
-1.21792
-1.73969
-2.14061
-1.95922
-1.82548
-1.78716
-1.78455
-0.942934
-0.913378
-0.857209
-0.791109
-0.72309
-0.656557
-0.594223
-0.537698
-0.48444
-0.425475
-0.375448
-0.41703
-0.761909
-1.36979
-1.93224
-2.27119
-2.19269
-2.07951
-2.04503
-2.04268
-0.950749
-0.921259
-0.865552
-0.800041
-0.733552
-0.670015
-0.61315
-0.566303
-0.52829
-0.482845
-0.430431
-0.485429
-0.833655
-1.3857
-1.93446
-2.27825
-2.39816
-2.3834
-2.30699
-2.29133
-0.95338
-0.924195
-0.868873
-0.804033
-0.739121
-0.678762
-0.628208
-0.593902
-0.580028
-0.567789
-0.529746
-0.575217
-0.891997
-1.4051
-1.98003
-2.51606
-2.77976
-2.76315
-2.58831
-2.4797
-0.949566
-0.92064
-0.865573
-0.801721
-0.738402
-0.68125
-0.6378
-0.619739
-0.643573
-0.712134
-0.743894
-0.752771
-0.918439
-1.27162
-1.70387
-2.2077
-2.43007
-2.35262
-2.12415
-1.98574
-0.938083
-0.90929
-0.855072
-0.791844
-0.730002
-0.675808
-0.639582
-0.640989
-0.722682
-0.958599
-1.17486
-1.02979
-0.878258
-0.823575
-0.780632
-0.77873
-0.731315
-0.579977
-0.395306
-0.302969
-0.917577
-0.888934
-0.835504
-0.773313
-0.712606
-0.660622
-0.630404
-0.651639
-0.809105
-1.31185
-1.83144
-1.3804
-0.809762
-0.197396
0.379862
0.822339
1.13851
1.33578
1.44887
1.48896
-0.887127
-0.858704
-0.806323
-0.745213
-0.685099
-0.633887
-0.607061
-0.638665
-0.852831
-1.59678
-2.48852
-1.63946
-0.669783
0.275213
1.05187
1.61935
1.98499
2.1369
2.19628
2.20974
-0.846261
-0.818373
-0.767071
-0.706935
-0.646666
-0.593473
-0.562027
-0.585284
-0.784417
-1.48958
-2.25775
-1.33892
-0.359408
0.552316
1.21117
1.63423
1.87787
1.9928
2.04371
2.05526
-0.794494
-0.767208
-0.71788
-0.658844
-0.598032
-0.540871
-0.497613
-0.493221
-0.601542
-0.979013
-1.20983
-0.571145
0.130138
0.743856
1.15132
1.40783
1.55958
1.64687
1.69351
1.69928
-0.730582
-0.705584
-0.659231
-0.602209
-0.541632
-0.481013
-0.425962
-0.388216
-0.392715
-0.456235
-0.384936
0.028136
0.466419
0.801686
1.02981
1.18299
1.28482
1.35279
1.38575
1.39106
-0.656951
-0.633979
-0.592462
-0.538729
-0.480012
-0.418142
-0.355095
-0.293476
-0.234173
-0.155931
0.00923655
0.270519
0.535747
0.730422
0.87069
0.972326
1.04587
1.0966
1.12517
1.13427
-0.57245
-0.556894
-0.518132
-0.469323
-0.414669
-0.35489
-0.289692
-0.217854
-0.13392
-0.0192605
0.14014
0.319109
0.480413
0.603538
0.695269
0.764344
0.816736
0.853973
0.874877
0.880263
-0.465034
-0.457216
-0.429737
-0.390328
-0.344389
-0.292077
-0.232243
-0.163016
-0.0792998
0.0308333
0.166452
0.301129
0.415668
0.503881
0.569322
0.616768
0.650871
0.675742
0.690755
0.694036
-0.35796
-0.354431
-0.33593
-0.306986
-0.27172
-0.22979
-0.179546
-0.118934
-0.0438152
0.0533652
0.165464
0.269547
0.35468
0.419242
0.466012
0.498881
0.52118
0.535083
0.541885
0.543479
-0.255577
-0.253796
-0.243243
-0.224319
-0.199674
-0.1686
-0.1294
-0.079785
-0.0164521
0.0653096
0.156311
0.237023
0.300838
0.34817
0.381526
0.403965
0.418224
0.426569
0.43044
0.430841
-0.162568
-0.162351
-0.157377
-0.14715
-0.132173
-0.111355
-0.0828794
-0.0445418
0.00622732
0.0724199
0.145131
0.207914
0.256163
0.290993
0.314867
0.330267
0.33945
0.344335
0.346262
0.346252
-0.0863566
-0.0869954
-0.0864739
-0.0829116
-0.0755511
-0.0627527
-0.0430608
-0.0146078
0.0247979
0.0771399
0.134281
0.182664
0.219039
0.244769
0.261794
0.272331
0.278318
0.2812
0.282172
0.282023
-0.0318335
-0.0327444
-0.0343453
-0.0349413
-0.0322482
-0.0250647
-0.0119054
0.00877031
0.0386422
0.0791277
0.12339
0.1605
0.187878
0.206758
0.219051
0.226479
0.23041
0.232096
0.232578
0.232399
0.00332014
0.00249375
0.000507434
-0.00105869
-0.000622899
0.00307955
0.0114909
0.0261748
0.0485233
0.0794887
0.113414
0.141576
0.16216
0.176238
0.185141
0.190239
0.192783
0.193717
0.193896
0.193722
0.0246764
0.024086
0.0224663
0.0209426
0.0208133
0.0230426
0.0286665
0.0389854
0.0553947
0.0787613
0.104622
0.126042
0.141456
0.15169
0.158
0.161536
0.163157
0.163595
0.163594
0.163446
0.0373201
0.0369363
0.0358481
0.0347319
0.0344973
0.0359256
0.0399383
0.0475299
0.0597069
0.0772171
0.0966683
0.112659
0.124057
0.131618
0.13622
0.13867
0.139681
0.139848
0.139774
0.139655
0.0448912
0.0446437
0.0439466
0.0432138
0.0430715
0.0440578
0.046857
0.0523389
0.0613712
0.0744957
0.0891181
0.101156
0.109696
0.115253
0.118539
0.120238
0.120886
0.12093
0.120841
0.120746
0.0492492
0.0490839
0.0486122
0.0481165
0.0480485
0.0488113
0.0509053
0.0549462
0.061616
0.0714042
0.0823538
0.0913102
0.0975993
0.101652
0.104023
0.105211
0.105621
0.105601
0.105512
0.105435
0.0512568
0.0511417
0.0507973
0.0504291
0.0503735
0.0509228
0.052457
0.0554551
0.0604223
0.0677104
0.0758622
0.082524
0.0871882
0.0901666
0.0918767
0.0927068
0.0929644
0.0929152
0.0928339
0.0927725
0.0514482
0.0513672
0.0511178
0.0508478
0.0508113
0.0512229
0.0523584
0.0545713
0.0582537
0.0636805
0.0697554
0.0746998
0.0781349
0.0803051
0.0815325
0.082108
0.0822628
0.0821989
0.0821266
0.0820776
0.0502794
0.0502208
0.0500411
0.0498454
0.0498221
0.0501305
0.0509763
0.0526226
0.055358
0.0593861
0.0638914
0.0675487
0.0700757
0.0716584
0.0725389
0.0729368
0.0730253
0.0729582
0.0728959
0.0728567
0.0481139
0.0480699
0.0479406
0.047801
0.0477889
0.0480213
0.04865
0.0498703
0.0518993
0.0548887
0.0582275
0.0609285
0.0627838
0.0639345
0.0645638
0.0648365
0.0648829
0.0648192
0.0647661
0.0647347
0.0452245
0.0451906
0.0450959
0.0449956
0.04499
0.0451651
0.0456326
0.0465381
0.0480409
0.0502544
0.0527216
0.0547101
0.0560677
0.0569018
0.0573499
0.0575354
0.0575555
0.0574974
0.0574526
0.0574275
0.0418031
0.0417767
0.0417054
0.0416311
0.041627
0.0417564
0.0421021
0.042771
0.0438817
0.0455164
0.0473361
0.0487957
0.0497854
0.0503875
0.0507047
0.050829
0.0508325
0.0507809
0.0507433
0.0507233
0.0379866
0.0379658
0.0379108
0.0378535
0.0378481
0.0379415
0.0381947
0.0386872
0.0395049
0.0407083
0.0420441
0.0431109
0.0438302
0.0442625
0.0444851
0.0445664
0.0445599
0.0445147
0.0444833
0.0444673
0.0338735
0.0338569
0.0338136
0.0337681
0.0337607
0.0338263
0.0340098
0.0343688
0.0349668
0.0358477
0.0368241
0.0376012
0.0381205
0.0384283
0.038582
0.0386325
0.0386198
0.0385805
0.0385545
0.0385419
0.0295385
0.0295252
0.0294906
0.0294534
0.029444
0.029488
0.0296182
0.029877
0.030311
0.0309512
0.0316596
0.0322206
0.0325925
0.032809
0.0329133
0.0329427
0.0329267
0.0328928
0.0328712
0.0328614
0.0250385
0.0250279
0.0249999
0.0249689
0.0249575
0.0249848
0.0250747
0.0252583
0.0255691
0.0260287
0.0265362
0.0269361
0.0271985
0.0273487
0.027418
0.0274334
0.0274164
0.0273875
0.0273697
0.027362
0.0204157
0.0204072
0.0203846
0.0203585
0.0203463
0.0203616
0.0204216
0.0205486
0.0207663
0.0210899
0.0214476
0.0217277
0.021909
0.0220099
0.0220529
0.0220579
0.0220405
0.0220159
0.0220013
0.0219953
0.0157019
0.0156952
0.0156771
0.0156554
0.0156429
0.0156493
0.015687
0.0157711
0.0159178
0.0161376
0.0163804
0.0165696
0.0166907
0.0167557
0.0167805
0.0167791
0.0167624
0.0167417
0.0167299
0.0167253
0.0109222
0.0109173
0.0109028
0.0108848
0.0108728
0.0108736
0.0108949
0.0109466
0.0110388
0.0111777
0.0113312
0.0114497
0.0115237
0.0115617
0.0115739
0.0115691
0.0115544
0.0115377
0.0115286
0.0115253
0.00609302
0.00608953
0.00607896
0.0060663
0.00605762
0.00605599
0.00606547
0.00609156
0.00613974
0.0062124
0.00629268
0.00635391
0.0063918
0.00641053
0.00641488
0.00640972
0.00639836
0.00638592
0.00637912
0.00637709
0.00122606
0.00122566
0.00122444
0.00121961
0.00121546
0.00121334
0.00121395
0.00121721
0.00122389
0.00123499
0.00124981
0.00126375
0.00127324
0.00127864
0.00128081
0.00128033
0.00127757
0.00127312
0.00126922
0.00126841
-0.833964
-0.578063
-0.292229
-0.0634775
0.121949
0.272161
0.400138
0.508499
0.55951
0.536695
-0.377199
-0.205586
-0.0285154
0.1229
0.251471
0.359729
0.448351
0.512174
0.545658
0.55637
-0.0712003
0.0410847
0.158264
0.262398
0.352346
0.427972
0.488209
0.532236
0.562726
0.579383
0.13912
0.215356
0.297268
0.370824
0.434955
0.489238
0.533444
0.568029
0.594878
0.612333
0.295732
0.350462
0.407934
0.462318
0.510292
0.551753
0.586718
0.615204
0.638075
0.655401
0.419369
0.459364
0.504199
0.546794
0.585301
0.619381
0.648747
0.672993
0.69247
0.70957
0.523386
0.556147
0.594996
0.631352
0.665009
0.695229
0.721402
0.742878
0.759479
0.776477
0.619158
0.650905
0.687942
0.722618
0.75451
0.783037
0.807444
0.827054
0.841186
0.85824
0.718927
0.753694
0.792182
0.827419
0.858874
0.886262
0.909198
0.9272
0.939615
0.957072
0.836666
0.875497
0.91521
0.950437
0.980681
1.00618
1.02716
1.04353
1.05536
1.07351
0.983255
1.02239
1.05919
1.09045
1.11666
1.13924
1.15869
1.17453
1.18722
1.20529
1.1594
1.19133
1.21788
1.24071
1.26102
1.28001
1.29798
1.31465
1.33015
1.34827
1.34864
1.36601
1.38127
1.39773
1.41383
1.4285
1.44182
1.45586
1.47352
1.49373
1.53063
1.54029
1.55196
1.56284
1.5722
1.58194
1.5929
1.60434
1.61574
1.63112
1.73818
1.74185
1.72695
1.71222
1.70607
1.7118
1.73031
1.76068
1.79289
1.81956
2.0445
1.90965
1.83312
1.79089
1.77345
1.77746
1.8049
1.86131
1.96396
2.18834
0.325494
0.32343
0.318941
0.310432
0.298373
0.286441
0.276419
0.268708
0.263223
0.259992
0.259482
0.261871
0.266573
0.273398
0.282423
0.293642
0.306024
0.316853
0.322898
0.325873
0.249749
0.255637
0.262049
0.266735
0.269401
0.269277
0.266761
0.263191
0.259868
0.257641
0.25731
0.259152
0.262357
0.266177
0.26957
0.271118
0.269894
0.266135
0.260772
0.254091
0.240856
0.243158
0.24681
0.250164
0.252597
0.254429
0.255497
0.25543
0.254532
0.253634
0.253604
0.25467
0.256059
0.25689
0.256574
0.255203
0.253191
0.250409
0.24676
0.24368
0.235236
0.236298
0.238439
0.241323
0.243819
0.245604
0.246865
0.247793
0.248369
0.248675
0.248968
0.249263
0.249299
0.24887
0.248011
0.246682
0.244651
0.241948
0.239342
0.237797
0.230041
0.230549
0.232168
0.234815
0.237455
0.239864
0.241767
0.243061
0.24392
0.244498
0.244916
0.24514
0.244956
0.244283
0.242959
0.240948
0.238536
0.235936
0.233707
0.232782
0.227309
0.227503
0.228532
0.230396
0.232333
0.234106
0.235781
0.237353
0.238663
0.239643
0.240225
0.240268
0.239784
0.238808
0.237522
0.236052
0.234326
0.23248
0.230966
0.230488
0.226069
0.226163
0.22672
0.227788
0.229007
0.230429
0.231812
0.233139
0.234347
0.235378
0.236069
0.236235
0.235908
0.235219
0.234291
0.233092
0.23202
0.230988
0.230193
0.229949
0.224378
0.22443
0.224723
0.225334
0.226118
0.226991
0.228119
0.229359
0.230605
0.231735
0.232565
0.232863
0.232668
0.232153
0.231476
0.230861
0.23026
0.229696
0.22931
0.229188
0.221774
0.221798
0.221978
0.222411
0.223017
0.223644
0.224435
0.225455
0.226563
0.227701
0.228684
0.229235
0.229364
0.229216
0.228968
0.22876
0.2284
0.22805
0.227832
0.227774
0.21869
0.218696
0.218819
0.21916
0.219659
0.220301
0.221102
0.222035
0.223146
0.224386
0.225572
0.226398
0.226809
0.226961
0.22691
0.226659
0.226538
0.226334
0.226218
0.226197
0.215326
0.215327
0.215418
0.215682
0.216101
0.216655
0.217377
0.218308
0.219477
0.220869
0.222328
0.223484
0.22421
0.224626
0.224832
0.224887
0.224857
0.224786
0.224752
0.224748
0.211609
0.211609
0.211684
0.211907
0.21228
0.212815
0.213559
0.214563
0.215874
0.217509
0.219325
0.220865
0.221927
0.222609
0.223026
0.223259
0.223371
0.223417
0.223444
0.22345
0.20745
0.207446
0.207532
0.207745
0.208113
0.208672
0.209483
0.21062
0.212156
0.214137
0.216408
0.218422
0.219847
0.220834
0.221477
0.221883
0.222126
0.222266
0.222339
0.222355
0.202781
0.202774
0.202867
0.203106
0.203517
0.204153
0.205096
0.206446
0.208305
0.210745
0.213598
0.216168
0.218046
0.219368
0.220257
0.220836
0.221202
0.221422
0.221533
0.221557
0.197522
0.197513
0.197625
0.197908
0.198397
0.19916
0.200303
0.201956
0.204252
0.207294
0.210886
0.214155
0.216579
0.218279
0.21944
0.220208
0.2207
0.220999
0.22115
0.221182
0.191534
0.191522
0.191662
0.192014
0.19262
0.193568
0.19499
0.197052
0.199929
0.20375
0.208275
0.212407
0.215471
0.21764
0.219124
0.22011
0.220745
0.221132
0.221326
0.221368
0.184634
0.184618
0.184797
0.185246
0.186016
0.187213
0.189011
0.191619
0.195254
0.200076
0.205777
0.210978
0.214832
0.217562
0.219434
0.22068
0.221484
0.221977
0.222222
0.222274
0.176572
0.176551
0.176786
0.177369
0.178357
0.179886
0.182182
0.185512
0.190138
0.19624
0.203419
0.209942
0.214765
0.218181
0.220522
0.222082
0.223094
0.223714
0.224023
0.224087
0.167006
0.166981
0.167293
0.168055
0.169338
0.171316
0.174301
0.178592
0.18448
0.192212
0.201241
0.209395
0.215405
0.219656
0.222569
0.224514
0.225779
0.22656
0.226948
0.227026
0.155465
0.155437
0.155862
0.156875
0.158564
0.161169
0.165056
0.170592
0.178165
0.187978
0.199308
0.20946
0.216914
0.222181
0.225792
0.228206
0.229782
0.230763
0.231251
0.231348
0.141272
0.141239
0.141834
0.143215
0.145479
0.148952
0.154089
0.161345
0.171104
0.183552
0.197717
0.210285
0.219479
0.225976
0.230438
0.233425
0.23538
0.236603
0.237212
0.237334
0.123431
0.123398
0.124268
0.126204
0.129326
0.13408
0.141009
0.150586
0.163206
0.178975
0.196587
0.212036
0.223301
0.23128
0.236784
0.240485
0.242914
0.24444
0.245213
0.245367
0.100447
0.100442
0.101772
0.104583
0.109044
0.115737
0.125243
0.138038
0.154425
0.174332
0.19606
0.214876
0.228565
0.238312
0.245101
0.249715
0.25277
0.254703
0.255693
0.255893
0.0698976
0.0699911
0.07216
0.0765062
0.08324
0.0930265
0.106383
0.123644
0.144888
0.16982
0.196326
0.218965
0.23542
0.24724
0.255606
0.261408
0.265329
0.267852
0.26914
0.269396
0.0272651
0.0276562
0.0317675
0.0393495
0.0503323
0.0652885
0.0843916
0.107678
0.134971
0.165779
0.197624
0.22444
0.243936
0.258114
0.268376
0.275719
0.280866
0.284324
0.286117
0.286444
-0.0356919
-0.0336223
-0.0239783
-0.00946012
0.00948896
0.0326845
0.0598303
0.0907777
0.125221
0.162584
0.200128
0.231308
0.254001
0.270733
0.283167
0.29243
0.299276
0.30411
0.306838
0.307186
-0.110875
-0.107437
-0.0896712
-0.0638317
-0.0343105
-0.00162022
0.0342914
0.0734221
0.115536
0.160161
0.204386
0.241097
0.268178
0.288654
0.304437
0.316777
0.326571
0.333882
0.33688
0.338305
-0.188095
-0.178037
-0.151577
-0.115631
-0.0766018
-0.0347862
0.0097076
0.0568716
0.106571
0.15843
0.209351
0.251561
0.282887
0.306885
0.32576
0.340895
0.353144
0.362725
0.368194
0.370467
-0.245979
-0.23476
-0.203346
-0.160962
-0.114591
-0.0652721
-0.0132837
0.0412224
0.0979797
0.156559
0.213582
0.260541
0.2952
0.321597
0.342178
0.358478
0.37149
0.381609
0.38777
0.39023
-0.292497
-0.28088
-0.246028
-0.199018
-0.147335
-0.0922412
-0.0341455
0.0266027
0.0895857
0.154217
0.21663
0.26753
0.304688
0.332623
0.354114
0.370927
0.384186
0.394405
0.400624
0.403046
-0.330523
-0.318992
-0.282202
-0.2317
-0.175862
-0.116164
-0.0530389
0.0130393
0.0814774
0.151514
0.218826
0.273271
0.312554
0.341701
0.363812
0.380863
0.394122
0.40427
0.410477
0.412797
-0.363334
-0.351948
-0.313704
-0.260506
-0.201298
-0.137743
-0.070348
0.000356015
0.0736863
0.148709
0.220567
0.278245
0.319423
0.349599
0.372195
0.389412
0.402666
0.412741
0.418958
0.421172
-0.392459
-0.381223
-0.34199
-0.286612
-0.224627
-0.157817
-0.086694
-0.0118619
0.0658986
0.145495
0.221649
0.282504
0.325588
0.356829
0.379958
0.397391
0.410691
0.42071
0.426953
0.429077
-0.419099
-0.407949
-0.367889
-0.310711
-0.246417
-0.176826
-0.102482
-0.0240181
0.057773
0.141741
0.222171
0.286291
0.331402
0.363817
0.387569
0.405285
0.418682
0.42869
0.434951
0.436979
-0.444018
-0.432916
-0.392129
-0.333404
-0.267144
-0.195176
-0.118015
-0.0362567
0.049285
0.137434
0.222121
0.289655
0.336998
0.370776
0.395293
0.413394
0.426945
0.436963
0.443248
0.445159
-0.467639
-0.456547
-0.415144
-0.355115
-0.287145
-0.213074
-0.133412
-0.0487063
0.0402805
0.132412
0.221395
0.292571
0.342428
0.377827
0.403304
0.421918
0.435704
0.445794
0.452045
0.453899
-0.490335
-0.479186
-0.437195
-0.376069
-0.306622
-0.230728
-0.148868
-0.0615257
0.0306432
0.126591
0.219883
0.294957
0.347669
0.385004
0.411689
0.430988
0.445114
0.455318
0.461548
0.463363
-0.5123
-0.501007
-0.458439
-0.396452
-0.325688
-0.248234
-0.16445
-0.0747428
0.0203287
0.119897
0.21747
0.296678
0.352615
0.392254
0.420454
0.440663
0.455276
0.465683
0.471888
0.473687
-0.533557
-0.522104
-0.479075
-0.416285
-0.34439
-0.265585
-0.180139
-0.0883653
0.00932179
0.112264
0.214055
0.297578
0.357095
0.399442
0.429525
0.450924
0.466223
0.476944
0.483158
0.484925
-0.55424
-0.542575
-0.499154
-0.435576
-0.362744
-0.282795
-0.195929
-0.102368
-0.00236342
0.103678
0.209529
0.297459
0.36088
0.406393
0.438805
0.461733
0.47794
0.489113
0.495386
0.49703
-0.574268
-0.562412
-0.518647
-0.45435
-0.380728
-0.299813
-0.211756
-0.116686
-0.0146792
0.0941393
0.203802
0.296117
0.363701
0.41288
0.448137
0.473014
0.49037
0.5021
0.508454
0.509937
-0.593695
-0.581614
-0.537448
-0.472576
-0.398288
-0.316582
-0.227549
-0.131233
-0.0275415
0.0836927
0.196847
0.293394
0.365263
0.418518
0.457188
0.484568
0.503442
0.515829
0.522199
0.523454
-0.612335
-0.60015
-0.555552
-0.490202
-0.41536
-0.333017
-0.243231
-0.14592
-0.0408511
0.0724292
0.188658
0.289177
0.365256
0.422765
0.465495
0.496183
0.517132
0.530214
0.53634
0.537243
-0.630315
-0.61794
-0.572967
-0.507201
-0.431909
-0.349069
-0.258704
-0.160649
-0.0544998
0.0604565
0.179277
0.283349
0.363409
0.425145
0.472442
0.507499
0.53159
0.545575
0.550743
0.550842
-0.647496
-0.634929
-0.589657
-0.523517
-0.447855
-0.364657
-0.273882
-0.175298
-0.0683666
0.0478708
0.168815
0.27587
0.359528
0.425242
0.477233
0.51774
0.546873
0.563097
0.566043
0.563536
-0.66393
-0.6512
-0.605571
-0.539104
-0.46316
-0.379718
-0.288684
-0.189782
-0.0823231
0.0348382
0.1574
0.266807
0.353522
0.422615
0.478712
0.525158
0.561831
0.584487
0.587363
0.575817
-0.679551
-0.66669
-0.6208
-0.554087
-0.47801
-0.394517
-0.303433
-0.2045
-0.0968377
0.0208252
0.144432
0.255516
0.3447
0.416545
0.475256
0.52689
0.572412
0.605836
0.613063
0.606221
-0.694351
-0.681256
-0.63537
-0.56843
-0.492402
-0.409061
-0.318104
-0.219447
-0.111924
0.00576245
0.129794
0.241795
0.332527
0.4065
0.46499
0.517168
0.564614
0.599015
0.591405
0.52373
-0.708161
-0.694388
-0.649203
-0.582173
-0.506476
-0.423477
-0.332734
-0.234502
-0.127492
-0.010234
0.113532
0.225597
0.316626
0.392263
0.448261
0.488972
0.529122
0.540143
0.491341
0.41805
-0.720993
-0.707967
-0.662088
-0.594919
-0.519908
-0.437282
-0.347476
-0.249586
-0.14336
-0.0269396
0.095804
0.206889
0.296514
0.374318
0.428264
0.46881
0.455186
0.426667
0.352348
0.271592
-0.702834
-0.686248
-0.641115
-0.572598
-0.494054
-0.408463
-0.314176
-0.213418
-0.103607
0.017092
0.134067
0.231328
0.310393
0.385135
0.459512
0.368941
0.316306
0.24798
0.161776
0.103983
-0.725705
-0.707479
-0.675844
-0.614604
-0.540569
-0.458937
-0.369759
-0.273325
-0.168772
-0.0544625
0.0654206
0.172804
0.257867
0.328808
0.391928
0.39046
0.267887
0.167818
0.0946278
-0.00766341
-0.741754
-0.725921
-0.687186
-0.625256
-0.551295
-0.470554
-0.382939
-0.287954
-0.184945
-0.0725875
0.0449496
0.149053
0.230301
0.289744
0.308925
0.229534
0.0500775
-0.0707073
-0.165958
-0.274638
-0.757993
-0.745809
-0.702098
-0.639246
-0.565382
-0.485002
-0.398047
-0.304077
-0.202616
-0.0923627
0.0217355
0.120626
0.194736
0.241164
0.209977
0.0435563
-0.16477
-0.321198
-0.453733
-0.625374
-0.776557
-0.763835
-0.718646
-0.654696
-0.580984
-0.50102
-0.414811
-0.322116
-0.222497
-0.114806
-0.00466639
0.0883642
0.154436
0.1846
0.0994654
-0.146156
-0.403763
-0.61549
-0.811084
-1.07015
-0.79347
-0.781166
-0.735171
-0.670251
-0.596596
-0.51714
-0.43194
-0.340791
-0.243259
-0.138363
-0.0323817
0.0543748
0.111435
0.11735
-0.0320749
-0.334284
-0.646486
-0.948552
-1.2043
-1.74999
-0.809447
-0.797785
-0.751673
-0.686256
-0.612726
-0.533802
-0.449663
-0.360178
-0.264848
-0.162855
-0.0612903
0.0185934
0.0661217
0.0320407
-0.183849
-0.50577
-0.850074
-1.18922
-1.49094
-2.03832
-0.825312
-0.814086
-0.768224
-0.702786
-0.629508
-0.551171
-0.468136
-0.380368
-0.287349
-0.188617
-0.0919069
-0.0198123
0.0167833
-0.0605453
-0.326563
-0.64837
-0.986529
-1.28777
-1.42905
-1.46881
-0.841506
-0.830653
-0.785108
-0.719878
-0.647054
-0.569501
-0.487826
-0.402115
-0.311889
-0.216844
-0.125352
-0.061782
-0.0398865
-0.156643
-0.462602
-0.767528
-1.06747
-1.29973
-1.36565
-1.38315
-0.858028
-0.847553
-0.802275
-0.737364
-0.665105
-0.588555
-0.508526
-0.425274
-0.338332
-0.247345
-0.161571
-0.107259
-0.102315
-0.260248
-0.589447
-0.870323
-1.14289
-1.33956
-1.36709
-1.3543
-0.87492
-0.864638
-0.819603
-0.755009
-0.683435
-0.608091
-0.530007
-0.449608
-0.36641
-0.280017
-0.200357
-0.156324
-0.171372
-0.382275
-0.716707
-0.961361
-1.17755
-1.31466
-1.31919
-1.30869
-0.891819
-0.8817
-0.83681
-0.772526
-0.701732
-0.627796
-0.551966
-0.474932
-0.396151
-0.314922
-0.241349
-0.208262
-0.252709
-0.517645
-0.852842
-1.05098
-1.08979
-1.1774
-1.25271
-1.28262
-0.908173
-0.898279
-0.853436
-0.789448
-0.719493
-0.647175
-0.574022
-0.500959
-0.42748
-0.351959
-0.283669
-0.261685
-0.339139
-0.675855
-1.0252
-1.2435
-1.14988
-1.23748
-1.34311
-1.3842
-0.923343
-0.913682
-0.868787
-0.805154
-0.736112
-0.665547
-0.595413
-0.527026
-0.460076
-0.391312
-0.326946
-0.313528
-0.418609
-0.860593
-1.30331
-1.73234
-1.77265
-1.64689
-1.63327
-1.638
-0.936445
-0.926987
-0.882063
-0.818866
-0.750727
-0.68206
-0.615356
-0.552575
-0.494255
-0.433999
-0.37187
-0.361433
-0.492044
-1.01999
-1.60895
-2.14189
-2.25825
-2.03341
-1.9426
-1.91892
-0.946435
-0.937115
-0.892306
-0.829416
-0.76226
-0.695678
-0.632858
-0.576911
-0.528839
-0.481321
-0.423289
-0.409797
-0.552036
-1.09647
-1.65966
-2.11432
-2.24704
-2.22827
-2.17618
-2.15936
-0.951999
-0.942858
-0.898141
-0.835643
-0.769527
-0.705153
-0.646665
-0.598795
-0.564612
-0.537673
-0.49669
-0.477147
-0.620832
-1.13338
-1.68276
-2.21911
-2.55307
-2.64489
-2.53789
-2.43183
-0.951845
-0.942841
-0.898308
-0.836234
-0.771197
-0.709087
-0.655262
-0.617097
-0.603554
-0.61566
-0.629308
-0.614143
-0.733629
-1.13634
-1.63031
-2.19881
-2.62182
-2.73571
-2.59955
-2.44096
-0.944604
-0.935696
-0.89139
-0.829848
-0.765931
-0.705978
-0.656845
-0.63002
-0.646402
-0.735035
-0.891185
-0.913098
-0.875016
-0.981116
-1.19334
-1.49255
-1.70976
-1.69521
-1.49465
-1.30326
-0.928974
-0.920173
-0.876066
-0.815322
-0.752471
-0.69427
-0.649309
-0.634154
-0.687908
-0.908228
-1.32781
-1.39597
-1.01134
-0.70898
-0.336408
-0.0189709
0.20077
0.390408
0.555448
0.659354
-0.90393
-0.895184
-0.851442
-0.791623
-0.729685
-0.672538
-0.630229
-0.623499
-0.711016
-1.09191
-1.96274
-2.00513
-1.11034
-0.336124
0.466598
1.08353
1.56687
1.84314
1.96053
2.00235
-0.86892
-0.860177
-0.816879
-0.758051
-0.696729
-0.639466
-0.597331
-0.59099
-0.683845
-1.1249
-2.2487
-2.23776
-0.986006
-0.0578591
0.834967
1.46041
1.87434
2.08267
2.16571
2.19044
-0.823268
-0.814938
-0.772221
-0.714446
-0.653456
-0.594538
-0.546081
-0.526713
-0.590813
-0.91555
-1.66072
-1.43912
-0.54014
0.296997
0.956288
1.37901
1.63888
1.77947
1.85149
1.88097
-0.766946
-0.759545
-0.717906
-0.661381
-0.601097
-0.54039
-0.484705
-0.445682
-0.452232
-0.573968
-0.792548
-0.492603
0.057611
0.582383
0.95912
1.20533
1.3624
1.46138
1.52122
1.54828
-0.699085
-0.692989
-0.654058
-0.599984
-0.54151
-0.480485
-0.41919
-0.362488
-0.318766
-0.294967
-0.226265
0.00153565
0.362676
0.665243
0.873503
1.02103
1.12527
1.20011
1.24988
1.27735
-0.618722
-0.612909
-0.579335
-0.53104
-0.476824
-0.417553
-0.354376
-0.287806
-0.216959
-0.132052
0.000959748
0.198556
0.41748
0.598527
0.730633
0.8286
0.902599
0.960749
1.00553
1.02641
-0.521925
-0.517571
-0.495122
-0.454662
-0.406464
-0.352617
-0.29264
-0.225384
-0.147797
-0.0505424
0.0816474
0.237466
0.383345
0.501279
0.58975
0.655435
0.703807
0.73896
0.763693
0.77712
-0.41105
-0.409834
-0.396575
-0.366733
-0.329155
-0.285404
-0.234246
-0.174247
-0.102347
-0.0118058
0.103865
0.229037
0.338294
0.42525
0.490212
0.537147
0.570416
0.593692
0.608198
0.613331
-0.305564
-0.305693
-0.298253
-0.278133
-0.251094
-0.218094
-0.177645
-0.12799
-0.066224
0.0123668
0.109923
0.209398
0.292249
0.356414
0.403325
0.436224
0.458338
0.472271
0.480081
0.482994
-0.206933
-0.207601
-0.203725
-0.192379
-0.175453
-0.152954
-0.123451
-0.0849442
-0.0348841
0.0300226
0.10971
0.188315
0.25165
0.299446
0.333488
0.356553
0.371307
0.380044
0.384492
0.385803
-0.12131
-0.122186
-0.121418
-0.116992
-0.108326
-0.0947795
-0.0748918
-0.0467155
-0.00802467
0.0436701
0.107321
0.169046
0.217478
0.253104
0.277878
0.294039
0.303831
0.309211
0.311631
0.312193
-0.0559927
-0.0567888
-0.0577541
-0.0577754
-0.0552002
-0.0481509
-0.0353808
-0.0153469
0.0137753
0.0538742
0.103575
0.151368
0.188275
0.214888
0.232826
0.244211
0.250889
0.254276
0.255604
0.255835
-0.0118596
-0.0124737
-0.0139602
-0.0159091
-0.0161058
-0.0131036
-0.00544193
0.00839603
0.0299154
0.0605332
0.0989056
0.135611
0.163501
0.183277
0.196488
0.204668
0.20918
0.21127
0.211963
0.212021
0.0155723
0.0151513
0.0138465
0.0118545
0.0109277
0.0122325
0.0168402
0.0261676
0.0417445
0.0647619
0.0940252
0.121994
0.143154
0.15798
0.167564
0.17326
0.176286
0.177542
0.177817
0.177782
0.0319449
0.0316675
0.0307536
0.0292372
0.0283372
0.0290134
0.0321704
0.0388183
0.0501363
0.0672666
0.0894064
0.110597
0.1264
0.137242
0.144184
0.14825
0.150275
0.150973
0.151009
0.150938
0.0416833
0.0414918
0.040911
0.0399074
0.0392687
0.0396561
0.0417853
0.0465693
0.0549624
0.0677662
0.0843587
0.100229
0.112044
0.120151
0.125255
0.128131
0.129487
0.129878
0.129822
0.12975
0.0474737
0.0473392
0.046963
0.0463047
0.0459009
0.0462275
0.0477873
0.0512327
0.057356
0.066883
0.0793518
0.0912897
0.10012
0.10607
0.109749
0.111787
0.112704
0.112917
0.112829
0.112762
0.0505617
0.0504669
0.0502037
0.049734
0.0494471
0.0496925
0.0508538
0.0534268
0.0579841
0.0650613
0.0743468
0.0832255
0.0897598
0.0941476
0.0968358
0.0982911
0.0989117
0.0990193
0.0989232
0.0988642
0.0515858
0.0515181
0.0513287
0.0509817
0.0507682
0.0509472
0.0517946
0.0536804
0.0570532
0.0623229
0.0692486
0.0758679
0.0807192
0.0839483
0.0858981
0.0869306
0.0873476
0.0873909
0.0872976
0.0872472
0.051036
0.0509859
0.0508508
0.0505992
0.0504457
0.0505839
0.0512185
0.0526225
0.0551254
0.0590358
0.0641832
0.069094
0.0726754
0.075041
0.0764534
0.0771844
0.0774606
0.077464
0.0773777
0.0773349
0.0493228
0.0492845
0.049187
0.0490058
0.0488969
0.0490026
0.0494748
0.0505167
0.0523743
0.0552784
0.0590976
0.0627348
0.0653765
0.0671087
0.0681303
0.0686464
0.0688274
0.0688103
0.0687346
0.0686985
0.0467627
0.0467329
0.0466615
0.0465311
0.0464551
0.0465375
0.0468906
0.0476648
0.0490421
0.0511945
0.0540241
0.0567125
0.0586546
0.0599186
0.0606549
0.0610176
0.0611339
0.0611063
0.0610406
0.0610102
0.043584
0.0435606
0.0435067
0.0434107
0.043356
0.0434187
0.0436817
0.0442553
0.0452753
0.0468673
0.0489587
0.050939
0.0523634
0.0532827
0.053811
0.0540639
0.0541364
0.0541052
0.0540494
0.0540241
0.0399473
0.0399288
0.0398871
0.0398146
0.0397729
0.0398182
0.0400115
0.0404347
0.0411868
0.0423615
0.043902
0.0453575
0.0463975
0.0470638
0.0474412
0.0476157
0.0476582
0.0476257
0.0475782
0.0475573
0.0359694
0.0359549
0.0359221
0.0358657
0.0358321
0.0358629
0.0360029
0.0363121
0.0368636
0.0377257
0.0388559
0.0399202
0.0406777
0.0411577
0.0414248
0.0415432
0.0415653
0.0415336
0.0414937
0.0414766
0.0317359
0.0317246
0.0316986
0.0316536
0.031625
0.0316437
0.0317424
0.0319656
0.0323671
0.0329963
0.0338208
0.0345943
0.0351416
0.0354851
0.035672
0.0357504
0.0357589
0.0357293
0.0356958
0.0356817
0.027311
0.0273022
0.0272812
0.027245
0.02722
0.0272292
0.0272969
0.0274556
0.0277442
0.0281987
0.0287947
0.0293524
0.0297436
0.0299856
0.0301139
0.0301639
0.0301636
0.0301364
0.0301084
0.030097
0.0227437
0.0227369
0.02272
0.0226902
0.0226679
0.0226702
0.0227148
0.0228252
0.0230294
0.0233523
0.023776
0.0241717
0.0244468
0.0246146
0.0247007
0.0247305
0.0247247
0.0247004
0.0246771
0.0246678
0.0180717
0.0180665
0.0180529
0.0180282
0.0180083
0.0180057
0.0180328
0.0181062
0.0182456
0.0184694
0.0187639
0.0190378
0.019227
0.01934
0.0193952
0.0194106
0.0194012
0.0193793
0.0193597
0.0193522
0.0133216
0.0133177
0.0133067
0.0132864
0.0132689
0.0132632
0.0132779
0.013324
0.0134148
0.0135617
0.0137566
0.0139372
0.0140605
0.0141323
0.014165
0.014171
0.0141603
0.0141413
0.0141251
0.0141192
0.00851374
0.00851085
0.00850259
0.00848735
0.00847342
0.00846685
0.00847322
0.0084993
0.00855273
0.00863963
0.00875429
0.0088604
0.0089316
0.00897191
0.00898882
0.00898933
0.00897917
0.00896422
0.00895194
0.00894744
0.00122564
0.00122564
0.00122223
0.0012173
0.00121407
0.00121333
0.00121519
0.00122002
0.00122887
0.00124252
0.00125746
0.00126905
0.00127638
0.00128005
0.00128093
0.00127908
0.00127567
0.00127066
0.00126892
0.00382001
-2.19978
-1.20903
-0.654307
-0.313228
-0.0595829
0.137164
0.29511
0.430137
0.563753
0.666228
-0.797644
-0.508865
-0.25726
-0.0525912
0.116745
0.257586
0.375051
0.471997
0.534335
0.546183
-0.3107
-0.149733
0.00199343
0.136968
0.253262
0.352238
0.433994
0.496593
0.537657
0.56038
-0.0208865
0.0829983
0.183985
0.277094
0.358673
0.428448
0.485788
0.530532
0.563922
0.586041
0.177567
0.249147
0.32071
0.387397
0.446384
0.497482
0.540414
0.575507
0.603386
0.622371
0.3277
0.375845
0.43194
0.481623
0.526812
0.566731
0.601233
0.630249
0.653866
0.669491
0.447081
0.485744
0.529839
0.569533
0.60681
0.640602
0.670277
0.69546
0.715911
0.728613
0.550214
0.584303
0.622367
0.65846
0.692237
0.723196
0.75044
0.773359
0.791459
0.801679
0.647683
0.682087
0.719761
0.755902
0.789087
0.818995
0.844881
0.866249
0.882473
0.891176
0.753569
0.792164
0.83185
0.869388
0.902584
0.931439
0.955708
0.975379
0.990026
0.998855
0.882784
0.925858
0.965862
1.00246
1.03355
1.05984
1.08189
1.09996
1.11381
1.12422
1.04574
1.08758
1.12174
1.15172
1.17665
1.19856
1.21848
1.23619
1.25117
1.26401
1.23703
1.26806
1.28957
1.30895
1.32724
1.34468
1.36108
1.37705
1.39369
1.41072
1.43536
1.44686
1.45804
1.47231
1.48672
1.49963
1.51112
1.52212
1.53513
1.55207
1.62148
1.63144
1.64013
1.64259
1.64347
1.64786
1.65879
1.67483
1.6925
1.69714
1.92269
1.86733
1.81652
1.77623
1.75395
1.75001
1.76351
1.79734
1.85383
1.9294
0.467726
0.409038
0.366682
0.332919
0.308385
0.290981
0.278641
0.269894
0.263926
0.260485
0.259937
0.262435
0.26746
0.274994
0.285564
0.300342
0.321137
0.350069
0.388683
0.436423
0.269049
0.277957
0.283719
0.28464
0.281334
0.275521
0.269314
0.264012
0.260249
0.2585
0.259415
0.262624
0.267486
0.273551
0.279931
0.284889
0.286302
0.282928
0.275202
0.267523
0.245913
0.247982
0.252679
0.256438
0.259213
0.260903
0.260869
0.259361
0.257331
0.255759
0.255571
0.25704
0.259309
0.261459
0.2625
0.261757
0.259528
0.256378
0.252123
0.247642
0.238577
0.239469
0.242249
0.245399
0.247807
0.249485
0.250718
0.251402
0.251429
0.251228
0.251377
0.251991
0.252568
0.252528
0.25175
0.250453
0.248555
0.245799
0.242693
0.240562
0.232793
0.233266
0.235081
0.237826
0.240461
0.242599
0.244119
0.245166
0.245915
0.24641
0.246777
0.247
0.246867
0.246327
0.245317
0.243669
0.241365
0.238684
0.236323
0.235127
0.228406
0.228609
0.229957
0.232298
0.234657
0.236885
0.238888
0.240463
0.241579
0.242354
0.242851
0.242981
0.242636
0.241724
0.240214
0.238284
0.236137
0.233832
0.231893
0.231219
0.226725
0.226817
0.227577
0.228994
0.230547
0.232015
0.233426
0.234808
0.23608
0.237114
0.237753
0.237834
0.237401
0.236594
0.235604
0.234417
0.233038
0.231639
0.230529
0.230185
0.225349
0.225396
0.225801
0.226604
0.227572
0.228791
0.230128
0.231477
0.232718
0.233798
0.234556
0.23478
0.234503
0.233852
0.232921
0.23197
0.231159
0.230382
0.229819
0.229646
0.223186
0.223211
0.223433
0.223919
0.224564
0.225271
0.226158
0.227237
0.228409
0.229545
0.230447
0.230863
0.230826
0.230522
0.230137
0.229748
0.229314
0.2289
0.228625
0.228542
0.220266
0.220278
0.220424
0.220806
0.221316
0.222009
0.222874
0.223808
0.224902
0.226079
0.227155
0.227841
0.22811
0.2281
0.227918
0.227726
0.227469
0.227182
0.227013
0.226976
0.217045
0.217049
0.217154
0.217454
0.217917
0.218503
0.219238
0.220167
0.221301
0.222611
0.223923
0.224907
0.225471
0.225749
0.225844
0.225779
0.225675
0.225538
0.225466
0.225455
0.213511
0.213521
0.2136
0.213838
0.214228
0.214768
0.215495
0.216454
0.217684
0.219183
0.22081
0.222151
0.223041
0.223589
0.2239
0.224045
0.224087
0.224078
0.224077
0.224078
0.20958
0.209586
0.209667
0.209879
0.210243
0.210784
0.211554
0.212616
0.21403
0.215825
0.217854
0.219617
0.220862
0.221688
0.222214
0.222534
0.222714
0.22281
0.222861
0.222872
0.20517
0.205175
0.205263
0.205488
0.205873
0.206463
0.207332
0.208565
0.21025
0.212444
0.214989
0.21727
0.218898
0.220057
0.220821
0.221313
0.221618
0.221799
0.221891
0.221911
0.200216
0.200222
0.200323
0.200581
0.201026
0.201719
0.202753
0.204243
0.206305
0.209027
0.212228
0.215124
0.217282
0.218773
0.219792
0.220463
0.22089
0.221149
0.22128
0.221308
0.194607
0.194614
0.194738
0.195051
0.195592
0.19644
0.197713
0.199557
0.202124
0.205532
0.209564
0.213242
0.215969
0.217895
0.219211
0.220084
0.220644
0.220985
0.221157
0.221194
0.188184
0.188193
0.18835
0.188743
0.189422
0.190487
0.192087
0.194404
0.197634
0.201925
0.207006
0.211644
0.215084
0.217522
0.219191
0.2203
0.221015
0.22145
0.221668
0.221716
0.180738
0.18075
0.180952
0.181456
0.182323
0.183684
0.18572
0.188662
0.192756
0.198177
0.204575
0.210402
0.214717
0.217775
0.21987
0.221264
0.222161
0.222707
0.222981
0.223041
0.171971
0.171987
0.172249
0.172902
0.174036
0.175808
0.17843
0.182185
0.187395
0.194258
0.202307
0.209602
0.214989
0.218803
0.221417
0.223156
0.224273
0.224952
0.225291
0.225366
0.161476
0.161498
0.161842
0.162701
0.164194
0.166504
0.169894
0.174761
0.181439
0.190142
0.200253
0.209352
0.216048
0.220784
0.224031
0.226191
0.227578
0.228417
0.228834
0.228926
0.148695
0.148725
0.149185
0.150331
0.152327
0.15538
0.159859
0.166188
0.174764
0.18581
0.19848
0.20978
0.218062
0.223917
0.227939
0.230621
0.232346
0.233385
0.233901
0.234009
0.132844
0.132888
0.133513
0.135077
0.137802
0.141916
0.147863
0.156169
0.16726
0.181278
0.197087
0.211036
0.221222
0.228431
0.233398
0.236731
0.238885
0.240183
0.240815
0.240949
0.11274
0.112805
0.113684
0.115905
0.119728
0.125392
0.133465
0.144516
0.158898
0.176631
0.196221
0.213297
0.225733
0.234563
0.24069
0.244837
0.247548
0.249193
0.249982
0.250141
0.0864696
0.086568
0.0878982
0.0912688
0.0968926
0.105004
0.116239
0.131083
0.14974
0.172039
0.196075
0.21675
0.231782
0.24253
0.250078
0.255264
0.258714
0.260845
0.261882
0.26208
0.0507727
0.0509524
0.0532481
0.0588798
0.0677211
0.0798503
0.0958112
0.115866
0.139976
0.167738
0.196847
0.221536
0.239481
0.252449
0.261733
0.268274
0.272758
0.275601
0.276997
0.27726
-0.000597133
-4.87633e-06
0.00519333
0.0159068
0.0308097
0.0495195
0.0723438
0.0992746
0.130034
0.164056
0.198721
0.227708
0.248795
0.264239
0.275579
0.283879
0.289858
0.293895
0.295995
0.2964
-0.0763958
-0.0729579
-0.0585171
-0.0371434
-0.012371
0.0156104
0.0471503
0.0821826
0.120414
0.161307
0.202015
0.235748
0.260439
0.278875
0.29287
0.30365
0.312044
0.318308
0.322087
0.323314
-0.156747
-0.148303
-0.122508
-0.0905133
-0.0557489
-0.0183475
0.0219199
0.0650964
0.111031
0.159312
0.206952
0.2465
0.275806
0.298169
0.315685
0.32975
0.341243
0.350769
0.35854
0.360395
-0.220517
-0.212216
-0.179548
-0.139304
-0.0961677
-0.0503831
-0.00198416
0.0489714
0.10229
0.157583
0.211631
0.256318
0.289437
0.314786
0.33471
0.350711
0.363736
0.374224
0.381833
0.383815
-0.271453
-0.262546
-0.226247
-0.1808
-0.131487
-0.0791033
-0.0239077
0.0338374
0.0937984
0.155486
0.215293
0.264297
0.300273
0.327499
0.348592
0.365268
0.378686
0.389363
0.396863
0.399042
-0.312627
-0.303599
-0.265317
-0.215918
-0.161977
-0.104495
-0.0437859
0.0197308
0.0855294
0.15292
0.217815
0.270524
0.308782
0.337357
0.359199
0.37622
0.389696
0.400245
0.407646
0.409946
-0.347398
-0.338347
-0.298846
-0.2465
-0.188832
-0.127127
-0.0618
0.00664697
0.0775832
0.150164
0.219796
0.275887
0.316128
0.345796
0.368154
0.385322
0.398727
0.409115
0.416355
0.418719
-0.377861
-0.368852
-0.328538
-0.273819
-0.213133
-0.147895
-0.0785761
-0.00574945
0.06985
0.147202
0.221214
0.280468
0.322587
0.353284
0.37614
0.393484
0.40687
0.417149
0.42421
0.426619
-0.405403
-0.396398
-0.355449
-0.298849
-0.235635
-0.167388
-0.0945983
-0.0179011
0.0619034
0.143702
0.222
0.284472
0.328547
0.360356
0.383784
0.401364
0.414792
0.424995
0.431904
0.434322
-0.430899
-0.421885
-0.380407
-0.322169
-0.256848
-0.186036
-0.110247
-0.0300975
0.0536043
0.139681
0.222243
0.288048
0.334241
0.367309
0.391424
0.409328
0.422857
0.433047
0.439768
0.44219
-0.454967
-0.445908
-0.403962
-0.34433
-0.277189
-0.204141
-0.125694
-0.0424233
0.0448793
0.135032
0.221858
0.291193
0.339754
0.374306
0.399276
0.417623
0.431327
0.441533
0.448091
0.450509
-0.477947
-0.468818
-0.42645
-0.365644
-0.29691
-0.221898
-0.141104
-0.0550451
0.0355591
0.129622
0.220747
0.293854
0.345101
0.381419
0.407463
0.426403
0.44038
0.450643
0.457102
0.459452
-0.500117
-0.490875
-0.448073
-0.386304
-0.31618
-0.23948
-0.156629
-0.0680679
0.0255872
0.123375
0.218813
0.295929
0.35021
0.388644
0.416035
0.435761
0.450145
0.460551
0.466939
0.469156
-0.521545
-0.512209
-0.468922
-0.406419
-0.335063
-0.256909
-0.172267
-0.0814914
0.0149251
0.116211
0.21592
0.297257
0.354945
0.395893
0.42498
0.445742
0.460691
0.47133
0.477701
0.479734
-0.54236
-0.532868
-0.489289
-0.425978
-0.353592
-0.274195
-0.188014
-0.0953099
0.00357288
0.1081
0.211952
0.297663
0.359104
0.403022
0.43421
0.456315
0.472025
0.483008
0.489415
0.491258
-0.562588
-0.552951
-0.509048
-0.445016
-0.371768
-0.291318
-0.20383
-0.109479
-0.00843934
0.0990285
0.206826
0.296959
0.36245
0.409771
0.443533
0.467364
0.484111
0.495577
0.502027
0.503709
-0.582198
-0.57242
-0.528194
-0.463524
-0.389553
-0.308219
-0.219655
-0.123926
-0.0210387
0.0890371
0.20049
0.294963
0.364679
0.415801
0.452705
0.478765
0.496849
0.508924
0.515386
0.516862
-0.601132
-0.591238
-0.546624
-0.481458
-0.406877
-0.324838
-0.235399
-0.13856
-0.0341365
0.0781724
0.192911
0.291501
0.36548
0.42076
0.46142
0.490388
0.510219
0.522981
0.529334
0.530499
-0.619326
-0.609355
-0.564375
-0.498779
-0.423693
-0.341094
-0.250989
-0.15328
-0.047635
0.0665343
0.184117
0.286459
0.364582
0.424211
0.469174
0.501935
0.524275
0.537772
0.543597
0.544229
-0.63683
-0.626756
-0.581419
-0.515443
-0.439952
-0.356914
-0.266328
-0.167982
-0.061413
0.0542316
0.174189
0.279814
0.361731
0.425561
0.475207
0.512859
0.539188
0.553989
0.558211
0.557432
-0.653558
-0.643312
-0.597736
-0.531403
-0.455587
-0.372248
-0.281336
-0.182569
-0.0753439
0.0414006
0.16322
0.27155
0.356805
0.424317
0.47846
0.521953
0.554588
0.573379
0.575513
0.570415
-0.669517
-0.659178
-0.613282
-0.546659
-0.470621
-0.387119
-0.296036
-0.197075
-0.0894623
0.0280123
0.151168
0.261507
0.349531
0.420093
0.47774
0.527066
0.568367
0.596615
0.604071
0.588402
-0.68477
-0.67422
-0.628196
-0.561348
-0.485261
-0.401817
-0.310782
-0.211944
-0.104313
0.0134179
0.137319
0.24895
0.339066
0.412034
0.471
0.523774
0.572411
0.605129
0.617097
0.567139
-0.699584
-0.688102
-0.642423
-0.57538
-0.499439
-0.416265
-0.325406
-0.226949
-0.119641
-0.0021133
0.121873
0.234009
0.325083
0.399993
0.457298
0.505463
0.550387
0.579695
0.546418
0.474412
-0.714776
-0.70047
-0.655852
-0.58884
-0.513431
-0.430611
-0.34012
-0.24207
-0.135421
-0.0185367
0.104815
0.21657
0.307108
0.383697
0.438652
0.465256
0.498022
0.490767
0.426348
0.349437
-0.728986
-0.733276
-0.669197
-0.599342
-0.524704
-0.442356
-0.354349
-0.256686
-0.150932
-0.0350673
0.0868631
0.196949
0.285325
0.365198
0.408654
0.378004
0.404385
0.352586
0.271815
0.186369
-0.701731
-0.702172
-0.646909
-0.578446
-0.500014
-0.414794
-0.322738
-0.22248
-0.113356
0.00642549
0.122128
0.217943
0.294552
0.364611
0.409564
0.297889
0.206731
0.133227
0.0468883
-0.137397
-0.738682
-0.715119
-0.657345
-0.58829
-0.510444
-0.425997
-0.334986
-0.235929
-0.12825
-0.0104527
0.101889
0.193381
0.264071
0.308799
0.28076
0.131385
-0.0163932
-0.118245
-0.223287
-0.431458
-0.758876
-0.729713
-0.672998
-0.603434
-0.526271
-0.442551
-0.352071
-0.254501
-0.148752
-0.0336632
0.0746979
0.160429
0.222618
0.242166
0.151155
-0.0654877
-0.250104
-0.38503
-0.537698
-0.838185
-0.777898
-0.746012
-0.688791
-0.618833
-0.542012
-0.458923
-0.369476
-0.273557
-0.169974
-0.0580861
0.0455848
0.124748
0.176533
0.164652
-0.0104534
-0.277613
-0.516403
-0.708662
-0.936381
-1.434
-0.79505
-0.762646
-0.704581
-0.634323
-0.557778
-0.475405
-0.387274
-0.293085
-0.191847
-0.08346
0.0150081
0.0871981
0.124673
0.0653356
-0.180897
-0.489207
-0.799138
-1.07838
-1.40514
-2.39286
-0.811125
-0.779074
-0.720688
-0.650339
-0.574103
-0.492527
-0.405758
-0.31343
-0.214786
-0.109973
-0.0172031
0.0470425
0.0672697
-0.0429843
-0.342569
-0.675249
-1.02187
-1.34452
-1.65185
-2.86373
-0.82708
-0.795419
-0.737195
-0.666969
-0.591119
-0.510397
-0.425012
-0.334698
-0.238766
-0.137839
-0.0510642
0.00400186
0.0058827
-0.163733
-0.485691
-0.817761
-1.14714
-1.3864
-1.43828
-1.51146
-0.843254
-0.811973
-0.754103
-0.684267
-0.608983
-0.529332
-0.445624
-0.357706
-0.26493
-0.16842
-0.0884748
-0.0439757
-0.0661236
-0.299997
-0.613555
-0.921218
-1.19953
-1.35589
-1.38084
-1.38918
-0.859843
-0.828874
-0.77132
-0.702005
-0.627466
-0.549116
-0.467437
-0.382393
-0.293335
-0.20171
-0.128743
-0.0959959
-0.153267
-0.431105
-0.731076
-1.00612
-1.26565
-1.35783
-1.3558
-1.35168
-0.876748
-0.846001
-0.788725
-0.719941
-0.646316
-0.569512
-0.490242
-0.408567
-0.323743
-0.237235
-0.171914
-0.152812
-0.247284
-0.559593
-0.849815
-1.0646
-1.27872
-1.33533
-1.31338
-1.30439
-0.893692
-0.863076
-0.806016
-0.737786
-0.665226
-0.590221
-0.513848
-0.436148
-0.356253
-0.275118
-0.217266
-0.214664
-0.353476
-0.695162
-0.976971
-1.08113
-1.08368
-1.21889
-1.27337
-1.28432
-0.910019
-0.879657
-0.82273
-0.755044
-0.68368
-0.610788
-0.537692
-0.464712
-0.390463
-0.314645
-0.263562
-0.27657
-0.473208
-0.858698
-1.16358
-1.22573
-1.17778
-1.30073
-1.37017
-1.38958
-0.925233
-0.894965
-0.838174
-0.771137
-0.701045
-0.63049
-0.561183
-0.493894
-0.426274
-0.356325
-0.310163
-0.335072
-0.59799
-1.08723
-1.52894
-1.82857
-1.68156
-1.63562
-1.63452
-1.63976
-0.938339
-0.908323
-0.851612
-0.785197
-0.71645
-0.648502
-0.583684
-0.523227
-0.464134
-0.401077
-0.354126
-0.388294
-0.712535
-1.31949
-1.88983
-2.29173
-2.12826
-1.97356
-1.9252
-1.91941
-0.94834
-0.91852
-0.861986
-0.796121
-0.728865
-0.663804
-0.604106
-0.552094
-0.505577
-0.452138
-0.401042
-0.447411
-0.80194
-1.38084
-1.9208
-2.2279
-2.24094
-2.19586
-2.16539
-2.16939
-0.953798
-0.924302
-0.867967
-0.802749
-0.737051
-0.675083
-0.621276
-0.580157
-0.552965
-0.520183
-0.47119
-0.527033
-0.862988
-1.39942
-1.96728
-2.41002
-2.62872
-2.60839
-2.47602
-2.41344
-0.95351
-0.924357
-0.868291
-0.803755
-0.73966
-0.680906
-0.633828
-0.607236
-0.610006
-0.629808
-0.615781
-0.652296
-0.914803
-1.37604
-1.90474
-2.45519
-2.71562
-2.68971
-2.50099
-2.42026
-0.946194
-0.917313
-0.861543
-0.797849
-0.735271
-0.679649
-0.639853
-0.631195
-0.681165
-0.820304
-0.92824
-0.879144
-0.900454
-1.08094
-1.33184
-1.63271
-1.73017
-1.61166
-1.38254
-1.25179
-0.930488
-0.901836
-0.846588
-0.783825
-0.722523
-0.669571
-0.636585
-0.64827
-0.766681
-1.12656
-1.47373
-1.2005
-0.855225
-0.520919
-0.172226
0.106506
0.295772
0.478859
0.618304
0.681368
-0.905337
-0.87691
-0.822387
-0.760599
-0.700208
-0.6488
-0.62061
-0.649079
-0.842073
-1.48405
-2.22457
-1.54263
-0.738998
0.0801887
0.795345
1.3418
1.73486
1.91381
1.98934
2.00814
-0.870267
-0.842021
-0.788286
-0.727425
-0.667273
-0.615566
-0.590616
-0.620115
-0.829905
-1.59614
-2.54181
-1.55995
-0.57542
0.423629
1.18036
1.69212
2.00116
2.13475
2.18318
2.19263
-0.824765
-0.796834
-0.744223
-0.684149
-0.623514
-0.568394
-0.531164
-0.542557
-0.70392
-1.26508
-1.76607
-0.97316
-0.115365
0.659089
1.19217
1.52739
1.72082
1.82181
1.87109
1.88355
-0.768579
-0.741922
-0.690532
-0.6316
-0.570685
-0.511585
-0.462167
-0.440579
-0.493498
-0.694333
-0.727681
-0.224417
0.333174
0.791533
1.09593
1.29297
1.41769
1.49544
1.53675
1.5536
-0.700831
-0.677402
-0.6278
-0.571305
-0.51135
-0.44977
-0.390028
-0.338538
-0.304963
-0.276917
-0.146075
0.18317
0.527039
0.777994
0.953765
1.07749
1.16581
1.22765
1.26731
1.28079
-0.620588
-0.599622
-0.556085
-0.504679
-0.447839
-0.386546
-0.321635
-0.253265
-0.177717
-0.0733823
0.0939663
0.309323
0.514825
0.669358
0.783161
0.867989
0.933281
0.985017
1.01941
1.02869
-0.520696
-0.509338
-0.476142
-0.43143
-0.380322
-0.323553
-0.260108
-0.188319
-0.102674
0.0118002
0.159329
0.312783
0.44622
0.548688
0.625017
0.681504
0.72282
0.752515
0.772163
0.778969
-0.410918
-0.405579
-0.382883
-0.348767
-0.308131
-0.260885
-0.205546
-0.140145
-0.0601142
0.0439998
0.167673
0.286005
0.384636
0.460218
0.515655
0.555227
0.583145
0.602152
0.611804
0.613627
-0.305761
-0.303674
-0.289183
-0.265342
-0.235436
-0.198936
-0.154151
-0.0989178
-0.0294827
0.0601723
0.161387
0.253016
0.326629
0.381829
0.42131
0.448463
0.466204
0.476854
0.482096
0.482989
-0.207541
-0.20652
-0.198856
-0.184558
-0.16497
-0.139202
-0.105496
-0.0615682
-0.00455146
0.0692668
0.150732
0.221912
0.277404
0.318021
0.346221
0.364829
0.376311
0.38274
0.385468
0.385601
-0.121852
-0.122153
-0.119696
-0.113211
-0.102237
-0.085731
-0.0619737
-0.0288536
0.0160226
0.0750766
0.139716
0.194916
0.236788
0.26671
0.286905
0.299606
0.30698
0.310725
0.312091
0.311992
-0.056419
-0.0572521
-0.0580043
-0.0569141
-0.0522903
-0.0425623
-0.0263694
-0.00204652
0.0323284
0.0784273
0.128755
0.17116
0.202783
0.224819
0.239216
0.248053
0.252923
0.255131
0.255824
0.255653
-0.0121574
-0.0130572
-0.0150118
-0.0163169
-0.0150815
-0.00993774
0.000623807
0.0181057
0.0440011
0.0794822
0.118299
0.150637
0.174315
0.190608
0.201127
0.207307
0.210465
0.211737
0.212051
0.211871
0.0153773
0.014665
0.0128134
0.0111955
0.0112516
0.0140522
0.0208284
0.0330961
0.0522676
0.0791931
0.108822
0.133414
0.151302
0.163352
0.170819
0.17505
0.177092
0.177751
0.177825
0.177662
0.0318152
0.0313367
0.0299896
0.028654
0.0284366
0.030231
0.0349977
0.0438214
0.057923
0.0781629
0.100638
0.119166
0.132384
0.141134
0.146527
0.149476
0.150753
0.151029
0.15098
0.150846
0.0415894
0.0412819
0.0404121
0.0395028
0.0393025
0.0404582
0.0437921
0.0502643
0.0607745
0.0759305
0.0927746
0.106638
0.116522
0.123034
0.126928
0.128966
0.129775
0.12987
0.129785
0.129679
0.0474045
0.0472035
0.0466369
0.0460423
0.0459495
0.0468225
0.049233
0.0539134
0.0616632
0.0730101
0.085689
0.0960918
0.103423
0.108156
0.110941
0.112361
0.112877
0.112883
0.112793
0.112707
0.0505112
0.0503736
0.049972
0.0495466
0.0494858
0.0501343
0.0519339
0.0554249
0.0611823
0.0696238
0.079065
0.0867828
0.0921976
0.0956769
0.0976932
0.0986869
0.0990125
0.0989754
0.0988896
0.0988209
0.0515489
0.0514524
0.0511585
0.0508422
0.0507963
0.0512696
0.0525845
0.0551552
0.0594329
0.0657255
0.0727681
0.0785124
0.082519
0.0850616
0.0865103
0.0872019
0.087403
0.087345
0.0872681
0.0872133
0.0510082
0.0509395
0.050728
0.050498
0.0504691
0.050826
0.0518072
0.053717
0.0568896
0.0615653
0.066797
0.0710503
0.0739965
0.0758501
0.0768901
0.0773688
0.0774864
0.0774195
0.0773521
0.0773084
0.0493016
0.0492509
0.0490987
0.0489334
0.048916
0.0491831
0.0499116
0.0513285
0.0536853
0.0571559
0.0610355
0.0641798
0.0663458
0.0676962
0.0684411
0.0687709
0.068836
0.0687703
0.0687129
0.0686778
0.0467463
0.0467079
0.0465978
0.0464798
0.0464714
0.0466729
0.0472151
0.0482668
0.0500135
0.0525867
0.0554581
0.0577764
0.0593635
0.0603436
0.0608752
0.0611006
0.0611323
0.061071
0.0610221
0.060994
0.0435712
0.0435415
0.0434596
0.0433735
0.0433688
0.0435197
0.0439224
0.0447012
0.0459937
0.0478969
0.050016
0.0517204
0.0528803
0.0535889
0.053966
0.0541183
0.0541294
0.0540749
0.0540339
0.0540114
0.0399373
0.0399138
0.0398514
0.0397864
0.0397818
0.0398923
0.040189
0.0407636
0.0417172
0.04312
0.0446802
0.045929
0.0467729
0.0472835
0.0475495
0.0476503
0.0476481
0.0475996
0.0475653
0.0475474
0.0359617
0.035943
0.0358943
0.0358435
0.0358374
0.0359163
0.0361324
0.0365531
0.0372527
0.0382827
0.0394257
0.040337
0.040949
0.0413141
0.0414994
0.0415638
0.0415537
0.0415115
0.041483
0.0414689
0.03173
0.0317152
0.0316765
0.0316354
0.0316269
0.0316809
0.0318356
0.0321408
0.0326511
0.0334031
0.0342352
0.034896
0.0353362
0.0355953
0.0357224
0.0357616
0.0357471
0.0357106
0.0356869
0.0356757
0.0273064
0.0272946
0.0272635
0.0272296
0.0272192
0.0272542
0.0273628
0.0275813
0.0279492
0.0284929
0.029094
0.0295686
0.0298814
0.0300618
0.030147
0.0301687
0.030152
0.0301207
0.0301011
0.0300924
0.0227402
0.0227307
0.0227055
0.0226771
0.0226652
0.0226861
0.0227602
0.0229138
0.023175
0.0235615
0.0239886
0.0243242
0.0245429
0.0246664
0.0247215
0.0247311
0.0247138
0.0246871
0.0246711
0.0246644
0.0180691
0.0180616
0.018041
0.0180169
0.0180042
0.0180147
0.0180626
0.0181664
0.0183463
0.0186148
0.0189113
0.0191429
0.0192921
0.0193738
0.019407
0.0194084
0.019391
0.0193681
0.0193548
0.0193496
0.0133197
0.0133138
0.013297
0.0132767
0.0132642
0.0132675
0.0132963
0.0133631
0.0134807
0.013658
0.013854
0.0140059
0.0141022
0.0141529
0.0141708
0.0141673
0.0141513
0.014132
0.0141211
0.0141173
0.00851234
0.00850788
0.00849534
0.00847985
0.00846892
0.00846811
0.00848338
0.00852214
0.00859181
0.00869627
0.00881166
0.00890028
0.00895518
0.0089829
0.00899081
0.00898528
0.00897192
0.00895715
0.00894894
0.00894605
0.00366361
0.00366205
0.00365826
0.00364973
0.00364113
0.00363608
0.00363689
0.00364657
0.00366796
0.00370367
0.00375103
0.00379483
0.00382429
0.00384098
0.00384695
0.00384493
0.00383829
0.00382871
0.00382201
0.00381908
-1.57615
-0.879184
-0.470751
-0.180269
0.0434048
0.218873
0.36558
0.494186
0.632437
0.617315
-0.59421
-0.3745
-0.149611
0.0361587
0.190554
0.318847
0.426385
0.509149
0.546488
0.549956
-0.209031
-0.0720006
0.0719869
0.19737
0.304872
0.395319
0.467922
0.519645
0.551622
0.567278
0.0433288
0.134397
0.232003
0.319358
0.395079
0.458702
0.5097
0.548472
0.57725
0.594878
0.223173
0.286619
0.355011
0.417874
0.472948
0.519956
0.558907
0.590285
0.61504
0.632751
0.360952
0.407904
0.457123
0.504888
0.547445
0.584659
0.616437
0.64268
0.663748
0.681169
0.473154
0.508771
0.549939
0.588564
0.624193
0.655976
0.683465
0.706248
0.724229
0.741441
0.571693
0.603437
0.640701
0.675655
0.70813
0.73732
0.762481
0.783012
0.798322
0.815427
0.667721
0.70077
0.738182
0.772867
0.804497
0.832476
0.856161
0.875029
0.888215
0.90551
0.774808
0.811829
0.851139
0.886516
0.917572
0.94416
0.966133
0.983326
0.995329
1.01323
0.906047
0.945909
0.984852
1.01864
1.04725
1.07138
1.09144
1.10734
1.11944
1.13777
1.06848
1.10494
1.13748
1.16467
1.1879
1.20876
1.22767
1.24397
1.25786
1.27579
1.25398
1.27931
1.29944
1.31821
1.33608
1.35303
1.36907
1.3852
1.40244
1.42164
1.4411
1.45208
1.46495
1.47967
1.49337
1.50554
1.51659
1.52808
1.54356
1.56302
1.6233
1.63679
1.64188
1.6429
1.64495
1.65246
1.66628
1.68396
1.69774
1.7091
1.89233
1.8418
1.7943
1.76274
1.74984
1.75443
1.77768
1.82279
1.88952
1.98365
0.324345
0.321391
0.315369
0.30459
0.292283
0.281175
0.272311
0.265715
0.261332
0.259373
0.260331
0.263934
0.26969
0.277593
0.28775
0.299774
0.311893
0.320441
0.324943
0.327025
0.25245
0.259142
0.264542
0.268364
0.26967
0.268241
0.265021
0.261449
0.258584
0.257187
0.257998
0.260618
0.264234
0.268012
0.27067
0.270893
0.268299
0.263666
0.25727
0.251392
0.241833
0.24493
0.248621
0.251468
0.253573
0.255083
0.255594
0.255038
0.254031
0.253468
0.254038
0.255377
0.2566
0.256899
0.255995
0.254279
0.251922
0.248622
0.245
0.242701
0.235656
0.237216
0.23987
0.242649
0.244789
0.246278
0.247366
0.248123
0.248536
0.248818
0.249127
0.249336
0.249147
0.248493
0.247425
0.245773
0.243367
0.240544
0.238435
0.237376
0.230225
0.231165
0.23345
0.236143
0.238697
0.240886
0.242476
0.243529
0.244235
0.244722
0.245072
0.245107
0.244693
0.243719
0.242033
0.239783
0.23726
0.234686
0.233103
0.232596
0.227372
0.227863
0.22943
0.231373
0.233232
0.234949
0.236582
0.238044
0.239189
0.239998
0.240319
0.240097
0.239354
0.238201
0.23681
0.235225
0.233402
0.231614
0.230617
0.230422
0.226098
0.226356
0.227221
0.228384
0.229689
0.231132
0.232486
0.233755
0.234889
0.235785
0.236226
0.236125
0.235609
0.234769
0.23373
0.232541
0.231498
0.23053
0.230013
0.229916
0.224394
0.224531
0.224995
0.225718
0.226541
0.227528
0.228732
0.229986
0.231187
0.232211
0.23279
0.23282
0.232442
0.231834
0.231152
0.230553
0.229967
0.229473
0.229222
0.229166
0.221781
0.221857
0.222165
0.222699
0.223339
0.223975
0.224932
0.225998
0.227133
0.228242
0.229024
0.229344
0.229318
0.229068
0.228917
0.228573
0.228217
0.227919
0.227789
0.22776
0.218689
0.218734
0.218962
0.219398
0.219937
0.220717
0.221543
0.222569
0.223753
0.225015
0.226047
0.226647
0.226907
0.22699
0.226731
0.226625
0.226432
0.226261
0.226202
0.226189
0.215323
0.215354
0.215526
0.215875
0.216357
0.216994
0.217814
0.218861
0.220148
0.221623
0.222968
0.223894
0.224451
0.224751
0.224875
0.224883
0.224822
0.224762
0.22475
0.22474
0.211601
0.211632
0.211776
0.212074
0.212525
0.213158
0.214025
0.215178
0.21665
0.218433
0.220163
0.221449
0.222305
0.222847
0.223161
0.223327
0.2234
0.223432
0.223451
0.223442
0.207441
0.207475
0.20762
0.207908
0.208365
0.209041
0.210006
0.211334
0.213089
0.215284
0.217491
0.219205
0.220389
0.22119
0.221705
0.222021
0.222207
0.22231
0.222354
0.222345
0.202769
0.202805
0.202967
0.203288
0.203803
0.204581
0.205714
0.207306
0.209449
0.212178
0.214971
0.217176
0.218775
0.219859
0.220579
0.221041
0.221327
0.22149
0.221555
0.221545
0.197506
0.197551
0.197744
0.198124
0.198739
0.199677
0.201057
0.203015
0.205675
0.209094
0.212632
0.215469
0.217505
0.218917
0.219865
0.220482
0.22087
0.221092
0.221179
0.221167
0.191513
0.191569
0.19181
0.192282
0.193045
0.19421
0.19593
0.198378
0.201715
0.206015
0.21048
0.214063
0.216654
0.218455
0.219669
0.220464
0.220965
0.221252
0.221363
0.221349
0.184607
0.184679
0.184986
0.185586
0.186552
0.188025
0.190199
0.193295
0.197509
0.202932
0.208552
0.213061
0.21632
0.21859
0.220122
0.221128
0.221764
0.222129
0.222269
0.22225
0.176537
0.176631
0.177032
0.177807
0.179043
0.180922
0.1837
0.187648
0.192994
0.19984
0.206902
0.212549
0.216628
0.219466
0.221384
0.222646
0.223447
0.223906
0.22408
0.224056
0.166961
0.167087
0.167616
0.168625
0.170224
0.172664
0.176264
0.181314
0.188106
0.196748
0.2056
0.212645
0.217723
0.221255
0.223643
0.225218
0.226223
0.226801
0.227018
0.226986
0.155407
0.155583
0.156293
0.157626
0.159727
0.162932
0.167591
0.174102
0.182781
0.193685
0.204742
0.213493
0.219786
0.224163
0.227124
0.229081
0.230338
0.231067
0.231339
0.231298
0.141194
0.141444
0.142426
0.144223
0.147037
0.151283
0.157423
0.165889
0.176984
0.190709
0.204455
0.215261
0.223021
0.228425
0.232086
0.23451
0.236072
0.236984
0.237321
0.237274
0.123326
0.123703
0.125106
0.127597
0.131463
0.137241
0.145434
0.156491
0.170693
0.187909
0.204884
0.218133
0.227647
0.234297
0.238825
0.241832
0.243776
0.244919
0.245351
0.245294
0.10031
0.10092
0.102998
0.106577
0.11207
0.120105
0.131197
0.145762
0.163939
0.185404
0.206182
0.222281
0.233864
0.242024
0.247639
0.251406
0.253861
0.255315
0.255874
0.2558
0.0697266
0.0707956
0.074073
0.0795354
0.087711
0.0992276
0.114499
0.133755
0.156897
0.183395
0.208524
0.227856
0.241826
0.251793
0.258781
0.263569
0.266749
0.268652
0.269371
0.269279
0.0270715
0.0292181
0.0351813
0.0443753
0.0572888
0.0742996
0.0954913
0.120811
0.149935
0.182175
0.212094
0.234956
0.251587
0.263662
0.272362
0.27853
0.282792
0.285443
0.286423
0.286288
-0.0357791
-0.0295584
-0.0172427
-0.000560629
0.0205551
0.0457375
0.0747982
0.107539
0.143523
0.182016
0.216977
0.243525
0.262987
0.277402
0.288136
0.29612
0.301937
0.305787
0.307265
0.306938
-0.110599
-0.100143
-0.0773348
-0.0495106
-0.018416
0.0158663
0.0533931
0.0940488
0.137483
0.18309
0.224197
0.255612
0.279094
0.297034
0.310968
0.32194
0.330667
0.335878
0.337717
0.338334
-0.185712
-0.166687
-0.134119
-0.0965477
-0.0561048
-0.0129589
0.032868
0.0813234
0.132155
0.184866
0.232113
0.268311
0.295629
0.316849
0.333722
0.34733
0.35836
0.365895
0.369885
0.370592
-0.243376
-0.221074
-0.182856
-0.138274
-0.0903664
-0.0397056
0.0135592
0.0692227
0.126949
0.186215
0.238942
0.279098
0.309238
0.33249
0.35078
0.36534
0.376957
0.385216
0.389496
0.390284
-0.289963
-0.265713
-0.223321
-0.173754
-0.120283
-0.0636632
-0.00420325
0.0577137
0.1216
0.186746
0.244186
0.287483
0.319595
0.344034
0.363012
0.377943
0.389684
0.398104
0.402268
0.403121
-0.328083
-0.303123
-0.257885
-0.204415
-0.146577
-0.0851245
-0.0204699
0.0468615
0.116198
0.186646
0.248374
0.294432
0.328158
0.353482
0.372868
0.387901
0.39957
0.40798
0.412067
0.412877
-0.361017
-0.335584
-0.288162
-0.2316
-0.170149
-0.104624
-0.0355153
0.0365894
0.110893
0.186264
0.251942
0.300487
0.335631
0.361677
0.381364
0.396463
0.408084
0.416441
0.420499
0.421246
-0.390227
-0.364529
-0.315475
-0.256377
-0.191915
-0.122895
-0.0498485
0.0265477
0.105375
0.185318
0.254804
0.30583
0.342412
0.369225
0.389265
0.404481
0.416091
0.424413
0.428455
0.42912
-0.416879
-0.391034
-0.340565
-0.27938
-0.212374
-0.140352
-0.0638775
0.0163516
0.0993939
0.183805
0.257143
0.310762
0.3489
0.376581
0.39705
0.41244
0.424093
0.432382
0.436432
0.436952
-0.441862
-0.415783
-0.364112
-0.301142
-0.23197
-0.157356
-0.077826
0.00592602
0.0929389
0.181704
0.258969
0.315371
0.355268
0.383983
0.405004
0.420647
0.432376
0.440667
0.44469
0.445077
-0.465529
-0.439218
-0.386521
-0.32205
-0.250968
-0.174059
-0.091814
-0.00487083
0.0858518
0.178872
0.260219
0.319673
0.361609
0.391582
0.413316
0.429317
0.441186
0.449473
0.453485
0.453775
-0.488221
-0.461633
-0.40803
-0.342315
-0.269577
-0.190669
-0.106012
-0.0161773
0.0780314
0.17522
0.26079
0.323609
0.367923
0.399443
0.422099
0.438591
0.450676
0.458985
0.462984
0.463207
-0.510136
-0.483245
-0.428925
-0.362071
-0.287902
-0.207261
-0.120476
-0.0280214
0.06942
0.170649
0.260548
0.327064
0.374128
0.407541
0.431384
0.448553
0.46097
0.469374
0.47329
0.473507
-0.531388
-0.50416
-0.449253
-0.381359
-0.305966
-0.223829
-0.135194
-0.0404159
0.059989
0.165083
0.25936
0.329856
0.380072
0.415768
0.441126
0.45921
0.472117
0.480679
0.484523
0.484725
-0.55203
-0.524441
-0.46897
-0.400201
-0.32378
-0.240366
-0.150141
-0.0533396
0.0497334
0.15845
0.257079
0.331762
0.38554
0.423985
0.451262
0.470538
0.484113
0.492925
0.496676
0.496807
-0.572012
-0.544134
-0.488111
-0.418595
-0.341308
-0.256826
-0.165266
-0.0667322
0.038681
0.150726
0.253546
0.332536
0.39028
0.43201
0.461678
0.482482
0.49689
0.506005
0.509669
0.509643
-0.591374
-0.563203
-0.506623
-0.436504
-0.358486
-0.273137
-0.180483
-0.080514
0.0269119
0.141923
0.24868
0.331958
0.393926
0.439461
0.472108
0.494919
0.510385
0.519806
0.523307
0.523078
-0.609965
-0.581553
-0.524496
-0.453867
-0.375263
-0.289214
-0.195704
-0.0945788
0.0145177
0.132078
0.242419
0.329816
0.396031
0.445777
0.482197
0.507749
0.524589
0.534139
0.537243
0.536795
-0.627889
-0.599148
-0.541713
-0.470638
-0.391564
-0.304988
-0.210828
-0.108812
0.00160363
0.121285
0.234729
0.325937
0.396251
0.45041
0.49141
0.520861
0.539834
0.549129
0.55111
0.55035
-0.644985
-0.616026
-0.558215
-0.486768
-0.407339
-0.320381
-0.225772
-0.123125
-0.0117011
0.109663
0.225662
0.320202
0.394298
0.452706
0.498864
0.533784
0.556803
0.565988
0.564766
0.562855
-0.6614
-0.632111
-0.573966
-0.502202
-0.422517
-0.335318
-0.240422
-0.137379
-0.0252563
0.0973522
0.215345
0.312568
0.389954
0.451951
0.503025
0.544846
0.575401
0.588603
0.582399
0.562277
-0.677008
-0.647447
-0.589081
-0.517118
-0.437367
-0.350108
-0.25518
-0.152032
-0.0395905
0.0837782
0.203143
0.302393
0.382568
0.447077
0.501672
0.550477
0.591852
0.614021
0.602842
0.618069
-0.691986
-0.662078
-0.603524
-0.531456
-0.451839
-0.364681
-0.270021
-0.167041
-0.05468
0.0688959
0.188945
0.289264
0.371517
0.437372
0.490956
0.542306
0.582775
0.609001
0.555237
0.519996
-0.706881
-0.676371
-0.617022
-0.544806
-0.465493
-0.378634
-0.284743
-0.182153
-0.0702317
0.0529743
0.172867
0.273138
0.356493
0.423285
0.468733
0.511247
0.540943
0.523696
0.453088
0.401875
-0.722105
-0.690225
-0.629024
-0.556955
-0.478073
-0.391902
-0.299039
-0.197219
-0.086158
0.0360845
0.154953
0.254149
0.336729
0.406278
0.446653
0.456708
0.448601
0.392415
0.309319
0.258007
-0.360396
-0.263156
-0.15787
-0.0426178
0.0781908
0.186602
0.272852
0.0810495
-0.735517
-0.715248
-0.68112
-0.619818
-0.545864
-0.464779
-0.376485
-0.280867
-0.177101
-0.0637589
0.055099
0.161173
0.244923
0.310773
0.352105
0.316981
0.153959
0.0479481
-0.0353511
-0.748907
-0.736061
-0.694261
-0.631835
-0.557894
-0.477343
-0.390113
-0.295643
-0.193377
-0.0820312
0.0338902
0.135533
0.21348
0.267186
0.261706
0.136852
-0.0540305
-0.192548
-0.308729
-0.767317
-0.754744
-0.710318
-0.646952
-0.573168
-0.49299
-0.40636
-0.312975
-0.212393
-0.10337
0.00878269
0.10479
0.175044
0.213825
0.155266
-0.0508585
-0.28126
-0.462169
-0.625094
-0.78506
-0.772427
-0.726892
-0.66244
-0.588756
-0.509041
-0.423316
-0.331366
-0.232776
-0.126472
-0.0183738
0.0715695
0.133406
0.152588
0.0383597
-0.241486
-0.526566
-0.779641
-1.0255
-0.801378
-0.789379
-0.743357
-0.678178
-0.604582
-0.525383
-0.440722
-0.350402
-0.253959
-0.1505
-0.0466898
0.0367237
0.0892359
0.0767358
-0.108437
-0.423634
-0.756272
-1.08039
-1.37505
-0.8171
-0.805715
-0.759831
-0.694437
-0.621005
-0.542348
-0.458739
-0.370088
-0.275859
-0.175411
-0.0761691
-3.41232e-05
0.0426006
-0.0132663
-0.255303
-0.580088
-0.926374
-1.26131
-1.4812
-1.57563
-0.833118
-0.8221
-0.776522
-0.711267
-0.638201
-0.560224
-0.477837
-0.391042
-0.299353
-0.20243
-0.108281
-0.0403891
-0.0102897
-0.10858
-0.395356
-0.711302
-1.03116
-1.29374
-1.39425
-1.42253
-0.849352
-0.838783
-0.793541
-0.728581
-0.656025
-0.578951
-0.498054
-0.413529
-0.324891
-0.23181
-0.143077
-0.0839557
-0.0706803
-0.20639
-0.526254
-0.820193
-1.10663
-1.31591
-1.36634
-1.36728
-0.86605
-0.855691
-0.810802
-0.746164
-0.674244
-0.598279
-0.519179
-0.437305
-0.352152
-0.263385
-0.180625
-0.131272
-0.135575
-0.31931
-0.651868
-0.917526
-1.17346
-1.3495
-1.35237
-1.33435
-0.882927
-0.872691
-0.828106
-0.763782
-0.692615
-0.617932
-0.540939
-0.462145
-0.381066
-0.297187
-0.220577
-0.181784
-0.210338
-0.448174
-0.783273
-1.00571
-1.14188
-1.25619
-1.27914
-1.28664
-0.899635
-0.889445
-0.845085
-0.781065
-0.7107
-0.637563
-0.563028
-0.487891
-0.411608
-0.333171
-0.262354
-0.234733
-0.297066
-0.592724
-0.929688
-1.12306
-1.058
-1.14427
-1.26811
-1.3115
-0.915233
-0.905419
-0.861188
-0.797455
-0.72797
-0.656523
-0.584831
-0.514
-0.443663
-0.371272
-0.305121
-0.287913
-0.379972
-0.766114
-1.15289
-1.45799
-1.41997
-1.41861
-1.47046
-1.49711
-0.929303
-0.91982
-0.875614
-0.812307
-0.743722
-0.67408
-0.605605
-0.539875
-0.47678
-0.412174
-0.349031
-0.337895
-0.457297
-0.944842
-1.47585
-1.9919
-2.10387
-1.87266
-1.80008
-1.78393
-0.940971
-0.931606
-0.887192
-0.824575
-0.756929
-0.689291
-0.624467
-0.564971
-0.511519
-0.457008
-0.396664
-0.385227
-0.520756
-1.07185
-1.66107
-2.15008
-2.2549
-2.1296
-2.05739
-2.03805
-0.948887
-0.93951
-0.895468
-0.83312
-0.766486
-0.701001
-0.640298
-0.588215
-0.5466
-0.507776
-0.455731
-0.438308
-0.58261
-1.11658
-1.65796
-2.14645
-2.35551
-2.41406
-2.33628
-2.29025
-0.951635
-0.942327
-0.898614
-0.836709
-0.77112
-0.707889
-0.651702
-0.608458
-0.583548
-0.572813
-0.55175
-0.530539
-0.673619
-1.14102
-1.68748
-2.27271
-2.6846
-2.80367
-2.67856
-2.52011
-0.948012
-0.938529
-0.895643
-0.833888
-0.769486
-0.708489
-0.657039
-0.624364
-0.624553
-0.669038
-0.74044
-0.738617
-0.805007
-1.08436
-1.47511
-1.96168
-2.35913
-2.42562
-2.23727
-2.03367
-0.936625
-0.927138
-0.884518
-0.82347
-0.760264
-0.70127
-0.654351
-0.6335
-0.668012
-0.815295
-1.08479
-1.1372
-0.944927
-0.853637
-0.795664
-0.774291
-0.769057
-0.666219
-0.48142
-0.336865
-0.916026
-0.906665
-0.864442
-0.804559
-0.74225
-0.68473
-0.641347
-0.631137
-0.703456
-1.00651
-1.62861
-1.69153
-1.06794
-0.526808
0.115444
0.617322
0.993443
1.25109
1.40117
1.47547
-0.885421
-0.876221
-0.834654
-0.775945
-0.714481
-0.657491
-0.615633
-0.610361
-0.705875
-1.13784
-2.19783
-2.23413
-1.10358
-0.194434
0.691341
1.35616
1.83555
2.07756
2.17407
2.20612
-0.844538
-0.835623
-0.794896
-0.737273
-0.676312
-0.618353
-0.573338
-0.561738
-0.645405
-1.05013
-2.04451
-1.92081
-0.81835
0.119727
0.916829
1.44551
1.77696
1.94604
2.02394
2.05316
-0.792691
-0.784093
-0.744896
-0.688763
-0.62824
-0.568365
-0.516279
-0.487411
-0.523952
-0.747303
-1.20609
-0.929453
-0.222741
0.458686
0.970078
1.29458
1.49389
1.60919
1.67481
1.70009
-0.728755
-0.720237
-0.685163
-0.631275
-0.572028
-0.510929
-0.452081
-0.40353
-0.382556
-0.420577
-0.465093
-0.188721
0.254009
0.65091
0.92645
1.11417
1.23899
1.32228
1.37396
1.39052
-0.655121
-0.647971
-0.615365
-0.566271
-0.509743
-0.449218
-0.386483
-0.323761
-0.263731
-0.201283
-0.0868873
0.130487
0.40975
0.642102
0.806272
0.925617
1.01214
1.07412
1.11304
1.13264
-0.570966
-0.567187
-0.539697
-0.494439
-0.442601
-0.385333
-0.322884
-0.254662
-0.178029
-0.082513
0.0546355
0.229687
0.404247
0.546704
0.652815
0.732206
0.792442
0.837328
0.866522
0.879186
-0.465562
-0.463185
-0.445949
-0.410957
-0.367989
-0.319023
-0.263097
-0.198949
-0.123445
-0.0286064
0.0958486
0.235757
0.361745
0.463028
0.539171
0.595015
0.635212
0.664315
0.684802
0.693614
-0.357804
-0.35755
-0.347323
-0.322351
-0.290068
-0.251658
-0.205754
-0.15068
-0.0834959
0.00146278
0.10807
0.219739
0.314792
0.389439
0.444621
0.483946
0.511179
0.529067
0.539223
0.543172
-0.255086
-0.255354
-0.249961
-0.234555
-0.212704
-0.185024
-0.150105
-0.106041
-0.0500436
0.0217827
0.110298
0.198785
0.271128
0.326445
0.366403
0.393921
0.411948
0.423011
0.429002
0.431011
-0.161979
-0.162833
-0.160639
-0.15283
-0.1403
-0.122605
-0.0982006
-0.0650707
-0.0208784
0.037239
0.108621
0.178386
0.233847
0.275112
0.304132
0.323471
0.335492
0.342324
0.345591
0.346456
-0.0858727
-0.0867233
-0.0869928
-0.0851886
-0.0798101
-0.0699224
-0.0538853
-0.0300623
0.0036074
0.0492838
0.105676
0.160043
0.202301
0.233121
0.254224
0.26773
0.275786
0.280059
0.281855
0.282217
-0.0314727
-0.0321838
-0.0335406
-0.0349261
-0.0340955
-0.029322
-0.0193368
-0.00261696
0.0224571
0.0575372
0.101257
0.143218
0.175358
0.19826
0.213603
0.223276
0.228791
0.231458
0.232432
0.232565
0.00356334
0.00304618
0.00159987
-0.000467766
-0.0011841
0.000728425
0.00658308
0.0179445
0.0363144
0.062926
0.0964765
0.128495
0.152763
0.169926
0.181244
0.188074
0.19176
0.193392
0.193854
0.193857
0.0248333
0.0244937
0.0233792
0.0215901
0.0206253
0.0215633
0.0253465
0.0331371
0.0463501
0.0662043
0.0916969
0.116116
0.134462
0.147142
0.15525
0.160051
0.162532
0.163475
0.163609
0.16355
0.0374298
0.0372001
0.0364686
0.0352266
0.0344483
0.034939
0.0375382
0.0432165
0.0529824
0.0677866
0.0869524
0.105267
0.118894
0.128257
0.134233
0.137661
0.139312
0.139832
0.139809
0.139735
0.0449718
0.0448115
0.0443477
0.043539
0.0430312
0.043379
0.0451724
0.0491983
0.0563617
0.0674191
0.0818087
0.095593
0.105838
0.112802
0.11713
0.119546
0.120662
0.120954
0.120878
0.120808
0.0493084
0.0491956
0.0488838
0.0483347
0.0480015
0.0482929
0.0496509
0.0526348
0.057909
0.066114
0.0768825
0.0871801
0.0947676
0.0998676
0.103011
0.104734
0.105488
0.105641
0.105547
0.105484
0.0512998
0.0512201
0.0509964
0.0505915
0.0503422
0.050548
0.0515348
0.0537362
0.0576617
0.0637715
0.0717876
0.0794551
0.0850903
0.0888603
0.0911518
0.0923786
0.0928884
0.0929606
0.0928654
0.0928108
0.05148
0.0514222
0.0512626
0.0509667
0.0507855
0.0509432
0.0516769
0.0533024
0.0562052
0.0607446
0.06672
0.0724248
0.0765934
0.0793563
0.0810155
0.0818842
0.082224
0.0822445
0.0821542
0.0821076
0.0503036
0.05026
0.0501455
0.0499314
0.0498012
0.0499216
0.0504689
0.0516793
0.0538369
0.0572072
0.0616406
0.065867
0.0689437
0.0709687
0.0721703
0.072785
0.0730092
0.0730006
0.0729195
0.0728801
0.0481326
0.0480988
0.0480155
0.0478619
0.0477711
0.0478647
0.0482734
0.0491716
0.0507705
0.0532716
0.0565603
0.059688
0.0619545
0.0634347
0.0643022
0.0647348
0.0648801
0.0648568
0.0647862
0.0647531
0.045239
0.0452125
0.0451505
0.045039
0.0449752
0.0450478
0.0453531
0.0460196
0.0472056
0.0490567
0.0514896
0.053798
0.0554619
0.0565407
0.0571649
0.0574681
0.0575603
0.0575301
0.0574695
0.0574418
0.0418144
0.0417936
0.0417463
0.0416633
0.041616
0.0416698
0.0418954
0.0423882
0.0432641
0.0446323
0.0464286
0.0481271
0.0493447
0.0501278
0.0505749
0.0507854
0.0508414
0.0508091
0.0507575
0.0507345
0.0379954
0.0379791
0.0379422
0.0378784
0.0378411
0.0378785
0.0380431
0.0384052
0.0390501
0.0400574
0.0413782
0.0426228
0.0435107
0.0440768
0.0443948
0.0445393
0.0445708
0.0445387
0.0444951
0.0444761
0.0338803
0.0338675
0.0338383
0.0337881
0.0337573
0.0337815
0.0338996
0.0341631
0.0346342
0.0353713
0.0363373
0.0372462
0.0378906
0.0382969
0.0385205
0.0386171
0.0386316
0.0386008
0.0385642
0.0385487
0.0295437
0.0295337
0.0295103
0.02947
0.0294434
0.0294572
0.0295396
0.0297284
0.0300693
0.030605
0.0313068
0.0319649
0.0324284
0.0327172
0.0328723
0.0329351
0.0329386
0.03291
0.0328792
0.0328666
0.0250425
0.0250347
0.0250159
0.024983
0.0249594
0.0249648
0.0250199
0.0251525
0.0253959
0.02578
0.0262837
0.0267541
0.027083
0.0272855
0.0273914
0.0274307
0.0274276
0.0274019
0.0273763
0.027366
0.0204187
0.0204127
0.0203975
0.0203706
0.0203497
0.0203493
0.0203845
0.0204751
0.0206447
0.0209145
0.0212698
0.0216005
0.0218296
0.0219679
0.0220371
0.0220589
0.022051
0.022028
0.0220067
0.0219984
0.0157042
0.0156996
0.0156875
0.0156658
0.0156473
0.0156429
0.0156632
0.0157221
0.0158356
0.0160184
0.0162596
0.0164838
0.016638
0.0167291
0.0167721
0.0167822
0.016772
0.0167517
0.0167342
0.0167275
0.0109238
0.0109206
0.0109112
0.0108935
0.0108775
0.0108711
0.010881
0.0109162
0.010987
0.0111023
0.011255
0.0113963
0.0114918
0.0115465
0.0115703
0.0115731
0.0115626
0.0115457
0.0115319
0.0115269
0.00609403
0.00609196
0.00608506
0.00607235
0.00606118
0.00605568
0.00605895
0.00607606
0.00611263
0.00617294
0.00625278
0.00632635
0.00637552
0.00640324
0.00641412
0.0064132
0.00640451
0.00639187
0.00638153
0.00637808
0.00366268
0.00366086
0.00365434
0.00364512
0.00363814
0.00363556
0.00364048
0.00365558
0.003684
0.00372716
0.00377487
0.0038113
0.00383411
0.00384517
0.00384676
0.00384216
0.00383353
0.00382468
0.00382068
0.00126884
-1.22335
-0.7595
-0.431351
-0.17293
0.0331604
0.20044
0.338427
0.457391
0.544132
0.547258
-0.527165
-0.305995
-0.113548
0.0502669
0.189899
0.307981
0.406621
0.483943
0.532597
0.551456
-0.153417
-0.0224433
0.101034
0.212141
0.309149
0.391973
0.460109
0.512169
0.54893
0.571701
0.0855235
0.171742
0.256794
0.335261
0.404098
0.463343
0.512597
0.551842
0.582372
0.602832
0.257055
0.314786
0.378361
0.435971
0.487149
0.531825
0.570048
0.601737
0.627361
0.644486
0.390299
0.432579
0.481992
0.525954
0.566594
0.602904
0.634682
0.661505
0.683392
0.697385
0.499874
0.535787
0.575907
0.613481
0.64857
0.680584
0.708871
0.732743
0.751925
0.763195
0.598842
0.632398
0.669643
0.705624
0.738943
0.769241
0.795796
0.817883
0.834987
0.844164
0.698531
0.734669
0.773203
0.810282
0.843635
0.873097
0.898308
0.918856
0.934242
0.942627
0.814279
0.855473
0.895721
0.933482
0.966161
0.994005
1.01721
1.03596
1.05003
1.05939
0.959873
1.00303
1.0413
1.07556
1.10408
1.12834
1.14937
1.1671
1.18123
1.19255
1.13881
1.17669
1.20502
1.22972
1.25108
1.27064
1.28914
1.3065
1.32255
1.33718
1.33715
1.35834
1.37343
1.38944
1.40592
1.42137
1.4352
1.44856
1.46418
1.48263
1.52809
1.53533
1.546
1.55764
1.56762
1.57692
1.58735
1.59856
1.61022
1.61911
1.74144
1.74321
1.73531
1.71884
1.70781
1.70734
1.7195
1.74417
1.77833
1.80289
2.16107
1.96719
1.8662
1.8085
1.77939
1.77277
1.78803
1.82885
1.90472
2.04769
-0.702387
-0.707528
-0.670115
-0.606527
-0.532225
-0.450079
0.347768
0.420526
0.421082
0.342019
0.26374
0.181266
-0.119532
-0.425353
-0.804734
-1.31636
-1.95196
)
;

boundaryField
{
    wall-4
    {
        type            zeroGradient;
    }
    pressure-outlet-7
    {
        type            fixedValue;
        value           uniform 0;
    }
    velocity-inlet-6
    {
        type            zeroGradient;
    }
    velocity-inlet-5
    {
        type            zeroGradient;
    }
    frontAndBackPlanes
    {
        type            empty;
    }
}


// ************************************************************************* //
