/*--------------------------------*- C++ -*----------------------------------*\
  =========                 |
  \\      /  F ield         | OpenFOAM: The Open Source CFD Toolbox
   \\    /   O peration     | Website:  https://openfoam.org
    \\  /    A nd           | Version:  9
     \\/     M anipulation  |
\*---------------------------------------------------------------------------*/
FoamFile
{
    format      ascii;
    class       volScalarField;
    location    "19";
    object      p;
}
// * * * * * * * * * * * * * * * * * * * * * * * * * * * * * * * * * * * * * //

dimensions      [0 2 -2 0 0 0 0];

internalField   nonuniform List<scalar> 
8800
(
0.413338
0.365557
0.326879
0.297894
0.27704
0.262216
0.25162
0.244129
0.239269
0.237111
0.238204
0.242205
0.248675
0.257848
0.270519
0.288175
0.312896
0.346794
0.389304
0.448002
0.244571
0.25225
0.259749
0.263066
0.261575
0.256515
0.250048
0.243979
0.239229
0.236305
0.235878
0.238189
0.242489
0.248267
0.254894
0.261067
0.264631
0.263851
0.258367
0.249641
0.222956
0.229127
0.233276
0.23625
0.238327
0.238956
0.237864
0.235754
0.233692
0.232665
0.233436
0.235601
0.238198
0.240207
0.24067
0.239357
0.236918
0.23345
0.228856
0.225085
0.217115
0.219779
0.222582
0.225045
0.226739
0.227946
0.228714
0.228834
0.228488
0.2283
0.22884
0.229772
0.230376
0.230229
0.229436
0.228183
0.226226
0.223535
0.221061
0.219556
0.21172
0.213158
0.215016
0.217147
0.219025
0.22044
0.221469
0.222263
0.222826
0.223253
0.223648
0.223848
0.223672
0.223135
0.222202
0.220734
0.218837
0.216818
0.215419
0.214594
0.206671
0.2076
0.208962
0.210688
0.212484
0.214156
0.215552
0.216657
0.217568
0.218293
0.218686
0.218666
0.218273
0.217473
0.216241
0.214714
0.213092
0.211587
0.21065
0.210116
0.201866
0.202524
0.203652
0.205196
0.206843
0.208519
0.210135
0.211547
0.212689
0.213569
0.214056
0.214023
0.21348
0.21249
0.211211
0.209821
0.208398
0.207135
0.206417
0.206051
0.197449
0.197933
0.198903
0.200339
0.201892
0.203458
0.205043
0.206613
0.208028
0.209154
0.209727
0.209649
0.209047
0.208122
0.207027
0.205799
0.204506
0.203409
0.202839
0.20258
0.19336
0.193698
0.194553
0.195896
0.197392
0.19892
0.200444
0.201934
0.203385
0.20467
0.205425
0.205535
0.205187
0.204496
0.203551
0.202446
0.201285
0.200316
0.199864
0.199698
0.189907
0.190105
0.190843
0.192116
0.193551
0.195046
0.196626
0.198247
0.199832
0.201284
0.202279
0.202615
0.202411
0.201821
0.201011
0.200071
0.199033
0.198195
0.197867
0.197786
0.187231
0.187336
0.187831
0.18879
0.189936
0.191166
0.192503
0.194007
0.19565
0.197322
0.198614
0.199291
0.199482
0.199361
0.198983
0.198427
0.197777
0.197281
0.197111
0.19707
0.184649
0.184727
0.185039
0.185684
0.186569
0.187672
0.189002
0.190574
0.192366
0.194306
0.19598
0.197033
0.197544
0.19768
0.197618
0.197447
0.197213
0.197045
0.196976
0.196937
0.18142
0.181494
0.181733
0.1822
0.18291
0.183864
0.185153
0.186809
0.188834
0.191163
0.193296
0.194791
0.195753
0.196271
0.196539
0.196724
0.19682
0.196852
0.196831
0.196791
0.177303
0.177362
0.17761
0.178078
0.17877
0.179781
0.181198
0.183066
0.185412
0.188225
0.190936
0.192953
0.194264
0.195192
0.195855
0.196254
0.196505
0.196605
0.19661
0.196572
0.172437
0.172479
0.172751
0.17334
0.174166
0.175327
0.176993
0.179206
0.182036
0.185487
0.188898
0.191518
0.193366
0.194625
0.195493
0.196072
0.196401
0.196536
0.196575
0.196545
0.166924
0.166956
0.167259
0.167977
0.169051
0.170397
0.1724
0.175054
0.178483
0.182743
0.187038
0.190414
0.192838
0.194541
0.195682
0.196437
0.196837
0.197033
0.197111
0.197086
0.160767
0.160795
0.161116
0.161927
0.163247
0.16497
0.16738
0.170594
0.174812
0.180093
0.185473
0.189756
0.192872
0.195052
0.196552
0.197503
0.198059
0.198356
0.198469
0.198442
0.153755
0.153784
0.154184
0.155083
0.156583
0.158735
0.161662
0.165637
0.170873
0.177449
0.184171
0.189564
0.193469
0.196258
0.198177
0.199426
0.200192
0.200614
0.200763
0.20073
0.145477
0.145512
0.145988
0.147086
0.148869
0.151468
0.155105
0.160079
0.166624
0.174834
0.183217
0.189929
0.194851
0.198346
0.200751
0.202357
0.20337
0.203929
0.204114
0.20407
0.135457
0.135505
0.13611
0.137457
0.139674
0.142924
0.147506
0.153764
0.161985
0.17225
0.182671
0.190995
0.197098
0.20142
0.204419
0.206443
0.207736
0.208439
0.208668
0.208612
0.12316
0.123227
0.124011
0.125743
0.128578
0.132724
0.138563
0.146517
0.156899
0.16973
0.182639
0.192893
0.200374
0.20569
0.209392
0.211907
0.213519
0.214388
0.214667
0.214596
0.107802
0.107895
0.108941
0.11124
0.114984
0.120403
0.127982
0.138201
0.151345
0.167344
0.183229
0.195752
0.204867
0.211359
0.215898
0.219001
0.220996
0.222056
0.222393
0.222303
0.0882285
0.08836
0.0898193
0.093009
0.0981237
0.105404
0.115431
0.128676
0.145342
0.165205
0.184601
0.199759
0.210775
0.218646
0.224185
0.228003
0.23048
0.231794
0.232193
0.232076
0.0626841
0.0629021
0.065066
0.069725
0.0769801
0.0870577
0.100572
0.11788
0.138997
0.163484
0.186926
0.205078
0.218266
0.227746
0.234483
0.239181
0.242251
0.243873
0.244349
0.244198
0.0281187
0.0285494
0.0321296
0.0395232
0.0503751
0.0648175
0.0833199
0.105983
0.132566
0.162423
0.190389
0.21184
0.227448
0.238776
0.24695
0.252757
0.256603
0.258624
0.259182
0.258981
-0.0214
-0.019897
-0.012615
0.00034629
0.0174967
0.0386703
0.0640441
0.0934583
0.126478
0.162328
0.195157
0.220111
0.238318
0.251697
0.261558
0.268752
0.273655
0.276265
0.276947
0.276669
-0.0952954
-0.0865746
-0.0698689
-0.0468164
-0.0202143
0.00991914
0.043693
0.0809008
0.121092
0.163516
0.201687
0.230582
0.251839
0.267746
0.279831
0.289074
0.295697
0.299474
0.300594
0.30051
-0.174329
-0.154616
-0.127874
-0.094458
-0.0581728
-0.0189448
0.0233164
0.0685123
0.116297
0.166063
0.210655
0.244615
0.269953
0.289326
0.304481
0.316473
0.325513
0.33158
0.333761
0.33383
-0.237673
-0.215403
-0.180513
-0.138777
-0.0939739
-0.0463341
0.0040219
0.0569213
0.112018
0.168739
0.219246
0.257685
0.28648
0.308646
0.326091
0.339963
0.350604
0.35774
0.359577
0.359904
-0.289123
-0.264803
-0.225014
-0.177386
-0.125934
-0.0713696
-0.0139973
0.0458456
0.10767
0.170796
0.226586
0.268789
0.300249
0.324344
0.343202
0.358154
0.369565
0.376993
0.379251
0.379654
-0.331209
-0.30605
-0.26278
-0.210626
-0.153959
-0.0937842
-0.0305047
0.0353671
0.103178
0.172054
0.232491
0.27781
0.311252
0.336609
0.356268
0.371724
0.383406
0.390956
0.393482
0.393852
-0.36705
-0.341414
-0.29567
-0.239854
-0.178933
-0.114059
-0.0457176
0.0254371
0.0985814
0.172644
0.237224
0.2852
0.320236
0.346503
0.366611
0.382204
0.393882
0.401376
0.404068
0.404419
-0.398578
-0.372692
-0.325034
-0.266218
-0.201733
-0.132793
-0.0600234
0.0158331
0.0938229
0.172653
0.241111
0.291579
0.328044
0.355031
0.375421
0.39102
0.402639
0.410072
0.412867
0.413199
-0.427251
-0.401138
-0.351891
-0.290567
-0.223019
-0.150551
-0.0738479
0.00627421
0.0887472
0.172112
0.244298
0.297145
0.334973
0.362673
0.383373
0.399051
0.410631
0.417926
0.420801
0.421128
-0.453917
-0.427595
-0.377009
-0.313513
-0.243297
-0.167709
-0.0874813
-0.0034811
0.0831642
0.170844
0.246692
0.30202
0.341348
0.369894
0.390998
0.406817
0.418405
0.425562
0.428411
0.428827
-0.479266
-0.452677
-0.400858
-0.335468
-0.262882
-0.18454
-0.101164
-0.0136273
0.0769054
0.168769
0.248416
0.306424
0.347426
0.376961
0.398599
0.414656
0.426296
0.433364
0.436122
0.436541
-0.503569
-0.476683
-0.423737
-0.356737
-0.28204
-0.201237
-0.115029
-0.024261
0.0699385
0.165923
0.249438
0.310337
0.353278
0.384016
0.40636
0.422784
0.434554
0.441576
0.444196
0.444541
-0.527165
-0.499895
-0.446057
-0.377478
-0.300892
-0.217896
-0.129135
-0.035409
0.0622166
0.162164
0.249632
0.313694
0.358894
0.39111
0.414356
0.431286
0.44326
0.450272
0.452727
0.452976
-0.550097
-0.52238
-0.467808
-0.397781
-0.319523
-0.234577
-0.143529
-0.0471278
0.0536448
0.157401
0.24892
0.316417
0.364202
0.398203
0.422584
0.440178
0.452444
0.459458
0.46178
0.461876
-0.572439
-0.54437
-0.488973
-0.417693
-0.337959
-0.251286
-0.158218
-0.0594376
0.0442173
0.151597
0.247164
0.318361
0.369094
0.405234
0.431016
0.449437
0.462057
0.469036
0.471214
0.471168
-0.594264
-0.565762
-0.509601
-0.437211
-0.356183
-0.26799
-0.173158
-0.0722739
0.0339728
0.144707
0.244248
0.319334
0.373407
0.412099
0.439596
0.459015
0.472037
0.478936
0.480911
0.48074
-0.615607
-0.586598
-0.529708
-0.456313
-0.37414
-0.284638
-0.188274
-0.0855706
0.0229423
0.136709
0.240068
0.31914
0.376892
0.418631
0.448273
0.468899
0.482318
0.489047
0.490736
0.490453
-0.636292
-0.60682
-0.549237
-0.474961
-0.391789
-0.301153
-0.203496
-0.0992479
0.0112028
0.127647
0.234541
0.317581
0.379274
0.424593
0.456984
0.479144
0.492858
0.499161
0.500456
0.500063
-0.656283
-0.626379
-0.568162
-0.493096
-0.40906
-0.317469
-0.218728
-0.113213
-0.00114454
0.117571
0.227628
0.314474
0.380238
0.429634
0.465599
0.489976
0.503907
0.509197
0.509786
0.509309
-0.675647
-0.645235
-0.586451
-0.510679
-0.425893
-0.333505
-0.23388
-0.127348
-0.0139904
0.106574
0.219328
0.309689
0.379439
0.433225
0.473747
0.501688
0.516354
0.519647
0.51851
0.517956
-0.694219
-0.663377
-0.60405
-0.52765
-0.442232
-0.349181
-0.248852
-0.141541
-0.0272042
0.0947877
0.209697
0.303139
0.376591
0.434662
0.480557
0.514093
0.531796
0.533274
0.52809
0.526279
-0.71209
-0.680799
-0.620984
-0.544034
-0.458109
-0.364542
-0.263705
-0.15585
-0.0408505
0.0821452
0.198627
0.294586
0.37139
0.433121
0.484448
0.525673
0.550587
0.555944
0.546497
0.525838
-0.729201
-0.697514
-0.637376
-0.560012
-0.473803
-0.379906
-0.278838
-0.170747
-0.0554697
0.067984
0.185405
0.283138
0.363018
0.427401
0.48219
0.531187
0.563371
0.56717
0.551329
0.527019
-0.745405
-0.713696
-0.653057
-0.575336
-0.489038
-0.394942
-0.294028
-0.185904
-0.0707298
0.0526327
0.170255
0.268631
0.351079
0.417008
0.46907
0.518763
0.549201
0.543055
0.47227
0.431336
-0.760114
-0.73037
-0.66767
-0.589445
-0.503127
-0.409193
-0.308995
-0.201106
-0.086413
0.0362494
0.153214
0.250998
0.334864
0.402426
0.445434
0.476186
0.491927
0.44722
0.37176
0.322882
-0.813567
-0.744477
-0.680929
-0.603739
-0.517455
-0.423997
-0.323803
-0.216598
-0.10283
0.0184763
0.133848
0.229951
0.311893
0.385322
0.395547
0.406428
0.377357
0.311522
0.22788
0.180823
-0.773941
-0.758933
-0.699871
-0.624025
-0.538034
-0.445082
-0.346095
-0.240066
-0.128104
-0.00954374
0.101845
0.193735
0.266812
0.334684
0.339187
0.224025
0.111143
0.0331883
-0.0479895
-0.0054936
-0.80263
-0.774822
-0.715524
-0.639621
-0.554125
-0.461596
-0.362611
-0.257535
-0.147122
-0.031118
0.0764153
0.163334
0.228759
0.264764
0.21431
0.0552331
-0.0902383
-0.193718
-0.308439
-0.24069
-0.824451
-0.793444
-0.733487
-0.657207
-0.571865
-0.479568
-0.380911
-0.276958
-0.168369
-0.0554062
0.0476264
0.128257
0.183826
0.190525
0.074972
-0.130841
-0.31072
-0.449521
-0.615221
-0.555677
-0.84537
-0.812902
-0.752035
-0.675066
-0.589653
-0.497581
-0.399618
-0.296896
-0.1903
-0.0807062
0.0171101
0.0908279
0.13236
0.100922
-0.0786076
-0.31813
-0.549666
-0.758554
-0.995495
-0.98795
-0.865231
-0.832654
-0.771123
-0.693563
-0.608064
-0.516275
-0.419094
-0.317691
-0.213295
-0.107378
-0.0152842
0.0510054
0.0756504
0.00394743
-0.226743
-0.489024
-0.764461
-1.013
-1.32258
-1.68665
-0.885119
-0.852805
-0.790954
-0.71305
-0.627462
-0.535912
-0.439431
-0.339346
-0.237207
-0.135114
-0.0488875
0.0093613
0.0169768
-0.105709
-0.357436
-0.622376
-0.89432
-1.12548
-1.21893
-1.36184
-0.905696
-0.873694
-0.811783
-0.733801
-0.64823
-0.556994
-0.461283
-0.362654
-0.263044
-0.165207
-0.0853023
-0.0361978
-0.0524141
-0.226634
-0.472199
-0.719167
-0.937377
-1.07283
-1.09974
-1.12655
-0.927302
-0.89561
-0.833735
-0.755825
-0.670416
-0.579625
-0.48487
-0.38794
-0.291218
-0.198209
-0.125054
-0.0864449
-0.131222
-0.338258
-0.57529
-0.797407
-0.967867
-1.0382
-1.05525
-1.05907
-0.950107
-0.918481
-0.856867
-0.779041
-0.693896
-0.603713
-0.510092
-0.415108
-0.321636
-0.233994
-0.168092
-0.14217
-0.213368
-0.443823
-0.670513
-0.876242
-1.00963
-1.02959
-1.03106
-1.03112
-0.974018
-0.942366
-0.881031
-0.803376
-0.718592
-0.629136
-0.536815
-0.444002
-0.354107
-0.27231
-0.214384
-0.200312
-0.300659
-0.545727
-0.755814
-0.94313
-1.01147
-1.01898
-1.01833
-1.01719
-0.998769
-0.967163
-0.906043
-0.828654
-0.744319
-0.655708
-0.564839
-0.474386
-0.388353
-0.312719
-0.263451
-0.258714
-0.402751
-0.646304
-0.828202
-0.973456
-1.0275
-1.00889
-1.00401
-1.00271
-1.02379
-0.992503
-0.931563
-0.854589
-0.77079
-0.683131
-0.593822
-0.50588
-0.423856
-0.354714
-0.314398
-0.324726
-0.504027
-0.752873
-0.899149
-0.93008
-0.963034
-0.987212
-0.995087
-0.995981
-1.04864
-1.01793
-0.95734
-0.880769
-0.797602
-0.710944
-0.623271
-0.537914
-0.459882
-0.397581
-0.365737
-0.396883
-0.59781
-0.86738
-1.05793
-0.970395
-1.0087
-1.01338
-1.01019
-1.0108
-1.07254
-1.04222
-0.982755
-0.90664
-0.82413
-0.738558
-0.652513
-0.569682
-0.495464
-0.439948
-0.416281
-0.464281
-0.69027
-0.977776
-1.41076
-1.45115
-1.24571
-1.12343
-1.07434
-1.05954
-1.09459
-1.06514
-1.00679
-0.93145
-0.849694
-0.765192
-0.680685
-0.600097
-0.529367
-0.479516
-0.464675
-0.524442
-0.763895
-0.996251
-1.41838
-1.7802
-1.38163
-1.31243
-1.26183
-1.23981
-1.11356
-1.0855
-1.02853
-0.954236
-0.873435
-0.789926
-0.706689
-0.627841
-0.559945
-0.513578
-0.508925
-0.574979
-0.77717
-0.699504
-0.280594
-0.361294
-1.05116
-1.3571
-1.3357
-1.33365
-1.1283
-1.10209
-1.04712
-0.974013
-0.89419
-0.811646
-0.729415
-0.651519
-0.584932
-0.540767
-0.546361
-0.615474
-0.851889
-0.85742
-0.635309
-0.979956
-1.29692
-1.40973
-1.33344
-1.35609
-1.13764
-1.11389
-1.06137
-0.989773
-0.910926
-0.829231
-0.747546
-0.669651
-0.60202
-0.558155
-0.564824
-0.681131
-1.21489
-2.10259
-3.04142
-3.64783
-3.5886
-3.06221
-2.54266
-2.35668
-1.14043
-1.11964
-1.07034
-1.00054
-0.922691
-0.841596
-0.759846
-0.680776
-0.609686
-0.558139
-0.556012
-0.703279
-1.42083
-2.5571
-3.72992
-4.31944
-4.25811
-3.82929
-3.34319
-3.10279
-1.13565
-1.11852
-1.07319
-1.00567
-0.928717
-0.848003
-0.765616
-0.684064
-0.60666
-0.540267
-0.509319
-0.531479
-0.99363
-1.54768
-2.0622
-2.13559
-1.85994
-1.47669
-1.17867
-1.03205
-1.12298
-1.10924
-1.06916
-1.00455
-0.928673
-0.848054
-0.76467
-0.679674
-0.593648
-0.507127
-0.417915
-0.329337
-0.253151
-0.0343407
0.345204
0.768463
1.19158
1.49261
1.65224
1.70234
-1.10273
-1.09278
-1.05813
-0.996978
-0.922106
-0.841936
-0.757991
-0.670046
-0.5756
-0.467407
-0.345274
-0.219472
0.0453179
0.603345
1.29987
1.94332
2.40696
2.67599
2.79418
2.82518
-1.07554
-1.06923
-1.04034
-0.982841
-0.908875
-0.830423
-0.747501
-0.658652
-0.559213
-0.439397
-0.309823
-0.175498
0.000994074
0.548623
1.19776
1.75788
2.14585
2.3649
2.46896
2.50234
-1.0401
-1.03691
-1.01387
-0.959705
-0.889372
-0.813662
-0.734538
-0.649415
-0.552157
-0.430915
-0.293581
-0.171391
-0.0712384
0.300818
0.78971
1.19064
1.48717
1.66508
1.75825
1.79219
-0.990858
-0.989117
-0.97159
-0.924546
-0.860239
-0.791477
-0.721183
-0.645972
-0.557148
-0.440262
-0.296745
-0.17365
-0.0803281
0.121106
0.425352
0.686085
0.88844
1.01855
1.08609
1.10875
-0.915609
-0.914518
-0.902228
-0.867802
-0.817985
-0.76391
-0.709141
-0.650468
-0.577132
-0.468643
-0.321504
-0.174674
-0.0517233
0.0717573
0.259996
0.420458
0.54495
0.62771
0.677251
0.690247
-0.8325
-0.830656
-0.822686
-0.802142
-0.770933
-0.735902
-0.700599
-0.663526
-0.615582
-0.529874
-0.393004
-0.230583
-0.0890329
-0.00490131
0.0927392
0.200187
0.283452
0.34018
0.365663
0.371091
-0.770185
-0.768468
-0.763839
-0.753335
-0.737633
-0.720524
-0.706111
-0.696417
-0.688445
-0.662435
-0.556553
-0.381977
-0.216735
-0.152839
-0.0966214
-0.0146497
0.0611002
0.109945
0.136294
0.139342
-0.735774
-0.735045
-0.733467
-0.730017
-0.725769
-0.724863
-0.733753
-0.76191
-0.822154
-0.915191
-0.908451
-0.696255
-0.471717
-0.380513
-0.298846
-0.206818
-0.126243
-0.0702036
-0.0432644
-0.0432602
-0.714288
-0.715034
-0.716212
-0.718097
-0.723642
-0.738504
-0.773522
-0.851
-1.01696
-1.3076
-1.47963
-1.21574
-0.861411
-0.673414
-0.54878
-0.413106
-0.300232
-0.225283
-0.195299
-0.19786
-0.684937
-0.686858
-0.690442
-0.697046
-0.711007
-0.739306
-0.79891
-0.926369
-1.20978
-1.74304
-2.14799
-1.84347
-1.3122
-1.01861
-0.812778
-0.618829
-0.474629
-0.389625
-0.363685
-0.366726
-0.633357
-0.63597
-0.641003
-0.650387
-0.669055
-0.7051
-0.778438
-0.932058
-1.26603
-1.94375
-2.41065
-2.09103
-1.5391
-1.21717
-0.965064
-0.770156
-0.64968
-0.595838
-0.58023
-0.580008
-0.553932
-0.556486
-0.561499
-0.570942
-0.589109
-0.624165
-0.693071
-0.837718
-1.15808
-1.7516
-2.11964
-1.83907
-1.46658
-1.19807
-0.961154
-0.829501
-0.778165
-0.764565
-0.75359
-0.748782
-0.45231
-0.454209
-0.458068
-0.465099
-0.478837
-0.504911
-0.555437
-0.659962
-0.88839
-1.30097
-1.5541
-1.40064
-1.16269
-0.934167
-0.795137
-0.743134
-0.754382
-0.762709
-0.757724
-0.753314
-0.341583
-0.342578
-0.344757
-0.34865
-0.356333
-0.370734
-0.398143
-0.453467
-0.571283
-0.786979
-0.928734
-0.836364
-0.697613
-0.575407
-0.5444
-0.573625
-0.604058
-0.616566
-0.617131
-0.615571
-0.236397
-0.23661
-0.237355
-0.238628
-0.241224
-0.245982
-0.254742
-0.271802
-0.306411
-0.364421
-0.399637
-0.342114
-0.303837
-0.305479
-0.353211
-0.399525
-0.42463
-0.43458
-0.437663
-0.437622
-0.147493
-0.147237
-0.147135
-0.146925
-0.146535
-0.145654
-0.143901
-0.140698
-0.135136
-0.122493
-0.102158
-0.0723189
-0.0953924
-0.155669
-0.209429
-0.246458
-0.265118
-0.27411
-0.277717
-0.27856
-0.0794721
-0.0790416
-0.0786395
-0.0779534
-0.0764971
-0.073484
-0.0678902
-0.0581183
-0.0419998
-0.0178439
0.00125487
0.00447473
-0.0249578
-0.0733021
-0.113257
-0.138748
-0.151997
-0.158289
-0.161622
-0.162642
-0.0317756
-0.0313625
-0.0309847
-0.030405
-0.0290291
-0.0260188
-0.0203722
-0.0107684
0.00395712
0.022781
0.0329751
0.0252386
0.00118805
-0.0301878
-0.0558948
-0.072215
-0.0810323
-0.0855176
-0.0879004
-0.0886819
-0.000943274
-0.000630947
-0.000400125
-0.000135804
0.000726595
0.00290279
0.00711621
0.0141856
0.0244651
0.0359545
0.0392929
0.0296945
0.0119585
-0.00763703
-0.0234385
-0.0337269
-0.0394917
-0.0424995
-0.0440624
-0.0445756
0.0173052
0.0175053
0.0175819
0.0175374
0.0178624
0.019103
0.0217413
0.0261804
0.0323089
0.0382358
0.0379114
0.0295036
0.0170871
0.00468138
-0.00515972
-0.0117722
-0.0156544
-0.0177069
-0.0187092
-0.0190378
0.0268271
0.0269357
0.0268958
0.0266344
0.0265492
0.0270306
0.0283799
0.0307876
0.0339875
0.0364361
0.0344763
0.0277615
0.0192261
0.0111939
0.00487027
0.000490091
-0.00219472
-0.00362178
-0.00428347
-0.00448979
0.030609
0.0306563
0.0305403
0.0301531
0.0298191
0.0297821
0.0302329
0.0312315
0.0325147
0.0329888
0.0305536
0.0254094
0.0195104
0.0141662
0.0099699
0.00698925
0.00509648
0.00408566
0.00364098
0.00350275
0.0307483
0.0307593
0.0306091
0.0301857
0.0297281
0.0293963
0.0293095
0.0294723
0.0296572
0.0291091
0.026684
0.0227669
0.0186173
0.0149642
0.012096
0.010018
0.0086621
0.00793656
0.00763156
0.00754551
0.0286495
0.0286417
0.0284867
0.0280797
0.0275868
0.0271174
0.0267414
0.026441
0.0260461
0.0250554
0.0228741
0.0199077
0.0169465
0.0143951
0.0123918
0.0109194
0.00994003
0.00941638
0.00920557
0.00914687
0.0252158
0.0252007
0.0250597
0.024698
0.0242307
0.0237325
0.0232442
0.0227417
0.0221014
0.020998
0.0191493
0.0169137
0.0147809
0.0129739
0.0115553
0.0105019
0.00979186
0.00941296
0.00926591
0.00922595
0.0210083
0.0209924
0.0208747
0.0205726
0.020164
0.0197032
0.0192128
0.0186709
0.0179915
0.0169659
0.0154768
0.0138174
0.0122884
0.0110093
0.0100048
0.00925289
0.00874078
0.00846837
0.00836632
0.00833914
0.0163596
0.0163459
0.0162549
0.0160172
0.0156843
0.0152999
0.0148753
0.0143936
0.0137973
0.0129559
0.0118333
0.0106491
0.00958426
0.0087002
0.00800379
0.00747718
0.00711471
0.00692302
0.00685389
0.00683507
0.0114616
0.0114512
0.0113861
0.0112126
0.0109659
0.0106816
0.0103656
0.0100053
0.00956421
0.00896491
0.00820411
0.0074291
0.00674295
0.00617437
0.0057223
0.00537401
0.00512993
0.00500148
0.00495672
0.00494405
0.00642121
0.00641403
0.00637429
0.00626603
0.00611634
0.00595045
0.00576871
0.0055631
0.00531381
0.00498208
0.0045716
0.0041613
0.0038015
0.00350289
0.00326199
0.00306981
0.00292938
0.00285552
0.00283028
0.00282126
0.00131501
0.00131887
0.00134048
0.00135366
0.00132969
0.00128833
0.00124056
0.00118819
0.0011265
0.0010485
0.00094992
0.00084429
0.000750037
0.000670268
0.000605331
0.000554749
0.000522217
0.000518914
0.000537464
0.000548224
-0.711068
-0.491355
-0.241672
-0.0362538
0.130517
0.264771
0.377924
0.473273
0.516668
0.494145
-0.316132
-0.164527
-0.00629899
0.130103
0.245889
0.342834
0.421664
0.477939
0.50712
0.51846
-0.0445393
0.0562411
0.162382
0.25674
0.338124
0.406409
0.460692
0.500337
0.528259
0.545439
0.146425
0.215741
0.290087
0.35756
0.416211
0.465865
0.506394
0.538346
0.56365
0.581436
0.290902
0.341059
0.394388
0.444824
0.48926
0.527807
0.560477
0.587303
0.609238
0.626768
0.407215
0.444475
0.486959
0.526839
0.563118
0.595357
0.623283
0.646496
0.665364
0.682571
0.507096
0.538238
0.575279
0.610023
0.642256
0.671324
0.69657
0.717393
0.733592
0.750633
0.600155
0.630908
0.666793
0.700449
0.731464
0.759254
0.783085
0.802286
0.816143
0.833199
0.698263
0.732334
0.770136
0.804735
0.835669
0.86262
0.885193
0.902934
0.915151
0.932594
0.815043
0.853206
0.892599
0.927528
0.957427
0.982645
1.0034
1.0196
1.0313
1.04942
0.961123
1.00004
1.03639
1.06744
1.09345
1.11584
1.13513
1.15085
1.16343
1.18146
1.1365
1.16854
1.19496
1.21758
1.23776
1.25665
1.2745
1.29108
1.30653
1.32463
1.32549
1.34286
1.35811
1.37449
1.3905
1.40513
1.41842
1.43241
1.45002
1.4702
1.50765
1.51712
1.52872
1.53958
1.5489
1.55858
1.56947
1.58089
1.59229
1.60767
1.71486
1.71857
1.70365
1.68887
1.68268
1.68841
1.70691
1.73726
1.76947
1.79614
2.02122
1.88636
1.80978
1.76752
1.75012
1.7541
1.78154
1.83795
1.94058
2.16495
0.303932
0.30181
0.297325
0.288708
0.276497
0.264382
0.254166
0.246268
0.24062
0.237289
0.236784
0.239318
0.244228
0.251287
0.260541
0.271976
0.284549
0.295529
0.301618
0.304649
0.22836
0.234211
0.240562
0.24508
0.247572
0.247269
0.244549
0.240745
0.237211
0.234865
0.234554
0.236543
0.239997
0.244099
0.247758
0.249523
0.248493
0.244932
0.239708
0.233064
0.219911
0.222208
0.225635
0.228666
0.230782
0.232317
0.233105
0.232802
0.231746
0.230764
0.23076
0.231959
0.23355
0.234644
0.234638
0.233593
0.231916
0.229475
0.226139
0.223187
0.214368
0.215451
0.217329
0.219786
0.221886
0.223378
0.224439
0.2252
0.225581
0.225714
0.226008
0.226536
0.226854
0.226672
0.226043
0.224999
0.223351
0.221105
0.218896
0.217476
0.209164
0.209817
0.210987
0.212814
0.214728
0.216485
0.217876
0.218927
0.219771
0.220447
0.220947
0.221179
0.221058
0.22059
0.219724
0.218379
0.216684
0.214906
0.213421
0.212603
0.20423
0.204668
0.205532
0.20701
0.208692
0.210397
0.212026
0.213439
0.214594
0.215531
0.216172
0.216359
0.216084
0.215374
0.214254
0.212869
0.211377
0.20992
0.208785
0.208235
0.199611
0.199913
0.200611
0.201937
0.203524
0.20515
0.2068
0.208396
0.209795
0.210916
0.211693
0.211954
0.211638
0.210824
0.209689
0.208407
0.207059
0.205737
0.204788
0.20439
0.195357
0.195564
0.196134
0.197316
0.198789
0.200309
0.201817
0.20334
0.204863
0.206255
0.207232
0.207511
0.207205
0.206542
0.205658
0.204589
0.203396
0.20224
0.201452
0.201163
0.191524
0.191637
0.192107
0.19323
0.194674
0.196196
0.197782
0.199364
0.200881
0.202304
0.20345
0.204018
0.204
0.203516
0.202692
0.201694
0.200593
0.199518
0.198836
0.198649
0.1885
0.188543
0.188873
0.189793
0.191054
0.192383
0.193783
0.195294
0.196924
0.198562
0.199958
0.200757
0.200934
0.200717
0.200233
0.199556
0.198724
0.197901
0.197432
0.197334
0.185982
0.186004
0.18621
0.186809
0.187734
0.188807
0.190046
0.191464
0.193055
0.194802
0.196489
0.197684
0.198299
0.198477
0.198368
0.198062
0.197665
0.197264
0.197057
0.197003
0.183142
0.183166
0.183321
0.183717
0.184381
0.185289
0.186439
0.187892
0.189674
0.191718
0.193796
0.195397
0.19635
0.196847
0.197006
0.197073
0.197051
0.196995
0.196949
0.196911
0.179465
0.179485
0.179632
0.179972
0.180526
0.181325
0.182464
0.18398
0.185925
0.188298
0.190861
0.192989
0.194415
0.195372
0.195914
0.196267
0.19656
0.196714
0.196742
0.196717
0.174959
0.174964
0.175112
0.175501
0.176118
0.177035
0.178318
0.180095
0.182404
0.185255
0.188431
0.191166
0.193083
0.194363
0.195274
0.19589
0.196304
0.196509
0.196566
0.196557
0.169767
0.169761
0.169902
0.170376
0.171155
0.172209
0.173763
0.175856
0.178606
0.182091
0.18605
0.18954
0.192062
0.193831
0.195053
0.195887
0.196399
0.196656
0.196761
0.196776
0.163948
0.163923
0.164081
0.164605
0.165524
0.166982
0.168813
0.171323
0.174665
0.178942
0.183861
0.188275
0.19153
0.193844
0.195439
0.196514
0.197149
0.197503
0.197672
0.197704
0.157403
0.157367
0.157564
0.158156
0.159263
0.160907
0.163207
0.166275
0.170394
0.175689
0.181824
0.187375
0.191492
0.194416
0.196477
0.197865
0.198731
0.19924
0.199483
0.199525
0.149806
0.149764
0.149998
0.150734
0.152012
0.15395
0.156732
0.160561
0.165685
0.172289
0.179949
0.186889
0.192042
0.195767
0.198369
0.200126
0.201273
0.201969
0.202289
0.202339
0.140703
0.140652
0.140952
0.141831
0.14341
0.1458
0.149238
0.15402
0.16045
0.168723
0.178279
0.186909
0.193329
0.197967
0.201211
0.203431
0.204908
0.205813
0.206216
0.206277
0.12961
0.129548
0.129954
0.131084
0.133055
0.136062
0.140411
0.146475
0.154599
0.164978
0.176875
0.187555
0.195497
0.201202
0.205208
0.207967
0.209821
0.210962
0.211463
0.211536
0.115845
0.115769
0.116327
0.117824
0.120394
0.124292
0.129911
0.137694
0.148015
0.161054
0.175819
0.188953
0.198665
0.205648
0.210563
0.213962
0.216259
0.217676
0.218297
0.218382
0.0984891
0.0984062
0.0992081
0.10125
0.104685
0.109871
0.117278
0.127397
0.140605
0.156988
0.175216
0.191242
0.203034
0.211518
0.217509
0.221673
0.224502
0.226251
0.227018
0.227115
0.0761188
0.0760426
0.0772465
0.0801382
0.084911
0.0920461
0.102051
0.115402
0.132378
0.152892
0.175222
0.194588
0.208773
0.219
0.22627
0.231362
0.234847
0.237001
0.237935
0.238049
0.0463745
0.0463518
0.0482892
0.0526708
0.0597265
0.0699742
0.083845
0.101652
0.123466
0.148981
0.176048
0.199169
0.216035
0.228251
0.237025
0.243253
0.247565
0.250234
0.251374
0.251503
0.00507306
0.00526802
0.00884937
0.0163193
0.0275645
0.0429339
0.0625225
0.0863393
0.114196
0.145569
0.177923
0.205124
0.224902
0.239327
0.249843
0.257461
0.262854
0.266199
0.267582
0.267716
-0.055598
-0.0540503
-0.0454388
-0.0314118
-0.0124424
0.011081
0.038675
0.0701423
0.105139
0.143044
0.181039
0.212494
0.235312
0.252086
0.264528
0.273781
0.280493
0.28475
0.286488
0.286647
-0.12817
-0.125651
-0.109523
-0.0849801
-0.055443
-0.0224224
0.0139412
0.0535988
0.0962895
0.141477
0.186141
0.223049
0.250095
0.270359
0.285782
0.297627
0.306693
0.312262
0.314069
0.314548
-0.20288
-0.194812
-0.171022
-0.136429
-0.0972566
-0.0550516
-0.0100183
0.0377955
0.0881858
0.140696
0.192117
0.234554
0.265839
0.289579
0.308013
0.322502
0.333761
0.340564
0.343761
0.344716
-0.261149
-0.251606
-0.222935
-0.181675
-0.135044
-0.0851525
-0.0324588
0.0228395
0.0804329
0.139819
0.197485
0.244821
0.27964
0.306055
0.326566
0.342698
0.355185
0.363416
0.367635
0.368777
-0.308343
-0.298255
-0.266178
-0.22014
-0.167924
-0.111987
-0.052939
0.00885054
0.0728778
0.138492
0.201761
0.253304
0.290929
0.319241
0.341053
0.358122
0.371339
0.380354
0.384931
0.38614
-0.347485
-0.337296
-0.303105
-0.253387
-0.196674
-0.135832
-0.0714967
-0.00414736
0.065547
0.136734
0.20501
0.260183
0.300037
0.329706
0.352327
0.369841
0.383262
0.392534
0.397133
0.398453
-0.381413
-0.371233
-0.33548
-0.28282
-0.22246
-0.157491
-0.0885854
-0.0163736
0.0583633
0.134608
0.20744
0.265887
0.307715
0.338505
0.36168
0.379387
0.392837
0.402092
0.406689
0.408019
-0.411684
-0.401547
-0.364621
-0.309535
-0.246133
-0.177604
-0.104715
-0.0281762
0.0511422
0.132059
0.209227
0.270815
0.314478
0.34625
0.36988
0.387751
0.401199
0.410466
0.415087
0.416289
-0.439501
-0.429373
-0.391488
-0.33435
-0.268342
-0.196728
-0.120316
-0.0398648
0.0436644
0.128985
0.210307
0.274955
0.320481
0.353309
0.377483
0.395577
0.409085
0.41834
0.422983
0.424024
-0.465629
-0.455485
-0.416758
-0.357843
-0.289539
-0.215194
-0.135652
-0.0516835
0.03572
0.125188
0.210578
0.278434
0.326018
0.360066
0.384895
0.403299
0.416915
0.426154
0.430787
0.431729
-0.490523
-0.480349
-0.440865
-0.380392
-0.310041
-0.233281
-0.150949
-0.0637962
0.0271781
0.120616
0.210126
0.281345
0.331174
0.366648
0.392307
0.411153
0.424969
0.434232
0.438833
0.439744
-0.514572
-0.504293
-0.464033
-0.402261
-0.330067
-0.25115
-0.166314
-0.0762761
0.0180184
0.115257
0.208844
0.283608
0.335952
0.37311
0.399824
0.41928
0.433409
0.442754
0.44725
0.448153
-0.537951
-0.527496
-0.486586
-0.423566
-0.349713
-0.268885
-0.18181
-0.0891595
0.0081773
0.108985
0.206606
0.285134
0.340337
0.379481
0.407493
0.427736
0.442291
0.451769
0.456162
0.457033
-0.560686
-0.550038
-0.508563
-0.444367
-0.369056
-0.286532
-0.197468
-0.102487
-0.00240218
0.101741
0.203342
0.285797
0.34419
0.38569
0.415278
0.436504
0.451598
0.461241
0.465528
0.466286
-0.582912
-0.572029
-0.52995
-0.464692
-0.388105
-0.304083
-0.213268
-0.116238
-0.0136841
0.0935399
0.198958
0.285451
0.347335
0.391592
0.42311
0.445543
0.46128
0.471094
0.475243
0.475866
-0.60455
-0.59344
-0.550777
-0.484555
-0.406827
-0.321494
-0.229156
-0.130337
-0.0256112
0.0843727
0.193386
0.283935
0.349585
0.397016
0.430894
0.454817
0.471295
0.481248
0.485206
0.485651
-0.625621
-0.61426
-0.571015
-0.503926
-0.425187
-0.338716
-0.245065
-0.144709
-0.0381228
0.0742789
0.186589
0.281096
0.350696
0.401742
0.438519
0.464324
0.48163
0.491566
0.495174
0.495426
-0.64598
-0.634435
-0.590613
-0.522751
-0.443126
-0.355666
-0.26092
-0.159275
-0.0511273
0.0633417
0.178563
0.276809
0.350405
0.405437
0.445774
0.474109
0.49242
0.502007
0.504948
0.504944
-0.66572
-0.653913
-0.60955
-0.541001
-0.4606
-0.3723
-0.276626
-0.173941
-0.0645152
0.0516639
0.169347
0.270986
0.348475
0.40769
0.452285
0.484197
0.504153
0.512935
0.51437
0.513903
-0.684717
-0.672651
-0.6278
-0.558624
-0.477534
-0.388535
-0.292101
-0.18858
-0.0781662
0.0393366
0.159028
0.263588
0.344706
0.408024
0.457385
0.494285
0.517599
0.525852
0.524124
0.521945
-0.702999
-0.690718
-0.645316
-0.57557
-0.49389
-0.404306
-0.30726
-0.20311
-0.0919602
0.0265217
0.14773
0.254613
0.338975
0.405986
0.460023
0.503205
0.532757
0.543809
0.539032
0.527756
-0.720504
-0.708055
-0.662207
-0.591985
-0.509867
-0.419886
-0.322435
-0.217934
-0.106357
0.0126836
0.134853
0.24339
0.330584
0.40086
0.458582
0.508491
0.547122
0.565232
0.562461
0.552348
-0.737205
-0.724551
-0.678486
-0.607831
-0.525459
-0.435277
-0.337601
-0.233055
-0.121378
-0.00225032
0.120278
0.229674
0.318959
0.392029
0.450769
0.503902
0.547131
0.56936
0.544444
0.482483
-0.752886
-0.739497
-0.694069
-0.623089
-0.540803
-0.450606
-0.352802
-0.248352
-0.136942
-0.0181782
0.104025
0.21342
0.303439
0.379276
0.436132
0.479735
0.519418
0.521579
0.466788
0.395621
-0.767735
-0.754089
-0.708792
-0.637246
-0.55558
-0.46541
-0.368235
-0.263764
-0.1529
-0.0349162
0.0861706
0.194573
0.283295
0.363689
0.41592
0.465629
0.447624
0.415627
0.343886
0.268157
-0.752508
-0.734926
-0.687833
-0.613506
-0.527348
-0.433935
-0.332056
-0.225223
-0.112009
0.00847931
0.122813
0.217929
0.297687
0.380624
0.44647
0.360059
0.314375
0.250213
0.170573
0.117069
-0.776213
-0.759007
-0.725132
-0.659651
-0.578306
-0.488791
-0.39171
-0.288176
-0.1786
-0.0626556
0.0553137
0.160122
0.243921
0.318022
0.387022
0.389678
0.268593
0.178475
0.110904
0.0172991
-0.794271
-0.778715
-0.738624
-0.671816
-0.590283
-0.50142
-0.405591
-0.30315
-0.194883
-0.0808961
0.0344773
0.135901
0.21581
0.276968
0.301518
0.230061
0.071209
-0.0363945
-0.120698
-0.221838
-0.812741
-0.80061
-0.755899
-0.687837
-0.606281
-0.517392
-0.421772
-0.319901
-0.212877
-0.100937
0.0108624
0.106937
0.179647
0.225593
0.19938
0.0554577
-0.122844
-0.259339
-0.375299
-0.533341
-0.834053
-0.821394
-0.774873
-0.705782
-0.624074
-0.535217
-0.439863
-0.338804
-0.233203
-0.123648
-0.0159008
0.0742341
0.138478
0.165923
0.0966392
-0.114961
-0.332993
-0.515162
-0.687774
-0.921726
-0.854121
-0.841774
-0.794281
-0.724149
-0.642113
-0.553357
-0.458502
-0.358478
-0.254527
-0.147693
-0.0443778
0.0393431
0.0945265
0.0952935
-0.0324243
-0.278508
-0.53848
-0.79464
-1.01087
-1.50129
-0.87373
-0.861959
-0.814192
-0.743312
-0.661029
-0.572339
-0.477986
-0.378993
-0.276787
-0.17287
-0.0742914
0.00255894
0.0481144
0.0098773
-0.169657
-0.424704
-0.700796
-0.976061
-1.21613
-1.63168
-0.893841
-0.8825
-0.834752
-0.763476
-0.681063
-0.592433
-0.498539
-0.400545
-0.300121
-0.199261
-0.105634
-0.0360313
-0.00245177
-0.073137
-0.29468
-0.544208
-0.801748
-1.02829
-1.1289
-1.16809
-0.914953
-0.903899
-0.856232
-0.784869
-0.702498
-0.614066
-0.520763
-0.423958
-0.325605
-0.228255
-0.140158
-0.0785071
-0.0592755
-0.156446
-0.408494
-0.645383
-0.860189
-1.01684
-1.06227
-1.0784
-0.937118
-0.92634
-0.878778
-0.807453
-0.725216
-0.637123
-0.544576
-0.449163
-0.35319
-0.259809
-0.177841
-0.124535
-0.121489
-0.261516
-0.510368
-0.735702
-0.924417
-1.01667
-1.04019
-1.04273
-0.9605
-0.949818
-0.902615
-0.831161
-0.749136
-0.661514
-0.569871
-0.47606
-0.382744
-0.293727
-0.218601
-0.173567
-0.197748
-0.372384
-0.605408
-0.819242
-0.978826
-1.02742
-1.02403
-1.02432
-0.984876
-0.974331
-0.927203
-0.85589
-0.774131
-0.687087
-0.596496
-0.504468
-0.414046
-0.329783
-0.262009
-0.225236
-0.276908
-0.481232
-0.695894
-0.886841
-1.00687
-1.02052
-1.01335
-1.01072
-1.00987
-0.999511
-0.952398
-0.881409
-0.799995
-0.71362
-0.624202
-0.534106
-0.44677
-0.367579
-0.307358
-0.280738
-0.35438
-0.587948
-0.787409
-0.91743
-0.965487
-0.987004
-0.995577
-0.997114
-1.03496
-1.02491
-0.97796
-0.907351
-0.826365
-0.740754
-0.652591
-0.56453
-0.480388
-0.406441
-0.353836
-0.338635
-0.430747
-0.687745
-0.907747
-0.938912
-0.956628
-0.985877
-0.997069
-1.00035
-1.0596
-1.04978
-1.00353
-0.933206
-0.852759
-0.767964
-0.681129
-0.595117
-0.51417
-0.445302
-0.400702
-0.394399
-0.512398
-0.781054
-1.09156
-1.19592
-1.10788
-1.07178
-1.04037
-1.03194
-1.08293
-1.07351
-1.028
-0.958396
-0.878536
-0.794589
-0.709077
-0.625016
-0.547102
-0.482738
-0.446443
-0.446977
-0.59541
-0.857327
-1.24734
-1.90473
-1.56723
-1.28809
-1.18043
-1.14211
-1.1039
-1.09502
-1.05049
-0.981888
-0.902883
-0.819855
-0.735533
-0.653159
-0.577821
-0.517155
-0.488584
-0.496149
-0.655944
-0.850302
-0.903533
-0.914205
-1.15675
-1.32257
-1.32742
-1.31312
-1.12143
-1.11317
-1.0702
-1.00273
-0.924786
-0.842713
-0.759475
-0.678356
-0.6046
-0.546843
-0.52202
-0.535789
-0.700783
-0.77768
-0.361626
0.0139391
-0.597163
-1.17964
-1.29772
-1.31786
-1.13424
-1.12671
-1.08588
-1.02002
-0.943183
-0.862058
-0.779687
-0.699245
-0.625703
-0.568874
-0.542674
-0.570798
-0.834442
-1.21335
-1.64605
-2.12716
-2.48942
-2.31127
-1.85399
-1.61754
-1.14108
-1.13454
-1.09644
-1.03264
-0.957069
-0.876818
-0.794988
-0.714439
-0.639695
-0.579375
-0.551777
-0.589066
-0.988011
-1.90116
-3.21072
-3.99867
-4.29074
-4.03723
-3.52033
-3.12082
-1.14038
-1.13487
-1.10145
-1.03975
-0.965535
-0.886127
-0.804371
-0.722843
-0.645085
-0.577314
-0.53633
-0.551512
-0.922575
-1.71958
-2.75284
-3.54283
-3.6348
-3.26193
-2.77955
-2.41922
-1.13171
-1.12774
-1.09937
-1.04091
-0.967921
-0.88936
-0.807376
-0.724088
-0.64156
-0.562177
-0.490704
-0.45078
-0.499515
-0.695109
-0.73734
-0.646752
-0.364863
0.00540216
0.289763
0.444488
-1.11516
-1.11227
-1.08952
-1.03564
-0.964367
-0.886232
-0.804131
-0.718869
-0.630366
-0.535971
-0.436403
-0.330088
-0.16149
0.172842
0.697574
1.31826
1.87035
2.25042
2.46557
2.54861
-1.09119
-1.08938
-1.07255
-1.02389
-0.954242
-0.876973
-0.795313
-0.709168
-0.616597
-0.512195
-0.391084
-0.252192
-0.109771
0.284566
0.97924
1.65663
2.19776
2.53989
2.70673
2.75982
-1.06013
-1.05926
-1.04687
-1.00427
-0.937185
-0.861698
-0.78215
-0.698391
-0.606043
-0.497424
-0.366347
-0.234167
-0.113309
0.154957
0.728579
1.25752
1.67177
1.94317
2.09252
2.15542
-1.0183
-1.01813
-1.00986
-0.973474
-0.91142
-0.839795
-0.766156
-0.688887
-0.602804
-0.496981
-0.364219
-0.229943
-0.126798
0.0132385
0.394096
0.76273
1.05637
1.2622
1.3908
1.45793
-0.95705
-0.956873
-0.95122
-0.92326
-0.8711
-0.809626
-0.746716
-0.681528
-0.609029
-0.515833
-0.382093
-0.23374
-0.109772
0.00501678
0.211723
0.435791
0.617203
0.74729
0.826155
0.871645
-0.872755
-0.872624
-0.868235
-0.850153
-0.815137
-0.771555
-0.726349
-0.679651
-0.625838
-0.550193
-0.428737
-0.269513
-0.12058
-0.0186908
0.114819
0.249811
0.364338
0.447224
0.497224
0.517124
-0.797774
-0.797122
-0.793381
-0.783326
-0.763803
-0.738765
-0.713127
-0.688709
-0.661925
-0.615799
-0.53128
-0.375528
-0.203861
-0.0988416
-0.0400187
0.0457561
0.130039
0.196474
0.233337
0.247033
-0.750209
-0.749577
-0.747575
-0.743291
-0.734258
-0.724487
-0.717993
-0.720076
-0.73536
-0.757244
-0.754515
-0.624381
-0.409906
-0.28727
-0.233889
-0.153047
-0.0719115
-0.00788749
0.0312428
0.0452394
-0.724834
-0.724841
-0.724819
-0.724348
-0.723957
-0.726987
-0.739995
-0.774239
-0.851057
-0.999339
-1.16211
-1.07846
-0.774474
-0.564818
-0.465422
-0.360535
-0.256708
-0.17657
-0.130591
-0.119468
-0.701406
-0.70218
-0.70411
-0.707198
-0.713827
-0.728841
-0.761503
-0.831856
-0.985638
-1.30911
-1.73753
-1.74059
-1.30066
-0.943884
-0.771591
-0.601728
-0.449081
-0.339125
-0.281956
-0.274033
-0.662039
-0.663471
-0.666865
-0.672835
-0.68489
-0.709757
-0.754966
-0.854156
-1.07014
-1.53817
-2.20065
-2.28228
-1.72704
-1.27262
-1.02778
-0.79591
-0.624638
-0.51794
-0.474004
-0.468069
-0.596347
-0.598067
-0.601909
-0.608974
-0.622471
-0.648988
-0.700541
-0.805527
-1.03423
-1.52834
-2.19067
-2.22394
-1.74981
-1.3705
-1.10404
-0.889168
-0.761581
-0.706417
-0.687469
-0.679222
-0.504513
-0.506104
-0.509392
-0.515543
-0.527246
-0.549864
-0.593192
-0.680266
-0.868741
-1.26925
-1.76986
-1.78734
-1.48622
-1.21634
-0.97872
-0.843166
-0.789481
-0.788756
-0.784287
-0.775682
-0.396564
-0.397727
-0.399842
-0.403903
-0.41157
-0.4263
-0.454162
-0.509181
-0.625654
-0.870433
-1.17557
-1.19808
-1.0302
-0.833645
-0.700647
-0.653189
-0.67522
-0.696264
-0.700024
-0.696629
-0.287088
-0.287745
-0.288629
-0.290486
-0.293986
-0.300681
-0.313117
-0.337031
-0.386027
-0.486355
-0.623966
-0.624393
-0.526074
-0.444436
-0.425026
-0.465681
-0.502565
-0.521587
-0.526989
-0.527387
-0.189231
-0.18948
-0.189469
-0.189818
-0.190408
-0.191491
-0.193378
-0.196768
-0.203576
-0.215636
-0.214374
-0.205691
-0.163182
-0.191474
-0.247103
-0.299941
-0.331263
-0.345706
-0.351642
-0.353489
-0.110672
-0.11068
-0.110238
-0.109905
-0.109142
-0.107495
-0.10432
-0.0985035
-0.088363
-0.0710842
-0.0456644
-0.0284057
-0.0297735
-0.0793849
-0.134047
-0.173508
-0.19601
-0.207081
-0.212263
-0.214614
-0.0531869
-0.0530964
-0.0525693
-0.0521338
-0.0511427
-0.0488962
-0.0445059
-0.036657
-0.0236858
-0.00409906
0.0172583
0.0220201
0.00827972
-0.0284355
-0.0659148
-0.0922505
-0.107451
-0.115087
-0.119018
-0.12091
-0.0144782
-0.0143769
-0.0139462
-0.0136861
-0.0129906
-0.0111882
-0.00749542
-0.000895433
0.00962071
0.0240399
0.036565
0.0346534
0.0192642
-0.00500035
-0.0281829
-0.0446879
-0.0544314
-0.0595458
-0.0622318
-0.0635213
0.00952123
0.00959659
0.00987613
0.00990273
0.0101856
0.0112514
0.0137217
0.0182079
0.0251459
0.033928
0.0398231
0.0354247
0.0228599
0.00698428
-0.00729701
-0.0175894
-0.0239083
-0.0273428
-0.02912
-0.0299363
0.0229685
0.0230113
0.0231521
0.0230055
0.0229343
0.0233454
0.0246901
0.0273237
0.0313503
0.0359922
0.0379058
0.033051
0.0237185
0.0132717
0.00425128
-0.00233991
-0.00656299
-0.00894187
-0.0101459
-0.0106509
0.0293031
0.0293205
0.0293593
0.0291066
0.0287973
0.0287361
0.0292309
0.0304664
0.0324207
0.0344215
0.0342456
0.0298305
0.0231026
0.0161344
0.0102573
0.00590521
0.00301222
0.00133506
0.000511092
0.000179717
0.0310468
0.0310484
0.0310268
0.030731
0.0302908
0.0299545
0.0299115
0.0302538
0.0309036
0.0313481
0.0302013
0.0264868
0.0216277
0.0168719
0.0129217
0.00996166
0.0079348
0.0067322
0.00615555
0.00593625
0.029924
0.0299175
0.0298668
0.0295703
0.029092
0.0286246
0.028283
0.0281097
0.0280252
0.027656
0.0261467
0.0231137
0.0195729
0.016257
0.013532
0.0114707
0.0100276
0.00915753
0.00875023
0.00860488
0.027067
0.0270573
0.0269981
0.0267267
0.0262698
0.0257689
0.0252961
0.0248655
0.0244081
0.0236692
0.0221405
0.0197279
0.0171339
0.0147835
0.0128682
0.0114097
0.0103723
0.00974023
0.00945021
0.0093511
0.0231903
0.0231804
0.0231249
0.0228936
0.0224904
0.0220211
0.0215289
0.0210167
0.0204304
0.0195975
0.0182199
0.0163394
0.014441
0.0127648
0.0114074
0.010369
0.00962186
0.0091634
0.00895682
0.00888913
0.0187284
0.0187197
0.0186739
0.0184884
0.0181544
0.0177523
0.0173076
0.0168196
0.0162484
0.0154815
0.0143488
0.0129372
0.0115747
0.0103938
0.00944127
0.00870853
0.0081759
0.00784742
0.00770257
0.00765697
0.0139353
0.0139282
0.0138941
0.013755
0.0134972
0.0131819
0.0128267
0.0124299
0.0119633
0.0113556
0.0105129
0.00952146
0.0085937
0.00779885
0.0071571
0.0066584
0.00629041
0.00606226
0.00596438
0.00593445
0.00895419
0.00894846
0.00892562
0.0088306
0.00865226
0.00843779
0.0081991
0.00793355
0.00762271
0.00722542
0.00669347
0.00608844
0.00553269
0.00505918
0.00467437
0.0043692
0.004137
0.00399072
0.00392956
0.00391095
0.0013144
0.00132827
0.00135157
0.00134638
0.00131038
0.00126477
0.00121519
0.00115837
0.00108992
0.00100232
0.000897595
0.000795752
0.000708247
0.000636098
0.00057834
0.000535794
0.000516655
0.000527597
0.000545035
0.00171054
-1.93931
-1.07438
-0.5639
-0.258309
-0.0311988
0.145319
0.286088
0.404609
0.523642
0.619832
-0.684134
-0.433055
-0.210569
-0.0275684
0.12501
0.251376
0.355906
0.441564
0.495622
0.504475
-0.258332
-0.115348
0.0210586
0.142861
0.247837
0.336958
0.410266
0.466104
0.502537
0.52341
0.000144233
0.0942687
0.186218
0.270908
0.345128
0.408537
0.460623
0.501328
0.531944
0.552928
0.181381
0.245938
0.312698
0.374139
0.428435
0.475476
0.51513
0.547721
0.573881
0.592128
0.320385
0.366219
0.418381
0.464268
0.506459
0.543807
0.57625
0.603697
0.626249
0.641365
0.433573
0.470887
0.512221
0.549835
0.585149
0.617319
0.645704
0.669894
0.689659
0.702008
0.533111
0.566112
0.602548
0.63727
0.669857
0.699794
0.726214
0.748497
0.766163
0.776137
0.628105
0.661849
0.698563
0.733843
0.766282
0.795558
0.820941
0.841907
0.857842
0.86637
0.732505
0.770612
0.80969
0.846777
0.879545
0.908027
0.93198
0.951397
0.965851
0.974563
0.860995
0.903706
0.943247
0.979607
1.01044
1.03649
1.05834
1.07624
1.08995
1.10027
1.02322
1.06507
1.09912
1.12876
1.15353
1.17527
1.19505
1.21263
1.2275
1.24028
1.21398
1.24493
1.26651
1.28582
1.30401
1.32135
1.33767
1.35358
1.37017
1.38715
1.41224
1.42373
1.43488
1.44907
1.46342
1.47632
1.48776
1.49869
1.51165
1.52857
1.59824
1.60817
1.61687
1.61932
1.62017
1.6245
1.6354
1.65142
1.66908
1.6737
1.89934
1.84398
1.79319
1.75295
1.73064
1.72666
1.74014
1.77396
1.83043
1.906
0.44615
0.387457
0.344989
0.311139
0.286491
0.268944
0.256435
0.247497
0.241356
0.237799
0.237253
0.239911
0.245155
0.252925
0.263718
0.278675
0.299618
0.328663
0.367385
0.415188
0.247687
0.256454
0.262005
0.262835
0.259365
0.253334
0.246911
0.241424
0.237524
0.235742
0.236723
0.240109
0.245201
0.251515
0.258153
0.263329
0.264893
0.261618
0.254201
0.246528
0.2247
0.226736
0.231355
0.234893
0.237431
0.23888
0.238608
0.236868
0.234645
0.232982
0.232819
0.234414
0.236911
0.23934
0.240659
0.24019
0.238229
0.23534
0.231238
0.226829
0.217753
0.218623
0.221142
0.223913
0.225981
0.227391
0.228405
0.228864
0.228687
0.228324
0.228474
0.229307
0.230149
0.230394
0.22989
0.228869
0.227306
0.224938
0.222199
0.220197
0.212081
0.212545
0.213993
0.216107
0.218141
0.219798
0.220993
0.221897
0.222575
0.223045
0.223455
0.223786
0.223806
0.223443
0.222725
0.221531
0.219814
0.217798
0.216014
0.214959
0.206917
0.207203
0.208192
0.209809
0.211596
0.213351
0.214899
0.216138
0.217136
0.217961
0.218536
0.218723
0.218513
0.217924
0.216901
0.215497
0.213896
0.212307
0.21103
0.210368
0.202038
0.202228
0.203001
0.204394
0.206017
0.207683
0.209348
0.210878
0.212155
0.213166
0.213868
0.214102
0.21381
0.213029
0.21187
0.21052
0.20911
0.207729
0.206695
0.20623
0.19757
0.197702
0.198332
0.199582
0.201113
0.202677
0.204251
0.20584
0.207353
0.208641
0.209518
0.20976
0.209398
0.208608
0.207589
0.206424
0.205155
0.203914
0.203051
0.202709
0.193436
0.19352
0.194039
0.195187
0.196638
0.198157
0.199687
0.201197
0.202672
0.204067
0.205126
0.205546
0.205407
0.204876
0.204046
0.203011
0.201863
0.200754
0.20002
0.199782
0.189939
0.189979
0.190385
0.191439
0.192828
0.194291
0.195833
0.197435
0.199053
0.200588
0.201851
0.202524
0.202566
0.202151
0.201432
0.200556
0.199553
0.198563
0.197968
0.197829
0.187239
0.187259
0.187517
0.188267
0.189356
0.19054
0.191818
0.193239
0.194816
0.196498
0.198032
0.199021
0.199434
0.199454
0.199196
0.19872
0.198101
0.197491
0.197161
0.197092
0.18465
0.184669
0.184843
0.185322
0.186104
0.187097
0.188303
0.18976
0.19145
0.193328
0.195196
0.196581
0.19735
0.197639
0.197672
0.197537
0.197332
0.197114
0.197001
0.196957
0.181423
0.181443
0.181588
0.181937
0.182518
0.183352
0.184468
0.185934
0.187779
0.189973
0.192277
0.194127
0.195322
0.196069
0.196411
0.196651
0.19678
0.196843
0.196845
0.196814
0.1773
0.177313
0.177459
0.17782
0.178403
0.179226
0.180433
0.182075
0.18418
0.18677
0.189622
0.192037
0.19369
0.194751
0.195566
0.196071
0.196398
0.196571
0.196613
0.196597
0.172426
0.172436
0.172577
0.173009
0.173705
0.174691
0.1761
0.178024
0.180543
0.183692
0.187235
0.190322
0.192527
0.194054
0.195104
0.195809
0.196267
0.196485
0.196563
0.196569
0.166902
0.166909
0.167061
0.167565
0.168505
0.169645
0.171319
0.173642
0.176664
0.180519
0.184931
0.188856
0.191729
0.193769
0.195165
0.19612
0.196664
0.196952
0.197085
0.19711
0.160736
0.160739
0.160904
0.161461
0.162524
0.164052
0.166082
0.168873
0.172573
0.177328
0.182821
0.187782
0.191446
0.194064
0.195876
0.197091
0.197819
0.198231
0.198433
0.19847
0.153717
0.15372
0.153936
0.154553
0.155765
0.157568
0.160085
0.163504
0.168091
0.174003
0.180858
0.187069
0.191688
0.194978
0.197314
0.198873
0.199858
0.200439
0.200717
0.200764
0.145429
0.145434
0.145681
0.146455
0.147885
0.150058
0.153137
0.15741
0.163148
0.170533
0.179086
0.186827
0.192583
0.196762
0.199663
0.201639
0.202925
0.2037
0.204058
0.204113
0.135394
0.135402
0.135726
0.136681
0.138448
0.141155
0.145026
0.150408
0.157622
0.166881
0.177544
0.187144
0.194298
0.199451
0.203061
0.205535
0.207169
0.208154
0.208599
0.208665
0.123079
0.123091
0.123514
0.124747
0.127013
0.130468
0.135406
0.142255
0.151401
0.163037
0.176299
0.188154
0.196945
0.203265
0.207713
0.210776
0.212813
0.214036
0.214584
0.214662
0.107695
0.107713
0.108278
0.109921
0.112922
0.117458
0.123891
0.132742
0.144412
0.15903
0.175448
0.189972
0.200687
0.208396
0.213836
0.217604
0.220123
0.22163
0.222292
0.222386
0.0880827
0.0881082
0.0888924
0.091184
0.0953171
0.101459
0.110042
0.121639
0.136599
0.154936
0.175132
0.192771
0.205721
0.215049
0.221664
0.226279
0.229394
0.231269
0.232077
0.23218
0.0624816
0.0625264
0.0636934
0.0670705
0.0730271
0.0816258
0.093363
0.108755
0.128
0.150903
0.175524
0.196718
0.212209
0.223404
0.231408
0.237054
0.240904
0.243229
0.244215
0.244327
0.0278142
0.0279081
0.0298771
0.035349
0.0445427
0.0571138
0.0735624
0.0941619
0.118848
0.147191
0.176841
0.201969
0.220269
0.233571
0.243203
0.250115
0.254911
0.257828
0.259033
0.259144
-0.0218734
-0.0214684
-0.0170118
-0.00676371
0.00846768
0.0275776
0.0508645
0.0783055
0.109607
0.144175
0.179318
0.208635
0.229926
0.245522
0.257008
0.265455
0.271485
0.275242
0.276778
0.276884
-0.0945711
-0.091757
-0.0791892
-0.0588467
-0.0338845
-0.00556182
0.0264155
0.0619556
0.10074
0.142175
0.183318
0.217277
0.242005
0.260357
0.274198
0.284777
0.292716
0.297958
0.300286
0.300626
-0.171917
-0.164605
-0.142327
-0.111565
-0.0765936
-0.0388681
0.00188323
0.0456492
0.0922083
0.141089
0.189189
0.228936
0.258178
0.28027
0.297357
0.310844
0.321365
0.329038
0.333159
0.333813
-0.235578
-0.228406
-0.199171
-0.160024
-0.116658
-0.0704053
-0.0213916
0.0302756
0.0843414
0.140342
0.194954
0.239929
0.273078
0.298265
0.317883
0.33344
0.345606
0.354903
0.359072
0.359823
-0.286979
-0.279267
-0.24633
-0.201669
-0.151987
-0.0989146
-0.0429012
0.0157635
0.076681
0.13926
0.199801
0.249319
0.285623
0.313075
0.33434
0.351124
0.364281
0.373993
0.378552
0.379559
-0.329133
-0.321199
-0.286048
-0.237292
-0.182666
-0.124171
-0.0623782
0.00228183
0.0692247
0.137705
0.203535
0.256955
0.295746
0.324779
0.34705
0.364469
0.378049
0.387811
0.392707
0.393767
-0.365008
-0.356956
-0.32036
-0.268491
-0.209818
-0.146839
-0.0801498
-0.0102969
0.0619784
0.135751
0.206352
0.263178
0.304035
0.334285
0.357216
0.374907
0.388554
0.398201
0.403217
0.404359
-0.396589
-0.388489
-0.350874
-0.296456
-0.234456
-0.167656
-0.0967004
-0.0222711
0.0548016
0.133412
0.208434
0.268469
0.311235
0.342521
0.365924
0.383746
0.397344
0.406914
0.411963
0.413163
-0.4253
-0.417138
-0.378695
-0.322116
-0.257337
-0.187227
-0.112531
-0.0339902
0.0474763
0.130626
0.209886
0.273001
0.31758
0.349869
0.373758
0.391761
0.405343
0.414847
0.419843
0.421115
-0.451984
-0.443769
-0.404604
-0.346201
-0.279007
-0.205992
-0.127971
-0.0457188
0.0397841
0.127207
0.210555
0.276779
0.323304
0.356732
0.381224
0.399479
0.413127
0.422564
0.427425
0.428788
-0.477296
-0.469001
-0.429208
-0.369184
-0.299823
-0.224242
-0.143274
-0.0576746
0.0315478
0.123013
0.210467
0.279986
0.328647
0.363372
0.388602
0.407228
0.421007
0.430428
0.435165
0.436528
-0.501592
-0.493194
-0.4528
-0.391371
-0.320077
-0.242212
-0.158598
-0.0699679
0.0226949
0.118059
0.209614
0.282583
0.333635
0.3699
0.396061
0.415206
0.429224
0.438684
0.443304
0.444556
-0.525147
-0.516611
-0.475529
-0.412955
-0.339906
-0.260009
-0.174024
-0.0826461
0.0132033
0.112256
0.207863
0.284483
0.338229
0.376341
0.403662
0.423496
0.437863
0.447404
0.451931
0.453021
-0.548028
-0.539363
-0.497788
-0.434005
-0.3594
-0.277699
-0.189604
-0.0957524
0.00299369
0.105495
0.205121
0.285595
0.342349
0.382633
0.411392
0.432106
0.446944
0.45661
0.461064
0.461968
-0.570363
-0.56148
-0.519452
-0.454571
-0.378599
-0.295307
-0.20534
-0.1093
-0.00794438
0.0977713
0.201307
0.285772
0.34587
0.388693
0.419205
0.441012
0.456434
0.466235
0.470571
0.471327
-0.592146
-0.583146
-0.540524
-0.474669
-0.397491
-0.312794
-0.221192
-0.123234
-0.0195614
0.089081
0.196331
0.284857
0.348603
0.394389
0.427026
0.45017
0.466281
0.476215
0.480364
0.480951
-0.61338
-0.604209
-0.561045
-0.494294
-0.416043
-0.330118
-0.237105
-0.137484
-0.0317936
0.0794468
0.190149
0.282696
0.350308
0.399501
0.43475
0.459559
0.476451
0.486455
0.490314
0.490705
-0.633986
-0.624667
-0.58095
-0.513402
-0.434203
-0.347221
-0.252994
-0.15197
-0.044563
0.0689193
0.182735
0.279148
0.35075
0.40375
0.442219
0.469196
0.486974
0.496814
0.50019
0.50035
-0.653929
-0.644462
-0.600205
-0.531948
-0.451914
-0.364025
-0.268787
-0.166597
-0.0577745
0.0575971
0.174103
0.2741
0.34967
0.406781
0.449162
0.479141
0.49815
0.507397
0.509767
0.509597
-0.673188
-0.66357
-0.618795
-0.549892
-0.469129
-0.380459
-0.284392
-0.181261
-0.0713118
0.0455745
0.164326
0.267491
0.346838
0.408135
0.455068
0.489306
0.510653
0.519023
0.519123
0.518131
-0.691711
-0.681933
-0.63668
-0.567186
-0.485785
-0.396473
-0.299726
-0.195866
-0.0850548
0.0329823
0.153493
0.259302
0.342099
0.407329
0.459082
0.499036
0.525092
0.534095
0.530492
0.526731
-0.709515
-0.699605
-0.653859
-0.583833
-0.501904
-0.412085
-0.314815
-0.210446
-0.099033
0.0197885
0.141547
0.249347
0.33519
0.403881
0.459954
0.506617
0.540593
0.555635
0.552102
0.534678
-0.726644
-0.716544
-0.670457
-0.599994
-0.51771
-0.4276
-0.330023
-0.225454
-0.113791
0.00534819
0.127778
0.236852
0.325223
0.396943
0.455534
0.507833
0.550646
0.56711
0.568645
0.519479
-0.743362
-0.732356
-0.686417
-0.615554
-0.533121
-0.442925
-0.345177
-0.240666
-0.129081
-0.0100799
0.11237
0.221877
0.311752
0.386155
0.444207
0.494669
0.537347
0.556018
0.511027
0.44154
-0.760518
-0.746252
-0.701589
-0.630475
-0.548432
-0.458232
-0.360515
-0.256069
-0.144898
-0.0264792
0.0952642
0.204302
0.293948
0.371704
0.426792
0.45664
0.489248
0.475474
0.410392
0.337163
-0.777174
-0.780896
-0.719247
-0.642421
-0.560911
-0.470881
-0.375472
-0.27105
-0.160557
-0.0431169
0.0770894
0.184538
0.271907
0.356153
0.392417
0.375397
0.39802
0.346797
0.270907
0.191733
-0.752657
-0.751836
-0.695169
-0.620028
-0.533966
-0.440762
-0.341097
-0.23462
-0.121995
-0.00240521
0.11064
0.204418
0.280923
0.361062
0.399552
0.297845
0.21395
0.146496
0.0671929
-0.10016
-0.791332
-0.766569
-0.707154
-0.631223
-0.545489
-0.452761
-0.353808
-0.248235
-0.136997
-0.0196428
0.0898729
0.179421
0.24884
0.300574
0.276024
0.143568
0.0118275
-0.0782241
-0.172818
-0.364246
-0.813768
-0.784079
-0.724423
-0.648377
-0.562994
-0.470611
-0.371722
-0.267193
-0.157668
-0.04315
0.0622274
0.146098
0.206859
0.22864
0.149373
-0.0372392
-0.19704
-0.315418
-0.450917
-0.723278
-0.835397
-0.803271
-0.742745
-0.666109
-0.580738
-0.488545
-0.390197
-0.286849
-0.179238
-0.0679236
0.0325744
0.10979
0.158859
0.147278
-0.00226912
-0.225321
-0.429589
-0.597089
-0.798272
-1.24592
-0.855672
-0.822884
-0.76153
-0.684201
-0.598747
-0.506807
-0.409239
-0.307169
-0.201646
-0.0938583
0.00114516
0.0711804
0.104431
0.0530809
-0.153821
-0.406836
-0.667788
-0.901434
-1.1951
-1.99805
-0.875407
-0.842844
-0.780986
-0.703188
-0.61764
-0.525979
-0.429162
-0.328429
-0.225158
-0.121154
-0.0319943
0.0302828
0.0465009
-0.048747
-0.294961
-0.5609
-0.840265
-1.1017
-1.33661
-2.29106
-0.895638
-0.863319
-0.801287
-0.72327
-0.637667
-0.546257
-0.450148
-0.350757
-0.24984
-0.149804
-0.066693
-0.0130756
-0.0154999
-0.166778
-0.41667
-0.675033
-0.921946
-1.10009
-1.13828
-1.20122
-0.916756
-0.884732
-0.822677
-0.744672
-0.659155
-0.568128
-0.472868
-0.375057
-0.276852
-0.181359
-0.104807
-0.0609703
-0.0913706
-0.283445
-0.524826
-0.758652
-0.94942
-1.05496
-1.07075
-1.08129
-0.939032
-0.907218
-0.845236
-0.767307
-0.682007
-0.591501
-0.497289
-0.401308
-0.306165
-0.215779
-0.146196
-0.113885
-0.171918
-0.391446
-0.624443
-0.835717
-0.988797
-1.03243
-1.04173
-1.04248
-0.96248
-0.930554
-0.868933
-0.79109
-0.706107
-0.616276
-0.523287
-0.429361
-0.337642
-0.252876
-0.190926
-0.171662
-0.254795
-0.495078
-0.714721
-0.911542
-1.01252
-1.02232
-1.0241
-1.02388
-0.986943
-0.954984
-0.893559
-0.815934
-0.731344
-0.642305
-0.550694
-0.459034
-0.37105
-0.292307
-0.238705
-0.229248
-0.350581
-0.595657
-0.79293
-0.963672
-1.0221
-1.01606
-1.0118
-1.00994
-1.01193
-0.98016
-0.918925
-0.841576
-0.757488
-0.669349
-0.579251
-0.490037
-0.406002
-0.333579
-0.288964
-0.290388
-0.454523
-0.699643
-0.858279
-0.963668
-0.983033
-0.992799
-0.99697
-0.996734
-1.03709
-1.0057
-0.944603
-0.8677
-0.784189
-0.697034
-0.608543
-0.521889
-0.441878
-0.376114
-0.340237
-0.361142
-0.552128
-0.809749
-0.956516
-0.8964
-0.966911
-0.993189
-0.999207
-1.00073
-1.06163
-1.03078
-0.970339
-0.893826
-0.810954
-0.724835
-0.637987
-0.553913
-0.477821
-0.418942
-0.391251
-0.431537
-0.64387
-0.927701
-1.21143
-1.14303
-1.09672
-1.05299
-1.03385
-1.03041
-1.08497
-1.05482
-0.99519
-0.919288
-0.837067
-0.752077
-0.666809
-0.585161
-0.51274
-0.460278
-0.440995
-0.495329
-0.730683
-1.00782
-1.56923
-1.84218
-1.40822
-1.21602
-1.15773
-1.13069
-1.10586
-1.07689
-1.01813
-0.943241
-0.861858
-0.777866
-0.694059
-0.614419
-0.545247
-0.497478
-0.487617
-0.551116
-0.779429
-0.882028
-0.882072
-1.07555
-1.253
-1.34189
-1.32142
-1.30979
-1.12322
-1.09584
-1.03842
-0.964634
-0.884237
-0.801254
-0.718558
-0.640296
-0.573368
-0.528119
-0.529401
-0.596029
-0.782988
-0.635564
-0.0628032
-0.221471
-0.940364
-1.27333
-1.31225
-1.319
-1.13584
-1.11044
-1.05498
-0.982527
-0.903094
-0.821042
-0.739173
-0.661384
-0.594624
-0.551098
-0.559013
-0.646668
-1.01709
-1.43746
-1.84426
-2.3607
-2.4841
-2.07695
-1.69242
-1.63312
-1.14249
-1.11963
-1.06668
-0.995857
-0.917449
-0.836135
-0.7545
-0.676227
-0.607089
-0.560527
-0.564611
-0.711802
-1.37604
-2.53859
-3.66567
-4.23689
-4.21909
-3.79311
-3.27743
-3.03812
-1.1423
-1.1224
-1.07286
-1.00374
-0.926396
-0.845575
-0.763595
-0.683424
-0.609675
-0.551487
-0.5389
-0.649341
-1.29453
-2.20244
-3.24761
-3.67902
-3.48445
-3.01913
-2.5795
-2.34891
-1.13336
-1.11753
-1.07296
-1.00554
-0.9294
-0.848836
-0.765957
-0.682723
-0.601093
-0.525414
-0.465991
-0.404091
-0.605996
-0.744275
-0.701031
-0.528869
-0.178214
0.163779
0.382671
0.48132
-1.11649
-1.10464
-1.06578
-1.00131
-0.926137
-0.845747
-0.761962
-0.675275
-0.58487
-0.486825
-0.377275
-0.276666
-0.0249772
0.423266
0.994042
1.61474
2.08269
2.37761
2.52068
2.56198
-1.09227
-1.08424
-1.05193
-0.990738
-0.916184
-0.836828
-0.753115
-0.664347
-0.566528
-0.450879
-0.323173
-0.185848
0.0279469
0.615716
1.32791
1.95009
2.39424
2.64226
2.74346
2.7673
-1.06096
-1.0559
-1.02963
-0.972619
-0.899977
-0.822717
-0.741274
-0.653557
-0.554117
-0.432983
-0.299847
-0.169784
-0.0292186
0.428465
1.00579
1.48139
1.82507
2.03132
2.13266
2.16558
-1.01872
-1.01639
-0.995754
-0.944395
-0.876315
-0.803308
-0.727774
-0.646753
-0.552925
-0.433015
-0.292888
-0.175985
-0.0929167
0.191379
0.586756
0.919207
1.17054
1.33507
1.43177
1.46901
-0.956936
-0.955783
-0.940774
-0.899196
-0.840891
-0.778385
-0.715026
-0.647246
-0.565283
-0.452075
-0.305334
-0.168839
-0.0595218
0.0897405
0.329158
0.531144
0.689959
0.792004
0.852788
0.879162
-0.872819
-0.871482
-0.861451
-0.834321
-0.793878
-0.749219
-0.703975
-0.655821
-0.593382
-0.494195
-0.350154
-0.194162
-0.0640295
0.0455141
0.181609
0.311577
0.409571
0.476461
0.51096
0.517521
-0.797713
-0.795743
-0.789435
-0.774554
-0.751628
-0.725831
-0.700732
-0.676227
-0.645647
-0.583782
-0.456391
-0.289724
-0.137654
-0.0720036
-0.000450744
0.0894366
0.166875
0.217901
0.243109
0.24719
-0.750061
-0.748747
-0.745794
-0.738703
-0.729321
-0.720482
-0.717371
-0.725118
-0.746782
-0.771391
-0.705328
-0.515922
-0.328328
-0.260454
-0.195816
-0.110797
-0.0372906
0.0151056
0.0413884
0.0429918
-0.724828
-0.724854
-0.724671
-0.724026
-0.724737
-0.731735
-0.753422
-0.805079
-0.913872
-1.09437
-1.16817
-0.928219
-0.649406
-0.512124
-0.414534
-0.307111
-0.212623
-0.149085
-0.121109
-0.122347
-0.701643
-0.703018
-0.705456
-0.709832
-0.719898
-0.742134
-0.790162
-0.893883
-1.12085
-1.5354
-1.82789
-1.53882
-1.09456
-0.850372
-0.689944
-0.520417
-0.387867
-0.303307
-0.273441
-0.27675
-0.662546
-0.664908
-0.669402
-0.677783
-0.695194
-0.726088
-0.795774
-0.9409
-1.26324
-1.89087
-2.35483
-2.06019
-1.46319
-1.13984
-0.904947
-0.703555
-0.562729
-0.488786
-0.468418
-0.470319
-0.597009
-0.599682
-0.604875
-0.614646
-0.633636
-0.670495
-0.743678
-0.89738
-1.23839
-1.88982
-2.31604
-1.9992
-1.53435
-1.24052
-0.983687
-0.813131
-0.726549
-0.694851
-0.682068
-0.679282
-0.505189
-0.507473
-0.512028
-0.520448
-0.536798
-0.568042
-0.629029
-0.756308
-1.0368
-1.54705
-1.85725
-1.63984
-1.3442
-1.08949
-0.900676
-0.805329
-0.78776
-0.787929
-0.779492
-0.77419
-0.397129
-0.398581
-0.401611
-0.407078
-0.417803
-0.438038
-0.476929
-0.556494
-0.728415
-1.03983
-1.23484
-1.12428
-0.932897
-0.757047
-0.666781
-0.661118
-0.687795
-0.699931
-0.698624
-0.695457
-0.28749
-0.288061
-0.289461
-0.29192
-0.296828
-0.305952
-0.323094
-0.35714
-0.428227
-0.558756
-0.650893
-0.579454
-0.474693
-0.422127
-0.442938
-0.485999
-0.514305
-0.5256
-0.527426
-0.526861
-0.189478
-0.189416
-0.189658
-0.190044
-0.190874
-0.192309
-0.194809
-0.199583
-0.209075
-0.219594
-0.210147
-0.174909
-0.169317
-0.219132
-0.275153
-0.318235
-0.340097
-0.349298
-0.352928
-0.353443
-0.11081
-0.110435
-0.110128
-0.109579
-0.108458
-0.10615
-0.101827
-0.0940987
-0.0808567
-0.0586758
-0.0368601
-0.0219543
-0.0518522
-0.108275
-0.155749
-0.186692
-0.202691
-0.210071
-0.213774
-0.214804
-0.053259
-0.0528205
-0.0524039
-0.0517267
-0.0502188
-0.047034
-0.0411041
-0.0309166
-0.0147516
0.00751963
0.0222282
0.0183605
-0.00872119
-0.0481506
-0.0805746
-0.101091
-0.111983
-0.117358
-0.120207
-0.121121
-0.0145181
-0.0141506
-0.013841
-0.0134071
-0.0122682
-0.00962985
-0.00462303
0.00383259
0.0164379
0.0314739
0.0377972
0.028442
0.00759547
-0.0171899
-0.0373592
-0.050312
-0.0574245
-0.0610991
-0.0630411
-0.0636818
0.00949519
0.0097502
0.00990101
0.00999954
0.0105823
0.0122782
0.0156795
0.0213671
0.0294278
0.0378574
0.0390394
0.0298937
0.0149968
-0.000555667
-0.0129829
-0.0211988
-0.0259092
-0.0283821
-0.0296336
-0.030043
0.0229481
0.0230988
0.0231119
0.0229478
0.0230481
0.023881
0.0258309
0.0291796
0.0337016
0.0376594
0.0363225
0.0287505
0.0184471
0.00849565
0.000639034
-0.00472419
-0.00794494
-0.00965451
-0.0104702
-0.0107206
0.0292859
0.0293603
0.0292766
0.0289395
0.0287119
0.0289028
0.029751
0.0313727
0.0334977
0.0348106
0.0325197
0.0266293
0.019548
0.0130197
0.00788903
0.0042881
0.00203935
0.00084063
0.000299554
0.000133144
0.0310323
0.0310587
0.0309211
0.0305072
0.0300981
0.02989
0.0300349
0.0305577
0.0312084
0.0310788
0.0286106
0.0241205
0.0191832
0.0147782
0.0113201
0.00883767
0.00723806
0.00638217
0.00601316
0.00590682
0.0299121
0.0299119
0.0297563
0.0293364
0.028852
0.028435
0.0281775
0.0280704
0.0279154
0.0270924
0.0247697
0.0213583
0.0178588
0.0148131
0.0124215
0.0106751
0.00952365
0.00890766
0.00865439
0.0085832
0.0270575
0.0270449
0.0268953
0.0265085
0.0260222
0.0255279
0.0250783
0.0246507
0.0240996
0.0230219
0.0210023
0.0184253
0.0159135
0.0137687
0.0120848
0.0108402
0.0100062
0.00956078
0.00938473
0.00933617
0.023183
0.0231667
0.0230369
0.022704
0.0222634
0.0217777
0.0212779
0.0207406
0.0200618
0.0189798
0.0173086
0.0153764
0.0135677
0.0120457
0.0108509
0.00996001
0.00935619
0.00903461
0.00891184
0.00887868
0.0187229
0.0187076
0.0186035
0.0183338
0.0179615
0.0175354
0.0170713
0.0165498
0.0159004
0.0149576
0.0136524
0.012241
0.0109579
0.00988938
0.00904945
0.00841771
0.00798537
0.00775636
0.00767214
0.00764839
0.013931
0.0139189
0.0138418
0.0136369
0.0133461
0.0130095
0.0126353
0.0122089
0.0116839
0.0109587
0.0100181
0.00904514
0.00817814
0.00745952
0.00689132
0.00645816
0.00615785
0.00600014
0.0059445
0.00592877
0.00895082
0.00894206
0.00889035
0.00874909
0.00854876
0.00832167
0.00807097
0.00778593
0.00743868
0.00697248
0.00638957
0.00580231
0.00528515
0.00485636
0.00451283
0.00424379
0.00405199
0.00395158
0.00391738
0.0039068
0.00386439
0.00386106
0.00385616
0.00381467
0.00372847
0.00363056
0.00352415
0.00340757
0.00327168
0.0030989
0.00287177
0.00261899
0.00238952
0.00219447
0.00203483
0.00190523
0.00180219
0.00173829
0.00171697
0.0017072
-1.41615
-0.766652
-0.398965
-0.139626
0.0612677
0.218313
0.348213
0.461051
0.585457
0.575762
-0.504493
-0.314064
-0.114671
0.0523998
0.191342
0.306008
0.401324
0.474032
0.505688
0.509688
-0.167434
-0.045539
0.0841897
0.197396
0.294351
0.375631
0.440574
0.486557
0.515203
0.531455
0.0590355
0.141289
0.229873
0.309369
0.378217
0.436018
0.482361
0.517721
0.544507
0.562556
0.223491
0.282013
0.34429
0.4022
0.452877
0.496211
0.532279
0.561531
0.585099
0.603067
0.351879
0.395099
0.441545
0.485969
0.52575
0.56064
0.590612
0.615522
0.635843
0.65342
0.458695
0.492237
0.5313
0.567839
0.601677
0.632009
0.658359
0.680295
0.697781
0.715071
0.553863
0.584384
0.620175
0.653847
0.685215
0.713481
0.737913
0.757906
0.772893
0.790021
0.647774
0.680036
0.716543
0.750418
0.781362
0.80877
0.832009
0.850527
0.863485
0.880775
0.753556
0.789933
0.828751
0.863684
0.894339
0.92058
0.942272
0.959239
0.971082
0.988967
0.884141
0.923491
0.962116
0.995672
1.02402
1.04791
1.06781
1.08354
1.09553
1.11383
1.04581
1.08254
1.11466
1.14163
1.16469
1.18539
1.20417
1.22035
1.23416
1.25207
1.23087
1.25624
1.27636
1.29502
1.3128
1.32965
1.34562
1.3617
1.3789
1.39806
1.41796
1.42893
1.44175
1.45639
1.47006
1.48221
1.4932
1.50462
1.52007
1.53953
1.60001
1.61353
1.61862
1.61962
1.62162
1.62908
1.64288
1.66053
1.67431
1.68566
1.86899
1.81845
1.77101
1.73946
1.7265
1.73107
1.7543
1.7994
1.86611
1.96024
0.302774
0.299769
0.293711
0.282796
0.270317
0.259019
0.249964
0.243189
0.238669
0.236654
0.237697
0.241479
0.247461
0.255597
0.265979
0.278208
0.290496
0.299164
0.303667
0.30581
0.231051
0.237708
0.24298
0.24662
0.247754
0.246137
0.242693
0.238893
0.235854
0.234407
0.2353
0.238124
0.242013
0.246072
0.248971
0.249397
0.246996
0.242545
0.236214
0.230376
0.220914
0.223889
0.227282
0.22981
0.231609
0.232827
0.233077
0.232322
0.231192
0.230597
0.231246
0.23276
0.234213
0.234803
0.234222
0.232832
0.23082
0.227861
0.224474
0.222182
0.214829
0.216273
0.218552
0.220903
0.222696
0.223944
0.224857
0.225435
0.225654
0.225821
0.226269
0.22675
0.226833
0.226408
0.225587
0.224267
0.222291
0.219923
0.218092
0.21701
0.209459
0.210298
0.211861
0.213766
0.215637
0.217226
0.218431
0.219368
0.220127
0.220725
0.221108
0.221164
0.22087
0.220219
0.219115
0.217565
0.215801
0.214078
0.212957
0.212303
0.204437
0.205008
0.206231
0.207838
0.209542
0.211225
0.212761
0.214042
0.215087
0.215904
0.216331
0.216279
0.215788
0.214864
0.213587
0.212134
0.210632
0.209275
0.208463
0.208022
0.199755
0.200174
0.201223
0.202724
0.20433
0.205971
0.20761
0.209123
0.210387
0.211362
0.211902
0.211869
0.211288
0.210287
0.209063
0.20774
0.206371
0.205187
0.204546
0.204239
0.195456
0.195768
0.196669
0.198039
0.199547
0.201061
0.202571
0.204104
0.205584
0.206827
0.207464
0.20742
0.20691
0.206127
0.205148
0.204003
0.202792
0.201775
0.201269
0.201056
0.191577
0.19179
0.192603
0.193936
0.195426
0.196979
0.198579
0.200127
0.201605
0.202941
0.203822
0.204073
0.203814
0.203138
0.202211
0.201155
0.200032
0.199104
0.198706
0.198586
0.188516
0.188641
0.189265
0.190405
0.191711
0.19307
0.194514
0.196099
0.197748
0.199325
0.200449
0.200914
0.200865
0.200506
0.199917
0.199159
0.19829
0.197606
0.197359
0.197305
0.185986
0.186068
0.186456
0.187244
0.188249
0.189407
0.190731
0.192233
0.193912
0.195693
0.197173
0.198056
0.198434
0.198453
0.198235
0.197877
0.197449
0.197133
0.197021
0.196983
0.183144
0.183219
0.183484
0.18402
0.184802
0.185824
0.187127
0.188747
0.190664
0.1928
0.194691
0.195938
0.196654
0.196949
0.197049
0.197072
0.197023
0.196972
0.19693
0.196888
0.179464
0.179536
0.179776
0.180215
0.180895
0.181854
0.183167
0.184896
0.187058
0.189612
0.192023
0.193781
0.194949
0.195691
0.196096
0.196424
0.196655
0.196741
0.196733
0.196692
0.174954
0.175013
0.175274
0.175779
0.176531
0.17762
0.179143
0.18118
0.18376
0.186867
0.189912
0.192215
0.193783
0.194852
0.195621
0.196122
0.196432
0.196551
0.196568
0.196532
0.169751
0.169799
0.170095
0.170729
0.171647
0.17292
0.17473
0.177143
0.180253
0.184092
0.187922
0.190912
0.193026
0.194499
0.195506
0.196183
0.196554
0.196721
0.196779
0.196751
0.163922
0.163974
0.16429
0.165026
0.166166
0.167835
0.169967
0.172879
0.176681
0.181419
0.186227
0.190033
0.192789
0.194731
0.196029
0.196875
0.197357
0.197607
0.197704
0.197679
0.157367
0.157426
0.157794
0.158652
0.159999
0.161994
0.164618
0.168192
0.172886
0.178775
0.184786
0.189594
0.193088
0.195525
0.197248
0.198351
0.199024
0.199392
0.199525
0.199495
0.149761
0.149834
0.150303
0.151297
0.152886
0.155225
0.1585
0.162944
0.168792
0.176139
0.18365
0.189677
0.194048
0.197199
0.199336
0.200765
0.201673
0.202173
0.20234
0.202301
0.140645
0.140747
0.141308
0.14253
0.14449
0.147371
0.15144
0.15701
0.164346
0.173531
0.182886
0.190366
0.19585
0.199739
0.202429
0.204249
0.205428
0.206072
0.206279
0.20623
0.129536
0.129678
0.130419
0.131959
0.134411
0.138045
0.143204
0.150258
0.159496
0.170975
0.182582
0.191834
0.198595
0.203386
0.206719
0.208992
0.210477
0.211285
0.211539
0.211477
0.115749
0.11595
0.116949
0.118965
0.122155
0.126857
0.133504
0.142513
0.154185
0.168517
0.182849
0.194191
0.202453
0.208327
0.212423
0.215229
0.217074
0.218078
0.218388
0.21831
0.0983654
0.0986727
0.100067
0.102778
0.107034
0.113263
0.121966
0.133591
0.148395
0.166236
0.18381
0.197605
0.207634
0.21478
0.219785
0.223233
0.225507
0.226748
0.227125
0.227026
0.0759582
0.0764558
0.0784767
0.0822658
0.088157
0.0966528
0.108276
0.123418
0.142193
0.164274
0.18563
0.202243
0.214311
0.222951
0.229047
0.233282
0.236089
0.237608
0.238063
0.23794
0.0461679
0.0470423
0.0501702
0.0558368
0.0644264
0.0764252
0.0922301
0.112044
0.135764
0.162848
0.188501
0.208269
0.222638
0.233005
0.240411
0.245622
0.249106
0.250979
0.251525
0.251369
0.00483114
0.00658731
0.0121437
0.0214366
0.0347183
0.0521822
0.0738807
0.0997505
0.129444
0.162235
0.192604
0.215789
0.232677
0.244999
0.253963
0.260409
0.264793
0.267113
0.267751
0.267554
-0.0557894
-0.0505542
-0.0390021
-0.022566
-0.00123357
0.0243459
0.0538961
0.087177
0.123715
0.162723
0.19805
0.224788
0.244326
0.258761
0.269497
0.277431
0.282962
0.285904
0.286707
0.286432
-0.128237
-0.119139
-0.0979993
-0.0707295
-0.0394049
-0.00471931
0.0332956
0.07451
0.118522
0.164654
0.206085
0.237572
0.260927
0.278577
0.292086
0.302474
0.310047
0.313537
0.314382
0.31453
-0.200973
-0.184912
-0.154524
-0.117314
-0.0765948
-0.0329701
0.0134571
0.0625894
0.114104
0.167415
0.215033
0.251315
0.278477
0.299347
0.315685
0.328503
0.337855
0.34243
0.344496
0.344815
-0.25896
-0.239412
-0.203315
-0.158894
-0.110557
-0.0592498
-0.00522951
0.0512558
0.109813
0.169831
0.223069
0.26348
0.293702
0.316922
0.335106
0.349387
0.359974
0.365917
0.368537
0.368883
-0.306123
-0.284603
-0.244299
-0.194649
-0.14047
-0.0829483
-0.0224855
0.0404861
0.10539
0.171479
0.229669
0.273506
0.306031
0.330818
0.350094
0.365203
0.376479
0.383109
0.385891
0.386228
-0.345318
-0.322899
-0.2795
-0.225717
-0.166826
-0.104201
-0.0382978
0.0303058
0.100858
0.172384
0.234953
0.281638
0.315905
0.341743
0.361628
0.377047
0.388525
0.395324
0.398151
0.398502
-0.379324
-0.356307
-0.310519
-0.253395
-0.190616
-0.123628
-0.0529951
0.0205767
0.0962042
0.172688
0.239222
0.28846
0.324231
0.350877
0.371113
0.386606
0.398067
0.404921
0.407669
0.408041
-0.409654
-0.386251
-0.338553
-0.278655
-0.212575
-0.141804
-0.0670088
0.0110334
0.0913071
0.172438
0.242779
0.294441
0.33157
0.3589
0.379422
0.394982
0.406408
0.413353
0.415981
0.416298
-0.437472
-0.413781
-0.364496
-0.302233
-0.233304
-0.159222
-0.0807038
0.00140998
0.0860089
0.171559
0.245573
0.299638
0.338183
0.366283
0.387165
0.402853
0.414275
0.421257
0.423823
0.423961
-0.463646
-0.439579
-0.388987
-0.324635
-0.253192
-0.176179
-0.0943326
-0.00852055
0.0801036
0.169881
0.247615
0.304269
0.344418
0.373424
0.394766
0.410647
0.422109
0.429066
0.431587
0.43163
-0.48858
-0.464158
-0.412364
-0.34621
-0.272533
-0.192924
-0.108093
-0.0189019
0.0734913
0.167432
0.249004
0.308423
0.350377
0.380482
0.402437
0.418626
0.4302
0.437118
0.439615
0.439631
-0.512615
-0.487811
-0.434969
-0.367196
-0.291524
-0.20959
-0.122067
-0.0297839
0.0661625
0.164153
0.249629
0.312064
0.356087
0.38754
0.410305
0.426941
0.438709
0.445586
0.44803
0.448012
-0.535943
-0.510749
-0.457009
-0.387705
-0.310253
-0.226248
-0.136311
-0.0412087
0.0580252
0.159898
0.249385
0.315134
0.361565
0.394635
0.418421
0.43565
0.447693
0.45457
0.456898
0.456871
-0.558668
-0.533062
-0.478463
-0.407806
-0.328784
-0.242947
-0.150855
-0.0532235
0.0490258
0.154621
0.248168
0.317488
0.366704
0.40172
0.426762
0.444738
0.457129
0.464004
0.466184
0.466112
-0.580845
-0.554835
-0.499353
-0.427519
-0.347117
-0.259655
-0.165673
-0.0658044
0.0391875
0.148279
0.245848
0.318965
0.371327
0.408687
0.435278
0.454163
0.466951
0.47381
0.475814
0.475656
-0.60242
-0.576006
-0.519725
-0.446831
-0.365209
-0.276337
-0.18071
-0.0788767
0.0285402
0.140836
0.24231
0.319384
0.375251
0.415404
0.44391
0.463895
0.477102
0.483888
0.485669
0.485406
-0.623406
-0.596597
-0.53955
-0.465709
-0.383019
-0.29293
-0.195888
-0.0923768
0.0171477
0.132304
0.237468
0.318534
0.378231
0.421693
0.452617
0.473945
0.487512
0.494035
0.49551
0.495149
-0.643706
-0.616532
-0.558777
-0.484108
-0.400488
-0.309351
-0.211125
-0.106212
0.00509388
0.122722
0.231252
0.316222
0.379946
0.42725
0.461306
0.484443
0.498249
0.504123
0.505098
0.50465
-0.663371
-0.635761
-0.577389
-0.50197
-0.417544
-0.325534
-0.226326
-0.120267
-0.00752077
0.112173
0.223642
0.312292
0.380068
0.431646
0.469762
0.495687
0.509832
0.514233
0.514156
0.513649
-0.682256
-0.654288
-0.595336
-0.519249
-0.434138
-0.341399
-0.241408
-0.134452
-0.0205698
0.100767
0.214666
0.30663
0.378277
0.434262
0.477401
0.507826
0.523572
0.525671
0.522738
0.521644
-0.700486
-0.67209
-0.612576
-0.535892
-0.450199
-0.356866
-0.256252
-0.148632
-0.0339124
0.0886356
0.204409
0.299177
0.374328
0.434336
0.483005
0.520052
0.540796
0.542997
0.534037
0.515209
-0.71796
-0.689174
-0.62925
-0.55209
-0.466008
-0.372256
-0.271268
-0.163266
-0.0480786
0.0752078
0.192246
0.289209
0.367596
0.430836
0.484452
0.529702
0.559642
0.566377
0.550716
0.56343
-0.734833
-0.705551
-0.645312
-0.567784
-0.48152
-0.387507
-0.286442
-0.178315
-0.06305
0.060431
0.178058
0.276266
0.357491
0.422788
0.477363
0.527999
0.560219
0.569799
0.509808
0.481484
-0.751623
-0.721787
-0.660517
-0.582566
-0.496272
-0.402199
-0.301575
-0.193524
-0.0785363
0.0445469
0.161959
0.260185
0.343537
0.410166
0.458058
0.503066
0.527048
0.500967
0.428666
0.380252
-0.768931
-0.738432
-0.674392
-0.5962
-0.509897
-0.416214
-0.316323
-0.208728
-0.0944405
0.0276196
0.143922
0.241016
0.32454
0.394175
0.43854
0.447332
0.438725
0.381866
0.303453
0.254737
-0.381811
-0.277672
-0.167568
-0.0507732
0.0681898
0.174026
0.259089
0.0970867
-0.786939
-0.767633
-0.731418
-0.66559
-0.584159
-0.495099
-0.398766
-0.29588
-0.186967
-0.071984
0.0448347
0.148309
0.230714
0.298929
0.347775
0.31684
0.165762
0.0701379
-0.0050567
-0.802447
-0.789765
-0.746839
-0.679336
-0.597779
-0.508914
-0.413255
-0.311113
-0.203455
-0.0904693
0.0231976
0.122098
0.198719
0.252259
0.251874
0.141668
-0.023579
-0.144923
-0.247409
-0.823345
-0.810967
-0.765259
-0.696737
-0.615137
-0.526259
-0.430726
-0.329209
-0.222865
-0.112069
-0.00224864
0.0909123
0.159551
0.196702
0.148404
-0.0298941
-0.226255
-0.383122
-0.525256
-0.844067
-0.831523
-0.78447
-0.714887
-0.633021
-0.544216
-0.449097
-0.348538
-0.24375
-0.135521
-0.0299368
0.0570736
0.116947
0.132414
0.0364166
-0.198217
-0.438085
-0.65535
-0.8679
-0.863744
-0.851748
-0.804091
-0.733595
-0.651442
-0.562716
-0.468129
-0.368632
-0.265549
-0.160169
-0.0592097
0.0211123
0.0718612
0.0532329
-0.102567
-0.354935
-0.628193
-0.894717
-1.13764
-0.883379
-0.871974
-0.824272
-0.75322
-0.670862
-0.582182
-0.488052
-0.389543
-0.288191
-0.185745
-0.0895566
-0.016207
0.0241014
-0.0322697
-0.232943
-0.486843
-0.757909
-1.02235
-1.18784
-1.24329
-0.903977
-0.892894
-0.845252
-0.774
-0.691612
-0.603057
-0.509442
-0.412014
-0.312589
-0.213424
-0.122478
-0.0567222
-0.0303015
-0.113111
-0.353275
-0.596953
-0.832875
-1.02306
-1.08575
-1.11749
-0.925489
-0.914752
-0.867231
-0.795993
-0.713696
-0.625422
-0.532466
-0.436334
-0.339134
-0.243712
-0.158588
-0.100992
-0.0894601
-0.206739
-0.460542
-0.691837
-0.891205
-1.01648
-1.06061
-1.05918
-0.94823
-0.937597
-0.890441
-0.81914
-0.737025
-0.649156
-0.557036
-0.462407
-0.367725
-0.276469
-0.197826
-0.148485
-0.15776
-0.317322
-0.558604
-0.778804
-0.95619
-1.01769
-1.02778
-1.03159
-0.972058
-0.961498
-0.914652
-0.843363
-0.761508
-0.674153
-0.583023
-0.49008
-0.398183
-0.311489
-0.239984
-0.198725
-0.238267
-0.426652
-0.651306
-0.857254
-0.998294
-1.03287
-1.02102
-1.01788
-0.996743
-0.986241
-0.939519
-0.868528
-0.786964
-0.700244
-0.610223
-0.519141
-0.430251
-0.348484
-0.284451
-0.252118
-0.315847
-0.534799
-0.740813
-0.910661
-0.992342
-1.00633
-1.00501
-1.00338
-1.02165
-1.01135
-0.964947
-0.894276
-0.813137
-0.727134
-0.638326
-0.549238
-0.463487
-0.386918
-0.330446
-0.309282
-0.392646
-0.637846
-0.842737
-0.92114
-0.958951
-0.979518
-0.992732
-0.995986
-1.04619
-1.03634
-0.990498
-0.920215
-0.839594
-0.754377
-0.666868
-0.579836
-0.497289
-0.425943
-0.377274
-0.36659
-0.470283
-0.734063
-0.991973
-1.02596
-0.992654
-1.01426
-1.01071
-1.01082
-1.06991
-1.06036
-1.01577
-0.945809
-0.865775
-0.781385
-0.695214
-0.610196
-0.530795
-0.464295
-0.423826
-0.420618
-0.556177
-0.824265
-1.18858
-1.51709
-1.33099
-1.17274
-1.09304
-1.06555
-1.09194
-1.08277
-1.03921
-0.970318
-0.890933
-0.807442
-0.722529
-0.639353
-0.562818
-0.500397
-0.46814
-0.471839
-0.630208
-0.87609
-1.17546
-1.806
-1.51827
-1.3377
-1.28353
-1.24617
-1.11096
-1.10233
-1.06037
-0.992564
-0.914205
-0.831652
-0.747874
-0.666176
-0.591783
-0.532665
-0.50676
-0.517485
-0.675335
-0.790668
-0.508687
-0.0668285
-0.682759
-1.28843
-1.33417
-1.33371
-1.1257
-1.11782
-1.07805
-1.01181
-0.934486
-0.852894
-0.770101
-0.689413
-0.615907
-0.558966
-0.533694
-0.552001
-0.750222
-0.901077
-0.742906
-0.756334
-1.16458
-1.39396
-1.37223
-1.33533
-1.13519
-1.12832
-1.09116
-1.02691
-0.950783
-0.870079
-0.787999
-0.707629
-0.633654
-0.575622
-0.54905
-0.581766
-0.917276
-1.59466
-2.62925
-3.3985
-3.70234
-3.35197
-2.77931
-2.38465
-1.13823
-1.13239
-1.09873
-1.03694
-0.962105
-0.88221
-0.800449
-0.719493
-0.643565
-0.579839
-0.547554
-0.580799
-1.00369
-1.94784
-3.21806
-4.07769
-4.36586
-4.05822
-3.58003
-3.18761
-1.13424
-1.12956
-1.09982
-1.04115
-0.967709
-0.888573
-0.80666
-0.724329
-0.644349
-0.57154
-0.516909
-0.507379
-0.724182
-1.27582
-1.82668
-2.15564
-2.02247
-1.67036
-1.30969
-1.09416
-1.12175
-1.11826
-1.09321
-1.03899
-0.967272
-0.888598
-0.806492
-0.722198
-0.636801
-0.549684
-0.462576
-0.387893
-0.306976
-0.16267
0.14665
0.552537
0.988706
1.3605
1.58831
1.68491
-1.10169
-1.09945
-1.07952
-1.03009
-0.960335
-0.88238
-0.800345
-0.71438
-0.62339
-0.523257
-0.41224
-0.28087
-0.101306
0.288848
0.953085
1.63951
2.20038
2.56326
2.74958
2.81587
-1.07463
-1.07348
-1.05892
-1.0145
-0.94675
-0.870195
-0.789121
-0.703689
-0.6107
-0.503436
-0.37568
-0.241142
-0.116941
0.236773
0.881364
1.49432
1.97594
2.27271
2.42778
2.49225
-1.03941
-1.03909
-1.02944
-0.990051
-0.925624
-0.851582
-0.774527
-0.69345
-0.603306
-0.49521
-0.362779
-0.230832
-0.12057
0.0697006
0.555699
1.0015
1.35448
1.58875
1.7198
1.78305
-0.990465
-0.990369
-0.983761
-0.951552
-0.893427
-0.825881
-0.756728
-0.684705
-0.604757
-0.504051
-0.370707
-0.230249
-0.118469
-0.00178201
0.27397
0.563568
0.795795
0.962133
1.05862
1.10398
-0.915589
-0.915565
-0.910743
-0.88785
-0.843965
-0.790917
-0.7363
-0.679783
-0.615704
-0.531578
-0.39991
-0.244496
-0.106945
-0.000176198
0.170128
0.343972
0.487864
0.591148
0.656463
0.689068
-0.832467
-0.831984
-0.827955
-0.814071
-0.787456
-0.753476
-0.718107
-0.682086
-0.640142
-0.576152
-0.470323
-0.311106
-0.150979
-0.0472273
0.0410606
0.149442
0.244276
0.316154
0.356329
0.369924
-0.770308
-0.769604
-0.766639
-0.759696
-0.745969
-0.728951
-0.712898
-0.701142
-0.693265
-0.67455
-0.622778
-0.476631
-0.288643
-0.179644
-0.132244
-0.0560618
0.0230513
0.0887452
0.125872
0.140594
-0.735879
-0.735502
-0.734414
-0.732061
-0.727781
-0.724515
-0.727638
-0.744994
-0.78841
-0.865875
-0.932695
-0.823225
-0.570305
-0.413344
-0.341611
-0.251501
-0.163794
-0.0945458
-0.0532663
-0.0404091
-0.714178
-0.714581
-0.715586
-0.716941
-0.720137
-0.729345
-0.752417
-0.804724
-0.919296
-1.15164
-1.43529
-1.39255
-1.02373
-0.745707
-0.61335
-0.480861
-0.352804
-0.257483
-0.204569
-0.195139
-0.684538
-0.685684
-0.68843
-0.693132
-0.702716
-0.722781
-0.763498
-0.850072
-1.03982
-1.44648
-2.01856
-2.06375
-1.55984
-1.12753
-0.916695
-0.709208
-0.540681
-0.424829
-0.370623
-0.364026
-0.632757
-0.634386
-0.638144
-0.6449
-0.658103
-0.684155
-0.735098
-0.840546
-1.0671
-1.56375
-2.26288
-2.3278
-1.79284
-1.3553
-1.09079
-0.857986
-0.69907
-0.615812
-0.585351
-0.578698
-0.553245
-0.554948
-0.558617
-0.56546
-0.57843
-0.60374
-0.65252
-0.751195
-0.96617
-1.426
-2.01648
-2.03109
-1.64258
-1.32365
-1.06461
-0.885013
-0.795372
-0.769952
-0.759129
-0.749807
-0.451677
-0.453079
-0.455824
-0.461013
-0.470836
-0.489764
-0.525798
-0.597643
-0.751634
-1.07711
-1.47978
-1.50566
-1.28071
-1.04536
-0.856656
-0.758588
-0.746554
-0.760637
-0.760936
-0.754756
-0.341097
-0.342003
-0.343478
-0.346386
-0.351876
-0.362395
-0.382138
-0.420671
-0.501041
-0.668522
-0.885236
-0.893558
-0.766083
-0.627488
-0.548841
-0.555686
-0.590883
-0.612458
-0.617665
-0.616274
-0.236076
-0.23651
-0.23689
-0.237883
-0.239728
-0.243243
-0.249668
-0.261763
-0.286045
-0.333562
-0.394868
-0.379127
-0.323191
-0.297276
-0.326195
-0.379457
-0.414385
-0.431068
-0.436542
-0.437901
-0.147306
-0.147414
-0.147133
-0.14705
-0.146786
-0.146174
-0.144926
-0.142518
-0.138342
-0.130408
-0.110512
-0.0878126
-0.0748303
-0.124254
-0.18411
-0.230683
-0.257373
-0.270439
-0.276286
-0.278465
-0.0793724
-0.0793166
-0.0787993
-0.0783627
-0.0773837
-0.0752409
-0.0711033
-0.0636565
-0.0510187
-0.0308247
-0.00586996
0.00422439
-0.00501052
-0.0488784
-0.0951807
-0.127836
-0.146664
-0.155596
-0.160242
-0.162422
-0.0317228
-0.0316194
-0.0311272
-0.0307594
-0.0298838
-0.0277859
-0.0236112
-0.0161561
-0.00408797
0.0132215
0.0300661
0.030851
0.0153299
-0.0146327
-0.0442377
-0.0651654
-0.0773531
-0.083623
-0.0869044
-0.0884921
-0.000911809
-0.000821279
-0.000464868
-0.000326014
0.000165818
0.00160472
0.00469734
0.0102455
0.0189551
0.0304299
0.0392718
0.0357374
0.0215491
0.00192762
-0.016228
-0.0292338
-0.0370551
-0.0412306
-0.0434153
-0.0444444
0.0173278
0.0173866
0.0175933
0.0175243
0.0176167
0.0183346
0.0202136
0.0237206
0.0290865
0.0355823
0.0392019
0.0344197
0.0235261
0.0106617
-0.000645696
-0.00884956
-0.0139967
-0.0168471
-0.0182877
-0.0189529
0.0268458
0.0268747
0.026959
0.0267514
0.0265477
0.0266969
0.0275773
0.0294494
0.0323428
0.0355076
0.0361891
0.0314834
0.0235472
0.015036
0.0077838
0.00244771
-0.00103784
-0.00303049
-0.00402175
-0.00443332
0.0306248
0.0306333
0.0306372
0.0303562
0.0299675
0.0297468
0.0299369
0.0306672
0.0318795
0.0329865
0.0322272
0.0281596
0.0224501
0.0167107
0.0119102
0.00833365
0.0059183
0.00450068
0.00381355
0.00354217
0.0307614
0.0307583
0.0307191
0.0304189
0.0299503
0.0295341
0.0293174
0.0293646
0.0295935
0.0295606
0.0281744
0.024805
0.02066
0.0166981
0.0134262
0.010962
0.00925425
0.00823199
0.00774811
0.00757177
0.0286601
0.0286515
0.0285946
0.028308
0.0278347
0.0273405
0.0269155
0.0265859
0.0262768
0.0256795
0.0241314
0.0214196
0.0183907
0.0156034
0.0133229
0.0115918
0.0103694
0.00962805
0.00928458
0.00916477
0.0252241
0.0252142
0.0251558
0.0249031
0.0244707
0.0239793
0.0234862
0.022998
0.0224531
0.0216411
0.0201724
0.0180353
0.0158137
0.0138282
0.0122157
0.0109847
0.010104
0.00956517
0.00932013
0.00923836
0.0210146
0.0210054
0.0209543
0.0207453
0.0203751
0.0199362
0.0194611
0.0189505
0.0183576
0.0175425
0.0162792
0.0146398
0.0130249
0.0116133
0.010473
0.00959854
0.00896632
0.00857714
0.00840338
0.00834783
0.0163643
0.0163566
0.0163164
0.0161537
0.0158571
0.0154964
0.0150921
0.0146431
0.0141156
0.0134194
0.0124275
0.0112308
0.0100953
0.00911752
0.00832901
0.00772002
0.00727461
0.00699899
0.00687865
0.00684157
0.0114652
0.0114591
0.0114302
0.0113125
0.0110939
0.0108273
0.0105273
0.010192
0.00979839
0.00929121
0.00860233
0.00780754
0.00707159
0.00644304
0.0059342
0.00553551
0.00523788
0.00505197
0.0049726
0.0049487
0.00642418
0.00641905
0.00640139
0.00632817
0.006193
0.00603508
0.00586145
0.0056695
0.00544582
0.00516156
0.00478484
0.00436081
0.00397366
0.00364426
0.0033756
0.00315998
0.00299191
0.00288421
0.0028394
0.00282504
0.00386155
0.00386036
0.00384244
0.00377525
0.00368058
0.00357842
0.00346773
0.00334275
0.0031912
0.00299099
0.00274497
0.00250064
0.00228753
0.00211055
0.0019668
0.00185011
0.00176423
0.00172368
0.0017133
0.000548577
-1.0658
-0.650826
-0.364215
-0.134823
0.0507161
0.200822
0.323486
0.428407
0.503907
0.503797
-0.447753
-0.254427
-0.0825428
0.0646057
0.190497
0.296571
0.384612
0.453145
0.495719
0.512188
-0.118415
-0.00131054
0.110468
0.21122
0.299051
0.373925
0.435381
0.482263
0.515459
0.536807
0.0969743
0.174955
0.253031
0.324948
0.387997
0.442171
0.487258
0.523349
0.551759
0.571262
0.25507
0.307793
0.367384
0.420365
0.467787
0.509261
0.544873
0.574591
0.598883
0.615387
0.379728
0.420005
0.46609
0.507289
0.545471
0.579754
0.609886
0.635478
0.656526
0.670084
0.484465
0.518992
0.557049
0.592944
0.626492
0.657225
0.684469
0.707553
0.726203
0.73717
0.580414
0.613015
0.649056
0.683947
0.716319
0.745807
0.771706
0.7933
0.810063
0.819022
0.678167
0.713685
0.751494
0.78791
0.820674
0.849668
0.874472
0.894709
0.909869
0.918098
0.792849
0.833504
0.873242
0.910735
0.943075
0.970605
0.993562
1.01211
1.02604
1.03529
0.937784
0.980948
1.01868
1.05265
1.08097
1.10503
1.12588
1.14348
1.15748
1.16872
1.11605
1.15379
1.1822
1.20668
1.22788
1.24733
1.26571
1.28297
1.29896
1.31354
1.31405
1.33518
1.35028
1.36625
1.38263
1.39802
1.41182
1.42515
1.4407
1.45911
1.50509
1.51223
1.52279
1.53439
1.54434
1.55359
1.56394
1.57511
1.58677
1.59566
1.71813
1.71992
1.71203
1.69553
1.68444
1.68395
1.69612
1.72076
1.75491
1.77947
2.13781
1.94392
1.84289
1.78513
1.75605
1.74943
1.76465
1.80549
1.88135
2.02431
-0.752232
-0.756863
-0.718642
-0.650649
-0.569173
-0.479229
0.338165
0.411468
0.413308
0.336926
0.26543
0.188816
-0.0828643
-0.353727
-0.690265
-1.13068
-1.63204
)
;

boundaryField
{
    wall-4
    {
        type            zeroGradient;
    }
    pressure-outlet-7
    {
        type            fixedValue;
        value           uniform 0;
    }
    velocity-inlet-6
    {
        type            zeroGradient;
    }
    velocity-inlet-5
    {
        type            zeroGradient;
    }
    frontAndBackPlanes
    {
        type            empty;
    }
}


// ************************************************************************* //
