/*--------------------------------*- C++ -*----------------------------------*\
  =========                 |
  \\      /  F ield         | OpenFOAM: The Open Source CFD Toolbox
   \\    /   O peration     | Website:  https://openfoam.org
    \\  /    A nd           | Version:  9
     \\/     M anipulation  |
\*---------------------------------------------------------------------------*/
FoamFile
{
    format      ascii;
    class       volScalarField;
    location    "63";
    object      p;
}
// * * * * * * * * * * * * * * * * * * * * * * * * * * * * * * * * * * * * * //

dimensions      [0 2 -2 0 0 0 0];

internalField   nonuniform List<scalar> 
8800
(
0.893523
0.845737
0.80705
0.778057
0.757197
0.742372
0.731786
0.724319
0.719519
0.717488
0.718787
0.723002
0.729666
0.738994
0.751784
0.769524
0.794306
0.82825
0.870802
0.929504
0.724769
0.732448
0.739926
0.743236
0.741735
0.736662
0.730183
0.724118
0.719412
0.716592
0.716343
0.718878
0.72339
0.729352
0.736133
0.74242
0.746066
0.745332
0.739916
0.731229
0.703167
0.709328
0.713456
0.716403
0.718457
0.719068
0.717971
0.715881
0.713887
0.71301
0.714005
0.716414
0.719234
0.721429
0.722047
0.720855
0.718519
0.715129
0.710573
0.706812
0.697349
0.7
0.702754
0.70516
0.706799
0.707968
0.70872
0.708854
0.708582
0.708566
0.709355
0.710555
0.711417
0.711498
0.7109
0.709817
0.708007
0.705441
0.703041
0.701537
0.691958
0.693383
0.695164
0.697199
0.698988
0.700337
0.701338
0.702153
0.702795
0.703397
0.704089
0.704619
0.704744
0.704475
0.703792
0.702553
0.700864
0.699021
0.697717
0.696885
0.686868
0.687789
0.689032
0.690602
0.69224
0.693773
0.695071
0.696158
0.697153
0.69809
0.698827
0.699194
0.699181
0.698763
0.697898
0.69671
0.695392
0.694138
0.693318
0.692766
0.681945
0.682615
0.683579
0.684884
0.686299
0.687766
0.68922
0.690566
0.691799
0.692956
0.693832
0.694245
0.694196
0.693712
0.692925
0.691992
0.69099
0.690074
0.689492
0.689086
0.677141
0.677657
0.678442
0.679576
0.68086
0.682244
0.683706
0.685203
0.68667
0.688063
0.689133
0.689657
0.689673
0.689318
0.688738
0.68803
0.68727
0.686595
0.686164
0.685846
0.672384
0.672795
0.673452
0.674462
0.675675
0.677013
0.678476
0.68006
0.681725
0.683386
0.684706
0.685426
0.685638
0.685505
0.685149
0.684654
0.684099
0.683617
0.683298
0.683039
0.667588
0.667922
0.668491
0.669422
0.670587
0.671911
0.673411
0.675095
0.676951
0.678906
0.680548
0.681567
0.682059
0.682182
0.682058
0.681788
0.681429
0.681108
0.680873
0.680656
0.662664
0.662941
0.663449
0.664334
0.665481
0.666831
0.668406
0.670233
0.67232
0.674615
0.676664
0.678068
0.678896
0.679311
0.679441
0.679399
0.679234
0.679054
0.678887
0.678699
0.657522
0.657755
0.658224
0.659094
0.660263
0.661682
0.663374
0.665397
0.667782
0.670499
0.673046
0.674912
0.676133
0.676884
0.677299
0.677491
0.677524
0.677474
0.677363
0.677195
0.652071
0.652269
0.652718
0.653602
0.654835
0.656368
0.658233
0.660519
0.663283
0.666527
0.669679
0.672094
0.673776
0.67491
0.675644
0.676087
0.676333
0.676406
0.676342
0.676188
0.646208
0.646377
0.646824
0.647752
0.64909
0.650786
0.652891
0.655521
0.658765
0.662663
0.666545
0.669617
0.671842
0.673417
0.674516
0.675262
0.675719
0.675909
0.675885
0.67574
0.639815
0.63996
0.640419
0.641419
0.64291
0.64483
0.647252
0.65032
0.654167
0.658868
0.663636
0.667491
0.670359
0.672454
0.673967
0.675041
0.675741
0.676056
0.67607
0.675928
0.632752
0.632872
0.633359
0.634463
0.636157
0.638371
0.641198
0.644823
0.649421
0.655103
0.66094
0.665732
0.66936
0.672068
0.674072
0.675528
0.676496
0.676937
0.676985
0.676843
0.624835
0.624935
0.625465
0.62671
0.628664
0.631251
0.634596
0.638922
0.644449
0.651328
0.658454
0.664362
0.668888
0.672317
0.674908
0.676807
0.678076
0.678653
0.678731
0.678585
0.615839
0.61594
0.616525
0.617927
0.620213
0.623285
0.627288
0.632491
0.63917
0.647511
0.656183
0.663415
0.669001
0.673275
0.676562
0.67898
0.680589
0.681307
0.681415
0.681261
0.605452
0.605533
0.606208
0.607836
0.610557
0.614249
0.619082
0.625388
0.633496
0.643619
0.654141
0.662932
0.669763
0.675034
0.679116
0.682147
0.68414
0.685006
0.685139
0.684975
0.593297
0.593364
0.594139
0.596078
0.599357
0.603846
0.609742
0.617446
0.627333
0.639626
0.652349
0.662965
0.67124
0.677673
0.682676
0.686418
0.688829
0.689844
0.689996
0.689816
0.578819
0.578874
0.579792
0.582148
0.586166
0.591704
0.598985
0.608479
0.62059
0.635518
0.65084
0.663573
0.673499
0.681262
0.687338
0.691875
0.694729
0.695884
0.696046
0.695849
0.561253
0.561297
0.562428
0.565368
0.570397
0.577354
0.58648
0.598305
0.613216
0.631333
0.649686
0.664831
0.676622
0.685884
0.693143
0.698565
0.701868
0.703142
0.7033
0.703082
0.539435
0.539478
0.540956
0.544778
0.551265
0.560218
0.571873
0.586774
0.605211
0.627154
0.64899
0.666826
0.680676
0.691588
0.700129
0.706492
0.710208
0.711556
0.711691
0.711452
0.511619
0.511682
0.513751
0.518997
0.527747
0.539636
0.554857
0.573844
0.596687
0.623145
0.648902
0.669659
0.685714
0.698385
0.708303
0.715575
0.719613
0.720965
0.721056
0.720798
0.474769
0.474933
0.478213
0.486082
0.498652
0.515021
0.535323
0.559675
0.587908
0.619568
0.649615
0.673451
0.691791
0.706272
0.717579
0.725637
0.729833
0.731093
0.731117
0.730843
0.423062
0.424046
0.430567
0.443826
0.463032
0.486336
0.513645
0.544778
0.579362
0.616796
0.65136
0.678326
0.698944
0.715159
0.727771
0.736378
0.740494
0.741558
0.741506
0.741224
0.347556
0.354855
0.369938
0.393292
0.422389
0.45498
0.490854
0.529796
0.571427
0.61512
0.654518
0.684826
0.707892
0.725998
0.73984
0.748787
0.752677
0.753531
0.753432
0.753186
0.266414
0.283681
0.308119
0.34221
0.381585
0.423598
0.468102
0.515036
0.564096
0.614715
0.659835
0.694278
0.720307
0.740662
0.755892
0.764842
0.768144
0.76872
0.76865
0.768491
0.198779
0.219115
0.251282
0.294499
0.342946
0.393829
0.446697
0.501472
0.557829
0.615183
0.665753
0.704049
0.732828
0.755037
0.771018
0.779628
0.782516
0.78303
0.783021
0.782908
0.143383
0.165377
0.203065
0.252728
0.30835
0.366714
0.426997
0.488981
0.552196
0.615965
0.671725
0.71365
0.744926
0.768756
0.785485
0.794128
0.796834
0.797371
0.797404
0.797317
0.0972797
0.12045
0.161929
0.216714
0.278104
0.342648
0.409294
0.477681
0.547183
0.61698
0.677682
0.723065
0.756737
0.78219
0.799781
0.808674
0.81159
0.812027
0.812066
0.812002
0.0581965
0.0820254
0.126375
0.185208
0.251449
0.321253
0.393437
0.46754
0.542795
0.618218
0.683615
0.732329
0.768348
0.795396
0.813986
0.823387
0.826404
0.826876
0.826936
0.826896
0.0241037
0.048358
0.0949709
0.157149
0.227492
0.30188
0.378982
0.458241
0.538787
0.619492
0.689371
0.741308
0.779607
0.808252
0.827761
0.837767
0.841042
0.841554
0.841622
0.841602
-0.00649996
0.0181261
0.0665824
0.131618
0.205502
0.283908
0.365418
0.449389
0.534864
0.620584
0.69477
0.749816
0.790311
0.820485
0.840929
0.85147
0.855037
0.855649
0.855713
0.855706
-0.0345878
-0.00962937
0.0404016
0.107902
0.184898
0.266868
0.352353
0.440656
0.530752
0.621255
0.699609
0.757668
0.800261
0.831849
0.853208
0.864255
0.868073
0.8688
0.868846
0.868837
-0.0609684
-0.0356311
0.0158338
0.0854727
0.165248
0.250403
0.339485
0.431774
0.526211
0.621315
0.703759
0.764771
0.809389
0.842331
0.86444
0.875883
0.879905
0.880698
0.880728
0.880706
-0.0860236
-0.0603033
-0.00757846
0.0639823
0.146235
0.234247
0.326589
0.422556
0.521085
0.620644
0.707138
0.771092
0.817689
0.851866
0.874553
0.886309
0.890449
0.891268
0.891276
0.891233
-0.110187
-0.0839866
-0.0302303
0.043183
0.127638
0.218215
0.313523
0.41288
0.515258
0.619131
0.70968
0.776635
0.825203
0.860523
0.883723
0.895603
0.899743
0.900579
0.900551
0.900489
-0.133595
-0.106949
-0.0521423
0.0229004
0.109325
0.202203
0.300195
0.402667
0.50865
0.616705
0.711346
0.781417
0.832036
0.868463
0.892023
0.903877
0.907995
0.908783
0.908734
0.908649
-0.156386
-0.129272
-0.0734382
0.0030373
0.0912276
0.186161
0.286563
0.391872
0.501219
0.613306
0.712087
0.785463
0.838287
0.875846
0.89965
0.911349
0.915305
0.916016
0.915943
0.91584
-0.178699
-0.151051
-0.094228
-0.0164466
0.0733083
0.170073
0.272631
0.380505
0.492952
0.608888
0.711849
0.788775
0.844074
0.882863
0.906787
0.918136
0.921809
0.922401
0.922286
0.922163
-0.200569
-0.172291
-0.114561
-0.0355608
0.0555879
0.153959
0.258431
0.368595
0.483862
0.603418
0.710571
0.791325
0.849478
0.889703
0.91365
0.924402
0.927594
0.928
0.927848
0.927718
-0.221845
-0.192972
-0.134372
-0.054288
0.0380891
0.137875
0.244015
0.356203
0.473996
0.596908
0.708182
0.793046
0.854513
0.896573
0.920572
0.930409
0.93281
0.93291
0.932718
0.932591
-0.242514
-0.213071
-0.153655
-0.0725855
0.0208613
0.121872
0.229463
0.3434
0.463423
0.589376
0.704621
0.79382
0.859125
0.903613
0.92799
0.936694
0.937778
0.937236
0.93697
0.936907
-0.262643
-0.232559
-0.172391
-0.0904337
0.00396223
0.106027
0.214856
0.330282
0.452225
0.580873
0.699833
0.793494
0.863146
0.910791
0.936325
0.944164
0.94338
0.941387
0.940798
0.941039
-0.28207
-0.251418
-0.190527
-0.107777
-0.0125549
0.0904181
0.200285
0.316955
0.440512
0.571487
0.693794
0.791883
0.866304
0.917798
0.945644
0.953876
0.951598
0.947195
0.944828
0.944606
-0.300888
-0.269639
-0.208085
-0.124646
-0.0287239
0.0750033
0.185696
0.303363
0.42822
0.561145
0.686369
0.78871
0.868302
0.924157
0.955381
0.966226
0.964856
0.957924
0.950222
0.936408
-0.319026
-0.287212
-0.225179
-0.141243
-0.0448241
0.0594586
0.170682
0.28904
0.414833
0.549238
0.676944
0.783235
0.868634
0.929244
0.963964
0.979233
0.979322
0.966251
0.945992
0.934991
-0.336315
-0.304278
-0.241622
-0.157373
-0.0605031
0.0441222
0.155467
0.274303
0.400643
0.536003
0.665551
0.774935
0.866403
0.931872
0.967301
0.982409
0.984735
0.960621
0.893135
0.862953
-0.352094
-0.322099
-0.257097
-0.17256
-0.0749644
0.0294928
0.140365
0.259377
0.385865
0.521558
0.6521
0.763464
0.860093
0.931293
0.960205
0.970266
0.957177
0.901819
0.832629
0.790118
-0.407141
-0.33782
-0.271108
-0.187934
-0.0898507
0.014095
0.125306
0.243976
0.37012
0.505425
0.635953
0.748101
0.845691
0.923567
0.926359
0.926997
0.874572
0.802544
0.725267
0.682284
-0.36884
-0.352889
-0.292028
-0.207768
-0.111895
-0.00799226
0.102193
0.220225
0.345403
0.479353
0.608083
0.718817
0.809014
0.892271
0.876549
0.759913
0.652578
0.577931
0.503709
0.533308
-0.399415
-0.370283
-0.308531
-0.22511
-0.129264
-0.0254792
0.0849767
0.202373
0.326488
0.458652
0.584629
0.691195
0.771732
0.816139
0.765725
0.613741
0.483871
0.391102
0.291612
0.340818
-0.422978
-0.390922
-0.328003
-0.244448
-0.148483
-0.0448022
0.0655674
0.182128
0.304843
0.434604
0.556861
0.657199
0.72877
0.738373
0.629485
0.454475
0.30009
0.180001
0.0480847
0.080429
-0.44602
-0.412457
-0.348382
-0.263915
-0.167875
-0.0643504
0.0454885
0.161081
0.282196
0.409166
0.526714
0.619191
0.675246
0.653053
0.492294
0.294264
0.102709
-0.0661453
-0.25523
-0.274247
-0.468476
-0.434478
-0.369526
-0.284289
-0.188119
-0.0848235
0.0243571
0.138854
0.258104
0.381872
0.493974
0.578472
0.61471
0.555873
0.361697
0.14977
-0.0684533
-0.25839
-0.500736
-0.798004
-0.491236
-0.457238
-0.391758
-0.306044
-0.209698
-0.106579
0.00201343
0.115375
0.232645
0.352932
0.45928
0.535181
0.55005
0.439884
0.248036
0.0368438
-0.168366
-0.341324
-0.411166
-0.490085
-0.515254
-0.481195
-0.415424
-0.329493
-0.233104
-0.130256
-0.0223466
0.0897045
0.204671
0.320939
0.421108
0.485753
0.475492
0.331641
0.147009
-0.0451291
-0.208954
-0.302492
-0.326717
-0.342578
-0.540833
-0.506651
-0.440695
-0.354711
-0.258468
-0.156065
-0.0490803
0.0613556
0.173594
0.285192
0.378644
0.428997
0.400967
0.231152
0.0554935
-0.111546
-0.238998
-0.278317
-0.291177
-0.292494
-0.568176
-0.533781
-0.467638
-0.381696
-0.28574
-0.184012
-0.0782075
0.0302782
0.139349
0.245695
0.331522
0.3674
0.319665
0.138423
-0.0281431
-0.177779
-0.254665
-0.271647
-0.272937
-0.272734
-0.597345
-0.562652
-0.49628
-0.41045
-0.314941
-0.214088
-0.109733
-0.00354257
0.10195
0.202523
0.279848
0.303849
0.220043
0.0538802
-0.104378
-0.227771
-0.264602
-0.262912
-0.26194
-0.261312
-0.628058
-0.593085
-0.526522
-0.440888
-0.345985
-0.24624
-0.143626
-0.0400799
0.0614374
0.155785
0.224463
0.23168
0.129523
-0.0245122
-0.164546
-0.241249
-0.251491
-0.254005
-0.254636
-0.254339
-0.659771
-0.624643
-0.55811
-0.472787
-0.378691
-0.280314
-0.179738
-0.0792022
0.0179957
0.105825
0.165828
0.157788
0.0483693
-0.0905208
-0.207998
-0.239755
-0.248211
-0.249577
-0.249321
-0.249023
-0.692022
-0.656778
-0.590604
-0.505756
-0.41272
-0.315996
-0.217791
-0.120623
-0.02809
0.0533397
0.103034
0.0877512
-0.0265864
-0.143369
-0.236518
-0.254007
-0.245735
-0.245027
-0.245079
-0.244863
-0.723915
-0.688771
-0.623132
-0.539213
-0.447536
-0.35282
-0.257344
-0.163864
-0.0763486
-0.00102408
0.0388256
0.023069
-0.0930068
-0.183077
-0.234849
-0.246709
-0.244535
-0.243467
-0.242979
-0.242772
-0.753908
-0.719455
-0.654734
-0.572242
-0.482386
-0.390099
-0.297755
-0.208247
-0.12598
-0.0566553
-0.0201772
-0.0484894
-0.149083
-0.221641
-0.220138
-0.239674
-0.244639
-0.243241
-0.242609
-0.24222
-0.780393
-0.747025
-0.684285
-0.603669
-0.516247
-0.426916
-0.338176
-0.252933
-0.175848
-0.112656
-0.0763602
-0.117396
-0.201847
-0.2546
-0.264584
-0.257941
-0.252811
-0.249922
-0.248823
-0.248145
-0.801263
-0.769613
-0.709765
-0.632096
-0.547858
-0.462149
-0.377544
-0.296919
-0.22481
-0.167637
-0.133729
-0.171669
-0.245711
-0.327716
-0.339753
-0.301639
-0.275579
-0.267494
-0.264206
-0.262587
-0.81429
-0.785342
-0.729251
-0.655669
-0.575743
-0.494508
-0.41468
-0.339035
-0.271819
-0.219747
-0.188071
-0.210953
-0.258893
-0.354075
-0.332388
-0.299691
-0.288269
-0.281203
-0.276624
-0.27551
-0.816863
-0.791966
-0.740821
-0.67259
-0.598237
-0.522645
-0.448312
-0.378084
-0.315747
-0.267487
-0.231626
-0.226269
-0.205859
-0.249126
-0.242754
-0.243558
-0.247024
-0.24922
-0.251169
-0.251658
-0.806773
-0.786738
-0.742314
-0.681278
-0.613886
-0.545077
-0.477199
-0.412846
-0.355552
-0.310502
-0.264473
-0.225796
-0.119842
0.00401117
-0.0711574
-0.166099
-0.212514
-0.232437
-0.240445
-0.242381
-0.782045
-0.766992
-0.731915
-0.6805
-0.62171
-0.560841
-0.500198
-0.442192
-0.390471
-0.349165
-0.296173
-0.258975
-0.136274
0.0392814
-0.0837698
-0.213166
-0.27598
-0.301088
-0.310668
-0.314471
-0.745227
-0.73554
-0.710442
-0.6704
-0.621664
-0.569628
-0.516647
-0.465193
-0.419436
-0.384736
-0.358299
-0.393401
-0.546636
-0.792519
-0.837365
-0.665749
-0.540628
-0.489846
-0.475323
-0.472676
-0.703031
-0.697557
-0.682726
-0.653745
-0.615583
-0.572136
-0.526424
-0.481034
-0.440065
-0.411435
-0.397187
-0.522904
-0.753585
-0.995145
-0.950797
-0.703631
-0.56542
-0.503783
-0.482815
-0.47532
-0.665209
-0.661932
-0.654909
-0.635858
-0.606321
-0.56995
-0.530292
-0.488978
-0.450046
-0.419205
-0.407819
-0.401977
-0.32451
-0.194584
-0.0750442
-0.0982707
-0.198133
-0.266274
-0.280426
-0.285295
-0.638164
-0.636182
-0.632625
-0.620887
-0.597606
-0.565973
-0.529794
-0.489883
-0.448796
-0.409976
-0.391931
-0.344813
-0.273994
-0.236405
-0.311855
-0.481956
-0.60626
-0.599915
-0.524347
-0.487775
-0.617378
-0.61663
-0.615466
-0.609679
-0.592019
-0.563353
-0.527409
-0.486457
-0.44128
-0.397412
-0.369002
-0.351416
-0.281118
-0.260839
-0.266748
-0.314827
-0.393662
-0.411995
-0.375218
-0.355507
-0.605326
-0.605029
-0.604427
-0.601822
-0.589276
-0.561948
-0.524353
-0.479799
-0.430004
-0.373108
-0.325985
-0.281952
-0.198073
-0.125537
-0.11222
-0.138949
-0.11915
-0.0467463
0.0288324
0.0649008
-0.597359
-0.597186
-0.596648
-0.595818
-0.588337
-0.56265
-0.522556
-0.472958
-0.413609
-0.343228
-0.270595
-0.176545
-0.0233969
0.125509
0.24672
0.356088
0.499406
0.666537
0.781899
0.827323
-0.592998
-0.592704
-0.591909
-0.591455
-0.588185
-0.566221
-0.523245
-0.467074
-0.398757
-0.318629
-0.217258
-0.105854
0.109329
0.398109
0.7055
0.999832
1.25619
1.4421
1.5465
1.58045
-0.59267
-0.59283
-0.593301
-0.593913
-0.594086
-0.57356
-0.526344
-0.464056
-0.389288
-0.295367
-0.185616
-0.0808383
0.148074
0.475001
0.865448
1.22532
1.51404
1.69313
1.77417
1.79572
-0.590581
-0.591943
-0.595472
-0.600952
-0.603069
-0.580367
-0.530984
-0.467291
-0.386827
-0.286602
-0.175416
-0.0600211
0.103062
0.437392
0.787706
1.1053
1.3506
1.49277
1.55379
1.56849
-0.592954
-0.593317
-0.589285
-0.579446
-0.571296
-0.564743
-0.536192
-0.477549
-0.391671
-0.287081
-0.178134
-0.0680554
0.0563516
0.310311
0.603465
0.852298
1.04004
1.14255
1.18432
1.19331
-0.628426
-0.62446
-0.604271
-0.56421
-0.539049
-0.557051
-0.556952
-0.496325
-0.402422
-0.293987
-0.188566
-0.0903208
-0.00157169
0.180892
0.403252
0.587022
0.723145
0.793396
0.820797
0.824965
-0.708434
-0.708067
-0.714578
-0.727149
-0.720177
-0.706183
-0.642178
-0.532197
-0.415907
-0.300283
-0.200254
-0.117957
-0.0523468
0.0787115
0.231835
0.357587
0.448613
0.494623
0.510385
0.512812
-0.844547
-0.864576
-0.912426
-0.952054
-0.947814
-0.894225
-0.742947
-0.571511
-0.423866
-0.302903
-0.209746
-0.13864
-0.0856601
0.00286292
0.101865
0.179512
0.230733
0.254909
0.264026
0.26396
-0.906794
-0.931157
-0.970631
-1.00055
-0.99597
-0.930073
-0.756206
-0.565075
-0.41127
-0.293032
-0.210746
-0.151686
-0.10626
-0.047493
0.00299195
0.0403933
0.0612921
0.0698844
0.0725921
0.0727739
-0.774863
-0.796682
-0.832776
-0.864691
-0.86339
-0.79237
-0.636927
-0.486403
-0.360732
-0.265502
-0.201189
-0.157813
-0.125307
-0.0853631
-0.0598739
-0.0491819
-0.0505041
-0.0532282
-0.0520712
-0.0510822
-0.461594
-0.478604
-0.509509
-0.542937
-0.556049
-0.519165
-0.438913
-0.353812
-0.280351
-0.221288
-0.182011
-0.159636
-0.142387
-0.117255
-0.0988055
-0.0942193
-0.0972166
-0.0992948
-0.0980653
-0.0973166
-0.122986
-0.131877
-0.151625
-0.181654
-0.211071
-0.224163
-0.225045
-0.211659
-0.191167
-0.168591
-0.156436
-0.158055
-0.159417
-0.132571
-0.11188
-0.0999468
-0.0956312
-0.0929944
-0.0910823
-0.0908146
0.102612
0.0980986
0.0842588
0.0568397
0.0157496
-0.031308
-0.0689827
-0.0954548
-0.109159
-0.114471
-0.122544
-0.141839
-0.152338
-0.121848
-0.0941125
-0.0769594
-0.0676328
-0.0631053
-0.0612667
-0.0617861
0.198015
0.195522
0.18544
0.161845
0.122311
0.0727902
0.0241793
-0.0164006
-0.04505
-0.0635157
-0.078493
-0.0981151
-0.104045
-0.0793902
-0.0589008
-0.0460023
-0.0371752
-0.0330302
-0.032242
-0.0329769
0.214261
0.212571
0.205378
0.187721
0.157086
0.116982
0.0739181
0.0343634
0.0031615
-0.0175972
-0.0288853
-0.0337527
-0.0271026
-0.0166286
-0.0112562
-0.00831716
-0.00617431
-0.00499674
-0.00509161
-0.00586078
0.196958
0.195887
0.191158
0.179236
0.158054
0.129234
0.096175
0.0640889
0.037471
0.0209212
0.0196294
0.0306299
0.0464198
0.041872
0.0324993
0.0268514
0.0241369
0.0232226
0.0224389
0.0214935
0.169716
0.169121
0.166241
0.15872
0.144932
0.125442
0.102018
0.0784519
0.0590222
0.0491566
0.0546709
0.0733639
0.0913482
0.07959
0.0638449
0.0534003
0.0477399
0.0452495
0.0437702
0.0428612
0.141292
0.141093
0.139477
0.13501
0.126481
0.113987
0.0985187
0.0827194
0.0701777
0.0662089
0.0762798
0.0954051
0.10842
0.0959391
0.0809067
0.0704778
0.0643744
0.0598657
0.0574736
0.0566324
0.114676
0.114559
0.113724
0.111228
0.106208
0.0986139
0.0890448
0.0793746
0.0727
0.0736027
0.0862376
0.102737
0.109413
0.0980836
0.0867499
0.0776996
0.0713902
0.0669074
0.0645248
0.0639696
0.0898233
0.0898569
0.0894953
0.0882422
0.0855492
0.0812299
0.0758312
0.0706891
0.0683934
0.0730225
0.0874532
0.103937
0.108449
0.0970743
0.0871658
0.0800042
0.0749585
0.0707913
0.0690444
0.0686856
0.0666122
0.0666974
0.0666219
0.0661462
0.0649063
0.0627352
0.0601033
0.057943
0.0584464
0.065177
0.0815269
0.100965
0.107459
0.0932987
0.0837375
0.0787225
0.0755379
0.0732979
0.0721516
0.0716442
0.0447461
0.0448364
0.0448875
0.04481
0.0443997
0.0435782
0.0425159
0.0420791
0.0438245
0.0508471
0.0661095
0.0851414
0.0932005
0.0831088
0.0721782
0.0686055
0.0681053
0.0676981
0.0669087
0.0661621
0.0240628
0.0241429
0.0242415
0.02434
0.0243243
0.0241684
0.023973
0.0241134
0.0254896
0.0303194
0.0400773
0.0515845
0.0562369
0.0486453
0.0447269
0.0446514
0.0473578
0.0484034
0.0473794
0.0464034
0.00445699
0.00450057
0.00448659
0.00458425
0.00483985
0.00499257
0.00502343
0.00500041
0.00508658
0.00515769
0.00568633
0.00499336
0.00926648
0.011475
0.0100611
0.0123558
0.0108346
0.00863325
0.00884432
0.00898242
-0.0283085
0.137978
0.331952
0.501159
0.636064
0.741935
0.829278
0.903678
0.937687
0.914435
0.272452
0.392624
0.521829
0.63335
0.727179
0.804682
0.867411
0.911979
0.934288
0.946445
0.489947
0.572311
0.660592
0.738454
0.80536
0.86132
0.905839
0.938395
0.96198
0.980018
0.649848
0.708828
0.770001
0.826784
0.876117
0.918027
0.952476
0.979989
1.0027
1.02103
0.774653
0.817522
0.863266
0.906843
0.945355
0.979008
1.00783
1.03185
1.05218
1.07004
0.878578
0.911313
0.949281
0.984684
1.0172
1.04636
1.07185
1.0933
1.11112
1.12848
0.970883
0.999496
1.03337
1.06543
1.09531
1.12243
1.14613
1.16582
1.18131
1.19839
1.05933
1.08848
1.12243
1.15443
1.18399
1.21054
1.23338
1.25186
1.26521
1.28225
1.15455
1.18773
1.22434
1.25789
1.28791
1.31408
1.33602
1.35328
1.36514
1.38254
1.2695
1.30731
1.34593
1.38016
1.40949
1.43423
1.45459
1.47047
1.48193
1.5
1.41441
1.45294
1.48907
1.51975
1.54542
1.5675
1.58655
1.60208
1.6145
1.6325
1.58947
1.62109
1.64726
1.6697
1.68967
1.70838
1.7261
1.74257
1.75792
1.77599
1.77807
1.79527
1.8103
1.82653
1.84243
1.85696
1.87016
1.88409
1.90163
1.92178
1.95978
1.96932
1.98086
1.99167
2.00095
2.01053
2.02131
2.03268
2.04404
2.05939
2.16701
2.17068
2.15573
2.14092
2.13464
2.14032
2.15879
2.1891
2.22128
2.24793
2.47333
2.33847
2.26183
2.21944
2.20202
2.20599
2.23338
2.2898
2.39241
2.61678
0.784121
0.781993
0.77751
0.768887
0.756665
0.74454
0.734317
0.726431
0.720826
0.71759
0.717256
0.720015
0.725135
0.732369
0.741764
0.753308
0.765962
0.776999
0.783112
0.786167
0.708569
0.714416
0.72075
0.725245
0.727717
0.727397
0.724666
0.720865
0.717368
0.715127
0.715003
0.717221
0.7209
0.725201
0.729015
0.730904
0.729971
0.726492
0.721331
0.71471
0.700134
0.702431
0.705836
0.708834
0.710912
0.712412
0.713174
0.712868
0.711857
0.710994
0.711193
0.712643
0.714475
0.715793
0.715982
0.715098
0.713553
0.71122
0.707958
0.705039
0.69461
0.695696
0.69753
0.699911
0.701938
0.70337
0.704398
0.705161
0.705579
0.705824
0.706342
0.707174
0.707791
0.707871
0.707468
0.706626
0.705162
0.703081
0.700998
0.699615
0.689389
0.690052
0.691161
0.692868
0.694654
0.696291
0.697595
0.698623
0.699524
0.70034
0.7011
0.70168
0.701895
0.701744
0.701188
0.700141
0.698719
0.69718
0.695865
0.695086
0.684391
0.684851
0.685638
0.686938
0.68843
0.689953
0.691427
0.692739
0.693896
0.694981
0.695932
0.696532
0.696702
0.696446
0.695762
0.694782
0.693664
0.692537
0.691626
0.69111
0.679534
0.679878
0.68049
0.681561
0.682859
0.68424
0.685689
0.68715
0.688547
0.68986
0.691012
0.691741
0.691947
0.691694
0.691111
0.690346
0.689505
0.688645
0.687977
0.6876
0.674764
0.675031
0.675526
0.676437
0.677611
0.678915
0.680321
0.681827
0.683394
0.684952
0.686347
0.687261
0.687598
0.687504
0.687131
0.686586
0.68595
0.68532
0.684833
0.684545
0.669999
0.670211
0.670622
0.671424
0.672518
0.673775
0.675173
0.676727
0.678428
0.680227
0.681914
0.683095
0.683675
0.683826
0.683685
0.683364
0.682936
0.682498
0.682152
0.681927
0.66515
0.665321
0.665673
0.666402
0.667451
0.668687
0.670114
0.671754
0.673615
0.675672
0.677708
0.679251
0.680158
0.680599
0.680714
0.680625
0.680411
0.680148
0.679918
0.679739
0.660129
0.660267
0.660577
0.661262
0.662295
0.663556
0.66505
0.666819
0.668893
0.671266
0.673728
0.675721
0.677021
0.6778
0.678205
0.678364
0.678362
0.678269
0.678138
0.677994
0.654844
0.654956
0.655239
0.655903
0.656955
0.658286
0.659894
0.661845
0.6642
0.666972
0.669958
0.672493
0.674257
0.675426
0.67616
0.676589
0.676808
0.676886
0.676842
0.676725
0.649201
0.649289
0.649556
0.650226
0.651332
0.652776
0.65455
0.656752
0.659466
0.662743
0.666372
0.669558
0.671871
0.673493
0.674598
0.675344
0.67581
0.676048
0.676081
0.675985
0.643089
0.643156
0.643416
0.644114
0.645313
0.646917
0.648921
0.651453
0.654625
0.658531
0.662946
0.666914
0.669879
0.672034
0.673565
0.674665
0.675404
0.675817
0.675923
0.675844
0.636377
0.636425
0.636687
0.637435
0.638767
0.640587
0.642896
0.645849
0.649601
0.654284
0.659654
0.664562
0.668303
0.671087
0.67312
0.674614
0.675671
0.676272
0.67645
0.676385
0.628912
0.628941
0.629209
0.63003
0.631539
0.633639
0.636338
0.639828
0.644305
0.649945
0.656474
0.662509
0.667172
0.670696
0.673324
0.675294
0.676707
0.677511
0.67776
0.677704
0.620493
0.620508
0.62078
0.6217
0.623444
0.62589
0.62909
0.633258
0.638639
0.645454
0.653389
0.66077
0.666524
0.67092
0.674251
0.676787
0.678605
0.679633
0.679954
0.679906
0.610816
0.610801
0.611131
0.612193
0.614222
0.617125
0.620963
0.625985
0.632494
0.640755
0.650389
0.659371
0.666412
0.671833
0.675987
0.679188
0.681475
0.682747
0.683141
0.683096
0.599585
0.599546
0.599921
0.601178
0.603579
0.60707
0.611719
0.617823
0.625744
0.635787
0.647468
0.658345
0.666889
0.673513
0.678632
0.682593
0.685422
0.686955
0.687418
0.687373
0.586315
0.586249
0.586704
0.588214
0.591101
0.595361
0.60106
0.608553
0.618257
0.630495
0.644631
0.657733
0.66802
0.676027
0.682271
0.687109
0.690539
0.692342
0.692867
0.692816
0.570355
0.57026
0.57084
0.572703
0.576242
0.58153
0.588622
0.597928
0.609902
0.624849
0.641913
0.657598
0.669873
0.679449
0.686974
0.692803
0.696886
0.698956
0.699526
0.699463
0.550762
0.55064
0.551423
0.553802
0.558259
0.564974
0.57397
0.585692
0.600587
0.618872
0.639392
0.658023
0.672531
0.683858
0.692783
0.699716
0.704475
0.706782
0.707372
0.707289
0.526111
0.525973
0.527092
0.530272
0.536119
0.544922
0.556617
0.571626
0.590293
0.612663
0.637201
0.659123
0.676067
0.689297
0.69973
0.707842
0.713242
0.71572
0.716292
0.71618
0.494087
0.493971
0.495703
0.500272
0.508425
0.520484
0.536139
0.555658
0.579148
0.60642
0.635528
0.661037
0.680563
0.695796
0.707816
0.717095
0.723017
0.725553
0.726061
0.725915
0.450525
0.450574
0.453653
0.461113
0.473543
0.490907
0.512423
0.538021
0.56752
0.600512
0.634657
0.663935
0.686105
0.70336
0.716943
0.727297
0.733505
0.735929
0.736322
0.736141
0.387628
0.388838
0.396365
0.410277
0.430522
0.456328
0.486097
0.519435
0.556044
0.595407
0.63487
0.667968
0.692735
0.711926
0.726926
0.738042
0.74424
0.746315
0.74654
0.746338
0.313075
0.314849
0.329253
0.353136
0.384326
0.420102
0.458871
0.500456
0.544673
0.59104
0.636628
0.674404
0.702473
0.724074
0.740716
0.752544
0.758522
0.760307
0.760492
0.760382
0.236173
0.242382
0.26365
0.297793
0.339401
0.384851
0.432581
0.482457
0.534358
0.587837
0.639721
0.682309
0.713751
0.73783
0.756304
0.768485
0.773818
0.775117
0.775235
0.775197
0.173256
0.181779
0.207616
0.248783
0.298555
0.352255
0.408064
0.465706
0.524956
0.585291
0.643203
0.690325
0.724889
0.751127
0.770728
0.783092
0.788243
0.7894
0.789521
0.789539
0.122082
0.131202
0.160591
0.207002
0.262935
0.323292
0.385941
0.450443
0.516393
0.583141
0.646784
0.698221
0.735716
0.763988
0.784877
0.79765
0.802592
0.803846
0.80408
0.804146
0.0792672
0.0886674
0.120505
0.170917
0.231912
0.297789
0.366236
0.43674
0.508734
0.581426
0.650476
0.706037
0.746358
0.776616
0.798741
0.812041
0.817279
0.818759
0.819012
0.819099
0.0424447
0.0519519
0.0856246
0.139241
0.204421
0.275013
0.348524
0.424359
0.501836
0.580024
0.654178
0.713693
0.756761
0.788983
0.81243
0.826483
0.832133
0.833736
0.83398
0.834059
0.00993858
0.0194762
0.0545553
0.110878
0.179568
0.254229
0.332223
0.412852
0.495356
0.578685
0.657702
0.721022
0.766748
0.800856
0.825543
0.840432
0.846533
0.848287
0.84855
0.848619
-0.0195397
-0.00996874
0.0262638
0.084921
0.156619
0.234843
0.316824
0.401814
0.488975
0.577159
0.660835
0.727832
0.776117
0.812011
0.837916
0.853513
0.860125
0.861998
0.862264
0.862311
-0.0468766
-0.0372654
-3.05811e-05
0.0606536
0.135025
0.216406
0.301961
0.390924
0.482412
0.575196
0.66338
0.733965
0.784728
0.822333
0.849332
0.865578
0.872602
0.874572
0.874831
0.874848
-0.0726439
-0.0629762
-0.0248014
0.0375922
0.114375
0.198575
0.28735
0.379939
0.475451
0.572621
0.665212
0.73935
0.792537
0.83177
0.859756
0.876478
0.883756
0.885825
0.886073
0.886051
-0.0973402
-0.0875285
-0.0484939
0.0154454
0.0943869
0.181102
0.272785
0.368691
0.467958
0.569313
0.666231
0.743944
0.799561
0.840349
0.8692
0.886285
0.893693
0.895748
0.896003
0.895958
-0.12123
-0.111209
-0.0714374
-0.00598675
0.0748711
0.163831
0.258141
0.35708
0.459828
0.565174
0.666366
0.747721
0.805838
0.848171
0.877775
0.895068
0.902459
0.904501
0.904721
0.904658
-0.144425
-0.134203
-0.0936844
-0.0268518
0.0557089
0.146685
0.243348
0.345038
0.451004
0.560134
0.665555
0.750673
0.811435
0.855374
0.885636
0.902999
0.910282
0.912233
0.912405
0.912315
-0.167104
-0.156593
-0.115332
-0.0472365
0.0368442
0.129614
0.228378
0.33255
0.441468
0.554163
0.663737
0.752777
0.816413
0.862108
0.893001
0.910265
0.91729
0.919084
0.9192
0.919089
-0.189223
-0.178448
-0.136478
-0.0671917
0.0182617
0.11262
0.213254
0.31964
0.431231
0.547238
0.660862
0.753985
0.820823
0.868527
0.900051
0.917022
0.923599
0.925149
0.925178
0.925044
-0.21085
-0.199782
-0.157056
-0.0867084
-2.67647e-05
0.0957292
0.198008
0.306357
0.420334
0.53937
0.656887
0.754229
0.824655
0.874759
0.907049
0.923524
0.929335
0.930478
0.930404
0.930256
-0.231827
-0.220534
-0.177066
-0.105747
-0.0179817
0.0790048
0.182699
0.292763
0.408842
0.530609
0.651779
0.753422
0.827841
0.880876
0.914298
0.930181
0.934822
0.935229
0.934969
0.934831
-0.252294
-0.240666
-0.1965
-0.124298
-0.0355762
0.0624812
0.167412
0.278933
0.396836
0.521024
0.645539
0.751455
0.830241
0.886829
0.922051
0.937613
0.940724
0.939729
0.938962
0.938825
-0.272091
-0.260158
-0.215334
-0.142323
-0.0527366
0.046239
0.152226
0.264985
0.384421
0.510674
0.638197
0.748214
0.831652
0.892408
0.930315
0.946505
0.948379
0.945206
0.942845
0.942031
-0.291282
-0.279055
-0.233516
-0.15977
-0.0694302
0.0303446
0.137221
0.250994
0.371705
0.499691
0.629814
0.743586
0.831824
0.897225
0.938613
0.957008
0.959358
0.954599
0.948164
0.940009
-0.309785
-0.297315
-0.251141
-0.176798
-0.085863
0.0145314
0.122071
0.236575
0.358255
0.487593
0.619883
0.737046
0.830302
0.900991
0.946363
0.968545
0.974114
0.969253
0.958492
0.953601
-0.327555
-0.314862
-0.268194
-0.19338
-0.102044
-0.0011949
0.106787
0.221704
0.344021
0.474255
0.608192
0.728191
0.826276
0.902916
0.95162
0.976961
0.984794
0.983326
0.945282
0.893523
-0.344306
-0.330919
-0.284525
-0.209446
-0.118076
-0.0169939
0.0913119
0.206495
0.329053
0.459725
0.59465
0.716743
0.818584
0.902353
0.952085
0.973573
0.980671
0.960549
0.903753
0.841787
-0.360356
-0.346108
-0.300044
-0.224311
-0.133446
-0.0324069
0.0754231
0.190998
0.313497
0.444169
0.579271
0.702434
0.80594
0.899694
0.945181
0.980813
0.942552
0.891532
0.819285
0.752148
-0.346348
-0.328215
-0.277791
-0.197706
-0.100484
0.00347582
0.116725
0.235191
0.361053
0.495993
0.626207
0.738361
0.834623
0.932594
0.964256
0.880228
0.825329
0.75642
0.681804
0.633065
-0.37055
-0.354161
-0.318151
-0.247463
-0.157008
-0.0571724
0.0509872
0.166002
0.287898
0.417595
0.551339
0.673576
0.775813
0.861844
0.93589
0.920137
0.792208
0.703935
0.637861
0.554429
-0.390144
-0.37455
-0.332925
-0.260892
-0.169933
-0.0705047
0.0365671
0.150681
0.271661
0.400042
0.532291
0.652731
0.751956
0.826462
0.852067
0.76839
0.623837
0.524656
0.447284
0.358935
-0.410259
-0.397757
-0.351635
-0.278539
-0.187496
-0.0875968
0.019445
0.133277
0.253394
0.380329
0.509853
0.625827
0.715637
0.776076
0.751381
0.615213
0.459856
0.339961
0.240258
0.104254
-0.433512
-0.420621
-0.372406
-0.298109
-0.206921
-0.106905
1.39011e-06
0.113274
0.232311
0.357384
0.483521
0.5939
0.674189
0.713252
0.652168
0.466218
0.283001
0.128924
-0.0122883
-0.208765
-0.455781
-0.443229
-0.393865
-0.31828
-0.226682
-0.126728
-0.0202308
0.0921968
0.209883
0.332677
0.454916
0.558852
0.63159
0.634626
0.523837
0.32453
0.110815
-0.0894834
-0.264487
-0.654076
-0.478167
-0.465958
-0.416093
-0.339584
-0.247643
-0.147679
-0.0416062
0.0699451
0.186139
0.306367
0.424273
0.520852
0.581777
0.552039
0.399393
0.198189
-0.0193266
-0.230627
-0.409235
-0.682502
-0.501508
-0.48944
-0.439351
-0.362281
-0.270116
-0.170134
-0.0644494
0.0462364
0.160861
0.278309
0.391539
0.480341
0.525889
0.479114
0.28815
0.0941218
-0.103459
-0.270349
-0.342575
-0.381376
-0.526297
-0.514351
-0.464025
-0.386661
-0.294474
-0.194658
-0.0895223
0.020058
0.132769
0.246922
0.354767
0.435206
0.463909
0.381846
0.189169
0.00728073
-0.157327
-0.263778
-0.301623
-0.310705
-0.552744
-0.540809
-0.490288
-0.412744
-0.320663
-0.221207
-0.116846
-0.00864469
0.10177
0.2121
0.313811
0.385663
0.387578
0.276067
0.098749
-0.0692882
-0.208819
-0.264241
-0.276238
-0.281124
-0.581043
-0.569012
-0.518227
-0.440553
-0.348687
-0.249785
-0.146429
-0.0399163
0.0678265
0.173868
0.268748
0.331134
0.308404
0.177378
0.0148217
-0.143059
-0.242369
-0.271114
-0.267123
-0.267123
-0.610904
-0.599061
-0.547813
-0.470057
-0.378515
-0.280353
-0.17826
-0.073744
0.0309561
0.132246
0.219867
0.270744
0.239116
0.08689
-0.0610737
-0.1994
-0.240229
-0.252552
-0.257423
-0.257623
-0.642176
-0.630334
-0.578835
-0.501093
-0.410019
-0.31281
-0.212249
-0.110052
-0.00877935
0.0874124
0.16738
0.207103
0.16971
0.0100088
-0.127305
-0.223047
-0.268248
-0.255122
-0.252212
-0.251886
-0.674346
-0.662479
-0.610976
-0.533337
-0.442916
-0.346913
-0.248171
-0.148632
-0.0511673
0.0397168
0.111707
0.142756
0.0848866
-0.0566351
-0.179119
-0.230911
-0.246203
-0.247238
-0.247419
-0.247211
-0.706682
-0.694855
-0.643417
-0.566239
-0.476754
-0.382249
-0.285673
-0.189127
-0.095833
-0.0104423
0.0541633
0.0706285
0.00381866
-0.113459
-0.208854
-0.232888
-0.239881
-0.243797
-0.243973
-0.243973
-0.737939
-0.726559
-0.675286
-0.59909
-0.510845
-0.418217
-0.324191
-0.23099
-0.142142
-0.0625435
-0.00349429
-0.00085374
-0.0675473
-0.163766
-0.225873
-0.277786
-0.253676
-0.244534
-0.242609
-0.242276
-0.766669
-0.755786
-0.705527
-0.630537
-0.544251
-0.453978
-0.362967
-0.273488
-0.189242
-0.115586
-0.0609626
-0.0628733
-0.134222
-0.207147
-0.243916
-0.237107
-0.24474
-0.245675
-0.244986
-0.244592
-0.791182
-0.780985
-0.732219
-0.659425
-0.575737
-0.488441
-0.401009
-0.315696
-0.236143
-0.168151
-0.11886
-0.118404
-0.189176
-0.259148
-0.280033
-0.281965
-0.267929
-0.25991
-0.256251
-0.254899
-0.80912
-0.799841
-0.753405
-0.683834
-0.603813
-0.520382
-0.437154
-0.356493
-0.281797
-0.218925
-0.175263
-0.168464
-0.225942
-0.305436
-0.361779
-0.323215
-0.294327
-0.282325
-0.2762
-0.272723
-0.81844
-0.809972
-0.767005
-0.701856
-0.626709
-0.548301
-0.470144
-0.394615
-0.325067
-0.266767
-0.226161
-0.208383
-0.231874
-0.269339
-0.29807
-0.284255
-0.276008
-0.272318
-0.269503
-0.267908
-0.81478
-0.807871
-0.771367
-0.711628
-0.642749
-0.570668
-0.498609
-0.428907
-0.364766
-0.310641
-0.269475
-0.234485
-0.19878
-0.124156
-0.165873
-0.186545
-0.215384
-0.230735
-0.237844
-0.240485
-0.796862
-0.79213
-0.763542
-0.7118
-0.650654
-0.586228
-0.521326
-0.458129
-0.399795
-0.350183
-0.309261
-0.264361
-0.172446
-0.0233611
0.0663981
-0.0933436
-0.196743
-0.241948
-0.257753
-0.263453
-0.765208
-0.761801
-0.742436
-0.701428
-0.649937
-0.594394
-0.537487
-0.48129
-0.42899
-0.384857
-0.353929
-0.323671
-0.303236
-0.285356
-0.300907
-0.36491
-0.386401
-0.387432
-0.388042
-0.389325
-0.724473
-0.722316
-0.711344
-0.682631
-0.641639
-0.595614
-0.546936
-0.497766
-0.451357
-0.413235
-0.390012
-0.41586
-0.599188
-0.98032
-1.14199
-0.965847
-0.71369
-0.579562
-0.530156
-0.517182
-0.683248
-0.681986
-0.676586
-0.659795
-0.62937
-0.591554
-0.55046
-0.507253
-0.465436
-0.430282
-0.415537
-0.43531
-0.512018
-0.534365
-0.475916
-0.334929
-0.31146
-0.364221
-0.395675
-0.394968
-0.650361
-0.649716
-0.647051
-0.637362
-0.616019
-0.585462
-0.549623
-0.510545
-0.469909
-0.432327
-0.40757
-0.364988
-0.313922
-0.20224
-0.115973
-0.15932
-0.29757
-0.37224
-0.335913
-0.309016
-0.626959
-0.626259
-0.624859
-0.620967
-0.606125
-0.580497
-0.54712
-0.509135
-0.467189
-0.424331
-0.387102
-0.372063
-0.317713
-0.275759
-0.287521
-0.381909
-0.502922
-0.570091
-0.521215
-0.469644
-0.610693
-0.61043
-0.609806
-0.607916
-0.599736
-0.5778
-0.545129
-0.505455
-0.460506
-0.410582
-0.366313
-0.348868
-0.289283
-0.221675
-0.196446
-0.189333
-0.232011
-0.253816
-0.222438
-0.182265
-0.600931
-0.600881
-0.600529
-0.599829
-0.595912
-0.577267
-0.544122
-0.50104
-0.449336
-0.391681
-0.326791
-0.269107
-0.179568
-0.0705677
0.00497955
0.0231877
0.0683874
0.182982
0.312598
0.395125
-0.594631
-0.594588
-0.594159
-0.59351
-0.592122
-0.578947
-0.545133
-0.496838
-0.43887
-0.370692
-0.286868
-0.200806
-0.0424835
0.171525
0.401611
0.611136
0.808673
1.00706
1.15621
1.2319
-0.592515
-0.592397
-0.591965
-0.591137
-0.590341
-0.583694
-0.548956
-0.495597
-0.431368
-0.351248
-0.254487
-0.148146
0.00555238
0.285704
0.637882
1.00021
1.32779
1.56444
1.701
1.75393
-0.59204
-0.592523
-0.594031
-0.597219
-0.600936
-0.59328
-0.554908
-0.498177
-0.427836
-0.340479
-0.237113
-0.118138
0.0209572
0.289831
0.664829
1.02596
1.34109
1.55916
1.67167
1.71094
-0.588804
-0.590016
-0.591431
-0.593717
-0.596658
-0.588746
-0.557135
-0.505222
-0.432671
-0.339948
-0.232039
-0.116384
-0.0108793
0.215996
0.544199
0.849187
1.10589
1.27359
1.35603
1.38316
-0.605485
-0.605721
-0.5998
-0.577387
-0.54467
-0.540031
-0.552771
-0.519555
-0.443706
-0.344797
-0.236292
-0.129713
-0.0298243
0.117359
0.379619
0.614404
0.807455
0.928969
0.985316
1.00313
-0.662024
-0.659056
-0.651
-0.630138
-0.607118
-0.601467
-0.609771
-0.555594
-0.462623
-0.353525
-0.244837
-0.147835
-0.0648148
0.0346833
0.222642
0.392634
0.529444
0.612767
0.650449
0.659248
-0.777685
-0.77638
-0.799485
-0.840603
-0.859298
-0.837551
-0.76518
-0.625193
-0.485842
-0.360083
-0.252124
-0.165966
-0.0973594
-0.0260427
0.102566
0.217339
0.3036
0.354071
0.376204
0.382769
-0.896255
-0.90356
-0.942516
-0.987222
-1.00514
-0.974885
-0.862028
-0.667321
-0.493529
-0.358152
-0.252975
-0.17627
-0.117894
-0.0634973
0.0121881
0.0782846
0.124894
0.14877
0.158532
0.161129
-0.865843
-0.876127
-0.907045
-0.942568
-0.958714
-0.927481
-0.803274
-0.618442
-0.457903
-0.332108
-0.241178
-0.180295
-0.133467
-0.0892762
-0.0475627
-0.0191436
-0.00511544
-0.000272939
0.000204022
0.00151266
-0.629933
-0.642063
-0.672036
-0.711786
-0.735533
-0.711109
-0.608374
-0.482423
-0.369934
-0.281381
-0.216068
-0.174652
-0.144019
-0.115911
-0.091864
-0.0784201
-0.0783092
-0.0843382
-0.0848351
-0.0831408
-0.280935
-0.28874
-0.307596
-0.336655
-0.36565
-0.371854
-0.347915
-0.305283
-0.257853
-0.214362
-0.180984
-0.16321
-0.156041
-0.139771
-0.116513
-0.104262
-0.100996
-0.101601
-0.100125
-0.0988536
0.00935658
0.00543323
-0.00532207
-0.0279453
-0.0618761
-0.0994918
-0.128013
-0.144711
-0.150016
-0.145034
-0.139803
-0.145333
-0.159355
-0.146518
-0.117672
-0.0965201
-0.0855181
-0.0803906
-0.0776292
-0.0769899
0.165364
0.162965
0.156245
0.137903
0.10392
0.0559046
0.00612778
-0.0356935
-0.0649023
-0.0825005
-0.0942866
-0.111733
-0.133684
-0.118002
-0.0906648
-0.0698149
-0.0571707
-0.0498146
-0.0465089
-0.0464384
0.213375
0.212093
0.207566
0.193515
0.165305
0.123468
0.0765552
0.0313752
-0.00508799
-0.0307691
-0.0470859
-0.0607282
-0.070898
-0.0554861
-0.0406692
-0.0312409
-0.0242171
-0.0201296
-0.0187685
-0.0191264
0.208191
0.207467
0.204407
0.194616
0.174431
0.143758
0.106984
0.068853
0.0355945
0.010889
-0.0021199
-0.00252909
0.00406963
0.0139582
0.013562
0.0104071
0.00919946
0.00934529
0.0093138
0.00851218
0.18391
0.183587
0.181678
0.175401
0.162085
0.141244
0.114902
0.0862859
0.0602774
0.0414224
0.0361258
0.0457278
0.0642362
0.0680045
0.056372
0.0454011
0.0387486
0.0358518
0.0346816
0.0335681
0.155387
0.155363
0.154261
0.150498
0.142197
0.128745
0.111042
0.0912148
0.0728746
0.0607404
0.0612761
0.0761364
0.0966915
0.0976796
0.0809783
0.0677066
0.0593726
0.0554344
0.0524815
0.0510876
0.127662
0.127677
0.127195
0.12509
0.120193
0.111925
0.100699
0.0879649
0.0764521
0.0701496
0.0750864
0.0908764
0.10728
0.106125
0.0911764
0.0796844
0.071479
0.065982
0.0624765
0.0611126
0.101934
0.10207
0.101817
0.100743
0.0980387
0.0932351
0.086566
0.0790631
0.0728384
0.0713288
0.0796037
0.0962911
0.109042
0.105727
0.0922974
0.0829619
0.0761267
0.0710902
0.0676365
0.0666072
0.0779366
0.0780864
0.0780467
0.0776215
0.0763569
0.0736706
0.0701967
0.0663469
0.0638541
0.0656809
0.0765982
0.0949701
0.108915
0.102814
0.0913006
0.0830543
0.0778359
0.0738543
0.0715349
0.0707935
0.0554406
0.0555861
0.0556464
0.0555669
0.055072
0.0539946
0.0523567
0.0507715
0.0504392
0.053995
0.0658219
0.0854147
0.101085
0.0975284
0.0842465
0.0776064
0.0743816
0.0727139
0.0715126
0.0707012
0.0341974
0.0343233
0.0344023
0.0344629
0.0344061
0.0340941
0.0335831
0.0332197
0.0338387
0.0372713
0.0471949
0.0638031
0.0774764
0.0762412
0.061612
0.058696
0.0593263
0.0599432
0.059656
0.0586778
0.00449483
0.00448779
0.00451214
0.00470844
0.00493451
0.00501957
0.00501896
0.0050837
0.00507444
0.00544889
0.00552547
0.00457685
0.0108653
0.0103857
0.0110716
0.0119689
0.00904272
0.00860247
0.00909939
0.0308938
-1.06099
-0.384358
0.0648474
0.323203
0.508685
0.650434
0.760006
0.84848
0.943764
1.03528
-0.01455
0.179467
0.356534
0.505592
0.629997
0.731139
0.813326
0.880643
0.922476
0.926212
0.316439
0.431292
0.543807
0.643843
0.729733
0.802048
0.861259
0.906286
0.935298
0.952818
0.525652
0.603759
0.681208
0.752036
0.813721
0.866389
0.909758
0.943818
0.969771
0.988784
0.679148
0.732096
0.79074
0.843488
0.889705
0.929935
0.964115
0.99251
1.01579
1.03274
0.800634
0.841259
0.886732
0.926619
0.963641
0.996703
1.02568
1.05047
1.07122
1.08543
0.902849
0.937132
0.973955
1.00801
1.04006
1.06951
1.09572
1.11822
1.13683
1.14854
0.995697
1.02661
1.06042
1.09289
1.1235
1.15173
1.17677
1.19797
1.21487
1.22438
1.08643
1.11888
1.15409
1.188
1.21921
1.24742
1.27192
1.29218
1.3076
1.3158
1.18821
1.22566
1.26387
1.30006
1.33205
1.35986
1.38325
1.40221
1.41633
1.4248
1.31502
1.35735
1.39649
1.43231
1.46267
1.48831
1.50983
1.52742
1.54091
1.55107
1.47647
1.5179
1.55158
1.5811
1.6056
1.6271
1.64667
1.66407
1.6788
1.69149
1.66684
1.69762
1.71884
1.73795
1.75599
1.77321
1.7894
1.80521
1.82172
1.83864
1.86466
1.87604
1.88708
1.90116
1.91543
1.92827
1.93962
1.95047
1.96336
1.98024
2.05044
2.06034
2.06898
2.07142
2.07228
2.07654
2.08732
2.10326
2.12088
2.12547
2.35147
2.29606
2.24523
2.20498
2.18259
2.17853
2.19203
2.22583
2.28226
2.35782
0.926336
0.867643
0.825164
0.791306
0.766651
0.7491
0.736595
0.727672
0.721569
0.7181
0.717727
0.720603
0.726054
0.733999
0.744928
0.759986
0.780999
0.810097
0.848862
0.896688
0.727884
0.736643
0.742177
0.743
0.739518
0.733475
0.727045
0.721579
0.71775
0.716111
0.717299
0.720907
0.726197
0.732681
0.739453
0.744728
0.746356
0.743123
0.735787
0.728119
0.704912
0.706943
0.711547
0.71506
0.717572
0.719001
0.718715
0.716981
0.714797
0.713238
0.713268
0.715108
0.717841
0.720474
0.721962
0.721631
0.719781
0.716986
0.712938
0.708557
0.697992
0.698858
0.701342
0.704057
0.706068
0.70743
0.708416
0.70887
0.708733
0.70849
0.708857
0.709957
0.711064
0.711555
0.71126
0.710421
0.709018
0.706785
0.704151
0.702186
0.692327
0.692789
0.694185
0.696207
0.698147
0.699724
0.700869
0.70177
0.702496
0.703085
0.703734
0.704395
0.704733
0.704652
0.704192
0.703238
0.701739
0.69992
0.698278
0.697263
0.687127
0.687414
0.688332
0.689802
0.691429
0.693033
0.694459
0.695635
0.696665
0.697632
0.69849
0.699058
0.699232
0.699024
0.698379
0.697329
0.696049
0.694741
0.69366
0.693037
0.682139
0.68234
0.683029
0.684202
0.685587
0.687031
0.688505
0.689913
0.691195
0.692391
0.693438
0.694096
0.694275
0.693999
0.693343
0.692467
0.691498
0.690511
0.689732
0.689294
0.677291
0.677443
0.67799
0.678975
0.680204
0.681543
0.682969
0.684458
0.685947
0.687382
0.68865
0.689463
0.689719
0.689529
0.689048
0.688394
0.687656
0.686913
0.686342
0.686014
0.672502
0.672622
0.67307
0.673921
0.675051
0.676331
0.67773
0.679257
0.68089
0.682567
0.684103
0.685138
0.685583
0.685604
0.685348
0.684913
0.684378
0.683844
0.683432
0.683179
0.667681
0.667778
0.668157
0.668917
0.669985
0.67123
0.67264
0.674232
0.676007
0.677929
0.679783
0.681133
0.681867
0.682157
0.682143
0.681935
0.681611
0.68126
0.680975
0.680775
0.662738
0.662817
0.663146
0.663849
0.664886
0.666132
0.667591
0.669289
0.671248
0.673453
0.67569
0.677448
0.678542
0.679145
0.679404
0.679433
0.679323
0.679144
0.678965
0.678805
0.65758
0.657646
0.657941
0.658611
0.659648
0.660944
0.662492
0.664344
0.666548
0.669108
0.671818
0.67407
0.675591
0.676557
0.677126
0.677413
0.677522
0.677507
0.677421
0.677291
0.652115
0.65217
0.652443
0.653106
0.65418
0.655567
0.657254
0.659321
0.661843
0.664852
0.668144
0.670989
0.673015
0.6744
0.67532
0.675895
0.676235
0.676388
0.676384
0.676278
0.646239
0.646285
0.646547
0.647226
0.648373
0.649896
0.651782
0.654137
0.657064
0.660638
0.664641
0.668199
0.670824
0.672698
0.674017
0.674933
0.675525
0.675844
0.675914
0.675827
0.639833
0.639872
0.640131
0.640848
0.642106
0.643817
0.64597
0.648699
0.652143
0.656416
0.661285
0.665701
0.669036
0.671491
0.673273
0.674559
0.675438
0.675943
0.676087
0.676015
0.632756
0.632785
0.63305
0.633827
0.635239
0.6372
0.639698
0.642902
0.646995
0.65213
0.658052
0.663497
0.667678
0.670815
0.673147
0.674864
0.676077
0.676777
0.676992
0.676932
0.624831
0.624849
0.625128
0.625986
0.6276
0.629877
0.632817
0.636625
0.641527
0.647722
0.65492
0.661599
0.666783
0.670723
0.673706
0.675937
0.677527
0.678442
0.67873
0.678679
0.615815
0.61584
0.616149
0.617105
0.618971
0.621649
0.625157
0.629725
0.635636
0.643135
0.651879
0.660027
0.666397
0.671282
0.675027
0.677869
0.679896
0.681045
0.681406
0.681361
0.605409
0.605424
0.605774
0.606878
0.609074
0.61228
0.616506
0.622033
0.629205
0.638309
0.648918
0.658809
0.666573
0.672571
0.677209
0.680753
0.683288
0.684693
0.685126
0.685082
0.593233
0.593244
0.593635
0.594933
0.597562
0.60145
0.606597
0.613347
0.622104
0.633186
0.646038
0.657986
0.667371
0.67466
0.680345
0.684697
0.687807
0.68948
0.68998
0.689934
0.57873
0.578735
0.579189
0.580755
0.583959
0.588748
0.595101
0.603432
0.614198
0.627717
0.643253
0.657602
0.668855
0.677617
0.684517
0.68979
0.69353
0.695476
0.696032
0.695976
0.561131
0.561133
0.561681
0.563628
0.567627
0.573643
0.581616
0.592034
0.605372
0.6219
0.640621
0.657736
0.671102
0.681529
0.689772
0.696083
0.700498
0.702702
0.703292
0.703221
0.539268
0.539265
0.539979
0.542522
0.54769
0.555451
0.565676
0.578904
0.595562
0.615788
0.638245
0.658482
0.67419
0.686451
0.696155
0.7036
0.708689
0.711102
0.711697
0.711601
0.511387
0.511384
0.512387
0.515917
0.522939
0.533327
0.546804
0.563884
0.584817
0.609529
0.636285
0.65997
0.678197
0.692418
0.703676
0.712307
0.717993
0.720527
0.721082
0.720954
0.47443
0.474443
0.476075
0.481524
0.491841
0.506383
0.524685
0.547025
0.573365
0.603398
0.634974
0.662353
0.683206
0.699454
0.712313
0.722065
0.728189
0.730706
0.731168
0.731002
0.422548
0.422792
0.426515
0.436386
0.452825
0.474213
0.499531
0.528796
0.561724
0.597834
0.634614
0.665805
0.689299
0.707538
0.721924
0.732634
0.73893
0.741257
0.741584
0.741383
0.348101
0.350435
0.361345
0.380712
0.407379
0.438318
0.472582
0.510031
0.550392
0.593157
0.635519
0.67078
0.6971
0.717492
0.733484
0.744975
0.751253
0.753312
0.753521
0.75332
0.268868
0.275243
0.294619
0.324161
0.361588
0.402354
0.445626
0.491368
0.539433
0.589365
0.638126
0.678347
0.708146
0.731108
0.749004
0.761179
0.767019
0.768591
0.768706
0.768586
0.200934
0.207675
0.23367
0.271859
0.318439
0.368228
0.420125
0.473973
0.529606
0.586553
0.641482
0.686364
0.719405
0.744664
0.76391
0.776205
0.781556
0.782905
0.783043
0.782974
0.145412
0.152416
0.182431
0.226789
0.280194
0.337389
0.39675
0.457932
0.520612
0.584207
0.645018
0.694321
0.730371
0.757678
0.778104
0.790741
0.79595
0.79723
0.797402
0.797364
0.0993011
0.106615
0.139116
0.188176
0.246998
0.31022
0.375862
0.443453
0.512494
0.582268
0.648651
0.702171
0.741091
0.770392
0.792049
0.80518
0.810639
0.811921
0.812053
0.812035
0.0601866
0.0676649
0.101904
0.154499
0.217856
0.28617
0.357215
0.430452
0.505248
0.580735
0.652368
0.709923
0.751628
0.782895
0.805774
0.819662
0.825466
0.826742
0.826918
0.826915
0.0260547
0.0336335
0.069122
0.124658
0.191775
0.264465
0.340274
0.418562
0.498597
0.579391
0.656001
0.717435
0.761843
0.795033
0.819216
0.833805
0.840002
0.841401
0.841608
0.841611
-0.00458561
0.00309094
0.0395965
0.0976423
0.167947
0.244439
0.324473
0.407328
0.492202
0.577988
0.659355
0.724527
0.771545
0.806568
0.831962
0.847296
0.853865
0.855478
0.855705
0.855708
-0.0326948
-0.0249348
0.0124465
0.0726462
0.145726
0.225568
0.309378
0.396395
0.485757
0.576268
0.662211
0.731009
0.780541
0.817307
0.843823
0.859886
0.866783
0.868601
0.86885
0.868839
-0.0590418
-0.0511755
-0.0129553
0.0490185
0.124641
0.207467
0.294665
0.38548
0.479013
0.574013
0.664412
0.736774
0.788751
0.827184
0.854701
0.87133
0.878524
0.880488
0.880742
0.880715
-0.0840961
-0.0760924
-0.0370433
0.0264431
0.104345
0.189835
0.280095
0.374379
0.471797
0.571083
0.665845
0.741763
0.796162
0.836184
0.864635
0.88164
0.889018
0.891059
0.891299
0.891252
-0.108228
-0.100056
-0.0602626
0.00467125
0.084606
0.172473
0.265499
0.362956
0.463994
0.567368
0.666428
0.745951
0.802804
0.844364
0.873618
0.890878
0.898332
0.900374
0.900592
0.900517
-0.131605
-0.123232
-0.0828443
-0.0164643
0.0652737
0.15527
0.250783
0.351131
0.455521
0.562783
0.666096
0.749316
0.808733
0.851859
0.881807
0.899179
0.906584
0.908593
0.908783
0.90869
-0.15438
-0.145838
-0.104728
-0.0370861
0.0462637
0.138159
0.235899
0.338864
0.446342
0.557279
0.664788
0.751845
0.81401
0.858806
0.889393
0.906746
0.913959
0.915856
0.916001
0.915893
-0.176614
-0.167904
-0.126071
-0.0572583
0.0275373
0.121123
0.220849
0.326162
0.436445
0.550826
0.662444
0.753506
0.818701
0.865364
0.896571
0.913724
0.920577
0.922285
0.92236
0.922226
-0.198351
-0.189457
-0.146915
-0.0770024
0.00909273
0.104177
0.205652
0.313053
0.425867
0.54343
0.659023
0.754242
0.822826
0.871675
0.903557
0.920312
0.926563
0.927946
0.927931
0.927783
-0.219546
-0.210465
-0.16719
-0.0962867
-0.00903709
0.0873532
0.190368
0.299599
0.414665
0.535108
0.654483
0.753974
0.826349
0.877845
0.910641
0.926824
0.932115
0.932958
0.932808
0.932663
-0.240147
-0.230873
-0.186898
-0.115089
-0.0268168
0.0707176
0.175059
0.285878
0.402904
0.525924
0.648804
0.752599
0.829165
0.883896
0.91812
0.933777
0.937688
0.937506
0.937063
0.936945
-0.260161
-0.250682
-0.206026
-0.133383
-0.0442067
0.0543358
0.159809
0.271979
0.390677
0.51594
0.642011
0.750008
0.831099
0.8897
0.926153
0.941864
0.944255
0.94223
0.940934
0.940885
-0.279522
-0.269842
-0.224536
-0.151129
-0.0611457
0.0382574
0.144695
0.257988
0.378092
0.505255
0.634131
0.746086
0.831926
0.894956
0.93453
0.951607
0.953434
0.949275
0.945722
0.94444
-0.298257
-0.288383
-0.242416
-0.168331
-0.0776604
0.0224676
0.129698
0.243881
0.365124
0.49384
0.625098
0.740614
0.831352
0.899294
0.942658
0.962778
0.966448
0.961733
0.953774
0.938626
-0.316394
-0.306307
-0.259767
-0.18517
-0.0939918
0.00666775
0.114444
0.229202
0.351238
0.481079
0.614266
0.73293
0.828695
0.902256
0.949477
0.973401
0.980709
0.974235
0.965503
0.921295
-0.334196
-0.323233
-0.276496
-0.201519
-0.110054
-0.00904884
0.0990982
0.214162
0.336644
0.467154
0.601667
0.722818
0.823017
0.902989
0.952661
0.976845
0.983623
0.979728
0.928191
0.868428
-0.352663
-0.338094
-0.292361
-0.217226
-0.126057
-0.0249139
0.0833946
0.198758
0.321323
0.452041
0.587157
0.709941
0.812966
0.901231
0.949303
0.96013
0.967197
0.932963
0.867188
0.802841
-0.370901
-0.373093
-0.313201
-0.229923
-0.13877
-0.0380206
0.0679525
0.183651
0.306015
0.436521
0.571363
0.694529
0.798112
0.898573
0.910889
0.926032
0.903201
0.839146
0.763972
0.693515
-0.346801
-0.345532
-0.286863
-0.203832
-0.10758
-0.00365958
0.107184
0.225492
0.35105
0.485553
0.615214
0.726967
0.821094
0.917713
0.926603
0.825588
0.740172
0.671825
0.598269
0.456058
-0.387259
-0.361126
-0.299656
-0.215742
-0.119938
-0.0160688
0.0942072
0.211947
0.336656
0.469809
0.597266
0.706214
0.791195
0.854309
0.822372
0.690078
0.569037
0.48605
0.401591
0.240208
-0.411401
-0.380517
-0.318124
-0.234794
-0.138857
-0.0351455
0.075347
0.192342
0.315785
0.446788
0.571037
0.674657
0.750839
0.778946
0.699011
0.534686
0.394894
0.291109
0.175801
-0.0566087
-0.434958
-0.401759
-0.338158
-0.254144
-0.158138
-0.0545221
0.0556269
0.171718
0.293655
0.422064
0.54207
0.638559
0.703231
0.696059
0.560536
0.373252
0.202035
0.0600611
-0.0996274
-0.479797
-0.457577
-0.423527
-0.358873
-0.273944
-0.177847
-0.074427
0.0350804
0.150138
0.270355
0.39577
0.51066
0.599102
0.645399
0.608674
0.425805
0.218871
0.00619085
-0.171933
-0.418038
-0.962301
-0.480013
-0.445902
-0.380546
-0.295003
-0.198736
-0.095539
0.0133336
0.127256
0.245525
0.367561
0.476793
0.557067
0.58351
0.49744
0.302434
0.0888216
-0.127233
-0.326782
-0.492935
-1.07949
-0.503413
-0.469219
-0.403459
-0.317561
-0.221157
-0.118151
-0.00988497
0.102862
0.21903
0.337387
0.440685
0.511152
0.513213
0.384404
0.196237
-0.00718868
-0.193521
-0.321392
-0.354447
-0.401277
-0.528203
-0.493931
-0.427929
-0.341902
-0.245545
-0.142899
-0.0354167
0.0758676
0.189516
0.303523
0.400407
0.457974
0.437992
0.280453
0.100265
-0.0783418
-0.222437
-0.283611
-0.3063
-0.312039
-0.554732
-0.520228
-0.454052
-0.368011
-0.271872
-0.169777
-0.063348
0.0461483
0.15686
0.26589
0.355642
0.39823
0.36339
0.183683
0.0128108
-0.143985
-0.252939
-0.279428
-0.280508
-0.280884
-0.583099
-0.548258
-0.481876
-0.39588
-0.300109
-0.198793
-0.0936804
0.0136996
0.12103
0.224546
0.306125
0.336147
0.27032
0.0951615
-0.067019
-0.205328
-0.251881
-0.266067
-0.267211
-0.266766
-0.613199
-0.577964
-0.511368
-0.425504
-0.330246
-0.229921
-0.1264
-0.021485
0.0820564
0.179564
0.252383
0.269068
0.172735
0.0133867
-0.134578
-0.243441
-0.256906
-0.256633
-0.257693
-0.257336
-0.644574
-0.609125
-0.542348
-0.456714
-0.362153
-0.263062
-0.161431
-0.0593448
0.0400519
0.131146
0.195325
0.194503
0.0882161
-0.0587414
-0.187973
-0.226485
-0.248381
-0.251681
-0.252007
-0.251756
-0.676879
-0.641119
-0.574473
-0.489213
-0.395578
-0.297992
-0.198562
-0.0996652
-0.00475465
0.0798287
0.134669
0.122151
0.00958903
-0.117724
-0.222312
-0.263165
-0.251169
-0.247754
-0.247299
-0.247095
-0.709179
-0.673407
-0.607197
-0.522518
-0.430082
-0.334318
-0.237436
-0.142076
-0.0520072
0.0263456
0.0702937
0.0556522
-0.0613065
-0.16215
-0.238541
-0.237261
-0.242377
-0.243842
-0.244003
-0.243899
-0.740466
-0.705189
-0.639353
-0.555908
-0.465026
-0.371474
-0.277513
-0.185986
-0.10108
-0.028746
0.00816983
-0.0118993
-0.121985
-0.202235
-0.221249
-0.245407
-0.244771
-0.243195
-0.242395
-0.242116
-0.769154
-0.734848
-0.670137
-0.588322
-0.49952
-0.408653
-0.318054
-0.230642
-0.150988
-0.0847012
-0.0486205
-0.0843655
-0.175241
-0.233717
-0.236316
-0.242683
-0.245943
-0.245307
-0.244776
-0.244287
-0.793564
-0.760709
-0.697863
-0.618481
-0.532433
-0.444834
-0.358096
-0.275114
-0.200545
-0.140409
-0.105211
-0.146647
-0.225332
-0.284119
-0.299817
-0.27999
-0.263278
-0.257612
-0.25545
-0.254319
-0.811377
-0.780668
-0.720525
-0.644717
-0.562393
-0.478793
-0.396499
-0.318315
-0.248659
-0.194209
-0.162349
-0.19368
-0.258427
-0.356027
-0.350237
-0.306589
-0.287015
-0.278845
-0.27406
-0.272084
-0.820263
-0.792242
-0.736245
-0.665156
-0.587782
-0.509233
-0.43205
-0.359039
-0.294254
-0.244248
-0.211683
-0.222191
-0.239797
-0.314074
-0.293486
-0.278038
-0.274294
-0.27079
-0.268442
-0.267959
-0.817308
-0.793555
-0.743198
-0.678022
-0.607004
-0.534669
-0.463463
-0.396106
-0.336216
-0.289576
-0.24957
-0.226954
-0.161063
-0.138388
-0.166816
-0.20201
-0.224422
-0.23496
-0.239619
-0.240628
-0.799044
-0.781368
-0.739593
-0.682002
-0.618794
-0.553851
-0.489507
-0.428298
-0.373747
-0.3303
-0.283067
-0.23476
-0.0891892
0.130765
-0.00808051
-0.154518
-0.224521
-0.252102
-0.261465
-0.26422
-0.767095
-0.7549
-0.723947
-0.676531
-0.622517
-0.566123
-0.509265
-0.454528
-0.405892
-0.367487
-0.332796
-0.311501
-0.293489
-0.239574
-0.341969
-0.380378
-0.387007
-0.387974
-0.388639
-0.39011
-0.726096
-0.718537
-0.699173
-0.663097
-0.619034
-0.571603
-0.522361
-0.47407
-0.430899
-0.399997
-0.38221
-0.479555
-0.766402
-1.1306
-1.10927
-0.818386
-0.634964
-0.547216
-0.521327
-0.515634
-0.684473
-0.68025
-0.669891
-0.645931
-0.611119
-0.571546
-0.528996
-0.48607
-0.446627
-0.418312
-0.405499
-0.486821
-0.519649
-0.532632
-0.396704
-0.305865
-0.333503
-0.384914
-0.39852
-0.392098
-0.651091
-0.648913
-0.643496
-0.628063
-0.60173
-0.567849
-0.530512
-0.490215
-0.45078
-0.415737
-0.402325
-0.350549
-0.253331
-0.146807
-0.11729
-0.227595
-0.354754
-0.3577
-0.31809
-0.315784
-0.626657
-0.625668
-0.623678
-0.615081
-0.594425
-0.564571
-0.528824
-0.488804
-0.445376
-0.404207
-0.381771
-0.351305
-0.289437
-0.273283
-0.326943
-0.443352
-0.552203
-0.555303
-0.487841
-0.46267
-0.610622
-0.610134
-0.60936
-0.605252
-0.590346
-0.562573
-0.526155
-0.483357
-0.436197
-0.387001
-0.349799
-0.331518
-0.246798
-0.206375
-0.189192
-0.205689
-0.251069
-0.243732
-0.20068
-0.174087
-0.600932
-0.60074
-0.600189
-0.598791
-0.588705
-0.562188
-0.523471
-0.476232
-0.422195
-0.357474
-0.298354
-0.223568
-0.124341
-0.0247001
0.0206106
0.0370107
0.117134
0.250644
0.362995
0.411876
-0.594651
-0.594425
-0.59376
-0.5933
-0.587878
-0.564294
-0.522374
-0.469651
-0.405473
-0.331174
-0.243186
-0.134622
0.0643536
0.28438
0.509978
0.707467
0.910941
1.0899
1.20365
1.24582
-0.592475
-0.592232
-0.591597
-0.59102
-0.589719
-0.569533
-0.523967
-0.464845
-0.39332
-0.305647
-0.197871
-0.0938722
0.134634
0.452518
0.818352
1.17412
1.45856
1.64519
1.73618
1.7623
-0.592225
-0.593083
-0.595475
-0.598898
-0.599807
-0.57766
-0.528089
-0.464758
-0.38709
-0.289277
-0.178554
-0.0653008
0.131789
0.471797
0.849286
1.19199
1.46466
1.6272
1.69843
1.71635
-0.589447
-0.59062
-0.592512
-0.594845
-0.595333
-0.57586
-0.533401
-0.471777
-0.388503
-0.286036
-0.17546
-0.0627246
0.0796064
0.377613
0.701153
0.986228
1.20229
1.32393
1.37489
1.38632
-0.605905
-0.604362
-0.590461
-0.558508
-0.537857
-0.5495
-0.543013
-0.485321
-0.396275
-0.289976
-0.182962
-0.0774885
0.0277738
0.24365
0.502365
0.717012
0.878234
0.963679
0.997657
1.00267
-0.660741
-0.656167
-0.642946
-0.617016
-0.602375
-0.608875
-0.590995
-0.511779
-0.409412
-0.297564
-0.194202
-0.104299
-0.0281694
0.125782
0.311686
0.465657
0.578667
0.635879
0.657468
0.659985
-0.774495
-0.785729
-0.818516
-0.854522
-0.851954
-0.812145
-0.697785
-0.554462
-0.421107
-0.302349
-0.205954
-0.129652
-0.0720946
0.0375798
0.16343
0.263266
0.333277
0.368361
0.380721
0.381621
-0.89506
-0.92002
-0.966812
-1.00063
-0.995875
-0.935766
-0.765571
-0.576395
-0.421649
-0.300142
-0.211175
-0.145741
-0.0960892
-0.0248429
0.0472154
0.104304
0.13945
0.154481
0.160511
0.160566
-0.868815
-0.888912
-0.925525
-0.95452
-0.950415
-0.881285
-0.710131
-0.534894
-0.390802
-0.281543
-0.207597
-0.155814
-0.116378
-0.0670094
-0.0312701
-0.0103713
-0.00185879
-1.60581e-05
0.000946591
0.00139551
-0.633966
-0.65495
-0.691652
-0.726949
-0.731633
-0.668323
-0.544801
-0.42413
-0.322976
-0.245066
-0.192397
-0.158789
-0.132445
-0.102785
-0.0833814
-0.0771133
-0.0815556
-0.085126
-0.0839783
-0.0829318
-0.284022
-0.296595
-0.321299
-0.352359
-0.372504
-0.362784
-0.328536
-0.281284
-0.235759
-0.195484
-0.170198
-0.160103
-0.15188
-0.127679
-0.108394
-0.10181
-0.101443
-0.100993
-0.0993125
-0.0988154
0.00749319
0.0013581
-0.0151208
-0.0436721
-0.0810935
-0.114916
-0.137619
-0.1488
-0.148346
-0.141397
-0.140734
-0.152578
-0.159781
-0.131625
-0.10579
-0.0897253
-0.0826249
-0.0786717
-0.0771683
-0.0772375
0.16407
0.160655
0.148824
0.122906
0.0813017
0.0304643
-0.0159477
-0.0518013
-0.0747888
-0.0884402
-0.101607
-0.123638
-0.1336
-0.10406
-0.0786084
-0.0629413
-0.0527809
-0.0476524
-0.046243
-0.0469293
0.212694
0.210632
0.202037
0.181299
0.145754
0.100221
0.0533754
0.0120009
-0.0191714
-0.0398355
-0.0540614
-0.0670501
-0.0672452
-0.0486958
-0.0352782
-0.0274856
-0.0217994
-0.01917
-0.0188064
-0.0195526
0.207853
0.206488
0.200591
0.185928
0.160225
0.125922
0.0877104
0.0515052
0.0220238
0.00282182
-0.00319914
-0.000232847
0.0130906
0.0141201
0.0116227
0.00951194
0.00921164
0.00941244
0.00897453
0.00812318
0.183794
0.182983
0.179254
0.169715
0.152521
0.128661
0.100586
0.0727967
0.0496647
0.0365215
0.0391345
0.0550361
0.0725389
0.0637225
0.0502206
0.0413885
0.0370485
0.0352088
0.0341277
0.0331803
0.155403
0.155012
0.152829
0.146991
0.136081
0.120377
0.101186
0.0816471
0.0657638
0.0590304
0.0672905
0.0867168
0.102495
0.0900595
0.0739047
0.0628554
0.0569824
0.0536581
0.0516619
0.0507464
0.127729
0.127557
0.126416
0.123049
0.116469
0.106652
0.0943823
0.0818523
0.0724262
0.0709565
0.0821667
0.0997235
0.109657
0.0981821
0.0850902
0.0752617
0.0686573
0.0639626
0.061528
0.0608464
0.102032
0.101992
0.101436
0.0996348
0.0958993
0.0901208
0.0828212
0.0755983
0.0713352
0.0741585
0.0874467
0.103488
0.109137
0.0977451
0.0871037
0.0793115
0.0731803
0.0690656
0.0668774
0.0664408
0.0780321
0.0780957
0.0779114
0.0771129
0.0753386
0.0720681
0.0682204
0.0647746
0.0640826
0.0699606
0.0852856
0.10241
0.107777
0.0953553
0.0863445
0.0803489
0.0757864
0.0724696
0.0710345
0.0706484
0.0555294
0.0556232
0.0556316
0.0553886
0.0546091
0.0532491
0.051493
0.0503215
0.0516139
0.0588151
0.0751204
0.0950367
0.102835
0.0902709
0.0802294
0.0756865
0.0734758
0.0720852
0.0710662
0.0704312
0.0342742
0.0343605
0.0344452
0.034454
0.0342853
0.0338496
0.0333496
0.0333096
0.0350787
0.0413108
0.0552039
0.0722068
0.0795962
0.0671617
0.0590032
0.058964
0.0595177
0.0600444
0.0591556
0.058302
0.0141707
0.0142653
0.014308
0.0144087
0.0144503
0.0145024
0.0144946
0.0146612
0.0147409
0.0164385
0.0211852
0.0275284
0.0285707
0.0289865
0.0250388
0.0261501
0.0303695
0.0317537
0.0316343
0.0304203
-0.677203
-0.113907
0.205906
0.4202
0.583526
0.707734
0.806877
0.891965
1.00032
0.998689
0.127744
0.274476
0.43429
0.571037
0.683363
0.774203
0.848954
0.906048
0.929452
0.933739
0.390103
0.488933
0.595713
0.688531
0.767544
0.833298
0.885728
0.922644
0.945744
0.962914
0.576065
0.64414
0.717866
0.784008
0.8412
0.889249
0.927926
0.957625
0.981065
0.999815
0.715606
0.766477
0.817968
0.867379
0.910573
0.947768
0.979015
1.00469
1.02626
1.04464
0.828653
0.865732
0.906904
0.945612
0.98068
1.0117
1.03862
1.06126
1.08031
1.09812
0.925815
0.955933
0.991235
1.02432
1.05516
1.08305
1.10748
1.12797
1.14461
1.16198
1.0151
1.04352
1.07688
1.10845
1.13797
1.16469
1.18789
1.20695
1.22135
1.23848
1.10537
1.1363
1.17136
1.20394
1.23374
1.26016
1.28261
1.30052
1.31306
1.33031
1.20887
1.24458
1.28247
1.31656
1.34649
1.37212
1.3933
1.40987
1.42142
1.43926
1.33794
1.37696
1.41509
1.44812
1.47603
1.49956
1.51914
1.5346
1.5464
1.56465
1.49902
1.53503
1.56709
1.59384
1.61663
1.63711
1.6557
1.67171
1.6854
1.70327
1.68368
1.70872
1.72858
1.74707
1.76471
1.78145
1.7973
1.81329
1.83041
1.84954
1.87034
1.88119
1.8939
1.90844
1.92205
1.93412
1.94502
1.95636
1.97176
1.99119
2.05223
2.06566
2.07072
2.07174
2.0737
2.08106
2.09476
2.11235
2.12609
2.13743
2.32109
2.27051
2.22304
2.19146
2.1784
2.18295
2.20619
2.25124
2.31794
2.41206
0.782961
0.779953
0.773894
0.76297
0.75048
0.739173
0.730118
0.723369
0.718914
0.717034
0.718281
0.722284
0.728459
0.736753
0.74726
0.759583
0.77194
0.780653
0.785167
0.787333
0.71126
0.717908
0.723156
0.726775
0.72789
0.726258
0.722809
0.719025
0.716053
0.714758
0.71586
0.718916
0.723019
0.727256
0.730294
0.730829
0.728515
0.72414
0.717848
0.712024
0.70114
0.704103
0.707467
0.709959
0.711721
0.712909
0.713141
0.712403
0.711353
0.71092
0.711805
0.713566
0.715252
0.716054
0.715649
0.714406
0.712513
0.709648
0.706316
0.704028
0.695078
0.696502
0.698716
0.700991
0.702717
0.703916
0.704813
0.705409
0.705696
0.70603
0.706753
0.70754
0.707906
0.707723
0.707115
0.705987
0.704187
0.701971
0.700225
0.69914
0.689694
0.690513
0.691979
0.693756
0.695501
0.696983
0.698129
0.699083
0.699938
0.700734
0.701433
0.701837
0.701866
0.701527
0.700729
0.699466
0.69796
0.696451
0.695437
0.694771
0.684613
0.685168
0.686253
0.68767
0.689188
0.6907
0.692103
0.693328
0.694443
0.695493
0.696291
0.69667
0.696633
0.696156
0.6953
0.694237
0.693091
0.692027
0.691343
0.690874
0.679704
0.680119
0.680987
0.682201
0.683537
0.684955
0.68642
0.687856
0.68921
0.69048
0.691447
0.691909
0.691875
0.691436
0.690746
0.689931
0.68906
0.688271
0.687771
0.687414
0.674897
0.675223
0.67594
0.677006
0.678249
0.679603
0.681061
0.682604
0.684175
0.685699
0.686886
0.687496
0.687597
0.687346
0.686877
0.686273
0.685623
0.68505
0.684678
0.684393
0.670104
0.670369
0.670979
0.671945
0.673129
0.674453
0.675928
0.677559
0.679317
0.681122
0.682593
0.683451
0.683796
0.683786
0.683543
0.683159
0.68271
0.68231
0.682035
0.681799
0.665234
0.665454
0.66599
0.666896
0.668045
0.669373
0.670904
0.672655
0.67462
0.676737
0.678572
0.679774
0.680429
0.68069
0.68069
0.680535
0.680277
0.680028
0.679829
0.679627
0.660194
0.660382
0.660869
0.661744
0.662895
0.66427
0.665896
0.667814
0.670042
0.672536
0.674823
0.676448
0.677467
0.678041
0.67831
0.678384
0.678321
0.678208
0.67807
0.677894
0.654895
0.655059
0.655516
0.656392
0.657586
0.65905
0.66082
0.662967
0.665531
0.668497
0.671332
0.67346
0.674906
0.675839
0.676408
0.676716
0.676864
0.676879
0.676792
0.676632
0.649238
0.649384
0.649831
0.650736
0.652014
0.653615
0.65559
0.658038
0.661029
0.664584
0.668083
0.670812
0.672758
0.674099
0.675008
0.675606
0.675957
0.67609
0.676045
0.675896
0.643113
0.643246
0.643699
0.644662
0.646068
0.64786
0.650112
0.652949
0.656479
0.660759
0.665064
0.668509
0.671046
0.672865
0.674159
0.675072
0.675653
0.675906
0.6759
0.675757
0.63639
0.636512
0.636986
0.638039
0.639621
0.641669
0.64428
0.647613
0.651817
0.656983
0.662262
0.666564
0.669801
0.672183
0.673922
0.675194
0.676032
0.676408
0.676438
0.676297
0.628912
0.629028
0.629532
0.630711
0.632523
0.6349
0.63797
0.641928
0.646967
0.653218
0.659671
0.664995
0.66906
0.672106
0.674377
0.67607
0.677189
0.677695
0.677756
0.677613
0.620477
0.620592
0.621138
0.622485
0.624583
0.627381
0.631036
0.635778
0.641852
0.649426
0.657291
0.663832
0.668871
0.672697
0.67561
0.677786
0.679224
0.679867
0.679959
0.67981
0.610781
0.610907
0.611546
0.613091
0.615567
0.618911
0.623305
0.629031
0.636387
0.645576
0.655133
0.66311
0.669301
0.674043
0.677705
0.680446
0.682245
0.683032
0.683151
0.682993
0.599532
0.599658
0.600415
0.602236
0.605191
0.609232
0.614563
0.621529
0.630479
0.641636
0.653212
0.662877
0.670412
0.67623
0.680752
0.684158
0.686356
0.687291
0.687432
0.687261
0.58624
0.586383
0.5873
0.589483
0.593062
0.598009
0.604552
0.613098
0.624036
0.637585
0.651555
0.663189
0.672271
0.679332
0.684856
0.689018
0.691646
0.692726
0.692881
0.692694
0.570251
0.570433
0.571582
0.574257
0.578669
0.584825
0.592963
0.603549
0.616982
0.633431
0.650213
0.664111
0.674949
0.683425
0.690086
0.695091
0.698168
0.699378
0.699537
0.69933
0.550622
0.550882
0.552381
0.555759
0.561336
0.569159
0.579451
0.59271
0.609286
0.629233
0.649272
0.665725
0.678531
0.688575
0.696483
0.702407
0.705919
0.707228
0.707373
0.707146
0.525928
0.526334
0.528388
0.532843
0.540154
0.550378
0.563669
0.580474
0.601
0.625115
0.64886
0.668125
0.683067
0.694822
0.704062
0.710929
0.714814
0.716165
0.716277
0.716029
0.493852
0.494558
0.497587
0.50388
0.513982
0.527833
0.545384
0.566885
0.592299
0.621278
0.649143
0.671422
0.688616
0.70216
0.712804
0.720525
0.724656
0.725965
0.726022
0.725759
0.450247
0.451672
0.456784
0.4667
0.481666
0.501128
0.524688
0.552263
0.583565
0.618056
0.650345
0.675743
0.695227
0.710553
0.722564
0.73096
0.735108
0.736273
0.736258
0.735987
0.387367
0.391852
0.402531
0.419608
0.442844
0.470709
0.502285
0.537299
0.575355
0.61582
0.652676
0.681181
0.702887
0.719892
0.733034
0.741784
0.74567
0.746548
0.746455
0.746195
0.312596
0.320704
0.340179
0.367881
0.401751
0.43906
0.479238
0.522172
0.567529
0.614708
0.657
0.689404
0.713934
0.732955
0.747338
0.756242
0.759786
0.760487
0.760446
0.760315
0.237573
0.251008
0.279626
0.317774
0.36172
0.408356
0.457149
0.508068
0.560821
0.614846
0.662731
0.699132
0.726538
0.747749
0.763326
0.771905
0.774761
0.77523
0.775217
0.775176
0.175251
0.192531
0.226834
0.272816
0.324978
0.379815
0.436541
0.49503
0.554893
0.615509
0.668708
0.708843
0.738872
0.761749
0.777938
0.786426
0.789099
0.789498
0.789523
0.789532
0.124137
0.143475
0.182242
0.234039
0.292631
0.354245
0.41784
0.483129
0.549564
0.616401
0.674668
0.718341
0.750809
0.775358
0.792413
0.800921
0.803447
0.804016
0.804107
0.804153
0.0812964
0.101883
0.143985
0.200409
0.264313
0.331598
0.401109
0.472437
0.544885
0.617547
0.680629
0.727694
0.762536
0.788711
0.806623
0.815439
0.818298
0.818927
0.81904
0.819116
0.0444333
0.0658125
0.110572
0.170745
0.239118
0.311304
0.386025
0.462774
0.54073
0.618834
0.686498
0.736839
0.774005
0.801827
0.820689
0.830137
0.833234
0.833919
0.834005
0.834097
0.0118804
0.0338122
0.0807264
0.144056
0.216235
0.292708
0.372079
0.453748
0.536803
0.620049
0.692104
0.745611
0.785016
0.814415
0.834245
0.844355
0.847716
0.848495
0.848581
0.848663
-0.0175931
0.00473926
0.0534769
0.119518
0.195008
0.275258
0.35881
0.444997
0.532824
0.620963
0.697248
0.753812
0.795363
0.826231
0.847019
0.857744
0.861404
0.862215
0.862285
0.862352
-0.0449709
-0.0222191
0.028103
0.0965081
0.174934
0.258549
0.345881
0.436222
0.528523
0.62135
0.701757
0.761297
0.80491
0.837175
0.858841
0.870046
0.873964
0.874789
0.874839
0.874884
-0.0707796
-0.0475971
0.00412912
0.0745892
0.155643
0.242271
0.333025
0.427193
0.52371
0.621059
0.705533
0.768011
0.813622
0.847187
0.869541
0.881092
0.885196
0.886045
0.886061
0.886075
-0.0954637
-0.0717753
-0.0189322
0.0534797
0.136864
0.226197
0.320064
0.417763
0.518247
0.619984
0.7085
0.773943
0.821523
0.856269
0.879202
0.890972
0.895134
0.89598
0.895978
0.895963
-0.119308
-0.0951521
-0.0412291
0.0329607
0.118426
0.210191
0.306876
0.407828
0.512039
0.618023
0.710612
0.779105
0.828682
0.864553
0.887935
0.899751
0.903891
0.904707
0.904689
0.904647
-0.142498
-0.117829
-0.0628401
0.0129017
0.10023
0.194168
0.293399
0.397329
0.505029
0.615118
0.711823
0.783518
0.835212
0.872192
0.895877
0.907639
0.911661
0.912414
0.912357
0.912292
-0.165112
-0.13992
-0.0838891
-0.00676305
0.0822265
0.178106
0.279619
0.386248
0.49718
0.611214
0.712083
0.787197
0.841218
0.87937
0.903245
0.914775
0.918575
0.919228
0.91914
0.919054
-0.187153
-0.161493
-0.104459
-0.0260607
0.0644072
0.162003
0.265548
0.374606
0.488495
0.606275
0.71133
0.790133
0.846809
0.886274
0.910211
0.921288
0.924737
0.925234
0.925104
0.925002
-0.208676
-0.18251
-0.124536
-0.0449808
0.0467943
0.145895
0.251233
0.362444
0.479014
0.600287
0.70951
0.792283
0.85203
0.893106
0.917059
0.927382
0.930217
0.930488
0.93032
0.930213
-0.229607
-0.202943
-0.144081
-0.0634984
0.0294235
0.129847
0.236741
0.349836
0.468788
0.593258
0.706545
0.793549
0.856868
0.900051
0.924171
0.933442
0.935254
0.935096
0.934883
0.934798
-0.249964
-0.222758
-0.163096
-0.0815712
0.0123559
0.113916
0.222154
0.336873
0.457887
0.585234
0.702376
0.793796
0.861211
0.90718
0.932008
0.940183
0.940372
0.939231
0.938856
0.938889
-0.269659
-0.24196
-0.181535
-0.0991663
-0.00436047
0.0981797
0.207544
0.323629
0.446415
0.576281
0.696963
0.79285
0.86484
0.914332
0.94087
0.948662
0.946941
0.943797
0.942271
0.942179
-0.288761
-0.260522
-0.199358
-0.116234
-0.0206552
0.0827182
0.193031
0.310236
0.434492
0.566485
0.690302
0.790521
0.867438
0.921039
0.950459
0.95965
0.957419
0.951494
0.944723
0.92824
-0.307208
-0.278435
-0.2167
-0.132976
-0.0368176
0.0672116
0.178208
0.296251
0.421626
0.555349
0.681886
0.786272
0.868707
0.926929
0.960046
0.972943
0.972686
0.965436
0.951091
0.96616
-0.32512
-0.295682
-0.233501
-0.149366
-0.0527698
0.0517157
0.163078
0.281698
0.407805
0.542761
0.671488
0.779451
0.867866
0.930886
0.966537
0.982601
0.98551
0.975138
0.914244
0.898836
-0.343086
-0.312866
-0.249511
-0.165081
-0.0679363
0.0366752
0.147856
0.266834
0.393308
0.528911
0.659079
0.769587
0.863856
0.932016
0.96507
0.980575
0.973675
0.936684
0.869265
0.828823
-0.361777
-0.330962
-0.26432
-0.179854
-0.0819401
0.0222313
0.132929
0.251828
0.37821
0.513794
0.644478
0.756412
0.854237
0.928829
0.977767
0.951991
0.921391
0.855229
0.782883
0.739226
0.061469
0.177008
0.299225
0.429468
0.563678
0.686154
0.788704
0.619203
-0.381987
-0.363226
-0.32509
-0.253902
-0.163262
-0.0638354
0.0436599
0.158105
0.279535
0.408594
0.541762
0.663533
0.765047
0.84588
0.898435
0.850249
0.704
0.613218
0.542498
-0.399084
-0.386128
-0.341797
-0.269223
-0.178172
-0.0784914
0.028503
0.142459
0.263023
0.390714
0.521711
0.640138
0.735516
0.803563
0.799762
0.691174
0.543333
0.434878
0.344185
-0.421758
-0.409138
-0.361845
-0.288238
-0.19717
-0.0971798
0.00984791
0.123462
0.243075
0.36914
0.497035
0.610322
0.694859
0.745709
0.705191
0.540453
0.372488
0.237426
0.118251
-0.44461
-0.431845
-0.382988
-0.308075
-0.2167
-0.116718
-0.00999838
0.102875
0.221254
0.345234
0.469496
0.576753
0.65397
0.676613
0.588811
0.394106
0.195123
0.0155768
-0.15181
-0.466687
-0.454411
-0.404783
-0.328743
-0.236986
-0.137029
-0.0307614
0.0812192
0.198171
0.3197
0.439804
0.540188
0.607795
0.591532
0.460082
0.258256
0.0390792
-0.168176
-0.355462
-0.489376
-0.477374
-0.427454
-0.350697
-0.258638
-0.158642
-0.052756
0.0583822
0.173834
0.292741
0.408409
0.501216
0.554641
0.516221
0.342425
0.144372
-0.066792
-0.264516
-0.386732
-0.426262
-0.513401
-0.501539
-0.45137
-0.374229
-0.282062
-0.182134
-0.0767024
0.0334678
0.147179
0.26305
0.373692
0.458439
0.495896
0.433825
0.237246
0.0479887
-0.132099
-0.267607
-0.313778
-0.337486
-0.538898
-0.52716
-0.476802
-0.399453
-0.307332
-0.207682
-0.102892
0.00603331
0.117642
0.22995
0.334832
0.411195
0.42785
0.32801
0.143308
-0.0315214
-0.183768
-0.267032
-0.287212
-0.292599
-0.56619
-0.55444
-0.503873
-0.426386
-0.334436
-0.235241
-0.131346
-0.0239573
0.0851738
0.193424
0.291797
0.359423
0.346799
0.226122
0.0560106
-0.108309
-0.228108
-0.272401
-0.272028
-0.273108
-0.59518
-0.583521
-0.53262
-0.455036
-0.363373
-0.264814
-0.162062
-0.0565036
0.0497672
0.153494
0.244795
0.302048
0.27224
0.130465
-0.024472
-0.17719
-0.243383
-0.261075
-0.262077
-0.261723
-0.625723
-0.614077
-0.56294
-0.485322
-0.394057
-0.296349
-0.194984
-0.0915822
0.0114467
0.110229
0.194097
0.2393
0.206265
0.0475306
-0.0972945
-0.212205
-0.261841
-0.254841
-0.254569
-0.25455
-0.657332
-0.645614
-0.594572
-0.516991
-0.4263
-0.32967
-0.229974
-0.12906
-0.0296415
0.0639188
0.139947
0.175654
0.128354
-0.0246152
-0.156092
-0.23521
-0.251189
-0.249567
-0.249458
-0.249186
-0.689499
-0.677706
-0.626934
-0.549627
-0.459735
-0.364447
-0.26674
-0.168652
-0.0732299
0.0149391
0.0831272
0.107938
0.0429676
-0.0862342
-0.200078
-0.220132
-0.23767
-0.244301
-0.245126
-0.244997
-0.721249
-0.709455
-0.659171
-0.582597
-0.493799
-0.400187
-0.304827
-0.209907
-0.11881
-0.0362827
0.0253766
0.0340537
-0.0322022
-0.140585
-0.215458
-0.265878
-0.249615
-0.244723
-0.243166
-0.242871
-0.750731
-0.739794
-0.690352
-0.614865
-0.527679
-0.43617
-0.34358
-0.252185
-0.165628
-0.0890155
-0.0320342
-0.0329664
-0.101277
-0.187007
-0.241612
-0.248868
-0.246383
-0.243867
-0.242815
-0.242464
-0.777207
-0.766569
-0.719103
-0.645199
-0.560283
-0.471429
-0.382121
-0.294663
-0.212751
-0.141991
-0.0897081
-0.0913695
-0.163652
-0.232944
-0.255493
-0.252559
-0.253362
-0.251159
-0.249207
-0.248531
-0.798014
-0.788045
-0.743061
-0.672158
-0.590262
-0.504805
-0.419362
-0.336312
-0.259167
-0.193804
-0.14728
-0.144235
-0.209621
-0.28837
-0.332059
-0.313357
-0.284716
-0.270594
-0.265499
-0.263285
-0.811162
-0.802257
-0.760542
-0.693648
-0.615983
-0.534917
-0.454113
-0.375924
-0.303778
-0.243258
-0.201394
-0.189744
-0.234373
-0.304032
-0.347037
-0.312011
-0.292974
-0.284226
-0.278504
-0.275735
-0.814039
-0.806785
-0.7695
-0.707887
-0.635659
-0.56025
-0.484994
-0.412278
-0.3454
-0.289241
-0.248509
-0.22267
-0.219719
-0.207256
-0.25413
-0.242559
-0.245888
-0.248155
-0.25035
-0.251571
-0.80483
-0.799012
-0.767602
-0.713005
-0.647828
-0.579333
-0.510724
-0.444209
-0.382891
-0.330926
-0.289056
-0.245498
-0.178952
-0.0581882
-0.0365399
-0.131506
-0.195645
-0.224605
-0.237405
-0.241938
-0.780237
-0.776136
-0.752225
-0.707583
-0.651478
-0.591221
-0.530224
-0.470508
-0.415184
-0.367946
-0.330127
-0.279665
-0.208129
-0.0661041
-0.0199401
-0.156721
-0.251573
-0.291602
-0.306988
-0.312922
-0.743589
-0.741059
-0.725452
-0.691832
-0.646704
-0.595799
-0.543007
-0.490384
-0.441056
-0.400297
-0.371933
-0.363577
-0.450926
-0.689813
-0.837907
-0.756511
-0.59347
-0.507562
-0.480651
-0.472982
-0.701581
-0.699974
-0.692267
-0.66961
-0.635649
-0.59413
-0.549329
-0.50339
-0.459466
-0.423344
-0.40492
-0.445553
-0.627464
-0.8936
-1.00159
-0.839694
-0.61714
-0.532552
-0.490416
-0.478027
-0.664187
-0.663156
-0.659666
-0.647101
-0.622148
-0.588581
-0.550408
-0.50955
-0.468832
-0.432962
-0.415612
-0.393125
-0.376533
-0.268196
-0.128204
-0.0676663
-0.151721
-0.236186
-0.279594
-0.282366
-0.637545
-0.637002
-0.63472
-0.628421
-0.61046
-0.582623
-0.548422
-0.510154
-0.468933
-0.429206
-0.39706
-0.361824
-0.316008
-0.247655
-0.254557
-0.391948
-0.557052
-0.615474
-0.565402
-0.492208
-0.617519
-0.617088
-0.616196
-0.613796
-0.602525
-0.578851
-0.545905
-0.507236
-0.464457
-0.418148
-0.377859
-0.374663
-0.307244
-0.266604
-0.260772
-0.285342
-0.35697
-0.411002
-0.39938
-0.358729
-0.60536
-0.605221
-0.604784
-0.603299
-0.597667
-0.577177
-0.54413
-0.503174
-0.455399
-0.401726
-0.348891
-0.308521
-0.249137
-0.157927
-0.10919
-0.130706
-0.136066
-0.086349
-0.00618359
0.051531
-0.59733
-0.597316
-0.59699
-0.596653
-0.594154
-0.577834
-0.544116
-0.498822
-0.443739
-0.381202
-0.305621
-0.2343
-0.101629
0.0501495
0.190926
0.301755
0.421141
0.586324
0.732562
0.81178
-0.593007
-0.592908
-0.592372
-0.591397
-0.590234
-0.580809
-0.546636
-0.496206
-0.434976
-0.36042
-0.269257
-0.170628
-0.0107305
0.250636
0.553191
0.856567
1.13543
1.35884
1.50438
1.56953
-0.592665
-0.592721
-0.59303
-0.593601
-0.594407
-0.588198
-0.552199
-0.496783
-0.42863
-0.344373
-0.243929
-0.130916
0.0214146
0.297839
0.674712
1.05059
1.38202
1.61735
1.74343
1.78899
-0.590128
-0.591096
-0.593317
-0.598139
-0.603724
-0.596263
-0.557806
-0.50104
-0.429168
-0.339297
-0.233363
-0.113869
0.00230656
0.260138
0.61595
0.952498
1.24034
1.43362
1.53109
1.56431
-0.592245
-0.593321
-0.592193
-0.58506
-0.575836
-0.570615
-0.553846
-0.510829
-0.437487
-0.341739
-0.232969
-0.122003
-0.017993
0.166647
0.463517
0.733024
0.956736
1.10054
1.16908
1.19099
-0.628655
-0.627576
-0.617187
-0.585769
-0.546941
-0.54165
-0.564639
-0.533141
-0.452097
-0.349048
-0.240754
-0.138573
-0.0465544
0.0726119
0.297303
0.499574
0.663858
0.764828
0.810821
0.824455
-0.710959
-0.706613
-0.711616
-0.720041
-0.72662
-0.711628
-0.685695
-0.588197
-0.474447
-0.357299
-0.24861
-0.157366
-0.082606
0.00205079
0.158165
0.298357
0.40934
0.476117
0.505372
0.513443
-0.847716
-0.850571
-0.88499
-0.936609
-0.957168
-0.929498
-0.829293
-0.654745
-0.493515
-0.361187
-0.254045
-0.172258
-0.108524
-0.0475587
0.0536922
0.144256
0.208406
0.24564
0.260498
0.264799
-0.905367
-0.916061
-0.950902
-0.988493
-1.0048
-0.974031
-0.854725
-0.656316
-0.482656
-0.34843
-0.248709
-0.179083
-0.126255
-0.0765506
-0.0209471
0.0237466
0.0533788
0.0666099
0.0714836
0.0731442
-0.772854
-0.782244
-0.813928
-0.851034
-0.870598
-0.84003
-0.717627
-0.558607
-0.419142
-0.309647
-0.230309
-0.178666
-0.139013
-0.101839
-0.0711532
-0.0529017
-0.0490259
-0.0522426
-0.0529191
-0.0512374
-0.457767
-0.468053
-0.492743
-0.526816
-0.554028
-0.54637
-0.480867
-0.395485
-0.314846
-0.248867
-0.199351
-0.169419
-0.150049
-0.128755
-0.107184
-0.0949103
-0.0951014
-0.0989083
-0.0988866
-0.0974278
-0.120569
-0.126182
-0.140331
-0.165718
-0.197955
-0.21924
-0.226821
-0.219575
-0.202096
-0.179395
-0.160982
-0.155823
-0.158564
-0.146497
-0.120625
-0.105115
-0.0971928
-0.0943548
-0.0918112
-0.0907608
0.104049
0.101145
0.0927392
0.0723782
0.0378185
-0.008508
-0.0516539
-0.0839157
-0.103913
-0.112435
-0.11739
-0.130867
-0.151744
-0.137481
-0.107456
-0.0838646
-0.0715702
-0.0647488
-0.0619539
-0.0613561
0.198866
0.19729
0.191879
0.175665
0.143953
0.0978567
0.0478729
0.00224908
-0.032313
-0.055389
-0.0707607
-0.0879283
-0.105984
-0.0895488
-0.068076
-0.0519576
-0.0409801
-0.0346081
-0.0323209
-0.0324962
0.214754
0.213775
0.210022
0.198156
0.173981
0.137655
0.0954578
0.0531272
0.0174181
-0.00858677
-0.0241083
-0.0320114
-0.0330076
-0.0205716
-0.0130133
-0.00965934
-0.00713535
-0.00544232
-0.00487096
-0.00547419
0.197171
0.196665
0.194224
0.186321
0.169796
0.144331
0.112952
0.0795804
0.0497293
0.0275971
0.0181437
0.0235399
0.0371836
0.0443845
0.037021
0.0294383
0.0251638
0.0235536
0.0229068
0.0218952
0.16976
0.169571
0.168121
0.163219
0.15263
0.135777
0.114009
0.089949
0.0678486
0.0524063
0.0500943
0.0628671
0.0838818
0.0859476
0.0706716
0.0581313
0.0500808
0.0463692
0.044417
0.0432121
0.141271
0.141288
0.14054
0.137708
0.131282
0.120673
0.10648
0.0904512
0.0757019
0.0665751
0.0695221
0.0854055
0.104347
0.104107
0.0876715
0.0749859
0.067066
0.0617967
0.0584258
0.0569494
0.11458
0.114673
0.114292
0.112753
0.109059
0.102707
0.0939643
0.0840683
0.0753798
0.0716658
0.0785584
0.0949907
0.108908
0.105917
0.0923209
0.0817401
0.0742869
0.0691151
0.0654078
0.0641893
0.0897273
0.0898738
0.0897468
0.0890183
0.0871082
0.0835456
0.0785925
0.0731332
0.0689363
0.0692997
0.0792304
0.0965127
0.108964
0.104617
0.0923153
0.0832157
0.0773658
0.0726968
0.0696344
0.0688185
0.066519
0.0666699
0.066693
0.0664625
0.0656375
0.0639375
0.0614418
0.0588771
0.057625
0.0605241
0.0721613
0.0917623
0.106857
0.0992201
0.0888457
0.0809372
0.0768747
0.0742
0.0726083
0.0718509
0.0446641
0.0447986
0.0448723
0.0448674
0.0446592
0.0440328
0.0430723
0.0421481
0.0425123
0.0462529
0.0573981
0.0753487
0.092809
0.0895142
0.0765914
0.0698552
0.0684327
0.0677593
0.0673404
0.0664849
0.0239983
0.0241054
0.0241897
0.0242926
0.0243533
0.0242598
0.0240604
0.0239695
0.0244134
0.0272206
0.0346392
0.0463771
0.0539786
0.0531023
0.0465112
0.0439864
0.0455618
0.0483739
0.0479599
0.0468333
0.0142337
0.0142835
0.0143491
0.0144386
0.0144883
0.0144993
0.0145194
0.0148217
0.015308
0.0185366
0.0241351
0.0281853
0.0297008
0.0263391
0.0253545
0.0277702
0.0315448
0.0318054
0.031289
0.00917936
-0.32549
0.015191
0.232304
0.420266
0.571756
0.691915
0.787364
0.868451
0.927709
0.923094
0.168849
0.319503
0.459422
0.579828
0.682461
0.767797
0.837918
0.892469
0.92564
0.937807
0.429073
0.52456
0.617424
0.700918
0.773273
0.834709
0.88507
0.923558
0.950895
0.969679
0.607085
0.670828
0.737829
0.799426
0.852371
0.898001
0.936173
0.967019
0.99183
1.00969
0.742752
0.788668
0.840206
0.885686
0.926716
0.962782
0.994019
1.02042
1.04244
1.05787
0.853268
0.890448
0.9307
0.967301
1.00134
1.03221
1.05959
1.08309
1.1027
1.11549
0.950029
0.982142
1.01664
1.04965
1.08067
1.10925
1.13475
1.1565
1.17422
1.18463
1.04053
1.07162
1.10563
1.13873
1.16955
1.19769
1.22247
1.24321
1.25935
1.26791
1.13496
1.16963
1.20628
1.24157
1.27336
1.3015
1.32559
1.34528
1.36003
1.36797
1.24756
1.28783
1.32698
1.3637
1.39541
1.42242
1.44493
1.46313
1.47677
1.48583
1.39127
1.43391
1.47151
1.50514
1.5331
1.55684
1.57742
1.5948
1.60863
1.61974
1.56905
1.60661
1.63459
1.6589
1.67989
1.69915
1.71738
1.73451
1.75039
1.7649
1.76668
1.78769
1.80257
1.81835
1.83461
1.8499
1.8636
1.87685
1.89234
1.9107
1.95726
1.96443
1.97496
1.9865
1.99641
2.0056
2.01584
2.02692
2.03853
2.04739
2.17028
2.17204
2.16411
2.1476
2.13645
2.13587
2.14802
2.17262
2.20673
2.23127
2.58992
2.39603
2.29498
2.2371
2.20795
2.20132
2.21652
2.25734
2.33319
2.47614
-0.346131
-0.350635
-0.311019
-0.238603
-0.147233
-0.0468912
0.883622
0.949184
0.937184
0.852103
0.77553
0.700555
0.472576
0.251627
-0.0171044
-0.372137
-0.719559
)
;

boundaryField
{
    wall-4
    {
        type            zeroGradient;
    }
    pressure-outlet-7
    {
        type            fixedValue;
        value           uniform 0;
    }
    velocity-inlet-6
    {
        type            zeroGradient;
    }
    velocity-inlet-5
    {
        type            zeroGradient;
    }
    frontAndBackPlanes
    {
        type            empty;
    }
}


// ************************************************************************* //
