/*--------------------------------*- C++ -*----------------------------------*\
  =========                 |
  \\      /  F ield         | OpenFOAM: The Open Source CFD Toolbox
   \\    /   O peration     | Website:  https://openfoam.org
    \\  /    A nd           | Version:  9
     \\/     M anipulation  |
\*---------------------------------------------------------------------------*/
FoamFile
{
    format      ascii;
    class       volScalarField;
    location    "46";
    object      p;
}
// * * * * * * * * * * * * * * * * * * * * * * * * * * * * * * * * * * * * * //

dimensions      [0 2 -2 0 0 0 0];

internalField   nonuniform List<scalar> 
8800
(
0.827847
0.780058
0.741366
0.712368
0.691499
0.67666
0.666053
0.658561
0.653724
0.651644
0.652886
0.657054
0.663682
0.672986
0.685756
0.703482
0.728255
0.762192
0.804739
0.863441
0.659102
0.66678
0.67425
0.677555
0.676048
0.670964
0.66447
0.658382
0.653642
0.650778
0.650472
0.652952
0.65742
0.663348
0.670105
0.676377
0.680011
0.679272
0.673847
0.665153
0.637516
0.643675
0.647799
0.650738
0.65278
0.653376
0.652258
0.650138
0.648102
0.647169
0.648102
0.650457
0.653236
0.655401
0.655995
0.654787
0.652437
0.649038
0.644478
0.640717
0.631728
0.634377
0.637124
0.639521
0.641148
0.642299
0.643026
0.643126
0.642808
0.642729
0.643448
0.644588
0.645403
0.645448
0.644823
0.64372
0.641894
0.639316
0.636909
0.635405
0.626376
0.627799
0.629573
0.631598
0.633372
0.634701
0.635674
0.63645
0.637037
0.637566
0.638178
0.638639
0.638708
0.638395
0.637678
0.636413
0.634705
0.632846
0.631534
0.630703
0.621337
0.622257
0.623492
0.62505
0.62667
0.62818
0.629446
0.630487
0.631419
0.632271
0.632913
0.633196
0.633115
0.632644
0.631737
0.630516
0.629172
0.627899
0.62707
0.62652
0.616479
0.617147
0.618103
0.619395
0.62079
0.622231
0.623647
0.62494
0.626099
0.627155
0.627918
0.628229
0.628096
0.627545
0.626704
0.625729
0.624694
0.623753
0.623162
0.622757
0.611755
0.612271
0.613047
0.614166
0.615427
0.61678
0.618199
0.619635
0.621016
0.62229
0.623222
0.623621
0.623532
0.623092
0.622444
0.621681
0.620876
0.620172
0.619731
0.619415
0.607097
0.607507
0.608156
0.609149
0.610336
0.611639
0.613051
0.614564
0.616129
0.617649
0.618802
0.619367
0.619449
0.619208
0.618765
0.618201
0.61759
0.617071
0.616739
0.616484
0.602422
0.602756
0.603316
0.604229
0.605365
0.606649
0.60809
0.60969
0.611425
0.613212
0.614653
0.615482
0.615813
0.615801
0.615568
0.61521
0.614779
0.614412
0.614163
0.61395
0.597648
0.597924
0.598422
0.599287
0.600403
0.601706
0.603212
0.604938
0.60688
0.608972
0.610778
0.611953
0.612585
0.612833
0.612826
0.612669
0.612414
0.612179
0.611996
0.611814
0.592689
0.59292
0.593379
0.594227
0.595362
0.596728
0.598341
0.600245
0.602459
0.604931
0.607187
0.608776
0.609756
0.610299
0.61054
0.610587
0.610505
0.610387
0.610259
0.610098
0.587461
0.587657
0.588096
0.588957
0.590153
0.591626
0.593401
0.595551
0.598117
0.601073
0.603875
0.605951
0.607335
0.60821
0.608726
0.608984
0.609081
0.609073
0.608991
0.608847
0.581872
0.582039
0.582475
0.583379
0.584677
0.586307
0.58831
0.590785
0.593799
0.59736
0.600826
0.603484
0.605342
0.606596
0.607419
0.607932
0.608204
0.608297
0.608254
0.60812
0.575817
0.575959
0.576406
0.577381
0.578827
0.580671
0.582975
0.585863
0.589442
0.593748
0.598022
0.601384
0.603807
0.605508
0.606682
0.607467
0.607936
0.608136
0.60813
0.608004
0.569167
0.569283
0.569755
0.570832
0.572475
0.574603
0.577295
0.580709
0.58499
0.590206
0.595467
0.599681
0.602781
0.605011
0.606593
0.607684
0.608375
0.608686
0.608715
0.608592
0.561755
0.561847
0.562361
0.563575
0.565472
0.567964
0.571155
0.575244
0.580415
0.586763
0.593216
0.598436
0.602327
0.605173
0.607244
0.608696
0.609632
0.61006
0.610123
0.610001
0.553372
0.553465
0.554029
0.555395
0.55762
0.560581
0.564406
0.569339
0.575611
0.583347
0.591247
0.597682
0.602517
0.606097
0.60875
0.610627
0.611841
0.612396
0.612492
0.612367
0.543727
0.5438
0.544451
0.546033
0.548677
0.552236
0.556866
0.562863
0.570512
0.579956
0.589599
0.597477
0.603435
0.607886
0.611224
0.613599
0.615137
0.615831
0.615962
0.61583
0.532452
0.532506
0.533249
0.53514
0.538325
0.542656
0.548315
0.555668
0.565035
0.576563
0.588315
0.597911
0.605187
0.610668
0.614801
0.617774
0.619677
0.620523
0.620686
0.620544
0.51902
0.51906
0.519949
0.522243
0.526142
0.531493
0.538506
0.547616
0.559171
0.573276
0.587519
0.599103
0.607909
0.614582
0.619645
0.623306
0.625617
0.626622
0.626812
0.626657
0.502681
0.502708
0.503809
0.506671
0.511546
0.518273
0.527082
0.538462
0.552744
0.569962
0.587173
0.601094
0.611671
0.619727
0.625874
0.630325
0.63309
0.634255
0.634466
0.634292
0.482326
0.482351
0.483781
0.487489
0.49377
0.502439
0.51373
0.528145
0.545922
0.566925
0.587553
0.604074
0.616623
0.626233
0.633583
0.638943
0.642187
0.643502
0.643719
0.643521
0.456164
0.45621
0.458218
0.463317
0.471797
0.483342
0.498136
0.516577
0.538702
0.564178
0.58871
0.608138
0.622859
0.634175
0.642853
0.649182
0.652902
0.654332
0.654529
0.654302
0.421173
0.421322
0.42453
0.432207
0.444423
0.460368
0.480163
0.503905
0.53138
0.562048
0.59088
0.613411
0.630418
0.643529
0.653649
0.660953
0.665074
0.666547
0.666693
0.666434
0.371596
0.372562
0.378984
0.391984
0.41072
0.43349
0.460198
0.490653
0.52445
0.560901
0.594303
0.620027
0.639353
0.654288
0.665839
0.674009
0.678379
0.67979
0.679857
0.679566
0.298484
0.305703
0.320636
0.343627
0.372093
0.404008
0.43918
0.477386
0.518228
0.561013
0.599396
0.628633
0.650547
0.667542
0.680679
0.689709
0.694317
0.6957
0.695735
0.69548
0.219621
0.236719
0.260963
0.294579
0.333209
0.374448
0.418203
0.464417
0.512778
0.562685
0.607094
0.640837
0.666153
0.685787
0.700968
0.711007
0.715721
0.71697
0.717035
0.716907
0.153997
0.174163
0.206155
0.248712
0.296306
0.346333
0.398404
0.452459
0.508187
0.565015
0.615187
0.65316
0.681615
0.703638
0.720412
0.731025
0.735675
0.737059
0.737218
0.737169
0.100257
0.122098
0.159585
0.208542
0.263186
0.3206
0.380026
0.441278
0.503927
0.567331
0.622951
0.664864
0.696189
0.720294
0.738469
0.749955
0.755363
0.75666
0.756817
0.756811
0.0554201
0.0784495
0.119715
0.173755
0.234079
0.297585
0.363311
0.430946
0.499909
0.569423
0.630129
0.675696
0.709631
0.735699
0.755289
0.767811
0.773666
0.775063
0.775295
0.775327
0.0172013
0.04092
0.0850318
0.143106
0.208205
0.276886
0.34808
0.42138
0.496076
0.571233
0.636673
0.6856
0.72193
0.749759
0.770587
0.783873
0.790168
0.791828
0.792144
0.792198
-0.0163964
0.0077929
0.0541791
0.115558
0.184687
0.257864
0.333903
0.4123
0.492245
0.572642
0.642486
0.694514
0.732997
0.762329
0.784149
0.798028
0.804671
0.806679
0.807062
0.807115
-0.0468264
-0.0222216
0.0260303
0.0902411
0.162842
0.239949
0.320319
0.403356
0.488152
0.573456
0.647451
0.702366
0.742792
0.773433
0.795947
0.810207
0.817184
0.819415
0.819837
0.819873
-0.075004
-0.0500114
-0.000143419
0.0664731
0.142137
0.222722
0.306978
0.394256
0.483569
0.573521
0.651493
0.70918
0.75141
0.78312
0.806038
0.820631
0.827783
0.830185
0.830642
0.830662
-0.101693
-0.0762686
-0.0248991
0.0438029
0.122177
0.205862
0.293627
0.384795
0.478331
0.572723
0.654596
0.715037
0.759021
0.791672
0.815017
0.829671
0.83699
0.839499
0.83994
0.839923
-0.127216
-0.101352
-0.048847
0.0219178
0.102689
0.189153
0.280094
0.374837
0.472327
0.571008
0.656777
0.720024
0.765762
0.799309
0.823012
0.837819
0.845177
0.847693
0.848148
0.848103
-0.151974
-0.125539
-0.0719768
0.000588511
0.0834939
0.172453
0.266274
0.3643
0.465497
0.568333
0.658045
0.724209
0.771766
0.806235
0.830296
0.845209
0.852569
0.855039
0.85546
0.855397
-0.176086
-0.149202
-0.0944629
-0.0203178
0.064496
0.155692
0.252116
0.353148
0.45781
0.564677
0.658399
0.727639
0.777152
0.81263
0.837097
0.852094
0.859401
0.861792
0.862129
0.862017
-0.199658
-0.172226
-0.116453
-0.0408728
0.0456597
0.13885
0.237612
0.341377
0.449262
0.560017
0.657804
0.730327
0.782006
0.818648
0.843568
0.858598
0.865728
0.867953
0.868192
0.868031
-0.222803
-0.194771
-0.138003
-0.0610988
0.026969
0.121943
0.222794
0.329023
0.439873
0.554336
0.656206
0.732239
0.78639
0.824413
0.84982
0.864766
0.871594
0.873561
0.873696
0.873505
-0.245519
-0.216809
-0.159097
-0.0809775
0.00846617
0.105009
0.207717
0.316139
0.429682
0.547619
0.65354
0.733308
0.79031
0.830052
0.856032
0.87071
0.877019
0.878639
0.878666
0.878456
-0.267642
-0.238298
-0.179681
-0.100472
-0.00980506
0.0881225
0.192446
0.302807
0.418755
0.539891
0.649737
0.73343
0.793708
0.835672
0.862466
0.876682
0.882113
0.883207
0.883112
0.882901
-0.289145
-0.259202
-0.199733
-0.119529
-0.0277833
0.0713472
0.177078
0.28911
0.407173
0.531182
0.644747
0.732471
0.796461
0.841293
0.869456
0.883184
0.887193
0.887337
0.887044
0.886886
-0.31009
-0.279476
-0.21922
-0.138112
-0.0454036
0.0547671
0.161701
0.275153
0.39503
0.521556
0.638526
0.730287
0.798351
0.846754
0.877247
0.891051
0.893225
0.891479
0.890558
0.890662
-0.330301
-0.299095
-0.238079
-0.156152
-0.062604
0.0384658
0.146411
0.261047
0.38244
0.511108
0.631069
0.726718
0.79909
0.851639
0.885656
0.901172
0.90234
0.897875
0.89476
0.894136
-0.349866
-0.318048
-0.256327
-0.173679
-0.0794178
0.0223973
0.13115
0.246731
0.369333
0.499761
0.622239
0.721491
0.798346
0.855333
0.893841
0.913552
0.916723
0.91122
0.902177
0.887227
-0.36871
-0.336322
-0.274084
-0.190888
-0.0961358
0.0062249
0.115499
0.231718
0.355164
0.486867
0.611374
0.713793
0.79548
0.856932
0.899721
0.92527
0.931449
0.919917
0.900586
0.887368
-0.386657
-0.354059
-0.291154
-0.207552
-0.11243
-0.0097034
0.0996851
0.216335
0.340242
0.472694
0.598576
0.703211
0.789795
0.8553
0.898686
0.923855
0.933524
0.911786
0.843372
0.812282
-0.403044
-0.372495
-0.307205
-0.223097
-0.12756
-0.0248834
0.0840151
0.200809
0.324786
0.45737
0.583798
0.689491
0.780037
0.84988
0.886122
0.9046
0.898648
0.846381
0.777099
0.734319
-0.45932
-0.388721
-0.321864
-0.238592
-0.143091
-0.0407575
0.0684253
0.184862
0.308432
0.440453
0.566464
0.6721
0.762557
0.839185
0.845278
0.852359
0.808246
0.74045
0.664466
0.622058
-0.420651
-0.404452
-0.343618
-0.260069
-0.165752
-0.0635757
0.0446036
0.160373
0.282902
0.413328
0.537009
0.640469
0.722538
0.802199
0.792893
0.684333
0.581472
0.509878
0.437266
0.469287
-0.452038
-0.422463
-0.360616
-0.277822
-0.183448
-0.0815154
0.026923
0.142044
0.263497
0.392068
0.512787
0.611936
0.685539
0.727368
0.680742
0.535875
0.410372
0.320399
0.222201
0.273675
-0.476259
-0.443741
-0.380627
-0.297578
-0.203109
-0.101268
0.00709605
0.12139
0.241452
0.367593
0.484512
0.57764
0.642241
0.650786
0.546671
0.375887
0.224745
0.107108
-0.0235489
0.0101029
-0.499968
-0.465902
-0.401596
-0.317642
-0.222988
-0.121258
-0.0133919
0.099956
0.218438
0.341794
0.454055
0.540252
0.589406
0.566986
0.410954
0.216143
0.026681
-0.140785
-0.329521
-0.346646
-0.523031
-0.488544
-0.42334
-0.338606
-0.243722
-0.142168
-0.0349223
0.0773662
0.194024
0.314239
0.421216
0.500068
0.530721
0.472759
0.281916
0.0725764
-0.144266
-0.333558
-0.576168
-0.877704
-0.546377
-0.511897
-0.446149
-0.360895
-0.265768
-0.16434
-0.057638
0.0535668
0.168307
0.285156
0.386632
0.457054
0.468277
0.359557
0.169837
-0.0390345
-0.242916
-0.415136
-0.483608
-0.56438
-0.570926
-0.536419
-0.470372
-0.384855
-0.289628
-0.188412
-0.0823419
0.0276134
0.140128
0.253116
0.348723
0.408537
0.395387
0.253043
0.0704991
-0.119417
-0.281515
-0.373931
-0.397898
-0.413966
-0.596997
-0.562409
-0.496173
-0.410568
-0.315425
-0.214588
-0.109385
-0.000977736
0.1089
0.217399
0.30663
0.352987
0.322348
0.154257
-0.0194513
-0.184216
-0.310094
-0.348982
-0.362105
-0.363377
-0.624784
-0.590027
-0.523604
-0.438009
-0.343094
-0.242861
-0.138778
-0.0322507
0.0745556
0.177999
0.25999
0.292241
0.243461
0.0628266
-0.101897
-0.249318
-0.325343
-0.342402
-0.343837
-0.34365
-0.654329
-0.61929
-0.552673
-0.46716
-0.372636
-0.273208
-0.170513
-0.0662142
0.0371005
0.134971
0.208877
0.230268
0.145611
-0.020909
-0.177747
-0.299175
-0.335349
-0.334105
-0.333284
-0.332725
-0.68533
-0.650074
-0.583257
-0.497917
-0.403945
-0.305556
-0.204542
-0.102833
-0.00343799
0.0883969
0.153968
0.15888
0.0557264
-0.099218
-0.237925
-0.31361
-0.323799
-0.326176
-0.326796
-0.326438
-0.7172
-0.681815
-0.615086
-0.530036
-0.436812
-0.339724
-0.240694
-0.141962
-0.0468927
0.0386105
0.0957011
0.0859938
-0.0249497
-0.165908
-0.282347
-0.313388
-0.322139
-0.323729
-0.323374
-0.322896
-0.749473
-0.713978
-0.647659
-0.563095
-0.47086
-0.375361
-0.278662
-0.183299
-0.0929922
-0.0138044
0.0329206
0.016146
-0.0985824
-0.220592
-0.314131
-0.330412
-0.322651
-0.321659
-0.321596
-0.321251
-0.781253
-0.7459
-0.680103
-0.596431
-0.505513
-0.411951
-0.317951
-0.226342
-0.141245
-0.0683807
-0.0313279
-0.0499865
-0.162403
-0.261866
-0.322193
-0.329783
-0.325009
-0.321063
-0.31981
-0.319504
-0.810917
-0.776331
-0.711435
-0.629098
-0.53995
-0.448737
-0.357844
-0.270355
-0.190818
-0.124713
-0.0909032
-0.127458
-0.215143
-0.290363
-0.316753
-0.330927
-0.327924
-0.32185
-0.320085
-0.319371
-0.83691
-0.803337
-0.740499
-0.659912
-0.573081
-0.484689
-0.397381
-0.314366
-0.240561
-0.181915
-0.149082
-0.209716
-0.273692
-0.268252
-0.315586
-0.326808
-0.341929
-0.349502
-0.350954
-0.35015
-0.857106
-0.825256
-0.765085
-0.687408
-0.603516
-0.518573
-0.435321
-0.357139
-0.289211
-0.238625
-0.210567
-0.296778
-0.361232
-0.289401
-0.275313
-0.371624
-0.426307
-0.44975
-0.4501
-0.446958
-0.869245
-0.84005
-0.783491
-0.709575
-0.629673
-0.548895
-0.470208
-0.397164
-0.335236
-0.292854
-0.272488
-0.395039
-0.571134
-0.641492
-0.596707
-0.581781
-0.5847
-0.579663
-0.568053
-0.564926
-0.87068
-0.845471
-0.793632
-0.724616
-0.649727
-0.573999
-0.500386
-0.432591
-0.376616
-0.341931
-0.32862
-0.489268
-0.78955
-1.16896
-1.0864
-0.810324
-0.653194
-0.594549
-0.577691
-0.573583
-0.859592
-0.839098
-0.793404
-0.730887
-0.662112
-0.592231
-0.524071
-0.461387
-0.410646
-0.380848
-0.369585
-0.489513
-0.703284
-1.10146
-1.08719
-0.714202
-0.51343
-0.453829
-0.441271
-0.436062
-0.833614
-0.817868
-0.781019
-0.7271
-0.665723
-0.602389
-0.539754
-0.481603
-0.433591
-0.405031
-0.388293
-0.304226
-0.106992
-0.0185046
-0.134594
-0.182873
-0.231852
-0.243924
-0.246276
-0.245529
-0.794855
-0.784463
-0.756962
-0.713389
-0.660525
-0.604129
-0.546767
-0.491682
-0.444264
-0.412706
-0.38125
-0.157433
0.27557
0.953751
0.884687
0.396903
0.028245
-0.102229
-0.146116
-0.146599
-0.749418
-0.74345
-0.725848
-0.692404
-0.648452
-0.598436
-0.545493
-0.492058
-0.442834
-0.405061
-0.37695
-0.303999
-0.290202
-0.427974
-0.851684
-1.21019
-1.1694
-0.886014
-0.673116
-0.648917
-0.706496
-0.702948
-0.693721
-0.669545
-0.632725
-0.58774
-0.537701
-0.484088
-0.42994
-0.385582
-0.36136
-0.53251
-1.17574
-2.17653
-2.88084
-3.11881
-2.93641
-2.55731
-2.22036
-1.99369
-0.673541
-0.671286
-0.666522
-0.649952
-0.618337
-0.575804
-0.525833
-0.469241
-0.407722
-0.34165
-0.297947
-0.381023
-0.753799
-1.06972
-1.10459
-0.896159
-0.556456
-0.260786
-0.05357
0.0448774
-0.647328
-0.64641
-0.644899
-0.635681
-0.608686
-0.566547
-0.513743
-0.451278
-0.378537
-0.291182
-0.194179
-0.0815731
0.0476967
0.319244
0.673361
1.09284
1.4683
1.72156
1.84888
1.88926
-0.631366
-0.630804
-0.630223
-0.625958
-0.604074
-0.560989
-0.503369
-0.43347
-0.350088
-0.246206
-0.115929
0.0294385
0.284947
0.728834
1.30237
1.82792
2.22236
2.45009
2.54944
2.57521
-0.621718
-0.621326
-0.620691
-0.619386
-0.60283
-0.559563
-0.496747
-0.419887
-0.326152
-0.214755
-0.0864492
0.0458036
0.264214
0.734377
1.27504
1.76615
2.1095
2.29655
2.37413
2.39276
-0.616869
-0.615876
-0.613795
-0.613225
-0.604236
-0.563806
-0.496
-0.411817
-0.313651
-0.201765
-0.0833736
0.0392827
0.191388
0.5774
1.01112
1.3785
1.64135
1.78448
1.84324
1.85754
-0.625949
-0.623027
-0.618243
-0.618074
-0.616154
-0.576806
-0.500056
-0.407051
-0.306258
-0.19663
-0.09111
0.0137921
0.121582
0.390516
0.707854
0.965605
1.15018
1.25012
1.29172
1.30173
-0.65993
-0.658143
-0.660228
-0.664898
-0.66024
-0.600679
-0.504183
-0.399768
-0.296861
-0.192802
-0.102604
-0.0213847
0.0586436
0.246291
0.459565
0.630833
0.75332
0.819827
0.847877
0.853977
-0.700301
-0.708064
-0.72399
-0.730271
-0.704265
-0.612742
-0.494851
-0.382653
-0.282201
-0.189062
-0.116213
-0.0587795
-0.00863456
0.124041
0.272824
0.388125
0.467047
0.508534
0.525503
0.529207
-0.663112
-0.67419
-0.692555
-0.696117
-0.660303
-0.56371
-0.450456
-0.347194
-0.258603
-0.181162
-0.124667
-0.0882318
-0.0581826
0.0375129
0.139224
0.216713
0.269851
0.297806
0.309292
0.310974
-0.491339
-0.501554
-0.514954
-0.518024
-0.491678
-0.429731
-0.358261
-0.287269
-0.22194
-0.162888
-0.120927
-0.0995583
-0.081343
-0.00684229
0.0661856
0.116815
0.147464
0.16294
0.168828
0.169406
-0.262604
-0.267529
-0.276002
-0.284307
-0.28252
-0.268001
-0.243415
-0.211343
-0.174888
-0.136218
-0.107082
-0.0915664
-0.0758453
-0.0259942
0.021559
0.0550489
0.0745693
0.0849573
0.0891618
0.089293
-0.0795346
-0.0820597
-0.0893018
-0.103009
-0.121386
-0.136575
-0.143288
-0.140029
-0.127114
-0.106008
-0.0840617
-0.0675743
-0.0515757
-0.017461
0.0122263
0.0316977
0.0430927
0.0488981
0.051102
0.0508732
0.0231149
0.0215737
0.0150596
-0.000615365
-0.0252928
-0.0515698
-0.0725279
-0.08449
-0.085561
-0.0754295
-0.057344
-0.0366108
-0.015551
0.0086898
0.0224444
0.0311259
0.0368336
0.0400459
0.0414761
0.0408161
0.0628372
0.0616666
0.0562821
0.0426326
0.0202562
-0.00544424
-0.0288773
-0.0460428
-0.0540458
-0.0503835
-0.0344641
-0.0101807
0.0148279
0.027675
0.0310261
0.0339341
0.0379279
0.0415997
0.0425955
0.0414317
0.0683145
0.0674587
0.0635077
0.0533178
0.0361526
0.0152901
-0.00547753
-0.0226863
-0.0331781
-0.0334213
-0.0201958
0.0032756
0.0271675
0.0315906
0.0301841
0.0328599
0.0368321
0.0398392
0.0402205
0.0387512
0.0589948
0.0584245
0.055732
0.0486601
0.0364009
0.0207207
0.00398613
-0.011067
-0.0217896
-0.0248972
-0.0162756
0.00149707
0.0182251
0.0166421
0.0133646
0.0166279
0.0224859
0.0266729
0.0273424
0.0257231
0.0446383
0.0442805
0.042518
0.0377837
0.0293083
0.0179498
0.00503066
-0.00769554
-0.0183239
-0.0243748
-0.0223227
-0.0141129
-0.00760634
-0.0125721
-0.0140951
-0.00918382
-0.00323952
0.000256817
0.000537979
-0.000887054
0.0296018
0.0293699
0.028231
0.0251246
0.019366
0.0112285
0.00135959
-0.00933279
-0.0199691
-0.0293866
-0.0354872
-0.0393371
-0.0447352
-0.0528066
-0.0518032
-0.0445898
-0.03849
-0.0362283
-0.0361405
-0.0371649
0.0159535
0.0157608
0.0150081
0.0130222
0.00918279
0.00339509
-0.004224
-0.0134307
-0.0241816
-0.0369285
-0.0512573
-0.0672528
-0.0848948
-0.0935915
-0.0878267
-0.079483
-0.074308
-0.0730892
-0.0732241
-0.0737761
0.00478993
0.00461856
0.00408175
0.00281772
0.000287712
-0.00383913
-0.00978357
-0.0178106
-0.0286311
-0.0439629
-0.0652141
-0.0923797
-0.115814
-0.121213
-0.112966
-0.10483
-0.10137
-0.100884
-0.10106
-0.101356
-0.00333304
-0.00350064
-0.00391481
-0.00473745
-0.00640002
-0.00934478
-0.0140131
-0.0209623
-0.0314364
-0.0478285
-0.0727914
-0.104746
-0.132407
-0.132919
-0.123075
-0.116221
-0.114451
-0.115013
-0.115151
-0.115277
-0.00823973
-0.00841602
-0.00874696
-0.00930595
-0.0104273
-0.0125585
-0.0162437
-0.0222034
-0.0316023
-0.0471862
-0.0718331
-0.1032
-0.126043
-0.122614
-0.114811
-0.111549
-0.11225
-0.113552
-0.113673
-0.113712
-0.0102348
-0.0103878
-0.0106612
-0.0110813
-0.0118529
-0.0134024
-0.0162424
-0.021014
-0.0288143
-0.0418795
-0.0618322
-0.0862722
-0.100726
-0.0964282
-0.0919132
-0.0932974
-0.0958767
-0.0974848
-0.097703
-0.0978023
-0.00982234
-0.0099509
-0.0101805
-0.0105004
-0.0110476
-0.0121661
-0.0142605
-0.0177993
-0.0235658
-0.0328517
-0.0456913
-0.059549
-0.0650834
-0.061783
-0.0630128
-0.0673167
-0.0705845
-0.0719224
-0.0722336
-0.0724778
-0.00771206
-0.00781867
-0.00799318
-0.00822946
-0.00861064
-0.00938349
-0.0107557
-0.0130763
-0.0167247
-0.0220857
-0.0275567
-0.030383
-0.0293837
-0.0276143
-0.0329193
-0.0391562
-0.0422652
-0.0430512
-0.0434942
-0.0438711
-0.00455349
-0.0046291
-0.00473722
-0.00487249
-0.0050996
-0.00553376
-0.00629487
-0.00752234
-0.00933698
-0.0115398
-0.0120318
-0.00646213
0.00329719
4.74712e-05
-0.00833764
-0.0150366
-0.0168487
-0.0164933
-0.0170967
-0.0177756
-0.000787085
-0.000814117
-0.000820651
-0.000878525
-0.00100404
-0.00102085
-0.00107157
-0.0012627
-0.00146918
-0.00176387
-0.00185076
0.000350035
0.00608664
0.00618999
0.00121262
-0.00187328
-0.00260509
-0.00287241
-0.00350804
-0.00337823
-0.0979354
0.0704389
0.267344
0.439084
0.576733
0.685658
0.775993
0.852714
0.887416
0.864108
0.208576
0.330421
0.461554
0.575068
0.670943
0.750444
0.81481
0.860445
0.883296
0.895316
0.429889
0.513525
0.60315
0.682456
0.750719
0.807847
0.853258
0.886411
0.910331
0.928269
0.592224
0.65194
0.714432
0.772044
0.822213
0.864809
0.899777
0.927651
0.950561
0.968836
0.718737
0.76227
0.808609
0.852775
0.891794
0.92586
0.955003
0.979242
0.999703
1.01753
0.823709
0.856833
0.895193
0.930973
0.963802
0.993216
1.01891
1.0405
1.0584
1.07574
0.916665
0.945499
0.979637
1.01192
1.04199
1.06927
1.0931
1.11288
1.12842
1.1455
1.0055
1.03479
1.0689
1.10103
1.13072
1.15737
1.18029
1.19882
1.21221
1.22925
1.10096
1.13423
1.17093
1.20457
1.23466
1.26089
1.28287
1.30018
1.31207
1.32947
1.21605
1.25392
1.29259
1.32687
1.35625
1.38102
1.40141
1.41732
1.4288
1.44687
1.36104
1.39961
1.43578
1.46648
1.49218
1.51429
1.53336
1.5489
1.56134
1.57933
1.53616
1.56779
1.59399
1.61645
1.63643
1.65517
1.67289
1.68938
1.70473
1.7228
1.7248
1.742
1.75705
1.77328
1.7892
1.80374
1.81695
1.83088
1.84842
1.86858
1.90652
1.91607
1.92761
1.93843
1.94771
1.9573
1.96809
1.97946
1.99082
2.00618
2.11378
2.11744
2.10249
2.08768
2.08141
2.08709
2.10557
2.13588
2.16806
2.19471
2.42009
2.28523
2.20859
2.16622
2.1488
2.15276
2.18016
2.23657
2.33919
2.56356
0.718446
0.716316
0.711831
0.703203
0.690974
0.678839
0.6686
0.66069
0.655053
0.651773
0.651384
0.65409
0.659167
0.666368
0.67574
0.687269
0.699913
0.710942
0.717052
0.720103
0.642907
0.648753
0.655086
0.659574
0.662038
0.661706
0.658958
0.655133
0.651602
0.649314
0.649131
0.651293
0.654926
0.659192
0.662982
0.664853
0.663908
0.660419
0.655252
0.648631
0.634497
0.636793
0.640194
0.643185
0.645254
0.64674
0.647482
0.647149
0.646101
0.645187
0.645322
0.646709
0.648491
0.64977
0.64993
0.649024
0.647464
0.645119
0.64185
0.638926
0.629007
0.630094
0.631923
0.634295
0.63631
0.637727
0.638733
0.639465
0.63984
0.640026
0.640471
0.641232
0.641791
0.641825
0.641387
0.640519
0.639035
0.63694
0.634846
0.63346
0.623832
0.624495
0.6256
0.627297
0.629069
0.630687
0.631965
0.632957
0.633808
0.634556
0.635231
0.635727
0.635873
0.635667
0.635069
0.63399
0.632542
0.630984
0.629656
0.628874
0.618891
0.619352
0.620134
0.621424
0.6229
0.624401
0.625845
0.627116
0.628214
0.629219
0.630069
0.630569
0.630655
0.630332
0.629595
0.628573
0.627422
0.626271
0.625343
0.624824
0.614106
0.614451
0.615058
0.616118
0.617398
0.618754
0.620169
0.621583
0.622911
0.624131
0.625162
0.625769
0.625872
0.625534
0.624884
0.624065
0.623181
0.62229
0.621603
0.621222
0.609425
0.609694
0.610183
0.611082
0.612237
0.613512
0.614879
0.616329
0.617818
0.619265
0.620517
0.621281
0.621488
0.621288
0.62083
0.620217
0.619525
0.618854
0.618345
0.618054
0.60477
0.604983
0.60539
0.606178
0.607251
0.608475
0.609827
0.611317
0.612925
0.614594
0.616109
0.617107
0.617527
0.617545
0.617298
0.616888
0.616388
0.615899
0.615527
0.615298
0.600056
0.600228
0.600575
0.60129
0.602314
0.603513
0.604887
0.60645
0.608201
0.610101
0.611929
0.613251
0.613964
0.614242
0.614223
0.614022
0.613716
0.613389
0.613128
0.612946
0.595199
0.595337
0.595643
0.596313
0.597319
0.598539
0.599973
0.601651
0.603593
0.605778
0.60799
0.609716
0.610781
0.611358
0.611596
0.611612
0.611494
0.611318
0.611151
0.611005
0.590117
0.590229
0.590507
0.591157
0.592179
0.593464
0.595002
0.596849
0.599049
0.601598
0.604285
0.606499
0.607975
0.608895
0.609418
0.609666
0.609739
0.609712
0.609626
0.609508
0.584722
0.584811
0.585072
0.585726
0.586801
0.588193
0.589889
0.591972
0.594513
0.597533
0.600808
0.603603
0.605561
0.606872
0.607712
0.608228
0.608506
0.608618
0.608602
0.608506
0.578914
0.578981
0.579234
0.579915
0.581081
0.582628
0.584544
0.58694
0.589909
0.593513
0.597509
0.60101
0.603547
0.605322
0.606527
0.607336
0.607839
0.608098
0.608149
0.608072
0.572575
0.572622
0.572875
0.573606
0.574902
0.576659
0.578867
0.581663
0.585176
0.589505
0.594384
0.59874
0.60197
0.604295
0.605923
0.607062
0.607824
0.60824
0.608356
0.608295
0.565568
0.565596
0.565853
0.566655
0.568124
0.57015
0.572733
0.576041
0.580243
0.58547
0.591428
0.596819
0.600875
0.603847
0.60598
0.607502
0.608558
0.609145
0.609328
0.609281
0.557704
0.557718
0.557977
0.558875
0.560572
0.562939
0.566007
0.569972
0.575044
0.581395
0.588673
0.5953
0.600334
0.604065
0.606788
0.608779
0.610167
0.610939
0.611191
0.611156
0.548705
0.548688
0.549005
0.550037
0.552011
0.554818
0.558503
0.56329
0.569444
0.577182
0.586069
0.594186
0.60039
0.605031
0.60846
0.611004
0.612778
0.61376
0.614085
0.614059
0.538286
0.538242
0.538602
0.539821
0.542154
0.545529
0.550001
0.555837
0.563355
0.5728
0.583642
0.59355
0.601141
0.606856
0.611119
0.614306
0.616535
0.617753
0.618156
0.618138
0.525982
0.525911
0.526347
0.527805
0.530609
0.534731
0.540225
0.547413
0.556673
0.568261
0.581475
0.593495
0.602696
0.609661
0.614915
0.618851
0.621601
0.623079
0.623559
0.623545
0.511162
0.511061
0.511616
0.513419
0.516856
0.521977
0.528828
0.537788
0.549268
0.563502
0.579564
0.59407
0.60516
0.613571
0.619972
0.62478
0.62812
0.629878
0.630434
0.630418
0.492918
0.492788
0.493536
0.495833
0.500154
0.506654
0.515355
0.526677
0.541023
0.558538
0.577999
0.59538
0.608619
0.618686
0.626394
0.632204
0.636212
0.638266
0.638887
0.638862
0.469828
0.469682
0.470757
0.473832
0.479493
0.488031
0.49938
0.513943
0.53202
0.553583
0.577018
0.597631
0.613239
0.625145
0.634288
0.641221
0.64594
0.648281
0.648944
0.648897
0.43956
0.439434
0.441115
0.445546
0.453468
0.465187
0.480421
0.49942
0.522255
0.548676
0.576668
0.600884
0.619075
0.632948
0.643668
0.651819
0.65724
0.659815
0.660479
0.660397
0.397985
0.398023
0.401053
0.408342
0.420452
0.437388
0.458393
0.483399
0.5122
0.544326
0.57737
0.605389
0.626255
0.642159
0.654497
0.663884
0.669892
0.672575
0.673184
0.673057
0.337394
0.338579
0.346036
0.359688
0.379492
0.404733
0.433866
0.466517
0.502368
0.540862
0.579278
0.611213
0.63477
0.652673
0.666596
0.677049
0.683484
0.686068
0.686508
0.686341
0.265098
0.26686
0.281164
0.304729
0.33535
0.37042
0.408461
0.44932
0.492805
0.538405
0.583154
0.620042
0.647228
0.667883
0.683826
0.695611
0.702503
0.7051
0.705572
0.705515
0.190363
0.196528
0.217676
0.251391
0.292321
0.336959
0.383892
0.433023
0.484235
0.537078
0.588379
0.630438
0.66138
0.684984
0.703255
0.716375
0.723511
0.725806
0.726095
0.726119
0.129308
0.137747
0.163511
0.204233
0.253151
0.305929
0.360873
0.417736
0.47632
0.536135
0.593702
0.640634
0.675059
0.701259
0.721381
0.735588
0.74284
0.745225
0.745882
0.745987
0.0796093
0.0886391
0.11795
0.16389
0.218897
0.278231
0.339933
0.403617
0.46892
0.535237
0.598699
0.650182
0.68782
0.716382
0.738251
0.753574
0.761583
0.764554
0.765344
0.765475
0.0378695
0.0471858
0.0789542
0.128885
0.188872
0.253646
0.321067
0.390702
0.462028
0.534308
0.603248
0.658962
0.69954
0.730258
0.753788
0.77021
0.779085
0.782465
0.783385
0.783506
0.00173078
0.0111728
0.0447998
0.0979282
0.162026
0.231431
0.303836
0.378734
0.455499
0.533257
0.607294
0.666922
0.710196
0.742848
0.767765
0.785105
0.794627
0.798372
0.799415
0.79955
-0.0304422
-0.0209456
0.0141131
0.0699527
0.137499
0.210886
0.287693
0.367318
0.449052
0.531885
0.610685
0.673965
0.719696
0.754059
0.780082
0.798125
0.808198
0.81227
0.813333
0.813465
-0.0598804
-0.0503249
-0.0140973
0.0440788
0.114603
0.191474
0.272183
0.356085
0.44239
0.529972
0.613284
0.680028
0.728051
0.763911
0.790793
0.809267
0.819683
0.823989
0.825128
0.825251
-0.0874045
-0.0777901
-0.0405004
0.0196559
0.0928327
0.172784
0.256979
0.344763
0.435294
0.527351
0.614998
0.685119
0.735367
0.772594
0.800156
0.818889
0.829468
0.833951
0.835163
0.835275
-0.113559
-0.103851
-0.0655758
-0.0037343
0.0718269
0.154513
0.241845
0.333164
0.427609
0.523904
0.615783
0.689289
0.741768
0.780299
0.808455
0.827445
0.838122
0.842675
0.843873
0.843955
-0.138799
-0.128898
-0.0897808
-0.026322
0.0513328
0.136463
0.226625
0.321168
0.419243
0.519567
0.615619
0.692587
0.747358
0.787199
0.815936
0.835149
0.845918
0.85045
0.85161
0.851637
-0.163347
-0.15321
-0.113316
-0.0482966
0.0312011
0.118514
0.211228
0.30871
0.410141
0.514302
0.614497
0.69504
0.752232
0.793455
0.822817
0.842248
0.853052
0.857529
0.858626
0.858648
-0.187293
-0.176928
-0.136185
-0.0698105
0.0113497
0.100623
0.19562
0.295764
0.400288
0.508083
0.612389
0.696655
0.756452
0.799207
0.829285
0.848946
0.859727
0.864066
0.865056
0.865032
-0.210763
-0.200079
-0.158581
-0.0909196
-0.00825312
0.0827678
0.179807
0.282347
0.389701
0.500914
0.609256
0.697394
0.760051
0.804568
0.835475
0.855325
0.865967
0.870085
0.870913
0.870831
-0.233723
-0.222744
-0.180483
-0.111635
-0.0276022
0.0649744
0.163833
0.268508
0.378418
0.492803
0.605062
0.697188
0.763017
0.809624
0.84153
0.861503
0.871813
0.875561
0.876205
0.876077
-0.256208
-0.244908
-0.201838
-0.131921
-0.046661
0.0472879
0.147751
0.254316
0.366503
0.48378
0.599769
0.695955
0.765278
0.814422
0.847636
0.867686
0.877393
0.880553
0.880962
0.880795
-0.278032
-0.266486
-0.222637
-0.151733
-0.0653739
0.029789
0.131633
0.239849
0.354038
0.473908
0.59336
0.6936
0.766721
0.818937
0.853991
0.874243
0.882983
0.88515
0.885195
0.884997
-0.29933
-0.287431
-0.24285
-0.171044
-0.0837049
0.0125207
0.115577
0.225194
0.341115
0.463271
0.585844
0.690017
0.767178
0.823026
0.860698
0.881711
0.889256
0.889719
0.88896
0.888706
-0.319931
-0.307711
-0.262439
-0.189797
-0.101569
-0.00442958
0.0996643
0.210473
0.327845
0.451935
0.577265
0.685115
0.766444
0.8264
0.867589
0.89059
0.897545
0.89563
0.892845
0.891704
-0.33989
-0.327366
-0.281349
-0.207938
-0.118927
-0.0209904
0.0839812
0.195766
0.314341
0.440037
0.567697
0.67881
0.764301
0.828633
0.874033
0.900698
0.909289
0.90626
0.899465
0.890498
-0.359122
-0.346351
-0.299674
-0.225622
-0.135987
-0.0374445
0.0681866
0.180667
0.300142
0.427059
0.556588
0.670506
0.760192
0.829224
0.879117
0.910933
0.924499
0.922892
0.912763
0.906163
-0.377572
-0.364582
-0.317407
-0.242808
-0.152744
-0.0537933
0.0522984
0.165156
0.285207
0.412889
0.543755
0.659846
0.753391
0.827384
0.880652
0.916322
0.932532
0.93582
0.898331
0.845891
-0.394958
-0.381267
-0.334427
-0.259419
-0.169304
-0.070184
0.0362686
0.149353
0.269594
0.397587
0.529135
0.646637
0.742868
0.822613
0.876467
0.906742
0.923349
0.908084
0.851597
0.788702
-0.411599
-0.397017
-0.350619
-0.274748
-0.185275
-0.0861403
0.0198682
0.133312
0.25345
0.381324
0.512747
0.630678
0.727483
0.81579
0.86424
0.912543
0.876207
0.830983
0.760886
0.69376
-0.39767
-0.379277
-0.329121
-0.248726
-0.153952
-0.0515451
0.0596271
0.175851
0.299115
0.430692
0.556212
0.66156
0.750379
0.844312
0.885871
0.805234
0.756398
0.69166
0.618827
0.570952
-0.42214
-0.405692
-0.369414
-0.299089
-0.209993
-0.111528
-0.00527744
0.107617
0.227098
0.353866
0.483561
0.599834
0.694103
0.774906
0.848068
0.842923
0.719992
0.635537
0.572212
0.489828
-0.442441
-0.426635
-0.384623
-0.312897
-0.223397
-0.1253
-0.0201996
0.0917936
0.21034
0.335744
0.463748
0.577814
0.668917
0.738166
0.764012
0.688424
0.549545
0.453982
0.378787
0.291241
-0.463157
-0.450487
-0.40395
-0.33088
-0.241259
-0.142879
-0.0377907
0.0739133
0.191595
0.315521
0.440687
0.550153
0.632681
0.687599
0.664328
0.534297
0.383558
0.266872
0.169295
0.0334594
-0.487087
-0.473959
-0.425322
-0.351054
-0.261117
-0.162658
-0.0576559
0.0534986
0.170116
0.292178
0.413921
0.517971
0.592223
0.625848
0.567431
0.386011
0.205985
0.0542118
-0.0854958
-0.281359
-0.510002
-0.497235
-0.447372
-0.37187
-0.28139
-0.182948
-0.0783059
0.0320322
0.14733
0.267144
0.385034
0.482997
0.549155
0.549738
0.441733
0.245512
0.0340175
-0.164979
-0.339174
-0.731773
-0.532978
-0.520572
-0.470196
-0.393769
-0.302847
-0.204357
-0.100088
0.00941399
0.123268
0.240582
0.35426
0.445335
0.500097
0.468728
0.319192
0.120564
-0.095253
-0.305629
-0.48388
-0.760523
-0.55688
-0.544618
-0.494035
-0.417022
-0.325791
-0.227249
-0.123313
-0.0146255
0.0977196
0.212345
0.321542
0.405329
0.445903
0.397736
0.209592
0.0181308
-0.177788
-0.34332
-0.414424
-0.45266
-0.582196
-0.570066
-0.519268
-0.441939
-0.35061
-0.252187
-0.148741
-0.041101
0.069404
0.180847
0.284899
0.360705
0.38572
0.303691
0.112151
-0.0671651
-0.229829
-0.334983
-0.37246
-0.381763
-0.609098
-0.597013
-0.546051
-0.46853
-0.377237
-0.279117
-0.176384
-0.0700592
0.0382279
0.145976
0.244171
0.311849
0.31115
0.199628
0.0232889
-0.142411
-0.279961
-0.334859
-0.347027
-0.351997
-0.637789
-0.625692
-0.574451
-0.496795
-0.405655
-0.308031
-0.206238
-0.101536
0.00415514
0.107753
0.199408
0.258206
0.233084
0.102306
-0.0596364
-0.215474
-0.313019
-0.341927
-0.338137
-0.338266
-0.668001
-0.65609
-0.604423
-0.526682
-0.435814
-0.338868
-0.238275
-0.135506
-0.0327996
0.0661794
0.150858
0.198546
0.164604
0.0124593
-0.135261
-0.271879
-0.311767
-0.324213
-0.329146
-0.329315
-0.699514
-0.687552
-0.635732
-0.558008
-0.467562
-0.371505
-0.272384
-0.17188
-0.0725739
0.0213957
0.0986647
0.135718
0.0964211
-0.0646197
-0.20174
-0.296354
-0.341799
-0.328615
-0.325057
-0.324721
-0.731792
-0.719825
-0.668127
-0.590436
-0.500585
-0.405667
-0.308308
-0.210426
-0.114944
-0.0263106
0.0432258
0.071656
0.0128902
-0.131333
-0.25532
-0.305009
-0.320199
-0.322413
-0.322902
-0.322506
-0.764052
-0.752203
-0.700459
-0.623401
-0.534383
-0.440903
-0.345653
-0.250762
-0.159514
-0.0766062
-0.0141814
-0.00124849
-0.0671863
-0.187631
-0.289151
-0.313777
-0.319077
-0.321795
-0.32115
-0.320896
-0.795109
-0.783685
-0.732189
-0.655966
-0.568224
-0.476553
-0.383792
-0.292279
-0.205631
-0.128965
-0.0720223
-0.0744406
-0.139391
-0.232938
-0.313638
-0.366353
-0.338861
-0.323992
-0.319352
-0.318755
-0.823435
-0.812496
-0.762032
-0.686992
-0.60111
-0.511699
-0.421881
-0.334146
-0.252416
-0.182306
-0.130629
-0.141371
-0.215462
-0.257713
-0.31268
-0.31902
-0.328038
-0.330344
-0.329717
-0.32912
-0.84734
-0.837097
-0.788092
-0.715159
-0.631764
-0.545142
-0.458802
-0.375277
-0.29873
-0.235261
-0.190881
-0.207839
-0.296755
-0.294814
-0.20716
-0.294926
-0.35428
-0.38158
-0.389852
-0.389401
-0.864499
-0.855161
-0.808411
-0.738536
-0.658532
-0.575524
-0.493168
-0.414312
-0.343168
-0.286452
-0.251447
-0.277171
-0.407608
-0.431892
-0.36094
-0.421037
-0.484531
-0.520361
-0.5233
-0.516068
-0.872806
-0.864313
-0.8209
-0.755124
-0.679575
-0.601139
-0.52349
-0.449609
-0.384021
-0.333975
-0.309302
-0.348626
-0.562729
-0.836067
-0.920293
-0.765272
-0.66993
-0.61844
-0.594236
-0.584894
-0.868317
-0.861193
-0.823809
-0.763044
-0.693134
-0.620305
-0.548024
-0.479382
-0.419176
-0.375081
-0.361368
-0.401457
-0.632512
-1.05276
-1.34901
-1.00399
-0.706439
-0.567308
-0.536466
-0.527137
-0.849229
-0.844383
-0.814523
-0.760958
-0.697816
-0.631586
-0.5652
-0.501792
-0.445918
-0.406041
-0.397601
-0.400426
-0.414021
-0.507749
-0.684248
-0.562554
-0.423931
-0.362128
-0.347231
-0.342363
-0.816019
-0.812465
-0.791546
-0.747801
-0.69314
-0.634266
-0.574067
-0.515218
-0.462554
-0.42348
-0.404239
-0.323638
-0.0352355
0.411697
0.636446
0.344479
0.0211641
-0.128088
-0.163944
-0.172623
-0.772821
-0.770544
-0.757993
-0.725566
-0.680107
-0.628923
-0.574603
-0.519543
-0.467667
-0.425235
-0.397788
-0.315726
-0.0354672
0.348275
0.570561
0.182078
-0.0808447
-0.201879
-0.21756
-0.228
-0.72733
-0.72601
-0.719345
-0.698588
-0.662368
-0.617459
-0.56824
-0.515639
-0.462755
-0.415357
-0.381889
-0.389469
-0.581824
-1.15895
-1.72701
-2.26565
-2.35694
-2.06981
-1.7692
-1.53831
-0.688611
-0.687876
-0.684633
-0.67153
-0.643559
-0.604181
-0.557555
-0.505174
-0.448678
-0.39086
-0.352088
-0.3524
-0.834505
-1.64163
-2.45393
-2.69767
-2.50347
-2.09198
-1.72199
-1.46191
-0.659613
-0.658723
-0.656988
-0.651058
-0.629471
-0.59313
-0.546171
-0.490832
-0.427683
-0.357165
-0.27707
-0.205344
-0.248655
-0.250116
-0.0903443
0.152264
0.518443
0.844297
1.05125
1.15033
-0.638443
-0.638014
-0.637189
-0.634989
-0.620829
-0.586308
-0.536916
-0.47654
-0.404844
-0.319502
-0.211853
-0.0870924
0.0921275
0.384774
0.83245
1.35193
1.80291
2.12075
2.29252
2.35758
-0.62608
-0.62581
-0.625256
-0.624263
-0.616228
-0.583879
-0.5313
-0.464646
-0.383295
-0.285754
-0.165258
-0.0280815
0.14342
0.502476
1.05681
1.61693
2.07482
2.36297
2.50423
2.55094
-0.618551
-0.618368
-0.617586
-0.616907
-0.612994
-0.585618
-0.530643
-0.457077
-0.368955
-0.264755
-0.147554
-0.0164538
0.110878
0.424891
0.916991
1.38382
1.75985
1.98994
2.10148
2.1378
-0.618768
-0.617929
-0.61475
-0.611813
-0.612484
-0.593979
-0.536142
-0.454747
-0.360847
-0.255192
-0.144176
-0.0286306
0.0788286
0.293364
0.67601
1.02015
1.29003
1.45889
1.53961
1.56683
-0.640877
-0.638779
-0.634976
-0.634599
-0.637962
-0.61813
-0.547661
-0.45408
-0.353125
-0.249168
-0.144671
-0.0488757
0.0399732
0.183922
0.448158
0.687602
0.870859
0.986474
1.04177
1.06074
-0.684475
-0.683037
-0.688769
-0.698403
-0.698542
-0.656975
-0.557804
-0.446981
-0.34067
-0.240289
-0.147792
-0.0730448
-0.00826593
0.0926727
0.276657
0.435006
0.553146
0.62738
0.66263
0.674836
-0.697424
-0.702161
-0.718381
-0.732305
-0.722929
-0.656533
-0.537965
-0.421028
-0.318248
-0.227613
-0.150837
-0.0974886
-0.0557781
0.00903322
0.137463
0.250804
0.331206
0.380226
0.402718
0.410497
-0.589792
-0.595065
-0.611994
-0.62386
-0.611477
-0.550566
-0.456719
-0.363732
-0.279481
-0.206483
-0.146481
-0.109258
-0.0843239
-0.0341974
0.0577031
0.130366
0.180334
0.211283
0.22545
0.23002
-0.374552
-0.379572
-0.389369
-0.398417
-0.395306
-0.36864
-0.325375
-0.27552
-0.224449
-0.174133
-0.130936
-0.105043
-0.093756
-0.0559402
0.0130342
0.0652304
0.0975322
0.114908
0.122669
0.124886
-0.160135
-0.162848
-0.168306
-0.178171
-0.189869
-0.196174
-0.194554
-0.183028
-0.163269
-0.136437
-0.108303
-0.0881503
-0.0766867
-0.0493495
-0.00526535
0.025943
0.0463048
0.0579239
0.0633126
0.0647336
-0.0174825
-0.019155
-0.0229705
-0.0337963
-0.0533933
-0.0776785
-0.097475
-0.108564
-0.109102
-0.0991481
-0.0807594
-0.0612178
-0.0442343
-0.0223584
0.00690541
0.0254965
0.0357053
0.04147
0.0442993
0.0448635
0.0495402
0.0484978
0.0454899
0.0353781
0.015281
-0.011393
-0.0369737
-0.0566944
-0.0672458
-0.0668246
-0.0546949
-0.033643
-0.00936995
0.013063
0.0236226
0.0293865
0.0339291
0.038053
0.0405203
0.040735
0.0687521
0.0680579
0.0657472
0.0578036
0.0416007
0.019251
-0.00422766
-0.0247648
-0.0387801
-0.0433475
-0.0349275
-0.0145467
0.0123489
0.0323632
0.0331766
0.0342841
0.0378726
0.0410127
0.0430724
0.0424624
0.0649223
0.0645154
0.0628898
0.0572666
0.0455434
0.0287292
0.00981779
-0.00807544
-0.0219235
-0.0287086
-0.0240499
-0.00678335
0.0159118
0.0291588
0.0244113
0.0242963
0.0279367
0.0329705
0.0351428
0.034314
0.0521765
0.0519717
0.0508938
0.0471196
0.0390515
0.0270317
0.0126911
-0.00192578
-0.0145206
-0.0226535
-0.0222503
-0.0119528
0.00207813
0.00751444
0.000818714
0.00252473
0.00820062
0.0136529
0.0159516
0.015085
0.0370641
0.0369737
0.0362715
0.0338021
0.0283813
0.0199614
0.00934906
-0.00231457
-0.0136042
-0.0230878
-0.0278964
-0.0271843
-0.0245641
-0.0267761
-0.0334725
-0.0293623
-0.0228587
-0.0182984
-0.0171628
-0.0178553
0.0224903
0.0224539
0.0219967
0.0204118
0.0168401
0.0110227
0.00320057
-0.00616359
-0.0164878
-0.0274908
-0.0380047
-0.0483471
-0.0598824
-0.0721985
-0.0745782
-0.067114
-0.0595061
-0.0557838
-0.0550521
-0.0555367
0.01001
0.00997671
0.00960985
0.00860659
0.00628226
0.00228449
-0.00352147
-0.0111667
-0.0208151
-0.0330784
-0.0488372
-0.0693872
-0.0915751
-0.107765
-0.106197
-0.0974654
-0.0907224
-0.0884359
-0.0884943
-0.0886675
0.000324883
0.000276017
-2.19198e-05
-0.000717451
-0.00219371
-0.00490651
-0.00923588
-0.0155501
-0.0244886
-0.0374489
-0.0568084
-0.0847183
-0.116314
-0.131119
-0.125302
-0.1158
-0.11054
-0.109558
-0.110045
-0.109981
-0.00617754
-0.00625145
-0.00651373
-0.00701054
-0.00795789
-0.00981318
-0.0130845
-0.018287
-0.0263191
-0.0389266
-0.05938
-0.0893402
-0.122345
-0.133888
-0.125668
-0.117427
-0.115183
-0.115847
-0.116515
-0.116343
-0.0095583
-0.00964113
-0.00986909
-0.01025
-0.010896
-0.0122119
-0.0146835
-0.0188897
-0.0257213
-0.0367998
-0.0551971
-0.081925
-0.108422
-0.11459
-0.107704
-0.103333
-0.104619
-0.106495
-0.107236
-0.107153
-0.0102663
-0.0103522
-0.0105553
-0.0108503
-0.011318
-0.0122452
-0.0140691
-0.0172726
-0.022633
-0.0313249
-0.0452291
-0.0638486
-0.0806191
-0.0816783
-0.0788149
-0.0793331
-0.082539
-0.0849263
-0.0856364
-0.0857492
-0.0089073
-0.00898986
-0.00914677
-0.00938428
-0.00973805
-0.0103875
-0.0116508
-0.0139264
-0.0176659
-0.0235276
-0.0318967
-0.0406388
-0.0469282
-0.0453819
-0.0458282
-0.0504185
-0.055105
-0.0572633
-0.0578442
-0.05816
-0.00619404
-0.00626481
-0.00637714
-0.00654228
-0.00677399
-0.00718501
-0.00800634
-0.00937725
-0.0115461
-0.0147124
-0.0182843
-0.0187845
-0.0145037
-0.0103211
-0.016535
-0.0236186
-0.0278684
-0.0288329
-0.029184
-0.0298537
-0.000806295
-0.000815883
-0.000836167
-0.000947164
-0.00102261
-0.00104215
-0.00116948
-0.00135779
-0.00160276
-0.00191094
-0.00136855
0.00314159
0.0069186
0.00300861
-0.00079014
-0.00224934
-0.00265595
-0.00332704
-0.00337203
-0.00770838
-1.14069
-0.45569
-0.00396188
0.257102
0.445593
0.590564
0.7037
0.796065
0.894113
0.985738
-0.0833136
0.113594
0.293141
0.444467
0.571203
0.674842
0.759467
0.828719
0.87164
0.875731
0.253526
0.370142
0.48429
0.585992
0.673603
0.747554
0.808147
0.854168
0.88379
0.901555
0.466314
0.545587
0.624195
0.69617
0.759
0.812659
0.856811
0.891439
0.917763
0.936921
0.621992
0.67587
0.735154
0.788779
0.83569
0.876514
0.911161
0.9399
0.963404
0.980457
0.745054
0.786066
0.832124
0.872526
0.909988
0.94341
0.972669
0.997676
1.01857
1.03285
0.848152
0.882708
0.919914
0.954268
0.986594
1.01627
1.04266
1.0653
1.08399
1.09575
0.941592
0.972676
1.0067
1.03936
1.07013
1.09851
1.12365
1.14494
1.1619
1.17145
1.03268
1.06524
1.10057
1.13459
1.16591
1.1942
1.21876
1.23908
1.25454
1.26277
1.13467
1.17218
1.21047
1.24672
1.27877
1.30664
1.33007
1.34907
1.36321
1.37171
1.2616
1.30397
1.34316
1.37901
1.40941
1.43508
1.45663
1.47425
1.48776
1.49793
1.42313
1.46458
1.49828
1.52783
1.55236
1.57387
1.59346
1.61088
1.62562
1.63831
1.61355
1.64434
1.66557
1.68469
1.70275
1.71998
1.73619
1.75201
1.76852
1.78544
1.81139
1.82278
1.83383
1.84792
1.8622
1.87504
1.8864
1.89725
1.91015
1.92703
1.99719
2.0071
2.01574
2.01818
2.01904
2.0233
2.03409
2.05004
2.06766
2.07225
2.29823
2.24283
2.19199
2.15175
2.12935
2.1253
2.1388
2.1726
2.22904
2.3046
0.860659
0.801965
0.759482
0.72562
0.700958
0.683396
0.670873
0.661928
0.655794
0.652282
0.651854
0.654677
0.660087
0.668002
0.678909
0.69395
0.714952
0.744043
0.782802
0.830625
0.662217
0.670971
0.676498
0.677317
0.673826
0.66777
0.661322
0.655828
0.651959
0.650268
0.6514
0.654957
0.660209
0.666664
0.673417
0.678678
0.680298
0.677059
0.669711
0.662042
0.639261
0.641291
0.645893
0.649399
0.651901
0.653317
0.653013
0.651255
0.649035
0.647427
0.647396
0.649176
0.651862
0.654459
0.655922
0.655571
0.653706
0.650899
0.646845
0.642462
0.632371
0.633236
0.635716
0.638422
0.640423
0.64177
0.642736
0.643161
0.642985
0.642687
0.642985
0.644018
0.645073
0.645522
0.645195
0.644333
0.642912
0.640665
0.638021
0.636053
0.626745
0.627207
0.628598
0.630611
0.632539
0.634099
0.635221
0.636088
0.636767
0.637293
0.637863
0.638447
0.638723
0.638592
0.638094
0.63711
0.635589
0.633752
0.632098
0.63108
0.621596
0.621883
0.622797
0.624257
0.625869
0.627453
0.628852
0.629989
0.630965
0.631858
0.632624
0.6331
0.633198
0.63293
0.632237
0.63115
0.629842
0.628511
0.627415
0.626789
0.616673
0.616874
0.617559
0.618721
0.620088
0.62151
0.622953
0.624316
0.625535
0.626645
0.627582
0.628128
0.628215
0.627863
0.627147
0.626224
0.625217
0.6242
0.623405
0.622964
0.611906
0.612058
0.612601
0.613573
0.614784
0.616097
0.617486
0.618923
0.62034
0.621673
0.622809
0.623487
0.623628
0.623344
0.622785
0.62207
0.621283
0.620503
0.619912
0.619581
0.607216
0.607335
0.607779
0.608617
0.609726
0.610976
0.612333
0.6138
0.615348
0.616906
0.618284
0.619154
0.619456
0.619358
0.619004
0.618493
0.617895
0.617313
0.616877
0.616621
0.602517
0.602614
0.602988
0.603734
0.604779
0.60599
0.607351
0.608873
0.610547
0.612327
0.613991
0.615139
0.615697
0.61584
0.615705
0.615398
0.614995
0.614583
0.614269
0.614066
0.597723
0.597802
0.598126
0.598814
0.599825
0.601032
0.602434
0.604049
0.605886
0.60792
0.609929
0.611443
0.612325
0.612747
0.612853
0.612757
0.612546
0.61229
0.612078
0.611915
0.592748
0.592813
0.593103
0.593757
0.594766
0.596019
0.597502
0.599257
0.601318
0.603673
0.606108
0.608068
0.60933
0.610071
0.61045
0.610578
0.610557
0.610447
0.61032
0.610189
0.587506
0.587561
0.587828
0.588474
0.589519
0.590858
0.592472
0.594427
0.596786
0.599555
0.60252
0.605011
0.606717
0.607825
0.608505
0.608881
0.60905
0.609087
0.609037
0.608931
0.581904
0.58195
0.582205
0.582868
0.583983
0.585454
0.587257
0.589485
0.592225
0.59552
0.599137
0.602268
0.604501
0.606032
0.607052
0.607714
0.608094
0.608269
0.608286
0.6082
0.575836
0.575874
0.576125
0.576825
0.578049
0.579701
0.581759
0.584341
0.587564
0.591512
0.595928
0.599835
0.6027
0.604734
0.60615
0.607125
0.607738
0.608066
0.60815
0.608082
0.569171
0.5692
0.569455
0.570212
0.571586
0.57348
0.575871
0.578904
0.582738
0.587488
0.592878
0.597729
0.601356
0.603989
0.605872
0.607195
0.608079
0.608572
0.608723
0.60867
0.561753
0.561767
0.562033
0.562871
0.564442
0.566644
0.569462
0.573077
0.577689
0.583449
0.590034
0.596012
0.600532
0.603863
0.606293
0.60804
0.609229
0.609902
0.610121
0.610081
0.553347
0.55337
0.553665
0.554594
0.556413
0.559007
0.562373
0.566721
0.572301
0.579305
0.587346
0.594687
0.60028
0.604442
0.607524
0.609774
0.611319
0.61219
0.61248
0.612451
0.543685
0.543697
0.544031
0.545101
0.547238
0.550341
0.554402
0.559678
0.566473
0.57502
0.584837
0.593805
0.600673
0.605824
0.609677
0.612518
0.614478
0.615573
0.61594
0.61592
0.532388
0.532395
0.532761
0.534023
0.536586
0.540347
0.5453
0.551762
0.560092
0.570543
0.582513
0.593441
0.601809
0.608123
0.612889
0.616418
0.618865
0.62021
0.620656
0.620642
0.518931
0.518932
0.519362
0.520886
0.524004
0.528638
0.534768
0.542779
0.553083
0.565928
0.580501
0.593706
0.603816
0.611477
0.617305
0.621635
0.624636
0.626253
0.626777
0.626764
0.502557
0.502552
0.503081
0.504978
0.508865
0.514684
0.522389
0.532432
0.545242
0.561019
0.578709
0.594612
0.60675
0.61597
0.623043
0.628293
0.631926
0.633831
0.634429
0.634411
0.482157
0.482148
0.482835
0.485301
0.490311
0.49782
0.507727
0.520536
0.53663
0.556072
0.577446
0.59639
0.610783
0.621741
0.630191
0.636505
0.640833
0.643032
0.643686
0.643654
0.455932
0.455923
0.456892
0.460327
0.467138
0.477214
0.490309
0.506908
0.527215
0.551094
0.576736
0.599117
0.616004
0.62888
0.638832
0.646322
0.651368
0.653834
0.65451
0.654449
0.420835
0.420845
0.42244
0.427767
0.437802
0.451951
0.469789
0.491574
0.517238
0.546412
0.576875
0.602971
0.622497
0.637392
0.648946
0.657676
0.663401
0.666053
0.6667
0.666595
0.371084
0.371324
0.374997
0.384704
0.400761
0.421642
0.446392
0.47502
0.507222
0.542462
0.578163
0.608134
0.630355
0.647289
0.66048
0.670379
0.676643
0.679343
0.679897
0.679739
0.299013
0.301322
0.312131
0.331262
0.357414
0.387686
0.421261
0.457992
0.497595
0.539524
0.580921
0.615127
0.64034
0.659561
0.674595
0.68574
0.692518
0.695277
0.695787
0.695627
0.222004
0.228337
0.247576
0.276824
0.313594
0.353586
0.396096
0.441103
0.488461
0.537695
0.585745
0.625254
0.654356
0.676574
0.693958
0.706671
0.713934
0.716607
0.717057
0.716984
0.156108
0.162774
0.188641
0.226465
0.272235
0.321151
0.37222
0.425307
0.480264
0.536634
0.591102
0.635634
0.668354
0.69332
0.712715
0.726526
0.73395
0.736611
0.737215
0.737211
0.102249
0.109198
0.139057
0.183038
0.235525
0.291736
0.350192
0.410574
0.472601
0.535728
0.596289
0.645534
0.681601
0.709028
0.73012
0.745095
0.753299
0.756331
0.756789
0.756821
0.0574078
0.064677
0.0970227
0.145669
0.203511
0.265661
0.330317
0.397067
0.465457
0.534816
0.601063
0.6547
0.693839
0.723515
0.746299
0.762449
0.771468
0.774681
0.775232
0.775311
0.0191629
0.0266116
0.0607225
0.112901
0.175186
0.24235
0.312329
0.384664
0.458771
0.53384
0.605372
0.663077
0.705034
0.736757
0.76108
0.778181
0.787753
0.791346
0.792059
0.792172
-0.0144687
-0.00690236
0.0284977
0.0836013
0.149584
0.221038
0.295701
0.373019
0.452316
0.532654
0.609107
0.670589
0.715116
0.748653
0.774228
0.792073
0.802085
0.806034
0.80697
0.80709
-0.044929
-0.0372466
-0.000797876
0.0568183
0.125939
0.201112
0.279918
0.361729
0.445793
0.531032
0.612114
0.677142
0.724033
0.75917
0.785678
0.804067
0.814459
0.818684
0.819731
0.819859
-0.0731186
-0.0653342
-0.0279291
0.0317381
0.103651
0.182098
0.264591
0.350476
0.438932
0.528781
0.614276
0.682713
0.73185
0.768406
0.795657
0.814416
0.82497
0.829384
0.830525
0.830661
-0.0997608
-0.0918402
-0.0535559
0.00786765
0.0822934
0.163644
0.24944
0.33903
0.431553
0.525755
0.615527
0.687334
0.738693
0.776578
0.804453
0.823354
0.834133
0.838652
0.839843
0.839942
-0.125276
-0.117184
-0.0780063
-0.0150973
0.0615626
0.145498
0.234276
0.327243
0.423534
0.521866
0.615836
0.691059
0.744674
0.783857
0.81231
0.831447
0.84227
0.846844
0.848041
0.848143
-0.150003
-0.141706
-0.101865
-0.0373547
0.041256
0.127504
0.218972
0.315018
0.414801
0.517068
0.615195
0.693933
0.749895
0.790416
0.819462
0.838804
0.849668
0.854212
0.855361
0.855461
-0.174079
-0.165558
-0.12502
-0.0590877
0.0212666
0.109586
0.203467
0.302314
0.405323
0.511325
0.613581
0.695968
0.754436
0.796401
0.826114
0.845676
0.856531
0.861002
0.862077
0.862095
-0.197599
-0.188937
-0.147586
-0.0803995
0.00154006
0.0917072
0.187751
0.289126
0.395101
0.504629
0.610966
0.697149
0.758341
0.801945
0.832425
0.8522
0.862953
0.867241
0.868178
0.868129
-0.220636
-0.211785
-0.169696
-0.101318
-0.017942
0.0738776
0.171851
0.275493
0.384152
0.496981
0.607303
0.697423
0.761628
0.807144
0.838524
0.858455
0.868979
0.872957
0.873716
0.873616
-0.243216
-0.234168
-0.191305
-0.121827
-0.0371579
0.0561309
0.155809
0.261463
0.372541
0.488412
0.602562
0.696714
0.764252
0.812069
0.844579
0.864598
0.874663
0.878172
0.87872
0.878571
-0.265258
-0.256005
-0.212366
-0.141885
-0.056053
0.038521
0.139702
0.247117
0.360342
0.478956
0.596712
0.694934
0.766122
0.816733
0.850786
0.870909
0.880192
0.882938
0.883198
0.883012
-0.286693
-0.277234
-0.232861
-0.161456
-0.0745805
0.021125
0.123603
0.232545
0.347634
0.468689
0.589744
0.691976
0.767096
0.821062
0.857315
0.877845
0.885999
0.887431
0.887173
0.886958
-0.30752
-0.297845
-0.252757
-0.180496
-0.0926913
0.00401601
0.107604
0.217845
0.33452
0.457685
0.581692
0.687744
0.766984
0.824839
0.86416
0.885976
0.893075
0.892391
0.890839
0.890536
-0.327663
-0.317778
-0.27201
-0.198955
-0.110314
-0.01275
0.0917884
0.203111
0.321113
0.44605
0.572599
0.682149
0.765573
0.827701
0.87094
0.895564
0.902977
0.90015
0.89598
0.89414
-0.347143
-0.337062
-0.290604
-0.216833
-0.127473
-0.0291904
0.0761324
0.188309
0.307382
0.433743
0.562393
0.674971
0.762565
0.829201
0.876867
0.905964
0.916679
0.914508
0.906649
0.890252
-0.36599
-0.355692
-0.308645
-0.234304
-0.144408
-0.0456218
0.0602522
0.172968
0.292768
0.420122
0.550395
0.66549
0.757199
0.828674
0.880499
0.914521
0.930422
0.927494
0.919729
0.874776
-0.384472
-0.373274
-0.326055
-0.251228
-0.161015
-0.0619494
0.0443262
0.157311
0.2775
0.405394
0.536685
0.653586
0.748696
0.825395
0.879439
0.913428
0.929906
0.930377
0.878983
0.818188
-0.403617
-0.388728
-0.342626
-0.267453
-0.177555
-0.0783795
0.0280925
0.141338
0.261563
0.389542
0.521133
0.638999
0.735825
0.819358
0.871217
0.890746
0.905234
0.876517
0.81182
0.747025
-0.422541
-0.424285
-0.363789
-0.280453
-0.191011
-0.0920346
0.012144
0.125707
0.245687
0.373338
0.504354
0.622
0.718362
0.812539
0.831357
0.840635
0.833578
0.775419
0.70283
0.632799
-0.398133
-0.396853
-0.338215
-0.255654
-0.161261
-0.0589382
0.0498894
0.165949
0.288883
0.419942
0.544734
0.649479
0.735608
0.827503
0.845775
0.750859
0.669866
0.605041
0.5333
0.390712
-0.439542
-0.412987
-0.351491
-0.268288
-0.173942
-0.0718924
0.0363723
0.151841
0.273889
0.403477
0.525762
0.627314
0.704669
0.765105
0.737266
0.61326
0.496758
0.416657
0.333599
0.17162
-0.464349
-0.433022
-0.37047
-0.287682
-0.193253
-0.0913939
0.0170828
0.131805
0.252588
0.379982
0.498918
0.595157
0.664726
0.69052
0.615415
0.456234
0.320328
0.219243
0.105238
-0.128018
-0.488577
-0.454892
-0.391072
-0.307562
-0.213005
-0.111208
-0.00304987
0.110784
0.230076
0.354863
0.469543
0.559243
0.616734
0.609248
0.478398
0.294821
0.126221
-0.0137751
-0.172486
-0.554324
-0.511837
-0.477287
-0.412389
-0.327974
-0.233206
-0.131555
-0.0240015
0.0888283
0.206428
0.328253
0.437933
0.520476
0.560496
0.52367
0.345253
0.141167
-0.0698419
-0.247028
-0.493118
-1.04606
-0.534874
-0.500271
-0.434653
-0.349593
-0.254576
-0.153096
-0.0461362
0.0656023
0.181307
0.299844
0.404065
0.478787
0.500532
0.416087
0.223432
0.0122348
-0.202524
-0.401637
-0.567687
-1.16813
-0.558832
-0.524166
-0.458131
-0.372669
-0.277456
-0.176114
-0.0697123
0.0409081
0.154581
0.269575
0.368156
0.43345
0.432304
0.304901
0.118882
-0.0822952
-0.267104
-0.393802
-0.425746
-0.472996
-0.584133
-0.549431
-0.483145
-0.397514
-0.302289
-0.201243
-0.0955722
0.0136503
0.124891
0.235702
0.328177
0.381373
0.358606
0.202746
0.024575
-0.15178
-0.294153
-0.35452
-0.377357
-0.383098
-0.61114
-0.576243
-0.509779
-0.424101
-0.329033
-0.228469
-0.123793
-0.0162879
0.0921123
0.198134
0.283854
0.322774
0.285855
0.107459
-0.0614456
-0.216022
-0.32361
-0.350386
-0.351396
-0.351729
-0.639915
-0.604717
-0.538064
-0.4524
-0.357641
-0.257786
-0.154365
-0.0489069
0.0562088
0.156916
0.234873
0.261819
0.195127
0.0200505
-0.140441
-0.276683
-0.32244
-0.336912
-0.338294
-0.337919
-0.67035
-0.634769
-0.567943
-0.482384
-0.388084
-0.28915
-0.187259
-0.0842057
0.0171993
0.112103
0.181674
0.195704
0.0986225
-0.0612995
-0.207955
-0.315246
-0.328457
-0.328425
-0.329381
-0.329043
-0.701946
-0.66629
-0.599218
-0.513865
-0.420208
-0.32244
-0.222381
-0.122113
-0.0248266
0.0638668
0.125054
0.122194
0.0145424
-0.133631
-0.261861
-0.299611
-0.321374
-0.324744
-0.324895
-0.324522
-0.734343
-0.698305
-0.631491
-0.546527
-0.453728
-0.357398
-0.259494
-0.162396
-0.0696562
0.0126717
0.0645665
0.0507001
-0.0633352
-0.193718
-0.297911
-0.337133
-0.325998
-0.323137
-0.322693
-0.322301
-0.766586
-0.730608
-0.664214
-0.579823
-0.488165
-0.393592
-0.298201
-0.204666
-0.116922
-0.0408888
0.000184811
-0.0163272
-0.132471
-0.239986
-0.319542
-0.317205
-0.320875
-0.321358
-0.320994
-0.320806
-0.797645
-0.762222
-0.696212
-0.61298
-0.52283
-0.430395
-0.337898
-0.2483
-0.165953
-0.0964185
-0.0620324
-0.0872897
-0.1896
-0.278967
-0.316112
-0.334829
-0.327374
-0.320819
-0.318902
-0.31848
-0.825937
-0.79146
-0.726622
-0.644908
-0.556761
-0.466911
-0.377755
-0.292459
-0.215756
-0.153295
-0.119906
-0.168741
-0.242345
-0.283471
-0.317248
-0.325175
-0.329765
-0.330144
-0.329402
-0.32838
-0.849733
-0.816719
-0.753642
-0.674311
-0.588746
-0.50199
-0.416668
-0.336031
-0.265133
-0.210437
-0.179592
-0.251888
-0.309189
-0.263808
-0.296767
-0.334163
-0.369935
-0.387784
-0.390024
-0.388246
-0.866751
-0.835865
-0.77534
-0.699384
-0.61727
-0.534304
-0.453273
-0.377641
-0.312724
-0.266336
-0.242467
-0.34446
-0.433002
-0.399479
-0.379058
-0.456332
-0.506691
-0.525045
-0.518591
-0.515304
-0.874649
-0.846433
-0.789819
-0.71818
-0.640584
-0.562239
-0.486031
-0.415604
-0.356709
-0.31848
-0.302527
-0.44492
-0.696862
-0.917674
-0.834391
-0.709931
-0.639731
-0.604227
-0.58795
-0.584581
-0.870813
-0.846475
-0.795146
-0.728897
-0.656975
-0.5841
-0.51319
-0.447986
-0.394758
-0.363186
-0.351051
-0.51471
-0.806555
-1.27295
-1.21269
-0.834652
-0.61142
-0.546965
-0.530189
-0.525471
-0.851411
-0.833112
-0.789695
-0.730168
-0.665032
-0.598406
-0.533026
-0.472727
-0.423702
-0.394937
-0.392892
-0.414256
-0.433236
-0.615066
-0.651309
-0.481576
-0.384302
-0.352163
-0.344303
-0.340756
-0.817876
-0.805049
-0.771746
-0.721381
-0.664084
-0.604329
-0.544378
-0.487985
-0.440567
-0.411446
-0.385455
-0.201767
0.161815
0.614951
0.496362
0.171897
-0.0781832
-0.152284
-0.170048
-0.172733
-0.774413
-0.766219
-0.744125
-0.703886
-0.654995
-0.602131
-0.547136
-0.492941
-0.445041
-0.410444
-0.375178
-0.201262
0.152471
0.620726
0.395588
0.0311657
-0.161968
-0.215186
-0.214331
-0.236137
-0.728564
-0.723934
-0.711025
-0.681953
-0.640729
-0.593552
-0.542251
-0.489208
-0.437568
-0.397995
-0.377407
-0.435499
-0.816996
-1.47251
-2.03726
-2.38334
-2.22906
-1.91676
-1.6376
-1.51237
-0.689375
-0.686944
-0.679788
-0.659239
-0.625099
-0.581607
-0.532102
-0.477222
-0.42028
-0.366583
-0.342695
-0.526334
-1.19714
-2.11981
-2.63941
-2.65099
-2.30244
-1.89903
-1.55197
-1.45181
-0.659208
-0.658031
-0.65531
-0.642352
-0.612852
-0.570754
-0.519617
-0.460562
-0.393302
-0.314608
-0.240953
-0.21795
-0.274467
-0.182922
0.00915883
0.328994
0.693546
0.962763
1.11322
1.17018
-0.638307
-0.637592
-0.636682
-0.630203
-0.605807
-0.563198
-0.50825
-0.441998
-0.364082
-0.268743
-0.15036
0.00540816
0.220157
0.587232
1.09347
1.59086
1.98132
2.22329
2.33585
2.36762
-0.625989
-0.625544
-0.624984
-0.62254
-0.603068
-0.559694
-0.499451
-0.426064
-0.336934
-0.227375
-0.0955719
0.0376216
0.288585
0.765715
1.34289
1.86504
2.24084
2.44905
2.53639
2.55765
-0.618523
-0.618034
-0.617118
-0.616283
-0.603052
-0.560907
-0.495725
-0.415165
-0.318658
-0.206934
-0.0829154
0.0467565
0.230122
0.667149
1.15597
1.58867
1.89265
2.05826
2.12642
2.1428
-0.618585
-0.616634
-0.612785
-0.612072
-0.607686
-0.569023
-0.497543
-0.409326
-0.309852
-0.198623
-0.0867715
0.0277795
0.154433
0.480829
0.856532
1.16553
1.38807
1.50827
1.55806
1.57036
-0.640005
-0.63699
-0.634188
-0.636331
-0.633959
-0.587423
-0.502599
-0.40418
-0.302105
-0.194732
-0.0962938
-0.00324811
0.0904484
0.312697
0.574265
0.786292
0.937945
1.02022
1.05464
1.06266
-0.682965
-0.684758
-0.694446
-0.700298
-0.686191
-0.611085
-0.502659
-0.39296
-0.2903
-0.191014
-0.109439
-0.0397881
0.0249583
0.184465
0.360646
0.498862
0.596356
0.648959
0.670671
0.676033
-0.697554
-0.709305
-0.726944
-0.732025
-0.698727
-0.599441
-0.478262
-0.367802
-0.271872
-0.186105
-0.121786
-0.0759079
-0.0369698
0.0727555
0.197725
0.294827
0.360099
0.393903
0.408073
0.41054
-0.590884
-0.603324
-0.619568
-0.621972
-0.588179
-0.504597
-0.409764
-0.320278
-0.241861
-0.173493
-0.124203
-0.0959257
-0.0732009
0.0129872
0.0970766
0.157605
0.198477
0.220046
0.228588
0.229905
-0.376577
-0.384007
-0.394376
-0.399267
-0.384993
-0.348128
-0.301004
-0.250019
-0.19918
-0.150221
-0.115196
-0.0976276
-0.0817484
-0.0203604
0.0413318
0.0836427
0.107859
0.119653
0.124322
0.124499
-0.161519
-0.165033
-0.172758
-0.184112
-0.193935
-0.196576
-0.189951
-0.174025
-0.150538
-0.121411
-0.0966046
-0.0811383
-0.0656513
-0.0249591
0.0115763
0.0373069
0.0531981
0.0612714
0.0643951
0.0644466
-0.0184348
-0.0204379
-0.0273284
-0.0425947
-0.0655357
-0.088367
-0.104195
-0.11012
-0.105262
-0.0904056
-0.0706066
-0.0522315
-0.0341356
-0.00496338
0.0175333
0.0312789
0.0389673
0.0431974
0.0448427
0.0442948
0.0489033
0.0475732
0.0415547
0.0265464
0.00230188
-0.0245971
-0.0477173
-0.0631545
-0.0684098
-0.061911
-0.0449612
-0.0221794
0.00157962
0.0199219
0.0269393
0.0317156
0.0362783
0.0395727
0.0409091
0.0400991
0.0683611
0.0673481
0.0626817
0.0507363
0.0308907
0.00742669
-0.0150356
-0.0326927
-0.0423712
-0.0408789
-0.0261856
-0.00169876
0.0236303
0.0318767
0.0324058
0.0360788
0.0393022
0.0424066
0.0429912
0.0415698
0.0647189
0.0640137
0.0607316
0.0521913
0.0375964
0.0193771
0.000599766
-0.015621
-0.0263616
-0.0280444
-0.0168219
0.00424306
0.0251994
0.0263838
0.0234243
0.0256916
0.0307735
0.0344573
0.0350137
0.033491
0.0520925
0.0516396
0.0494552
0.0436562
0.033436
0.0200576
0.00529892
-0.00858377
-0.0192696
-0.0237853
-0.0182263
-0.0050016
0.00699399
0.00273768
0.000757553
0.00508162
0.011254
0.0153026
0.0158658
0.0142802
0.0370465
0.0367565
0.0353371
0.0314967
0.0244983
0.0148754
0.00358351
-0.00805344
-0.0186517
-0.0263619
-0.0282976
-0.0257422
-0.0244371
-0.0303431
-0.0319367
-0.0261062
-0.0201359
-0.017509
-0.0172864
-0.0184843
0.0224929
0.022308
0.0214001
0.0189095
0.0141963
0.00733578
-0.00131349
-0.0112153
-0.0219071
-0.0330345
-0.0433224
-0.0535422
-0.0654873
-0.0753264
-0.0711515
-0.0629268
-0.0570643
-0.0551764
-0.0552359
-0.0560254
0.0100258
0.00984639
0.00919989
0.00763614
0.00449858
-0.000389723
-0.00711198
-0.0157005
-0.0265224
-0.0406994
-0.0587752
-0.0806426
-0.101623
-0.108792
-0.101836
-0.0934701
-0.0892082
-0.08834
-0.0885771
-0.0890084
0.000328357
0.000161963
-0.000302247
-0.00132484
-0.00337526
-0.00684731
-0.012122
-0.0196298
-0.0303286
-0.0463886
-0.0700476
-0.100733
-0.1267
-0.1297
-0.120411
-0.112466
-0.109617
-0.109873
-0.11001
-0.110203
-0.00618925
-0.00636335
-0.0067209
-0.00739897
-0.00874605
-0.0112457
-0.0154056
-0.0218912
-0.0318408
-0.0481482
-0.0735133
-0.106364
-0.131893
-0.130424
-0.12094
-0.115671
-0.115317
-0.116338
-0.116418
-0.116474
-0.00958179
-0.00973565
-0.0100405
-0.0105196
-0.0114398
-0.0132742
-0.0165277
-0.0219181
-0.0305809
-0.0450701
-0.0678518
-0.0962528
-0.115142
-0.110786
-0.104983
-0.103742
-0.10561
-0.107052
-0.107184
-0.107254
-0.0102934
-0.0104407
-0.01069
-0.0110511
-0.0116993
-0.0130175
-0.015464
-0.019638
-0.0264619
-0.0377328
-0.0542889
-0.073247
-0.0834863
-0.0794407
-0.0782316
-0.0809926
-0.0839053
-0.0854645
-0.0856795
-0.0858567
-0.00894071
-0.00905849
-0.00925475
-0.00954197
-0.0100099
-0.0109165
-0.0126455
-0.0155929
-0.0202679
-0.0275692
-0.0365243
-0.0444338
-0.0470106
-0.0439957
-0.0478433
-0.0531186
-0.0564193
-0.0576778
-0.0579878
-0.0582757
-0.00622621
-0.00631466
-0.006452
-0.00664604
-0.00694756
-0.00753115
-0.00862156
-0.01034
-0.0129876
-0.016659
-0.0191486
-0.0172794
-0.0112027
-0.0119649
-0.0198851
-0.0264413
-0.0286494
-0.0289496
-0.0295261
-0.0300286
-0.00275212
-0.00280519
-0.00285132
-0.00292171
-0.00301867
-0.00320607
-0.00361361
-0.00414112
-0.00497768
-0.00607999
-0.00688855
-0.00476549
0.00518718
0.0127027
0.00212686
-0.00571182
-0.00795702
-0.00732211
-0.00709882
-0.00792308
-0.751282
-0.18367
0.138388
0.355615
0.521924
0.649595
0.752499
0.841192
0.950796
0.948258
0.0611244
0.209879
0.37204
0.51106
0.6258
0.719161
0.796149
0.854789
0.878833
0.883
0.328366
0.428612
0.537006
0.631547
0.712252
0.779536
0.833165
0.870869
0.894404
0.911453
0.517351
0.586442
0.661425
0.728731
0.786998
0.835937
0.875287
0.905455
0.929151
0.947825
0.658911
0.710558
0.762938
0.813022
0.856871
0.894597
0.926246
0.952211
0.973934
0.992272
0.773352
0.810921
0.852552
0.891751
0.927216
0.958554
0.985724
1.00856
1.0277
1.04548
0.871318
0.901718
0.937348
0.97072
1.00181
1.0299
1.05448
1.07509
1.09179
1.10916
0.961105
0.989693
1.02326
1.055
1.08468
1.11152
1.13482
1.15396
1.1684
1.18553
1.05168
1.08272
1.1179
1.15059
1.18047
1.20698
1.22949
1.24744
1.26002
1.27727
1.15537
1.19114
1.2291
1.26326
1.29324
1.31892
1.34014
1.35674
1.36832
1.38616
1.28454
1.3236
1.36177
1.39485
1.42279
1.44634
1.46595
1.48144
1.49325
1.51151
1.44569
1.48172
1.5138
1.54058
1.5634
1.58389
1.6025
1.61852
1.63223
1.6501
1.6304
1.65545
1.67531
1.69383
1.71148
1.72822
1.74409
1.76008
1.77721
1.79635
1.81708
1.82793
1.84065
1.8552
1.86882
1.88089
1.89179
1.90314
1.91855
1.93798
1.99899
2.01242
2.01748
2.01849
2.02046
2.02782
2.04153
2.05913
2.07287
2.08421
2.26786
2.21727
2.16981
2.13822
2.12517
2.12972
2.15297
2.19802
2.26472
2.35884
0.717286
0.714275
0.708214
0.697283
0.684784
0.673464
0.664391
0.657613
0.653121
0.651189
0.652381
0.656336
0.662474
0.67074
0.681228
0.693539
0.705887
0.714594
0.719105
0.721269
0.645598
0.652245
0.657489
0.6611
0.662205
0.66056
0.657091
0.653277
0.650265
0.648916
0.649959
0.652964
0.657027
0.661234
0.664251
0.664772
0.662447
0.658063
0.65177
0.645944
0.635503
0.638464
0.641823
0.644306
0.646057
0.647228
0.647437
0.646667
0.645573
0.645082
0.645901
0.647604
0.649247
0.650016
0.649586
0.648324
0.646418
0.643543
0.640205
0.637916
0.629475
0.630897
0.633105
0.63537
0.637082
0.638262
0.639133
0.639693
0.63993
0.640196
0.640844
0.641567
0.641882
0.641659
0.641021
0.63987
0.638053
0.635823
0.63407
0.632986
0.624137
0.624954
0.626413
0.628179
0.629907
0.631367
0.632483
0.633393
0.63419
0.634908
0.63552
0.635848
0.635815
0.635429
0.634594
0.633301
0.631773
0.630247
0.629226
0.628559
0.619114
0.619667
0.620745
0.622149
0.623648
0.625134
0.626502
0.627678
0.628724
0.629682
0.630376
0.630663
0.63055
0.630014
0.629111
0.628011
0.626836
0.625751
0.625057
0.624589
0.614277
0.614691
0.61555
0.61675
0.618065
0.619454
0.620878
0.622258
0.623531
0.624692
0.625534
0.625883
0.625755
0.62524
0.624491
0.623627
0.622719
0.621904
0.621394
0.621038
0.609559
0.609884
0.610592
0.611642
0.612861
0.614182
0.615593
0.61707
0.618548
0.619943
0.620979
0.621448
0.621431
0.621086
0.62054
0.619875
0.619176
0.61857
0.618187
0.617904
0.604876
0.60514
0.605741
0.606689
0.607846
0.609132
0.610553
0.612106
0.613755
0.615405
0.616694
0.61738
0.617579
0.617449
0.617111
0.616645
0.616134
0.615694
0.615406
0.615173
0.60014
0.600359
0.600886
0.601773
0.602892
0.604175
0.605642
0.607301
0.609133
0.611066
0.61268
0.613674
0.61415
0.614263
0.614141
0.613883
0.613547
0.613249
0.613035
0.612838
0.595265
0.595451
0.595929
0.596784
0.597901
0.599226
0.600778
0.602586
0.604656
0.606928
0.608948
0.610321
0.611122
0.611512
0.611626
0.611568
0.611407
0.611234
0.61108
0.610909
0.590169
0.590331
0.590779
0.591632
0.592789
0.594197
0.595881
0.5979
0.600279
0.602979
0.605495
0.607318
0.608494
0.609198
0.609572
0.609716
0.609735
0.609676
0.609572
0.60942
0.584761
0.584904
0.585341
0.586222
0.587459
0.588996
0.590875
0.593181
0.59596
0.599204
0.602321
0.604675
0.606286
0.607341
0.608005
0.608389
0.608581
0.608626
0.608563
0.608424
0.578939
0.579068
0.579509
0.580449
0.581811
0.583532
0.585674
0.588345
0.591626
0.595541
0.599391
0.602386
0.604517
0.605985
0.606972
0.607617
0.607999
0.608148
0.608123
0.607994
0.572588
0.572706
0.573167
0.574195
0.575729
0.577696
0.580181
0.583319
0.587231
0.59197
0.596713
0.600481
0.603231
0.605183
0.606542
0.607484
0.608075
0.608332
0.608342
0.608218
0.565568
0.565677
0.566169
0.567319
0.569074
0.57136
0.574283
0.578017
0.582719
0.588471
0.594301
0.598998
0.602479
0.605004
0.606803
0.608085
0.608911
0.60928
0.609325
0.609202
0.557689
0.557797
0.558323
0.559636
0.561677
0.564372
0.567862
0.572353
0.578048
0.585056
0.592198
0.597997
0.602342
0.605533
0.607863
0.609546
0.610631
0.611119
0.611197
0.611074
0.548671
0.548789
0.549407
0.550912
0.553313
0.556536
0.560739
0.566176
0.573101
0.58165
0.59038
0.597506
0.60288
0.606875
0.609833
0.611987
0.613369
0.61399
0.614101
0.613973
0.538232
0.538347
0.539081
0.54085
0.543714
0.547612
0.552725
0.559362
0.56782
0.57825
0.588902
0.597606
0.604201
0.609143
0.612835
0.615544
0.61727
0.618036
0.618181
0.618045
0.525905
0.526039
0.526921
0.529038
0.532508
0.537286
0.543578
0.551757
0.562159
0.574915
0.58786
0.598408
0.606417
0.612471
0.617031
0.620383
0.622496
0.623417
0.623591
0.623443
0.511056
0.511226
0.512331
0.514928
0.519209
0.525163
0.533011
0.543184
0.556024
0.57161
0.587278
0.599993
0.60965
0.616981
0.622556
0.626648
0.629192
0.630271
0.630469
0.630306
0.492777
0.493018
0.494458
0.49773
0.503133
0.510702
0.520652
0.533444
0.54937
0.568396
0.58726
0.602448
0.613989
0.622786
0.629512
0.634457
0.637472
0.63871
0.638921
0.638738
0.469643
0.470027
0.47201
0.476321
0.483404
0.493325
0.506224
0.522518
0.542358
0.565511
0.588031
0.605966
0.619577
0.630021
0.637996
0.643891
0.647389
0.648764
0.648968
0.648759
0.439322
0.440003
0.442943
0.449051
0.458865
0.472337
0.489421
0.51034
0.535011
0.563
0.589643
0.610607
0.626454
0.638659
0.648036
0.654909
0.658852
0.660313
0.660485
0.660247
0.397705
0.399104
0.40412
0.413782
0.428373
0.447363
0.470374
0.497308
0.527839
0.56134
0.592433
0.616552
0.634709
0.648714
0.659556
0.66735
0.671598
0.673052
0.673162
0.672899
0.337129
0.341567
0.352103
0.368812
0.391548
0.418803
0.449719
0.484013
0.521265
0.560764
0.596506
0.623832
0.644284
0.660081
0.672254
0.680817
0.685187
0.686446
0.686454
0.686187
0.264632
0.272669
0.291974
0.319213
0.352431
0.389014
0.428467
0.470673
0.515286
0.561657
0.603081
0.634604
0.658222
0.676371
0.690265
0.699715
0.70423
0.70548
0.705563
0.705449
0.191747
0.205108
0.233474
0.271076
0.314241
0.360062
0.408083
0.458285
0.510376
0.563784
0.611117
0.647009
0.67392
0.694725
0.710511
0.720709
0.725133
0.726029
0.726119
0.726113
0.13127
0.148472
0.182547
0.22788
0.279114
0.33305
0.38895
0.446712
0.50598
0.566154
0.619099
0.659079
0.688994
0.712016
0.72929
0.740089
0.74436
0.745706
0.745958
0.746021
0.0816314
0.100875
0.139402
0.190521
0.248081
0.308701
0.371408
0.435958
0.501848
0.568373
0.626585
0.670364
0.70302
0.728088
0.746844
0.75847
0.76346
0.76513
0.765431
0.76553
0.0398678
0.0603629
0.102223
0.157936
0.220723
0.286929
0.355486
0.426039
0.497941
0.570334
0.633455
0.680737
0.715895
0.74285
0.762945
0.775661
0.781216
0.783135
0.783462
0.783557
0.00369218
0.0250049
0.0695321
0.128952
0.196133
0.267155
0.340848
0.416765
0.494143
0.571971
0.639652
0.690163
0.727598
0.756195
0.777438
0.790843
0.796992
0.799137
0.799508
0.799602
-0.0285216
-0.00662025
0.0400777
0.102621
0.173536
0.248754
0.327025
0.407799
0.490219
0.573108
0.645056
0.698551
0.738029
0.768037
0.790187
0.804113
0.810784
0.81305
0.813434
0.813503
-0.0579491
-0.0356098
0.0129197
0.0781551
0.152326
0.231235
0.313603
0.398813
0.485909
0.573567
0.649568
0.705878
0.747216
0.778408
0.801107
0.815393
0.822421
0.824813
0.82523
0.825268
-0.0855138
-0.0627062
-0.0125183
0.0549855
0.132042
0.21423
0.300288
0.389556
0.481017
0.573215
0.653143
0.712204
0.755313
0.787499
0.810625
0.825107
0.832327
0.834809
0.835271
0.835274
-0.111704
-0.0883811
-0.0368889
0.0327474
0.112353
0.197471
0.286865
0.379863
0.475411
0.571964
0.655784
0.717618
0.762474
0.795568
0.819078
0.833743
0.841008
0.843534
0.843962
0.843926
-0.136916
-0.113048
-0.060443
0.011168
0.0930324
0.180782
0.273204
0.369626
0.469
0.569778
0.657509
0.722197
0.768832
0.802829
0.826694
0.841509
0.848804
0.851293
0.851673
0.851583
-0.161408
-0.137048
-0.083254
-0.00993403
0.0739488
0.164063
0.25922
0.358786
0.461745
0.566616
0.658325
0.726004
0.774515
0.809471
0.833717
0.848641
0.855916
0.858335
0.85869
0.858571
-0.185331
-0.160418
-0.105501
-0.0306546
0.0550376
0.147262
0.244888
0.347325
0.453633
0.562462
0.658212
0.729065
0.779626
0.815662
0.840345
0.855351
0.862525
0.864813
0.865088
0.864938
-0.208734
-0.183253
-0.127282
-0.0510407
0.036276
0.130387
0.230226
0.335259
0.444661
0.557293
0.657124
0.731369
0.784241
0.821538
0.846692
0.861683
0.868659
0.870737
0.870906
0.870726
-0.231594
-0.205611
-0.148612
-0.0710961
0.0176768
0.113462
0.215271
0.322634
0.434862
0.551097
0.654997
0.732871
0.788397
0.827225
0.852898
0.867723
0.874305
0.876094
0.876166
0.875964
-0.253965
-0.227433
-0.169456
-0.0907832
-0.000715632
0.0965412
0.200088
0.309514
0.424298
0.543874
0.651774
0.733484
0.792068
0.832847
0.859185
0.873641
0.879553
0.880927
0.880893
0.880682
-0.275736
-0.248674
-0.189775
-0.110066
-0.0188489
0.0797042
0.184759
0.295986
0.413036
0.535647
0.647387
0.733085
0.795165
0.838473
0.865855
0.879795
0.884579
0.885269
0.885093
0.884896
-0.296916
-0.269285
-0.209552
-0.128888
-0.0366537
0.0630195
0.169378
0.282156
0.401156
0.526471
0.641785
0.731534
0.797518
0.84405
0.873234
0.886855
0.889951
0.889296
0.888774
0.888656
-0.31741
-0.289261
-0.228729
-0.1472
-0.0540733
0.0465684
0.154024
0.268103
0.388773
0.516424
0.634943
0.728675
0.798872
0.849294
0.881403
0.895765
0.897183
0.894034
0.892077
0.891729
-0.337276
-0.308568
-0.247258
-0.164944
-0.0710305
0.0304365
0.138818
0.253963
0.376009
0.505602
0.62688
0.724356
0.798917
0.853648
0.889812
0.907034
0.908688
0.903149
0.895591
0.878475
-0.356451
-0.327198
-0.265277
-0.182324
-0.0878242
0.0142878
0.123338
0.239269
0.362342
0.493465
0.617032
0.717954
0.797198
0.856465
0.897336
0.919838
0.925162
0.919498
0.904263
0.918057
-0.375057
-0.345131
-0.282724
-0.199294
-0.104386
-0.00181841
0.107591
0.224048
0.347764
0.479913
0.605205
0.708871
0.793012
0.856543
0.900351
0.926674
0.936428
0.92817
0.866998
0.850409
-0.393695
-0.362964
-0.299339
-0.215473
-0.120192
-0.0174308
0.0917873
0.20856
0.332561
0.465152
0.591424
0.696725
0.785524
0.853068
0.893696
0.918826
0.919862
0.884723
0.816676
0.775629
-0.413075
-0.381633
-0.314709
-0.230478
-0.134875
-0.032397
0.0763073
0.192979
0.316816
0.449198
0.575554
0.68137
0.772647
0.845285
0.896338
0.88239
0.858234
0.796233
0.724648
0.681132
0.00538069
0.118791
0.238604
0.365936
0.49617
0.612845
0.707704
0.555968
-0.433942
-0.415017
-0.376524
-0.305812
-0.216529
-0.118394
-0.0128485
0.0994786
0.218483
0.344588
0.473602
0.58919
0.682588
0.758183
0.810246
0.771529
0.630927
0.543747
0.47541
-0.451679
-0.438535
-0.393803
-0.321353
-0.231777
-0.133533
-0.028508
0.0833225
0.20145
0.326145
0.452828
0.564788
0.652023
0.715035
0.71247
0.610352
0.467898
0.362942
0.274316
-0.474987
-0.462169
-0.414464
-0.340865
-0.251133
-0.152698
-0.0476003
0.0638877
0.181072
0.304122
0.427631
0.534473
0.612707
0.65766
0.618803
0.459828
0.295676
0.163408
0.0462028
-0.498501
-0.485521
-0.436201
-0.361349
-0.27115
-0.172705
-0.0678645
0.0429035
0.158876
0.279856
0.399735
0.50085
0.571617
0.590281
0.505727
0.314445
0.118125
-0.0596111
-0.226119
-0.521212
-0.50873
-0.45859
-0.382639
-0.291947
-0.193481
-0.0890429
0.0208668
0.135452
0.25403
0.369836
0.464423
0.525506
0.507661
0.378898
0.179927
-0.0373726
-0.243634
-0.430299
-0.544468
-0.532272
-0.481851
-0.405164
-0.31408
-0.21554
-0.111431
-0.0023178
0.110823
0.226859
0.338387
0.425952
0.473732
0.433453
0.263076
0.0675307
-0.141963
-0.338685
-0.45992
-0.498383
-0.569041
-0.556991
-0.506338
-0.429242
-0.337969
-0.239459
-0.135747
-0.0275474
0.08392
0.197024
0.303751
0.383682
0.416753
0.354217
0.159458
-0.0271928
-0.205487
-0.339548
-0.384907
-0.408817
-0.595022
-0.583124
-0.53231
-0.454991
-0.36369
-0.265406
-0.162275
-0.0552591
0.0541816
0.163846
0.265073
0.33703
0.35064
0.250811
0.0670894
-0.105248
-0.255457
-0.338053
-0.35803
-0.36351
-0.622741
-0.610884
-0.559876
-0.482409
-0.391214
-0.293326
-0.191026
-0.0854809
0.0215585
0.127298
0.222305
0.285963
0.271053
0.150446
-0.0188352
-0.180925
-0.298942
-0.34278
-0.34285
-0.34404
-0.652116
-0.640365
-0.58905
-0.511482
-0.420515
-0.323204
-0.221983
-0.118202
-0.0139554
0.0873928
0.175626
0.229507
0.197461
0.0559136
-0.0987154
-0.249523
-0.314387
-0.332455
-0.333363
-0.333111
-0.682953
-0.671183
-0.619717
-0.542107
-0.45149
-0.354968
-0.255072
-0.153387
-0.0523361
0.0441757
0.125212
0.167464
0.132345
-0.0271334
-0.171324
-0.285069
-0.334077
-0.327119
-0.326698
-0.326681
-0.714744
-0.702885
-0.651624
-0.574014
-0.483924
-0.388413
-0.290127
-0.190885
-0.0934327
-0.00209988
0.0713602
0.104476
0.0558212
-0.0993418
-0.231035
-0.309184
-0.324953
-0.323472
-0.323611
-0.323151
-0.746929
-0.73504
-0.684039
-0.606785
-0.517407
-0.423175
-0.326822
-0.230387
-0.136965
-0.051129
0.0147717
0.0364446
-0.0283423
-0.160862
-0.278451
-0.29636
-0.313985
-0.320794
-0.321708
-0.32143
-0.778493
-0.766726
-0.716167
-0.63964
-0.551334
-0.458715
-0.364652
-0.2714
-0.182406
-0.102544
-0.0429408
-0.0383306
-0.103078
-0.213168
-0.300449
-0.349284
-0.330729
-0.323342
-0.320251
-0.319634
-0.807723
-0.796703
-0.747087
-0.671563
-0.584834
-0.494244
-0.402885
-0.313207
-0.228984
-0.155584
-0.100979
-0.108592
-0.176208
-0.248841
-0.328089
-0.344632
-0.332785
-0.324287
-0.320526
-0.319913
-0.833716
-0.823014
-0.775304
-0.701337
-0.616774
-0.528697
-0.440541
-0.354853
-0.275681
-0.208914
-0.160449
-0.17417
-0.255478
-0.272019
-0.271259
-0.30479
-0.334399
-0.346967
-0.350579
-0.350843
-0.853862
-0.843829
-0.798514
-0.727436
-0.645709
-0.560804
-0.476365
-0.395121
-0.321244
-0.261146
-0.221046
-0.242224
-0.345754
-0.340874
-0.202783
-0.322975
-0.402838
-0.442266
-0.451583
-0.447884
-0.866118
-0.857116
-0.815026
-0.747693
-0.669845
-0.589014
-0.508901
-0.432512
-0.364137
-0.310714
-0.280444
-0.312144
-0.487928
-0.627436
-0.634814
-0.586059
-0.582558
-0.584109
-0.57333
-0.565181
-0.867859
-0.860493
-0.822703
-0.760287
-0.687374
-0.611606
-0.536552
-0.465256
-0.402477
-0.355465
-0.336086
-0.38036
-0.614717
-1.011
-1.20164
-0.932288
-0.718576
-0.615493
-0.583599
-0.574657
-0.857675
-0.851709
-0.819383
-0.763361
-0.696704
-0.626973
-0.557567
-0.491571
-0.433718
-0.392101
-0.380799
-0.409237
-0.573282
-0.903247
-1.17516
-0.880343
-0.593563
-0.47253
-0.445544
-0.438695
-0.831829
-0.827533
-0.802365
-0.755466
-0.69676
-0.633975
-0.570667
-0.509631
-0.455488
-0.41676
-0.400134
-0.362178
-0.21363
-0.0200631
-0.0833788
-0.157224
-0.212399
-0.241571
-0.245454
-0.24619
-0.793262
-0.7906
-0.773305
-0.736701
-0.68764
-0.632495
-0.575285
-0.518462
-0.466553
-0.425842
-0.401772
-0.309427
0.0430898
0.593945
1.11329
0.643026
0.180612
-0.0540215
-0.12869
-0.150184
-0.747986
-0.746322
-0.7371
-0.71068
-0.671534
-0.623817
-0.57207
-0.51855
-0.466247
-0.421981
-0.391433
-0.34647
-0.285166
-0.365887
-0.622808
-1.06723
-1.24235
-1.03382
-0.758492
-0.636391
-0.705451
-0.704365
-0.699984
-0.68364
-0.652466
-0.610756
-0.563234
-0.511021
-0.456999
-0.404646
-0.370557
-0.393194
-0.795341
-1.67606
-2.5726
-3.06102
-3.08728
-2.75148
-2.36588
-2.09051
-0.672835
-0.672188
-0.669536
-0.660428
-0.635738
-0.598155
-0.551717
-0.498251
-0.438428
-0.37469
-0.317731
-0.275986
-0.563389
-0.921435
-1.13407
-1.02486
-0.725797
-0.401681
-0.141616
0.00615515
-0.647558
-0.646954
-0.645831
-0.642303
-0.624499
-0.589194
-0.541174
-0.483486
-0.416517
-0.338475
-0.24279
-0.145111
-0.0280545
0.164123
0.493266
0.880109
1.29347
1.61135
1.79868
1.87608
-0.631475
-0.631134
-0.630484
-0.629006
-0.618222
-0.584678
-0.533611
-0.470177
-0.393469
-0.301605
-0.184988
-0.047949
0.136441
0.481177
1.0142
1.57769
2.04545
2.35518
2.51218
2.56695
-0.621773
-0.621576
-0.621017
-0.620432
-0.614545
-0.584199
-0.530163
-0.460144
-0.375035
-0.273368
-0.153771
-0.018881
0.129952
0.477933
1.0073
1.53495
1.95915
2.21934
2.34572
2.38698
-0.616921
-0.616554
-0.614902
-0.613379
-0.611859
-0.588492
-0.532541
-0.455386
-0.364518
-0.258974
-0.14472
-0.0205324
0.0941244
0.359063
0.802114
1.20466
1.52578
1.72566
1.82164
1.85329
-0.626423
-0.624899
-0.620457
-0.617272
-0.619274
-0.603098
-0.54142
-0.454629
-0.357257
-0.252342
-0.144273
-0.038097
0.0613412
0.234664
0.555142
0.845102
1.06879
1.20904
1.27623
1.29918
-0.661244
-0.658943
-0.65795
-0.662631
-0.666803
-0.638651
-0.554255
-0.45199
-0.347796
-0.245119
-0.145892
-0.0606695
0.0165124
0.138232
0.357081
0.551335
0.699013
0.792487
0.837399
0.852798
-0.701357
-0.702383
-0.716559
-0.729415
-0.723931
-0.666242
-0.55351
-0.437219
-0.331133
-0.234631
-0.149744
-0.0858744
-0.0334356
0.0470226
0.201761
0.335376
0.43214
0.491712
0.519094
0.528585
-0.661562
-0.667071
-0.684117
-0.697562
-0.685446
-0.61828
-0.506144
-0.396924
-0.30107
-0.218462
-0.150019
-0.105634
-0.0726509
-0.0163878
0.0903828
0.181636
0.24598
0.28642
0.305122
0.311053
-0.489284
-0.495412
-0.508665
-0.519047
-0.50994
-0.463238
-0.394153
-0.322149
-0.25367
-0.191476
-0.139981
-0.108729
-0.0916937
-0.0482804
0.0326597
0.094923
0.134181
0.156684
0.166743
0.169638
-0.26095
-0.264579
-0.271346
-0.280698
-0.285521
-0.276495
-0.256963
-0.227987
-0.193653
-0.155477
-0.120343
-0.0982477
-0.0880603
-0.0551904
-0.000494899
0.0404855
0.0661549
0.080774
0.0876116
0.0896719
-0.07838
-0.0803919
-0.0849045
-0.095355
-0.111904
-0.12997
-0.141182
-0.142948
-0.134829
-0.117516
-0.0948611
-0.0754458
-0.0615847
-0.038547
-0.00148739
0.0232412
0.0382803
0.0464004
0.0503867
0.0512614
0.0239747
0.0226317
0.0192767
0.00855249
-0.0121537
-0.0388929
-0.0630731
-0.079891
-0.0865151
-0.0820226
-0.0670765
-0.0469065
-0.0261358
-0.0038828
0.0157826
0.0273245
0.0341715
0.0387485
0.0410065
0.0414218
0.0633476
0.0624835
0.0598156
0.0506889
0.0322841
0.00735873
-0.0177733
-0.0385467
-0.0514154
-0.0539491
-0.0438457
-0.0227716
0.0036747
0.0255245
0.0298576
0.032215
0.0359386
0.0399909
0.0424293
0.0422153
0.0686027
0.068062
0.0661041
0.0593594
0.0454572
0.0259054
0.00462387
-0.0148108
-0.0290268
-0.0349405
-0.0284181
-0.00900498
0.0165344
0.0334213
0.0310642
0.031525
0.0346711
0.0385295
0.0404097
0.0396125
0.0591308
0.0588355
0.0575034
0.0528731
0.0431031
0.0288367
0.0122873
-0.00396096
-0.0171863
-0.0246757
-0.0220292
-0.00782847
0.0110546
0.0201843
0.0139027
0.0145824
0.0194924
0.0249591
0.0274744
0.0265519
0.044684
0.0445486
0.0436795
0.0406189
0.0339865
0.0239094
0.0115632
-0.00150266
-0.0134289
-0.0222451
-0.0243142
-0.0184871
-0.00981882
-0.00762679
-0.0144768
-0.0119865
-0.00610405
-0.00112295
0.000645981
-0.000166738
0.0295964
0.0295539
0.0289797
0.0269933
0.0225783
0.0155642
0.00645299
-0.0039805
-0.0147217
-0.0249502
-0.0325982
-0.037466
-0.0418758
-0.0504236
-0.0541435
-0.0484125
-0.041139
-0.036738
-0.0359371
-0.0365948
0.0159375
0.0158988
0.0154892
0.0142214
0.0113518
0.00653368
-0.000203098
-0.00864893
-0.0186184
-0.0303141
-0.0435864
-0.0591586
-0.0764064
-0.0911774
-0.0917574
-0.0836559
-0.076379
-0.0735602
-0.0731153
-0.0733807
0.00477948
0.00474216
0.00441396
0.003575
0.00173855
-0.00155563
-0.00656865
-0.0135126
-0.0228295
-0.0355162
-0.0534146
-0.0782566
-0.10566
-0.121371
-0.117624
-0.108523
-0.102538
-0.100735
-0.101047
-0.101078
-0.00332972
-0.00338936
-0.00367108
-0.00425209
-0.005434
-0.00768257
-0.0114338
-0.0171506
-0.0255718
-0.0386732
-0.0588785
-0.0878976
-0.122473
-0.135531
-0.127933
-0.118946
-0.114896
-0.114632
-0.11521
-0.115098
-0.00822472
-0.00830309
-0.00856601
-0.00898079
-0.00976725
-0.0113302
-0.014167
-0.0188631
-0.026402
-0.038299
-0.058101
-0.0871272
-0.11773
-0.126683
-0.118544
-0.112291
-0.111643
-0.113012
-0.113747
-0.113608
-0.0102082
-0.0102953
-0.0105102
-0.010847
-0.0113988
-0.0124996
-0.0146258
-0.0183179
-0.0244305
-0.0344322
-0.0508081
-0.0739998
-0.0960356
-0.0991913
-0.0939748
-0.0919922
-0.0946335
-0.0968907
-0.0977009
-0.0977102
-0.00978992
-0.00987381
-0.0100543
-0.010326
-0.0107262
-0.0115084
-0.0130639
-0.0157948
-0.0203348
-0.0276319
-0.0387729
-0.0528139
-0.0640996
-0.0635077
-0.0620535
-0.0650613
-0.0691483
-0.071511
-0.0721172
-0.0723636
-0.00767922
-0.00775693
-0.00789789
-0.00810187
-0.00839
-0.00893411
-0.00997992
-0.0117578
-0.0147225
-0.0191691
-0.0249033
-0.0294159
-0.0305159
-0.0281021
-0.0300617
-0.0362288
-0.0410052
-0.0428928
-0.0432261
-0.0437353
-0.00452341
-0.00458769
-0.00468035
-0.00480206
-0.00495821
-0.00528998
-0.0058682
-0.00684308
-0.00835847
-0.0104196
-0.0122691
-0.0101483
-0.00161666
0.00309971
-0.00430317
-0.0122275
-0.0163355
-0.0167543
-0.0165953
-0.0175518
-0.00278123
-0.0028273
-0.00288274
-0.00296752
-0.00307434
-0.00341705
-0.00383527
-0.00452155
-0.00551102
-0.0066374
-0.00640766
-0.00123986
0.0116199
0.0073292
-0.00248701
-0.00741889
-0.00784963
-0.00696421
-0.00741471
-0.00329412
-0.39843
-0.0541035
0.166328
0.356904
0.511013
0.634069
0.732619
0.816473
0.877288
0.872951
0.103245
0.25629
0.398186
0.520545
0.625194
0.712582
0.784562
0.840472
0.874441
0.886916
0.368097
0.465035
0.559323
0.644198
0.717972
0.780681
0.83208
0.871309
0.899116
0.918089
0.548942
0.613831
0.68166
0.744206
0.798065
0.84446
0.883234
0.914519
0.939614
0.957595
0.686468
0.732986
0.785177
0.831337
0.872912
0.909439
0.941041
0.967714
0.989911
1.00542
0.798185
0.835677
0.876419
0.913408
0.947794
0.978953
1.00655
1.03022
1.04994
1.06279
0.895667
0.927994
0.96278
0.996035
1.02726
1.05602
1.08166
1.10352
1.12131
1.13176
0.986624
1.01785
1.05202
1.08527
1.11621
1.14447
1.16933
1.19014
1.20634
1.21492
1.08133
1.11608
1.15283
1.18821
1.22007
1.24828
1.27243
1.29216
1.30694
1.3149
1.19409
1.2344
1.27361
1.31039
1.34215
1.3692
1.39175
1.40997
1.42364
1.43271
1.33789
1.38056
1.4182
1.45186
1.47985
1.50362
1.52422
1.54161
1.55546
1.56658
1.51573
1.55331
1.58131
1.60564
1.62665
1.64592
1.66416
1.68131
1.6972
1.71171
1.7134
1.73442
1.74931
1.7651
1.78137
1.79667
1.81038
1.82364
1.83914
1.85749
1.904
1.91117
1.92172
1.93326
1.94317
1.95236
1.96261
1.9737
1.98532
1.99418
2.11704
2.11881
2.11088
2.09436
2.08321
2.08264
2.09479
2.11939
2.15351
2.17805
2.53668
2.34279
2.24173
2.18387
2.15473
2.1481
2.16329
2.20411
2.27997
2.42292
-0.397507
-0.401933
-0.362196
-0.289283
-0.199934
-0.101113
0.796203
0.864069
0.860881
0.780463
0.708799
0.636531
0.406582
0.182459
-0.0887228
-0.446607
-0.798251
)
;

boundaryField
{
    wall-4
    {
        type            zeroGradient;
    }
    pressure-outlet-7
    {
        type            fixedValue;
        value           uniform 0;
    }
    velocity-inlet-6
    {
        type            zeroGradient;
    }
    velocity-inlet-5
    {
        type            zeroGradient;
    }
    frontAndBackPlanes
    {
        type            empty;
    }
}


// ************************************************************************* //
