/*--------------------------------*- C++ -*----------------------------------*\
  =========                 |
  \\      /  F ield         | OpenFOAM: The Open Source CFD Toolbox
   \\    /   O peration     | Website:  https://openfoam.org
    \\  /    A nd           | Version:  9
     \\/     M anipulation  |
\*---------------------------------------------------------------------------*/
FoamFile
{
    format      ascii;
    class       volScalarField;
    location    "45";
    object      p;
}
// * * * * * * * * * * * * * * * * * * * * * * * * * * * * * * * * * * * * * //

dimensions      [0 2 -2 0 0 0 0];

internalField   nonuniform List<scalar> 
8800
(
0.844333
0.796545
0.757853
0.728854
0.707984
0.693144
0.682536
0.675042
0.670202
0.668119
0.669357
0.673521
0.680147
0.689448
0.702217
0.719943
0.744714
0.778651
0.821198
0.879899
0.675589
0.683268
0.690736
0.694042
0.692534
0.68745
0.680955
0.674865
0.670123
0.667255
0.666945
0.669421
0.673885
0.679812
0.686567
0.692837
0.69647
0.69573
0.690305
0.68161
0.654004
0.660163
0.664287
0.667225
0.669267
0.669862
0.668742
0.666621
0.664581
0.663644
0.664573
0.666924
0.669699
0.671862
0.672455
0.671245
0.668894
0.665495
0.660934
0.657173
0.648218
0.650867
0.653614
0.65601
0.657636
0.658786
0.659512
0.65961
0.659289
0.659205
0.659919
0.661054
0.661866
0.661908
0.661281
0.660176
0.658349
0.65577
0.653362
0.651858
0.642869
0.644292
0.646065
0.648089
0.649863
0.651191
0.652161
0.652934
0.653518
0.654042
0.654648
0.655104
0.655168
0.654852
0.654133
0.652866
0.651156
0.649297
0.647984
0.647152
0.637833
0.638752
0.639987
0.641544
0.643164
0.644673
0.645937
0.646975
0.647902
0.648748
0.649383
0.64966
0.649575
0.649099
0.648189
0.646965
0.645618
0.644343
0.643514
0.642964
0.632978
0.633647
0.634603
0.635894
0.637289
0.638728
0.640142
0.641431
0.642586
0.643635
0.644389
0.644692
0.644553
0.643996
0.643151
0.642173
0.641134
0.640192
0.6396
0.639195
0.62826
0.628776
0.629552
0.63067
0.631931
0.633282
0.634699
0.636131
0.637507
0.638772
0.639695
0.640084
0.639987
0.63954
0.638886
0.638119
0.637309
0.636603
0.636161
0.635845
0.623609
0.624019
0.624668
0.62566
0.626847
0.628148
0.629558
0.631067
0.632625
0.634135
0.635277
0.63583
0.635901
0.635652
0.635202
0.634631
0.634015
0.633492
0.63316
0.632904
0.618943
0.619276
0.619836
0.620748
0.621883
0.623165
0.624603
0.626199
0.627926
0.629701
0.631128
0.631943
0.632261
0.632239
0.631996
0.63163
0.631193
0.630822
0.630572
0.630359
0.614178
0.614454
0.614952
0.615817
0.616932
0.618234
0.619737
0.621457
0.62339
0.625468
0.627257
0.628414
0.62903
0.629266
0.629246
0.62908
0.628816
0.628576
0.628392
0.62821
0.609233
0.609465
0.609923
0.610771
0.611905
0.613269
0.614878
0.616776
0.618978
0.621433
0.623668
0.625237
0.626198
0.626725
0.626951
0.626986
0.626894
0.626769
0.62664
0.62648
0.604022
0.604218
0.604656
0.605518
0.606713
0.608184
0.609955
0.612099
0.614653
0.617591
0.620367
0.622418
0.623778
0.624631
0.625129
0.625371
0.625455
0.625439
0.625356
0.625212
0.598455
0.598621
0.599057
0.599961
0.60126
0.602887
0.604885
0.607351
0.610351
0.613888
0.617325
0.619954
0.621785
0.623013
0.623814
0.624305
0.624561
0.624646
0.624602
0.624469
0.592427
0.592569
0.593016
0.593991
0.595436
0.597278
0.599576
0.602454
0.606016
0.610296
0.614535
0.617862
0.620252
0.621922
0.623069
0.62383
0.624278
0.624468
0.624461
0.624336
0.585812
0.585928
0.5864
0.587476
0.589117
0.591242
0.593925
0.597327
0.601587
0.606772
0.611994
0.616168
0.619229
0.621421
0.622972
0.624033
0.624701
0.625
0.625028
0.624907
0.578442
0.578533
0.579046
0.58026
0.582156
0.584644
0.587827
0.591902
0.59705
0.603364
0.609772
0.614945
0.618792
0.621593
0.62362
0.625038
0.625947
0.626363
0.626426
0.626306
0.570117
0.570209
0.570772
0.572135
0.574355
0.577308
0.581121
0.586035
0.592282
0.599981
0.607829
0.614211
0.618995
0.622529
0.625135
0.626968
0.628152
0.628693
0.62879
0.628667
0.560532
0.560602
0.561251
0.56283
0.565469
0.569018
0.573634
0.579609
0.587225
0.596622
0.606211
0.614034
0.619936
0.624333
0.627621
0.629949
0.631451
0.632133
0.632265
0.632136
0.549333
0.549385
0.550125
0.552009
0.555186
0.559504
0.565144
0.572472
0.581808
0.593291
0.604983
0.614514
0.621726
0.627146
0.631225
0.634147
0.636014
0.636847
0.637012
0.636874
0.535988
0.536024
0.53691
0.539198
0.543085
0.548417
0.555405
0.564484
0.575999
0.590052
0.604233
0.615755
0.624499
0.631108
0.636109
0.639716
0.641993
0.642988
0.643182
0.643031
0.519749
0.519774
0.52087
0.523719
0.528571
0.535268
0.544045
0.55539
0.56963
0.586795
0.603944
0.6178
0.628313
0.636305
0.642395
0.646797
0.649535
0.650696
0.650911
0.650741
0.499494
0.499518
0.500942
0.504633
0.510887
0.519525
0.530784
0.545163
0.562897
0.583846
0.604408
0.62086
0.633343
0.642893
0.650185
0.655502
0.658729
0.660047
0.660268
0.660073
0.473425
0.473469
0.475473
0.480553
0.489
0.500506
0.515257
0.533652
0.555727
0.581149
0.605622
0.624991
0.63965
0.650907
0.659536
0.665831
0.669549
0.670989
0.671192
0.670967
0.438513
0.438664
0.44187
0.449531
0.461712
0.477614
0.497368
0.52107
0.548503
0.579121
0.607891
0.63036
0.647304
0.660352
0.670414
0.677694
0.681827
0.68332
0.683475
0.683215
0.388988
0.389961
0.39639
0.40938
0.428082
0.450809
0.477473
0.507885
0.541637
0.578039
0.611391
0.637062
0.656329
0.671203
0.682704
0.690864
0.695263
0.696702
0.696778
0.696486
0.31591
0.323146
0.338103
0.361094
0.389527
0.421401
0.456532
0.494699
0.535501
0.578246
0.616584
0.645775
0.667643
0.684579
0.697698
0.706725
0.711385
0.712812
0.712861
0.712606
0.237092
0.25422
0.278499
0.312118
0.350715
0.391912
0.435626
0.481801
0.530127
0.580007
0.624395
0.658115
0.683402
0.703003
0.718178
0.728302
0.733134
0.734447
0.734533
0.734418
0.171532
0.191725
0.223767
0.266315
0.313862
0.363842
0.415871
0.469888
0.525589
0.582402
0.632569
0.670542
0.698998
0.721026
0.737849
0.748595
0.753399
0.754907
0.755063
0.75502
0.11784
0.139714
0.177243
0.226196
0.280781
0.33814
0.39752
0.458736
0.521361
0.584755
0.640375
0.6823
0.713641
0.737768
0.756026
0.767718
0.773333
0.774709
0.77488
0.77488
0.0730325
0.0960882
0.137395
0.191429
0.251698
0.31514
0.380814
0.448414
0.517357
0.586864
0.647577
0.693151
0.727091
0.753181
0.77288
0.785595
0.791667
0.793173
0.793438
0.793485
0.0348249
0.058565
0.102721
0.160787
0.225833
0.294448
0.365587
0.438849
0.513524
0.588675
0.654115
0.703038
0.739367
0.767228
0.788119
0.801545
0.808054
0.809851
0.810196
0.810254
0.00123473
0.0254416
0.0718679
0.13324
0.202314
0.27542
0.3514
0.429754
0.509668
0.590042
0.659864
0.711869
0.750336
0.779675
0.801496
0.815493
0.822356
0.824489
0.824897
0.82495
-0.0291857
-0.00456586
0.0437192
0.107915
0.180457
0.257488
0.337792
0.420775
0.50552
0.590773
0.664722
0.719601
0.759984
0.790534
0.813
0.827339
0.834499
0.836871
0.837334
0.837376
-0.0573547
-0.0323469
0.0175419
0.0841333
0.159728
0.24023
0.324414
0.411622
0.500862
0.590734
0.668645
0.726292
0.768452
0.800011
0.822846
0.837456
0.844824
0.847377
0.847869
0.847892
-0.0840429
-0.0586023
-0.00721803
0.0614448
0.139735
0.223328
0.311013
0.402097
0.495536
0.589832
0.671642
0.732039
0.775912
0.80836
0.83158
0.846345
0.853847
0.856487
0.856966
0.856949
-0.109578
-0.0836979
-0.0311868
0.0395328
0.120207
0.206574
0.297425
0.392071
0.489448
0.588027
0.67374
0.736928
0.782511
0.81582
0.839401
0.854317
0.861869
0.864511
0.865014
0.864982
-0.134363
-0.107909
-0.0543429
0.01817
0.100969
0.189827
0.283553
0.381468
0.482544
0.585283
0.674945
0.741028
0.788394
0.822615
0.846577
0.861611
0.869167
0.871765
0.872222
0.872161
-0.158513
-0.131613
-0.0768656
-0.00277288
0.081932
0.173021
0.269345
0.370258
0.474797
0.581577
0.675249
0.744383
0.79368
0.828923
0.853326
0.868466
0.875967
0.878476
0.878843
0.878728
-0.182132
-0.154689
-0.0989051
-0.0233699
0.0630596
0.156144
0.254799
0.358439
0.466204
0.576881
0.67461
0.747
0.798451
0.83488
0.85977
0.874958
0.882283
0.884617
0.88488
0.884715
-0.205324
-0.177285
-0.120502
-0.0436349
0.0443363
0.139207
0.239948
0.346047
0.456782
0.571171
0.672967
0.748843
0.802763
0.840602
0.866014
0.881135
0.888156
0.890223
0.89038
0.890183
-0.228084
-0.199373
-0.141643
-0.0635458
0.0258097
0.122252
0.224845
0.333136
0.446569
0.564429
0.670252
0.749839
0.806615
0.84621
0.872235
0.887113
0.893612
0.89532
0.895362
0.895146
-0.250243
-0.220908
-0.16227
-0.083069
0.00752229
0.105353
0.209557
0.319786
0.435625
0.556677
0.666396
0.749884
0.809943
0.851799
0.878691
0.893136
0.898754
0.899917
0.89983
0.899613
-0.271774
-0.241847
-0.182357
-0.102149
-0.0104656
0.0885719
0.194179
0.306078
0.424032
0.547941
0.661348
0.748841
0.812615
0.857379
0.885703
0.899701
0.903892
0.904081
0.903785
0.903622
-0.292734
-0.262145
-0.201868
-0.120745
-0.0280883
0.0719919
0.178799
0.292116
0.411879
0.538286
0.655064
0.746566
0.814411
0.86278
0.893502
0.90764
0.909996
0.908256
0.907318
0.907417
-0.312949
-0.281777
-0.220742
-0.138791
-0.0452847
0.0556963
0.163511
0.27801
0.399282
0.527807
0.647541
0.742901
0.815038
0.867575
0.90189
0.917824
0.919196
0.914719
0.911558
0.910928
-0.332508
-0.30073
-0.238996
-0.156317
-0.0620887
0.0396383
0.148257
0.263697
0.386168
0.516426
0.63864
0.73757
0.81416
0.871138
0.910004
0.93023
0.933687
0.928241
0.919103
0.904057
-0.351335
-0.318995
-0.256749
-0.173519
-0.0787917
0.0234809
0.132617
0.248691
0.371992
0.503495
0.627699
0.729757
0.811135
0.872547
0.915722
0.941863
0.948421
0.936951
0.91763
0.904275
-0.369257
-0.336715
-0.273807
-0.190169
-0.0950658
0.00757169
0.116818
0.233318
0.357063
0.489281
0.614821
0.719053
0.805276
0.870667
0.914395
0.940127
0.950231
0.928627
0.860169
0.82903
-0.385613
-0.355131
-0.28984
-0.205692
-0.11017
-0.0075859
0.101166
0.217803
0.341599
0.473915
0.599962
0.705209
0.795341
0.864961
0.901453
0.920373
0.914851
0.862809
0.793563
0.750779
-0.441792
-0.371332
-0.304469
-0.221158
-0.125675
-0.0234354
0.0855995
0.20187
0.325239
0.456954
0.582549
0.687701
0.777699
0.854113
0.860141
0.867562
0.823988
0.756503
0.680645
0.638289
-0.403165
-0.386998
-0.326163
-0.242584
-0.148284
-0.0462117
0.0618194
0.177404
0.299688
0.429748
0.552961
0.655919
0.737488
0.816794
0.807672
0.699625
0.597078
0.525697
0.453213
0.485355
-0.434464
-0.404951
-0.343119
-0.260294
-0.165943
-0.0641144
0.0441684
0.159094
0.280279
0.408444
0.528661
0.627322
0.700504
0.742052
0.695623
0.55121
0.425984
0.336177
0.238093
0.28965
-0.458601
-0.426151
-0.363072
-0.280006
-0.18556
-0.0838231
0.0243779
0.138462
0.258222
0.383911
0.500295
0.592969
0.657147
0.665566
0.561784
0.391336
0.240432
0.122916
-0.00767886
0.0260337
-0.482212
-0.448218
-0.383963
-0.300008
-0.205384
-0.103761
0.00393355
0.117052
0.235192
0.358049
0.469745
0.555557
0.604321
0.581954
0.426262
0.231767
0.0425414
-0.124816
-0.31361
-0.33073
-0.505169
-0.47075
-0.405613
-0.32089
-0.226048
-0.12461
-0.0175447
0.0944926
0.210765
0.330429
0.436808
0.515267
0.545635
0.487886
0.297425
0.088421
-0.128148
-0.317276
-0.559873
-0.862113
-0.528394
-0.493982
-0.428311
-0.343085
-0.248014
-0.14671
-0.0401987
0.0707288
0.185033
0.301277
0.402125
0.472187
0.483217
0.37487
0.185516
-0.0229372
-0.226469
-0.398374
-0.466461
-0.547381
-0.552807
-0.518363
-0.452404
-0.366938
-0.27178
-0.170697
-0.0648289
0.0448181
0.15684
0.269151
0.364077
0.423493
0.410298
0.268427
0.0863056
-0.103083
-0.264695
-0.356716
-0.38058
-0.3967
-0.578724
-0.544188
-0.478053
-0.39252
-0.297462
-0.196767
-0.0917815
0.0162818
0.125597
0.233333
0.321812
0.367779
0.337185
0.169623
-0.00356889
-0.16776
-0.293117
-0.331751
-0.344949
-0.346236
-0.606332
-0.571617
-0.505306
-0.419805
-0.324993
-0.224913
-0.121062
-0.0149199
0.0912436
0.193811
0.274988
0.307154
0.258215
0.0780483
-0.0860916
-0.232911
-0.308505
-0.325522
-0.327033
-0.326876
-0.635675
-0.600673
-0.534169
-0.448772
-0.354368
-0.255102
-0.152653
-0.048787
0.0537879
0.150637
0.223552
0.244109
0.160119
-0.00598737
-0.162162
-0.282943
-0.318887
-0.317754
-0.317087
-0.316562
-0.66645
-0.631205
-0.564515
-0.479312
-0.385476
-0.287254
-0.186501
-0.0852733
0.0132678
0.1039
0.168305
0.172532
0.0697115
-0.0846765
-0.222577
-0.297597
-0.308065
-0.310636
-0.311322
-0.311025
-0.698076
-0.662683
-0.59607
-0.511174
-0.4181
-0.321178
-0.222418
-0.124218
-0.0301295
0.053889
0.109483
0.0983911
-0.0118366
-0.151618
-0.267392
-0.297915
-0.307288
-0.309185
-0.308959
-0.30853
-0.730083
-0.694569
-0.628338
-0.543933
-0.451856
-0.356511
-0.260076
-0.165292
-0.0760878
0.00120373
0.0461856
0.0261232
-0.0882128
-0.205466
-0.29963
-0.316864
-0.309562
-0.309015
-0.309175
-0.308875
-0.761575
-0.726168
-0.660451
-0.57693
-0.486157
-0.392722
-0.298958
-0.207952
-0.12407
-0.0536362
-0.0187771
-0.0447004
-0.159367
-0.245956
-0.30491
-0.314721
-0.312902
-0.310743
-0.310376
-0.31035
-0.790945
-0.756252
-0.691413
-0.609219
-0.520178
-0.429037
-0.338319
-0.251396
-0.173185
-0.109958
-0.0795507
-0.128169
-0.228184
-0.276946
-0.283899
-0.312066
-0.318656
-0.316355
-0.316287
-0.316158
-0.816631
-0.782966
-0.720091
-0.639605
-0.552822
-0.464418
-0.377165
-0.294573
-0.222143
-0.166739
-0.139335
-0.218436
-0.317632
-0.304008
-0.294389
-0.326327
-0.346486
-0.354929
-0.356483
-0.355761
-0.836531
-0.804534
-0.744311
-0.666632
-0.582723
-0.497623
-0.414223
-0.336182
-0.269375
-0.222144
-0.201609
-0.306919
-0.451281
-0.501978
-0.449347
-0.460113
-0.461433
-0.461062
-0.454818
-0.449821
-0.848403
-0.819018
-0.762343
-0.68836
-0.608306
-0.527183
-0.44806
-0.374641
-0.313057
-0.273384
-0.262716
-0.384404
-0.627811
-0.949059
-0.896433
-0.685482
-0.584099
-0.547753
-0.533063
-0.528181
-0.849647
-0.82421
-0.772178
-0.703005
-0.627817
-0.551515
-0.47705
-0.408196
-0.351159
-0.315963
-0.308596
-0.412787
-0.623096
-0.948636
-0.914708
-0.655647
-0.523745
-0.479087
-0.468586
-0.465626
-0.838499
-0.81779
-0.771788
-0.708979
-0.639754
-0.569079
-0.499634
-0.43513
-0.381084
-0.345323
-0.323456
-0.300695
-0.22689
-0.308576
-0.374997
-0.345258
-0.333687
-0.333105
-0.333158
-0.331021
-0.812578
-0.796614
-0.759431
-0.705114
-0.643167
-0.578831
-0.514634
-0.45386
-0.401242
-0.364882
-0.327704
-0.138323
0.213889
0.568157
0.330287
-0.0230017
-0.231415
-0.268051
-0.277277
-0.279877
-0.774059
-0.763483
-0.735637
-0.691618
-0.63813
-0.580653
-0.52163
-0.46371
-0.41179
-0.371371
-0.321772
-0.208889
0.0471183
0.410429
0.225657
-0.103578
-0.289856
-0.305336
-0.33819
-0.356537
-0.729123
-0.723022
-0.705118
-0.671214
-0.626612
-0.575586
-0.521089
-0.465557
-0.412404
-0.369756
-0.33941
-0.482268
-0.983709
-1.6955
-2.16983
-2.40613
-2.26446
-1.83993
-1.43475
-1.3345
-0.687028
-0.683408
-0.673997
-0.649393
-0.611866
-0.565856
-0.514543
-0.459028
-0.403012
-0.352268
-0.336208
-0.604986
-1.43184
-2.55746
-3.09097
-3.07386
-2.78209
-2.35031
-2.01513
-1.86997
-0.655313
-0.653036
-0.648259
-0.631266
-0.598827
-0.555202
-0.504032
-0.446104
-0.382158
-0.312827
-0.265588
-0.308656
-0.409652
-0.331184
-0.143771
0.19478
0.521104
0.737763
0.872089
0.931144
-0.630617
-0.629719
-0.628279
-0.618788
-0.590885
-0.547448
-0.493428
-0.429498
-0.356722
-0.271943
-0.176289
-0.0589105
0.151739
0.583894
1.13622
1.62248
1.98342
2.19049
2.2811
2.30592
-0.615965
-0.615388
-0.614865
-0.610463
-0.587724
-0.543352
-0.484211
-0.413577
-0.329676
-0.228541
-0.110173
0.0149463
0.292102
0.800792
1.37272
1.88516
2.2494
2.4517
2.53608
2.55652
-0.607568
-0.607136
-0.606509
-0.605263
-0.587987
-0.543254
-0.478648
-0.400903
-0.308137
-0.202286
-0.0851171
0.0370749
0.252984
0.72062
1.21122
1.64078
1.9454
2.11422
2.18448
2.2026
-0.60417
-0.603039
-0.60097
-0.600901
-0.591475
-0.548387
-0.478142
-0.393075
-0.296654
-0.189626
-0.0830036
0.0272903
0.174972
0.545108
0.934061
1.25201
1.48166
1.60914
1.66346
1.678
-0.615096
-0.612367
-0.608839
-0.610105
-0.605763
-0.560602
-0.480661
-0.386963
-0.288207
-0.183798
-0.0886975
0.00331881
0.108939
0.372765
0.65871
0.885233
1.05005
1.14139
1.18099
1.19108
-0.647327
-0.646604
-0.650576
-0.655337
-0.645405
-0.579035
-0.48039
-0.376749
-0.27662
-0.177837
-0.096278
-0.0256635
0.0500448
0.241772
0.441009
0.596257
0.708133
0.771115
0.798017
0.804524
-0.673782
-0.681939
-0.697263
-0.701823
-0.67097
-0.577801
-0.463328
-0.355639
-0.25964
-0.17121
-0.103561
-0.054963
-0.0139938
0.121934
0.270157
0.383243
0.461868
0.50414
0.522241
0.525928
-0.611819
-0.622588
-0.638919
-0.640096
-0.603359
-0.51337
-0.411167
-0.316371
-0.233251
-0.158962
-0.101862
-0.0640988
-0.0295073
0.0703138
0.169717
0.242096
0.293163
0.321545
0.333198
0.335098
-0.428929
-0.437381
-0.448461
-0.45084
-0.428089
-0.376939
-0.31673
-0.25484
-0.195006
-0.136925
-0.0893563
-0.0559568
-0.0230215
0.0453791
0.113373
0.162657
0.193543
0.209955
0.216873
0.217668
-0.21231
-0.21644
-0.224047
-0.23248
-0.234254
-0.225766
-0.207922
-0.181759
-0.148955
-0.109757
-0.0715516
-0.0384431
-0.00851073
0.0368697
0.0771661
0.107955
0.131392
0.145504
0.150923
0.150663
-0.0496973
-0.0518825
-0.0585703
-0.0722083
-0.091131
-0.108218
-0.117491
-0.11666
-0.104979
-0.0822778
-0.0520696
-0.0191294
0.0122994
0.0404141
0.0654549
0.0859184
0.100428
0.10926
0.11297
0.112369
0.0363057
0.0349164
0.0288442
0.0139104
-0.00977384
-0.0351411
-0.0556848
-0.0677765
-0.0691394
-0.0582348
-0.0363224
-0.00764378
0.0199919
0.0349824
0.046677
0.0606581
0.0731458
0.0815721
0.0842315
0.0828024
0.066548
0.065493
0.0605609
0.0479403
0.0271977
0.00322666
-0.0190191
-0.0357858
-0.0443086
-0.0423202
-0.0289536
-0.0084409
0.0107933
0.0160323
0.0226246
0.0337628
0.0438229
0.0500876
0.0515595
0.0500477
0.0679248
0.0671461
0.0635374
0.0541968
0.038399
0.0190171
-0.00063228
-0.0175721
-0.0293565
-0.0337828
-0.0293009
-0.0189905
-0.0104309
-0.0124448
-0.00899677
0.000841548
0.0100657
0.015274
0.0161142
0.0144533
0.0574247
0.0568941
0.0544206
0.0479272
0.036623
0.022002
0.0059806
-0.00933694
-0.0222435
-0.0315089
-0.0360417
-0.0378308
-0.0412299
-0.0467849
-0.0436017
-0.0348389
-0.0275718
-0.0244392
-0.0240267
-0.0252264
0.0433868
0.0430343
0.0413957
0.0370377
0.029207
0.0185459
0.006054
-0.00715454
-0.0202721
-0.0331238
-0.0456783
-0.0587143
-0.0739663
-0.0809522
-0.0749784
-0.0668101
-0.0618472
-0.0608536
-0.0611629
-0.0618891
0.0295922
0.0293472
0.0282839
0.0254586
0.0201983
0.0126185
0.00309423
-0.00796701
-0.0205845
-0.0356197
-0.0544706
-0.0769972
-0.0969532
-0.102401
-0.0956898
-0.0889546
-0.086521
-0.0866544
-0.087119
-0.0875341
0.0178162
0.0176039
0.0169137
0.0151569
0.01177
0.00655179
-0.0005475
-0.00955463
-0.0210856
-0.0366087
-0.0585774
-0.0855616
-0.109081
-0.110225
-0.102382
-0.0971826
-0.0964305
-0.0976948
-0.0981975
-0.0984573
0.00882583
0.00865001
0.0081816
0.00714579
0.00508137
0.00163882
-0.0034428
-0.0104404
-0.0199638
-0.0344151
-0.0556015
-0.0823727
-0.102462
-0.0994577
-0.0928975
-0.090567
-0.0918506
-0.0936518
-0.0941065
-0.0942851
0.00282011
0.00265518
0.00234658
0.0017703
0.000591785
-0.00156788
-0.00501286
-0.0101271
-0.0175734
-0.0287208
-0.045271
-0.0655429
-0.0783653
-0.0740645
-0.0702075
-0.0713287
-0.0740534
-0.0759694
-0.0764058
-0.0766104
-0.000548729
-0.000678343
-0.000883811
-0.00118895
-0.00181353
-0.00306456
-0.00522225
-0.00854844
-0.0133212
-0.0202115
-0.029444
-0.0396194
-0.0442532
-0.0396362
-0.0404382
-0.0442056
-0.0475448
-0.0490461
-0.0494496
-0.049771
-0.00189518
-0.00199374
-0.0021342
-0.00230767
-0.00259853
-0.00323002
-0.00439831
-0.00615952
-0.00846066
-0.010787
-0.0116076
-0.0105545
-0.00790357
-0.00486465
-0.00898509
-0.0147022
-0.017754
-0.0187303
-0.0191852
-0.0196903
-0.00195553
-0.00202672
-0.00212456
-0.00221559
-0.00232923
-0.00259526
-0.00310759
-0.00372524
-0.0040105
-0.00255427
0.00401315
0.0162787
0.0293826
0.0285882
0.0189791
0.0114289
0.00892941
0.00850804
0.00771628
0.0069501
-0.00141132
-0.00146337
-0.00152119
-0.00156449
-0.00159012
-0.00169983
-0.00182436
-0.00174118
-0.00090542
0.00259223
0.0129511
0.0313023
0.0479701
0.0426362
0.0313152
0.0254552
0.0245171
0.0249781
0.0239652
0.0230476
-0.000749172
-0.000793096
-0.000834109
-0.000850873
-0.000800661
-0.000860127
-0.000836702
-0.000581562
0.000392883
0.00356702
0.0124862
0.0296593
0.0438955
0.0373192
0.0279989
0.0250297
0.0258724
0.0270453
0.0255623
0.0243936
-1.72454e-06
-3.12064e-05
-3.47427e-05
-7.15618e-05
-0.000225688
-0.000257512
-8.23116e-05
-2.3202e-05
7.15586e-05
0.000431592
0.00183312
0.00573691
0.0109048
0.0130894
0.010614
0.00955806
0.00833843
0.00580564
0.00478865
0.00485565
-0.082081
0.0863982
0.283429
0.455263
0.593029
0.702104
0.792596
0.869436
0.90417
0.880867
0.224695
0.346612
0.477823
0.591425
0.687398
0.767
0.831449
0.877137
0.900014
0.912027
0.44617
0.529865
0.619549
0.698925
0.767255
0.824442
0.869896
0.903078
0.927014
0.944949
0.608613
0.668361
0.730922
0.788574
0.838785
0.881416
0.916409
0.9443
0.967221
0.985494
0.735208
0.778774
0.825144
0.869338
0.908382
0.942468
0.971627
0.995877
1.01635
1.03417
0.840228
0.873373
0.911753
0.947551
0.980397
1.00982
1.03553
1.05712
1.07503
1.09237
0.933215
0.962061
0.996213
1.0285
1.05859
1.08588
1.10971
1.1295
1.14505
1.16212
1.02207
1.05137
1.08549
1.11763
1.14731
1.17397
1.1969
1.21543
1.22883
1.24586
1.11754
1.15081
1.18752
1.22116
1.25126
1.27749
1.29948
1.31679
1.32868
1.34608
1.23263
1.2705
1.30919
1.34347
1.37285
1.39762
1.41802
1.43393
1.44541
1.46348
1.37763
1.4162
1.45237
1.48308
1.50878
1.53089
1.54996
1.5655
1.57794
1.59594
1.55276
1.58438
1.61058
1.63304
1.65303
1.67177
1.68949
1.70598
1.72133
1.7394
1.74139
1.7586
1.77364
1.78988
1.8058
1.82034
1.83354
1.84748
1.86502
1.88518
1.92312
1.93266
1.94421
1.95502
1.96431
1.9739
1.98468
1.99605
2.00742
2.02278
2.13037
2.13403
2.11909
2.10428
2.098
2.10368
2.12217
2.15248
2.18466
2.21131
2.43669
2.30182
2.22519
2.18282
2.1654
2.16936
2.19676
2.25317
2.35579
2.58016
0.734932
0.732802
0.728317
0.719689
0.707459
0.695323
0.685084
0.677173
0.671533
0.66825
0.667858
0.670559
0.675633
0.682832
0.692202
0.70373
0.716373
0.727402
0.73351
0.736562
0.659394
0.66524
0.671573
0.676061
0.678524
0.678191
0.675443
0.671616
0.668083
0.665791
0.665604
0.667762
0.671392
0.675655
0.679443
0.681313
0.680367
0.676877
0.67171
0.665088
0.650986
0.653282
0.656683
0.659673
0.661741
0.663227
0.663968
0.663632
0.662582
0.661665
0.661795
0.663177
0.664955
0.666232
0.66639
0.665482
0.66392
0.661575
0.658305
0.655381
0.645499
0.646585
0.648414
0.650786
0.6528
0.654216
0.65522
0.65595
0.656322
0.656505
0.656944
0.6577
0.658254
0.658285
0.657845
0.656975
0.655489
0.653392
0.651297
0.649912
0.640326
0.640989
0.642093
0.64379
0.645561
0.647178
0.648455
0.649445
0.650292
0.651036
0.651705
0.652195
0.652335
0.652125
0.651524
0.650442
0.648992
0.647432
0.646103
0.645321
0.635389
0.63585
0.636632
0.637921
0.639396
0.640896
0.642339
0.643607
0.644701
0.645701
0.646544
0.647036
0.647116
0.646788
0.646046
0.645021
0.643867
0.642714
0.641785
0.641265
0.630609
0.630954
0.631561
0.63262
0.6339
0.635254
0.636667
0.638078
0.639403
0.640616
0.641638
0.642236
0.642331
0.641987
0.641331
0.640508
0.639619
0.638726
0.638037
0.637656
0.625934
0.626202
0.626691
0.62759
0.628744
0.630018
0.631383
0.63283
0.634314
0.635754
0.636996
0.637749
0.637946
0.637737
0.637272
0.636653
0.635957
0.635281
0.634771
0.63448
0.621286
0.621499
0.621906
0.622694
0.623766
0.624989
0.626339
0.627825
0.629428
0.631088
0.632591
0.633575
0.633983
0.63399
0.633734
0.633317
0.632812
0.632318
0.631943
0.631714
0.616581
0.616753
0.6171
0.617815
0.618839
0.620036
0.621408
0.622967
0.62471
0.6266
0.628414
0.629719
0.630418
0.630683
0.630653
0.630441
0.630127
0.629794
0.62953
0.629349
0.611736
0.611875
0.61218
0.61285
0.613856
0.615075
0.616505
0.618179
0.620112
0.622285
0.624479
0.626186
0.627233
0.627795
0.628018
0.628022
0.627894
0.627711
0.62754
0.627394
0.606669
0.606781
0.607058
0.607708
0.608731
0.610015
0.61155
0.613391
0.615583
0.618117
0.620783
0.622974
0.624428
0.625328
0.625833
0.626067
0.626126
0.62609
0.626
0.625882
0.601293
0.601381
0.601642
0.602297
0.603372
0.604763
0.606456
0.608534
0.611064
0.614066
0.617317
0.620084
0.622015
0.623302
0.62412
0.624616
0.624877
0.624978
0.624957
0.624862
0.59551
0.595577
0.59583
0.596511
0.597677
0.599223
0.601135
0.603523
0.60648
0.610065
0.614034
0.617501
0.620005
0.62175
0.62293
0.623715
0.624198
0.624444
0.62449
0.624413
0.589202
0.589248
0.589501
0.590232
0.591527
0.593282
0.595485
0.598272
0.601769
0.606073
0.610918
0.615237
0.618432
0.620722
0.622322
0.62343
0.624167
0.624568
0.624679
0.624618
0.582232
0.582259
0.582516
0.583318
0.584786
0.586811
0.589389
0.592687
0.596873
0.602076
0.607997
0.613341
0.617352
0.620281
0.622374
0.623863
0.62489
0.625457
0.625635
0.62559
0.57442
0.574432
0.57469
0.575586
0.577282
0.579646
0.582706
0.586657
0.591708
0.598027
0.605261
0.611841
0.616827
0.620513
0.623191
0.625138
0.626492
0.627244
0.627491
0.627457
0.565479
0.565461
0.565776
0.566807
0.568777
0.571576
0.575251
0.580022
0.586154
0.593859
0.6027
0.610758
0.616907
0.621495
0.624873
0.627368
0.629103
0.630062
0.630382
0.630359
0.555127
0.555082
0.555439
0.556654
0.558983
0.562349
0.566806
0.57262
0.580108
0.589511
0.600301
0.610154
0.617687
0.623343
0.627553
0.630688
0.632874
0.634069
0.634468
0.634453
0.542906
0.542833
0.543267
0.544722
0.547518
0.551625
0.557102
0.564268
0.573501
0.585052
0.59821
0.610159
0.619295
0.626197
0.631387
0.635266
0.637969
0.639425
0.639904
0.639893
0.528179
0.528077
0.52863
0.530426
0.533849
0.538947
0.54577
0.554697
0.566136
0.580319
0.596323
0.610772
0.621802
0.630152
0.63649
0.64124
0.644539
0.64628
0.646837
0.646825
0.510038
0.509908
0.510651
0.512938
0.517239
0.52371
0.53238
0.543671
0.557983
0.575456
0.594857
0.612165
0.625334
0.63533
0.642981
0.648737
0.652711
0.654756
0.655382
0.65536
0.487045
0.486897
0.48797
0.491032
0.49667
0.505175
0.516488
0.531011
0.54904
0.57055
0.593925
0.614479
0.630026
0.641869
0.650953
0.657842
0.662536
0.664879
0.665549
0.665505
0.456863
0.456738
0.458418
0.462839
0.470732
0.482411
0.497603
0.516561
0.539353
0.565727
0.593663
0.617815
0.635943
0.649753
0.660418
0.66852
0.673934
0.676525
0.677201
0.677121
0.415357
0.415397
0.418432
0.425715
0.437798
0.454694
0.475656
0.50062
0.529378
0.561459
0.59445
0.62241
0.643217
0.659058
0.671337
0.680679
0.686693
0.689404
0.69003
0.689907
0.354807
0.355995
0.363467
0.377123
0.396906
0.42211
0.451199
0.483807
0.519617
0.558067
0.596436
0.628323
0.651828
0.669669
0.683529
0.693965
0.700423
0.703051
0.703511
0.703347
0.282549
0.28432
0.298651
0.322233
0.352839
0.387872
0.425873
0.466692
0.510139
0.555702
0.600417
0.63727
0.66442
0.685046
0.700965
0.712731
0.719687
0.722345
0.722843
0.722787
0.207864
0.214047
0.235232
0.268967
0.309874
0.35447
0.401361
0.450451
0.501627
0.554446
0.60573
0.64778
0.678709
0.702296
0.720564
0.733751
0.741034
0.743387
0.743706
0.743744
0.146871
0.155323
0.181132
0.221875
0.270756
0.32348
0.378377
0.435198
0.493752
0.553548
0.611108
0.658044
0.692481
0.718699
0.738861
0.75319
0.760598
0.763111
0.76382
0.763938
0.0972111
0.106254
0.135609
0.181568
0.236535
0.29581
0.357456
0.421097
0.486371
0.552673
0.616132
0.667625
0.705274
0.733846
0.755774
0.771246
0.779496
0.782599
0.783448
0.783579
0.0554897
0.064817
0.0966258
0.146573
0.206526
0.271238
0.338598
0.408188
0.479486
0.551753
0.620697
0.676415
0.716994
0.747722
0.771308
0.787868
0.796963
0.800488
0.801487
0.801618
0.0193579
0.0288079
0.0624726
0.115619
0.179685
0.249026
0.321367
0.396216
0.472949
0.550689
0.624717
0.684333
0.727594
0.760257
0.78519
0.802632
0.812347
0.816258
0.817368
0.817511
-0.0128067
-0.00330445
0.0317868
0.0876419
0.155153
0.228471
0.305209
0.384779
0.466471
0.549265
0.628031
0.691277
0.736981
0.771308
0.797282
0.815342
0.825635
0.829859
0.830994
0.831132
-0.0422348
-0.0326743
0.00357944
0.0617615
0.132243
0.209039
0.289672
0.37351
0.459754
0.547272
0.630521
0.69722
0.745201
0.780975
0.807727
0.82618
0.836729
0.841218
0.842461
0.842599
-0.0697525
-0.0601331
-0.0228191
0.0373302
0.11045
0.190315
0.274428
0.362137
0.452587
0.544555
0.632122
0.702196
0.752389
0.78948
0.816859
0.835571
0.846318
0.850983
0.852267
0.852382
-0.0959124
-0.0861963
-0.0479023
0.0139237
0.0894143
0.172002
0.259246
0.350479
0.444825
0.541013
0.632809
0.70627
0.758666
0.797009
0.824961
0.843946
0.854798
0.859517
0.860792
0.860873
-0.121172
-0.111263
-0.0721287
-0.00868918
0.0688825
0.153907
0.243976
0.338423
0.436384
0.536594
0.632572
0.70949
0.764146
0.803761
0.832292
0.851512
0.862459
0.867159
0.868398
0.868439
-0.145753
-0.135606
-0.0956955
-0.0306953
0.0487114
0.135916
0.22853
0.325907
0.427216
0.531265
0.631395
0.711877
0.768923
0.809902
0.839081
0.858546
0.869538
0.87418
0.875347
0.875379
-0.169742
-0.159369
-0.11861
-0.0522524
0.0288228
0.117985
0.212881
0.312912
0.417309
0.524998
0.629244
0.713435
0.773058
0.815568
0.845495
0.865219
0.876195
0.880693
0.881745
0.881727
-0.193263
-0.182573
-0.141057
-0.0734075
0.00918241
0.100096
0.197033
0.299454
0.406679
0.517795
0.626077
0.714117
0.77658
0.820862
0.851651
0.87159
0.882434
0.886706
0.887589
0.887512
-0.21627
-0.205287
-0.16301
-0.0941633
-0.0101977
0.0822763
0.181033
0.285583
0.395366
0.509658
0.621849
0.713851
0.779471
0.825863
0.85769
0.877782
0.888301
0.892196
0.892887
0.892762
-0.238796
-0.227496
-0.184416
-0.114487
-0.0292805
0.0645735
0.164932
0.271368
0.38343
0.500616
0.616521
0.712553
0.781656
0.830609
0.86379
0.883999
0.893924
0.897221
0.897666
0.897498
-0.260652
-0.249111
-0.205257
-0.134334
-0.0480123
0.0470652
0.148803
0.256886
0.370952
0.490728
0.610073
0.710127
0.783018
0.835067
0.870139
0.890603
0.899575
0.901859
0.901924
0.901724
-0.28197
-0.270081
-0.225501
-0.153668
-0.0663545
0.0297939
0.132742
0.242224
0.35802
0.480075
0.602514
0.706468
0.783383
0.839084
0.876829
0.898119
0.905921
0.906478
0.905715
0.905452
-0.302581
-0.290375
-0.245112
-0.172437
-0.0842228
0.0128471
0.11683
0.227501
0.344746
0.468722
0.593888
0.701485
0.782547
0.842363
0.883677
0.907036
0.914292
0.912474
0.909627
0.908472
-0.322538
-0.310033
-0.264032
-0.190586
-0.101578
-0.00370492
0.101154
0.212798
0.331241
0.456807
0.58427
0.695096
0.780292
0.844476
0.890041
0.917148
0.926118
0.923191
0.916347
0.907331
-0.341758
-0.32901
-0.282357
-0.208269
-0.118629
-0.0201453
0.0853698
0.197706
0.317043
0.44381
0.573108
0.686699
0.776055
0.844907
0.894983
0.927315
0.941368
0.939971
0.929814
0.923085
-0.360186
-0.347222
-0.30008
-0.225447
-0.135372
-0.0364759
0.0694962
0.182207
0.302111
0.429619
0.560217
0.675941
0.769113
0.84287
0.896291
0.932504
0.949216
0.952769
0.915297
0.862809
-0.377543
-0.36388
-0.317083
-0.242043
-0.151913
-0.0528448
0.0534845
0.166418
0.286502
0.414294
0.545535
0.662631
0.758442
0.837875
0.891805
0.922485
0.93965
0.924684
0.868241
0.805312
-0.394151
-0.379606
-0.333267
-0.257344
-0.167859
-0.0687764
0.0371072
0.150396
0.270363
0.398005
0.529084
0.646573
0.742907
0.83083
0.879221
0.927746
0.891923
0.847086
0.777169
0.710079
-0.380234
-0.361866
-0.311701
-0.231279
-0.136522
-0.0342075
0.0768149
0.192869
0.315919
0.447171
0.57226
0.677114
0.765453
0.859053
0.900813
0.820419
0.772007
0.707574
0.634892
0.58709
-0.404679
-0.388223
-0.351973
-0.281649
-0.192532
-0.0941196
0.0120043
0.124737
0.244021
0.370511
0.499801
0.615595
0.709335
0.789802
0.862657
0.857942
0.735431
0.651263
0.588138
0.505854
-0.424911
-0.409117
-0.36714
-0.295414
-0.205894
-0.107861
-0.00289361
0.10893
0.227264
0.352353
0.479911
0.59348
0.684082
0.752957
0.778672
0.703533
0.56502
0.469692
0.39465
0.307185
-0.445551
-0.432897
-0.386418
-0.313349
-0.223712
-0.125397
-0.0204455
0.091079
0.208526
0.3321
0.456777
0.565733
0.647844
0.702333
0.679135
0.549504
0.399086
0.282588
0.185127
0.0493685
-0.469387
-0.456289
-0.407715
-0.333464
-0.24352
-0.145127
-0.0402652
0.0706988
0.187055
0.308721
0.429933
0.533466
0.607385
0.640687
0.58245
0.401388
0.221648
0.070044
-0.0696128
-0.265454
-0.492198
-0.479457
-0.429672
-0.3542
-0.263725
-0.165358
-0.0608627
0.049273
0.164277
0.283649
0.400964
0.4984
0.564138
0.564742
0.456977
0.261086
0.0498807
-0.14892
-0.323045
-0.716001
-0.51506
-0.502677
-0.452388
-0.376003
-0.285101
-0.186696
-0.0825824
0.0267031
0.140227
0.257046
0.370101
0.460671
0.515004
0.483749
0.334613
0.136354
-0.0791211
-0.289239
-0.467277
-0.744126
-0.538833
-0.526594
-0.476102
-0.399147
-0.307953
-0.209506
-0.105733
0.00271932
0.114694
0.228764
0.337283
0.420529
0.460824
0.41286
0.225132
0.0341273
-0.16135
-0.326479
-0.397216
-0.435315
-0.564003
-0.551892
-0.501186
-0.423935
-0.332661
-0.234345
-0.131072
-0.023687
0.0863985
0.19721
0.300521
0.375778
0.400612
0.318866
0.127756
-0.0510109
-0.213147
-0.317845
-0.355164
-0.364523
-0.590741
-0.578665
-0.527796
-0.450372
-0.359155
-0.261154
-0.158605
-0.0525596
0.0552514
0.162275
0.259638
0.326685
0.325925
0.214719
0.0388446
-0.126237
-0.263238
-0.317779
-0.329969
-0.335004
-0.619248
-0.607134
-0.555999
-0.478455
-0.387413
-0.289921
-0.188322
-0.0839262
0.0212241
0.123979
0.214679
0.272695
0.247599
0.117204
-0.0443227
-0.199417
-0.29648
-0.325253
-0.321583
-0.321764
-0.649239
-0.637316
-0.585744
-0.508131
-0.417382
-0.320579
-0.220188
-0.117755
-0.0156593
0.0823298
0.165883
0.212761
0.178582
0.0269659
-0.120263
-0.256003
-0.295697
-0.308199
-0.313236
-0.313497
-0.680512
-0.668552
-0.616795
-0.53921
-0.448904
-0.352998
-0.25408
-0.153941
-0.0553195
0.0374799
0.113399
0.149191
0.10955
-0.0505659
-0.187099
-0.280742
-0.326192
-0.313473
-0.309999
-0.309752
-0.712528
-0.700552
-0.64887
-0.571349
-0.481657
-0.386892
-0.289729
-0.192237
-0.0975154
-0.01026
0.0576242
0.0839681
0.0241248
-0.117671
-0.241281
-0.290162
-0.30566
-0.30852
-0.30928
-0.30899
-0.74452
-0.732625
-0.680923
-0.603983
-0.515138
-0.421798
-0.326723
-0.232227
-0.141823
-0.0605092
-0.000283376
0.00956457
-0.0608578
-0.17569
-0.273561
-0.300845
-0.306097
-0.309932
-0.309915
-0.309918
-0.775275
-0.76381
-0.712308
-0.636206
-0.548611
-0.457045
-0.364417
-0.273262
-0.187531
-0.112666
-0.0589221
-0.0655517
-0.142774
-0.227497
-0.290518
-0.348656
-0.325033
-0.314159
-0.311688
-0.311942
-0.803295
-0.792313
-0.741798
-0.666837
-0.581071
-0.491708
-0.401944
-0.31447
-0.233637
-0.165547
-0.118251
-0.135324
-0.232715
-0.278668
-0.282562
-0.294065
-0.318176
-0.327598
-0.329896
-0.330208
-0.826897
-0.816596
-0.767495
-0.6946
-0.611238
-0.524589
-0.438159
-0.354729
-0.278851
-0.217499
-0.178594
-0.204363
-0.332404
-0.390535
-0.29114
-0.343399
-0.380383
-0.395288
-0.398422
-0.396503
-0.843771
-0.834366
-0.787473
-0.717551
-0.637506
-0.554333
-0.471699
-0.392628
-0.321672
-0.266649
-0.237423
-0.271936
-0.44543
-0.640785
-0.729317
-0.626766
-0.556642
-0.530334
-0.516654
-0.50623
-0.851822
-0.843272
-0.799649
-0.733762
-0.658071
-0.579291
-0.501087
-0.426521
-0.360343
-0.310585
-0.289713
-0.326552
-0.520481
-0.865467
-1.11133
-0.820507
-0.635008
-0.550329
-0.523666
-0.513862
-0.847248
-0.840033
-0.802336
-0.741394
-0.67121
-0.597848
-0.52469
-0.4548
-0.392754
-0.346565
-0.328908
-0.337905
-0.411776
-0.561371
-0.713
-0.597386
-0.467917
-0.412982
-0.40161
-0.399079
-0.828144
-0.823229
-0.793079
-0.739147
-0.675618
-0.608687
-0.541171
-0.475888
-0.417155
-0.372215
-0.347992
-0.284223
-0.0994242
0.133135
0.0948585
-0.0829453
-0.219898
-0.277326
-0.286474
-0.287071
-0.795071
-0.791451
-0.770245
-0.726085
-0.670954
-0.61127
-0.549746
-0.488805
-0.432554
-0.386078
-0.352193
-0.258572
0.0453384
0.513639
0.706728
0.283544
-0.119874
-0.266874
-0.2891
-0.296654
-0.752251
-0.749918
-0.737139
-0.704287
-0.658274
-0.606279
-0.550625
-0.493641
-0.438422
-0.390903
-0.354509
-0.331527
-0.369404
-0.450851
-0.56014
-0.911377
-0.96416
-0.808315
-0.664214
-0.617036
-0.707379
-0.706029
-0.699218
-0.678124
-0.641321
-0.595605
-0.545214
-0.490875
-0.435723
-0.384076
-0.350011
-0.409947
-0.943484
-2.02807
-2.98758
-3.34956
-3.23626
-2.78676
-2.39232
-2.12188
-0.669703
-0.668939
-0.665669
-0.652345
-0.623761
-0.583454
-0.535722
-0.481942
-0.423399
-0.363903
-0.322897
-0.326726
-0.725757
-1.24161
-1.6232
-1.64895
-1.39384
-1.0701
-0.805944
-0.603571
-0.642169
-0.641256
-0.639566
-0.633543
-0.611302
-0.573924
-0.525708
-0.469041
-0.404876
-0.332673
-0.253381
-0.188826
-0.122495
0.0863902
0.488392
0.931964
1.33425
1.60841
1.75949
1.8219
-0.622419
-0.621969
-0.621178
-0.619038
-0.604327
-0.568704
-0.517839
-0.456399
-0.383475
-0.298938
-0.196602
-0.080152
0.0986069
0.484085
1.04517
1.60226
2.05425
2.34051
2.48102
2.52963
-0.611323
-0.611021
-0.61047
-0.60953
-0.601097
-0.567576
-0.513438
-0.445461
-0.363704
-0.267801
-0.155858
-0.0314238
0.128344
0.515154
1.05115
1.57295
1.98921
2.24848
2.37463
2.41591
-0.605087
-0.60483
-0.603932
-0.603348
-0.599503
-0.570787
-0.513756
-0.438591
-0.350664
-0.248939
-0.140699
-0.0215955
0.0916976
0.407648
0.866046
1.274
1.59888
1.8037
1.90402
1.93861
-0.607205
-0.606199
-0.60298
-0.600776
-0.601894
-0.58055
-0.519098
-0.435738
-0.342129
-0.240162
-0.137061
-0.0328944
0.0605252
0.277314
0.62975
0.934599
1.16995
1.32065
1.39447
1.42089
-0.62994
-0.627883
-0.625271
-0.626975
-0.630347
-0.603788
-0.527652
-0.432476
-0.332685
-0.232232
-0.134707
-0.0499167
0.024892
0.18113
0.431012
0.642564
0.80493
0.909624
0.961548
0.979926
-0.667148
-0.666533
-0.674142
-0.683599
-0.680367
-0.63116
-0.529803
-0.420601
-0.317541
-0.221092
-0.134593
-0.0694725
-0.017682
0.0846282
0.266103
0.421161
0.534683
0.607685
0.642337
0.654548
-0.658193
-0.662885
-0.678755
-0.690557
-0.678454
-0.610847
-0.498647
-0.388852
-0.292053
-0.205967
-0.132477
-0.0830465
-0.0473689
0.0250314
0.15365
0.259148
0.336125
0.385048
0.409116
0.417334
-0.529378
-0.53536
-0.549544
-0.559383
-0.546623
-0.490888
-0.409365
-0.327289
-0.2509
-0.18184
-0.121271
-0.0784314
-0.0482039
0.00381474
0.101452
0.1736
0.222621
0.252962
0.266924
0.271321
-0.316037
-0.320298
-0.328242
-0.336371
-0.335191
-0.314921
-0.281442
-0.24036
-0.195728
-0.148047
-0.101405
-0.0635537
-0.0344299
0.00297427
0.0654493
0.111693
0.143453
0.164311
0.174532
0.177703
-0.12014
-0.12251
-0.127285
-0.136725
-0.149165
-0.15907
-0.161653
-0.154506
-0.138054
-0.112262
-0.0791304
-0.0446603
-0.0122401
0.0197486
0.0554151
0.0856884
0.106628
0.121852
0.129335
0.131392
0.0030168
0.00155416
-0.00188995
-0.0122514
-0.0315979
-0.0555743
-0.0758469
-0.0879748
-0.0894341
-0.0793616
-0.0571886
-0.0275177
0.00460413
0.032081
0.0490998
0.0654199
0.080009
0.091413
0.0968754
0.0977609
0.0571007
0.0561603
0.0534087
0.0439867
0.0251259
6.65858e-05
-0.0242956
-0.0434014
-0.0539574
-0.0539909
-0.0415008
-0.0193116
0.00647658
0.0241306
0.0312078
0.0420845
0.0535819
0.0633475
0.0683566
0.0683019
0.0698638
0.0692506
0.0671457
0.0598672
0.0449496
0.0242965
0.00233674
-0.0173099
-0.0315014
-0.0379033
-0.0338207
-0.0205495
-0.00451234
0.00307841
0.00353025
0.0129213
0.0231406
0.0310308
0.0342126
0.0335829
0.0636596
0.0632993
0.0618069
0.056655
0.0458868
0.0303561
0.0126014
-0.00473301
-0.0193164
-0.0293684
-0.0326272
-0.0298297
-0.0254174
-0.0247502
-0.028605
-0.0218079
-0.0125726
-0.00613059
-0.00385991
-0.00445564
0.0506169
0.0504281
0.0494211
0.0459484
0.0385189
0.0273552
0.013779
-0.00067104
-0.0145157
-0.026799
-0.0364069
-0.0445586
-0.0538306
-0.064504
-0.0644689
-0.0560414
-0.0481084
-0.044099
-0.0433559
-0.0439392
0.0363407
0.0362451
0.0355691
0.0332961
0.0283237
0.0205114
0.0104184
-0.00122088
-0.0137277
-0.0271719
-0.041767
-0.0592504
-0.0779628
-0.092283
-0.0907687
-0.0830146
-0.0769805
-0.0751907
-0.0756226
-0.0759856
0.0233724
0.023307
0.0228503
0.0214104
0.0182135
0.0129291
0.00561294
-0.00354007
-0.0145438
-0.0281575
-0.0458688
-0.0693682
-0.0947491
-0.109483
-0.104857
-0.097558
-0.0937181
-0.0933999
-0.0944042
-0.094589
0.0129578
0.0128993
0.0125493
0.0116532
0.00968738
0.0062469
0.00111482
-0.00585698
-0.0150275
-0.0275901
-0.0458454
-0.0713862
-0.0992078
-0.110315
-0.103113
-0.0969004
-0.0955183
-0.096801
-0.0979663
-0.098035
0.00547216
0.00539924
0.00513453
0.00459892
0.00346587
0.00134505
-0.00210189
-0.00717327
-0.0144012
-0.0247048
-0.0405555
-0.0630908
-0.0862333
-0.0919721
-0.085376
-0.081738
-0.0832835
-0.0855405
-0.0866455
-0.0867359
0.000864509
0.000792234
0.000591137
0.000262686
-0.00033847
-0.00154437
-0.00373005
-0.00715058
-0.0122289
-0.0196371
-0.0306352
-0.0456861
-0.0596957
-0.0601551
-0.0566844
-0.0565645
-0.0599423
-0.0625713
-0.0635275
-0.0637521
-0.00140263
-0.00148058
-0.0016352
-0.00183265
-0.00211541
-0.00274597
-0.0039965
-0.00604073
-0.00902017
-0.013061
-0.0179151
-0.0231054
-0.0266077
-0.0239665
-0.0230416
-0.0265166
-0.0311932
-0.0335214
-0.0341761
-0.0345608
-0.00201183
-0.00208218
-0.00219066
-0.00230292
-0.00243454
-0.00272124
-0.00334103
-0.00431662
-0.00556559
-0.00649742
-0.00536982
-3.27424e-05
0.00803945
0.0132139
0.00875058
0.00228074
-0.00252306
-0.00411044
-0.00449583
-0.00519831
-0.00170546
-0.00176747
-0.0018354
-0.00190657
-0.00196525
-0.00206972
-0.00228249
-0.00255765
-0.00262182
-0.00138996
0.0039534
0.0172542
0.0349786
0.0428459
0.0328105
0.0230789
0.0190521
0.0184155
0.0180264
0.0169764
-0.00104817
-0.00109865
-0.00114006
-0.00117902
-0.00118535
-0.00119975
-0.0012502
-0.00124861
-0.000746009
0.00122498
0.00756203
0.0229375
0.0428597
0.0486676
0.036817
0.0295576
0.0271878
0.0277355
0.0274646
0.026201
-2.25946e-05
-3.29817e-05
-4.0441e-05
-0.000139713
-0.000294073
-0.000141931
-4.74559e-05
1.89313e-05
0.000188355
0.000949989
0.00343422
0.00849848
0.012962
0.0109671
0.0100657
0.00890357
0.00736671
0.00480807
0.0050297
0.0188703
-1.12517
-0.439716
0.0120172
0.273129
0.461714
0.606825
0.720138
0.812714
0.910906
1.00254
-0.0673858
0.129641
0.309279
0.460694
0.587532
0.691291
0.776041
0.845392
0.888366
0.892476
0.269696
0.386383
0.500595
0.602371
0.690065
0.764098
0.824761
0.87083
0.900482
0.918258
0.482632
0.561958
0.640615
0.712645
0.775532
0.82924
0.873431
0.908086
0.934429
0.953594
0.638404
0.692329
0.751642
0.80531
0.852256
0.89311
0.927779
0.956536
0.980051
0.99711
0.761543
0.802572
0.848659
0.889087
0.92657
0.960011
0.989284
1.0143
1.0352
1.04949
0.864681
0.899249
0.936475
0.970844
1.00318
1.03287
1.05927
1.08191
1.10061
1.11237
0.958147
0.989239
1.02328
1.05594
1.08673
1.11511
1.14026
1.16155
1.17852
1.18807
1.04925
1.08181
1.11715
1.15118
1.1825
1.2108
1.23537
1.25569
1.27116
1.27938
1.15125
1.18876
1.22706
1.26331
1.29537
1.32324
1.34668
1.36568
1.37982
1.38831
1.27819
1.32056
1.35975
1.39561
1.42601
1.45168
1.47323
1.49085
1.50436
1.51453
1.43972
1.48117
1.51487
1.54442
1.56895
1.59047
1.61006
1.62748
1.64222
1.65492
1.63014
1.66094
1.68216
1.70129
1.71935
1.73658
1.75278
1.7686
1.78512
1.80204
1.82798
1.83938
1.85042
1.86452
1.87879
1.89163
1.90299
1.91385
1.92675
1.94363
2.01379
2.02369
2.03233
2.03478
2.03564
2.0399
2.05069
2.06663
2.08425
2.08885
2.31483
2.25942
2.20859
2.16834
2.14595
2.1419
2.1554
2.1892
2.24564
2.3212
0.877146
0.818452
0.775969
0.742106
0.717443
0.69988
0.687356
0.67841
0.672274
0.668759
0.668327
0.671146
0.676553
0.684466
0.695371
0.710411
0.731412
0.760502
0.799261
0.847084
0.678704
0.687458
0.692985
0.693803
0.690312
0.684255
0.677806
0.672309
0.668438
0.666743
0.667871
0.671425
0.676674
0.683127
0.689878
0.695138
0.696757
0.693517
0.686169
0.6785
0.655749
0.657779
0.662381
0.665886
0.668388
0.669803
0.669498
0.667738
0.665516
0.663904
0.663869
0.665645
0.668327
0.670922
0.672382
0.67203
0.670163
0.667355
0.663301
0.658918
0.648861
0.649726
0.652206
0.654912
0.656912
0.658258
0.659223
0.659646
0.659467
0.659166
0.659458
0.660487
0.661537
0.661983
0.661654
0.66079
0.659367
0.657119
0.654475
0.652506
0.643238
0.643699
0.645091
0.647103
0.64903
0.650589
0.651709
0.652574
0.65325
0.653772
0.654336
0.654915
0.655186
0.655052
0.65455
0.653564
0.652041
0.650202
0.648548
0.647529
0.638092
0.638379
0.639292
0.640752
0.642363
0.643947
0.645344
0.646479
0.647451
0.648339
0.649098
0.649567
0.64966
0.649387
0.64869
0.6476
0.646289
0.644956
0.643859
0.643233
0.633173
0.633374
0.634058
0.63522
0.636587
0.638008
0.639449
0.640809
0.642025
0.643128
0.644057
0.644595
0.644675
0.644317
0.643596
0.642669
0.641659
0.64064
0.639843
0.639402
0.628411
0.628563
0.629106
0.630077
0.631287
0.632599
0.633987
0.635421
0.636833
0.63816
0.639286
0.639954
0.640086
0.639794
0.639229
0.63851
0.637718
0.636935
0.636342
0.636011
0.623728
0.623847
0.624291
0.625128
0.626237
0.627486
0.628842
0.630305
0.631848
0.633398
0.634765
0.635622
0.635913
0.635806
0.635444
0.634926
0.634322
0.633736
0.633298
0.633041
0.619037
0.619134
0.619508
0.620254
0.621298
0.622507
0.623866
0.625385
0.627052
0.628823
0.630474
0.631607
0.632152
0.632283
0.632137
0.631822
0.631412
0.630995
0.630679
0.630475
0.614253
0.614332
0.614656
0.615343
0.616355
0.617561
0.618961
0.620571
0.622401
0.624424
0.626417
0.627913
0.628778
0.629186
0.62928
0.629173
0.628952
0.628689
0.628474
0.628311
0.609292
0.609358
0.609647
0.610301
0.61131
0.612561
0.614042
0.615791
0.617843
0.620184
0.6226
0.624539
0.625781
0.626505
0.626868
0.626983
0.626951
0.626832
0.626702
0.626571
0.604067
0.604122
0.604388
0.605035
0.606079
0.607417
0.609028
0.610979
0.613328
0.616083
0.619026
0.62149
0.623172
0.624256
0.624916
0.625275
0.625429
0.625456
0.625401
0.625296
0.598487
0.598532
0.598786
0.599449
0.600565
0.602035
0.603835
0.606057
0.608785
0.612061
0.615651
0.618752
0.620956
0.622462
0.623458
0.624097
0.624459
0.624621
0.624633
0.624549
0.592446
0.592483
0.592735
0.593434
0.594659
0.59631
0.598364
0.600938
0.604148
0.608075
0.61246
0.61633
0.61916
0.621164
0.62255
0.6235
0.624089
0.624402
0.62448
0.624413
0.585817
0.585845
0.586099
0.586856
0.58823
0.590121
0.592505
0.595529
0.599347
0.604071
0.609425
0.614237
0.617823
0.620417
0.622266
0.623559
0.624416
0.624891
0.625036
0.624984
0.578439
0.578454
0.578718
0.579555
0.581127
0.583326
0.586139
0.589744
0.594337
0.600069
0.606614
0.612544
0.617019
0.620306
0.62269
0.624398
0.625556
0.626209
0.626423
0.626384
0.570092
0.570114
0.570408
0.571336
0.57315
0.575738
0.579095
0.583428
0.588985
0.595958
0.603955
0.611242
0.616783
0.620897
0.623933
0.626136
0.627643
0.628491
0.628777
0.628749
0.560489
0.560501
0.560832
0.5619
0.564034
0.567128
0.571178
0.576436
0.583204
0.591711
0.601478
0.61039
0.617202
0.622297
0.626098
0.628889
0.630807
0.631879
0.632242
0.632225
0.549269
0.549275
0.549639
0.550896
0.553451
0.557202
0.56214
0.568579
0.576882
0.587296
0.599213
0.610076
0.618379
0.624631
0.62934
0.632816
0.635217
0.636538
0.636981
0.63697
0.535898
0.535898
0.536325
0.537845
0.540954
0.545572
0.55168
0.559664
0.569932
0.582732
0.597246
0.610389
0.620438
0.628035
0.633799
0.638071
0.641026
0.642622
0.643145
0.643137
0.519625
0.519619
0.520145
0.522034
0.525903
0.531695
0.539369
0.549378
0.56215
0.577881
0.595512
0.611351
0.623424
0.63258
0.63959
0.644788
0.648381
0.650273
0.650872
0.650859
0.499326
0.499316
0.499999
0.502455
0.507443
0.514922
0.524797
0.537572
0.553627
0.573023
0.594335
0.613211
0.627535
0.638433
0.646819
0.653084
0.65738
0.659575
0.660233
0.660204
0.473192
0.473183
0.47415
0.477574
0.484358
0.494397
0.507451
0.524006
0.544266
0.568094
0.593678
0.616001
0.632825
0.645641
0.65554
0.662983
0.668013
0.670486
0.671172
0.671113
0.438175
0.438185
0.439782
0.445102
0.45511
0.469218
0.487014
0.50876
0.534383
0.563512
0.593919
0.619951
0.639415
0.654246
0.665736
0.674424
0.680144
0.682817
0.683479
0.683377
0.388477
0.388719
0.392401
0.402109
0.418143
0.438982
0.463689
0.492273
0.524431
0.559625
0.595276
0.625195
0.647361
0.664232
0.67737
0.687234
0.69351
0.696243
0.696815
0.69666
0.316441
0.318756
0.329586
0.348732
0.374867
0.4051
0.438634
0.475325
0.514889
0.556777
0.598132
0.632292
0.65746
0.676627
0.691621
0.702747
0.709558
0.712371
0.712908
0.712754
0.239468
0.245821
0.265093
0.294368
0.33112
0.371071
0.41354
0.458507
0.505827
0.555029
0.603056
0.642543
0.671619
0.693806
0.711156
0.723917
0.73129
0.734061
0.734548
0.734487
0.173643
0.180316
0.206231
0.244084
0.289817
0.338683
0.389708
0.442754
0.497679
0.554028
0.608485
0.653016
0.685737
0.710705
0.730117
0.744032
0.751594
0.754396
0.75506
0.755055
0.119834
0.126793
0.156697
0.200706
0.253149
0.309303
0.367708
0.428048
0.490045
0.553154
0.613712
0.662963
0.699045
0.726488
0.747619
0.762746
0.771177
0.774356
0.774849
0.774885
0.0750215
0.0822985
0.11469
0.163356
0.221159
0.283248
0.347845
0.414551
0.482913
0.552258
0.618507
0.672153
0.711297
0.740982
0.763834
0.780125
0.789362
0.792762
0.793362
0.79346
0.0367873
0.0442423
0.0783932
0.130592
0.192844
0.259945
0.329862
0.40215
0.476227
0.551283
0.622815
0.680517
0.722469
0.754208
0.778563
0.795768
0.805532
0.80932
0.810102
0.810227
0.00316271
0.0107342
0.0461687
0.101293
0.167242
0.238629
0.313226
0.390493
0.469754
0.550066
0.626496
0.687955
0.732462
0.765992
0.791542
0.809461
0.819665
0.823801
0.824797
0.824926
-0.0272882
-0.0196011
0.0168758
0.0745061
0.143588
0.218689
0.297421
0.379174
0.463186
0.548376
0.629407
0.694394
0.74125
0.776324
0.802723
0.821139
0.831679
0.836086
0.837213
0.837361
-0.0554688
-0.0476792
-0.0102481
0.0494173
0.12128
0.199646
0.282061
0.367877
0.456262
0.546034
0.631455
0.699845
0.748935
0.785382
0.812476
0.831151
0.841904
0.846515
0.847743
0.847892
-0.0821095
-0.0741822
-0.0358753
0.0255351
0.0998973
0.181155
0.266866
0.356375
0.448808
0.54291
0.6326
0.70436
0.755652
0.793373
0.821053
0.839949
0.850878
0.855589
0.856859
0.85697
-0.107635
-0.0995368
-0.0603397
0.00255016
0.079131
0.162964
0.251652
0.344528
0.440711
0.538932
0.632823
0.707999
0.761515
0.800489
0.828734
0.847868
0.858868
0.863611
0.864889
0.865025
-0.132388
-0.124085
-0.0842277
-0.0197365
0.0587857
0.144926
0.236298
0.332243
0.431908
0.534061
0.632118
0.710802
0.766633
0.806915
0.835764
0.855125
0.866171
0.870887
0.872113
0.872226
-0.156503
-0.147975
-0.10742
-0.0415063
0.0387581
0.126967
0.220748
0.319485
0.42237
0.528262
0.630456
0.712776
0.771082
0.812802
0.842347
0.861959
0.873005
0.87764
0.878783
0.878809
-0.180068
-0.171405
-0.130038
-0.0628647
0.018994
0.109051
0.204994
0.306253
0.412099
0.521525
0.627804
0.713901
0.774908
0.81827
0.848616
0.868465
0.879417
0.883864
0.88486
0.884817
-0.203156
-0.194305
-0.152197
-0.0838267
-0.000523259
0.0911913
0.189064
0.292582
0.401114
0.513848
0.624108
0.714116
0.77812
0.823409
0.854691
0.874723
0.885452
0.889583
0.890395
0.890298
-0.225782
-0.216733
-0.173858
-0.104375
-0.019766
0.0734235
0.172999
0.278525
0.389477
0.505258
0.619333
0.713345
0.780669
0.828282
0.860735
0.880892
0.89117
0.894822
0.895413
0.895266
-0.247861
-0.238613
-0.194966
-0.124469
-0.0386826
0.0558012
0.156877
0.26416
0.377261
0.495784
0.613445
0.711497
0.782461
0.832893
0.866938
0.887245
0.896752
0.899625
0.899916
0.899727
-0.269324
-0.259873
-0.215498
-0.14407
-0.0572253
0.038399
0.14077
0.249577
0.364543
0.485501
0.606435
0.708465
0.783349
0.837158
0.873457
0.89423
0.902626
0.904163
0.903916
0.903696
-0.290168
-0.280504
-0.235421
-0.16313
-0.0753433
0.0212903
0.124769
0.234874
0.351423
0.474481
0.598339
0.704155
0.78314
0.840852
0.880273
0.902406
0.90978
0.909185
0.907609
0.907293
-0.310316
-0.300445
-0.254689
-0.1816
-0.0929667
0.00453068
0.108957
0.22014
0.338014
0.462829
0.589198
0.698477
0.781621
0.843607
0.886993
0.912018
0.919767
0.91703
0.912796
0.910932
-0.329791
-0.319726
-0.273288
-0.199481
-0.11012
-0.0118984
0.0933098
0.205343
0.324282
0.450504
0.57894
0.691211
0.778494
0.844969
0.892813
0.922392
0.933536
0.931525
0.923625
0.907135
-0.348622
-0.338343
-0.291324
-0.216949
-0.127043
-0.0283136
0.0774424
0.190013
0.30967
0.436863
0.566886
0.681634
0.772992
0.844262
0.896261
0.930823
0.947245
0.944515
0.936771
0.891752
-0.367078
-0.355903
-0.30872
-0.233861
-0.143633
-0.0446208
0.0615329
0.174368
0.294406
0.422113
0.553117
0.66963
0.764345
0.84077
0.894933
0.929425
0.946459
0.947187
0.895808
0.834961
-0.386187
-0.371328
-0.325273
-0.250065
-0.160151
-0.0610274
0.0453195
0.158412
0.278473
0.406237
0.537502
0.654943
0.751325
0.834507
0.8864
0.906328
0.92122
0.892865
0.828276
0.763482
-0.405065
-0.406871
-0.346467
-0.263033
-0.17358
-0.0746578
0.0293963
0.142802
0.262602
0.390006
0.520658
0.637848
0.733714
0.82747
0.846408
0.855474
0.849092
0.791346
0.718967
0.648998
-0.380696
-0.379417
-0.320781
-0.238192
-0.143813
-0.0415867
0.0670955
0.182977
0.305679
0.436393
0.560737
0.664985
0.750604
0.842128
0.860613
0.766096
0.685453
0.620882
0.549286
0.406735
-0.422007
-0.395507
-0.334016
-0.250781
-0.156455
-0.0545108
0.0536018
0.16888
0.290673
0.419874
0.541673
0.64273
0.719627
0.779739
0.75207
0.628573
0.512364
0.432451
0.349512
0.187566
-0.446735
-0.415473
-0.352947
-0.270134
-0.175728
-0.0739718
0.0343455
0.148866
0.269365
0.396332
0.514747
0.610514
0.679656
0.705245
0.630429
0.471615
0.335964
0.235021
0.121115
-0.112099
-0.470872
-0.437257
-0.37348
-0.289962
-0.195431
-0.0937386
0.0142528
0.127868
0.246838
0.37115
0.48528
0.574556
0.631645
0.624115
0.493609
0.310351
0.141985
0.00209482
-0.156607
-0.538468
-0.494029
-0.45955
-0.394711
-0.3103
-0.215569
-0.114028
-0.00665127
0.105939
0.223176
0.344477
0.453575
0.53574
0.575379
0.538699
0.360665
0.156894
-0.053867
-0.230927
-0.477057
-1.03077
-0.516952
-0.482418
-0.416872
-0.331831
-0.236864
-0.135503
-0.0287289
0.0827462
0.198041
0.316001
0.419611
0.493942
0.515513
0.431333
0.23903
0.0282045
-0.186257
-0.385138
-0.551001
-1.15296
-0.540783
-0.506183
-0.44023
-0.354808
-0.259658
-0.158443
-0.0522381
0.0580898
0.171301
0.285657
0.383584
0.448445
0.447303
0.320268
0.134636
-0.066081
-0.250461
-0.376763
-0.408411
-0.45571
-0.565939
-0.531295
-0.465104
-0.379535
-0.284387
-0.183478
-0.0780163
0.0308805
0.141594
0.251692
0.343465
0.3963
0.373503
0.21813
0.040421
-0.135373
-0.277216
-0.337253
-0.360104
-0.365867
-0.592779
-0.557929
-0.491572
-0.405979
-0.311005
-0.210588
-0.106136
0.00100439
0.108802
0.214011
0.298933
0.337527
0.300678
0.122745
-0.0455783
-0.19956
-0.306665
-0.333295
-0.334385
-0.334743
-0.621364
-0.586206
-0.519665
-0.434108
-0.33946
-0.239763
-0.136581
-0.0315313
0.0728908
0.172653
0.249704
0.276367
0.209855
0.0351093
-0.124737
-0.260359
-0.305785
-0.320282
-0.321769
-0.321427
-0.651584
-0.616039
-0.549323
-0.463892
-0.36972
-0.270952
-0.169314
-0.0667167
0.0338892
0.127675
0.196202
0.209587
0.112921
-0.046626
-0.192462
-0.299174
-0.312312
-0.312478
-0.313526
-0.313242
-0.682946
-0.647272
-0.580343
-0.495137
-0.401624
-0.304023
-0.20423
-0.104467
-0.00809484
0.0792468
0.139143
0.135281
0.0282455
-0.119351
-0.246651
-0.28393
-0.306021
-0.309639
-0.309888
-0.309577
-0.715088
-0.679043
-0.612331
-0.52752
-0.434877
-0.338709
-0.241074
-0.144533
-0.0528225
0.0278415
0.0781821
0.0617944
-0.0509511
-0.179501
-0.283356
-0.321832
-0.3118
-0.309391
-0.309143
-0.308788
-0.747058
-0.711034
-0.644729
-0.560497
-0.468994
-0.374563
-0.279425
-0.18649
-0.0998932
-0.0259703
0.0130646
-0.00844126
-0.124572
-0.224998
-0.305338
-0.304197
-0.308455
-0.309883
-0.309929
-0.309868
-0.777825
-0.742315
-0.67638
-0.593295
-0.503275
-0.410942
-0.318655
-0.229656
-0.148595
-0.0817094
-0.0502419
-0.0844216
-0.192763
-0.263244
-0.291635
-0.317719
-0.315715
-0.312238
-0.311785
-0.311851
-0.805806
-0.771234
-0.706403
-0.624817
-0.536754
-0.446938
-0.357906
-0.273116
-0.19781
-0.138468
-0.109701
-0.172872
-0.268436
-0.28079
-0.283337
-0.309193
-0.324303
-0.32934
-0.330176
-0.329671
-0.829304
-0.796156
-0.733047
-0.653771
-0.568222
-0.481395
-0.396041
-0.315691
-0.246102
-0.19482
-0.170525
-0.263043
-0.376435
-0.36453
-0.323602
-0.367769
-0.388811
-0.398239
-0.397606
-0.395208
-0.846036
-0.814982
-0.754386
-0.678381
-0.596186
-0.512977
-0.431675
-0.355951
-0.291791
-0.248482
-0.233359
-0.348829
-0.54038
-0.719196
-0.674036
-0.584949
-0.539956
-0.523273
-0.510164
-0.504821
-0.853702
-0.825288
-0.768509
-0.696763
-0.618939
-0.540131
-0.463303
-0.39219
-0.332984
-0.296082
-0.287894
-0.412117
-0.668019
-1.0494
-0.983438
-0.71338
-0.581848
-0.532346
-0.517366
-0.512826
-0.849763
-0.825151
-0.773579
-0.707136
-0.634821
-0.561253
-0.489264
-0.422629
-0.367415
-0.3325
-0.319774
-0.377824
-0.461207
-0.679909
-0.680095
-0.523124
-0.431106
-0.404807
-0.400062
-0.397746
-0.830351
-0.811835
-0.76806
-0.708187
-0.642533
-0.575002
-0.50817
-0.445633
-0.392317
-0.357137
-0.334418
-0.205044
0.017382
0.151459
0.00227004
-0.158568
-0.258878
-0.283865
-0.28731
-0.286672
-0.796948
-0.783922
-0.750244
-0.699442
-0.641554
-0.580736
-0.519168
-0.459905
-0.407749
-0.369289
-0.324945
-0.137734
0.269213
0.754003
0.510143
0.0615416
-0.225049
-0.279465
-0.294137
-0.297361
-0.753858
-0.745498
-0.723075
-0.682348
-0.632811
-0.578908
-0.522264
-0.465619
-0.413523
-0.371496
-0.33947
-0.33158
-0.405561
-0.429471
-0.754642
-0.976855
-0.902617
-0.722359
-0.627448
-0.631161
-0.708636
-0.7039
-0.690762
-0.661225
-0.619326
-0.571141
-0.518482
-0.463338
-0.408865
-0.364163
-0.33443
-0.605167
-1.4152
-2.61084
-3.22734
-3.34817
-3.04574
-2.56561
-2.23644
-2.08132
-0.6705
-0.667994
-0.660753
-0.639792
-0.604855
-0.560369
-0.509557
-0.453269
-0.394119
-0.334891
-0.317631
-0.481941
-0.991109
-1.46664
-1.68009
-1.5462
-1.23229
-0.926272
-0.696719
-0.566449
-0.641745
-0.640581
-0.637899
-0.624574
-0.594209
-0.550907
-0.498591
-0.437946
-0.369311
-0.292466
-0.218448
-0.159136
-0.0434032
0.269879
0.70766
1.1448
1.48869
1.69834
1.79919
1.83462
-0.622268
-0.621554
-0.620718
-0.614065
-0.588806
-0.544907
-0.488517
-0.421269
-0.343342
-0.249238
-0.137901
-0.00695641
0.256836
0.754366
1.33177
1.8457
2.21916
2.42608
2.5138
2.53751
-0.611215
-0.61075
-0.610231
-0.607709
-0.587416
-0.542654
-0.480832
-0.406681
-0.317451
-0.21306
-0.0939992
0.0297126
0.283663
0.778493
1.31787
1.79969
2.13831
2.3258
2.40288
2.42204
-0.605029
-0.604444
-0.603451
-0.602895
-0.589066
-0.545073
-0.477899
-0.39649
-0.301534
-0.194593
-0.0818011
0.0346618
0.213111
0.63831
1.07799
1.44985
1.71661
1.86488
1.92732
1.94374
-0.606929
-0.604855
-0.601291
-0.601504
-0.596015
-0.553655
-0.47928
-0.39012
-0.292522
-0.186544
-0.0857452
0.0171047
0.140016
0.452861
0.790806
1.06112
1.2569
1.36548
1.41213
1.42458
-0.62898
-0.626521
-0.6257
-0.629233
-0.623466
-0.569662
-0.481441
-0.382782
-0.283006
-0.180825
-0.092256
-0.0111523
0.0816724
0.306465
0.543261
0.729629
0.865246
0.941036
0.973959
0.982049
-0.665845
-0.669184
-0.679673
-0.684623
-0.664107
-0.583361
-0.475195
-0.368027
-0.268972
-0.174816
-0.100374
-0.0414504
0.0137205
0.175572
0.348821
0.482516
0.577045
0.628833
0.650504
0.655591
-0.658925
-0.669997
-0.686206
-0.689042
-0.653087
-0.556347
-0.442688
-0.338685
-0.247901
-0.166182
-0.104324
-0.0622918
-0.0266679
0.0894653
0.210353
0.300807
0.364473
0.399599
0.414597
0.417925
-0.530906
-0.542009
-0.555854
-0.55701
-0.524651
-0.450974
-0.368201
-0.288178
-0.215676
-0.149043
-0.0965083
-0.0616015
-0.0278128
0.0559895
0.140316
0.200625
0.240385
0.261501
0.270079
0.271061
-0.317833
-0.323882
-0.332638
-0.337694
-0.327344
-0.299339
-0.261643
-0.218411
-0.172262
-0.123541
-0.0809034
-0.0478725
-0.0173698
0.0392941
0.0903176
0.128973
0.15541
0.170631
0.17679
0.177359
-0.121401
-0.124373
-0.131435
-0.142819
-0.154788
-0.161436
-0.159277
-0.147381
-0.126249
-0.0959113
-0.061616
-0.0283981
0.00238397
0.0386353
0.0717205
0.0967917
0.115272
0.126353
0.130932
0.130584
0.00212344
0.000429847
-0.00601199
-0.0208927
-0.0435107
-0.0664417
-0.0830259
-0.0900488
-0.0857754
-0.0694586
-0.043605
-0.0118814
0.0184759
0.0394635
0.0561504
0.0732016
0.0862749
0.0948354
0.0978864
0.0967931
0.0565269
0.0553216
0.0497563
0.0357066
0.0129506
-0.0124792
-0.0346668
-0.0497972
-0.0553221
-0.0491981
-0.0313823
-0.00670556
0.017198
0.0269629
0.0356744
0.0479963
0.0590231
0.0666088
0.0686649
0.0671798
0.0695239
0.0686053
0.0643421
0.0533676
0.0350675
0.0132826
-0.00791795
-0.0251757
-0.0357403
-0.0372074
-0.0282252
-0.0125733
0.00134077
0.00208549
0.00804008
0.0181298
0.0276245
0.0332212
0.0343071
0.0326455
0.0634854
0.0628372
0.0598309
0.0519975
0.0385626
0.0216195
0.0037585
-0.0124517
-0.0249447
-0.0319457
-0.032017
-0.0275774
-0.0241491
-0.0274192
-0.0259571
-0.0170849
-0.00879374
-0.00461873
-0.00378884
-0.00520594
0.0505443
0.0501135
0.0480967
0.0427621
0.0333198
0.0207959
0.00659526
-0.00771421
-0.0208456
-0.0320149
-0.0407061
-0.0487229
-0.0586157
-0.0664634
-0.060536
-0.0517114
-0.0454613
-0.0435178
-0.0435312
-0.0444915
0.0363235
0.0360282
0.0347052
0.0311845
0.0247351
0.0157086
0.00476273
-0.00734904
-0.0203049
-0.0344404
-0.0504578
-0.0685854
-0.086378
-0.093044
-0.0867811
-0.079452
-0.075727
-0.075333
-0.0758081
-0.0763779
0.0233654
0.0231522
0.0223013
0.0200675
0.0158266
0.00951626
0.00125977
-0.00877536
-0.0208965
-0.0364209
-0.0573835
-0.0825556
-0.105507
-0.108441
-0.101132
-0.0950445
-0.093108
-0.0940041
-0.0945339
-0.0948686
0.0129564
0.0127687
0.012198
0.0108341
0.00816392
0.00389879
-0.00213166
-0.0101153
-0.0206984
-0.0359804
-0.0580348
-0.0856539
-0.108151
-0.107104
-0.0994052
-0.0956556
-0.0960054
-0.0975584
-0.098032
-0.0982277
0.00545905
0.00529266
0.0049217
0.00413331
0.00254662
-0.000192235
-0.00441529
-0.0104769
-0.0190995
-0.0319212
-0.0512887
-0.0754073
-0.0922748
-0.0882318
-0.0830296
-0.0822735
-0.0844372
-0.0862929
-0.0867072
-0.0868896
0.000841048
0.000707446
0.000446524
1.31657e-05
-0.000845255
-0.00249941
-0.00527181
-0.00945985
-0.0155965
-0.0247407
-0.0378628
-0.0535898
-0.0621045
-0.0576409
-0.0558077
-0.058247
-0.0614537
-0.0632276
-0.0636413
-0.063912
-0.00143159
-0.00154972
-0.00173026
-0.00194988
-0.00236638
-0.00328124
-0.00491196
-0.00741668
-0.010893
-0.0155003
-0.0205432
-0.0254361
-0.0260423
-0.0222864
-0.0244162
-0.0291651
-0.0326089
-0.0339702
-0.0343403
-0.0347385
-0.00204294
-0.00213212
-0.00224833
-0.00236336
-0.00254507
-0.00298534
-0.00378967
-0.00493357
-0.00613212
-0.00637363
-0.00326534
0.00377673
0.0123118
0.0124204
0.00566593
-0.000657943
-0.00360771
-0.00430006
-0.00482234
-0.00544377
-0.00173641
-0.00180053
-0.00187146
-0.00193645
-0.00200498
-0.00216025
-0.00242115
-0.00265804
-0.00225095
0.000478002
0.00954658
0.0262548
0.0410069
0.0384145
0.0274059
0.0202616
0.0185239
0.0183573
0.0174906
0.0166493
-0.00107619
-0.0011189
-0.00115953
-0.00119062
-0.00118439
-0.00122539
-0.00128149
-0.00108887
-5.43944e-05
0.00359025
0.013966
0.032984
0.0485877
0.0425005
0.0321341
0.0283168
0.0272393
0.0278515
0.0267986
0.0258188
-0.0004268
-0.000475283
-0.000492527
-0.000516478
-0.000547193
-0.000480191
-0.000488837
-0.000365603
0.000133689
0.00120741
0.00511808
0.014831
0.0278909
0.0310335
0.0233302
0.0184184
0.0179776
0.0202817
0.019899
0.0184124
-0.735405
-0.167692
0.154379
0.371685
0.538105
0.66594
0.76904
0.85793
0.967589
0.965012
0.0771216
0.225966
0.388222
0.527337
0.642187
0.735674
0.812778
0.871495
0.895571
0.899733
0.344575
0.444884
0.553346
0.647967
0.728756
0.796117
0.849806
0.887548
0.911103
0.928147
0.533689
0.602828
0.677872
0.745235
0.803555
0.852539
0.891922
0.922113
0.945821
0.964492
0.675344
0.727029
0.779456
0.82957
0.873452
0.911204
0.942874
0.968853
0.990584
1.00892
0.78985
0.827447
0.8691
0.908323
0.943808
0.975162
1.00234
1.02519
1.04433
1.06212
0.887855
0.91827
0.953917
0.987304
1.01841
1.04651
1.0711
1.09171
1.10842
1.12579
0.977665
1.00626
1.03984
1.07159
1.10127
1.12813
1.15143
1.17057
1.18502
1.20215
1.06825
1.0993
1.13449
1.16718
1.19707
1.22358
1.24609
1.26405
1.27663
1.29389
1.17195
1.20773
1.24569
1.27985
1.30984
1.33552
1.35675
1.37335
1.38492
1.40277
1.30113
1.34019
1.37837
1.41144
1.43939
1.46295
1.48255
1.49804
1.50986
1.52811
1.46228
1.49831
1.5304
1.55718
1.57999
1.60049
1.6191
1.63512
1.64883
1.6667
1.64699
1.67204
1.69191
1.71042
1.72808
1.74482
1.76069
1.77668
1.79381
1.81295
1.83368
1.84453
1.85724
1.8718
1.88541
1.89749
1.90839
1.91974
1.93515
1.95458
2.01558
2.02902
2.03407
2.03509
2.03706
2.04442
2.05813
2.07573
2.08947
2.10081
2.28445
2.23387
2.1864
2.15482
2.14177
2.14632
2.16956
2.21462
2.28131
2.37543
0.733772
0.730761
0.7247
0.713768
0.701269
0.689949
0.680874
0.674095
0.669599
0.667664
0.668852
0.672803
0.678939
0.687203
0.69769
0.709999
0.722346
0.731052
0.735564
0.737727
0.662085
0.668732
0.673976
0.677586
0.678691
0.677045
0.673575
0.669759
0.666743
0.665391
0.666429
0.669431
0.673491
0.677696
0.680711
0.681231
0.678905
0.674521
0.668228
0.662402
0.651992
0.654952
0.658311
0.660794
0.662544
0.663714
0.663921
0.66315
0.662053
0.661557
0.662372
0.664071
0.66571
0.666476
0.666045
0.664781
0.662874
0.659999
0.656659
0.654371
0.645966
0.647388
0.649595
0.65186
0.653571
0.654751
0.65562
0.656177
0.65641
0.656672
0.657314
0.658033
0.658343
0.658117
0.657478
0.656325
0.654506
0.652275
0.650521
0.649437
0.640632
0.641448
0.642907
0.644672
0.646399
0.647858
0.648971
0.64988
0.650672
0.651385
0.651991
0.652313
0.652275
0.651885
0.651047
0.649752
0.648222
0.646695
0.645672
0.645007
0.635612
0.636165
0.637242
0.638646
0.640144
0.641629
0.642994
0.644167
0.645209
0.64616
0.646847
0.647127
0.647008
0.646468
0.645561
0.644457
0.64328
0.642193
0.641498
0.641031
0.63078
0.631194
0.632053
0.633252
0.634566
0.635953
0.637375
0.638751
0.64002
0.641172
0.642006
0.642346
0.642211
0.64169
0.640935
0.640067
0.639156
0.638339
0.637828
0.637472
0.626068
0.626392
0.6271
0.628149
0.629368
0.630687
0.632095
0.633569
0.635041
0.636427
0.637452
0.637911
0.637885
0.637531
0.636979
0.636308
0.635605
0.634996
0.634613
0.63433
0.621392
0.621655
0.622256
0.623205
0.624361
0.625644
0.627063
0.628612
0.630254
0.631894
0.633169
0.633841
0.634029
0.63389
0.633543
0.633071
0.632555
0.632111
0.631821
0.631589
0.616665
0.616884
0.617411
0.618298
0.619415
0.620697
0.622161
0.623814
0.625638
0.627558
0.629156
0.630134
0.630596
0.630698
0.630565
0.630298
0.629955
0.629652
0.629437
0.629241
0.611802
0.611988
0.612466
0.613321
0.614438
0.61576
0.617308
0.61911
0.62117
0.623426
0.625428
0.626782
0.627566
0.627942
0.628043
0.627972
0.627803
0.627624
0.627469
0.627299
0.606721
0.606882
0.60733
0.608184
0.609341
0.610746
0.612427
0.614439
0.616806
0.619488
0.621982
0.623782
0.624937
0.625622
0.625979
0.62611
0.626117
0.626052
0.625946
0.625795
0.601331
0.601474
0.601911
0.602793
0.60403
0.605566
0.60744
0.609738
0.612503
0.615726
0.618816
0.621142
0.622727
0.62376
0.624402
0.624768
0.624945
0.624982
0.624918
0.624781
0.595536
0.595664
0.596106
0.597045
0.598407
0.600125
0.602261
0.604923
0.608189
0.61208
0.615898
0.61886
0.620959
0.6224
0.623363
0.623985
0.62435
0.62449
0.624463
0.624335
0.589215
0.589332
0.589793
0.590821
0.592353
0.594317
0.596796
0.599921
0.603813
0.608521
0.613229
0.616961
0.619675
0.621597
0.622925
0.623839
0.62441
0.624655
0.624664
0.624542
0.582232
0.58234
0.582831
0.583981
0.585736
0.588019
0.590935
0.594656
0.599338
0.605059
0.610846
0.615497
0.618935
0.621416
0.623181
0.624431
0.625231
0.625588
0.625632
0.625512
0.574403
0.574511
0.575037
0.576348
0.578386
0.581075
0.584554
0.589028
0.594697
0.601666
0.608762
0.614514
0.618812
0.621959
0.624242
0.625887
0.626944
0.62742
0.627498
0.627377
0.565444
0.56556
0.566178
0.567681
0.570076
0.57329
0.57748
0.582898
0.589796
0.598306
0.606982
0.61405
0.61937
0.623313
0.626221
0.628329
0.629679
0.630287
0.630399
0.630275
0.555073
0.555186
0.555916
0.557681
0.560539
0.564424
0.56952
0.576131
0.584554
0.594935
0.605533
0.614181
0.620718
0.625602
0.629243
0.631903
0.633594
0.634348
0.634494
0.634362
0.542828
0.54296
0.54384
0.545951
0.54941
0.554173
0.560445
0.568599
0.57897
0.591681
0.60456
0.615039
0.622985
0.628975
0.633473
0.636772
0.638851
0.63976
0.639936
0.639793
0.528073
0.528241
0.529342
0.531928
0.53619
0.542119
0.549938
0.560074
0.572868
0.588398
0.604008
0.616664
0.626262
0.633533
0.639044
0.643085
0.645599
0.646672
0.646874
0.646715
0.509897
0.510136
0.51157
0.514826
0.520204
0.527743
0.537662
0.550421
0.566311
0.585286
0.604082
0.619197
0.630667
0.639401
0.646071
0.65097
0.653964
0.655202
0.655417
0.655237
0.486859
0.487241
0.489218
0.49351
0.500565
0.510452
0.523312
0.539563
0.559352
0.582448
0.604908
0.622784
0.636335
0.646713
0.654641
0.660494
0.663984
0.665366
0.665575
0.665368
0.456626
0.457307
0.460242
0.466331
0.47611
0.48954
0.506582
0.527459
0.552086
0.580024
0.606605
0.627507
0.64329
0.655438
0.664758
0.671603
0.675553
0.67703
0.677208
0.676971
0.415077
0.416481
0.421499
0.431143
0.4457
0.464647
0.487616
0.514508
0.544995
0.578446
0.609484
0.633544
0.65164
0.665585
0.676367
0.684143
0.688412
0.689892
0.690011
0.689747
0.354542
0.358989
0.36954
0.386238
0.408945
0.436158
0.46703
0.501282
0.538492
0.577946
0.61364
0.640917
0.661313
0.677046
0.689175
0.697737
0.702149
0.703442
0.70346
0.703191
0.282089
0.290139
0.309475
0.336712
0.369903
0.406446
0.445859
0.488026
0.532602
0.578936
0.620326
0.651813
0.675399
0.693523
0.707376
0.716863
0.721448
0.722742
0.722836
0.722716
0.209254
0.222643
0.251044
0.288648
0.331774
0.377552
0.42553
0.475694
0.527754
0.581143
0.628464
0.664346
0.691241
0.712032
0.727839
0.738163
0.742696
0.743622
0.743741
0.743739
0.148836
0.166067
0.200182
0.245512
0.296691
0.350577
0.406433
0.464158
0.5234
0.583562
0.636507
0.676494
0.706424
0.729469
0.746829
0.757768
0.76219
0.76363
0.763906
0.763974
0.099236
0.118509
0.157073
0.208188
0.265689
0.32625
0.388908
0.453422
0.51929
0.585807
0.644022
0.687813
0.720479
0.74557
0.764416
0.776279
0.781448
0.783218
0.783537
0.783626
0.0574898
0.0780104
0.119907
0.175613
0.238348
0.304489
0.372992
0.443509
0.515391
0.58778
0.650907
0.698191
0.733351
0.760329
0.780511
0.793428
0.799176
0.80121
0.801571
0.801673
0.0213198
0.0426555
0.0872198
0.146634
0.213762
0.284716
0.358353
0.434229
0.511583
0.589399
0.657069
0.707567
0.744994
0.773616
0.794906
0.808457
0.814809
0.817066
0.817468
0.817562
-0.0108859
0.0110339
0.0577645
0.1203
0.191158
0.266304
0.344511
0.425238
0.507618
0.59047
0.662385
0.715848
0.755297
0.785262
0.807381
0.821413
0.82831
0.830684
0.831101
0.831168
-0.0403032
-0.0179485
0.0306035
0.0958228
0.169931
0.248761
0.331059
0.416207
0.503241
0.590834
0.666779
0.723052
0.764332
0.795402
0.818012
0.83237
0.839572
0.842104
0.842575
0.842615
-0.0678614
-0.0450392
0.00516691
0.0726375
0.149618
0.231718
0.317699
0.406891
0.498267
0.590375
0.67024
0.729259
0.77228
0.804287
0.827292
0.841864
0.849273
0.85189
0.852384
0.852382
-0.0940558
-0.0707173
-0.0192174
0.0503761
0.129893
0.214915
0.304224
0.397131
0.492573
0.589025
0.672787
0.734569
0.779292
0.812163
0.835548
0.850321
0.857775
0.86043
0.860886
0.860838
-0.119285
-0.0954028
-0.0427955
0.0287668
0.110529
0.198179
0.290509
0.386826
0.486082
0.58676
0.674438
0.739057
0.785518
0.819269
0.843021
0.857951
0.865436
0.868053
0.868474
0.868381
-0.14381
-0.119437
-0.0656365
0.00763
0.091404
0.181414
0.276474
0.375924
0.478761
0.58354
0.675198
0.742784
0.79109
0.825803
0.849968
0.865025
0.872494
0.875033
0.875421
0.875299
-0.167775
-0.142854
-0.0879271
-0.0131304
0.0724555
0.164573
0.262096
0.36441
0.470596
0.579342
0.675039
0.745773
0.796111
0.831923
0.856559
0.871715
0.879083
0.881483
0.881784
0.881629
-0.191228
-0.165742
-0.109758
-0.0335583
0.0536588
0.147665
0.247396
0.352301
0.461585
0.574141
0.673907
0.748008
0.800649
0.837747
0.862887
0.878045
0.885216
0.887397
0.887587
0.887402
-0.214137
-0.188149
-0.131135
-0.053649
0.035031
0.130714
0.232411
0.339643
0.451759
0.567919
0.671734
0.749439
0.804736
0.843399
0.869095
0.884106
0.89088
0.892763
0.892852
0.892645
-0.23655
-0.21002
-0.152024
-0.0733665
0.016619
0.113778
0.217207
0.326501
0.441175
0.560672
0.668461
0.749977
0.808338
0.84899
0.875399
0.890068
0.896168
0.897622
0.897598
0.897381
-0.258354
-0.231302
-0.172383
-0.0926753
-0.0015273
0.0969312
0.201865
0.312959
0.429899
0.552419
0.664017
0.749497
0.811361
0.854582
0.882092
0.89628
0.901248
0.901995
0.901822
0.901619
-0.279557
-0.251944
-0.192189
-0.111515
-0.0193382
0.0802434
0.186477
0.299121
0.41801
0.543216
0.658354
0.747859
0.813628
0.86011
0.889488
0.903408
0.906684
0.906055
0.905525
0.905397
-0.300062
-0.271937
-0.211386
-0.129837
-0.0367569
0.0637954
0.171122
0.285065
0.405618
0.533139
0.651448
0.744907
0.814879
0.86528
0.897653
0.912387
0.913993
0.910825
0.90885
0.908494
-0.319928
-0.291251
-0.229925
-0.147584
-0.0537072
0.0476716
0.15592
0.270927
0.392848
0.522285
0.643317
0.740488
0.814802
0.869526
0.90602
0.923707
0.925603
0.920065
0.912443
0.895306
-0.339092
-0.309877
-0.247945
-0.164961
-0.0704886
0.0315356
0.140449
0.256238
0.379173
0.510112
0.633395
0.733977
0.812936
0.872183
0.913433
0.936492
0.942166
0.936558
0.921243
0.934927
-0.357677
-0.327797
-0.265384
-0.18192
-0.0870331
0.0154464
0.124715
0.241025
0.364588
0.49652
0.62149
0.724774
0.808581
0.872042
0.916227
0.943131
0.953294
0.945142
0.88394
0.86728
-0.376284
-0.345611
-0.281983
-0.198081
-0.102816
-0.000145127
0.108928
0.225548
0.349378
0.481717
0.607627
0.712504
0.800915
0.868296
0.90922
0.93486
0.936376
0.901365
0.83331
0.792233
-0.395622
-0.364255
-0.297332
-0.213061
-0.117473
-0.0150882
0.093469
0.20998
0.333625
0.46572
0.591677
0.697025
0.787864
0.860252
0.911165
0.897873
0.874164
0.812455
0.740962
0.697471
0.0226469
0.135898
0.255521
0.382588
0.512437
0.628642
0.722983
0.572046
-0.416447
-0.397526
-0.35906
-0.288353
-0.199048
-0.100971
0.00444391
0.116606
0.235406
0.361215
0.489804
0.604903
0.697783
0.773031
0.824849
0.7866
0.646393
0.559468
0.491302
-0.434112
-0.420984
-0.376299
-0.303847
-0.214252
-0.116073
-0.0111837
0.100472
0.218377
0.342738
0.468954
0.58041
0.667175
0.729767
0.727217
0.625497
0.483389
0.378645
0.290157
-0.457335
-0.444541
-0.396897
-0.323307
-0.233563
-0.135193
-0.0302329
0.0810701
0.198007
0.320684
0.443682
0.550009
0.627888
0.672433
0.633694
0.475117
0.311261
0.179167
0.0620468
-0.480751
-0.467799
-0.418549
-0.343721
-0.253521
-0.155145
-0.0504487
0.0601231
0.175819
0.29638
0.415705
0.5163
0.586714
0.605188
0.52088
0.329916
0.133881
-0.043676
-0.210161
-0.503352
-0.490894
-0.440838
-0.364922
-0.274243
-0.175856
-0.0715696
0.038131
0.152405
0.270515
0.385721
0.479794
0.540403
0.522655
0.394238
0.195606
-0.0213819
-0.227424
-0.413948
-0.526489
-0.514315
-0.463983
-0.387345
-0.296289
-0.19784
-0.0938898
0.0149979
0.127789
0.243301
0.354181
0.441234
0.488752
0.448495
0.278565
0.0834247
-0.125695
-0.322084
-0.442967
-0.481079
-0.550923
-0.538894
-0.488333
-0.411306
-0.320078
-0.221669
-0.118125
-0.0101698
0.100904
0.213415
0.319431
0.398813
0.431613
0.36936
0.175041
-0.0111194
-0.18891
-0.322505
-0.367593
-0.391534
-0.576751
-0.564867
-0.514144
-0.436914
-0.345678
-0.247506
-0.144554
-0.0378049
0.0711901
0.180178
0.280618
0.351984
0.365434
0.265937
0.0826998
-0.0890753
-0.238726
-0.320905
-0.340829
-0.346365
-0.604296
-0.592436
-0.541526
-0.464164
-0.373055
-0.275293
-0.173182
-0.0679302
0.0386041
0.143565
0.237685
0.300739
0.285622
0.165433
-0.0033567
-0.164815
-0.282281
-0.325837
-0.326019
-0.327259
-0.633465
-0.621707
-0.570487
-0.493041
-0.402183
-0.305009
-0.203986
-0.100527
0.00314562
0.10359
0.190781
0.243747
0.21171
0.0705519
-0.083492
-0.233561
-0.298009
-0.316108
-0.317109
-0.316935
-0.664074
-0.652308
-0.600912
-0.523438
-0.432949
-0.336575
-0.236882
-0.135549
-0.0351476
0.0603019
0.140138
0.181408
0.146041
-0.0129565
-0.156303
-0.269314
-0.318096
-0.311414
-0.311181
-0.311243
-0.695612
-0.683759
-0.632527
-0.555078
-0.465136
-0.369778
-0.271694
-0.17283
-0.0761064
0.0139542
0.085919
0.117428
0.0682133
-0.0854796
-0.21649
-0.29383
-0.309795
-0.308794
-0.309146
-0.30877
-0.727532
-0.715629
-0.664647
-0.587536
-0.498327
-0.404243
-0.308079
-0.212037
-0.119423
-0.0350998
0.0288802
0.0482088
-0.0191767
-0.147881
-0.262351
-0.28316
-0.300659
-0.307907
-0.309209
-0.309048
-0.758837
-0.746997
-0.696464
-0.620054
-0.531912
-0.439418
-0.345513
-0.252642
-0.164531
-0.0863932
-0.0294534
-0.028368
-0.101284
-0.203607
-0.282045
-0.333983
-0.317601
-0.312287
-0.310482
-0.310378
-0.787736
-0.776695
-0.72703
-0.651613
-0.565015
-0.474504
-0.383246
-0.293884
-0.210579
-0.139066
-0.0882194
-0.100896
-0.186558
-0.252299
-0.298906
-0.321308
-0.319684
-0.317296
-0.316082
-0.316475
-0.813418
-0.802678
-0.754896
-0.680968
-0.596497
-0.508436
-0.42027
-0.334772
-0.256416
-0.191703
-0.148077
-0.170212
-0.280621
-0.324147
-0.266461
-0.299975
-0.337518
-0.352052
-0.356119
-0.356377
-0.833268
-0.823176
-0.777754
-0.706657
-0.624927
-0.539941
-0.455321
-0.374044
-0.30063
-0.242559
-0.208267
-0.238677
-0.38764
-0.49719
-0.452941
-0.45606
-0.461013
-0.462127
-0.458447
-0.451413
-0.845244
-0.836171
-0.793927
-0.726506
-0.648578
-0.567495
-0.486982
-0.410146
-0.341602
-0.289448
-0.26467
-0.302638
-0.492404
-0.796287
-1.00494
-0.774776
-0.623658
-0.561798
-0.54003
-0.529217
-0.846805
-0.839351
-0.801336
-0.738756
-0.665643
-0.589447
-0.513667
-0.441433
-0.377422
-0.329642
-0.311058
-0.337446
-0.502138
-0.794141
-0.988067
-0.764642
-0.576772
-0.494245
-0.47202
-0.467313
-0.836563
-0.830521
-0.797918
-0.741602
-0.674612
-0.604267
-0.533846
-0.466292
-0.40601
-0.360719
-0.340437
-0.306856
-0.264352
-0.218957
-0.362144
-0.358357
-0.33828
-0.332503
-0.333327
-0.332358
-0.810775
-0.806403
-0.780954
-0.73369
-0.674531
-0.61098
-0.546419
-0.483324
-0.426077
-0.380632
-0.34981
-0.26095
0.0313633
0.405545
0.511271
0.142977
-0.152344
-0.259502
-0.2735
-0.279205
-0.772459
-0.769735
-0.752164
-0.715168
-0.665601
-0.609621
-0.551056
-0.492151
-0.436502
-0.389401
-0.353083
-0.276204
-0.106239
0.217988
0.367319
0.0479348
-0.227491
-0.302657
-0.318233
-0.352371
-0.727674
-0.725973
-0.716544
-0.689743
-0.650041
-0.601515
-0.548552
-0.493167
-0.438168
-0.389276
-0.351888
-0.375265
-0.697643
-1.37343
-1.92819
-2.33678
-2.3708
-2.07185
-1.61079
-1.34239
-0.685963
-0.684854
-0.68038
-0.663736
-0.631991
-0.58944
-0.540725
-0.487067
-0.430694
-0.374932
-0.344122
-0.389769
-0.972991
-1.9886
-2.91577
-3.12635
-2.95721
-2.56167
-2.15511
-1.92893
-0.654591
-0.65393
-0.651305
-0.642022
-0.616679
-0.578113
-0.530575
-0.475639
-0.41456
-0.349288
-0.286462
-0.254
-0.36761
-0.392138
-0.256627
0.0156979
0.370893
0.641161
0.814747
0.906928
-0.630861
-0.630244
-0.629171
-0.625634
-0.607215
-0.570798
-0.521355
-0.462609
-0.394435
-0.316002
-0.224714
-0.130237
0.0186195
0.345049
0.860203
1.39203
1.82259
2.10402
2.24677
2.2979
-0.616088
-0.615719
-0.615084
-0.613672
-0.602385
-0.567721
-0.515208
-0.450593
-0.372948
-0.282321
-0.172394
-0.0485866
0.129474
0.527402
1.08889
1.64243
2.08901
2.36801
2.505
2.55015
-0.607644
-0.607404
-0.606816
-0.606284
-0.600191
-0.568699
-0.512924
-0.4414
-0.356297
-0.256729
-0.145986
-0.0224755
0.111954
0.469815
0.971611
1.43783
1.81159
2.04455
2.15847
2.19688
-0.604266
-0.603792
-0.601987
-0.600708
-0.599633
-0.574527
-0.515724
-0.436821
-0.346179
-0.243766
-0.138444
-0.0264092
0.0756456
0.340981
0.748168
1.10232
1.37986
1.55649
1.64305
1.6735
-0.615678
-0.614055
-0.610238
-0.608742
-0.610985
-0.589715
-0.523234
-0.434601
-0.337845
-0.236612
-0.135621
-0.0408659
0.0427714
0.224464
0.522461
0.779505
0.976825
1.10367
1.16597
1.18837
-0.648617
-0.646661
-0.647527
-0.653281
-0.655487
-0.619905
-0.531045
-0.428278
-0.326079
-0.226993
-0.13448
-0.0593798
0.00510254
0.134704
0.346805
0.524143
0.658098
0.745077
0.787932
0.802898
-0.674443
-0.676453
-0.690041
-0.702121
-0.69349
-0.631217
-0.520184
-0.407885
-0.306465
-0.214298
-0.134282
-0.0783144
-0.0370159
0.046003
0.199223
0.331573
0.426858
0.486854
0.515353
0.525416
-0.610804
-0.615423
-0.631475
-0.642689
-0.628515
-0.56313
-0.461514
-0.362235
-0.273434
-0.195419
-0.128276
-0.0828682
-0.0499593
0.0127988
0.124123
0.208794
0.270253
0.30984
0.328995
0.33505
-0.426872
-0.432308
-0.443233
-0.451865
-0.443691
-0.404607
-0.347257
-0.285509
-0.224592
-0.165717
-0.111881
-0.0715273
-0.0428532
-0.000185984
0.0812525
0.140952
0.179847
0.203318
0.214302
0.217896
-0.210816
-0.213941
-0.219856
-0.228535
-0.23491
-0.231041
-0.218064
-0.195676
-0.166276
-0.130014
-0.0904681
-0.0543926
-0.0238636
0.0105685
0.0573952
0.0938562
0.12054
0.139548
0.149339
0.151132
-0.0486578
-0.0504809
-0.0544312
-0.06448
-0.0813242
-0.100527
-0.114113
-0.118463
-0.112249
-0.0951915
-0.0678444
-0.0352113
-0.00216561
0.0281174
0.0535643
0.0771031
0.0936575
0.105739
0.111573
0.11327
0.0370475
0.0358673
0.0328016
0.022673
0.00282094
-0.0228413
-0.0463355
-0.0630706
-0.0699741
-0.0654664
-0.0481707
-0.0222529
0.00753429
0.0304135
0.0416796
0.0536389
0.0668967
0.0779706
0.0835608
0.083912
0.066996
0.0662317
0.0638055
0.0553992
0.038345
0.0152186
-0.00841691
-0.0283698
-0.0412867
-0.0449082
-0.0368327
-0.0188475
0.00227223
0.0147657
0.0186222
0.0283167
0.0389761
0.0475946
0.0513732
0.0510593
0.0681729
0.0676967
0.0659098
0.0597391
0.046972
0.0289172
0.00898272
-0.00966804
-0.0242927
-0.0327678
-0.0324913
-0.0242637
-0.0137609
-0.00891887
-0.0121346
-0.00436443
0.00576547
0.0132201
0.0160873
0.0153235
0.0575406
0.0572767
0.0560458
0.0517967
0.042814
0.0296058
0.0140009
-0.00191996
-0.0162062
-0.0275258
-0.0341174
-0.0369006
-0.0393292
-0.0459091
-0.0464107
-0.0393052
-0.0307765
-0.0253851
-0.0239264
-0.0245816
0.0434295
0.043295
0.0424696
0.0396467
0.0335379
0.0241727
0.0124451
-0.000564969
-0.013769
-0.026765
-0.0390579
-0.052085
-0.0667512
-0.0793315
-0.0790394
-0.0707922
-0.0638103
-0.0611406
-0.0609745
-0.0614314
0.029596
0.0295294
0.028974
0.0271559
0.0231405
0.0166833
0.00806681
-0.00228182
-0.0140512
-0.027757
-0.0441455
-0.0652237
-0.0878079
-0.102272
-0.0995707
-0.0920178
-0.0872844
-0.0862741
-0.0869783
-0.0872108
0.017815
0.017751
0.0173465
0.016212
0.0136909
0.00939853
0.00323337
-0.00480108
-0.0149443
-0.0281582
-0.0464753
-0.0714982
-0.0994202
-0.112346
-0.106211
-0.0990551
-0.0964089
-0.0970136
-0.0981038
-0.0982229
0.0088334
0.00876779
0.00846414
0.00776302
0.0062675
0.00355359
-0.000682048
-0.00667097
-0.0148442
-0.0263868
-0.0438758
-0.0685956
-0.0948526
-0.103364
-0.0959379
-0.091074
-0.0910253
-0.0928462
-0.0940479
-0.0941172
0.00283687
0.00275869
0.00252303
0.0021085
0.00128425
-0.000337312
-0.00311158
-0.00732056
-0.0134858
-0.0224716
-0.0361451
-0.0553101
-0.074052
-0.0771241
-0.072041
-0.0700711
-0.0726817
-0.0752158
-0.076323
-0.0764618
-0.000525642
-0.000602972
-0.000773828
-0.00101456
-0.00144289
-0.00234458
-0.00401398
-0.00671162
-0.0107164
-0.0164329
-0.0244096
-0.034625
-0.0433445
-0.0419242
-0.0396849
-0.0420809
-0.0460926
-0.0485097
-0.0493104
-0.0496054
-0.00186386
-0.00193745
-0.00206085
-0.00221662
-0.00242235
-0.00285482
-0.00374261
-0.00518816
-0.00726424
-0.00968095
-0.0114153
-0.011165
-0.00971704
-0.00659411
-0.00649591
-0.0119852
-0.0165156
-0.0184422
-0.0189293
-0.0194846
-0.00192563
-0.00198827
-0.00207321
-0.00217268
-0.00226186
-0.00243685
-0.0028215
-0.00341018
-0.00397246
-0.00368818
-0.000109103
0.00970548
0.0230359
0.0316078
0.023554
0.0146323
0.0098049
0.00862246
0.0082119
0.0072404
-0.00138305
-0.00143679
-0.0014925
-0.00154955
-0.0015707
-0.00163041
-0.00177175
-0.00182172
-0.00151338
0.000288678
0.00660167
0.0213854
0.0414284
0.0485032
0.0368711
0.0274751
0.0243977
0.0248694
0.0245933
0.0234079
-0.000721649
-0.000772656
-0.000814029
-0.000848578
-0.000845955
-0.000803743
-0.000872863
-0.00076725
-0.000233198
0.00150906
0.00703328
0.0203723
0.0388487
0.0434325
0.0320072
0.0257164
0.0255982
0.0265508
0.0264809
0.0248426
-0.000455972
-0.00048662
-0.000500542
-0.000534862
-0.000545595
-0.000442147
-0.000467492
-0.00014654
0.000528811
0.00262295
0.00921589
0.0216638
0.0315432
0.0267185
0.0202817
0.0176593
0.0192428
0.0202781
0.0193609
0.00506899
-0.382631
-0.0382083
0.182373
0.373034
0.527247
0.650437
0.749144
0.833144
0.894034
0.889716
0.1193
0.272447
0.414416
0.536857
0.6416
0.729089
0.801163
0.857141
0.891149
0.903639
0.384345
0.481345
0.575692
0.660632
0.734475
0.797248
0.848699
0.887964
0.915794
0.934775
0.565311
0.630255
0.698121
0.760713
0.814618
0.86105
0.899854
0.93116
0.956269
0.974257
0.702922
0.749469
0.801692
0.847886
0.889488
0.926038
0.957658
0.984344
1.00655
1.02207
0.814696
0.852202
0.892969
0.929977
0.964381
0.995554
1.02317
1.04684
1.06657
1.07942
0.91221
0.944547
0.979348
1.01262
1.04385
1.07262
1.09827
1.12013
1.13793
1.14839
1.00319
1.03442
1.0686
1.10186
1.13281
1.16107
1.18594
1.20675
1.22295
1.23154
1.09791
1.13266
1.16942
1.2048
1.23667
1.26488
1.28903
1.30876
1.32355
1.33151
1.21068
1.25099
1.2902
1.32698
1.35874
1.38579
1.40835
1.42657
1.44024
1.44932
1.35448
1.39715
1.43479
1.46846
1.49645
1.52022
1.54082
1.55822
1.57206
1.58319
1.53232
1.5699
1.5979
1.62223
1.64324
1.66252
1.68076
1.69791
1.7138
1.72831
1.73
1.75102
1.76591
1.7817
1.79797
1.81327
1.82698
1.84024
1.85573
1.87409
1.92059
1.92777
1.93831
1.94985
1.95977
1.96896
1.97921
1.9903
2.00191
2.01078
2.13363
2.1354
2.12747
2.11096
2.0998
2.09924
2.11139
2.13599
2.17011
2.19464
2.55327
2.35938
2.25833
2.20046
2.17133
2.1647
2.17989
2.22071
2.29656
2.43951
-0.38007
-0.384493
-0.344795
-0.27185
-0.182491
-0.0837213
0.811054
0.878786
0.875895
0.795894
0.72458
0.652522
0.422566
0.198381
-0.0728273
-0.430741
-0.78235
)
;

boundaryField
{
    wall-4
    {
        type            zeroGradient;
    }
    pressure-outlet-7
    {
        type            fixedValue;
        value           uniform 0;
    }
    velocity-inlet-6
    {
        type            zeroGradient;
    }
    velocity-inlet-5
    {
        type            zeroGradient;
    }
    frontAndBackPlanes
    {
        type            empty;
    }
}


// ************************************************************************* //
