/*--------------------------------*- C++ -*----------------------------------*\
  =========                 |
  \\      /  F ield         | OpenFOAM: The Open Source CFD Toolbox
   \\    /   O peration     | Website:  https://openfoam.org
    \\  /    A nd           | Version:  9
     \\/     M anipulation  |
\*---------------------------------------------------------------------------*/
FoamFile
{
    format      ascii;
    class       volScalarField;
    location    "27";
    object      p;
}
// * * * * * * * * * * * * * * * * * * * * * * * * * * * * * * * * * * * * * //

dimensions      [0 2 -2 0 0 0 0];

internalField   nonuniform List<scalar> 
8800
(
0.612599
0.56481
0.526117
0.497116
0.476242
0.461393
0.450769
0.44325
0.438374
0.436229
0.43738
0.44146
0.448011
0.457254
0.469982
0.487679
0.512431
0.546353
0.588887
0.647586
0.443859
0.451537
0.459003
0.462308
0.460798
0.455708
0.449205
0.4431
0.438327
0.435404
0.435014
0.437395
0.441777
0.447635
0.454338
0.460569
0.464175
0.463419
0.457974
0.44927
0.422281
0.428442
0.432568
0.435507
0.437548
0.438137
0.437005
0.434859
0.432778
0.431767
0.432598
0.434853
0.437545
0.439639
0.440178
0.438927
0.436543
0.433119
0.428546
0.42478
0.416509
0.41916
0.421912
0.424313
0.425943
0.42709
0.427805
0.427879
0.42751
0.427343
0.42795
0.428979
0.429692
0.429651
0.428956
0.427796
0.425926
0.423312
0.420884
0.419379
0.411182
0.412608
0.414394
0.416432
0.418217
0.419548
0.42051
0.421256
0.421788
0.422224
0.422703
0.423026
0.422975
0.42256
0.421753
0.420412
0.418639
0.416728
0.415388
0.414558
0.406178
0.407099
0.408355
0.409939
0.411585
0.413113
0.414382
0.415401
0.416272
0.417013
0.417498
0.417617
0.417386
0.416776
0.415744
0.414413
0.412977
0.411632
0.41077
0.410223
0.401377
0.402045
0.403031
0.404367
0.405804
0.40728
0.408718
0.410005
0.411108
0.412038
0.412613
0.412718
0.412382
0.411643
0.410634
0.409511
0.408348
0.407311
0.406681
0.406284
0.396743
0.397255
0.398074
0.399261
0.400591
0.401998
0.403457
0.404907
0.406239
0.407367
0.408077
0.408217
0.407861
0.407174
0.406307
0.405345
0.404366
0.403531
0.403044
0.402742
0.392232
0.392631
0.393329
0.394411
0.395683
0.39705
0.398499
0.400008
0.401506
0.402863
0.403744
0.403995
0.403773
0.403248
0.402541
0.401727
0.400897
0.400219
0.39984
0.399604
0.387792
0.388106
0.388722
0.389753
0.391003
0.392365
0.39384
0.395415
0.397055
0.398641
0.399761
0.400227
0.400211
0.399869
0.39932
0.398645
0.397926
0.397362
0.397065
0.39688
0.383401
0.383646
0.384201
0.3852
0.386446
0.387844
0.389404
0.391097
0.39289
0.394707
0.396154
0.396944
0.397178
0.397014
0.396608
0.396069
0.395466
0.395004
0.394776
0.394632
0.379013
0.3792
0.379715
0.380713
0.381988
0.383441
0.385084
0.386957
0.389042
0.391223
0.393044
0.394131
0.394611
0.394678
0.394466
0.394059
0.393565
0.393187
0.393018
0.392908
0.374613
0.374739
0.37521
0.376196
0.377493
0.378993
0.380716
0.38271
0.385011
0.387587
0.3899
0.391481
0.392393
0.392807
0.392843
0.392645
0.392292
0.39202
0.391915
0.391839
0.370247
0.370324
0.370755
0.371724
0.373058
0.374649
0.376544
0.378831
0.381543
0.384651
0.387558
0.389654
0.390956
0.391682
0.392022
0.392028
0.391864
0.391722
0.391678
0.391627
0.365768
0.36582
0.366193
0.367084
0.368378
0.370008
0.372042
0.374586
0.37774
0.381501
0.385159
0.387923
0.389832
0.391054
0.391762
0.392148
0.392294
0.392342
0.392358
0.392313
0.360728
0.360774
0.361128
0.361981
0.363308
0.365067
0.367363
0.370331
0.374087
0.378672
0.383249
0.386827
0.389349
0.391096
0.392309
0.393068
0.393501
0.393724
0.393788
0.393741
0.354832
0.354874
0.355236
0.356126
0.35758
0.359575
0.362237
0.365756
0.370309
0.375948
0.381648
0.386191
0.389504
0.391869
0.393536
0.394672
0.395407
0.395789
0.395889
0.395834
0.34776
0.347802
0.348234
0.349228
0.350898
0.353243
0.35642
0.36068
0.366238
0.373191
0.380293
0.386005
0.39022
0.393279
0.395484
0.397036
0.398066
0.398588
0.398716
0.39865
0.339164
0.339212
0.339736
0.340956
0.34298
0.345844
0.349762
0.355047
0.361952
0.370572
0.379368
0.38646
0.391706
0.395536
0.398323
0.400311
0.401618
0.402249
0.402408
0.402334
0.328676
0.328727
0.329392
0.330926
0.33346
0.337048
0.341976
0.348601
0.357226
0.367934
0.378799
0.387508
0.393978
0.398735
0.402191
0.404672
0.40627
0.407028
0.407224
0.407139
0.315807
0.315859
0.316696
0.318677
0.321952
0.326567
0.332867
0.341276
0.352107
0.365397
0.378747
0.389419
0.397324
0.403089
0.407392
0.410391
0.412306
0.413206
0.413445
0.413346
0.299932
0.299982
0.301055
0.303653
0.307962
0.313993
0.322157
0.332908
0.346531
0.362985
0.379305
0.39226
0.401847
0.408886
0.414053
0.417678
0.419958
0.421052
0.421342
0.421224
0.280072
0.280143
0.281581
0.285042
0.290791
0.298814
0.309514
0.323354
0.340521
0.360818
0.38062
0.396218
0.407755
0.416238
0.422432
0.426781
0.429504
0.430819
0.431156
0.431011
0.254513
0.254635
0.256694
0.261564
0.269477
0.280367
0.294631
0.312572
0.334186
0.35907
0.382878
0.401452
0.415168
0.425279
0.432669
0.43787
0.441148
0.442711
0.443085
0.442905
0.220273
0.220547
0.223892
0.231357
0.242874
0.258127
0.277394
0.3007
0.327775
0.358004
0.386295
0.408125
0.424214
0.43611
0.444859
0.451073
0.455001
0.456831
0.457226
0.456997
0.17157
0.172771
0.179528
0.192343
0.210101
0.232012
0.258132
0.288199
0.321727
0.357946
0.391064
0.416323
0.434899
0.448695
0.458951
0.466351
0.471041
0.473157
0.473547
0.473257
0.0992118
0.107045
0.122657
0.145353
0.172515
0.203335
0.237837
0.275706
0.316434
0.359251
0.397686
0.426785
0.448228
0.464305
0.476486
0.485493
0.491344
0.494073
0.49464
0.494439
0.0215573
0.0395232
0.0647547
0.0977695
0.134599
0.174516
0.217526
0.263439
0.31184
0.362088
0.406968
0.441045
0.466357
0.485574
0.500441
0.51184
0.51927
0.522844
0.523908
0.5239
-0.0421264
-0.0212644
0.0117957
0.0533036
0.0987004
0.147098
0.198279
0.252013
0.307873
0.365219
0.416118
0.454694
0.483417
0.505345
0.522331
0.53522
0.544123
0.548573
0.549369
0.549469
-0.0940409
-0.0713363
-0.0331362
0.0144032
0.0665206
0.121984
0.180326
0.24115
0.303917
0.367887
0.424273
0.466785
0.498322
0.522298
0.540859
0.55497
0.564948
0.569635
0.57059
0.570789
-0.137085
-0.113353
-0.0715967
-0.0192916
0.0381828
0.0994296
0.163857
0.230919
0.299891
0.369866
0.431178
0.477077
0.510894
0.536486
0.556203
0.571189
0.581645
0.586806
0.588113
0.588341
-0.173886
-0.149547
-0.105102
-0.0490696
0.0128785
0.079027
0.148705
0.221245
0.29578
0.37118
0.436907
0.485753
0.521453
0.548257
0.568755
0.584295
0.594915
0.600439
0.601967
0.602202
-0.206367
-0.181636
-0.135107
-0.0759597
-0.0102618
0.0601288
0.134438
0.211884
0.291466
0.371855
0.441637
0.493134
0.530437
0.55816
0.579136
0.594903
0.605646
0.611294
0.612919
0.613102
-0.235953
-0.210868
-0.162633
-0.100813
-0.031884
0.0422164
0.120647
0.20254
0.286781
0.371858
0.445502
0.499503
0.538284
0.566796
0.588133
0.603999
0.614775
0.620466
0.622199
0.622359
-0.26351
-0.238105
-0.188367
-0.124284
-0.0525034
0.0248848
0.107013
0.192971
0.281564
0.371117
0.448547
0.505059
0.545309
0.574629
0.596358
0.612367
0.623156
0.628807
0.630623
0.630793
-0.289753
-0.263969
-0.212857
-0.146786
-0.072472
0.00784625
0.0933135
0.183001
0.275673
0.369552
0.45077
0.509882
0.551742
0.58199
0.604192
0.620388
0.631217
0.636767
0.638562
0.638757
-0.314967
-0.288776
-0.236564
-0.168608
-0.0920227
-0.00908098
0.0794022
0.172514
0.269015
0.367098
0.452174
0.51409
0.557768
0.589101
0.611907
0.62839
0.639295
0.644787
0.646458
0.64659
-0.3395
-0.312772
-0.259576
-0.189924
-0.111326
-0.0260277
0.0651905
0.161441
0.261531
0.363709
0.452764
0.517714
0.56343
0.596061
0.619633
0.636515
0.647537
0.652969
0.65448
0.654526
-0.363417
-0.336292
-0.282019
-0.210857
-0.130454
-0.0430413
0.0506402
0.149757
0.253199
0.35935
0.452449
0.520669
0.568737
0.602904
0.627409
0.644784
0.65593
0.661265
0.662642
0.662572
-0.386805
-0.35916
-0.303996
-0.231452
-0.149425
-0.0601266
0.0357555
0.137465
0.244005
0.353939
0.451109
0.52288
0.573635
0.609625
0.635239
0.65318
0.664428
0.669599
0.670799
0.670633
-0.40975
-0.381543
-0.325487
-0.251705
-0.16824
-0.0772628
0.0205752
0.1246
0.233946
0.347436
0.448672
0.524222
0.57803
0.61619
0.643125
0.661681
0.67298
0.677878
0.678861
0.67862
-0.43225
-0.403427
-0.3465
-0.271591
-0.186843
-0.0943979
0.00515865
0.111214
0.223069
0.339841
0.445045
0.524532
0.581772
0.622549
0.651101
0.670299
0.681484
0.685982
0.686711
0.686404
-0.45413
-0.424735
-0.366988
-0.29107
-0.205185
-0.111455
-0.0104223
0.0974013
0.211455
0.331188
0.440141
0.523647
0.584654
0.628592
0.659243
0.679172
0.689946
0.693762
0.694169
0.693813
-0.475358
-0.445419
-0.386913
-0.31008
-0.223202
-0.128368
-0.0260651
0.083253
0.199194
0.32151
0.433923
0.521395
0.586423
0.634109
0.667627
0.68867
0.69864
0.701159
0.701058
0.700696
-0.495993
-0.465439
-0.406236
-0.328581
-0.240825
-0.145047
-0.0416763
0.0688793
0.186386
0.310895
0.426369
0.517636
0.58677
0.63871
0.676146
0.699387
0.708545
0.708678
0.707302
0.70707
-0.515864
-0.484772
-0.424899
-0.346502
-0.257992
-0.161408
-0.0571596
0.0543948
0.17316
0.299461
0.41751
0.512258
0.585389
0.64178
0.684219
0.711631
0.721625
0.71897
0.714399
0.713188
-0.535055
-0.50341
-0.442922
-0.363871
-0.274735
-0.177498
-0.0725737
0.0397385
0.159448
0.287138
0.407222
0.505007
0.58196
0.642514
0.69056
0.724516
0.739259
0.738055
0.727524
0.709433
-0.553497
-0.521349
-0.460428
-0.380876
-0.291345
-0.193653
-0.0883359
0.0244211
0.144697
0.273256
0.394814
0.49501
0.575775
0.639686
0.692353
0.733671
0.753989
0.746462
0.732136
0.712038
-0.571027
-0.538734
-0.477235
-0.397273
-0.307529
-0.209523
-0.104217
0.00877651
0.129233
0.258126
0.380466
0.481992
0.566359
0.6325
0.684398
0.72655
0.748562
0.732964
0.661387
0.626597
-0.587004
-0.556693
-0.493003
-0.412475
-0.322576
-0.22463
-0.119927
-0.00697243
0.113277
0.241893
0.36419
0.465824
0.552744
0.621296
0.663224
0.695408
0.701452
0.652696
0.579524
0.533588
-0.642491
-0.572304
-0.507433
-0.427727
-0.337911
-0.240355
-0.135527
-0.0230893
0.0964921
0.224159
0.34549
0.446169
0.531925
0.607589
0.610544
0.626805
0.594446
0.529982
0.451316
0.40686
-0.603687
-0.587906
-0.528366
-0.449397
-0.360135
-0.262933
-0.159167
-0.0476774
0.0704719
0.196001
0.314268
0.411864
0.489019
0.563348
0.563014
0.456133
0.349927
0.276909
0.201533
0.238389
-0.634307
-0.605377
-0.545154
-0.466515
-0.377431
-0.280593
-0.176719
-0.0660308
0.0508107
0.174168
0.289119
0.382403
0.452026
0.491437
0.446155
0.298677
0.165735
0.0715056
-0.0319398
0.0252774
-0.657871
-0.625914
-0.564623
-0.485652
-0.396586
-0.29992
-0.196264
-0.0865663
0.0286625
0.14933
0.260262
0.347858
0.407738
0.416638
0.310432
0.127567
-0.0352801
-0.161512
-0.301012
-0.260255
-0.680791
-0.647313
-0.584922
-0.50515
-0.415942
-0.319438
-0.216382
-0.107789
0.00565602
0.12333
0.229514
0.310784
0.356323
0.330812
0.168702
-0.0422911
-0.249334
-0.436807
-0.642454
-0.645264
-0.702904
-0.66916
-0.605939
-0.525474
-0.436092
-0.339805
-0.237451
-0.130061
-0.0186217
0.0957421
0.196644
0.270889
0.299307
0.238907
0.0332466
-0.195279
-0.434883
-0.650892
-0.92133
-1.25709
-0.725224
-0.691596
-0.627925
-0.547005
-0.457439
-0.361319
-0.259592
-0.153418
-0.0440595
0.0668169
0.162279
0.228681
0.239775
0.128143
-0.0847324
-0.313707
-0.542789
-0.738568
-0.813925
-0.922755
-0.748558
-0.715038
-0.651179
-0.57006
-0.480435
-0.384568
-0.283552
-0.178751
-0.0717653
0.0351686
0.124777
0.181768
0.168343
0.0156061
-0.188874
-0.398426
-0.5806
-0.687144
-0.711365
-0.731605
-0.773236
-0.739804
-0.675844
-0.594695
-0.505176
-0.409713
-0.309628
-0.206483
-0.102267
0.000119022
0.0834121
0.12894
0.0924975
-0.0877889
-0.28307
-0.466862
-0.608177
-0.656297
-0.67148
-0.673905
-0.799459
-0.765983
-0.70196
-0.620865
-0.531575
-0.436716
-0.337785
-0.236604
-0.135576
-0.0383195
0.0380396
0.0702807
0.0156789
-0.184951
-0.370562
-0.535191
-0.634194
-0.647131
-0.649942
-0.650167
-0.827203
-0.793641
-0.729524
-0.648521
-0.559594
-0.465505
-0.367959
-0.269052
-0.171617
-0.0800045
-0.0114026
0.00858921
-0.076879
-0.274649
-0.452239
-0.590316
-0.630851
-0.638386
-0.639353
-0.638635
-0.856157
-0.822403
-0.758407
-0.677531
-0.589089
-0.495955
-0.400034
-0.303703
-0.210277
-0.124739
-0.0644372
-0.0571433
-0.175822
-0.359909
-0.521784
-0.624076
-0.628542
-0.630695
-0.631934
-0.63161
-0.885743
-0.85197
-0.788268
-0.707631
-0.61981
-0.527821
-0.433755
-0.340303
-0.251244
-0.172261
-0.119896
-0.132914
-0.265027
-0.437059
-0.584556
-0.619634
-0.633673
-0.629742
-0.62683
-0.625927
-0.91554
-0.881983
-0.818518
-0.738384
-0.651344
-0.56069
-0.468717
-0.378427
-0.294022
-0.221943
-0.177265
-0.20672
-0.353229
-0.502447
-0.630446
-0.670013
-0.645582
-0.628797
-0.621712
-0.619022
-0.944638
-0.911566
-0.848561
-0.76913
-0.683088
-0.593977
-0.504318
-0.417422
-0.337917
-0.272759
-0.237283
-0.280375
-0.444455
-0.553272
-0.64271
-0.656067
-0.644486
-0.631157
-0.623744
-0.621023
-0.971766
-0.939388
-0.877552
-0.79903
-0.714207
-0.626868
-0.539722
-0.456352
-0.38195
-0.323782
-0.296954
-0.351453
-0.535682
-0.634882
-0.575508
-0.628723
-0.679293
-0.701415
-0.700753
-0.696878
-0.995548
-0.964309
-0.904213
-0.826962
-0.743684
-0.658316
-0.573835
-0.494023
-0.424682
-0.374048
-0.352492
-0.428458
-0.630542
-0.820609
-0.854329
-0.857786
-0.874952
-0.893494
-0.886819
-0.876934
-1.01426
-0.984845
-0.926901
-0.851605
-0.77025
-0.687064
-0.605266
-0.528974
-0.464257
-0.421108
-0.404546
-0.507892
-0.735003
-1.03188
-1.40294
-1.13795
-1.04636
-1.03994
-1.03992
-1.04041
-1.02618
-0.999314
-0.944273
-0.87141
-0.792371
-0.711614
-0.632454
-0.559367
-0.49857
-0.461551
-0.457253
-0.57805
-0.769674
-0.755042
-0.513588
-0.795423
-1.13388
-1.17642
-1.15663
-1.15131
-1.02931
-1.00605
-0.954742
-0.884917
-0.808539
-0.730379
-0.653694
-0.58287
-0.525251
-0.492647
-0.503212
-0.635394
-0.789545
-0.691942
-0.587352
-0.918565
-1.17326
-1.17848
-1.12975
-1.15775
-1.02254
-1.00332
-0.956752
-0.890889
-0.817511
-0.741906
-0.667172
-0.597467
-0.540595
-0.510429
-0.531259
-0.716875
-1.18823
-1.95441
-2.66899
-3.11974
-2.9156
-2.43116
-1.99379
-1.86412
-1.00427
-0.988963
-0.94919
-0.888507
-0.818519
-0.745242
-0.671559
-0.601452
-0.541338
-0.505008
-0.522178
-0.740327
-1.37423
-2.275
-2.98118
-3.32429
-3.23555
-2.93317
-2.55875
-2.34345
-0.975692
-0.964943
-0.932313
-0.878009
-0.811626
-0.740322
-0.666566
-0.593507
-0.526174
-0.471836
-0.462785
-0.537626
-0.806345
-1.06284
-1.27164
-1.22326
-0.993329
-0.72806
-0.507132
-0.391649
-0.940226
-0.933678
-0.908904
-0.861262
-0.798427
-0.728346
-0.653441
-0.575122
-0.495929
-0.418134
-0.339488
-0.22182
-0.0483602
0.319152
0.778091
1.23696
1.6021
1.84131
1.96165
2.0001
-0.902511
-0.89886
-0.88271
-0.841577
-0.781796
-0.71227
-0.635154
-0.551614
-0.459093
-0.356374
-0.22948
-0.0903049
0.241534
0.829243
1.49138
2.08611
2.52587
2.77914
2.89009
2.92192
-0.867381
-0.865198
-0.855914
-0.822748
-0.766154
-0.695726
-0.616547
-0.528509
-0.431802
-0.318218
-0.192483
-0.050391
0.148319
0.623883
1.18859
1.6811
2.03503
2.23805
2.32914
2.35625
-0.833364
-0.832181
-0.829098
-0.805795
-0.75252
-0.680701
-0.600186
-0.512643
-0.417705
-0.308724
-0.195761
-0.0772992
0.050364
0.344863
0.761225
1.11062
1.37129
1.52871
1.60594
1.62941
-0.811889
-0.812035
-0.811971
-0.792273
-0.737379
-0.663473
-0.583119
-0.49917
-0.409803
-0.311662
-0.214926
-0.125198
-0.0409578
0.125573
0.40254
0.649888
0.835036
0.945082
0.99411
1.00651
-0.782571
-0.785694
-0.78731
-0.767137
-0.709715
-0.635862
-0.559264
-0.48244
-0.402725
-0.318483
-0.240423
-0.178219
-0.118325
-0.0189523
0.162256
0.325678
0.444669
0.513563
0.544493
0.551789
-0.703575
-0.707591
-0.708936
-0.691609
-0.645836
-0.585848
-0.522931
-0.459161
-0.392845
-0.323565
-0.263584
-0.223919
-0.190094
-0.124377
-0.00140943
0.104443
0.179884
0.221206
0.238603
0.240691
-0.581302
-0.583226
-0.583691
-0.574743
-0.550826
-0.516566
-0.475869
-0.430163
-0.379595
-0.325145
-0.281167
-0.26054
-0.250432
-0.206922
-0.118456
-0.0428864
0.00614941
0.0321197
0.0423804
0.0424742
-0.469231
-0.46963
-0.470207
-0.469048
-0.462971
-0.450089
-0.429384
-0.40046
-0.364059
-0.321883
-0.287677
-0.274828
-0.279005
-0.244995
-0.183014
-0.131584
-0.0986332
-0.0817417
-0.0753361
-0.0756549
-0.398194
-0.398249
-0.399409
-0.402015
-0.403848
-0.401549
-0.39242
-0.374865
-0.34863
-0.314691
-0.283692
-0.266885
-0.262513
-0.231297
-0.187574
-0.158866
-0.142287
-0.134268
-0.131496
-0.13214
-0.363694
-0.36385
-0.365107
-0.368104
-0.371202
-0.371894
-0.36764
-0.356217
-0.335621
-0.305381
-0.272278
-0.243999
-0.220168
-0.195998
-0.170662
-0.156939
-0.14857
-0.143389
-0.14136
-0.142458
-0.351471
-0.351577
-0.352416
-0.354646
-0.35699
-0.357597
-0.354485
-0.344994
-0.326721
-0.298362
-0.262466
-0.224973
-0.183605
-0.157767
-0.153936
-0.149184
-0.142728
-0.136484
-0.133413
-0.134809
-0.353529
-0.353346
-0.353445
-0.354472
-0.355556
-0.355109
-0.351376
-0.341835
-0.323785
-0.295102
-0.259121
-0.222516
-0.18109
-0.159605
-0.156317
-0.147408
-0.136826
-0.128809
-0.125116
-0.126916
-0.368417
-0.367909
-0.36731
-0.367134
-0.366671
-0.364533
-0.359077
-0.348108
-0.328011
-0.29796
-0.264148
-0.237167
-0.213602
-0.199197
-0.188748
-0.169433
-0.14805
-0.13297
-0.127304
-0.130516
-0.396883
-0.396055
-0.394716
-0.393599
-0.391677
-0.387637
-0.380048
-0.366747
-0.343548
-0.309671
-0.275421
-0.257481
-0.254857
-0.260442
-0.23681
-0.206627
-0.185844
-0.17522
-0.171673
-0.171915
-0.438856
-0.437877
-0.436426
-0.434594
-0.431682
-0.426559
-0.417865
-0.403007
-0.376862
-0.337113
-0.294045
-0.269129
-0.28288
-0.290172
-0.259387
-0.224344
-0.200262
-0.191616
-0.189222
-0.189612
-0.495531
-0.494417
-0.492895
-0.490983
-0.488312
-0.484318
-0.477907
-0.466192
-0.44348
-0.400899
-0.337651
-0.282274
-0.27754
-0.282124
-0.251316
-0.216551
-0.190846
-0.176292
-0.176474
-0.177097
-0.56602
-0.565055
-0.564079
-0.563266
-0.563093
-0.564257
-0.567178
-0.570527
-0.56935
-0.541105
-0.450296
-0.345987
-0.308108
-0.297719
-0.255727
-0.203007
-0.164166
-0.149525
-0.149926
-0.149473
-0.646135
-0.645807
-0.646303
-0.648345
-0.653979
-0.666285
-0.689497
-0.72831
-0.781315
-0.798261
-0.671842
-0.497513
-0.410253
-0.365308
-0.283874
-0.199266
-0.129191
-0.107226
-0.114741
-0.116396
-0.725253
-0.726109
-0.729047
-0.735834
-0.750805
-0.780652
-0.83647
-0.935362
-1.083
-1.18006
-1.02119
-0.746249
-0.586967
-0.491298
-0.358935
-0.232294
-0.154424
-0.133965
-0.13938
-0.143611
-0.785797
-0.788163
-0.794042
-0.806625
-0.832777
-0.883454
-0.978846
-1.15391
-1.42498
-1.63085
-1.42968
-1.04926
-0.82021
-0.663946
-0.492854
-0.353513
-0.286972
-0.283535
-0.286436
-0.290407
-0.80703
-0.810816
-0.819165
-0.836652
-0.872314
-0.940657
-1.06748
-1.30627
-1.67948
-1.97137
-1.75904
-1.31612
-1.03649
-0.85161
-0.652633
-0.545119
-0.5098
-0.503513
-0.502594
-0.504799
-0.77344
-0.777583
-0.786667
-0.805948
-0.8452
-0.920014
-1.05946
-1.32144
-1.72741
-2.05734
-1.87345
-1.44837
-1.19979
-1.01571
-0.858023
-0.754038
-0.734921
-0.732166
-0.731591
-0.733735
-0.682249
-0.685935
-0.693986
-0.711151
-0.746476
-0.814316
-0.943284
-1.1829
-1.53817
-1.80714
-1.67579
-1.38214
-1.25242
-1.17067
-1.11718
-1.02745
-0.987161
-0.969796
-0.962152
-0.961656
-0.547877
-0.55032
-0.555837
-0.568322
-0.594846
-0.646505
-0.745244
-0.929523
-1.19643
-1.36391
-1.28231
-1.17436
-1.14738
-1.3163
-1.42411
-1.30035
-1.20265
-1.15254
-1.12824
-1.12032
-0.393892
-0.395051
-0.397783
-0.404869
-0.421059
-0.453591
-0.516766
-0.63776
-0.826352
-0.950132
-0.916669
-0.878922
-0.947031
-1.1686
-1.37192
-1.26589
-1.16281
-1.10646
-1.07826
-1.06824
-0.245247
-0.24526
-0.245866
-0.248607
-0.256101
-0.272093
-0.304165
-0.368417
-0.484838
-0.588583
-0.595636
-0.572236
-0.575505
-0.719076
-0.881359
-0.863115
-0.819979
-0.795084
-0.782456
-0.776527
-0.118606
-0.118073
-0.117903
-0.118533
-0.120703
-0.125733
-0.136401
-0.158528
-0.204213
-0.271012
-0.256066
-0.209069
-0.218331
-0.30749
-0.394797
-0.409042
-0.404967
-0.402502
-0.402172
-0.401455
-0.0193701
-0.0191705
-0.018117
-0.0169246
-0.0162525
-0.0162607
-0.0166452
-0.0174173
-0.018695
-0.0170099
-0.0438966
-0.0618838
-0.0511984
-0.0428238
-0.0587643
-0.0602772
-0.0627696
-0.0656044
-0.0665447
-0.0645615
-0.391361
-0.201036
0.0203634
0.20793
0.359232
0.480207
0.581462
0.666924
0.70511
0.682369
-0.0451644
0.0899987
0.233679
0.357991
0.463322
0.551113
0.622279
0.672809
0.698591
0.710307
0.198887
0.290679
0.38798
0.474342
0.54885
0.611271
0.66085
0.697037
0.722861
0.74044
0.374713
0.438665
0.506801
0.569199
0.623389
0.669332
0.706928
0.73674
0.760801
0.778845
0.509642
0.556284
0.605791
0.652981
0.694581
0.73077
0.761596
0.787075
0.808251
0.825939
0.619785
0.654809
0.695219
0.732954
0.767439
0.798206
0.824974
0.847347
0.865724
0.883003
0.715951
0.745917
0.781488
0.814954
0.846066
0.87421
0.898729
0.919017
0.934889
0.951949
0.806824
0.836826
0.871814
0.904684
0.935014
0.962225
0.985592
1.00445
1.01808
1.03513
0.903579
0.937186
0.974455
1.00857
1.03909
1.06567
1.08795
1.10547
1.11753
1.13495
1.01956
1.05744
1.0965
1.13114
1.16077
1.18577
1.20634
1.22239
1.23398
1.25207
1.16514
1.20389
1.24005
1.27091
1.29676
1.319
1.33818
1.3538
1.36631
1.38433
1.34021
1.37215
1.39845
1.42096
1.44103
1.45984
1.47762
1.49416
1.50956
1.52764
1.52901
1.54633
1.56151
1.57782
1.59378
1.60836
1.6216
1.63557
1.65314
1.67331
1.71107
1.7205
1.73207
1.74291
1.75223
1.76185
1.77269
1.78409
1.79547
1.81084
1.9182
1.9219
1.90698
1.89218
1.88595
1.89166
1.91015
1.94048
1.97268
1.99934
2.22454
2.08968
2.01307
1.97077
1.95337
1.95733
1.98476
2.04117
2.1438
2.36817
0.503196
0.501065
0.496579
0.487949
0.475718
0.463577
0.45333
0.445404
0.439733
0.436398
0.435927
0.438535
0.443527
0.450662
0.459982
0.471472
0.484085
0.495094
0.501194
0.504238
0.427661
0.433506
0.439844
0.444332
0.446794
0.446458
0.443702
0.439861
0.436297
0.433949
0.433677
0.435739
0.439282
0.443473
0.447206
0.449033
0.448054
0.444539
0.439349
0.432717
0.419268
0.421564
0.424966
0.42796
0.43003
0.431516
0.43225
0.431899
0.430813
0.429834
0.429872
0.431149
0.432833
0.434027
0.434117
0.433157
0.431552
0.429172
0.425879
0.422947
0.413796
0.414882
0.416717
0.4191
0.421125
0.422547
0.423549
0.424261
0.424597
0.424714
0.42505
0.425683
0.426123
0.426056
0.425534
0.424593
0.423049
0.420902
0.41877
0.417373
0.408653
0.409315
0.410428
0.412143
0.413933
0.415566
0.416848
0.417825
0.418632
0.419302
0.419853
0.420195
0.420199
0.419868
0.419159
0.417982
0.416452
0.414824
0.413448
0.412654
0.403752
0.404208
0.405005
0.406329
0.407842
0.409376
0.410842
0.412112
0.413176
0.414097
0.414801
0.415115
0.41502
0.414527
0.413636
0.412478
0.411208
0.409955
0.408963
0.408433
0.399044
0.399383
0.400008
0.401116
0.402454
0.403862
0.405318
0.406751
0.408055
0.409179
0.410034
0.410423
0.410296
0.409731
0.408873
0.407874
0.406829
0.405803
0.405037
0.404646
0.394477
0.394734
0.395243
0.396209
0.397442
0.398788
0.400207
0.401684
0.403161
0.404519
0.405569
0.40605
0.405956
0.405473
0.40476
0.403917
0.403019
0.402171
0.401564
0.401266
0.390007
0.390204
0.390629
0.391502
0.392682
0.393998
0.395405
0.396902
0.398459
0.399994
0.401267
0.401941
0.402038
0.401743
0.401199
0.400505
0.399736
0.399021
0.398536
0.398307
0.385593
0.385741
0.386103
0.386915
0.38807
0.389381
0.390823
0.392389
0.394066
0.395798
0.397335
0.39828
0.398616
0.398527
0.398146
0.397592
0.396954
0.396351
0.395964
0.395789
0.38121
0.381317
0.381632
0.38241
0.38357
0.384916
0.386432
0.388134
0.389998
0.391966
0.393827
0.395136
0.39576
0.395875
0.39566
0.395244
0.394723
0.394218
0.393912
0.393781
0.376808
0.376876
0.377148
0.377903
0.379073
0.380456
0.382014
0.383805
0.385874
0.388189
0.390474
0.392171
0.393133
0.393578
0.393645
0.393434
0.393058
0.392658
0.392433
0.392346
0.372428
0.37246
0.372694
0.373416
0.374592
0.376028
0.377691
0.379657
0.381961
0.384609
0.387402
0.389678
0.391136
0.39194
0.39229
0.392304
0.392106
0.391852
0.391718
0.391672
0.368049
0.368051
0.36825
0.368921
0.37007
0.371539
0.373303
0.375482
0.378155
0.381359
0.38481
0.387689
0.389658
0.390909
0.391588
0.391932
0.392019
0.39197
0.391941
0.391921
0.363342
0.363342
0.363513
0.36412
0.365212
0.366695
0.368583
0.371003
0.374065
0.37785
0.382094
0.385823
0.38849
0.390305
0.39149
0.392235
0.39269
0.392906
0.392998
0.392996
0.357909
0.357891
0.358075
0.358679
0.359814
0.36142
0.363561
0.366399
0.370079
0.374701
0.379953
0.384627
0.38805
0.390485
0.392199
0.393379
0.394133
0.394579
0.394764
0.39477
0.351461
0.351435
0.351645
0.352299
0.353544
0.355364
0.357854
0.361204
0.365622
0.371262
0.377769
0.38365
0.388044
0.39123
0.393512
0.395139
0.396262
0.396939
0.397207
0.39722
0.343673
0.343641
0.343899
0.344691
0.346142
0.348303
0.351311
0.355411
0.360857
0.367832
0.375892
0.383207
0.3887
0.392726
0.395637
0.39775
0.399233
0.400118
0.400448
0.400466
0.334169
0.334122
0.33445
0.335436
0.337233
0.339906
0.34365
0.348761
0.355546
0.364219
0.374205
0.383241
0.390044
0.395012
0.398659
0.401315
0.403188
0.404263
0.404662
0.40469
0.322538
0.322474
0.322894
0.324161
0.326447
0.329839
0.334599
0.341073
0.349611
0.360425
0.372775
0.383889
0.39221
0.398338
0.402826
0.406092
0.40837
0.409661
0.410142
0.410181
0.308216
0.308127
0.308675
0.310319
0.313302
0.317715
0.323874
0.332161
0.342967
0.356473
0.371693
0.385263
0.395405
0.402861
0.408328
0.412325
0.41504
0.416565
0.417152
0.417202
0.290453
0.290342
0.291093
0.293253
0.297177
0.303012
0.311088
0.321809
0.335547
0.352391
0.371047
0.3875
0.399759
0.408785
0.415405
0.420186
0.423436
0.425275
0.425981
0.426036
0.267899
0.267779
0.268883
0.271863
0.277125
0.285028
0.295786
0.309808
0.327333
0.348293
0.371012
0.390784
0.405446
0.416254
0.424182
0.429902
0.433784
0.435995
0.436828
0.436881
0.238308
0.238224
0.239998
0.244381
0.251853
0.262881
0.277535
0.296047
0.318432
0.344381
0.371798
0.395287
0.412609
0.42539
0.434792
0.441602
0.446256
0.448893
0.449853
0.449893
0.197563
0.197666
0.200926
0.208226
0.21975
0.235863
0.256225
0.280756
0.309189
0.340987
0.373663
0.401185
0.421352
0.436248
0.44727
0.455332
0.460895
0.463998
0.46506
0.465075
0.137917
0.139242
0.147172
0.160859
0.179939
0.204108
0.232439
0.264606
0.300187
0.338533
0.376841
0.408557
0.431647
0.448723
0.461458
0.470899
0.477493
0.481098
0.48223
0.482204
0.0664816
0.0686293
0.0836767
0.107402
0.137013
0.170654
0.207751
0.248125
0.291452
0.33714
0.382151
0.419264
0.446416
0.466695
0.482006
0.493496
0.501673
0.506147
0.507373
0.507424
-0.00699595
-4.83118e-05
0.0221797
0.0558341
0.0951879
0.138033
0.18383
0.232426
0.283544
0.336675
0.38854
0.431196
0.462489
0.486074
0.504203
0.518128
0.528026
0.532697
0.534457
0.534861
-0.065868
-0.057031
-0.0301176
0.010277
0.0571866
0.107808
0.161376
0.217591
0.276069
0.336241
0.394524
0.442204
0.477105
0.503394
0.523582
0.53904
0.550047
0.555919
0.558573
0.559122
-0.11376
-0.104369
-0.0739815
-0.0286946
0.0239672
0.0808001
0.140868
0.203731
0.268842
0.335473
0.399602
0.451737
0.489676
0.518103
0.539871
0.556599
0.56864
0.575391
0.57841
0.579026
-0.153878
-0.144283
-0.111631
-0.0625385
-0.00522408
0.056718
0.122267
0.19089
0.261868
0.334321
0.403727
0.459772
0.500259
0.530394
0.553335
0.5709
0.583633
0.591049
0.594279
0.594925
-0.188758
-0.17909
-0.144733
-0.0926068
-0.0314501
0.0348317
0.105132
0.178814
0.255048
0.332766
0.406979
0.466536
0.509209
0.540694
0.56445
0.582493
0.595545
0.603322
0.606667
0.607352
-0.219955
-0.210267
-0.174615
-0.119902
-0.0555423
0.0144545
0.0889361
0.167145
0.248153
0.330734
0.409432
0.472268
0.51692
0.549543
0.573897
0.592192
0.60536
0.613283
0.616593
0.617342
-0.248667
-0.238938
-0.202207
-0.145305
-0.0781766
-0.00490899
0.0732718
0.155564
0.240962
0.328111
0.411103
0.477119
0.52371
0.55741
0.582313
0.600854
0.614075
0.622108
0.625424
0.626051
-0.275669
-0.265884
-0.228192
-0.16941
-0.0998177
-0.023659
0.0578287
0.143832
0.233293
0.32477
0.411964
0.481176
0.529745
0.564611
0.590131
0.608965
0.622301
0.630309
0.633645
0.634142
-0.30145
-0.291594
-0.253011
-0.192613
-0.120787
-0.0420468
0.0424102
0.131789
0.225016
0.320617
0.411958
0.484478
0.535205
0.571396
0.597662
0.616868
0.630357
0.638349
0.641643
0.642127
-0.326429
-0.316408
-0.277
-0.215104
-0.141304
-0.0602571
0.0268789
0.119329
0.216051
0.31558
0.411059
0.48708
0.540203
0.577909
0.605084
0.624795
0.638516
0.646527
0.649702
0.650177
-0.350772
-0.340515
-0.300381
-0.237049
-0.161496
-0.0783923
0.0111597
0.106404
0.206351
0.309628
0.409243
0.488937
0.544703
0.584188
0.612468
0.632818
0.646838
0.654864
0.657904
0.658323
-0.374528
-0.364058
-0.323204
-0.258566
-0.181428
-0.0964732
-0.00476406
0.0929997
0.195909
0.302721
0.406403
0.489939
0.548669
0.590228
0.619831
0.640944
0.655295
0.663301
0.666175
0.666498
-0.397828
-0.387054
-0.345484
-0.279671
-0.201112
-0.114509
-0.0208802
0.0791391
0.184735
0.294826
0.402454
0.489992
0.55201
0.595992
0.62717
0.649167
0.663855
0.671797
0.674444
0.674637
-0.420589
-0.409539
-0.367256
-0.300358
-0.220525
-0.132464
-0.0371349
0.0648731
0.17286
0.285945
0.397359
0.488972
0.554577
0.601391
0.634479
0.657499
0.672465
0.680192
0.682543
0.682615
-0.442841
-0.431496
-0.388488
-0.320599
-0.239625
-0.150281
-0.0534699
0.0502746
0.160358
0.276127
0.391079
0.486744
0.556188
0.606287
0.641755
0.666016
0.68114
0.688415
0.690344
0.690282
-0.46441
-0.452838
-0.40913
-0.340342
-0.258349
-0.167879
-0.0698076
0.0354319
0.147324
0.265444
0.383596
0.483194
0.556632
0.610468
0.648959
0.674918
0.690075
0.696438
0.697677
0.697466
-0.485412
-0.473515
-0.429149
-0.359549
-0.276658
-0.185213
-0.0860461
0.0204386
0.133855
0.253986
0.37494
0.478225
0.555687
0.613615
0.655912
0.684474
0.69988
0.704609
0.704476
0.704003
-0.505688
-0.493492
-0.448512
-0.378163
-0.294465
-0.202189
-0.1021
0.00541834
0.12007
0.24184
0.365183
0.471775
0.553141
0.615303
0.662148
0.694745
0.711678
0.714493
0.711399
0.709632
-0.525288
-0.512816
-0.467164
-0.39613
-0.311726
-0.218739
-0.117884
-0.00954491
0.106089
0.229159
0.354429
0.463807
0.548841
0.615047
0.666763
0.704971
0.726173
0.729596
0.722654
0.712095
-0.544125
-0.531438
-0.48521
-0.413601
-0.328653
-0.235148
-0.133741
-0.0248649
0.091441
0.215406
0.342093
0.453671
0.542158
0.612179
0.668356
0.713305
0.741878
0.749841
0.743153
0.732691
-0.562157
-0.54926
-0.502654
-0.430533
-0.345232
-0.251417
-0.149647
-0.0405519
0.076097
0.200489
0.328029
0.441073
0.532455
0.606051
0.66433
0.71398
0.746071
0.758663
0.724144
0.669264
-0.579131
-0.565529
-0.519395
-0.446876
-0.361581
-0.267674
-0.165643
-0.0564837
0.0601283
0.184493
0.312224
0.425921
0.518874
0.596465
0.653203
0.695594
0.728355
0.721767
0.664387
0.596692
-0.595328
-0.581042
-0.535245
-0.462047
-0.377377
-0.283445
-0.181944
-0.0725979
0.0436842
0.1676
0.294729
0.40813
0.500495
0.584538
0.634901
0.687618
0.665001
0.627653
0.557498
0.486233
-0.58108
-0.563082
-0.514794
-0.437907
-0.348449
-0.250899
-0.144239
-0.0321047
0.0870368
0.214075
0.334666
0.434716
0.518474
0.606783
0.661652
0.578234
0.536201
0.474394
0.399648
0.349621
-0.605362
-0.588728
-0.553501
-0.486083
-0.401768
-0.308409
-0.206851
-0.0982506
0.0170383
0.139384
0.264136
0.375043
0.463424
0.541678
0.612068
0.615446
0.494413
0.40999
0.346356
0.259726
-0.625053
-0.609361
-0.568284
-0.499458
-0.414895
-0.322031
-0.221685
-0.114075
8.86177e-05
0.12078
0.24343
0.351687
0.436802
0.502244
0.529283
0.460238
0.314229
0.214548
0.136832
0.0436713
-0.645134
-0.632713
-0.587085
-0.516949
-0.432265
-0.339269
-0.239033
-0.13186
-0.0187538
0.1002
0.219717
0.323178
0.401306
0.45094
0.428362
0.296564
0.135771
0.0114615
-0.0915526
-0.235137
-0.668372
-0.655359
-0.607785
-0.53653
-0.451575
-0.358567
-0.258506
-0.152029
-0.0401777
0.0766815
0.192573
0.290607
0.36083
0.391467
0.330943
0.139571
-0.0549637
-0.220488
-0.372899
-0.577733
-0.690498
-0.677793
-0.62909
-0.556694
-0.471284
-0.378327
-0.278688
-0.173148
-0.0627915
0.0516225
0.163514
0.255634
0.317294
0.319772
0.205496
-0.00895274
-0.238287
-0.464798
-0.654692
-1.09191
-0.712439
-0.700277
-0.651096
-0.577855
-0.492079
-0.399117
-0.299907
-0.195313
-0.0865583
0.0251871
0.132768
0.218376
0.270012
0.236241
0.0785431
-0.140937
-0.378718
-0.615022
-0.819526
-1.15669
-0.735219
-0.723247
-0.67399
-0.600248
-0.514226
-0.421252
-0.322435
-0.218761
-0.111662
-0.00274641
0.100306
0.178945
0.218317
0.161349
-0.0367027
-0.248011
-0.466298
-0.654669
-0.734763
-0.771551
-0.759221
-0.74749
-0.698118
-0.624148
-0.538075
-0.445246
-0.34697
-0.244439
-0.139315
-0.0337057
0.0642148
0.135175
0.160125
0.0753244
-0.140017
-0.338775
-0.518092
-0.641584
-0.679944
-0.692973
-0.784649
-0.773093
-0.723621
-0.649545
-0.563541
-0.47102
-0.373487
-0.272345
-0.169556
-0.0677575
0.0243808
0.0873232
0.0921799
-0.03024
-0.233528
-0.41812
-0.573157
-0.638606
-0.656683
-0.660374
-0.811593
-0.80023
-0.750548
-0.676421
-0.590578
-0.49853
-0.401937
-0.302457
-0.202359
-0.104821
-0.0191598
0.03561
0.0123538
-0.132027
-0.321829
-0.495073
-0.609632
-0.653009
-0.64565
-0.644734
-0.839959
-0.828571
-0.778853
-0.704698
-0.619102
-0.527674
-0.432235
-0.334681
-0.237624
-0.144819
-0.0661343
-0.020879
-0.0646773
-0.229197
-0.403984
-0.561309
-0.615532
-0.631252
-0.635023
-0.635402
-0.869345
-0.857981
-0.808497
-0.734165
-0.648929
-0.558276
-0.464201
-0.368839
-0.275169
-0.187543
-0.116047
-0.082134
-0.135761
-0.315835
-0.48008
-0.599501
-0.642638
-0.632304
-0.630434
-0.629636
-0.899275
-0.888026
-0.838423
-0.764473
-0.679717
-0.590011
-0.497505
-0.404603
-0.314631
-0.232549
-0.168682
-0.144219
-0.215296
-0.394233
-0.547455
-0.642024
-0.643643
-0.633327
-0.626037
-0.622815
-0.928867
-0.918004
-0.8685
-0.795076
-0.710949
-0.622377
-0.531666
-0.441461
-0.355464
-0.27912
-0.223276
-0.205913
-0.308073
-0.466858
-0.592833
-0.645154
-0.650017
-0.636249
-0.623003
-0.61861
-0.957359
-0.946838
-0.897987
-0.825062
-0.741904
-0.654666
-0.565976
-0.478661
-0.396848
-0.326448
-0.278459
-0.274365
-0.398953
-0.548757
-0.598845
-0.62159
-0.643052
-0.651972
-0.651395
-0.647781
-0.983292
-0.973264
-0.925411
-0.853619
-0.771622
-0.685959
-0.599489
-0.515213
-0.437639
-0.373438
-0.332668
-0.342635
-0.484631
-0.659588
-0.687349
-0.643418
-0.724594
-0.774695
-0.786103
-0.777856
-1.00529
-0.995942
-0.949475
-0.879247
-0.798946
-0.71514
-0.630993
-0.54985
-0.476364
-0.418206
-0.385315
-0.403468
-0.576634
-0.80146
-1.13045
-1.16627
-1.01173
-0.974392
-0.979085
-0.971492
-1.02151
-1.01296
-0.968653
-0.900531
-0.82242
-0.740804
-0.659137
-0.580939
-0.511292
-0.45833
-0.435127
-0.452581
-0.670093
-0.871686
-0.999069
-1.00555
-1.08204
-1.12886
-1.10808
-1.09894
-1.03037
-1.02259
-0.981238
-0.916016
-0.840488
-0.761396
-0.682291
-0.606711
-0.540282
-0.491447
-0.476826
-0.496526
-0.722074
-0.713392
-0.404642
-0.446829
-0.878508
-1.1527
-1.16152
-1.1605
-1.02884
-1.02234
-0.986132
-0.924174
-0.851759
-0.775442
-0.698781
-0.625204
-0.56054
-0.514543
-0.50473
-0.564489
-0.820834
-1.08509
-1.27766
-1.71621
-1.97188
-1.7604
-1.43237
-1.32638
-1.016
-1.01149
-0.981432
-0.924091
-0.855129
-0.781824
-0.707183
-0.634697
-0.569511
-0.521891
-0.51306
-0.582919
-1.0131
-1.85124
-2.87563
-3.37423
-3.50317
-3.19901
-2.74022
-2.44739
-0.991994
-0.988605
-0.965813
-0.91537
-0.85045
-0.780067
-0.70684
-0.633809
-0.565655
-0.510019
-0.488594
-0.525262
-0.899456
-1.44844
-2.08851
-2.52141
-2.56192
-2.30418
-1.96642
-1.70544
-0.959305
-0.9571
-0.941491
-0.899026
-0.838722
-0.770779
-0.698177
-0.622915
-0.5482
-0.47894
-0.4202
-0.398474
-0.389483
-0.376622
-0.224721
0.0201789
0.33716
0.62984
0.834806
0.945832
-0.921897
-0.920649
-0.910687
-0.877787
-0.822484
-0.756159
-0.68316
-0.604664
-0.520888
-0.432514
-0.331649
-0.218208
-0.00756121
0.42679
1.01419
1.60926
2.10323
2.444
2.63769
2.71896
-0.884726
-0.884037
-0.878856
-0.854078
-0.804743
-0.739376
-0.665723
-0.583306
-0.493259
-0.389407
-0.274135
-0.13189
0.0398909
0.462212
1.09447
1.71036
2.21209
2.53497
2.70233
2.76557
-0.850063
-0.84897
-0.846825
-0.832464
-0.789492
-0.725001
-0.649089
-0.56497
-0.472554
-0.369354
-0.252721
-0.127066
0.00776624
0.251042
0.725329
1.17835
1.53468
1.77072
1.89721
1.95328
-0.821888
-0.820677
-0.820264
-0.81278
-0.775457
-0.710605
-0.633097
-0.549545
-0.460284
-0.363278
-0.256997
-0.152265
-0.0443385
0.0894599
0.398106
0.725897
0.986771
1.16534
1.25983
1.29586
-0.801543
-0.801642
-0.804093
-0.798243
-0.759161
-0.690179
-0.612001
-0.53201
-0.449375
-0.361773
-0.269991
-0.189911
-0.113796
-0.0340763
0.157225
0.375639
0.55371
0.673047
0.733686
0.756702
-0.750215
-0.752256
-0.756607
-0.750987
-0.713012
-0.649251
-0.578308
-0.5073
-0.435292
-0.360264
-0.285413
-0.225617
-0.176233
-0.130117
-8.45222e-05
0.143467
0.255681
0.330259
0.367416
0.379429
-0.643725
-0.646142
-0.649173
-0.64463
-0.620047
-0.577096
-0.526433
-0.472878
-0.416195
-0.355885
-0.297421
-0.256261
-0.232214
-0.211553
-0.115314
-0.0174935
0.0568959
0.102927
0.124645
0.131057
-0.520262
-0.521539
-0.522487
-0.521077
-0.51188
-0.493684
-0.467518
-0.434169
-0.394153
-0.348407
-0.302501
-0.273736
-0.2699
-0.266107
-0.196049
-0.124619
-0.0724544
-0.0418991
-0.0284755
-0.02475
-0.4278
-0.428372
-0.428719
-0.430091
-0.430699
-0.427388
-0.417477
-0.399639
-0.372761
-0.338076
-0.300521
-0.276761
-0.272636
-0.267611
-0.21664
-0.168598
-0.137244
-0.119593
-0.111737
-0.109873
-0.376989
-0.377363
-0.377808
-0.38007
-0.383366
-0.385262
-0.382456
-0.372655
-0.354433
-0.32711
-0.293241
-0.265298
-0.248316
-0.231331
-0.194829
-0.169073
-0.153183
-0.144525
-0.140576
-0.139896
-0.355236
-0.355574
-0.356014
-0.357991
-0.360998
-0.363145
-0.362094
-0.355626
-0.341324
-0.317471
-0.284328
-0.24921
-0.215495
-0.182479
-0.165822
-0.156995
-0.149854
-0.143955
-0.140743
-0.13995
-0.350719
-0.350906
-0.35098
-0.352073
-0.353993
-0.355158
-0.353815
-0.347843
-0.334505
-0.311526
-0.278557
-0.240816
-0.199737
-0.161372
-0.152455
-0.148549
-0.141079
-0.134253
-0.127659
-0.127316
-0.359278
-0.359219
-0.358787
-0.358855
-0.359396
-0.359113
-0.356505
-0.349558
-0.335382
-0.311624
-0.278186
-0.244236
-0.210984
-0.18154
-0.173825
-0.163594
-0.148504
-0.132836
-0.124155
-0.123895
-0.380913
-0.38058
-0.379714
-0.378938
-0.378135
-0.376134
-0.371534
-0.362473
-0.345848
-0.320281
-0.284482
-0.256967
-0.24178
-0.238382
-0.22409
-0.19955
-0.176689
-0.158609
-0.151152
-0.150608
-0.416211
-0.415699
-0.414568
-0.4131
-0.411195
-0.407706
-0.401337
-0.39023
-0.37092
-0.341634
-0.2999
-0.271097
-0.263842
-0.282717
-0.269327
-0.23407
-0.203895
-0.187376
-0.179476
-0.180006
-0.465687
-0.464899
-0.463579
-0.461856
-0.459472
-0.455638
-0.449334
-0.438626
-0.419305
-0.387046
-0.335705
-0.288481
-0.268435
-0.291082
-0.276406
-0.241061
-0.213221
-0.195461
-0.192555
-0.191379
-0.529637
-0.528685
-0.527448
-0.526001
-0.524339
-0.522447
-0.520129
-0.516175
-0.50658
-0.482784
-0.42404
-0.338286
-0.284794
-0.286082
-0.268956
-0.226757
-0.18951
-0.166458
-0.159242
-0.161525
-0.605879
-0.604965
-0.604405
-0.60431
-0.605426
-0.609279
-0.617729
-0.632634
-0.653519
-0.667304
-0.611561
-0.471464
-0.36924
-0.340906
-0.298445
-0.232911
-0.170076
-0.135134
-0.132423
-0.133667
-0.687218
-0.686707
-0.68757
-0.690197
-0.696754
-0.711179
-0.739277
-0.789963
-0.872177
-0.963497
-0.92922
-0.713673
-0.534005
-0.45864
-0.369572
-0.258265
-0.162496
-0.10679
-0.107967
-0.114212
-0.759332
-0.759618
-0.762507
-0.769001
-0.783196
-0.812155
-0.867398
-0.969625
-1.14454
-1.3623
-1.35938
-1.04916
-0.784049
-0.641716
-0.497843
-0.344409
-0.234487
-0.197685
-0.19719
-0.202284
-0.802378
-0.803661
-0.808625
-0.819103
-0.84117
-0.884879
-0.96761
-1.12348
-1.39616
-1.73573
-1.78288
-1.38806
-1.04437
-0.848942
-0.655618
-0.501364
-0.406845
-0.39249
-0.390217
-0.391803
-0.797143
-0.799255
-0.805325
-0.818377
-0.845783
-0.89968
-1.00188
-1.18552
-1.51614
-1.93451
-2.03259
-1.6089
-1.24518
-1.03651
-0.839854
-0.679955
-0.625764
-0.617638
-0.616386
-0.616958
-0.733687
-0.736019
-0.742062
-0.754867
-0.781736
-0.83449
-0.93437
-1.12386
-1.45582
-1.84812
-1.96798
-1.60289
-1.32433
-1.16064
-1.03828
-0.921087
-0.871832
-0.855156
-0.849653
-0.848634
-0.618189
-0.620271
-0.624952
-0.635142
-0.657098
-0.700784
-0.784216
-0.942892
-1.21733
-1.51408
-1.58608
-1.37514
-1.23875
-1.21716
-1.28455
-1.23118
-1.13588
-1.08995
-1.06777
-1.05833
-0.47074
-0.47226
-0.475
-0.481252
-0.495944
-0.526022
-0.584289
-0.69615
-0.89436
-1.10344
-1.1397
-1.04602
-1.03882
-1.1676
-1.41698
-1.42674
-1.27917
-1.19328
-1.15079
-1.13096
-0.317094
-0.317783
-0.318618
-0.321224
-0.328794
-0.34539
-0.378574
-0.444024
-0.568793
-0.725371
-0.769625
-0.747154
-0.738612
-0.851551
-1.0866
-1.13862
-1.05181
-0.991856
-0.961726
-0.947685
-0.178227
-0.178349
-0.178006
-0.178418
-0.181027
-0.187593
-0.201496
-0.230147
-0.291337
-0.383611
-0.431007
-0.4029
-0.362936
-0.422352
-0.571146
-0.630717
-0.616756
-0.60104
-0.593434
-0.589831
-0.0193993
-0.0187273
-0.0175429
-0.0164573
-0.0161912
-0.0164131
-0.0169768
-0.0180013
-0.0186324
-0.0240487
-0.0580756
-0.0640353
-0.0411707
-0.0490628
-0.0622738
-0.0609357
-0.0644246
-0.0662446
-0.0665871
-0.22551
-1.51437
-0.747598
-0.272282
0.00821289
0.213877
0.373535
0.499896
0.604939
0.713073
0.805777
-0.370802
-0.15025
0.0484707
0.214709
0.353646
0.468067
0.562164
0.639127
0.687034
0.693381
0.00570431
0.13415
0.258604
0.369735
0.465551
0.546713
0.613316
0.663905
0.696697
0.715966
0.239213
0.325722
0.410379
0.488222
0.556465
0.614762
0.662663
0.70015
0.728517
0.748562
0.406788
0.465574
0.528168
0.585838
0.636256
0.680022
0.717045
0.747617
0.772405
0.790036
0.537224
0.580392
0.629518
0.67255
0.712283
0.747577
0.778352
0.804535
0.82623
0.840923
0.645105
0.680974
0.720161
0.756096
0.789854
0.820729
0.848081
0.871473
0.890687
0.90274
0.741381
0.773441
0.808632
0.842288
0.873941
0.903072
0.928838
0.950615
0.967923
0.977685
0.83435
0.867512
0.903514
0.938149
0.970018
0.998795
1.02377
1.04441
1.0601
1.06848
0.937544
0.975312
1.01397
1.05067
1.08309
1.11126
1.13495
1.15416
1.16845
1.17706
1.06533
1.10784
1.14713
1.18325
1.21387
1.23972
1.26142
1.27917
1.29278
1.30302
1.22712
1.26885
1.30275
1.33225
1.35689
1.37851
1.39818
1.41568
1.43049
1.44323
1.41761
1.44849
1.46999
1.4892
1.50731
1.52459
1.54085
1.55672
1.57327
1.59022
1.61571
1.62716
1.63827
1.65241
1.66673
1.67959
1.691
1.70189
1.71482
1.73172
1.8016
1.81152
1.82021
1.82266
1.82352
1.82781
1.83866
1.85464
1.87228
1.87689
2.10266
2.04729
1.99649
1.95626
1.93389
1.92989
1.94338
1.97719
2.03365
2.10921
0.645411
0.586718
0.544234
0.510369
0.485703
0.468134
0.455598
0.446632
0.440466
0.436905
0.436395
0.439126
0.444452
0.452299
0.463154
0.47816
0.499138
0.52821
0.566956
0.614771
0.446974
0.455726
0.461252
0.462069
0.458574
0.45251
0.446049
0.440532
0.436618
0.434855
0.435891
0.439355
0.444529
0.450922
0.457628
0.462855
0.464452
0.461198
0.45383
0.446159
0.424026
0.426057
0.430661
0.434168
0.43667
0.438082
0.437768
0.435991
0.433737
0.432069
0.431946
0.43362
0.436212
0.438731
0.44013
0.439731
0.437828
0.43499
0.430919
0.426525
0.417152
0.418018
0.420501
0.423213
0.425217
0.426564
0.427523
0.42793
0.427717
0.42735
0.427545
0.428464
0.42941
0.429765
0.429361
0.428436
0.426965
0.424678
0.422004
0.420025
0.41155
0.412012
0.413412
0.415439
0.41738
0.418946
0.420064
0.420912
0.42155
0.422004
0.422459
0.422901
0.423048
0.422807
0.422212
0.421146
0.419554
0.417658
0.415962
0.414932
0.406435
0.406721
0.407647
0.409133
0.410771
0.412378
0.413789
0.414919
0.415854
0.416664
0.417293
0.417601
0.417542
0.41713
0.416304
0.415099
0.413691
0.412277
0.411126
0.410488
0.401568
0.401768
0.402468
0.40367
0.405082
0.406543
0.408015
0.40939
0.410581
0.411601
0.412377
0.41272
0.412601
0.412053
0.411158
0.410078
0.408932
0.407802
0.406935
0.406484
0.396888
0.397037
0.3976
0.398632
0.399915
0.40129
0.402726
0.404193
0.405598
0.406838
0.407783
0.408213
0.408088
0.407545
0.406753
0.405831
0.404856
0.40392
0.403237
0.402898
0.392343
0.392457
0.39292
0.393832
0.395032
0.396358
0.397767
0.399252
0.400768
0.402217
0.403375
0.403939
0.403929
0.403537
0.40291
0.402142
0.401306
0.400529
0.399988
0.399728
0.387875
0.387963
0.388354
0.389196
0.390364
0.391673
0.393091
0.394618
0.396235
0.397873
0.399273
0.400065
0.400266
0.40007
0.399613
0.398991
0.398279
0.397614
0.397179
0.396979
0.383461
0.383527
0.383864
0.384655
0.385807
0.387127
0.388607
0.390239
0.391986
0.393809
0.395494
0.396627
0.397118
0.397134
0.396832
0.396347
0.395763
0.395207
0.394862
0.39471
0.379054
0.379101
0.379395
0.380162
0.381329
0.382696
0.384238
0.385994
0.387981
0.390134
0.392199
0.393676
0.394431
0.394684
0.394599
0.394278
0.393813
0.393349
0.39308
0.392971
0.374632
0.374661
0.374911
0.375647
0.376818
0.378221
0.379826
0.381678
0.383825
0.386278
0.3888
0.390785
0.392009
0.392654
0.39286
0.392771
0.392473
0.392133
0.391951
0.391886
0.370244
0.370259
0.370476
0.371178
0.372354
0.373823
0.375556
0.377637
0.380136
0.383058
0.386162
0.388715
0.390386
0.391376
0.391895
0.392059
0.391956
0.391779
0.391692
0.391662
0.365759
0.365769
0.36595
0.366576
0.367685
0.36915
0.370969
0.373246
0.376086
0.379556
0.383379
0.386661
0.388977
0.390519
0.391453
0.391997
0.392244
0.392321
0.392354
0.392345
0.360706
0.360715
0.360899
0.361483
0.36259
0.364129
0.366142
0.368755
0.372108
0.376284
0.381006
0.385189
0.388201
0.390301
0.391763
0.392743
0.393314
0.393633
0.393772
0.393776
0.354804
0.354812
0.355007
0.355601
0.356789
0.358504
0.360812
0.36388
0.367899
0.373003
0.378847
0.38409
0.387983
0.390788
0.392777
0.394165
0.395083
0.395637
0.395864
0.395875
0.347723
0.347731
0.347956
0.348647
0.349985
0.351979
0.354713
0.3584
0.363291
0.369551
0.37679
0.38336
0.388278
0.391875
0.394473
0.396334
0.397613
0.398386
0.398684
0.3987
0.339117
0.339125
0.339401
0.340246
0.341869
0.344299
0.347653
0.352218
0.358288
0.366061
0.375032
0.383167
0.38929
0.393775
0.397037
0.399407
0.401051
0.402007
0.402368
0.402392
0.328613
0.32862
0.328965
0.330036
0.332068
0.335109
0.339322
0.345059
0.352657
0.362338
0.373447
0.383476
0.390987
0.396541
0.400607
0.403541
0.405582
0.406737
0.407172
0.407207
0.315722
0.315728
0.316155
0.317524
0.320157
0.324078
0.329481
0.336787
0.346387
0.358472
0.372188
0.384479
0.393678
0.400442
0.405381
0.40905
0.411485
0.412859
0.413381
0.413425
0.299816
0.299819
0.300358
0.302135
0.305603
0.310742
0.317785
0.327192
0.339364
0.354445
0.371306
0.386262
0.397424
0.405642
0.41168
0.416034
0.418981
0.420628
0.421265
0.421318
0.279916
0.279922
0.280646
0.283026
0.287639
0.2945
0.303798
0.316034
0.33154
0.350337
0.370944
0.389003
0.40243
0.412327
0.419589
0.42482
0.428331
0.430312
0.43107
0.431124
0.254296
0.254311
0.255361
0.258743
0.265151
0.274537
0.287058
0.30315
0.32296
0.346298
0.371288
0.392871
0.408835
0.420615
0.429275
0.435522
0.439735
0.442115
0.442995
0.443041
0.219952
0.219999
0.221753
0.227098
0.236637
0.250027
0.267267
0.288577
0.313832
0.342598
0.372581
0.398054
0.416783
0.430616
0.440833
0.448262
0.453311
0.456143
0.457141
0.457161
0.17108
0.171393
0.175389
0.185243
0.200684
0.220548
0.244588
0.272737
0.304622
0.339624
0.375082
0.40469
0.426316
0.44231
0.454213
0.462992
0.469031
0.472378
0.473482
0.473454
0.099823
0.102344
0.113814
0.133313
0.158525
0.187496
0.220201
0.256444
0.295834
0.337732
0.379194
0.413382
0.438303
0.456834
0.470825
0.481377
0.488813
0.493055
0.494522
0.494589
0.0237751
0.0305309
0.0509759
0.0806423
0.115876
0.154231
0.19572
0.240228
0.28746
0.336893
0.38538
0.425325
0.45461
0.47661
0.493479
0.506582
0.516077
0.521471
0.523596
0.52394
-0.0400527
-0.0332261
-0.00604356
0.0319561
0.0756991
0.122629
0.17245
0.224956
0.279831
0.336532
0.39166
0.436897
0.470073
0.4951
0.514391
0.529284
0.540147
0.546973
0.549166
0.549435
-0.0920103
-0.0847947
-0.0538674
-0.0100471
0.0400938
0.0939754
0.150931
0.210582
0.272467
0.33595
0.397222
0.447192
0.483683
0.51111
0.532169
0.548468
0.56048
0.567994
0.570269
0.570733
-0.135085
-0.127598
-0.094285
-0.046174
0.00901376
0.0684976
0.131403
0.19724
0.265367
0.334979
0.401816
0.455963
0.495219
0.524555
0.546985
0.56429
0.576985
0.584907
0.587684
0.588273
-0.171912
-0.164271
-0.129331
-0.0779754
-0.0185834
0.0456043
0.113598
0.184818
0.258488
0.333629
0.405484
0.463328
0.504941
0.535785
0.559189
0.577119
0.590195
0.598339
0.601482
0.602147
-0.204433
-0.196699
-0.160565
-0.106527
-0.0436611
0.0245336
0.0969829
0.172986
0.251655
0.331846
0.408326
0.469543
0.513227
0.545294
0.569375
0.587629
0.600888
0.609105
0.612436
0.613071
-0.23405
-0.226216
-0.189118
-0.132775
-0.0669583
0.00471632
0.0810948
0.161391
0.244636
0.329528
0.410393
0.474814
0.520436
0.553602
0.578233
0.596685
0.610029
0.618229
0.62168
0.622353
-0.261619
-0.253695
-0.215733
-0.157463
-0.0890563
-0.0143086
0.0655668
0.149755
0.237221
0.326559
0.411657
0.479269
0.526828
0.561096
0.5863
0.605015
0.618411
0.626578
0.630059
0.63081
-0.287815
-0.279769
-0.241036
-0.181084
-0.110335
-0.0328551
0.0501508
0.13788
0.229258
0.322819
0.412092
0.482936
0.532557
0.56806
0.593941
0.612969
0.62647
0.634589
0.637975
0.638787
-0.313018
-0.304823
-0.265324
-0.203912
-0.131062
-0.0511394
0.0346868
0.125637
0.220641
0.318228
0.411636
0.485879
0.537779
0.574702
0.601401
0.62086
0.634527
0.642654
0.645927
0.646642
-0.337508
-0.329156
-0.288962
-0.226112
-0.15141
-0.0693104
0.019064
0.112944
0.211309
0.312735
0.410286
0.488126
0.542531
0.581092
0.608797
0.628824
0.642739
0.650879
0.654041
0.654602
-0.361391
-0.35279
-0.312026
-0.247838
-0.171471
-0.0874182
0.00323889
0.0997767
0.201237
0.30631
0.407971
0.489564
0.546773
0.587253
0.616169
0.636895
0.651112
0.659234
0.662268
0.66269
-0.384739
-0.375996
-0.334535
-0.269155
-0.191281
-0.105483
-0.0127879
0.0861376
0.190428
0.29891
0.404582
0.490103
0.550438
0.593163
0.62352
0.645067
0.65961
0.667661
0.6705
0.670792
-0.407596
-0.398681
-0.356527
-0.290057
-0.210837
-0.123485
-0.0289805
0.0720683
0.17889
0.290512
0.400061
0.489634
0.553413
0.598755
0.630841
0.653338
0.668195
0.676087
0.678646
0.678808
-0.429965
-0.420864
-0.378016
-0.310529
-0.230106
-0.141378
-0.0452896
0.0576203
0.166688
0.281159
0.394377
0.488024
0.555524
0.603924
0.638133
0.661745
0.676823
0.684393
0.68659
0.686612
-0.451763
-0.44248
-0.39894
-0.33053
-0.249027
-0.159103
-0.0616337
0.0428821
0.153909
0.270899
0.387494
0.48515
0.55658
0.608493
0.645381
0.670421
0.68558
0.692497
0.694155
0.694031
-0.472929
-0.463457
-0.41926
-0.350015
-0.26755
-0.176582
-0.0779344
0.027953
0.140643
0.259814
0.379415
0.480898
0.556358
0.612204
0.652494
0.679618
0.694838
0.700492
0.701194
0.700887
-0.49345
-0.483783
-0.438947
-0.368934
-0.28562
-0.193737
-0.0940952
0.0129349
0.126998
0.247992
0.370202
0.475194
0.554635
0.61468
0.659168
0.689556
0.705483
0.709198
0.707856
0.70707
-0.513257
-0.503398
-0.457958
-0.387235
-0.303166
-0.210511
-0.110032
-0.0020779
0.113094
0.235559
0.359923
0.467986
0.551228
0.615454
0.664728
0.699971
0.71865
0.721228
0.716333
0.71338
-0.532372
-0.522337
-0.476283
-0.40492
-0.320211
-0.226925
-0.125771
-0.0171189
0.0989007
0.222477
0.348517
0.459073
0.545871
0.61401
0.668076
0.709601
0.734265
0.74021
0.733087
0.715272
-0.550824
-0.540583
-0.49404
-0.422157
-0.33699
-0.243295
-0.141692
-0.0326589
0.083856
0.20809
0.335281
0.44769
0.537738
0.609566
0.667185
0.714914
0.746781
0.752558
0.749072
0.70265
-0.568884
-0.557738
-0.511164
-0.438811
-0.353398
-0.259521
-0.157612
-0.0484702
0.0682037
0.192639
0.320358
0.433833
0.526226
0.601705
0.659658
0.707548
0.740263
0.750052
0.699083
0.634226
-0.587524
-0.572838
-0.527471
-0.454794
-0.369727
-0.275783
-0.173781
-0.0645436
0.0519398
0.176126
0.303659
0.417346
0.5103
0.59068
0.645036
0.675411
0.702617
0.682158
0.61649
0.547138
-0.605807
-0.608009
-0.547069
-0.467708
-0.383165
-0.289335
-0.189614
-0.0802343
0.0357805
0.159313
0.28581
0.39861
0.489945
0.578804
0.608162
0.60082
0.61607
0.5642
0.491563
0.417638
-0.581501
-0.580409
-0.523075
-0.444915
-0.355629
-0.25823
-0.153821
-0.0419693
0.0767052
0.203049
0.322673
0.421794
0.502377
0.589035
0.619319
0.523843
0.443625
0.379764
0.305733
0.152658
-0.622145
-0.596222
-0.536177
-0.457336
-0.368158
-0.271147
-0.167362
-0.0562488
0.0613028
0.185826
0.302502
0.398109
0.471643
0.528089
0.504753
0.381208
0.259104
0.176008
0.0890517
-0.0855558
-0.646295
-0.615575
-0.554764
-0.476047
-0.386986
-0.290266
-0.186432
-0.0762231
0.0398373
0.161882
0.27492
0.365464
0.430332
0.455167
0.381682
0.213391
0.0682105
-0.0390393
-0.158757
-0.409682
-0.669802
-0.636687
-0.574736
-0.495356
-0.406224
-0.30963
-0.206235
-0.0970784
0.017276
0.13648
0.245114
0.329582
0.38271
0.374656
0.238898
0.041471
-0.142158
-0.294595
-0.465917
-0.87601
-0.692195
-0.658311
-0.595356
-0.515175
-0.42588
-0.329475
-0.226774
-0.118773
-0.00630196
0.109751
0.213347
0.291176
0.32838
0.286462
0.0998127
-0.121986
-0.353091
-0.557506
-0.821751
-1.48912
-0.714256
-0.680453
-0.616851
-0.536097
-0.446614
-0.35042
-0.248394
-0.14162
-0.0312174
0.0814006
0.179577
0.249874
0.270088
0.185188
-0.0283873
-0.259442
-0.498151
-0.724193
-0.917911
-1.68548
-0.737092
-0.703342
-0.639438
-0.558346
-0.468719
-0.372706
-0.271319
-0.165793
-0.0575753
0.0513995
0.143976
0.20566
0.20564
0.0704101
-0.138233
-0.359646
-0.567638
-0.712191
-0.743678
-0.797376
-0.76111
-0.727459
-0.663399
-0.582203
-0.492595
-0.396911
-0.296329
-0.192318
-0.0866731
0.0180576
0.104548
0.155815
0.130712
-0.0369245
-0.237065
-0.432665
-0.591911
-0.666635
-0.686556
-0.694729
-0.786634
-0.752947
-0.688806
-0.607618
-0.518179
-0.422991
-0.323454
-0.221258
-0.118579
-0.0186961
0.0611927
0.0997582
0.0544257
-0.137207
-0.327499
-0.500187
-0.623992
-0.65645
-0.659547
-0.65998
-0.813719
-0.779876
-0.715677
-0.634538
-0.545395
-0.4509
-0.352635
-0.252553
-0.15327
-0.0587775
0.0137786
0.0395567
-0.028
-0.230801
-0.411931
-0.564732
-0.625414
-0.641287
-0.644405
-0.644393
-0.842215
-0.808291
-0.743957
-0.662903
-0.574175
-0.480544
-0.383781
-0.286123
-0.19065
-0.102023
-0.0376714
-0.0234557
-0.127343
-0.317744
-0.487712
-0.609907
-0.642664
-0.63632
-0.635511
-0.635055
-0.871624
-0.837465
-0.773368
-0.692505
-0.604324
-0.511741
-0.416722
-0.321794
-0.230514
-0.148203
-0.0920722
-0.0943534
-0.221352
-0.399848
-0.552686
-0.619797
-0.628286
-0.630526
-0.629748
-0.629465
-0.901603
-0.867411
-0.803595
-0.723001
-0.635518
-0.544172
-0.451129
-0.359222
-0.272461
-0.196934
-0.148549
-0.170001
-0.308913
-0.470823
-0.611913
-0.640282
-0.637488
-0.6292
-0.623911
-0.622103
-0.931211
-0.897495
-0.833807
-0.753848
-0.667245
-0.577339
-0.486502
-0.397885
-0.315899
-0.24733
-0.207268
-0.243677
-0.398065
-0.526932
-0.643788
-0.681996
-0.650752
-0.628117
-0.620054
-0.617327
-0.959667
-0.926585
-0.863485
-0.784319
-0.698795
-0.610547
-0.522126
-0.436983
-0.360006
-0.298328
-0.267793
-0.315895
-0.49012
-0.581929
-0.614223
-0.628429
-0.648688
-0.653315
-0.649262
-0.646049
-0.985575
-0.953452
-0.89149
-0.813422
-0.729225
-0.642863
-0.557043
-0.475455
-0.403601
-0.349122
-0.325632
-0.389473
-0.581412
-0.70936
-0.599449
-0.68585
-0.751528
-0.785704
-0.782129
-0.774076
-1.00741
-0.976843
-0.916286
-0.839906
-0.757435
-0.673127
-0.590014
-0.511969
-0.445024
-0.398184
-0.378882
-0.468922
-0.682847
-0.95271
-1.25753
-1.07671
-0.979247
-0.978242
-0.975671
-0.969763
-1.02345
-0.994933
-0.936477
-0.862312
-0.781971
-0.699984
-0.619516
-0.544908
-0.482253
-0.44237
-0.430873
-0.545888
-0.773741
-0.965644
-0.981564
-1.03008
-1.11998
-1.11687
-1.10234
-1.09812
-1.03196
-1.00588
-0.950556
-0.879118
-0.801286
-0.721841
-0.643965
-0.572149
-0.51308
-0.478537
-0.4846
-0.606914
-0.7411
-0.587011
-0.289248
-0.655455
-1.07149
-1.1695
-1.15994
-1.15976
-1.03107
-1.00842
-0.957105
-0.88888
-0.813979
-0.737147
-0.661534
-0.591413
-0.534679
-0.503595
-0.521567
-0.677546
-0.959755
-1.18979
-1.48371
-1.90707
-1.90446
-1.58309
-1.35166
-1.34432
-1.01795
-1.00039
-0.955085
-0.890567
-0.818977
-0.744647
-0.670585
-0.600929
-0.542879
-0.511229
-0.531937
-0.747137
-1.37462
-2.40667
-3.16191
-3.52085
-3.38525
-2.97189
-2.5656
-2.39526
-0.993598
-0.980745
-0.943271
-0.884037
-0.815906
-0.743795
-0.670214
-0.599014
-0.535824
-0.491691
-0.499646
-0.674057
-1.16247
-1.7619
-2.34787
-2.59943
-2.45516
-2.13465
-1.81258
-1.67518
-0.960627
-0.951992
-0.923395
-0.870326
-0.805454
-0.735092
-0.660911
-0.585314
-0.512707
-0.446788
-0.409656
-0.372769
-0.398899
-0.317073
-0.118486
0.175559
0.491434
0.744672
0.901375
0.972584
-0.922973
-0.917788
-0.897504
-0.85214
-0.790249
-0.720603
-0.644631
-0.563718
-0.477269
-0.386554
-0.273245
-0.134839
0.179342
0.711136
1.31662
1.87349
2.29401
2.55744
2.69044
2.73185
-0.885472
-0.882823
-0.869625
-0.831899
-0.773584
-0.703804
-0.625687
-0.539487
-0.443594
-0.332966
-0.205217
-0.0581904
0.205058
0.768953
1.40911
1.98183
2.39615
2.6354
2.74422
2.77553
-0.849522
-0.848333
-0.842565
-0.814328
-0.759351
-0.688096
-0.608184
-0.51982
-0.423612
-0.311099
-0.190995
-0.0609201
0.0965024
0.473791
0.962055
1.37001
1.66886
1.8454
1.93206
1.96433
-0.821219
-0.82034
-0.818927
-0.798427
-0.745324
-0.672916
-0.592069
-0.506007
-0.413317
-0.309387
-0.204089
-0.0991564
0.00341712
0.225231
0.568272
0.865236
1.08778
1.22187
1.28374
1.29977
-0.801133
-0.802901
-0.803754
-0.783742
-0.726762
-0.651638
-0.572417
-0.491478
-0.406453
-0.314902
-0.227613
-0.15265
-0.08081
0.0466879
0.268932
0.471243
0.621708
0.709516
0.749127
0.758232
-0.750721
-0.754668
-0.756426
-0.73745
-0.68298
-0.614151
-0.542898
-0.471704
-0.398231
-0.321485
-0.252323
-0.20152
-0.155027
-0.0753741
0.0738294
0.204399
0.298309
0.352644
0.375974
0.379535
-0.644764
-0.647796
-0.648693
-0.635189
-0.600031
-0.552427
-0.500095
-0.445109
-0.38662
-0.324862
-0.273686
-0.244502
-0.22248
-0.168704
-0.065031
0.0238264
0.0835291
0.116356
0.129185
0.130088
-0.521038
-0.522039
-0.52239
-0.517648
-0.50383
-0.481581
-0.451827
-0.415054
-0.371957
-0.324091
-0.28565
-0.270571
-0.270495
-0.231961
-0.159105
-0.0955625
-0.0545776
-0.0335249
-0.0256293
-0.0256966
-0.428296
-0.428418
-0.42933
-0.430673
-0.429719
-0.423357
-0.409498
-0.386808
-0.356183
-0.31876
-0.287078
-0.273432
-0.275827
-0.243749
-0.190337
-0.150953
-0.126878
-0.114711
-0.110231
-0.110721
-0.377326
-0.377423
-0.378698
-0.381729
-0.384666
-0.384504
-0.378465
-0.364585
-0.341772
-0.309902
-0.278333
-0.256223
-0.242624
-0.213931
-0.18041
-0.159842
-0.148175
-0.142072
-0.13986
-0.140796
-0.355501
-0.35567
-0.35678
-0.359478
-0.362294
-0.363124
-0.359714
-0.349681
-0.330253
-0.301731
-0.266791
-0.232887
-0.198467
-0.17339
-0.161642
-0.153169
-0.146541
-0.142073
-0.139913
-0.140939
-0.350899
-0.350878
-0.351362
-0.353014
-0.354779
-0.354944
-0.351661
-0.34234
-0.324546
-0.29608
-0.259774
-0.221418
-0.178041
-0.154075
-0.151659
-0.144976
-0.137825
-0.130423
-0.126826
-0.128722
-0.359344
-0.358993
-0.358723
-0.359129
-0.359453
-0.358237
-0.353756
-0.343645
-0.324772
-0.295649
-0.260686
-0.228086
-0.193114
-0.175881
-0.16958
-0.156459
-0.140676
-0.127298
-0.122817
-0.125239
-0.380851
-0.38017
-0.379293
-0.378595
-0.37737
-0.374256
-0.367706
-0.355617
-0.334106
-0.302426
-0.269176
-0.248164
-0.235647
-0.230899
-0.212789
-0.187667
-0.166289
-0.153998
-0.150028
-0.151654
-0.416045
-0.415209
-0.413848
-0.41226
-0.409728
-0.404958
-0.396567
-0.382224
-0.35726
-0.32062
-0.283243
-0.264169
-0.272983
-0.279768
-0.251192
-0.218131
-0.194386
-0.181512
-0.179457
-0.180771
-0.465359
-0.464298
-0.462766
-0.46079
-0.457791
-0.452857
-0.44468
-0.430428
-0.404581
-0.362343
-0.310542
-0.273278
-0.280957
-0.288289
-0.258781
-0.224523
-0.203432
-0.193562
-0.191718
-0.191047
-0.529188
-0.528098
-0.52675
-0.525202
-0.523427
-0.521371
-0.518483
-0.512256
-0.497139
-0.458527
-0.38228
-0.304542
-0.28507
-0.28359
-0.249334
-0.207785
-0.173569
-0.16041
-0.160978
-0.161749
-0.60536
-0.604644
-0.604277
-0.604648
-0.606915
-0.612822
-0.624324
-0.642404
-0.663435
-0.653387
-0.545469
-0.409316
-0.349735
-0.325356
-0.265768
-0.200844
-0.150763
-0.129897
-0.13363
-0.133254
-0.686771
-0.686974
-0.688588
-0.692794
-0.702712
-0.723078
-0.761181
-0.827037
-0.922167
-0.974611
-0.831759
-0.610919
-0.489375
-0.419986
-0.315737
-0.203411
-0.124974
-0.104706
-0.111452
-0.115282
-0.75914
-0.760737
-0.765142
-0.774796
-0.795316
-0.835529
-0.910979
-1.04724
-1.25618
-1.40761
-1.22719
-0.895478
-0.699904
-0.575601
-0.418248
-0.286808
-0.204433
-0.195826
-0.199836
-0.204381
-0.802564
-0.805672
-0.812911
-0.828201
-0.859571
-0.91989
-1.03339
-1.24398
-1.57191
-1.82461
-1.60957
-1.19342
-0.935516
-0.754948
-0.57157
-0.443108
-0.398055
-0.390553
-0.390676
-0.393528
-0.797755
-0.801733
-0.810717
-0.829685
-0.868469
-0.94308
-1.07299
-1.33285
-1.73158
-2.05709
-1.8506
-1.40549
-1.12619
-0.936576
-0.748301
-0.63555
-0.619526
-0.616914
-0.616363
-0.618501
-0.734464
-0.738506
-0.747318
-0.765933
-0.803972
-0.876707
-1.01445
-1.27076
-1.66013
-1.97105
-1.81344
-1.43735
-1.24249
-1.09964
-0.977089
-0.89011
-0.86058
-0.851666
-0.848596
-0.849928
-0.619026
-0.622183
-0.629085
-0.644131
-0.67546
-0.73597
-0.851283
-1.06565
-1.37754
-1.59266
-1.48664
-1.29229
-1.21252
-1.25529
-1.2804
-1.17509
-1.10905
-1.07688
-1.06161
-1.05789
-0.471488
-0.473353
-0.477448
-0.48722
-0.508514
-0.550526
-0.63142
-0.784148
-1.01043
-1.14932
-1.08863
-1.03
-1.06817
-1.29767
-1.46965
-1.3437
-1.22885
-1.16828
-1.13848
-1.12782
-0.317551
-0.318044
-0.319546
-0.324216
-0.335644
-0.359252
-0.405886
-0.497632
-0.651513
-0.764202
-0.756041
-0.741832
-0.771092
-0.955851
-1.15416
-1.09443
-1.01701
-0.974054
-0.953108
-0.944374
-0.178463
-0.178099
-0.178076
-0.179378
-0.183673
-0.19333
-0.213279
-0.255072
-0.337627
-0.422559
-0.41872
-0.378522
-0.377154
-0.492776
-0.619781
-0.626334
-0.607704
-0.59646
-0.591351
-0.58854
-0.0657935
-0.0657402
-0.0651364
-0.0647903
-0.0649546
-0.0661111
-0.0690613
-0.0756038
-0.0911531
-0.129672
-0.148788
-0.121344
-0.0843533
-0.130281
-0.187022
-0.22176
-0.225365
-0.224522
-0.224672
-0.225258
-1.06417
-0.462063
-0.120446
0.115526
0.297653
0.43923
0.555132
0.65562
0.770934
0.765054
-0.211034
-0.0440673
0.135329
0.287617
0.4138
0.517297
0.602978
0.668098
0.695509
0.699664
0.0876438
0.197848
0.316201
0.41952
0.50794
0.581865
0.640806
0.682341
0.708286
0.724962
0.293875
0.369155
0.45053
0.523582
0.586887
0.64003
0.682673
0.715294
0.740466
0.758843
0.446329
0.501296
0.558097
0.611893
0.658979
0.699363
0.733109
0.760649
0.783257
0.801424
0.567193
0.607333
0.651242
0.692967
0.730493
0.763522
0.792034
0.815874
0.83558
0.853275
0.66917
0.70108
0.738397
0.773291
0.8057
0.834873
0.860308
0.881565
0.898646
0.915985
0.761508
0.791063
0.825707
0.858384
0.888877
0.916413
0.940266
0.959826
0.974537
0.991672
0.853693
0.885335
0.921162
0.95443
0.984839
1.01179
1.03466
1.0529
1.06566
1.08294
0.958426
0.994424
1.03283
1.0674
1.09772
1.12368
1.14513
1.16191
1.17362
1.19148
1.08838
1.1275
1.16587
1.1992
1.22735
1.25106
1.27081
1.28642
1.29832
1.31659
1.24966
1.28624
1.31822
1.34505
1.36798
1.38858
1.40726
1.42336
1.43712
1.45501
1.43447
1.45976
1.47979
1.49836
1.51607
1.53287
1.54878
1.56482
1.58198
1.60113
1.62142
1.63235
1.64512
1.65971
1.67336
1.68547
1.69642
1.7078
1.72323
1.74267
1.80337
1.81688
1.82196
1.82297
1.82495
1.83236
1.84612
1.86375
1.8775
1.88885
2.07231
2.02175
1.97431
1.94274
1.92974
1.93431
1.95755
2.00262
2.06933
2.16345
0.502036
0.499024
0.492961
0.482027
0.469526
0.4582
0.449114
0.442312
0.437776
0.435774
0.436875
0.440737
0.446799
0.455006
0.465449
0.477725
0.490048
0.498739
0.503245
0.505402
0.430351
0.437
0.442247
0.445857
0.44696
0.445309
0.441828
0.437991
0.434934
0.433509
0.434454
0.437363
0.441343
0.445485
0.448451
0.448934
0.446579
0.442171
0.43586
0.43003
0.420274
0.423235
0.426596
0.429081
0.430833
0.432
0.432197
0.431401
0.430257
0.429683
0.430395
0.431994
0.433545
0.434236
0.433745
0.432433
0.430487
0.427583
0.424228
0.421938
0.414263
0.415688
0.417904
0.42018
0.4219
0.423082
0.423942
0.424472
0.424657
0.424833
0.425359
0.425957
0.426161
0.425846
0.42513
0.423913
0.422039
0.419764
0.417986
0.416902
0.408957
0.409777
0.41125
0.413034
0.41478
0.41625
0.417361
0.418244
0.418981
0.419597
0.420065
0.420243
0.420077
0.419572
0.418633
0.417251
0.415646
0.414059
0.413007
0.412343
0.403972
0.404528
0.405631
0.407073
0.408607
0.410122
0.411503
0.412662
0.413651
0.414493
0.415016
0.415117
0.414828
0.41413
0.413082
0.411855
0.410568
0.409396
0.408666
0.408204
0.399211
0.399628
0.400522
0.401777
0.403147
0.404584
0.406041
0.407421
0.408637
0.409658
0.4103
0.410423
0.410065
0.409331
0.408387
0.407355
0.406294
0.405368
0.404815
0.404469
0.394604
0.394928
0.395682
0.396809
0.398103
0.399487
0.400937
0.402425
0.403859
0.405107
0.405895
0.406067
0.405754
0.40514
0.404353
0.40347
0.402574
0.401824
0.401394
0.401128
0.390104
0.390362
0.391015
0.392067
0.393326
0.394687
0.39614
0.397673
0.399234
0.400698
0.401693
0.402052
0.401932
0.401497
0.400868
0.400126
0.399358
0.398742
0.398405
0.398196
0.385665
0.385871
0.386453
0.387464
0.388707
0.390083
0.391588
0.393213
0.394928
0.396631
0.3979
0.398513
0.398618
0.398368
0.397885
0.397285
0.396634
0.396125
0.395864
0.395701
0.38126
0.381426
0.38196
0.382958
0.38422
0.38565
0.387258
0.389046
0.390972
0.392949
0.394581
0.395524
0.395871
0.395802
0.395473
0.394995
0.394454
0.394037
0.393838
0.393711
0.376838
0.376964
0.377459
0.378454
0.37974
0.381208
0.382874
0.384801
0.387003
0.389389
0.391431
0.392731
0.393411
0.393652
0.393571
0.393261
0.392845
0.392521
0.392384
0.392291
0.372439
0.372531
0.372984
0.373965
0.375283
0.376824
0.378632
0.380764
0.383238
0.386046
0.38865
0.3905
0.391611
0.392164
0.392335
0.392221
0.391973
0.391767
0.391694
0.391632
0.368046
0.368107
0.368516
0.369451
0.370771
0.372375
0.374332
0.37675
0.37969
0.383124
0.386381
0.388778
0.390359
0.391313
0.391791
0.392003
0.392
0.391951
0.391935
0.391889
0.363325
0.363392
0.363749
0.364616
0.365913
0.367578
0.369719
0.372444
0.375862
0.380001
0.384101
0.387271
0.389493
0.390968
0.391895
0.392499
0.392819
0.392965
0.393008
0.392964
0.357884
0.357951
0.358308
0.359186
0.360559
0.362413
0.364881
0.368123
0.372267
0.377353
0.382454
0.386482
0.389374
0.391417
0.392851
0.393796
0.394394
0.394702
0.394784
0.394732
0.351428
0.351499
0.351905
0.352848
0.354381
0.356514
0.359408
0.363263
0.368279
0.374537
0.380906
0.386015
0.38977
0.392466
0.394394
0.395754
0.396658
0.397119
0.397235
0.397176
0.343631
0.343722
0.344216
0.345331
0.347128
0.349686
0.353207
0.35795
0.364143
0.371884
0.37979
0.38616
0.390871
0.394299
0.39678
0.398563
0.399756
0.40034
0.400483
0.400413
0.334112
0.334224
0.334848
0.33623
0.338453
0.341625
0.346012
0.351922
0.359636
0.369244
0.379026
0.386899
0.392722
0.396977
0.400094
0.402346
0.403827
0.404532
0.404707
0.404628
0.322464
0.322604
0.323406
0.325173
0.327995
0.332025
0.337597
0.34506
0.354721
0.366653
0.378703
0.388354
0.395514
0.400758
0.404577
0.407356
0.409139
0.409981
0.410199
0.410109
0.308116
0.308296
0.30934
0.311636
0.31532
0.320551
0.327721
0.337225
0.349372
0.364169
0.378943
0.390713
0.399421
0.405798
0.410515
0.413827
0.415946
0.416954
0.417222
0.417118
0.29032
0.29058
0.291974
0.29498
0.299843
0.306747
0.316081
0.328276
0.343573
0.361859
0.379854
0.394087
0.404617
0.412348
0.417997
0.421998
0.424524
0.425746
0.426062
0.425936
0.267725
0.268143
0.270112
0.274188
0.280737
0.290021
0.302359
0.31811
0.33738
0.359875
0.381617
0.398664
0.41126
0.420525
0.427288
0.432064
0.435092
0.436555
0.436916
0.436761
0.238084
0.238839
0.241834
0.247699
0.256921
0.269727
0.286286
0.30674
0.33096
0.35843
0.384427
0.4046
0.41948
0.430452
0.438484
0.444191
0.447822
0.449547
0.449943
0.449751
0.197299
0.198846
0.204065
0.213426
0.227265
0.245495
0.267953
0.294473
0.324665
0.357824
0.3885
0.412032
0.429353
0.442172
0.451628
0.458424
0.462754
0.464736
0.465143
0.464911
0.137683
0.142443
0.153374
0.169672
0.191464
0.217735
0.248019
0.281948
0.319
0.358384
0.393985
0.420982
0.440808
0.455549
0.466543
0.474561
0.479675
0.48191
0.482291
0.482031
0.0662907
0.0747244
0.0947042
0.12156
0.153339
0.18872
0.227468
0.269367
0.313951
0.360512
0.402214
0.433851
0.457269
0.474877
0.488182
0.497988
0.50442
0.507074
0.507433
0.507387
-0.00539032
0.00904499
0.0380892
0.0749246
0.116151
0.160489
0.207696
0.257592
0.309787
0.363645
0.411596
0.447985
0.475069
0.495714
0.51164
0.523711
0.530952
0.533804
0.534777
0.534914
-0.0638438
-0.0457377
-0.0110719
0.0331019
0.0820057
0.134142
0.189059
0.246456
0.305854
0.366596
0.420318
0.460933
0.49113
0.514129
0.531854
0.545197
0.553558
0.557605
0.558988
0.559197
-0.111682
-0.09159
-0.0526527
-0.00306521
0.0518374
0.11034
0.171853
0.235908
0.301873
0.368923
0.427847
0.472126
0.504857
0.52968
0.548806
0.563225
0.572688
0.577268
0.578904
0.579111
-0.151834
-0.130669
-0.08854
-0.034655
0.0251437
0.0889455
0.156095
0.225984
0.297815
0.370572
0.434145
0.481567
0.516377
0.542612
0.562716
0.577875
0.588041
0.593094
0.594785
0.59499
-0.186767
-0.164876
-0.120235
-0.062879
0.00102497
0.0693798
0.141448
0.216509
0.293626
0.371571
0.439361
0.489555
0.526087
0.553373
0.574102
0.589667
0.600117
0.605449
0.607219
0.607391
-0.218009
-0.195617
-0.148932
-0.0886432
-0.0212767
0.0510356
0.127469
0.207195
0.289153
0.371916
0.443654
0.496409
0.53445
0.562576
0.58371
0.599429
0.61
0.615406
0.617175
0.617348
-0.246713
-0.223941
-0.175521
-0.112737
-0.0423359
0.0334656
0.113795
0.19777
0.284224
0.371564
0.447101
0.502361
0.541867
0.570768
0.592278
0.608128
0.618751
0.624266
0.625928
0.626024
-0.273754
-0.25053
-0.200629
-0.135674
-0.0625897
0.0163113
0.100154
0.188021
0.278687
0.370423
0.449745
0.507533
0.548569
0.578332
0.600272
0.61631
0.626963
0.632498
0.634093
0.634066
-0.299575
-0.275872
-0.224753
-0.157803
-0.0823166
-0.00064741
0.0863666
0.177807
0.272426
0.368421
0.451557
0.512039
0.554779
0.585549
0.608025
0.624309
0.635038
0.640503
0.642087
0.64203
-0.324522
-0.300328
-0.248118
-0.179347
-0.101726
-0.0175715
0.0723183
0.167035
0.265361
0.365507
0.452557
0.515966
0.560629
0.59258
0.615741
0.632382
0.643234
0.648618
0.650142
0.650051
-0.348804
-0.324166
-0.270852
-0.200457
-0.120932
-0.0345431
0.0579406
0.15566
0.257456
0.361643
0.452716
0.519265
0.566117
0.599482
0.623494
0.640591
0.651597
0.656898
0.658293
0.658184
-0.372546
-0.347417
-0.293067
-0.221215
-0.139978
-0.0515929
0.0432212
0.143673
0.248701
0.356768
0.4519
0.521862
0.571226
0.606267
0.631299
0.648934
0.660082
0.665254
0.666498
0.666339
-0.395773
-0.370109
-0.314802
-0.241637
-0.158871
-0.0687056
0.0281866
0.131091
0.239073
0.350812
0.450022
0.523656
0.575891
0.612916
0.639157
0.657389
0.668649
0.673638
0.674684
0.674454
-0.418445
-0.392309
-0.336057
-0.26171
-0.177584
-0.085847
0.0128802
0.117959
0.228594
0.343765
0.446999
0.524503
0.579982
0.619389
0.647082
0.665945
0.67719
0.681873
0.682701
0.682413
-0.440589
-0.413967
-0.356813
-0.281395
-0.196062
-0.102954
-0.00262828
0.104346
0.217341
0.335641
0.442747
0.524239
0.583324
0.625611
0.655132
0.674663
0.685672
0.68985
0.690408
0.690067
-0.462104
-0.435007
-0.377023
-0.300647
-0.21425
-0.119946
-0.0182502
0.0903515
0.205395
0.326464
0.437193
0.522692
0.585685
0.631427
0.663393
0.683784
0.694187
0.697444
0.697623
0.697256
-0.483
-0.45538
-0.396653
-0.319406
-0.232076
-0.136749
-0.0338863
0.0760865
0.192843
0.316306
0.430306
0.519705
0.586784
0.636551
0.671882
0.693812
0.703302
0.704773
0.704193
0.703853
-0.50317
-0.475085
-0.41565
-0.337619
-0.249481
-0.153279
-0.0494542
0.0616353
0.179807
0.305269
0.422093
0.515147
0.586303
0.640481
0.680303
0.705306
0.714506
0.71309
0.710253
0.709479
-0.522688
-0.494091
-0.433967
-0.355227
-0.266386
-0.169451
-0.0648324
0.0471375
0.166426
0.293471
0.412608
0.508925
0.58396
0.642496
0.687708
0.718006
0.729805
0.726985
0.717933
0.699838
-0.541483
-0.512396
-0.451744
-0.37243
-0.283088
-0.185602
-0.0804447
0.0321198
0.152162
0.280346
0.401248
0.500349
0.579214
0.641615
0.69238
0.730032
0.74846
0.748316
0.731746
0.743412
-0.559682
-0.529989
-0.468929
-0.389171
-0.299533
-0.201668
-0.0962791
0.0166161
0.137021
0.265819
0.387868
0.488885
0.57148
0.636636
0.690005
0.732585
0.755283
0.753257
0.692253
0.671338
-0.577867
-0.547433
-0.485271
-0.405042
-0.315243
-0.217209
-0.112132
0.000888008
0.121297
0.250122
0.372553
0.474277
0.560143
0.627308
0.675261
0.716682
0.73052
0.699039
0.627176
0.582682
-0.596695
-0.565513
-0.500339
-0.419724
-0.329827
-0.232089
-0.127642
-0.0148945
0.10508
0.233297
0.35524
0.456533
0.543564
0.614703
0.659537
0.666535
0.651753
0.59397
0.519311
0.47316
-0.196365
-0.087195
0.0285361
0.15159
0.277086
0.388632
0.477939
0.332157
-0.616877
-0.597872
-0.560404
-0.492593
-0.408178
-0.315198
-0.214377
-0.106381
0.00833371
0.129868
0.253722
0.363686
0.451024
0.523637
0.575214
0.545111
0.400844
0.311453
0.241372
-0.633989
-0.621055
-0.577227
-0.507685
-0.423051
-0.330123
-0.229899
-0.122521
-0.00887167
0.110976
0.232145
0.338168
0.420072
0.477986
0.47875
0.377043
0.226717
0.11584
0.0230383
-0.656646
-0.643987
-0.597282
-0.526647
-0.441863
-0.348854
-0.248658
-0.141777
-0.0292652
0.0886924
0.206442
0.30725
0.381587
0.422094
0.380807
0.217645
0.0413595
-0.101416
-0.226152
-0.67939
-0.666499
-0.618304
-0.546508
-0.461333
-0.368355
-0.26849
-0.162463
-0.0513453
0.0643289
0.178275
0.273445
0.33965
0.357799
0.271341
0.063903
-0.149073
-0.345111
-0.531393
-0.701216
-0.688892
-0.639917
-0.567109
-0.481524
-0.388564
-0.289157
-0.184101
-0.0745383
0.0385511
0.148303
0.237226
0.294288
0.277368
0.140359
-0.0781403
-0.316284
-0.548215
-0.758432
-0.72338
-0.711467
-0.662303
-0.588841
-0.502932
-0.409943
-0.310922
-0.206771
-0.0988047
0.0115886
0.116995
0.199256
0.245318
0.197976
0.019814
-0.196487
-0.428629
-0.65166
-0.789059
-0.830957
-0.746739
-0.735035
-0.685767
-0.611984
-0.52594
-0.433015
-0.334449
-0.231313
-0.125161
-0.017833
0.0827506
0.157673
0.18975
0.122038
-0.0900096
-0.295361
-0.493689
-0.648703
-0.697514
-0.725133
-0.771326
-0.759897
-0.710551
-0.636629
-0.5506
-0.457915
-0.359973
-0.258106
-0.154107
-0.0503401
0.0447933
0.111892
0.128092
0.0232665
-0.187535
-0.379291
-0.546039
-0.643423
-0.671359
-0.673872
-0.797455
-0.786193
-0.736746
-0.66276
-0.576856
-0.48456
-0.387465
-0.287127
-0.185635
-0.0859069
0.0030848
0.0622032
0.0525789
-0.0818531
-0.278329
-0.458012
-0.596009
-0.643167
-0.648382
-0.650689
-0.825057
-0.813839
-0.764368
-0.690339
-0.604654
-0.512897
-0.416858
-0.318304
-0.219681
-0.124445
-0.0422209
0.00825465
-0.0267781
-0.181254
-0.363895
-0.531823
-0.620616
-0.640384
-0.639182
-0.639078
-0.853918
-0.842592
-0.793374
-0.719232
-0.633854
-0.542803
-0.448015
-0.35152
-0.25612
-0.165844
-0.090716
-0.0505759
-0.1012
-0.274013
-0.44312
-0.584191
-0.620459
-0.627719
-0.631621
-0.631904
-0.883475
-0.872171
-0.823173
-0.749167
-0.664212
-0.574023
-0.4807
-0.386533
-0.294671
-0.209776
-0.14202
-0.113188
-0.173301
-0.356039
-0.516368
-0.622068
-0.654235
-0.636562
-0.628209
-0.626241
-0.913156
-0.901944
-0.853221
-0.779679
-0.695298
-0.606144
-0.514504
-0.422922
-0.334902
-0.255661
-0.195718
-0.174256
-0.261337
-0.431783
-0.574256
-0.653528
-0.648303
-0.634451
-0.624522
-0.620152
-0.94179
-0.931251
-0.883098
-0.810034
-0.726495
-0.638576
-0.548839
-0.460056
-0.376134
-0.302721
-0.250824
-0.239043
-0.354562
-0.506098
-0.600342
-0.632794
-0.646417
-0.637591
-0.626489
-0.622444
-0.968813
-0.958535
-0.91178
-0.839424
-0.756959
-0.670492
-0.582883
-0.497066
-0.417386
-0.350063
-0.305659
-0.3087
-0.441945
-0.603091
-0.616767
-0.616856
-0.660586
-0.693406
-0.702198
-0.698882
-0.992619
-0.982813
-0.937562
-0.866751
-0.785626
-0.700885
-0.615555
-0.532839
-0.457338
-0.396226
-0.359146
-0.373932
-0.529277
-0.726847
-0.872261
-0.849594
-0.865773
-0.886734
-0.892858
-0.879394
-1.01131
-1.00222
-0.959225
-0.890381
-0.811224
-0.728498
-0.645563
-0.565922
-0.494392
-0.43896
-0.410669
-0.429572
-0.624807
-0.862925
-1.22013
-1.28363
-1.07044
-1.04274
-1.04131
-1.03957
-1.02337
-1.01529
-0.975154
-0.909019
-0.832186
-0.751826
-0.67141
-0.594585
-0.526656
-0.475891
-0.457421
-0.470797
-0.704012
-0.789337
-0.658609
-0.642392
-0.989783
-1.18841
-1.16439
-1.15258
-1.02677
-1.02018
-0.983802
-0.921103
-0.847035
-0.769315
-0.691443
-0.616946
-0.551665
-0.504456
-0.492463
-0.529788
-0.748292
-0.783064
-0.566296
-0.732455
-1.06512
-1.20681
-1.13843
-1.15144
-1.02088
-1.01542
-0.983572
-0.925274
-0.854535
-0.779641
-0.704026
-0.631158
-0.566488
-0.520582
-0.511968
-0.577835
-0.926436
-1.53244
-2.33868
-2.95027
-3.08394
-2.67971
-2.19002
-1.87345
-1.00277
-0.998692
-0.972626
-0.920574
-0.854
-0.781955
-0.70808
-0.635559
-0.569276
-0.518177
-0.50597
-0.561744
-1.0214
-1.80297
-2.69744
-3.18874
-3.32418
-3.09996
-2.74094
-2.42017
-0.974413
-0.97181
-0.951983
-0.907257
-0.845631
-0.776285
-0.703446
-0.629451
-0.558575
-0.49693
-0.45888
-0.473407
-0.664796
-0.937697
-1.19012
-1.27473
-1.11816
-0.862956
-0.605327
-0.440185
-0.939072
-0.937532
-0.924734
-0.887444
-0.83113
-0.764001
-0.691222
-0.614529
-0.53514
-0.456999
-0.375583
-0.305597
-0.15144
0.117014
0.542483
1.01617
1.43384
1.73755
1.9137
1.98616
-0.901564
-0.900676
-0.893705
-0.865243
-0.813408
-0.747788
-0.674534
-0.593942
-0.506749
-0.40866
-0.297419
-0.161567
0.0453847
0.513199
1.1633
1.80317
2.32959
2.67342
2.84793
2.91182
-0.866696
-0.866038
-0.862608
-0.843075
-0.796697
-0.731931
-0.657086
-0.573457
-0.481425
-0.376552
-0.258854
-0.121688
0.0234447
0.354471
0.913489
1.44807
1.87781
2.15336
2.294
2.34798
-0.833939
-0.83278
-0.831473
-0.821491
-0.782335
-0.718078
-0.641315
-0.557194
-0.465843
-0.365379
-0.253064
-0.137854
-0.0138784
0.167126
0.55763
0.946802
1.25326
1.46185
1.57517
1.62278
-0.81255
-0.811704
-0.812656
-0.806404
-0.768654
-0.701646
-0.623648
-0.541388
-0.455015
-0.362236
-0.26271
-0.170172
-0.0792492
0.0221648
0.263698
0.533391
0.751101
0.899152
0.975418
1.00381
-0.782455
-0.783701
-0.787488
-0.781735
-0.742171
-0.673623
-0.597288
-0.520823
-0.442922
-0.361336
-0.277975
-0.208622
-0.145858
-0.0843273
0.0715616
0.248797
0.391033
0.485055
0.532402
0.550563
-0.702692
-0.705349
-0.709445
-0.70376
-0.6719
-0.616478
-0.554356
-0.491175
-0.426328
-0.35839
-0.291962
-0.241756
-0.205393
-0.171862
-0.061639
0.0552915
0.144894
0.20434
0.232076
0.241399
-0.580344
-0.582234
-0.584043
-0.581039
-0.564481
-0.534681
-0.496731
-0.45346
-0.405296
-0.352626
-0.301052
-0.267092
-0.254586
-0.24485
-0.161599
-0.0772801
-0.0153916
0.0215546
0.038724
0.0435309
-0.468614
-0.469452
-0.469931
-0.470099
-0.466786
-0.457437
-0.440731
-0.416055
-0.383233
-0.343423
-0.302175
-0.277092
-0.27429
-0.27232
-0.214447
-0.154964
-0.112984
-0.0884921
-0.0775633
-0.0747361
-0.397799
-0.398221
-0.398596
-0.400623
-0.40322
-0.403489
-0.398031
-0.384905
-0.363048
-0.332583
-0.297489
-0.272679
-0.26325
-0.252894
-0.208195
-0.171692
-0.149324
-0.137435
-0.132418
-0.131362
-0.363396
-0.363757
-0.364239
-0.366459
-0.369777
-0.372097
-0.370597
-0.362925
-0.347194
-0.32205
-0.288584
-0.25685
-0.231324
-0.207512
-0.180147
-0.163194
-0.15239
-0.145475
-0.142062
-0.14142
-0.351243
-0.351524
-0.35182
-0.353403
-0.355924
-0.357639
-0.356597
-0.35055
-0.337039
-0.313819
-0.280886
-0.243601
-0.204288
-0.166321
-0.154732
-0.151701
-0.146028
-0.139421
-0.134364
-0.133636
-0.353404
-0.353472
-0.353291
-0.353862
-0.355108
-0.355606
-0.353746
-0.347464
-0.333884
-0.310706
-0.277584
-0.241101
-0.202062
-0.166147
-0.158004
-0.152051
-0.142375
-0.132515
-0.126019
-0.125739
-0.368412
-0.368226
-0.367569
-0.367183
-0.367026
-0.365902
-0.362333
-0.354439
-0.339218
-0.314686
-0.280444
-0.250025
-0.22532
-0.206303
-0.196472
-0.179665
-0.157922
-0.139984
-0.128623
-0.12872
-0.396987
-0.39657
-0.395239
-0.394192
-0.392822
-0.390004
-0.384407
-0.374177
-0.356109
-0.328934
-0.290672
-0.264101
-0.253388
-0.264856
-0.251055
-0.221349
-0.194906
-0.179112
-0.172646
-0.171539
-0.439113
-0.438447
-0.437192
-0.435584
-0.433344
-0.429476
-0.422802
-0.411392
-0.391434
-0.360098
-0.313918
-0.27861
-0.269131
-0.293473
-0.27872
-0.240004
-0.211006
-0.194843
-0.189619
-0.189294
-0.495918
-0.495037
-0.493697
-0.492002
-0.489773
-0.486535
-0.481563
-0.473102
-0.456782
-0.426326
-0.370158
-0.305703
-0.27063
-0.283909
-0.269322
-0.233961
-0.200866
-0.181981
-0.17627
-0.17707
-0.566517
-0.565547
-0.564559
-0.563628
-0.563044
-0.563461
-0.5655
-0.569098
-0.571415
-0.561686
-0.503162
-0.392532
-0.317636
-0.305244
-0.278711
-0.228606
-0.183216
-0.152045
-0.147958
-0.14972
-0.646639
-0.645875
-0.645931
-0.647021
-0.65052
-0.659042
-0.676173
-0.706719
-0.754011
-0.801669
-0.752797
-0.578151
-0.440789
-0.39211
-0.328828
-0.238345
-0.15962
-0.115766
-0.112883
-0.116097
-0.725594
-0.725439
-0.727263
-0.731721
-0.741904
-0.763275
-0.804311
-0.879311
-1.00474
-1.15178
-1.13687
-0.874417
-0.650593
-0.542204
-0.424249
-0.295061
-0.182281
-0.13342
-0.135707
-0.142191
-0.785817
-0.786586
-0.79055
-0.79911
-0.817401
-0.854019
-0.923613
-1.05382
-1.27972
-1.56209
-1.58545
-1.22329
-0.919965
-0.745738
-0.577629
-0.414492
-0.317627
-0.285953
-0.284713
-0.288391
-0.806637
-0.808394
-0.814271
-0.82624
-0.851412
-0.901016
-0.994381
-1.16959
-1.48019
-1.8652
-1.93524
-1.52131
-1.15265
-0.949788
-0.74515
-0.58554
-0.512542
-0.504441
-0.502671
-0.503245
-0.772733
-0.775005
-0.781271
-0.794448
-0.822264
-0.876637
-0.97882
-1.17167
-1.51238
-1.92813
-2.04547
-1.63558
-1.30859
-1.10621
-0.931953
-0.797908
-0.743795
-0.733437
-0.731649
-0.732173
-0.681369
-0.683685
-0.689165
-0.70095
-0.725807
-0.774903
-0.868283
-1.04571
-1.35373
-1.70279
-1.80588
-1.51365
-1.29565
-1.20184
-1.15611
-1.06327
-1.00217
-0.976681
-0.96513
-0.961
-0.547158
-0.548838
-0.552521
-0.560801
-0.579254
-0.616433
-0.687799
-0.823797
-1.06021
-1.30754
-1.34941
-1.21126
-1.15309
-1.21333
-1.39597
-1.37715
-1.2445
-1.17315
-1.13815
-1.12243
-0.393302
-0.394387
-0.396131
-0.400463
-0.41144
-0.43457
-0.479901
-0.56766
-0.727727
-0.90806
-0.951314
-0.891567
-0.898823
-1.04527
-1.30741
-1.34447
-1.20925
-1.12996
-1.08988
-1.07177
-0.244902
-0.245293
-0.245455
-0.246774
-0.251557
-0.262663
-0.285333
-0.330644
-0.420147
-0.547784
-0.600247
-0.589631
-0.549144
-0.632902
-0.823718
-0.882738
-0.839857
-0.805422
-0.787777
-0.778742
-0.118455
-0.118414
-0.117881
-0.118053
-0.119366
-0.122718
-0.130081
-0.145433
-0.176649
-0.244573
-0.276545
-0.231653
-0.208094
-0.254593
-0.360639
-0.406365
-0.407151
-0.403349
-0.402219
-0.402038
-0.0659174
-0.0654287
-0.0649768
-0.0647714
-0.0653735
-0.0672964
-0.0717013
-0.0816828
-0.10761
-0.137123
-0.144147
-0.0959573
-0.101549
-0.161272
-0.20862
-0.225395
-0.225006
-0.224361
-0.225175
-0.0660528
-0.714859
-0.340893
-0.0903986
0.118061
0.286889
0.42272
0.532782
0.626712
0.694037
0.691554
-0.162142
0.00876746
0.164325
0.298267
0.412992
0.509261
0.58885
0.650629
0.688541
0.702939
0.131703
0.237974
0.340414
0.432656
0.513089
0.581588
0.637736
0.680543
0.710887
0.731016
0.328355
0.399888
0.472187
0.539082
0.597311
0.647399
0.689159
0.722718
0.749398
0.768125
0.475903
0.52451
0.58056
0.630094
0.674467
0.713342
0.74685
0.774979
0.798185
0.814188
0.593402
0.632029
0.675431
0.714439
0.750644
0.783302
0.812115
0.836711
0.857081
0.870279
0.694211
0.727557
0.763956
0.798498
0.830837
0.860549
0.886966
0.909421
0.927635
0.938346
0.787542
0.819414
0.85451
0.888563
0.920198
0.949055
0.974429
0.995622
1.0121
1.02088
0.883723
0.918807
0.956073
0.991983
1.02429
1.0529
1.07737
1.09735
1.11232
1.12042
0.997488
1.03789
1.07731
1.11449
1.14655
1.17383
1.19658
1.21496
1.22876
1.23792
1.14187
1.18488
1.22243
1.25621
1.28436
1.30827
1.32898
1.34647
1.3604
1.37158
1.3198
1.35745
1.38575
1.41012
1.4312
1.45056
1.46887
1.48607
1.502
1.51655
1.51759
1.53867
1.55371
1.56961
1.58593
1.60127
1.61502
1.62831
1.64384
1.66222
1.70851
1.71563
1.72615
1.73773
1.74767
1.75689
1.76719
1.77832
1.78996
1.79884
1.92147
1.92325
1.91535
1.89885
1.88773
1.8872
1.89937
1.92399
1.95812
1.98267
2.34114
2.14725
2.04619
1.98839
1.9593
1.95267
1.96788
2.00871
2.08457
2.22753
-0.580885
-0.585393
-0.546448
-0.476471
-0.391989
-0.298238
0.561532
0.631892
0.632574
0.557349
0.489593
0.417052
0.169113
-0.0739531
-0.369403
-0.763832
-1.18474
)
;

boundaryField
{
    wall-4
    {
        type            zeroGradient;
    }
    pressure-outlet-7
    {
        type            fixedValue;
        value           uniform 0;
    }
    velocity-inlet-6
    {
        type            zeroGradient;
    }
    velocity-inlet-5
    {
        type            zeroGradient;
    }
    frontAndBackPlanes
    {
        type            empty;
    }
}


// ************************************************************************* //
