/*--------------------------------*- C++ -*----------------------------------*\
  =========                 |
  \\      /  F ield         | OpenFOAM: The Open Source CFD Toolbox
   \\    /   O peration     | Website:  https://openfoam.org
    \\  /    A nd           | Version:  9
     \\/     M anipulation  |
\*---------------------------------------------------------------------------*/
FoamFile
{
    format      ascii;
    class       volScalarField;
    location    "34";
    object      p;
}
// * * * * * * * * * * * * * * * * * * * * * * * * * * * * * * * * * * * * * //

dimensions      [0 2 -2 0 0 0 0];

internalField   nonuniform List<scalar> 
8800
(
1.11893
1.07114
1.03244
1.00344
0.982564
0.967715
0.957092
0.949577
0.944712
0.942592
0.943776
0.947899
0.954488
0.96376
0.976508
0.994221
1.01898
1.05291
1.09546
1.15416
0.950187
0.957865
0.965328
0.968632
0.96712
0.962029
0.955525
0.949422
0.944657
0.941752
0.941395
0.943818
0.948239
0.954132
0.960862
0.967113
0.970734
0.969986
0.964552
0.955854
0.92861
0.934769
0.938891
0.941826
0.943862
0.944448
0.943316
0.941175
0.939105
0.938121
0.938994
0.941295
0.944028
0.946158
0.946725
0.945496
0.943131
0.93972
0.935154
0.931391
0.922841
0.925489
0.928235
0.930628
0.93225
0.93339
0.934102
0.934177
0.933822
0.933687
0.93434
0.935419
0.936181
0.936184
0.935526
0.934396
0.93255
0.929956
0.92754
0.926036
0.917516
0.918939
0.920713
0.922735
0.924505
0.925824
0.92678
0.927528
0.928073
0.92854
0.929075
0.929462
0.929469
0.929105
0.928347
0.927047
0.92531
0.923431
0.922107
0.921276
0.912511
0.91343
0.914668
0.916226
0.917844
0.919346
0.920597
0.92161
0.922494
0.923273
0.923823
0.924017
0.92386
0.923323
0.922361
0.921092
0.91971
0.918408
0.917566
0.917017
0.907698
0.908367
0.909327
0.910624
0.912021
0.913457
0.914861
0.916126
0.917234
0.918206
0.918859
0.91906
0.918827
0.91819
0.917276
0.916238
0.915149
0.91417
0.913563
0.913161
0.903034
0.903549
0.904334
0.905463
0.906732
0.908086
0.909498
0.91091
0.912238
0.913414
0.914216
0.914476
0.914256
0.913701
0.912955
0.912108
0.911233
0.910478
0.910019
0.909707
0.898457
0.898864
0.899523
0.900534
0.901735
0.903043
0.904449
0.905935
0.907438
0.908846
0.909839
0.910233
0.910154
0.909771
0.909206
0.908532
0.907829
0.907247
0.906895
0.906646
0.893895
0.894224
0.894796
0.895734
0.896892
0.898186
0.899616
0.901178
0.902837
0.904491
0.905739
0.906363
0.906505
0.906324
0.905939
0.905441
0.90489
0.904443
0.904173
0.903969
0.889272
0.889541
0.890053
0.890951
0.892095
0.893413
0.894909
0.896586
0.898425
0.900347
0.90193
0.902874
0.903285
0.903325
0.903125
0.902792
0.902387
0.902057
0.901852
0.901682
0.884526
0.884746
0.885219
0.886111
0.887286
0.888674
0.890283
0.892143
0.894252
0.896533
0.898521
0.899819
0.900519
0.900797
0.900795
0.900617
0.900345
0.900113
0.899963
0.899819
0.879593
0.879773
0.880225
0.881134
0.882377
0.88387
0.885631
0.887719
0.890155
0.892883
0.895373
0.897114
0.898169
0.898733
0.89896
0.898957
0.898816
0.898673
0.898568
0.898446
0.8744
0.874543
0.874988
0.875939
0.87728
0.878919
0.880884
0.883265
0.886119
0.889418
0.892517
0.894783
0.896269
0.897173
0.897667
0.897867
0.897865
0.897811
0.89775
0.897644
0.868875
0.868987
0.869434
0.870444
0.871918
0.87375
0.875994
0.878756
0.882111
0.886081
0.889954
0.892913
0.894927
0.896221
0.896996
0.897424
0.897582
0.897628
0.897612
0.897522
0.862933
0.863
0.863459
0.864552
0.866202
0.868284
0.870877
0.874137
0.878191
0.883063
0.887853
0.891562
0.89419
0.895974
0.897121
0.89779
0.898145
0.898296
0.898322
0.898243
0.856383
0.856451
0.856926
0.858093
0.859918
0.862281
0.865293
0.869133
0.87397
0.87988
0.885837
0.890572
0.893993
0.896388
0.898031
0.899071
0.899674
0.899956
0.900028
0.899956
0.849005
0.849046
0.84956
0.850834
0.85292
0.855683
0.859267
0.863911
0.869825
0.877096
0.884439
0.890313
0.894617
0.897714
0.899934
0.901421
0.902331
0.902773
0.902889
0.902815
0.840482
0.840509
0.841083
0.842507
0.844895
0.848146
0.852431
0.858043
0.86525
0.874167
0.883237
0.89056
0.896005
0.89998
0.902888
0.904899
0.906196
0.906821
0.906975
0.906891
0.830268
0.830295
0.830959
0.832624
0.835446
0.839369
0.844605
0.85152
0.860414
0.871393
0.882538
0.891536
0.898267
0.903253
0.906963
0.909582
0.911294
0.912106
0.912297
0.912196
0.817705
0.817734
0.81855
0.820594
0.82407
0.828949
0.835485
0.844112
0.855156
0.86869
0.88232
0.893304
0.901535
0.907675
0.912273
0.91558
0.917722
0.918719
0.918944
0.918821
0.802014
0.802051
0.8031
0.805721
0.810156
0.816389
0.824705
0.835602
0.849389
0.866052
0.88265
0.895937
0.905896
0.913347
0.918964
0.923002
0.925598
0.926783
0.927041
0.926896
0.782098
0.782151
0.783565
0.787083
0.792962
0.801149
0.811962
0.825901
0.843192
0.863667
0.883717
0.899624
0.911532
0.920457
0.927197
0.932066
0.935153
0.936523
0.936806
0.936634
0.756237
0.756335
0.758381
0.763346
0.771489
0.782548
0.796902
0.814903
0.836602
0.861631
0.885646
0.904487
0.918544
0.929121
0.937111
0.942932
0.94654
0.948079
0.948372
0.948168
0.72141
0.721648
0.724976
0.73259
0.744508
0.760021
0.779403
0.802766
0.829904
0.860241
0.888679
0.910698
0.927075
0.939429
0.948846
0.955685
0.959803
0.961476
0.961754
0.961511
0.6718
0.672919
0.679581
0.692641
0.711101
0.73347
0.759797
0.789952
0.823531
0.859807
0.892992
0.918354
0.937155
0.951402
0.962337
0.970223
0.974821
0.976588
0.976815
0.976522
0.598486
0.606024
0.621383
0.644556
0.672729
0.704256
0.739109
0.777117
0.817882
0.860686
0.899087
0.928204
0.94982
0.966329
0.979081
0.988217
0.993485
0.995509
0.995791
0.995556
0.51995
0.537289
0.562052
0.595778
0.634054
0.674926
0.718425
0.764526
0.812946
0.863092
0.907836
0.941859
0.967303
0.986867
1.00204
1.01303
1.01924
1.02153
1.02192
1.02187
0.455149
0.475333
0.507935
0.55037
0.597439
0.647061
0.698884
0.75288
0.808762
0.865983
0.916737
0.955285
0.984138
1.00628
1.02327
1.03532
1.04233
1.0453
1.0457
1.04573
0.402382
0.424323
0.462136
0.510748
0.564687
0.621557
0.680693
0.741909
0.804779
0.868699
0.925037
0.967628
0.999324
1.02344
1.04179
1.05503
1.06319
1.06611
1.06662
1.06671
0.358775
0.381766
0.423109
0.476494
0.535897
0.598696
0.66408
0.73168
0.800902
0.870984
0.932433
0.978569
1.01266
1.03844
1.05806
1.07221
1.08093
1.08425
1.08496
1.08508
0.321703
0.345322
0.389328
0.446407
0.510246
0.57805
0.648846
0.722098
0.797066
0.872783
0.93886
0.988133
1.02426
1.05139
1.0719
1.08665
1.09579
1.09957
1.10047
1.10061
0.289124
0.313174
0.359232
0.419332
0.48689
0.558997
0.634555
0.712891
0.793101
0.874011
0.944341
0.996428
1.0343
1.0625
1.08367
1.09888
1.10827
1.11237
1.1134
1.11354
0.259519
0.283979
0.331707
0.394362
0.465119
0.540974
0.620784
0.703734
0.788786
0.874563
0.948903
1.00361
1.04307
1.07218
1.09384
1.10936
1.11897
1.12324
1.12429
1.12438
0.231954
0.256792
0.30603
0.370864
0.444411
0.523577
0.607195
0.694364
0.783935
0.874342
0.952561
1.00983
1.0508
1.08076
1.10287
1.11858
1.12825
1.13259
1.13372
1.13377
0.205672
0.230942
0.281577
0.348361
0.424394
0.506506
0.593559
0.684598
0.778402
0.873262
0.955329
1.01519
1.05773
1.08858
1.11115
1.12705
1.13673
1.14106
1.14225
1.14233
0.180395
0.2061
0.257827
0.32653
0.404793
0.48956
0.57972
0.674314
0.772092
0.871267
0.957208
1.01979
1.06404
1.09589
1.11898
1.13509
1.14482
1.14909
1.1502
1.15024
0.155747
0.182047
0.23479
0.305178
0.385445
0.472601
0.56558
0.663436
0.764937
0.868298
0.95819
1.02369
1.06985
1.10284
1.12657
1.14297
1.15274
1.15694
1.15792
1.15789
0.131643
0.158418
0.21231
0.28419
0.366263
0.455568
0.551092
0.651933
0.756908
0.864323
0.958247
1.0269
1.07521
1.10955
1.13403
1.15075
1.16052
1.1646
1.16546
1.16534
0.108007
0.135352
0.190245
0.263509
0.347221
0.43845
0.536255
0.639801
0.747997
0.859302
0.95731
1.02937
1.08014
1.11605
1.14139
1.15845
1.16816
1.17202
1.17272
1.17253
0.0847616
0.112727
0.168574
0.243127
0.32831
0.421262
0.521104
0.627078
0.738218
0.853203
0.95529
1.03101
1.0846
1.12239
1.14874
1.1661
1.17564
1.17919
1.17971
1.17947
0.0619214
0.0905661
0.147349
0.223075
0.309579
0.404048
0.505694
0.613819
0.727608
0.846003
0.952112
1.0317
1.08852
1.12859
1.15614
1.17373
1.1829
1.186
1.18632
1.18604
0.0396599
0.0689413
0.126614
0.203395
0.291078
0.386885
0.490096
0.600107
0.716236
0.83774
0.947713
1.03132
1.09174
1.13462
1.16377
1.18152
1.18995
1.19236
1.19245
1.19215
0.0180137
0.0478978
0.106401
0.18415
0.272871
0.36984
0.474407
0.586029
0.704191
0.828456
0.942046
1.02969
1.09405
1.14039
1.17183
1.18992
1.19711
1.19827
1.198
1.19773
-0.00307485
0.0274827
0.0867541
0.165381
0.255027
0.352999
0.458718
0.571696
0.691577
0.818225
0.935075
1.02667
1.0952
1.1456
1.18036
1.19967
1.20535
1.20422
1.20297
1.20293
-0.023425
0.00772526
0.0677383
0.147161
0.237612
0.336448
0.44313
0.557223
0.678518
0.807156
0.926817
1.02213
1.09486
1.14971
1.18898
1.21139
1.21681
1.2127
1.20875
1.20785
-0.0431249
-0.0113622
0.0493378
0.129464
0.220592
0.32014
0.427582
0.542548
0.664941
0.795177
0.917145
1.01581
1.0927
1.15199
1.19658
1.2246
1.23339
1.22942
1.21911
1.20253
-0.0620973
-0.0297685
0.031432
0.112098
0.203673
0.303735
0.411651
0.527175
0.650292
0.781627
0.905376
1.00686
1.08805
1.15132
1.20062
1.23554
1.2487
1.23877
1.22094
1.20454
-0.0801638
-0.0476224
0.0142105
0.0953028
0.18716
0.287585
0.395567
0.51144
0.634896
0.766797
0.89166
0.994922
1.08037
1.14667
1.19603
1.23083
1.2474
1.22825
1.1583
1.12565
-0.0966656
-0.0661035
-0.00199668
0.0796723
0.171774
0.272186
0.379627
0.49557
0.618975
0.750828
0.875987
0.979817
1.06856
1.13795
1.17868
1.20548
1.20602
1.15575
1.0849
1.0408
-0.153042
-0.0823618
-0.0169069
0.0640956
0.15605
0.256124
0.363769
0.479292
0.602172
0.733295
0.85782
0.96115
1.04922
1.12581
1.13063
1.14398
1.10709
1.04195
0.965366
0.922296
-0.114524
-0.0984433
-0.03869
0.0420358
0.133175
0.232992
0.339645
0.45436
0.576017
0.705324
0.82723
0.928116
1.00764
1.085
1.08086
0.97597
0.873433
0.802075
0.728886
0.763122
-0.146033
-0.116589
-0.0559319
0.0241902
0.115391
0.21488
0.321714
0.435723
0.556209
0.683539
0.802356
0.899137
0.971098
1.01181
0.967628
0.824466
0.697572
0.606861
0.50707
0.560819
-0.170377
-0.137977
-0.0760655
0.00435078
0.0956397
0.194988
0.301677
0.414781
0.533779
0.658598
0.773582
0.864768
0.927161
0.936529
0.8342
0.661163
0.506864
0.386495
0.2538
0.288954
-0.194214
-0.160258
-0.0971357
-0.0158611
0.0756165
0.174835
0.28099
0.393076
0.510414
0.632408
0.742788
0.827734
0.87515
0.85294
0.69742
0.498862
0.304765
0.129715
-0.0660662
-0.0783729
-0.217393
-0.183041
-0.11902
-0.0369928
0.0547113
0.153751
0.259263
0.370232
0.485684
0.604521
0.709759
0.787594
0.817959
0.760966
0.567466
0.353154
0.12977
-0.0683308
-0.321541
-0.640029
-0.240866
-0.20653
-0.141991
-0.0594497
0.0324949
0.131414
0.236361
0.346199
0.459688
0.575172
0.675105
0.744744
0.757578
0.649955
0.454798
0.240842
0.0303724
-0.148479
-0.216074
-0.30814
-0.265534
-0.231186
-0.16638
-0.0835754
0.00847824
0.107192
0.211487
0.320035
0.431271
0.542929
0.63715
0.696861
0.684763
0.542606
0.35542
0.161202
-0.00532055
-0.0998485
-0.123739
-0.140901
-0.291723
-0.257332
-0.192353
-0.109451
-0.0174635
0.080887
0.184301
0.291269
0.399857
0.507082
0.595111
0.642488
0.611061
0.442797
0.265475
0.0975127
-0.0322988
-0.0706484
-0.0851513
-0.0869146
-0.319643
-0.285127
-0.219969
-0.137058
-0.0452682
0.0525072
0.154802
0.259871
0.365391
0.467635
0.548725
0.582771
0.534244
0.349396
0.18155
0.0318518
-0.0499625
-0.0656966
-0.0671375
-0.0671298
-0.349332
-0.314574
-0.249243
-0.166377
-0.0749318
0.0220843
0.123009
0.225846
0.327888
0.424684
0.49789
0.521079
0.438109
0.26319
0.103405
-0.0200832
-0.054771
-0.0574317
-0.0577244
-0.0571878
-0.38049
-0.345533
-0.280047
-0.197302
-0.106343
-0.0102995
0.0889835
0.189254
0.287395
0.378327
0.443231
0.4507
0.343904
0.182432
0.0396869
-0.0406548
-0.0497917
-0.0514917
-0.0521252
-0.051843
-0.412543
-0.377504
-0.312113
-0.229592
-0.139288
-0.0444519
0.0529145
0.150266
0.244116
0.32879
0.38572
0.376376
0.258697
0.109785
-0.0125705
-0.034315
-0.0472675
-0.0490631
-0.0479068
-0.0473554
-0.44504
-0.410002
-0.344936
-0.262833
-0.173388
-0.0800109
0.0151288
0.109218
0.198395
0.276673
0.325126
0.304305
0.178466
0.0428754
-0.0517885
-0.0820827
-0.0598813
-0.0468717
-0.0433941
-0.0424176
-0.477135
-0.442337
-0.377712
-0.296378
-0.208072
-0.116449
-0.0238581
0.0666456
0.150779
0.222671
0.261749
0.235629
0.106624
-0.0136781
-0.0883594
-0.0684591
-0.0597019
-0.0525659
-0.0465243
-0.043622
-0.507259
-0.473342
-0.409551
-0.329326
-0.24252
-0.152994
-0.0632991
0.0233213
0.102106
0.167329
0.200878
0.161925
0.0444475
-0.0579735
-0.129117
-0.111136
-0.0844659
-0.0656019
-0.0586118
-0.0557629
-0.534014
-0.50106
-0.439329
-0.360529
-0.275667
-0.188611
-0.102193
-0.0197557
0.053621
0.111447
0.145191
0.0836433
-0.0125138
-0.0475638
-0.0570063
-0.0951256
-0.107743
-0.110579
-0.11063
-0.108887
-0.555403
-0.524289
-0.464947
-0.388555
-0.30619
-0.222062
-0.139237
-0.0612973
0.00669692
0.0564293
0.0900215
0.00687833
-0.0900795
-0.0452405
-0.0379235
-0.153462
-0.240662
-0.274113
-0.271358
-0.264343
-0.569447
-0.540969
-0.484854
-0.411606
-0.332459
-0.251838
-0.172931
-0.0996278
-0.0372241
0.00481342
0.0321246
-0.080023
-0.256627
-0.413488
-0.420724
-0.437828
-0.483541
-0.489526
-0.473502
-0.467992
-0.573706
-0.549106
-0.497231
-0.427965
-0.35274
-0.276194
-0.201467
-0.132714
-0.076121
-0.0408888
-0.0277658
-0.186579
-0.414708
-0.681075
-0.649985
-0.560315
-0.558182
-0.542073
-0.539061
-0.539661
-0.566569
-0.546461
-0.500086
-0.436069
-0.365477
-0.293401
-0.222873
-0.158259
-0.106661
-0.0783698
-0.0871699
-0.242954
-0.341055
-0.222695
-0.0697447
-0.294319
-0.517094
-0.556108
-0.562646
-0.562389
-0.54613
-0.530395
-0.491895
-0.43474
-0.369584
-0.302087
-0.235381
-0.173688
-0.124632
-0.101288
-0.121934
-0.25968
-0.465055
-0.645438
-0.884087
-1.27272
-1.22357
-0.943104
-0.764531
-0.755912
-0.513851
-0.503226
-0.472981
-0.424109
-0.364807
-0.301663
-0.237753
-0.17705
-0.12655
-0.100227
-0.126056
-0.314551
-0.806864
-1.57905
-2.14878
-2.44737
-2.35507
-2.01678
-1.67733
-1.49321
-0.474474
-0.468294
-0.447002
-0.406214
-0.352588
-0.292808
-0.229864
-0.167403
-0.11081
-0.0717127
-0.0782147
-0.210657
-0.517812
-0.876817
-1.21349
-1.3386
-1.20306
-0.956408
-0.737122
-0.603918
-0.434755
-0.431315
-0.418759
-0.385527
-0.335982
-0.277775
-0.213725
-0.145532
-0.0775873
-0.0095497
0.0420906
0.111088
0.220166
0.460396
0.766037
1.0936
1.37845
1.57485
1.6901
1.73673
-0.401002
-0.398969
-0.392373
-0.366482
-0.319885
-0.260299
-0.192731
-0.116973
-0.0323371
0.0613395
0.180952
0.333284
0.68452
1.22578
1.82329
2.36932
2.78521
3.03373
3.14177
3.17172
-0.369929
-0.369372
-0.367456
-0.349791
-0.306196
-0.244576
-0.172322
-0.0904378
0.00337794
0.112503
0.236017
0.371224
0.630046
1.15512
1.71481
2.22092
2.59311
2.81125
2.91259
2.94231
-0.342918
-0.342498
-0.342181
-0.331926
-0.293371
-0.230592
-0.15469
-0.0692064
0.0252467
0.133884
0.248579
0.37429
0.538842
0.938376
1.40798
1.80496
2.10832
2.28742
2.36899
2.39173
-0.320799
-0.31941
-0.319047
-0.31416
-0.280106
-0.215949
-0.137445
-0.0515189
0.0407374
0.145334
0.252955
0.363162
0.479358
0.726494
1.07416
1.36978
1.59276
1.72149
1.7783
1.792
-0.309665
-0.309664
-0.311911
-0.307262
-0.268317
-0.197339
-0.115856
-0.0315818
0.0561324
0.151713
0.244212
0.329659
0.412702
0.570881
0.803555
1.0056
1.15659
1.2451
1.2851
1.29288
-0.287937
-0.292369
-0.297066
-0.288345
-0.243093
-0.165898
-0.0853543
-0.00672605
0.0718143
0.154004
0.23077
0.295612
0.359486
0.453765
0.608135
0.741594
0.837893
0.893377
0.915959
0.919547
-0.20618
-0.212313
-0.217977
-0.208393
-0.167579
-0.104831
-0.0384874
0.0264556
0.0910547
0.157761
0.218029
0.263913
0.30577
0.365652
0.465562
0.552428
0.612864
0.6461
0.660001
0.661143
-0.0630232
-0.0669261
-0.0708347
-0.0666557
-0.0459019
-0.0129882
0.0260624
0.0687034
0.114596
0.16412
0.207134
0.236489
0.260782
0.298774
0.362481
0.420017
0.458587
0.479425
0.487549
0.487234
0.0816933
0.0800011
0.0766698
0.0727614
0.0729693
0.0787359
0.0921006
0.112589
0.140163
0.172938
0.202224
0.219834
0.23141
0.255142
0.297381
0.334946
0.359757
0.372336
0.376692
0.375902
0.179861
0.179184
0.175922
0.167742
0.156108
0.147343
0.145172
0.150842
0.164587
0.184856
0.203612
0.21336
0.216465
0.235877
0.266862
0.290394
0.30404
0.309999
0.311593
0.310629
0.228298
0.227808
0.224777
0.216416
0.203311
0.190548
0.181978
0.179792
0.185019
0.197068
0.210435
0.217886
0.220441
0.235405
0.257666
0.272083
0.279329
0.281856
0.282093
0.281076
0.245451
0.245007
0.242634
0.23619
0.225573
0.214045
0.204674
0.199761
0.200796
0.208564
0.220419
0.230893
0.239418
0.252295
0.264596
0.271397
0.274577
0.275948
0.276247
0.275333
0.247409
0.247002
0.245287
0.240944
0.233602
0.224991
0.217157
0.212142
0.211603
0.217575
0.230309
0.246357
0.262315
0.274052
0.279551
0.281577
0.28343
0.284374
0.284698
0.2836
0.243702
0.243343
0.242127
0.239337
0.234606
0.228657
0.22277
0.218511
0.217515
0.222565
0.236463
0.258515
0.281994
0.29209
0.290678
0.291142
0.293534
0.297138
0.298164
0.296643
0.238829
0.238518
0.237613
0.235713
0.232672
0.228605
0.224206
0.22049
0.218882
0.222066
0.234714
0.258336
0.285209
0.292504
0.288422
0.290821
0.295651
0.301208
0.30328
0.301591
0.234466
0.234201
0.233481
0.23197
0.229671
0.226764
0.223173
0.219452
0.21636
0.215577
0.221391
0.237782
0.258371
0.260504
0.256702
0.262949
0.275239
0.285307
0.288044
0.285931
0.230901
0.230692
0.230143
0.228887
0.226933
0.224267
0.221091
0.216972
0.21172
0.204869
0.197757
0.194694
0.195514
0.190939
0.196806
0.213455
0.22997
0.240794
0.242467
0.240199
0.227743
0.227606
0.227255
0.226305
0.224607
0.222313
0.218969
0.214642
0.207347
0.194128
0.170384
0.13853
0.105445
0.10176
0.12167
0.14525
0.161624
0.169358
0.170816
0.169987
0.224247
0.224183
0.224051
0.223581
0.222179
0.220578
0.218071
0.214063
0.206581
0.189692
0.153006
0.0900493
0.0319242
0.0306714
0.0618309
0.0870226
0.0974335
0.100883
0.102006
0.101857
0.219628
0.219676
0.219882
0.220044
0.219904
0.219003
0.21817
0.216263
0.210866
0.195156
0.157005
0.0873742
0.0241949
0.028813
0.0492631
0.0575764
0.0585313
0.056513
0.0565335
0.0565239
0.212885
0.213025
0.213431
0.214026
0.215029
0.216631
0.218606
0.220686
0.22068
0.212219
0.187835
0.133764
0.0918417
0.0850686
0.0814642
0.0634564
0.0474601
0.0386579
0.0382061
0.0391425
0.202697
0.203037
0.204078
0.206
0.208701
0.212761
0.218174
0.225509
0.23338
0.23789
0.234445
0.209849
0.187107
0.16449
0.130296
0.0933251
0.0656401
0.0529519
0.0508126
0.0512581
0.186087
0.18663
0.188378
0.191698
0.196824
0.204244
0.214554
0.227742
0.243545
0.261819
0.273154
0.277466
0.273526
0.229093
0.176906
0.133114
0.104096
0.087889
0.0836547
0.0847237
0.160099
0.160868
0.163395
0.168363
0.176239
0.187284
0.201947
0.220846
0.244362
0.270703
0.292736
0.301004
0.296702
0.246378
0.198179
0.169954
0.152669
0.140439
0.134955
0.135527
0.122217
0.123076
0.126019
0.132561
0.142755
0.156905
0.175466
0.198315
0.223671
0.249933
0.268952
0.272737
0.257289
0.216389
0.191957
0.180787
0.178855
0.168871
0.16317
0.162481
0.0721262
0.072945
0.0762384
0.0823292
0.0916808
0.10463
0.121819
0.141998
0.158672
0.170971
0.190292
0.18952
0.167862
0.132265
0.129169
0.137025
0.141557
0.131609
0.126921
0.126413
0.0162772
0.0158936
0.0157115
0.0158404
0.0173362
0.0199742
0.0234021
0.026015
0.0228104
0.0232119
0.0362329
0.0527935
0.0529315
0.0466378
0.037713
0.0337643
0.0192848
0.0272935
0.0303726
0.0316601
0.171651
0.348579
0.555312
0.73315
0.876241
0.99015
1.08504
1.16518
1.201
1.1779
0.493872
0.620913
0.756964
0.874778
0.974498
1.0574
1.12449
1.17199
1.19595
1.20785
0.723993
0.810806
0.90354
0.985764
1.05657
1.11583
1.16289
1.19723
1.22192
1.23972
0.89162
0.952972
1.018
1.07748
1.12926
1.1732
1.20921
1.23786
1.26125
1.27944
1.02164
1.06665
1.11408
1.15939
1.19946
1.23438
1.26421
1.28895
1.30972
1.32749
1.12862
1.16255
1.20172
1.23829
1.2718
1.30176
1.32789
1.34981
1.36792
1.38524
1.22283
1.25215
1.28688
1.31965
1.35015
1.37779
1.40191
1.4219
1.43759
1.45466
1.31249
1.34209
1.37657
1.409
1.43896
1.46585
1.48896
1.50763
1.52114
1.53818
1.40849
1.44187
1.47883
1.51268
1.54296
1.56934
1.59146
1.60886
1.62082
1.63823
1.52398
1.56181
1.60066
1.63511
1.6646
1.68947
1.70994
1.72591
1.73743
1.75552
1.66924
1.7079
1.74402
1.77479
1.80056
1.82272
1.84184
1.85741
1.86988
1.88789
1.84429
1.87612
1.90234
1.9248
1.94482
1.96358
1.98133
1.99784
2.01321
2.03129
2.03298
2.05026
2.06538
2.08164
2.09757
2.11213
2.12535
2.1393
2.15686
2.17702
2.21489
2.22437
2.23593
2.24676
2.25605
2.26566
2.27647
2.28785
2.29922
2.31458
2.42206
2.42575
2.41081
2.39601
2.38976
2.39545
2.41394
2.44426
2.47644
2.5031
2.72839
2.59353
2.51691
2.47457
2.45716
2.46113
2.48853
2.54495
2.64758
2.87194
1.00952
1.00739
1.0029
0.994274
0.982041
0.969899
0.959651
0.951725
0.946062
0.942745
0.942308
0.944957
0.949988
0.957155
0.966502
0.978012
0.990641
1.00166
1.00777
1.01081
0.933991
0.939835
0.946171
0.950655
0.953114
0.952775
0.950018
0.946177
0.94262
0.94029
0.940052
0.942158
0.945743
0.949971
0.953733
0.955583
0.954622
0.951121
0.945944
0.939317
0.925599
0.927895
0.931294
0.934282
0.936346
0.937826
0.938557
0.938204
0.937126
0.936168
0.936244
0.937569
0.939299
0.940535
0.940661
0.93973
0.938149
0.935789
0.932509
0.929581
0.920131
0.921217
0.923046
0.925416
0.927428
0.928839
0.929833
0.930543
0.930885
0.931024
0.931402
0.932092
0.932588
0.932571
0.932092
0.931191
0.929681
0.927563
0.925454
0.924064
0.914985
0.915648
0.916752
0.91845
0.920219
0.921833
0.923101
0.924071
0.924886
0.925578
0.926176
0.926587
0.926658
0.926388
0.925737
0.924614
0.923132
0.921544
0.920197
0.919409
0.910084
0.910544
0.911327
0.912621
0.914099
0.9156
0.917036
0.918286
0.919346
0.920288
0.921047
0.921443
0.921437
0.921032
0.920225
0.919144
0.917944
0.916751
0.915799
0.915275
0.905352
0.905696
0.906306
0.907372
0.908659
0.910018
0.911429
0.912826
0.914117
0.915266
0.916188
0.916671
0.916655
0.916208
0.915464
0.914568
0.913618
0.912674
0.911957
0.911571
0.90074
0.901006
0.901499
0.902411
0.903579
0.904863
0.906229
0.907666
0.909118
0.91049
0.911614
0.912222
0.912276
0.911937
0.911359
0.910642
0.909865
0.909122
0.908575
0.90828
0.896182
0.896391
0.896802
0.897608
0.898702
0.899941
0.901292
0.902761
0.904321
0.905894
0.907258
0.908069
0.90831
0.908163
0.90777
0.90723
0.906616
0.906036
0.905618
0.905387
0.891599
0.891765
0.892116
0.892854
0.893906
0.895125
0.8965
0.898036
0.899722
0.901508
0.903155
0.904254
0.904754
0.904836
0.904637
0.904272
0.903824
0.903384
0.90307
0.902887
0.886921
0.887052
0.88736
0.888058
0.889104
0.890353
0.891793
0.893446
0.895313
0.897355
0.899348
0.900819
0.90163
0.901963
0.901976
0.90178
0.901479
0.901161
0.900932
0.900789
0.882091
0.882192
0.88247
0.883152
0.884224
0.885543
0.887089
0.888912
0.891033
0.893427
0.895859
0.897761
0.898923
0.899542
0.899788
0.899781
0.899627
0.899424
0.899268
0.899156
0.877038
0.877112
0.877371
0.87806
0.879186
0.880609
0.8823
0.884335
0.886771
0.889606
0.892586
0.895016
0.896612
0.897583
0.898106
0.898317
0.898315
0.898226
0.898136
0.898051
0.871691
0.87174
0.871983
0.872691
0.873899
0.87546
0.877352
0.879668
0.882479
0.885836
0.889485
0.892588
0.894735
0.896135
0.896973
0.897425
0.897607
0.897644
0.897625
0.897566
0.865959
0.865976
0.866215
0.866966
0.868295
0.87005
0.87221
0.874907
0.87825
0.882304
0.886787
0.890688
0.893462
0.895336
0.896545
0.897256
0.897662
0.897835
0.897883
0.897847
0.859753
0.859763
0.859984
0.860772
0.862219
0.864185
0.866658
0.869799
0.873761
0.878662
0.884176
0.889058
0.892634
0.895152
0.896833
0.89791
0.898596
0.898934
0.899057
0.899043
0.852808
0.852781
0.853036
0.853887
0.855494
0.857715
0.860602
0.864328
0.869091
0.875041
0.881822
0.887923
0.89244
0.895683
0.89796
0.89953
0.900552
0.9011
0.901313
0.901318
0.84491
0.844863
0.845132
0.846072
0.847878
0.850458
0.853875
0.858352
0.864147
0.871449
0.879795
0.887328
0.892987
0.897121
0.900099
0.902233
0.903658
0.904466
0.904775
0.90479
0.835603
0.83554
0.835856
0.836935
0.838999
0.842027
0.846119
0.851548
0.858626
0.867572
0.877844
0.887164
0.894207
0.89941
0.903233
0.906035
0.907963
0.909065
0.909472
0.909489
0.824276
0.824195
0.824594
0.825894
0.828363
0.832056
0.837099
0.843834
0.852623
0.863691
0.876308
0.88771
0.896327
0.902756
0.907525
0.911058
0.913535
0.914938
0.91544
0.915458
0.810218
0.810117
0.810648
0.812295
0.815374
0.820012
0.826367
0.834838
0.845821
0.859524
0.874997
0.888877
0.899361
0.907192
0.913061
0.917428
0.920482
0.922191
0.922787
0.922804
0.792507
0.792386
0.793128
0.795305
0.799298
0.805325
0.813535
0.824381
0.838246
0.855254
0.874137
0.89089
0.903497
0.912915
0.920012
0.925287
0.928979
0.931009
0.931695
0.931709
0.769775
0.769644
0.770745
0.773758
0.779156
0.787237
0.79811
0.812211
0.829824
0.850912
0.873828
0.893865
0.908846
0.920058
0.928519
0.934828
0.939228
0.941588
0.942353
0.942356
0.739747
0.739651
0.741406
0.74585
0.753565
0.764847
0.779646
0.798224
0.820671
0.846715
0.874286
0.897981
0.915571
0.928724
0.938696
0.946192
0.951345
0.954014
0.954841
0.954821
0.698258
0.698343
0.701522
0.708908
0.720871
0.73741
0.758017
0.782645
0.811131
0.842998
0.875771
0.903416
0.923769
0.939003
0.950615
0.959413
0.965312
0.968228
0.969079
0.969025
0.637581
0.638834
0.646557
0.660434
0.68016
0.705046
0.733797
0.766144
0.801797
0.84018
0.878512
0.910262
0.933468
0.95085
0.964157
0.974174
0.980766
0.98391
0.984695
0.984596
0.5652
0.567196
0.581791
0.605684
0.636286
0.670959
0.70866
0.749308
0.792714
0.838382
0.883309
0.92035
0.947543
0.96808
0.983818
0.995457
1.00314
1.00675
1.00774
1.00772
0.490849
0.497454
0.518854
0.552788
0.593513
0.637734
0.68435
0.733313
0.784539
0.837599
0.889305
0.931845
0.963181
0.98698
1.00536
1.01909
1.0279
1.0313
1.03222
1.0324
0.430903
0.439423
0.465554
0.506329
0.554768
0.606988
0.661558
0.718268
0.776922
0.837056
0.89521
0.942832
0.977818
1.00429
1.02451
1.03949
1.04889
1.05325
1.05488
1.05516
0.382301
0.391377
0.420953
0.466636
0.520955
0.579555
0.64078
0.704293
0.7697
0.836411
0.900547
0.952775
0.990899
1.01952
1.04131
1.05749
1.06807
1.07312
1.07505
1.07538
0.341779
0.351068
0.382939
0.43235
0.491331
0.555129
0.621986
0.691423
0.762863
0.835565
0.905181
0.961522
1.00236
1.03281
1.05587
1.073
1.0844
1.09007
1.09223
1.09257
0.306742
0.316117
0.349702
0.4021
0.464835
0.532993
0.604718
0.679381
0.756263
0.834435
0.909068
0.969123
1.01231
1.04426
1.06827
1.0861
1.09801
1.10415
1.10646
1.10684
0.275503
0.284919
0.319809
0.374692
0.440569
0.512456
0.588451
0.667798
0.749638
0.832864
0.912168
0.975656
1.02096
1.05419
1.07896
1.09726
1.10949
1.116
1.11841
1.1188
0.246792
0.256271
0.292279
0.349273
0.417836
0.492973
0.572752
0.656328
0.742728
0.830695
0.914443
0.981209
1.02852
1.06291
1.08834
1.10696
1.11942
1.12608
1.12847
1.12889
0.219788
0.229324
0.266353
0.325189
0.396154
0.474157
0.557307
0.64472
0.735344
0.827794
0.915848
0.985859
1.03516
1.07071
1.09676
1.11569
1.12827
1.13501
1.1374
1.1377
0.193951
0.203609
0.241574
0.301995
0.375155
0.455721
0.541904
0.63281
0.727346
0.824059
0.916347
0.989657
1.04106
1.07785
1.10459
1.12385
1.13656
1.14328
1.14566
1.14591
0.168882
0.178745
0.217522
0.279496
0.354597
0.437472
0.526396
0.620484
0.718652
0.819423
0.915902
0.992644
1.04631
1.0845
1.11204
1.13171
1.14457
1.15126
1.15355
1.15381
0.144388
0.15449
0.194063
0.257517
0.334354
0.4193
0.510698
0.607684
0.709207
0.81384
0.914484
0.994822
1.05099
1.09079
1.11927
1.13943
1.15247
1.15911
1.16127
1.16147
0.120416
0.130754
0.17117
0.235934
0.314354
0.40117
0.494784
0.59439
0.698998
0.807276
0.912044
0.996162
1.05511
1.09675
1.12634
1.14706
1.16024
1.16677
1.16876
1.16889
0.0968654
0.107535
0.148691
0.214706
0.294575
0.383067
0.478662
0.580621
0.688039
0.799727
0.90852
0.99657
1.05861
1.10242
1.13331
1.15463
1.16792
1.17426
1.17602
1.17605
0.0737904
0.0847578
0.126695
0.193847
0.275032
0.365021
0.462379
0.566428
0.676367
0.79119
0.903855
0.995945
1.06142
1.10778
1.14024
1.16222
1.17547
1.18145
1.18293
1.18287
0.0511697
0.0624635
0.105208
0.173402
0.255768
0.347081
0.445992
0.551881
0.66405
0.781698
0.898019
0.994193
1.06339
1.11277
1.1472
1.16993
1.18292
1.1883
1.1894
1.18925
0.0292026
0.0407482
0.0842631
0.153418
0.236847
0.329332
0.429576
0.537062
0.65117
0.771323
0.891004
0.991202
1.06436
1.11725
1.15426
1.17805
1.19051
1.19482
1.19534
1.19511
0.00775963
0.019663
0.0639023
0.133934
0.21831
0.31182
0.413229
0.522061
0.637827
0.76016
0.882831
0.986869
1.06411
1.12098
1.16138
1.187
1.19891
1.20136
1.20074
1.20035
-0.0129847
-0.000756464
0.044167
0.11501
0.200244
0.294634
0.397038
0.507004
0.624141
0.748287
0.873556
0.981119
1.06243
1.12357
1.16821
1.19705
1.20936
1.20946
1.20624
1.20475
-0.0330819
-0.0205467
0.0251153
0.0967049
0.182694
0.277848
0.381089
0.491975
0.610228
0.73585
0.863273
0.973895
1.05915
1.12458
1.17397
1.20769
1.22302
1.22265
1.21536
1.20549
-0.0524461
-0.0396623
0.00664945
0.0788666
0.165449
0.261173
0.365037
0.476557
0.595617
0.722318
0.851413
0.964567
1.05366
1.12336
1.17745
1.21741
1.23913
1.24191
1.23239
1.2237
-0.0710204
-0.0580148
-0.0112269
0.0615404
0.148523
0.244608
0.348903
0.460736
0.580271
0.707588
0.837811
0.952806
1.0453
1.11921
1.17619
1.22061
1.24536
1.25335
1.21674
1.16324
-0.0885227
-0.0748262
-0.0284043
0.0447925
0.131811
0.228019
0.332645
0.444632
0.564259
0.691736
0.822431
0.938481
1.03311
1.11181
1.16824
1.20604
1.23187
1.22106
1.16405
1.09913
-0.105276
-0.090689
-0.0446918
0.0292534
0.115651
0.211888
0.316039
0.428308
0.547729
0.674938
0.805305
0.92147
1.01603
1.10232
1.15212
1.20441
1.17608
1.13548
1.06591
0.997221
-0.0914419
-0.0733142
-0.024445
0.0538444
0.145228
0.245321
0.354886
0.470147
0.592654
0.723252
0.847188
0.950104
1.03628
1.12803
1.17645
1.09671
1.05222
0.989963
0.917017
0.868581
-0.115969
-0.0996278
-0.0637883
0.00465903
0.0906025
0.186302
0.290599
0.402234
0.520837
0.646739
0.775106
0.889342
0.980562
1.06066
1.13225
1.13348
1.01317
0.929964
0.867365
0.78381
-0.136362
-0.120639
-0.0791066
-0.00923328
0.0769931
0.172315
0.275423
0.38613
0.503716
0.628128
0.754643
0.866545
0.954786
1.02224
1.0493
0.97915
0.839548
0.743456
0.667896
0.578546
-0.157189
-0.144569
-0.0985649
-0.0273818
0.0590449
0.154567
0.257622
0.367979
0.484621
0.607453
0.731035
0.838336
0.919328
0.971406
0.949934
0.821971
0.669329
0.550671
0.45172
0.313063
-0.181265
-0.168127
-0.12003
-0.04769
0.0390885
0.134647
0.237582
0.347323
0.462816
0.583703
0.703842
0.805835
0.879074
0.911146
0.854116
0.671486
0.48803
0.33187
0.187281
-0.011906
-0.204304
-0.191547
-0.142185
-0.0686512
0.0186614
0.114192
0.216756
0.32563
0.439731
0.558313
0.674628
0.770767
0.835534
0.837797
0.729982
0.52928
0.313257
0.107154
-0.0762549
-0.486307
-0.227399
-0.215013
-0.16514
-0.0907144
-0.00296366
0.0926101
0.194798
0.302795
0.415396
0.531441
0.643608
0.733255
0.787334
0.756342
0.607131
0.403388
0.181254
-0.036668
-0.222882
-0.522574
-0.251424
-0.239185
-0.189121
-0.114136
-0.0260712
0.0695576
0.171409
0.278556
0.389604
0.502945
0.610721
0.693383
0.734092
0.685723
0.496744
0.301266
0.0994796
-0.0710955
-0.143336
-0.179226
-0.276861
-0.264778
-0.214507
-0.139221
-0.0510445
0.0444758
0.145836
0.251905
0.361079
0.471244
0.573988
0.648985
0.674973
0.595806
0.398475
0.216258
0.0494573
-0.0586723
-0.0950168
-0.106129
-0.303897
-0.291877
-0.241461
-0.165984
-0.0778234
0.0174181
0.118074
0.222809
0.329742
0.436241
0.533258
0.600441
0.603484
0.491009
0.308913
0.140614
7.04336e-05
-0.0572767
-0.0697844
-0.0753777
-0.332684
-0.320766
-0.27005
-0.19443
-0.10639
-0.0116033
0.0881365
0.191245
0.295569
0.397966
0.488581
0.547504
0.524653
0.392222
0.223315
0.0661883
-0.0345874
-0.0682325
-0.0627847
-0.0624423
-0.363077
-0.35127
-0.300244
-0.224508
-0.13669
-0.042523
0.0560592
0.157251
0.258597
0.356426
0.440237
0.488852
0.451613
0.298961
0.14548
0.00603272
-0.0359203
-0.0490696
-0.0538681
-0.0543959
-0.39477
-0.38292
-0.331814
-0.256031
-0.168569
-0.0752083
0.0219677
0.120941
0.218921
0.311765
0.388509
0.425525
0.383764
0.21706
0.0753166
-0.0236522
-0.0724274
-0.0554006
-0.0511602
-0.0502801
-0.427271
-0.415459
-0.364429
-0.288672
-0.201713
-0.109376
-0.0138673
0.0825653
0.176801
0.264319
0.333663
0.362236
0.300997
0.142301
0.0144172
-0.0468319
-0.0508931
-0.0492007
-0.046842
-0.0457292
-0.459762
-0.448187
-0.397108
-0.321896
-0.23563
-0.14457
-0.0510339
0.042536
0.13267
0.214563
0.276667
0.294574
0.215628
0.0757946
-0.040366
-0.0447569
-0.0530207
-0.0509609
-0.0453422
-0.0422282
-0.491223
-0.480041
-0.429318
-0.354787
-0.269605
-0.180128
-0.0888867
0.00148724
0.0872238
0.163065
0.218934
0.220364
0.138336
0.0194869
-0.0855722
-0.129667
-0.0914337
-0.0651237
-0.054454
-0.049758
-0.520173
-0.509462
-0.459797
-0.386333
-0.302646
-0.215134
-0.126553
-0.0397168
0.0414044
0.110814
0.161377
0.152891
0.0621409
-0.0187177
-0.104253
-0.124975
-0.098923
-0.0835795
-0.0768424
-0.0746571
-0.545051
-0.535048
-0.486803
-0.415166
-0.333546
-0.248408
-0.162901
-0.079926
-0.00362536
0.0594206
0.103643
0.0911656
-0.0153606
-0.0414678
-0.00370166
-0.0647419
-0.133797
-0.169298
-0.176244
-0.173607
-0.563726
-0.554599
-0.508555
-0.439485
-0.360714
-0.278578
-0.196491
-0.117681
-0.0464513
0.0105406
0.0450042
0.0285961
-0.105239
-0.174793
-0.112515
-0.211083
-0.322737
-0.38698
-0.390879
-0.375785
-0.574344
-0.566023
-0.523141
-0.457595
-0.382385
-0.303938
-0.225784
-0.151249
-0.0851702
-0.0342546
-0.0132454
-0.0385892
-0.234632
-0.495925
-0.759295
-0.587976
-0.54759
-0.544494
-0.527454
-0.515975
-0.57318
-0.566254
-0.529111
-0.467675
-0.396884
-0.322788
-0.248902
-0.17863
-0.117331
-0.0729941
-0.0633866
-0.106947
-0.335519
-0.463208
-0.407731
-0.346464
-0.498641
-0.559786
-0.551162
-0.549649
-0.558971
-0.55424
-0.524005
-0.468475
-0.402772
-0.333652
-0.264099
-0.197625
-0.139988
-0.100876
-0.0970077
-0.161438
-0.30744
-0.334315
-0.0943985
-0.267764
-0.507668
-0.601488
-0.574356
-0.583585
-0.531883
-0.528362
-0.506395
-0.459211
-0.399737
-0.335671
-0.270088
-0.206405
-0.150075
-0.111391
-0.109465
-0.174698
-0.465331
-0.929584
-1.54756
-2.06039
-2.13884
-1.86917
-1.48782
-1.22033
-0.495235
-0.492995
-0.478895
-0.4413
-0.388438
-0.329081
-0.266522
-0.203769
-0.145601
-0.100875
-0.0923548
-0.153805
-0.508104
-1.06911
-1.67497
-2.0229
-2.09543
-1.92573
-1.63235
-1.45344
-0.454589
-0.453358
-0.445186
-0.418172
-0.371771
-0.315652
-0.254624
-0.189948
-0.126124
-0.0681676
-0.0304165
-0.0211123
-0.117029
-0.183591
-0.213469
-0.145718
0.0500621
0.273597
0.465125
0.595534
-0.417035
-0.416335
-0.412596
-0.393464
-0.353324
-0.299
-0.237033
-0.16822
-0.0935953
-0.0166764
0.0711825
0.160458
0.374352
0.737765
1.22603
1.71902
2.13834
2.44772
2.64437
2.7374
-0.385464
-0.384556
-0.383039
-0.372613
-0.337929
-0.28386
-0.218278
-0.143751
-0.0594144
0.0374303
0.150477
0.287833
0.494811
0.934268
1.5271
2.10744
2.57916
2.88402
3.04028
3.1004
-0.356324
-0.355952
-0.355665
-0.351167
-0.324008
-0.270762
-0.201462
-0.122202
-0.0333328
0.0691451
0.182232
0.311317
0.443869
0.793692
1.31804
1.80471
2.21089
2.48266
2.62604
2.6801
-0.330896
-0.330278
-0.329556
-0.32837
-0.30934
-0.257608
-0.185789
-0.104156
-0.0144698
0.0846744
0.194932
0.311246
0.43269
0.63685
1.03824
1.42112
1.72754
1.93487
2.04211
2.08204
-0.315001
-0.313666
-0.313154
-0.313423
-0.297045
-0.243088
-0.168127
-0.0853061
0.00255013
0.0975983
0.199865
0.298662
0.397317
0.523883
0.787096
1.05879
1.27652
1.4221
1.49578
1.52278
-0.303483
-0.303325
-0.306996
-0.308165
-0.286708
-0.223582
-0.143412
-0.060896
0.02185
0.107605
0.196019
0.275489
0.351812
0.432261
0.603564
0.785322
0.928542
1.02533
1.07337
1.09102
-0.256416
-0.258846
-0.266504
-0.266998
-0.240755
-0.177701
-0.102014
-0.0273827
0.0450214
0.117716
0.190722
0.253569
0.308452
0.358587
0.470722
0.589318
0.681054
0.741424
0.770295
0.778297
-0.137986
-0.141433
-0.147469
-0.148011
-0.128903
-0.086113
-0.0346829
0.0196593
0.0745598
0.13109
0.187588
0.232796
0.266638
0.295466
0.369377
0.447098
0.506626
0.543785
0.560861
0.56549
0.01437
0.0121297
0.00877969
0.00614776
0.0107002
0.024838
0.0465857
0.074891
0.108668
0.147205
0.1875
0.217881
0.235648
0.248601
0.300297
0.350236
0.389128
0.412892
0.423449
0.426152
0.138469
0.137311
0.135505
0.13058
0.122844
0.117067
0.117555
0.125701
0.141886
0.165184
0.191849
0.210645
0.21864
0.227407
0.26053
0.294973
0.319345
0.33296
0.338334
0.339139
0.209703
0.209068
0.207648
0.201899
0.190429
0.177187
0.167766
0.16498
0.169977
0.182295
0.199393
0.211519
0.215647
0.22091
0.24674
0.270306
0.284298
0.290848
0.292914
0.292778
0.239915
0.239491
0.238268
0.233394
0.223212
0.210303
0.198994
0.192025
0.191252
0.197379
0.209224
0.220303
0.226865
0.233899
0.252271
0.265877
0.273028
0.275932
0.276495
0.276217
0.247772
0.247461
0.246472
0.242974
0.235651
0.225733
0.215989
0.208818
0.206033
0.209115
0.219069
0.232394
0.244786
0.25622
0.268463
0.274066
0.277142
0.279261
0.280075
0.279703
0.246024
0.245768
0.244993
0.242645
0.237896
0.231133
0.223893
0.217901
0.214883
0.216889
0.226401
0.243432
0.263686
0.281096
0.285995
0.28653
0.287516
0.289372
0.29086
0.290488
0.241368
0.241144
0.240539
0.238933
0.235938
0.231513
0.226371
0.221669
0.218833
0.219876
0.228647
0.247918
0.274349
0.294312
0.294007
0.292127
0.294947
0.298444
0.301572
0.301146
0.236652
0.236449
0.235967
0.234748
0.232657
0.229694
0.225856
0.221957
0.2188
0.218024
0.223083
0.238189
0.26388
0.282002
0.277325
0.276689
0.284622
0.295805
0.301177
0.30008
0.232706
0.232525
0.232146
0.231141
0.229391
0.227011
0.22396
0.22026
0.216217
0.212422
0.209873
0.213352
0.225517
0.232636
0.227707
0.234801
0.2482
0.260821
0.267338
0.266892
0.229419
0.229264
0.229
0.228216
0.226664
0.224486
0.221693
0.218078
0.212903
0.204978
0.192205
0.174575
0.157843
0.148855
0.151796
0.169417
0.189204
0.20231
0.207591
0.207039
0.226171
0.226044
0.225917
0.225469
0.224259
0.222728
0.220065
0.216435
0.210759
0.200076
0.177728
0.136979
0.0839721
0.0564919
0.0725441
0.102211
0.123684
0.134691
0.137184
0.136743
0.222248
0.222157
0.222183
0.222072
0.221426
0.220397
0.219067
0.216683
0.21196
0.20216
0.175372
0.121096
0.0408608
0.0107818
0.0329828
0.0596516
0.0689481
0.0724127
0.0729678
0.0744277
0.216655
0.216564
0.216732
0.217178
0.217828
0.218193
0.218329
0.218599
0.217249
0.210783
0.189669
0.140891
0.0716331
0.0482411
0.0590179
0.060874
0.0531916
0.0443256
0.0423929
0.0433537
0.208473
0.208446
0.208944
0.209773
0.21118
0.21332
0.216452
0.220563
0.2249
0.226184
0.218543
0.193823
0.152977
0.13281
0.115344
0.0916407
0.0665986
0.0501102
0.0444256
0.0439712
0.195511
0.195633
0.196566
0.198474
0.201697
0.206454
0.21316
0.2214
0.232836
0.245573
0.254798
0.252044
0.240912
0.220247
0.17654
0.131252
0.0940225
0.0702668
0.0624303
0.0630576
0.174527
0.17476
0.176059
0.178995
0.184173
0.191938
0.202839
0.21776
0.236189
0.258942
0.280095
0.290204
0.298439
0.272263
0.218817
0.172133
0.140143
0.1213
0.111149
0.109862
0.142686
0.142983
0.144686
0.148789
0.156223
0.167221
0.182091
0.201322
0.22502
0.251094
0.276838
0.292016
0.291466
0.260781
0.215821
0.186558
0.17591
0.165289
0.156721
0.15475
0.0985063
0.098664
0.100257
0.104778
0.113764
0.126762
0.143833
0.165079
0.187271
0.20904
0.228287
0.239107
0.231037
0.200526
0.169846
0.169701
0.169631
0.167617
0.156521
0.153112
0.0160617
0.015758
0.0156317
0.0164251
0.0186634
0.0215526
0.0252948
0.0251029
0.0201902
0.0321964
0.0462953
0.0535151
0.0523774
0.0413754
0.0349347
0.0269278
0.0215504
0.0298077
0.0317972
0.0861987
-0.901566
-0.184502
0.27591
0.544193
0.739322
0.890189
1.00886
1.10669
1.20857
1.30017
0.188909
0.394901
0.582
0.73913
0.870723
0.978767
1.0673
1.13962
1.18437
1.18929
0.541181
0.662362
0.780535
0.885992
0.976959
1.05385
1.11686
1.16466
1.19551
1.21389
0.76195
0.844039
0.925106
0.99953
1.06457
1.12009
1.16574
1.2015
1.22864
1.24817
0.922318
0.978095
1.03874
1.09412
1.14247
1.18448
1.22008
1.24956
1.27359
1.29089
1.04857
1.09032
1.13761
1.17908
1.21745
1.25163
1.28149
1.30699
1.32822
1.34268
1.15341
1.18849
1.22651
1.26152
1.29443
1.32459
1.35138
1.37433
1.39325
1.40514
1.24796
1.27945
1.31397
1.34704
1.37818
1.40687
1.43227
1.45377
1.47088
1.48052
1.33982
1.37262
1.40823
1.44252
1.47407
1.50257
1.52731
1.54777
1.56333
1.57163
1.44232
1.47991
1.51834
1.55481
1.58703
1.61502
1.63857
1.65766
1.67187
1.68041
1.56963
1.61206
1.65126
1.68723
1.71774
1.74349
1.76509
1.78277
1.79632
1.80652
1.73127
1.77287
1.80665
1.83615
1.86071
1.88228
1.9019
1.91935
1.93412
1.94683
1.92168
1.95251
1.97389
1.99305
2.01112
2.02837
2.0446
2.06044
2.07696
2.0939
2.11964
2.13106
2.14214
2.15626
2.17055
2.1834
2.19478
2.20565
2.21856
2.23545
2.30548
2.31539
2.32405
2.3265
2.32736
2.33164
2.34246
2.35842
2.37604
2.38065
2.60652
2.55113
2.50032
2.46007
2.4377
2.43367
2.44717
2.48098
2.53742
2.61298
1.15174
1.09304
1.05056
1.01669
0.992026
0.974456
0.96192
0.952956
0.946798
0.943251
0.942772
0.945544
0.950911
0.958791
0.969671
0.984695
1.00569
1.03477
1.07352
1.12134
0.953302
0.962052
0.967576
0.968392
0.964895
0.958831
0.95237
0.946857
0.942956
0.941216
0.942294
0.945798
0.951009
0.957434
0.964163
0.969407
0.971016
0.96777
0.960413
0.952744
0.930355
0.932385
0.936987
0.940489
0.942986
0.944395
0.944079
0.942303
0.940057
0.938407
0.938318
0.94004
0.942676
0.945233
0.946664
0.946289
0.944406
0.941586
0.937524
0.933136
0.923484
0.924349
0.926828
0.929532
0.931528
0.932868
0.933821
0.934226
0.934019
0.933676
0.933911
0.934878
0.935875
0.936278
0.935914
0.935022
0.933577
0.931313
0.928656
0.926683
0.917885
0.918346
0.919738
0.92175
0.923675
0.925227
0.926336
0.927181
0.927827
0.928301
0.9288
0.929306
0.929513
0.929327
0.928782
0.927761
0.926208
0.924346
0.922675
0.921652
0.91277
0.913056
0.913971
0.915433
0.917044
0.918624
0.920011
0.921128
0.922066
0.9229
0.923582
0.923964
0.92398
0.923641
0.922887
0.921749
0.920398
0.919033
0.917915
0.917284
0.907892
0.908093
0.90878
0.909948
0.911319
0.912739
0.914174
0.915519
0.9167
0.917743
0.91858
0.919013
0.918995
0.91855
0.917754
0.916763
0.915697
0.914635
0.913811
0.913365
0.903184
0.903336
0.903882
0.904864
0.906085
0.907402
0.90879
0.910213
0.911593
0.912853
0.913871
0.91441
0.914415
0.914007
0.913342
0.912538
0.911673
0.910832
0.910205
0.909869
0.898574
0.898693
0.89914
0.899992
0.901119
0.90238
0.903737
0.905187
0.906694
0.908168
0.909406
0.910104
0.910239
0.90999
0.909504
0.908877
0.908177
0.907516
0.907038
0.906778
0.893987
0.894082
0.894459
0.895226
0.896297
0.897524
0.898886
0.900384
0.902003
0.903681
0.90518
0.906121
0.906481
0.906445
0.906149
0.905698
0.905163
0.904647
0.904283
0.904079
0.889344
0.88942
0.889747
0.89046
0.891504
0.892734
0.89414
0.895728
0.897491
0.89939
0.901198
0.902478
0.903134
0.90334
0.903246
0.902968
0.902588
0.902207
0.901938
0.901776
0.88458
0.884641
0.884931
0.885617
0.886672
0.887956
0.889451
0.891183
0.893172
0.895383
0.897585
0.899256
0.900231
0.9007
0.900822
0.90072
0.900483
0.900218
0.900027
0.8999
0.879632
0.87968
0.879946
0.880625
0.881721
0.883096
0.884714
0.886634
0.888899
0.891494
0.894184
0.896341
0.897713
0.898501
0.898881
0.898981
0.898896
0.898738
0.898615
0.898518
0.874424
0.874461
0.874708
0.875401
0.876568
0.878067
0.879857
0.88202
0.884635
0.887725
0.891024
0.893762
0.89561
0.896779
0.89746
0.897811
0.89788
0.897838
0.89778
0.897708
0.868885
0.868912
0.869148
0.869867
0.87113
0.872792
0.874815
0.877307
0.880359
0.884027
0.888067
0.891563
0.894022
0.895653
0.896658
0.897272
0.897524
0.897612
0.897626
0.89758
0.862932
0.862936
0.863161
0.863922
0.865313
0.867192
0.869509
0.872417
0.876064
0.880537
0.885513
0.889861
0.892998
0.895171
0.896615
0.897506
0.898
0.898238
0.898321
0.898297
0.856358
0.856377
0.856614
0.857409
0.858936
0.86103
0.863697
0.867101
0.871421
0.876799
0.88291
0.888388
0.892427
0.8953
0.89729
0.898618
0.899421
0.899845
0.900012
0.900009
0.848966
0.848969
0.849228
0.850081
0.851794
0.854212
0.85736
0.861444
0.866704
0.873303
0.880826
0.887594
0.892639
0.896297
0.898917
0.90076
0.90194
0.9026
0.90286
0.902871
0.840427
0.840428
0.840707
0.841668
0.843596
0.846409
0.850144
0.855055
0.86144
0.869507
0.878767
0.887161
0.893494
0.89815
0.901549
0.903994
0.905635
0.90658
0.906937
0.906955
0.830197
0.830197
0.830524
0.831643
0.833899
0.837266
0.841803
0.847835
0.855713
0.86566
0.877045
0.887358
0.895154
0.900949
0.905245
0.90839
0.910555
0.911796
0.912252
0.912272
0.817613
0.817612
0.818017
0.819389
0.822156
0.826331
0.831985
0.839517
0.849328
0.861637
0.875613
0.888205
0.897722
0.904831
0.910148
0.914072
0.9168
0.918343
0.918892
0.918911
0.801893
0.801893
0.802414
0.804179
0.80771
0.813049
0.820255
0.829814
0.842137
0.8574
0.874503
0.889768
0.901285
0.909893
0.916369
0.921154
0.924486
0.926339
0.926983
0.927002
0.781936
0.781937
0.78264
0.785023
0.789724
0.796775
0.806195
0.81853
0.834143
0.853087
0.873906
0.89225
0.906013
0.916312
0.924092
0.929836
0.933839
0.936016
0.936746
0.936757
0.756015
0.756023
0.757047
0.760459
0.76704
0.77665
0.789295
0.80545
0.825328
0.848777
0.873943
0.895766
0.912031
0.924206
0.933413
0.940282
0.945019
0.947517
0.948315
0.94831
0.721086
0.721122
0.722832
0.728232
0.738062
0.751813
0.769234
0.790617
0.815925
0.844775
0.874887
0.900528
0.919485
0.933676
0.944478
0.952582
0.958087
0.960877
0.961712
0.961674
0.671306
0.671592
0.675478
0.685365
0.70133
0.721817
0.746174
0.774457
0.806402
0.841454
0.876975
0.906661
0.928438
0.94476
0.957255
0.966677
0.972923
0.975975
0.976802
0.976709
0.599068
0.601485
0.612649
0.63213
0.658253
0.688117
0.721334
0.757807
0.797272
0.839178
0.880613
0.91478
0.939782
0.958611
0.973151
0.98413
0.991314
0.994806
0.995763
0.995708
0.522147
0.52865
0.548419
0.578038
0.614653
0.654235
0.696424
0.741249
0.788576
0.837961
0.886314
0.926149
0.955464
0.977711
0.994964
1.00813
1.01668
1.02077
1.02182
1.02193
0.457193
0.463778
0.490195
0.528299
0.573627
0.622062
0.6728
0.72573
0.780735
0.837371
0.892344
0.937485
0.970709
0.995936
1.01538
1.02996
1.03935
1.04429
1.04562
1.04572
0.404373
0.411328
0.441454
0.485529
0.537362
0.592936
0.650967
0.711191
0.773305
0.836798
0.897999
0.947981
0.984601
1.0122
1.03327
1.04906
1.05974
1.06519
1.06647
1.06668
0.360738
0.367981
0.400468
0.448801
0.50577
0.567077
0.631213
0.69778
0.766282
0.836051
0.90299
0.957326
0.996854
1.02644
1.04894
1.06577
1.07727
1.08317
1.08472
1.08504
0.323637
0.331047
0.365129
0.41675
0.477827
0.543878
0.613242
0.685363
0.759585
0.835078
0.907248
0.965492
1.00754
1.03878
1.06238
1.07999
1.09192
1.09825
1.10017
1.10056
0.291019
0.298539
0.333792
0.388103
0.452534
0.522612
0.596529
0.673592
0.753002
0.833743
0.910745
0.972541
1.01681
1.04942
1.07385
1.09201
1.10427
1.11088
1.11308
1.1135
0.261385
0.269022
0.305303
0.36179
0.429098
0.502653
0.580588
0.662097
0.746261
0.831889
0.913435
0.978572
1.02489
1.0587
1.08383
1.10236
1.11488
1.12165
1.12399
1.12437
0.233813
0.241556
0.278738
0.337124
0.406933
0.483537
0.565043
0.65058
0.73913
0.829365
0.915277
0.983665
1.03196
1.06692
1.09268
1.11148
1.12414
1.13097
1.1334
1.13379
0.207583
0.215477
0.253519
0.313517
0.385625
0.464937
0.549636
0.638835
0.731449
0.826055
0.916233
0.987879
1.03822
1.07437
1.10076
1.11988
1.13264
1.13944
1.14189
1.14236
0.182315
0.190387
0.229256
0.290691
0.364862
0.446609
0.534192
0.626726
0.723109
0.821874
0.91626
0.991266
1.04377
1.08124
1.10837
1.12785
1.14072
1.1475
1.14986
1.1503
0.157698
0.166
0.205493
0.268471
0.344467
0.428402
0.518593
0.614164
0.714041
0.816768
0.915333
0.99385
1.04874
1.0877
1.1157
1.13562
1.14863
1.15539
1.15766
1.15797
0.133647
0.142136
0.182374
0.246699
0.324348
0.410252
0.502784
0.601114
0.704213
0.810695
0.913408
0.995616
1.05314
1.09382
1.12284
1.14328
1.15644
1.16312
1.16525
1.16545
0.110071
0.118719
0.159747
0.22529
0.304457
0.39213
0.48676
0.587577
0.693626
0.803637
0.910434
0.9965
1.05695
1.09964
1.12985
1.15088
1.16415
1.17065
1.17258
1.17267
0.0869388
0.0957779
0.137538
0.204238
0.284789
0.374049
0.470551
0.573589
0.682297
0.795586
0.906342
0.996401
1.06012
1.10515
1.13679
1.15844
1.17175
1.17797
1.17963
1.17963
0.0642338
0.0732708
0.115813
0.183577
0.265373
0.356049
0.454202
0.559204
0.67029
0.78657
0.901092
0.995225
1.06253
1.11034
1.14372
1.16606
1.17923
1.18499
1.18631
1.18621
0.0420531
0.0512988
0.09461
0.163353
0.246271
0.338187
0.437793
0.544504
0.657682
0.776625
0.894666
0.992868
1.06402
1.11509
1.15073
1.17393
1.1867
1.19164
1.19251
1.19232
0.0204759
0.0299307
0.0739672
0.143609
0.227536
0.320544
0.421399
0.529583
0.644556
0.765843
0.887065
0.989215
1.06441
1.11924
1.15784
1.18241
1.19457
1.19807
1.19816
1.19786
-0.000494115
0.00917917
0.0539231
0.124396
0.209221
0.303194
0.405115
0.514543
0.631023
0.754306
0.878335
0.984181
1.06347
1.12245
1.16488
1.19191
1.20381
1.20508
1.20342
1.20285
-0.0207767
-0.0108915
0.0345252
0.10577
0.191401
0.286197
0.389027
0.499479
0.617204
0.742132
0.868534
0.977699
1.06101
1.12431
1.1713
1.20239
1.21581
1.21523
1.21034
1.20793
-0.0403912
-0.0303078
0.0157895
0.0877324
0.174052
0.269534
0.37311
0.484358
0.603063
0.729282
0.857599
0.969557
1.05675
1.12432
1.17613
1.21288
1.23107
1.23239
1.22433
1.20687
-0.0593677
-0.0490646
-0.00239358
0.0701134
0.156939
0.252883
0.356976
0.468701
0.588036
0.7151
0.844836
0.959005
1.0499
1.1217
1.17757
1.22015
1.24469
1.24594
1.23939
1.1935
-0.077974
-0.0667675
-0.0199539
0.053056
0.140173
0.236344
0.340812
0.452737
0.572363
0.699817
0.830359
0.945985
1.03978
1.11593
1.17314
1.21569
1.24137
1.24632
1.19484
1.13232
-0.0972335
-0.0823571
-0.0366864
0.0366752
0.123476
0.219729
0.32436
0.436472
0.556033
0.683423
0.814058
0.930306
1.02521
1.1072
1.16129
1.18831
1.20957
1.18547
1.12051
1.05388
-0.116225
-0.117602
-0.057273
0.0234186
0.109706
0.205859
0.308216
0.420566
0.539778
0.666694
0.796556
0.912315
1.00608
1.09782
1.12235
1.12505
1.12974
1.07612
1.00432
0.932969
-0.0919369
-0.090794
-0.0331789
0.0466798
0.137827
0.237806
0.345086
0.460111
0.582221
0.712234
0.835359
0.937584
1.0207
1.11058
1.13532
1.04271
0.963434
0.900056
0.828071
0.681773
-0.133478
-0.107043
-0.0466993
0.0337473
0.124927
0.224573
0.331281
0.445669
0.5668
0.695203
0.815637
0.914668
0.990352
1.04889
1.02444
0.903672
0.786482
0.706019
0.621894
0.455403
-0.158403
-0.127203
-0.0658555
0.0142996
0.105547
0.204934
0.311766
0.425338
0.545105
0.671212
0.788215
0.882311
0.94968
0.97544
0.903357
0.743057
0.605005
0.502267
0.38673
0.14668
-0.182759
-0.149183
-0.0865541
-0.00570235
0.0856761
0.184968
0.291431
0.404037
0.522223
0.645664
0.758423
0.846524
0.901865
0.895334
0.7653
0.578783
0.40607
0.261543
0.0988985
-0.294536
-0.20614
-0.17171
-0.107991
-0.0262756
0.0653134
0.164451
0.270281
0.381819
0.498243
0.618694
0.726553
0.808048
0.846995
0.809825
0.631301
0.422724
0.206676
0.0197559
-0.235172
-0.833402
-0.229302
-0.194835
-0.130409
-0.0480638
0.0437695
0.142739
0.247954
0.358348
0.472822
0.589984
0.692568
0.766355
0.788663
0.70629
0.508622
0.292172
0.0706451
-0.136779
-0.311181
-0.984317
-0.253383
-0.218864
-0.154052
-0.071307
0.0207254
0.119563
0.224198
0.333431
0.445839
0.559482
0.656604
0.721406
0.721817
0.594861
0.403744
0.197911
0.00751137
-0.122911
-0.152496
-0.201302
-0.278807
-0.244272
-0.179233
-0.0963157
-0.00425769
0.0942937
0.198181
0.305979
0.415934
0.525444
0.616626
0.670301
0.647777
0.491992
0.309312
0.129504
-0.0168901
-0.0777284
-0.101375
-0.107554
-0.305939
-0.271254
-0.206042
-0.123067
-0.031142
0.0669491
0.169835
0.275889
0.382999
0.487786
0.572442
0.612796
0.574578
0.395142
0.222833
0.0660095
-0.0452275
-0.0751523
-0.074885
-0.0751677
-0.334849
-0.299909
-0.234519
-0.151533
-0.0598792
0.0375402
0.13918
0.243175
0.347006
0.446576
0.523778
0.552255
0.487716
0.305388
0.141699
0.00397332
-0.0450773
-0.0601598
-0.0621818
-0.062123
-0.36543
-0.330157
-0.264611
-0.181685
-0.0904348
0.00611844
0.106257
0.207856
0.307989
0.401898
0.470827
0.487687
0.388983
0.222061
0.070624
-0.0368325
-0.0559197
-0.0537148
-0.0543717
-0.0541489
-0.397188
-0.361846
-0.296112
-0.213335
-0.12265
-0.0271826
0.0711756
0.170031
0.26607
0.353893
0.414618
0.413201
0.300605
0.145544
0.0122985
-0.0288339
-0.0514918
-0.0509786
-0.0503896
-0.0501252
-0.42978
-0.394146
-0.328643
-0.246171
-0.156234
-0.0620955
0.0341927
0.129958
0.221516
0.302965
0.355597
0.340233
0.217322
0.0769171
-0.0310819
-0.0615948
-0.0524493
-0.0481958
-0.0460925
-0.0454746
-0.462273
-0.426826
-0.361621
-0.279662
-0.190713
-0.0981752
-0.00427431
0.0880605
0.174758
0.249848
0.293254
0.269247
0.140763
0.0155471
-0.0703873
-0.0584447
-0.0539659
-0.0480837
-0.0433378
-0.0413108
-0.493704
-0.458902
-0.394041
-0.313056
-0.225397
-0.134783
-0.0435972
0.0450016
0.126482
0.19511
0.23018
0.200078
0.0743764
-0.0361915
-0.112577
-0.0971734
-0.0726304
-0.0589503
-0.0515408
-0.0483688
-0.522624
-0.488757
-0.425058
-0.345315
-0.259337
-0.171013
-0.0829127
0.0016549
0.0777293
0.139403
0.172218
0.122596
0.0159328
-0.0623437
-0.0918072
-0.103468
-0.090415
-0.0792907
-0.0755109
-0.0734586
-0.547358
-0.515005
-0.452929
-0.375164
-0.291366
-0.205697
-0.121066
-0.0408419
0.0298515
0.0837257
0.117427
0.0455458
-0.0469253
-0.0217192
-0.0428306
-0.107175
-0.154722
-0.175088
-0.175226
-0.171602
-0.565881
-0.535649
-0.475854
-0.40092
-0.319983
-0.237539
-0.15663
-0.0810175
-0.0157738
0.0300588
0.0611148
-0.0345918
-0.153238
-0.162101
-0.148454
-0.268424
-0.365543
-0.394276
-0.381754
-0.373945
-0.576089
-0.548447
-0.49218
-0.420813
-0.343462
-0.264828
-0.188
-0.116989
-0.0575382
-0.0190313
0.00220843
-0.133354
-0.348663
-0.638736
-0.661629
-0.555416
-0.548535
-0.537095
-0.520096
-0.515613
-0.575605
-0.551783
-0.500161
-0.433106
-0.360144
-0.28581
-0.213223
-0.146624
-0.0927119
-0.0610874
-0.0630611
-0.229256
-0.415105
-0.437879
-0.338933
-0.425062
-0.552005
-0.551964
-0.550028
-0.548823
-0.561067
-0.542938
-0.498333
-0.436434
-0.368611
-0.298894
-0.230367
-0.167429
-0.117535
-0.0920038
-0.110652
-0.246672
-0.32963
-0.251038
-0.154565
-0.407887
-0.579896
-0.590218
-0.569201
-0.584974
-0.533629
-0.520708
-0.485136
-0.430457
-0.36818
-0.303027
-0.237912
-0.176996
-0.127838
-0.104192
-0.127338
-0.294843
-0.66597
-1.24897
-1.80727
-2.17643
-2.02404
-1.67887
-1.32468
-1.21091
-0.496702
-0.488259
-0.462851
-0.416077
-0.3593
-0.298194
-0.235052
-0.173893
-0.120829
-0.0901437
-0.112692
-0.295913
-0.765967
-1.4004
-1.86883
-2.10671
-2.02979
-1.79525
-1.51192
-1.43821
-0.455766
-0.450989
-0.434397
-0.396742
-0.344509
-0.285844
-0.222653
-0.157783
-0.0964563
-0.0438431
-0.0242695
-0.0619469
-0.16352
-0.196822
-0.200562
-0.0613432
0.165974
0.374609
0.539802
0.634743
-0.417835
-0.415478
-0.405614
-0.375611
-0.327594
-0.269026
-0.203553
-0.131609
-0.0553537
0.0261079
0.115675
0.255265
0.528535
0.975619
1.47663
1.94122
2.30693
2.56054
2.70277
2.75382
-0.384967
-0.384084
-0.380192
-0.358208
-0.312879
-0.252029
-0.182254
-0.103114
-0.012477
0.0910889
0.218972
0.358852
0.683912
1.22276
1.82514
2.36173
2.75334
2.97787
3.0795
3.11062
-0.356134
-0.355781
-0.354945
-0.341164
-0.299902
-0.237613
-0.163203
-0.0791132
0.0157496
0.125897
0.243735
0.374923
0.57465
1.05504
1.56722
2.02198
2.36506
2.56843
2.66199
2.688
-0.330673
-0.329811
-0.32957
-0.322559
-0.286832
-0.223471
-0.146287
-0.0602661
0.0331535
0.139895
0.25213
0.371303
0.512661
0.824196
1.23949
1.58352
1.84575
1.99925
2.06873
2.08728
-0.314346
-0.313153
-0.313559
-0.309295
-0.273945
-0.207273
-0.127465
-0.0421054
0.0484765
0.149461
0.249946
0.348059
0.443456
0.643757
0.927842
1.17504
1.35979
1.46651
1.51381
1.52549
-0.302868
-0.304835
-0.308328
-0.302316
-0.259219
-0.184441
-0.102149
-0.0199129
0.0637306
0.152894
0.237513
0.311883
0.385742
0.507497
0.697663
0.862171
0.983817
1.05453
1.08492
1.09212
-0.257005
-0.2621
-0.268503
-0.25847
-0.212879
-0.140221
-0.0643987
0.00860106
0.0808579
0.155527
0.224274
0.279746
0.332457
0.40746
0.531943
0.639194
0.715684
0.758878
0.776428
0.777817
-0.139292
-0.144439
-0.149178
-0.141647
-0.109597
-0.0609602
-0.00771386
0.0467675
0.102383
0.160707
0.212143
0.249125
0.281566
0.328743
0.409011
0.480096
0.527985
0.554565
0.564079
0.564448
0.0132478
0.0106264
0.00708187
0.00715717
0.0167971
0.0347479
0.0600742
0.0909802
0.127311
0.168143
0.203712
0.226698
0.24367
0.275751
0.325576
0.371585
0.402994
0.419462
0.425642
0.42509
0.137706
0.1367
0.133482
0.126932
0.119345
0.116467
0.120698
0.132751
0.15276
0.178869
0.202171
0.21534
0.221451
0.242691
0.278577
0.308673
0.327462
0.3364
0.339179
0.338265
0.209229
0.208694
0.205469
0.196773
0.183621
0.171826
0.165515
0.166511
0.175349
0.190908
0.206412
0.214211
0.216076
0.233131
0.259863
0.278338
0.288376
0.292271
0.293043
0.292061
0.239623
0.239158
0.236434
0.22892
0.216812
0.204294
0.194862
0.19081
0.193536
0.20303
0.21523
0.223818
0.229005
0.242655
0.259783
0.27033
0.274879
0.276345
0.2765
0.275577
0.247591
0.247164
0.245136
0.239788
0.23085
0.220713
0.211959
0.206805
0.206817
0.213552
0.225529
0.23852
0.250506
0.262421
0.271646
0.275836
0.27836
0.279801
0.28008
0.278963
0.245896
0.245512
0.244071
0.240588
0.234677
0.227478
0.220631
0.215953
0.215134
0.220664
0.234136
0.253391
0.273401
0.284811
0.286193
0.286688
0.288515
0.290258
0.290923
0.289784
0.241264
0.24093
0.239889
0.237622
0.233878
0.228978
0.223891
0.219961
0.218748
0.223076
0.23696
0.260638
0.286818
0.295657
0.292092
0.293386
0.296404
0.300371
0.30183
0.300312
0.236558
0.236273
0.235469
0.233801
0.23131
0.227849
0.22389
0.220245
0.218034
0.219493
0.230012
0.250733
0.276418
0.280908
0.275645
0.27958
0.290727
0.299305
0.301349
0.298882
0.232618
0.232384
0.231748
0.230353
0.228249
0.225594
0.222188
0.218282
0.214064
0.210537
0.210648
0.218767
0.231313
0.229884
0.229891
0.241051
0.255091
0.265042
0.267708
0.265864
0.229337
0.229165
0.228706
0.227469
0.225744
0.223195
0.220027
0.215658
0.209397
0.199084
0.183477
0.166667
0.152708
0.147705
0.159757
0.179854
0.196864
0.20595
0.207628
0.206109
0.226095
0.225995
0.225761
0.224968
0.223534
0.221469
0.218336
0.213936
0.206081
0.190668
0.159764
0.109133
0.0644707
0.0598143
0.0877292
0.114379
0.130139
0.136713
0.137113
0.136017
0.22218
0.222164
0.222169
0.221853
0.220924
0.219805
0.217955
0.214574
0.208261
0.19133
0.152292
0.08208
0.0167682
0.0193009
0.0481162
0.0657882
0.0715416
0.0725014
0.0738703
0.0744233
0.216579
0.216617
0.216911
0.217501
0.21806
0.218249
0.218392
0.218253
0.215324
0.202026
0.16982
0.105559
0.0509767
0.0537381
0.0619925
0.0575205
0.0480062
0.0426057
0.0428719
0.0434556
0.208402
0.208637
0.209318
0.210398
0.212162
0.214691
0.218375
0.222949
0.225968
0.224103
0.209125
0.173493
0.140167
0.124896
0.104934
0.0786314
0.056906
0.04618
0.0438578
0.0440044
0.19547
0.195998
0.19738
0.199911
0.20385
0.20953
0.217189
0.227061
0.239486
0.251407
0.254813
0.245475
0.235185
0.199607
0.154609
0.110366
0.0800886
0.0647607
0.0621208
0.0637812
0.174514
0.175273
0.17728
0.181283
0.18769
0.196961
0.209687
0.226058
0.247365
0.270078
0.287038
0.296464
0.290486
0.247235
0.193129
0.155322
0.128966
0.11476
0.109845
0.110541
0.142698
0.143624
0.146356
0.152078
0.161254
0.17414
0.191105
0.212589
0.2373
0.265246
0.287098
0.294856
0.28336
0.234559
0.199526
0.178964
0.171434
0.160883
0.155133
0.155192
0.098453
0.0992465
0.102016
0.108712
0.119786
0.134745
0.153974
0.176348
0.198842
0.21914
0.237026
0.237216
0.222164
0.181447
0.167184
0.170521
0.170753
0.159874
0.15418
0.153134
0.0437231
0.043547
0.044302
0.0480939
0.0557782
0.0645169
0.0753541
0.0898942
0.101951
0.102022
0.114199
0.126673
0.118717
0.0966264
0.0791259
0.0828879
0.0945947
0.089769
0.088262
0.086446
-0.488139
0.0926301
0.421728
0.646096
0.8186
0.951988
1.06042
1.15409
1.26548
1.26127
0.33916
0.495023
0.663994
0.808223
0.927576
1.02512
1.10565
1.16677
1.19202
1.19618
0.61872
0.722855
0.835174
0.933277
1.01714
1.08712
1.14285
1.18203
1.20651
1.22342
0.814368
0.885807
0.963549
1.03325
1.09354
1.14417
1.18482
1.21597
1.24026
1.25883
0.96032
1.01369
1.06775
1.11911
1.16427
1.20307
1.23556
1.26216
1.28426
1.30253
1.07746
1.11606
1.15856
1.19878
1.23508
1.26708
1.29481
1.31806
1.33744
1.3552
1.17695
1.20794
1.24428
1.27827
1.3099
1.33844
1.36337
1.38425
1.40112
1.41848
1.26774
1.29672
1.33074
1.36287
1.39288
1.42002
1.44355
1.46287
1.47743
1.49457
1.35897
1.39024
1.4257
1.45864
1.48874
1.51544
1.53811
1.55619
1.56884
1.58611
1.4631
1.49891
1.53708
1.57143
1.60157
1.62737
1.64869
1.66537
1.677
1.69485
1.59262
1.6317
1.66993
1.70313
1.73116
1.75478
1.77445
1.78999
1.80184
1.8201
1.75381
1.79013
1.82213
1.84891
1.87178
1.89232
1.91095
1.92701
1.94074
1.95862
1.93853
1.96371
1.98367
2.00219
2.01986
2.03663
2.05252
2.06853
2.08566
2.10481
2.12534
2.13622
2.14897
2.16355
2.17717
2.18926
2.20019
2.21155
2.22696
2.2464
2.30726
2.32073
2.3258
2.32682
2.32879
2.33617
2.3499
2.36752
2.38126
2.39261
2.57616
2.52559
2.47813
2.44656
2.43353
2.43809
2.46133
2.5064
2.5731
2.66722
1.00836
1.00535
0.999286
0.988351
0.975848
0.964521
0.955435
0.948637
0.944113
0.942138
0.943275
0.947178
0.953277
0.961514
0.97198
0.984274
0.996609
1.00531
1.00982
1.01198
0.936681
0.943329
0.948572
0.952179
0.953278
0.951625
0.948143
0.944309
0.941264
0.939864
0.940852
0.943803
0.947824
0.951998
0.95499
0.955494
0.953155
0.94876
0.942459
0.936631
0.926605
0.929564
0.932921
0.935401
0.937147
0.938308
0.938502
0.937709
0.936579
0.936034
0.936791
0.938438
0.940033
0.940762
0.940304
0.939019
0.937095
0.934207
0.930861
0.928572
0.920599
0.922021
0.924227
0.926489
0.928197
0.929369
0.930224
0.930756
0.930953
0.931162
0.931739
0.932394
0.932652
0.932383
0.931708
0.930528
0.928686
0.926438
0.924675
0.92359
0.91529
0.916107
0.917566
0.919331
0.921057
0.922509
0.923609
0.924492
0.925243
0.925893
0.926421
0.926669
0.926567
0.926122
0.925239
0.923908
0.922347
0.920796
0.919762
0.919097
0.910307
0.910859
0.911939
0.913347
0.914848
0.916331
0.917685
0.918831
0.919828
0.920708
0.921302
0.92149
0.92129
0.920678
0.91971
0.918556
0.917335
0.916216
0.915508
0.915043
0.905522
0.905936
0.906801
0.908008
0.909328
0.910717
0.912131
0.913485
0.914707
0.915775
0.916498
0.916724
0.916482
0.915866
0.915031
0.914096
0.913128
0.91227
0.911742
0.91139
0.900873
0.901197
0.901914
0.902978
0.904209
0.905534
0.906938
0.908392
0.909817
0.911109
0.911999
0.912311
0.912147
0.911672
0.911015
0.910256
0.909476
0.908814
0.908412
0.908134
0.896286
0.896548
0.89716
0.898131
0.899307
0.900599
0.90201
0.90353
0.905109
0.906636
0.90775
0.908251
0.908277
0.907992
0.907516
0.906929
0.906311
0.905801
0.905492
0.905267
0.89168
0.891897
0.892437
0.893352
0.894495
0.89579
0.897246
0.898859
0.900604
0.902389
0.903795
0.904568
0.904839
0.904765
0.904471
0.904058
0.903593
0.903208
0.902972
0.902785
0.886984
0.887165
0.887657
0.888549
0.889703
0.891046
0.89259
0.894351
0.896315
0.898402
0.900179
0.901297
0.901847
0.902002
0.901899
0.901641
0.901313
0.901034
0.900858
0.900702
0.882137
0.882291
0.882754
0.883652
0.884854
0.886283
0.887962
0.889932
0.892197
0.89469
0.896915
0.898423
0.899291
0.899705
0.899812
0.899715
0.899523
0.899339
0.899212
0.89908
0.87707
0.877201
0.877652
0.878583
0.879864
0.881415
0.883268
0.885498
0.888138
0.89114
0.89392
0.895905
0.897163
0.897892
0.898247
0.898332
0.898275
0.89818
0.898097
0.897984
0.871708
0.871819
0.872267
0.873247
0.87464
0.876356
0.878449
0.881005
0.884085
0.887699
0.891166
0.893768
0.895519
0.896612
0.897239
0.897536
0.897638
0.89764
0.897602
0.897505
0.865959
0.866052
0.866512
0.867573
0.869127
0.871069
0.873482
0.876489
0.880184
0.884582
0.888891
0.892203
0.894493
0.896014
0.89695
0.897492
0.897771
0.897872
0.897876
0.897791
0.859741
0.859825
0.860288
0.861429
0.863151
0.865345
0.868133
0.871664
0.876087
0.881452
0.886792
0.890991
0.894012
0.896088
0.897417
0.898303
0.898801
0.899017
0.899065
0.89899
0.852775
0.852861
0.853365
0.854607
0.85653
0.859063
0.862345
0.866565
0.871908
0.878458
0.885081
0.890364
0.894199
0.896925
0.898819
0.900105
0.900878
0.901242
0.901336
0.901265
0.844862
0.84494
0.845499
0.846873
0.849072
0.852048
0.855962
0.861066
0.867598
0.875655
0.883811
0.89037
0.895219
0.898736
0.90126
0.903025
0.904137
0.904673
0.904808
0.904731
0.835539
0.835633
0.83628
0.837845
0.840391
0.843924
0.848644
0.854859
0.862852
0.87274
0.882807
0.890941
0.897008
0.901465
0.904754
0.907098
0.908618
0.90934
0.909512
0.909421
0.824194
0.824315
0.825107
0.82698
0.830053
0.834388
0.840228
0.847947
0.857858
0.870053
0.882381
0.892325
0.899781
0.905313
0.909433
0.912426
0.914372
0.91528
0.915487
0.915377
0.810112
0.81028
0.811309
0.813648
0.817493
0.82295
0.830306
0.839988
0.852319
0.86734
0.882396
0.894495
0.903558
0.910336
0.915417
0.919117
0.921507
0.922601
0.92284
0.922708
0.792369
0.792619
0.794014
0.797062
0.802049
0.809128
0.818594
0.83091
0.846347
0.864827
0.883088
0.897643
0.908545
0.916702
0.922858
0.927337
0.930201
0.931484
0.931752
0.931597
0.769596
0.770004
0.771985
0.776141
0.782854
0.792288
0.804725
0.820554
0.839928
0.862586
0.884558
0.901896
0.914849
0.924567
0.931915
0.937283
0.940659
0.942124
0.94241
0.942227
0.73952
0.740253
0.743256
0.749268
0.758773
0.771776
0.788434
0.808947
0.83324
0.860835
0.887012
0.907415
0.92261
0.934041
0.942728
0.949086
0.952976
0.954601
0.95489
0.954674
0.697993
0.699486
0.70466
0.714302
0.728616
0.747188
0.769801
0.79639
0.826638
0.859881
0.890665
0.914341
0.931915
0.945182
0.955342
0.962765
0.967111
0.968845
0.969111
0.968862
0.63734
0.641922
0.652778
0.669531
0.69207
0.718922
0.749485
0.783529
0.820631
0.860044
0.895667
0.922728
0.942751
0.957926
0.969562
0.977932
0.982739
0.984508
0.984696
0.984433
0.564953
0.573073
0.592812
0.620221
0.65317
0.689376
0.728544
0.770604
0.815212
0.861716
0.903327
0.934936
0.958491
0.97647
0.990142
0.99985
1.0054
1.00748
1.00777
1.00767
0.492372
0.506179
0.534766
0.572454
0.615219
0.660664
0.70844
0.758558
0.810763
0.864492
0.912287
0.948632
0.975848
0.996755
1.0128
1.0242
1.03017
1.0319
1.03237
1.03242
0.432854
0.450351
0.48464
0.529807
0.580435
0.633898
0.689534
0.747253
0.806707
0.867347
0.920957
0.961585
0.991928
1.01508
1.03264
1.04497
1.05153
1.05435
1.05509
1.05522
0.384309
0.40375
0.442324
0.492976
0.549756
0.609748
0.672137
0.736653
0.802789
0.869861
0.928823
0.973247
1.00618
1.03115
1.05009
1.06353
1.07112
1.0744
1.0753
1.07545
0.343752
0.364288
0.406032
0.460949
0.522663
0.588079
0.656269
0.726781
0.798949
0.871917
0.935734
0.983491
1.01865
1.04513
1.06517
1.0795
1.08783
1.09149
1.09248
1.09263
0.308669
0.329939
0.374178
0.432497
0.498268
0.568314
0.641568
0.717432
0.795081
0.873445
0.941692
0.992402
1.02944
1.05711
1.07792
1.0928
1.10174
1.10568
1.10675
1.10689
0.277391
0.299197
0.345398
0.406578
0.475791
0.549843
0.627592
0.708293
0.790972
0.874352
0.946711
1.00013
1.03881
1.06747
1.08886
1.10414
1.11346
1.11759
1.11872
1.11883
0.248694
0.270918
0.318856
0.382421
0.454613
0.532183
0.613951
0.699061
0.786413
0.874532
0.950822
1.00681
1.04703
1.07657
1.09843
1.11397
1.12343
1.12767
1.12881
1.12888
0.221645
0.244337
0.293821
0.359474
0.434298
0.514984
0.600365
0.689515
0.781238
0.873894
0.954038
1.01259
1.05433
1.08473
1.10704
1.12278
1.13231
1.13664
1.13768
1.13765
0.195783
0.219012
0.26968
0.337344
0.414523
0.498001
0.586647
0.679505
0.77533
0.872364
0.956363
1.01757
1.06094
1.09227
1.11507
1.13103
1.14061
1.14489
1.14591
1.14583
0.170748
0.194513
0.246275
0.315777
0.395067
0.481063
0.572672
0.668934
0.768605
0.869892
0.957797
1.02181
1.06699
1.09938
1.12277
1.13898
1.14863
1.15282
1.15381
1.1537
0.146315
0.170584
0.223514
0.294622
0.375813
0.464077
0.558362
0.657748
0.761017
0.866426
0.958324
1.02537
1.07257
1.10621
1.13029
1.14682
1.15652
1.16061
1.16149
1.16135
0.122369
0.147194
0.201233
0.273795
0.356706
0.447001
0.543699
0.645931
0.752553
0.861934
0.957896
1.02822
1.07772
1.11281
1.1377
1.15457
1.16426
1.16818
1.16893
1.16875
0.0988888
0.124286
0.179356
0.253266
0.337731
0.429848
0.528704
0.6335
0.743205
0.856377
0.95643
1.03029
1.08242
1.11923
1.14505
1.16225
1.17187
1.17554
1.17612
1.17589
0.0759201
0.101823
0.157902
0.233045
0.318906
0.412641
0.513415
0.620503
0.733001
0.84973
0.953836
1.03147
1.08662
1.12549
1.15241
1.16988
1.17925
1.18256
1.18297
1.1827
0.0534154
0.0798714
0.136917
0.213177
0.300284
0.395442
0.497901
0.607004
0.722004
0.841998
0.950059
1.03165
1.09021
1.13162
1.1599
1.17756
1.1864
1.18917
1.18938
1.18908
0.031504
0.0584927
0.11644
0.193707
0.281921
0.378332
0.482248
0.593096
0.710286
0.833213
0.945035
1.03066
1.09301
1.13754
1.16772
1.18558
1.19344
1.19531
1.19524
1.19495
0.0101806
0.0377409
0.0965022
0.174697
0.26389
0.361382
0.46655
0.578886
0.697939
0.823445
0.938716
1.02835
1.09478
1.14309
1.17603
1.19455
1.20095
1.20112
1.20049
1.20024
-0.0104545
0.0176263
0.0771662
0.1562
0.246251
0.344676
0.450891
0.564461
0.685085
0.812784
0.931097
1.02459
1.09522
1.14783
1.18471
1.20525
1.21047
1.20775
1.20525
1.20468
-0.0304577
-0.00181738
0.0584835
0.13828
0.229083
0.3283
0.435394
0.54996
0.671855
0.801339
0.922218
1.01924
1.09403
1.15112
1.19298
1.21779
1.22433
1.21954
1.21096
1.19335
-0.0497639
-0.0205802
0.0403149
0.120733
0.212088
0.311915
0.419631
0.534906
0.65771
0.788554
0.911489
1.01166
1.09069
1.1521
1.19937
1.23075
1.24255
1.23892
1.22246
1.23486
-0.0684963
-0.0386424
0.0227201
0.103616
0.195323
0.295583
0.40361
0.519328
0.642654
0.774344
0.898747
1.00127
1.0846
1.14951
1.19977
1.23553
1.25216
1.24646
1.18503
1.16661
-0.0872547
-0.0565635
0.00595296
0.0873274
0.179278
0.279752
0.387538
0.503493
0.62698
0.758928
0.884053
0.987743
1.07506
1.14278
1.18877
1.22312
1.23149
1.19791
1.12816
1.08569
-0.106737
-0.0752462
-0.0095878
0.0722452
0.164347
0.264574
0.371788
0.487574
0.610777
0.74234
0.867313
0.971032
1.06019
1.13221
1.18061
1.17933
1.16083
1.10154
1.02899
0.984449
0.301332
0.413512
0.532502
0.659028
0.78801
0.902699
0.994653
0.852479
-0.12782
-0.108998
-0.0709458
-0.00208831
0.0839569
0.179336
0.282903
0.39396
0.512042
0.637215
0.764815
0.878285
0.968666
1.04317
1.09513
1.06275
0.922716
0.835866
0.767467
-0.145651
-0.132572
-0.088361
-0.0177751
0.0685612
0.163989
0.267002
0.377519
0.494649
0.618297
0.743435
0.85321
0.938131
0.998646
0.99857
0.899344
0.755792
0.649697
0.560132
-0.169093
-0.15629
-0.109131
-0.0374366
0.0491306
0.14468
0.247724
0.35783
0.473931
0.595844
0.717751
0.822471
0.899667
0.942147
0.904066
0.746392
0.579473
0.443953
0.324805
-0.192732
-0.179761
-0.130961
-0.0580548
0.0289838
0.124521
0.227287
0.336613
0.451424
0.571198
0.689481
0.788649
0.858026
0.876759
0.794043
0.598985
0.398626
0.215283
0.0400013
-0.215576
-0.203109
-0.153471
-0.0795022
0.00802126
0.103572
0.205931
0.314355
0.427713
0.545038
0.659297
0.752258
0.812016
0.79609
0.666948
0.463123
0.240047
0.0259826
-0.168999
-0.238949
-0.226774
-0.176869
-0.102195
-0.0142778
0.0813449
0.183372
0.290962
0.402826
0.517582
0.627644
0.713937
0.761596
0.720216
0.550756
0.350333
0.134785
-0.0691427
-0.193897
-0.229641
-0.263644
-0.251629
-0.201502
-0.126443
-0.0383258
0.057274
0.1589
0.265543
0.375695
0.487513
0.59287
0.671806
0.705275
0.644687
0.4462
0.256084
0.0727874
-0.0650266
-0.110168
-0.135402
-0.28975
-0.277908
-0.227636
-0.152361
-0.0642003
0.0311916
0.132239
0.237673
0.34577
0.454165
0.554146
0.625387
0.641468
0.54302
0.353134
0.178085
0.0245355
-0.0624521
-0.0804914
-0.086908
-0.317584
-0.305847
-0.255381
-0.179956
-0.0918739
0.00315314
0.103386
0.207337
0.313016
0.417526
0.51142
0.574865
0.563521
0.441063
0.265529
0.101646
-0.0202183
-0.0637664
-0.0657505
-0.067517
-0.347108
-0.335474
-0.284766
-0.209216
-0.121321
-0.0268216
0.0723653
0.174557
0.27744
0.377621
0.464864
0.519314
0.486987
0.344519
0.183118
0.0312454
-0.0402459
-0.0574251
-0.0576142
-0.0575506
-0.378122
-0.366428
-0.315674
-0.240037
-0.152431
-0.0586516
0.0392634
0.139389
0.239093
0.334491
0.414816
0.457667
0.418826
0.256854
0.108302
-0.0104334
-0.0517221
-0.0505332
-0.0521357
-0.0520395
-0.410117
-0.398357
-0.347811
-0.27215
-0.18499
-0.0921245
0.00425882
0.102005
0.198162
0.288392
0.361489
0.394174
0.344303
0.179003
0.0426358
-0.0422588
-0.0554093
-0.0505254
-0.048414
-0.0475793
-0.442517
-0.430799
-0.380505
-0.305155
-0.218592
-0.12687
-0.0323053
0.062739
0.154968
0.239728
0.305422
0.329648
0.257886
0.107981
-0.0172886
-0.0395212
-0.0550555
-0.0503006
-0.0445857
-0.0428729
-0.474253
-0.462907
-0.413045
-0.33829
-0.252644
-0.162343
-0.0699058
0.0221101
0.110078
0.189014
0.247907
0.257932
0.176611
0.0459495
-0.0649943
-0.0844345
-0.0667933
-0.0562258
-0.0490695
-0.0448798
-0.504111
-0.493265
-0.444524
-0.370624
-0.286286
-0.197754
-0.107788
-0.0191369
0.0643124
0.136965
0.190261
0.185701
0.100437
-0.00329221
-0.107817
-0.17108
-0.106422
-0.0729005
-0.0612131
-0.0571018
-0.530877
-0.520413
-0.4735
-0.401015
-0.318415
-0.232056
-0.144948
-0.0600039
0.0187347
0.0849124
0.132675
0.122017
0.0232948
-0.0292476
-0.0665691
-0.0784911
-0.103927
-0.10966
-0.110744
-0.110033
-0.552225
-0.542498
-0.497914
-0.427846
-0.347667
-0.263972
-0.180102
-0.099182
-0.0253877
0.0345922
0.0744577
0.0605302
-0.0561829
-0.0879846
0.02795
-0.0963461
-0.202104
-0.263522
-0.275364
-0.266315
-0.566415
-0.557726
-0.51616
-0.449332
-0.372307
-0.291952
-0.211755
-0.135069
-0.066431
-0.0124265
0.0156668
-0.00382492
-0.168324
-0.343681
-0.44193
-0.424232
-0.461356
-0.491335
-0.481198
-0.468844
-0.570965
-0.563877
-0.526389
-0.463753
-0.390609
-0.314267
-0.238199
-0.165818
-0.102201
-0.0545591
-0.0401454
-0.0707896
-0.296328
-0.56002
-0.816327
-0.577598
-0.557368
-0.55021
-0.53993
-0.538939
-0.564749
-0.558941
-0.526575
-0.469347
-0.401022
-0.329284
-0.257547
-0.189273
-0.130013
-0.0886733
-0.0812271
-0.139245
-0.317737
-0.329529
-0.0506018
-0.155782
-0.424532
-0.54639
-0.558825
-0.564559
-0.544471
-0.540211
-0.514359
-0.464815
-0.402553
-0.335786
-0.26826
-0.203345
-0.146729
-0.108618
-0.10649
-0.168181
-0.363756
-0.561273
-0.729481
-1.1076
-1.29699
-1.09114
-0.833146
-0.73934
-0.512422
-0.509783
-0.491049
-0.450309
-0.395171
-0.333419
-0.269431
-0.206515
-0.149671
-0.10874
-0.105625
-0.172075
-0.530335
-1.16786
-1.91887
-2.33997
-2.43957
-2.20639
-1.83179
-1.55209
-0.473155
-0.471595
-0.460645
-0.42856
-0.380595
-0.323086
-0.261458
-0.198105
-0.137767
-0.0871326
-0.0681707
-0.103417
-0.3568
-0.685738
-1.06889
-1.30728
-1.29435
-1.08371
-0.838978
-0.656667
-0.433746
-0.432776
-0.427401
-0.40478
-0.36235
-0.307438
-0.24628
-0.179802
-0.110979
-0.0445667
0.0194048
0.068254
0.154869
0.326771
0.610488
0.931082
1.24632
1.48767
1.64216
1.71939
-0.400234
-0.399648
-0.397089
-0.382658
-0.345204
-0.291134
-0.227472
-0.155801
-0.0756136
0.0126624
0.117653
0.244622
0.481293
0.936772
1.52641
2.10851
2.59751
2.9293
3.10138
3.16162
-0.370252
-0.369667
-0.368946
-0.361968
-0.330902
-0.27711
-0.209566
-0.132438
-0.0453872
0.0561334
0.170535
0.305403
0.471016
0.875607
1.4388
1.98053
2.42711
2.71933
2.8733
2.93304
-0.343068
-0.342706
-0.342411
-0.339839
-0.316734
-0.264197
-0.193646
-0.112955
-0.0232068
0.077844
0.18948
0.312249
0.435709
0.711214
1.18134
1.61642
1.97142
2.21205
2.33775
2.38482
-0.321236
-0.320141
-0.318969
-0.318522
-0.302201
-0.250597
-0.177617
-0.0951872
-0.00616561
0.0912808
0.198719
0.307269
0.419242
0.576065
0.903423
1.23045
1.49245
1.66787
1.75669
1.78876
-0.31039
-0.309355
-0.310689
-0.312204
-0.293589
-0.235048
-0.157007
-0.073944
0.0118961
0.102963
0.198552
0.287205
0.373899
0.475566
0.688255
0.911003
1.08805
1.20822
1.26974
1.29207
-0.28794
-0.289434
-0.29554
-0.295713
-0.271243
-0.204594
-0.125517
-0.0456567
0.0327413
0.112337
0.19323
0.2644
0.330433
0.393956
0.531842
0.679406
0.794314
0.870681
0.907563
0.919496
-0.205429
-0.208584
-0.216009
-0.216421
-0.192245
-0.137191
-0.071608
-0.00554896
0.0589569
0.123976
0.188825
0.24288
0.286532
0.325493
0.416439
0.512093
0.585656
0.632714
0.654843
0.662104
-0.0617281
-0.0647147
-0.069261
-0.0705454
-0.058486
-0.0303065
0.00590103
0.047087
0.0913901
0.13888
0.187005
0.224252
0.249651
0.269637
0.331112
0.393527
0.441515
0.470928
0.484717
0.488374
0.0826448
0.0809889
0.0785489
0.0745561
0.0721373
0.0748925
0.0844579
0.101458
0.125685
0.15604
0.189462
0.213344
0.225297
0.236185
0.275882
0.3176
0.348924
0.367359
0.375282
0.376864
0.180482
0.179624
0.178085
0.172497
0.161984
0.151018
0.145238
0.146943
0.15677
0.174002
0.195138
0.209834
0.215318
0.221858
0.25147
0.280036
0.298253
0.30777
0.311163
0.311412
0.228673
0.228158
0.226829
0.221377
0.21017
0.196549
0.185528
0.179941
0.181453
0.190146
0.204226
0.215239
0.219663
0.225035
0.247224
0.265651
0.276455
0.281024
0.282114
0.281779
0.245679
0.245321
0.244217
0.240032
0.231232
0.219671
0.2089
0.201543
0.199418
0.203677
0.214346
0.22622
0.235455
0.244876
0.25977
0.268676
0.273243
0.27544
0.276208
0.275969
0.247559
0.247279
0.2464
0.243524
0.23757
0.229312
0.220828
0.214191
0.211142
0.21365
0.223078
0.238415
0.254573
0.268976
0.277983
0.280752
0.282459
0.284004
0.28468
0.284305
0.243815
0.243577
0.242895
0.240972
0.237199
0.231709
0.225605
0.220333
0.217409
0.218984
0.228332
0.246902
0.270761
0.289438
0.291692
0.29046
0.292034
0.295488
0.298077
0.297513
0.238927
0.238714
0.238174
0.2368
0.234343
0.230714
0.22636
0.222175
0.219235
0.2195
0.226903
0.245214
0.272535
0.29228
0.290096
0.289099
0.293345
0.298418
0.30288
0.302458
0.234558
0.234363
0.233928
0.232827
0.230938
0.228318
0.225002
0.221258
0.217699
0.215544
0.217265
0.228045
0.24883
0.262332
0.257109
0.259032
0.268753
0.281045
0.287625
0.287031
0.230987
0.230816
0.230488
0.22961
0.227963
0.225644
0.222752
0.219155
0.214575
0.20868
0.201243
0.195297
0.194606
0.194394
0.191412
0.204442
0.222382
0.236393
0.242616
0.241421
0.22782
0.227682
0.227483
0.226884
0.225561
0.223579
0.22078
0.217036
0.211575
0.201897
0.184038
0.154711
0.120065
0.10033
0.110122
0.133852
0.154656
0.16627
0.170578
0.170643
0.224321
0.224209
0.224144
0.223873
0.223015
0.221405
0.219544
0.216369
0.210885
0.200628
0.174502
0.125011
0.0547783
0.0244711
0.0454934
0.0759351
0.0938571
0.0999141
0.101451
0.102181
0.219696
0.219627
0.21977
0.219985
0.22007
0.219481
0.218625
0.217677
0.214145
0.205429
0.180726
0.126323
0.0484406
0.0199075
0.0392515
0.0557075
0.0582618
0.0574454
0.0562661
0.0566779
0.212946
0.212923
0.213186
0.213707
0.21445
0.215751
0.217664
0.219788
0.220932
0.217904
0.203465
0.163427
0.107472
0.0878222
0.0836857
0.0729081
0.0552752
0.0415939
0.0378905
0.0388653
0.20273
0.2028
0.203446
0.204972
0.207212
0.210571
0.215294
0.221494
0.22941
0.235914
0.237155
0.225726
0.194952
0.176802
0.14824
0.110504
0.0782492
0.0574353
0.0511927
0.051047
0.186094
0.186245
0.187303
0.189817
0.194019
0.200221
0.209049
0.220914
0.235517
0.252877
0.268478
0.275066
0.277741
0.256303
0.20121
0.153735
0.11643
0.0947596
0.0844594
0.084134
0.160074
0.160331
0.161849
0.16553
0.171927
0.181338
0.194196
0.2111
0.231043
0.258457
0.2827
0.297728
0.30269
0.27678
0.219125
0.182584
0.16129
0.145877
0.136311
0.134856
0.12218
0.122517
0.12412
0.128835
0.137195
0.149304
0.165536
0.186386
0.211268
0.236438
0.260488
0.272416
0.266257
0.23557
0.202116
0.18427
0.179096
0.173746
0.165094
0.162332
0.0721819
0.0723146
0.0742184
0.0788476
0.0866119
0.0976917
0.11263
0.131895
0.15164
0.164278
0.182686
0.192078
0.180959
0.147726
0.126716
0.131788
0.144786
0.137132
0.128981
0.126272
0.0435505
0.0438001
0.0455189
0.0518098
0.0599375
0.0695696
0.0825651
0.0964746
0.101833
0.104737
0.123647
0.124391
0.110539
0.0847224
0.076548
0.0933628
0.0898447
0.0893623
0.086721
0.0318342
-0.137297
0.217988
0.450531
0.647971
0.807859
0.936101
1.03946
1.12744
1.19061
1.18685
0.384044
0.544038
0.691253
0.818169
0.926879
1.0179
1.09298
1.15119
1.18664
1.19986
0.660142
0.760703
0.858208
0.946086
1.0226
1.08766
1.14095
1.18158
1.21039
1.22984
0.847102
0.914618
0.984299
1.04873
1.10434
1.15221
1.19218
1.22437
1.25011
1.26841
0.988738
1.03623
1.08983
1.13739
1.18008
1.21756
1.24993
1.27719
1.29981
1.31553
1.10276
1.14073
1.18255
1.22034
1.25547
1.28724
1.31533
1.33938
1.35938
1.37238
1.20154
1.23429
1.26975
1.30353
1.33521
1.36437
1.39033
1.41244
1.43041
1.44098
1.29345
1.32495
1.35951
1.39309
1.42432
1.45283
1.47792
1.49889
1.51521
1.52388
1.38877
1.42363
1.4606
1.49622
1.52828
1.55666
1.58095
1.60079
1.61565
1.62368
1.50198
1.54231
1.58157
1.61854
1.65044
1.67759
1.70023
1.71852
1.73225
1.74136
1.64604
1.68888
1.72644
1.76013
1.7882
1.81203
1.83268
1.85011
1.86399
1.87514
1.82389
1.86151
1.88967
1.91398
1.93502
1.95433
1.97259
1.98976
2.00567
2.0202
2.02159
2.04263
2.05761
2.07345
2.08974
2.10505
2.11878
2.13205
2.14756
2.16593
2.21235
2.21949
2.23002
2.24158
2.2515
2.26071
2.27098
2.28209
2.29371
2.30258
2.42532
2.4271
2.41919
2.40268
2.39154
2.391
2.40316
2.42777
2.46189
2.48643
2.84498
2.65109
2.55004
2.4922
2.46309
2.45646
2.47166
2.51249
2.58835
2.7313
-0.0912696
-0.0957329
-0.0565167
0.0145121
0.100667
0.196733
1.08094
1.15014
1.15087
1.07442
1.00577
0.934311
0.697696
0.466494
0.18697
-0.183942
-0.561119
)
;

boundaryField
{
    wall-4
    {
        type            zeroGradient;
    }
    pressure-outlet-7
    {
        type            fixedValue;
        value           uniform 0;
    }
    velocity-inlet-6
    {
        type            zeroGradient;
    }
    velocity-inlet-5
    {
        type            zeroGradient;
    }
    frontAndBackPlanes
    {
        type            empty;
    }
}


// ************************************************************************* //
