/*--------------------------------*- C++ -*----------------------------------*\
  =========                 |
  \\      /  F ield         | OpenFOAM: The Open Source CFD Toolbox
   \\    /   O peration     | Website:  https://openfoam.org
    \\  /    A nd           | Version:  9
     \\/     M anipulation  |
\*---------------------------------------------------------------------------*/
FoamFile
{
    format      ascii;
    class       volScalarField;
    location    "33";
    object      p;
}
// * * * * * * * * * * * * * * * * * * * * * * * * * * * * * * * * * * * * * //

dimensions      [0 2 -2 0 0 0 0];

internalField   nonuniform List<scalar> 
8800
(
1.33661
1.28882
1.25013
1.22113
1.20025
1.1854
1.17478
1.16726
1.16239
1.16027
1.16145
1.16557
1.17215
1.18142
1.19417
1.21188
1.23664
1.27057
1.31311
1.37181
1.16787
1.17555
1.18301
1.18632
1.18481
1.17972
1.17321
1.16711
1.16234
1.15943
1.15907
1.16149
1.1659
1.17179
1.17852
1.18477
1.18839
1.18764
1.1822
1.17351
1.1463
1.15246
1.15658
1.15951
1.16155
1.16214
1.161
1.15886
1.15679
1.1558
1.15667
1.15896
1.16169
1.16382
1.16438
1.16315
1.16078
1.15737
1.1528
1.14904
1.14053
1.14318
1.14592
1.14832
1.14994
1.15108
1.15179
1.15186
1.15151
1.15137
1.15201
1.15309
1.15384
1.15384
1.15318
1.15205
1.1502
1.1476
1.14518
1.14368
1.1352
1.13663
1.1384
1.14042
1.14219
1.14351
1.14447
1.14522
1.14576
1.14622
1.14675
1.14713
1.14713
1.14676
1.14599
1.14469
1.14295
1.14107
1.13974
1.13891
1.1302
1.13112
1.13236
1.13392
1.13554
1.13704
1.1383
1.13931
1.14019
1.14096
1.1415
1.14169
1.14152
1.14098
1.14001
1.13873
1.13734
1.13604
1.13519
1.13464
1.12539
1.12606
1.12702
1.12832
1.12972
1.13116
1.13256
1.13383
1.13494
1.1359
1.13654
1.13673
1.13649
1.13584
1.13491
1.13387
1.13277
1.13179
1.13118
1.13078
1.12073
1.12125
1.12203
1.12317
1.12444
1.1258
1.12721
1.12863
1.12995
1.13112
1.13191
1.13216
1.13192
1.13135
1.13059
1.12973
1.12885
1.12808
1.12762
1.12731
1.11616
1.11657
1.11723
1.11825
1.11946
1.12077
1.12218
1.12366
1.12516
1.12656
1.12754
1.12792
1.12782
1.12742
1.12684
1.12615
1.12543
1.12484
1.12449
1.12424
1.11161
1.11194
1.11251
1.11346
1.11462
1.11592
1.11736
1.11892
1.12058
1.12222
1.12345
1.12405
1.12417
1.12397
1.12357
1.12305
1.12249
1.12203
1.12175
1.12155
1.10701
1.10727
1.10779
1.1087
1.10985
1.11118
1.11268
1.11436
1.11619
1.1181
1.11966
1.12058
1.12097
1.12098
1.12076
1.1204
1.11997
1.11963
1.11942
1.11925
1.10229
1.10251
1.10299
1.10389
1.10507
1.10647
1.10808
1.10994
1.11205
1.11431
1.11627
1.11755
1.11822
1.11847
1.11844
1.11823
1.11794
1.11769
1.11754
1.1174
1.0974
1.09758
1.09803
1.09895
1.1002
1.1017
1.10347
1.10555
1.10799
1.1107
1.11316
1.11487
1.11589
1.11642
1.11662
1.11659
1.11642
1.11625
1.11615
1.11603
1.09227
1.09241
1.09285
1.09381
1.09516
1.0968
1.09876
1.10113
1.10396
1.10723
1.1103
1.11254
1.11401
1.11488
1.11534
1.11551
1.11547
1.1154
1.11534
1.11524
1.08683
1.08694
1.08739
1.0884
1.08988
1.09171
1.09395
1.0967
1.10005
1.10399
1.10783
1.11075
1.11273
1.11399
1.11474
1.11513
1.11526
1.11529
1.11527
1.11518
1.08101
1.08107
1.08153
1.08261
1.08424
1.0863
1.08887
1.0921
1.09612
1.10096
1.10571
1.10939
1.11201
1.11377
1.1149
1.11555
1.11588
1.11602
1.11605
1.11598
1.07459
1.07465
1.07511
1.07626
1.07806
1.08039
1.08337
1.08718
1.09198
1.09785
1.10377
1.10848
1.11186
1.11423
1.11586
1.1169
1.1175
1.11779
1.11786
1.1178
1.06734
1.06738
1.06788
1.06912
1.07116
1.07388
1.07741
1.08201
1.08788
1.09511
1.10242
1.10826
1.11255
1.11564
1.11784
1.11933
1.12025
1.1207
1.12082
1.12075
1.0589
1.05893
1.05949
1.06087
1.0632
1.06638
1.07061
1.07616
1.08332
1.09219
1.10123
1.10852
1.11394
1.11791
1.12081
1.12283
1.12414
1.12478
1.12494
1.12485
1.04868
1.04871
1.04937
1.051
1.05377
1.05764
1.06283
1.0697
1.07855
1.08949
1.10059
1.10955
1.11625
1.1212
1.12489
1.12751
1.12922
1.13003
1.13023
1.13013
1.03609
1.03612
1.03694
1.03896
1.0424
1.04723
1.05372
1.0623
1.0733
1.08679
1.10038
1.11133
1.11953
1.12562
1.1302
1.13347
1.13559
1.13659
1.13682
1.13669
1.02038
1.02042
1.02147
1.02408
1.02849
1.03469
1.04297
1.05383
1.06758
1.08421
1.10077
1.11401
1.12393
1.13133
1.13688
1.14088
1.14345
1.14463
1.14489
1.14475
1.00046
1.00052
1.00194
1.00546
1.01131
1.01945
1.03023
1.04413
1.06139
1.08185
1.10187
1.11774
1.12959
1.13846
1.14514
1.14996
1.15302
1.15439
1.15467
1.15451
0.974571
0.974682
0.976744
0.981702
0.989816
1.00083
1.01514
1.03313
1.05482
1.07985
1.10385
1.12266
1.13667
1.14718
1.15511
1.16088
1.16446
1.166
1.1663
1.1661
0.939659
0.939909
0.94325
0.950871
0.962776
0.978261
0.997625
1.02099
1.04814
1.07849
1.10694
1.12894
1.14527
1.15757
1.16693
1.17372
1.1778
1.17949
1.17978
1.17954
0.889991
0.891117
0.89779
0.910858
0.929322
0.951694
0.97803
1.0082
1.04181
1.0781
1.11131
1.13667
1.15545
1.16966
1.18052
1.18834
1.19294
1.19475
1.19499
1.1947
0.816783
0.824325
0.839681
0.862832
0.89099
0.922535
0.957412
0.995446
1.03623
1.07905
1.11747
1.14662
1.16825
1.18473
1.19742
1.20651
1.21183
1.21394
1.21425
1.21402
0.73853
0.755887
0.780635
0.81426
0.852466
0.893324
0.936842
0.982961
1.0314
1.08156
1.12633
1.1604
1.18586
1.20538
1.22047
1.23149
1.23788
1.2403
1.24078
1.24073
0.674099
0.694299
0.726888
0.769134
0.816019
0.86557
0.917391
0.971406
1.02731
1.08456
1.13536
1.17394
1.20278
1.22486
1.2418
1.25394
1.26121
1.26436
1.26481
1.26484
0.62169
0.643666
0.681429
0.729768
0.78343
0.840156
0.89926
0.960487
1.02339
1.08735
1.14374
1.18634
1.218
1.24205
1.2604
1.27376
1.28219
1.28532
1.28588
1.28599
0.578346
0.601394
0.642652
0.695725
0.75476
0.817354
0.882676
0.950278
1.01953
1.08966
1.15114
1.19726
1.23131
1.25703
1.27666
1.29093
1.2999
1.30347
1.30423
1.30437
0.541417
0.565104
0.609042
0.665777
0.729206
0.79675
0.867445
0.940683
1.01568
1.09143
1.15751
1.20675
1.24281
1.26987
1.29037
1.30525
1.31463
1.31862
1.3196
1.31976
0.508875
0.533003
0.579004
0.638783
0.70591
0.777722
0.853147
0.931444
1.01166
1.09259
1.16291
1.21494
1.25274
1.28087
1.30203
1.31736
1.32699
1.3313
1.3324
1.33255
0.479238
0.503777
0.551477
0.613841
0.684171
0.759712
0.839358
0.922243
1.00729
1.09307
1.16738
1.22203
1.2614
1.29045
1.31209
1.3277
1.33748
1.34194
1.34307
1.34317
0.451609
0.476522
0.525771
0.590336
0.663476
0.742319
0.825748
0.912824
1.00236
1.09276
1.17095
1.22816
1.26905
1.29894
1.32102
1.33681
1.34665
1.35118
1.35239
1.35246
0.425254
0.450598
0.501242
0.567803
0.643456
0.725244
0.812087
0.903007
0.996758
1.0916
1.17364
1.23345
1.27593
1.30671
1.32925
1.34523
1.3551
1.35959
1.36086
1.36096
0.399904
0.425683
0.477432
0.545934
0.623842
0.708287
0.79822
0.892672
0.990376
1.08952
1.17545
1.238
1.28221
1.31401
1.33708
1.35329
1.3632
1.36764
1.36883
1.36888
0.375194
0.401554
0.454335
0.524544
0.604474
0.691312
0.784051
0.881745
0.983152
1.08648
1.17636
1.24186
1.28801
1.32099
1.34472
1.36123
1.3712
1.37558
1.37662
1.3766
0.351044
0.377868
0.431798
0.503519
0.585272
0.674262
0.769534
0.870192
0.975057
1.08243
1.17636
1.24505
1.29339
1.32774
1.35226
1.36912
1.37911
1.38336
1.38428
1.38417
0.32738
0.354766
0.409684
0.482802
0.566209
0.657125
0.754668
0.858014
0.966082
1.07734
1.17537
1.2475
1.29833
1.3343
1.35973
1.37696
1.38691
1.39095
1.39171
1.39153
0.304115
0.332113
0.387981
0.462392
0.547279
0.639918
0.739489
0.845247
0.956242
1.07117
1.17329
1.2491
1.30281
1.34071
1.3672
1.38478
1.39459
1.39832
1.3989
1.39866
0.281268
0.309938
0.366734
0.442319
0.528532
0.622688
0.724052
0.831946
0.945572
1.0639
1.17004
1.24976
1.30673
1.34697
1.37473
1.3926
1.40207
1.40536
1.40573
1.40545
0.259011
0.288307
0.345985
0.422625
0.510019
0.605512
0.708431
0.818194
0.934142
1.05556
1.16557
1.24932
1.30994
1.35306
1.38249
1.40061
1.40938
1.41197
1.41209
1.41178
0.237377
0.267268
0.325767
0.403372
0.491804
0.588456
0.692721
0.804079
0.922043
1.04621
1.15983
1.24762
1.31222
1.35885
1.39066
1.40923
1.4168
1.41813
1.41788
1.41759
0.216311
0.246866
0.306123
0.384602
0.473958
0.571608
0.677015
0.789714
0.909379
1.03591
1.15277
1.24451
1.31329
1.36403
1.39928
1.41919
1.42533
1.42434
1.42308
1.42301
0.195989
0.227128
0.287117
0.366386
0.456543
0.555053
0.661412
0.775212
0.896272
1.02477
1.14443
1.23987
1.31284
1.36806
1.40791
1.43108
1.43708
1.43312
1.4291
1.42816
0.176324
0.208067
0.268732
0.348699
0.43953
0.538745
0.645854
0.760512
0.882652
1.01272
1.13467
1.23344
1.31053
1.3702
1.41544
1.44436
1.4539
1.45025
1.43986
1.4231
0.157393
0.189692
0.250847
0.33135
0.422622
0.522343
0.629916
0.745117
0.867962
0.999108
1.1228
1.22435
1.30571
1.36929
1.41929
1.45521
1.4693
1.45963
1.44218
1.42529
0.139371
0.17187
0.23365
0.314578
0.406122
0.5062
0.613829
0.729364
0.852528
0.984215
1.10899
1.21227
1.29783
1.36434
1.41434
1.45026
1.46764
1.44887
1.37865
1.34569
0.122913
0.153427
0.217471
0.298979
0.390749
0.49081
0.597888
0.713479
0.836572
0.968185
1.09322
1.19702
1.28581
1.35532
1.39652
1.42433
1.42558
1.37541
1.30417
1.25979
0.0666464
0.13722
0.202597
0.283423
0.375046
0.474764
0.582033
0.697188
0.81974
0.950599
1.07496
1.17821
1.26628
1.34312
1.34762
1.36173
1.32546
1.26041
1.1835
1.14021
0.105141
0.121187
0.180891
0.261388
0.352213
0.451661
0.557928
0.672256
0.79356
0.922572
1.04426
1.14499
1.22456
1.30197
1.29845
1.19342
1.09036
1.01874
0.945234
0.979803
0.0737352
0.103105
0.163684
0.243592
0.334465
0.433574
0.540009
0.653614
0.773727
0.900742
1.01932
1.11592
1.18794
1.22896
1.18475
1.04105
0.913346
0.822157
0.721879
0.776067
0.049473
0.081803
0.143609
0.223809
0.314766
0.413723
0.52
0.632687
0.751297
0.875789
0.990519
1.0815
1.1439
1.15366
1.05091
0.876637
0.721212
0.600071
0.466527
0.502337
0.0257359
0.059612
0.122614
0.203662
0.294799
0.393619
0.499348
0.611002
0.727937
0.849593
0.959717
1.04445
1.09192
1.06962
0.913374
0.713201
0.51757
0.34087
0.143637
0.132598
0.00267574
0.0369271
0.100815
0.182605
0.273957
0.37259
0.477662
0.588183
0.703216
0.82171
0.926699
1.00432
1.03454
0.977572
0.782682
0.566431
0.340905
0.140634
-0.114977
-0.435623
-0.0206713
0.0135505
0.077945
0.160236
0.251818
0.350319
0.454811
0.564183
0.677238
0.792376
0.892082
0.961519
0.974215
0.866537
0.66938
0.453402
0.240277
0.0592872
-0.00935487
-0.103587
-0.0451889
-0.0109722
0.0536761
0.136217
0.227896
0.326179
0.430003
0.538065
0.64885
0.760167
0.85419
0.913782
0.901676
0.758574
0.569424
0.3734
0.204469
0.1082
0.0843195
0.0668295
-0.0712029
-0.0369632
0.0278446
0.110469
0.202071
0.299977
0.402902
0.509362
0.617476
0.724369
0.812261
0.859833
0.827989
0.658619
0.479108
0.309236
0.17778
0.137966
0.123321
0.121545
-0.0989229
-0.0645774
0.000394382
0.0830154
0.174408
0.271725
0.373512
0.478044
0.583062
0.684984
0.766027
0.8002
0.751605
0.565203
0.395292
0.243381
0.159156
0.143917
0.142298
0.142307
-0.128378
-0.0938127
-0.0286844
0.0538805
0.144918
0.24146
0.341855
0.444124
0.545626
0.642091
0.71536
0.739113
0.656561
0.479528
0.317037
0.191005
0.155462
0.152569
0.152465
0.153079
-0.159263
-0.124496
-0.0592593
0.0231764
0.113717
0.209272
0.308002
0.407667
0.505212
0.59577
0.660845
0.669149
0.562763
0.39913
0.253723
0.170058
0.161282
0.159942
0.159372
0.15976
-0.191005
-0.156167
-0.0910513
-0.00884889
0.0810281
0.175362
0.272151
0.368854
0.462029
0.546253
0.603479
0.594738
0.478586
0.327739
0.202422
0.182179
0.16652
0.164008
0.165116
0.165721
-0.223145
-0.188344
-0.123542
-0.0417764
0.0472354
0.140103
0.234642
0.328031
0.416434
0.494095
0.542954
0.521344
0.398677
0.265384
0.162678
0.131275
0.153671
0.167192
0.1709
0.171904
-0.254844
-0.220296
-0.155948
-0.0749553
0.0129218
0.104037
0.196011
0.285756
0.368983
0.439942
0.479557
0.449264
0.322622
0.219998
0.132032
0.149296
0.155701
0.162488
0.168027
0.170839
-0.28454
-0.250859
-0.187379
-0.107485
-0.0210753
0.0679491
0.157029
0.242832
0.320556
0.384397
0.417891
0.371933
0.247409
0.186489
0.16234
0.133527
0.133892
0.138113
0.141055
0.143562
-0.31086
-0.278168
-0.216705
-0.138207
-0.0537078
0.0329055
0.11874
0.200312
0.272436
0.328275
0.360221
0.286201
0.158923
0.160621
0.204845
0.129127
0.086773
0.0665914
0.0616966
0.0625318
-0.331822
-0.300966
-0.24186
-0.165697
-0.0836103
0.000147262
0.0824771
0.15957
0.226118
0.27336
0.302458
0.197259
0.017983
-0.0616854
-0.0211039
-0.0575962
-0.0964534
-0.116443
-0.110982
-0.103627
-0.345476
-0.31724
-0.261305
-0.188182
-0.109186
-0.0287725
0.0497781
0.122412
0.183327
0.222498
0.242734
0.10293
-0.142041
-0.561282
-0.663861
-0.393408
-0.317909
-0.299037
-0.28338
-0.278484
-0.349433
-0.325032
-0.273258
-0.203971
-0.128699
-0.0521236
0.0225172
0.0909019
0.146452
0.178637
0.182252
0.0373447
-0.145595
-0.268253
-0.320557
-0.275782
-0.334227
-0.316008
-0.31032
-0.30932
-0.342172
-0.322189
-0.275779
-0.211539
-0.140631
-0.0682077
0.00263895
0.0674349
0.118796
0.145527
0.133552
0.0528865
0.0653002
0.371812
0.578731
0.178433
-0.157162
-0.23568
-0.261302
-0.262981
-0.321801
-0.306109
-0.267403
-0.20976
-0.143966
-0.0757065
-0.00818072
0.0544407
0.104335
0.128569
0.109624
-0.00289207
-0.180503
-0.492713
-0.955438
-1.35143
-1.30349
-0.919527
-0.630278
-0.588286
-0.289746
-0.279089
-0.248467
-0.198801
-0.138451
-0.0741589
-0.00883436
0.0534941
0.106284
0.134835
0.112437
-0.0847873
-0.648457
-1.4683
-2.03358
-2.3604
-2.27926
-1.96714
-1.62067
-1.42108
-0.250576
-0.244331
-0.222485
-0.180664
-0.125688
-0.0643233
0.000495725
0.0654772
0.125542
0.172404
0.178942
0.0644161
-0.254935
-0.629821
-0.96757
-1.01245
-0.80595
-0.523575
-0.283138
-0.154703
-0.210741
-0.207318
-0.194225
-0.159785
-0.108623
-0.0485687
0.0177184
0.0889264
0.161694
0.237753
0.307341
0.40726
0.540224
0.832174
1.19884
1.59931
1.93848
2.16175
2.27773
2.32063
-0.176589
-0.174583
-0.167572
-0.140424
-0.0921326
-0.0306976
0.0390915
0.117474
0.20637
0.307002
0.437844
0.590297
0.935341
1.48988
2.12359
2.69422
3.12361
3.37851
3.48996
3.51993
-0.144569
-0.144031
-0.141842
-0.123103
-0.0780144
-0.0148466
0.0591718
0.142973
0.238627
0.350927
0.475695
0.616675
0.843969
1.34866
1.9125
2.41451
2.78359
2.9969
3.09474
3.123
-0.116109
-0.115532
-0.114973
-0.104159
-0.0644681
-0.000412801
0.0763638
0.162521
0.256989
0.365757
0.481189
0.605614
0.753093
1.09854
1.55377
1.93412
2.22219
2.39135
2.4675
2.48854
-0.0948615
-0.0934532
-0.0932798
-0.0873084
-0.050708
0.0149655
0.0938337
0.179347
0.270772
0.373549
0.476498
0.577119
0.674815
0.889937
1.20817
1.4843
1.68883
1.80648
1.85822
1.87109
-0.0833408
-0.0842611
-0.087151
-0.080545
-0.03759
0.0350467
0.116439
0.199135
0.284452
0.376011
0.461768
0.53541
0.606534
0.741737
0.952364
1.13556
1.27006
1.34744
1.38091
1.38883
-0.0506244
-0.0551186
-0.0610778
-0.0502301
-0.00280513
0.0716853
0.149251
0.224434
0.299493
0.376965
0.446576
0.500133
0.550267
0.634586
0.774648
0.892554
0.975616
1.02223
1.04104
1.04339
0.0480543
0.0425807
0.0378608
0.0473816
0.0845764
0.139959
0.199255
0.258469
0.318614
0.380714
0.434647
0.471241
0.501487
0.555585
0.647544
0.725153
0.77643
0.804048
0.814273
0.81489
0.194337
0.191379
0.188029
0.190666
0.205944
0.231084
0.263136
0.300002
0.34159
0.387593
0.427237
0.452553
0.472485
0.505922
0.564698
0.614554
0.646911
0.663712
0.670138
0.669869
0.324996
0.323874
0.321015
0.316244
0.312733
0.314553
0.323788
0.340802
0.365853
0.39771
0.427199
0.446973
0.459195
0.485946
0.524188
0.554438
0.573315
0.582667
0.585695
0.584926
0.405346
0.40486
0.401898
0.394008
0.38251
0.373191
0.370022
0.374634
0.387687
0.408754
0.432076
0.450643
0.464379
0.485923
0.511197
0.528131
0.537708
0.542268
0.543535
0.542491
0.44195
0.441523
0.438884
0.431589
0.420015
0.40855
0.400747
0.398961
0.404684
0.418625
0.438768
0.459096
0.477678
0.494166
0.508232
0.516957
0.522838
0.525775
0.526729
0.525653
0.453252
0.452815
0.450745
0.445353
0.436452
0.426647
0.418598
0.414555
0.416166
0.425481
0.442686
0.465655
0.489555
0.503727
0.508541
0.513417
0.517983
0.521435
0.522715
0.521408
0.453322
0.452897
0.451346
0.44771
0.441659
0.434405
0.4276
0.42299
0.422071
0.427208
0.441067
0.464419
0.489522
0.499588
0.499783
0.504145
0.512312
0.518665
0.520761
0.518906
0.449847
0.449454
0.448269
0.445753
0.44175
0.436574
0.431081
0.426373
0.423471
0.424017
0.431087
0.447569
0.468795
0.471993
0.472132
0.480955
0.492484
0.501707
0.505182
0.503474
0.446188
0.445845
0.444905
0.442942
0.44001
0.436225
0.431685
0.426792
0.421762
0.416454
0.411932
0.411504
0.41486
0.413561
0.420486
0.43776
0.45556
0.467867
0.471844
0.469933
0.443235
0.442974
0.44228
0.440698
0.438291
0.435153
0.431294
0.426288
0.419351
0.408012
0.388987
0.364371
0.336643
0.334181
0.355957
0.383435
0.404397
0.416108
0.418583
0.416872
0.440549
0.440402
0.440007
0.438935
0.436897
0.434449
0.431082
0.426642
0.419376
0.40396
0.371803
0.319503
0.269599
0.269071
0.303747
0.33371
0.349222
0.35623
0.358539
0.358691
0.436954
0.436921
0.436829
0.436373
0.435143
0.43365
0.431869
0.429195
0.423852
0.410354
0.37718
0.315183
0.25609
0.264403
0.296666
0.316775
0.324902
0.32698
0.32826
0.328355
0.431225
0.431362
0.431682
0.432012
0.432193
0.432196
0.432724
0.43322
0.432756
0.425989
0.403291
0.355642
0.31666
0.323046
0.334041
0.335497
0.332513
0.330021
0.329174
0.328701
0.421886
0.42218
0.422836
0.423834
0.425384
0.428101
0.432125
0.437757
0.444423
0.448551
0.444015
0.423975
0.409114
0.402101
0.386191
0.365602
0.351803
0.344712
0.343483
0.343765
0.406628
0.407172
0.408515
0.410884
0.414428
0.41998
0.428431
0.439876
0.454369
0.472118
0.485527
0.491452
0.494746
0.471587
0.436094
0.405808
0.384933
0.374998
0.371386
0.371051
0.38207
0.382973
0.385208
0.389152
0.395191
0.404272
0.417497
0.435568
0.458515
0.486471
0.512904
0.530267
0.537078
0.503049
0.461281
0.434518
0.417553
0.404678
0.398947
0.399093
0.34415
0.345503
0.348751
0.354669
0.363833
0.376788
0.394456
0.417693
0.445932
0.478504
0.506208
0.517307
0.514866
0.483334
0.460527
0.446848
0.443294
0.434497
0.428264
0.428516
0.288937
0.290578
0.294847
0.302954
0.315271
0.331948
0.352831
0.377588
0.402732
0.4291
0.455978
0.46244
0.445181
0.421635
0.424298
0.441223
0.44816
0.43901
0.432541
0.431296
0.214543
0.215843
0.22085
0.230808
0.245413
0.264001
0.284433
0.300872
0.311046
0.322498
0.350588
0.353995
0.33226
0.306404
0.34085
0.373223
0.384981
0.375952
0.371213
0.37003
0.123194
0.124538
0.128804
0.138399
0.151932
0.167977
0.181913
0.182502
0.162386
0.162611
0.19954
0.20973
0.174126
0.179579
0.214478
0.266832
0.266485
0.255814
0.249178
0.24671
0.0277285
0.0272695
0.0272141
0.028105
0.0289824
0.0321506
0.0347405
0.0272811
0.00396819
0.00414877
0.0356878
0.0579576
0.0618629
0.0420015
0.0448567
0.0303256
0.0451511
0.0534104
0.0528577
0.0521965
0.383196
0.561879
0.770601
0.949725
1.0939
1.20872
1.30441
1.3852
1.42126
1.3982
0.708562
0.836668
0.973746
1.09242
1.19287
1.27639
1.344
1.39186
1.41604
1.42792
0.940496
1.02797
1.12133
1.20408
1.27536
1.33502
1.38239
1.41697
1.4418
1.45957
1.10922
1.17091
1.23634
1.29618
1.34827
1.39247
1.42868
1.45748
1.48096
1.49913
1.23986
1.28514
1.33277
1.37833
1.4186
1.45367
1.48363
1.50847
1.52929
1.54705
1.34725
1.3813
1.42063
1.45736
1.491
1.52106
1.54728
1.56925
1.5874
1.60471
1.44169
1.4711
1.50594
1.5388
1.56938
1.59708
1.62126
1.64129
1.657
1.67407
1.53151
1.56117
1.59571
1.6282
1.65821
1.68514
1.70829
1.72698
1.7405
1.75754
1.62762
1.66102
1.69802
1.73191
1.76222
1.78863
1.81076
1.82818
1.84015
1.85757
1.74318
1.78099
1.81988
1.85435
1.88387
1.90875
1.92923
1.94521
1.95675
1.97483
1.8885
1.92716
1.96327
1.99406
2.01983
2.04201
2.06113
2.07671
2.08918
2.10719
2.06351
2.09538
2.12161
2.14407
2.16409
2.18286
2.20061
2.21712
2.2325
2.25058
2.25221
2.26951
2.28464
2.30091
2.31684
2.3314
2.34463
2.35857
2.37613
2.3963
2.43415
2.44362
2.45518
2.46602
2.47532
2.48492
2.49574
2.50712
2.5185
2.53386
2.64131
2.645
2.63007
2.61527
2.60902
2.61472
2.63321
2.66353
2.69571
2.72237
2.94765
2.81279
2.73617
2.69383
2.67642
2.68039
2.7078
2.76422
2.86685
3.09121
1.22721
1.22508
1.22059
1.21196
1.19973
1.18758
1.17734
1.16941
1.16375
1.16042
1.15998
1.16263
1.16765
1.17482
1.18416
1.19567
1.20829
1.21931
1.22542
1.22846
1.15168
1.15752
1.16386
1.16834
1.1708
1.17046
1.1677
1.16386
1.1603
1.15797
1.15773
1.15983
1.16341
1.16763
1.17139
1.17324
1.17227
1.16877
1.16359
1.15697
1.14329
1.14558
1.14898
1.15197
1.15403
1.15551
1.15624
1.15589
1.15481
1.15385
1.15392
1.15524
1.15696
1.15819
1.15832
1.15738
1.1558
1.15344
1.15015
1.14723
1.13782
1.13891
1.14073
1.14311
1.14512
1.14653
1.14752
1.14823
1.14857
1.14871
1.14908
1.14976
1.15025
1.15023
1.14974
1.14884
1.14733
1.14521
1.14309
1.1417
1.13267
1.13334
1.13444
1.13614
1.13791
1.13953
1.1408
1.14176
1.14258
1.14327
1.14386
1.14426
1.14432
1.14404
1.14339
1.14226
1.14077
1.13918
1.13783
1.13704
1.12778
1.12824
1.12902
1.13032
1.1318
1.1333
1.13474
1.13599
1.13704
1.13798
1.13873
1.13912
1.1391
1.13869
1.13787
1.13678
1.13558
1.13438
1.13342
1.1329
1.12305
1.12339
1.124
1.12507
1.12636
1.12772
1.12914
1.13054
1.13183
1.13297
1.13389
1.13436
1.13433
1.13387
1.13311
1.1322
1.13124
1.13029
1.12957
1.12918
1.11844
1.11871
1.1192
1.12012
1.12129
1.12258
1.12395
1.12539
1.12684
1.1282
1.12932
1.12991
1.12995
1.12959
1.129
1.12827
1.12748
1.12673
1.12617
1.12588
1.11389
1.1141
1.11451
1.11532
1.11642
1.11767
1.11903
1.1205
1.12206
1.12363
1.12498
1.12577
1.12599
1.12582
1.12541
1.12485
1.12422
1.12363
1.12321
1.12297
1.10932
1.10949
1.10984
1.11058
1.11164
1.11287
1.11425
1.11579
1.11747
1.11924
1.12087
1.12195
1.12244
1.1225
1.12228
1.12189
1.12142
1.12097
1.12064
1.12046
1.10467
1.1048
1.10511
1.10581
1.10687
1.10813
1.10958
1.11123
1.1131
1.11514
1.11711
1.11856
1.11934
1.11964
1.11963
1.11941
1.11908
1.11874
1.1185
1.11836
1.09988
1.09998
1.10025
1.10094
1.10203
1.10335
1.1049
1.10673
1.10884
1.11122
1.11363
1.11551
1.11664
1.11723
1.11745
1.11742
1.11723
1.11701
1.11684
1.11673
1.09487
1.09494
1.0952
1.0959
1.09704
1.09847
1.10016
1.10219
1.10462
1.10745
1.1104
1.1128
1.11435
1.11529
1.11578
1.11596
1.11593
1.11582
1.11572
1.11564
1.0896
1.08965
1.08989
1.0906
1.09181
1.09338
1.09527
1.09757
1.10036
1.10369
1.10731
1.11039
1.11252
1.11389
1.11469
1.11512
1.11526
1.11527
1.11524
1.11519
1.08398
1.08399
1.08422
1.08498
1.0863
1.08805
1.0902
1.09288
1.09621
1.10025
1.10471
1.10856
1.1113
1.11314
1.11432
1.115
1.11538
1.11553
1.11557
1.11554
1.0779
1.0779
1.07811
1.07889
1.08032
1.08225
1.0847
1.0878
1.09172
1.09658
1.10205
1.10691
1.11047
1.11297
1.11464
1.11571
1.11637
1.1167
1.11683
1.11682
1.07108
1.07105
1.0713
1.07213
1.0737
1.07589
1.07874
1.08244
1.08717
1.09309
1.09983
1.10589
1.11037
1.11358
1.11584
1.11742
1.11843
1.11899
1.1192
1.11921
1.0633
1.06325
1.06352
1.06443
1.06618
1.0687
1.07206
1.07648
1.08222
1.08946
1.09777
1.10528
1.11093
1.11505
1.11802
1.12015
1.12159
1.12242
1.12273
1.12275
1.05403
1.05397
1.05428
1.05534
1.05735
1.06031
1.06435
1.06973
1.07676
1.08567
1.0959
1.10518
1.11218
1.11736
1.12117
1.12396
1.1259
1.12701
1.12742
1.12744
1.04268
1.0426
1.043
1.04428
1.04672
1.05036
1.05535
1.06204
1.07078
1.08181
1.09438
1.10575
1.11433
1.12073
1.12546
1.12898
1.13144
1.13284
1.13334
1.13336
1.02859
1.02849
1.02903
1.03067
1.03372
1.03833
1.04464
1.05307
1.06401
1.07768
1.09311
1.10694
1.11739
1.12518
1.131
1.13532
1.13834
1.14004
1.14064
1.14066
1.01087
1.01076
1.0115
1.01368
1.01766
1.02365
1.03183
1.04263
1.05646
1.07344
1.09229
1.109
1.12156
1.13094
1.13797
1.14319
1.14684
1.14886
1.14955
1.14957
0.988136
0.988011
0.989122
0.992137
0.997516
1.00555
1.01639
1.03045
1.04804
1.06911
1.09202
1.11202
1.12696
1.13812
1.14651
1.15277
1.15713
1.15947
1.16024
1.16025
0.958045
0.957955
0.959722
0.964178
0.97188
0.983125
0.99789
1.01645
1.03889
1.06494
1.09252
1.1162
1.13376
1.14685
1.15676
1.1642
1.16931
1.17197
1.17281
1.17279
0.916465
0.916554
0.919742
0.92714
0.939113
0.955639
0.976235
1.00087
1.02937
1.06126
1.09405
1.1217
1.14203
1.15723
1.16879
1.17752
1.18336
1.18629
1.18717
1.18712
0.855798
0.857055
0.864787
0.87866
0.898387
0.923282
0.952049
0.984417
1.02009
1.0585
1.09685
1.12862
1.15183
1.1692
1.18245
1.19236
1.19896
1.20216
1.20299
1.2029
0.783635
0.78564
0.800211
0.824071
0.854624
0.889288
0.927005
0.967678
1.0111
1.05679
1.10173
1.1388
1.16603
1.18658
1.20227
1.21388
1.2216
1.22532
1.22635
1.22633
0.709599
0.716216
0.737655
0.771486
0.812061
0.856201
0.90281
0.951788
1.00303
1.05611
1.10784
1.15043
1.18179
1.20556
1.22386
1.23758
1.24653
1.25009
1.25111
1.25132
0.650027
0.658552
0.684727
0.725352
0.773534
0.825584
0.8801
0.936815
0.995488
1.05566
1.11386
1.16152
1.19651
1.22293
1.24309
1.25811
1.2677
1.27227
1.27403
1.27434
0.601755
0.610842
0.640451
0.685935
0.739911
0.798253
0.859378
0.922878
0.988309
1.05506
1.11924
1.17149
1.20959
1.23816
1.25991
1.27615
1.28704
1.29227
1.29433
1.29468
0.561441
0.57075
0.602661
0.651859
0.710432
0.7739
0.840613
0.910013
0.98147
1.05421
1.12386
1.1802
1.22099
1.25138
1.2744
1.29161
1.30318
1.30909
1.31138
1.31177
0.526491
0.535895
0.569519
0.621716
0.684035
0.751822
0.823358
0.897957
0.974841
1.05304
1.12769
1.18772
1.23085
1.26272
1.28669
1.30457
1.31668
1.32305
1.3255
1.32591
0.495248
0.504699
0.539646
0.59435
0.65982
0.731316
0.807094
0.886346
0.968166
1.0514
1.13071
1.19416
1.23939
1.27254
1.29727
1.3156
1.32803
1.33472
1.33726
1.33769
0.466484
0.475998
0.512074
0.568921
0.637103
0.711851
0.791389
0.874842
0.961198
1.04916
1.1329
1.19962
1.24685
1.28116
1.30654
1.32516
1.33776
1.34462
1.34712
1.34759
0.439407
0.44898
0.486074
0.544798
0.615419
0.693041
0.775933
0.863198
0.953751
1.04618
1.13422
1.20418
1.25342
1.28889
1.31489
1.33384
1.34655
1.35348
1.356
1.35631
0.413496
0.423185
0.461219
0.521554
0.594399
0.674601
0.760515
0.851249
0.945691
1.04236
1.13463
1.20791
1.25926
1.29599
1.32269
1.34198
1.35483
1.36173
1.36424
1.36451
0.388359
0.398246
0.437105
0.498999
0.573816
0.65634
0.744988
0.838883
0.936936
1.03765
1.13411
1.21084
1.26449
1.30265
1.33016
1.34987
1.36289
1.36978
1.37218
1.37247
0.36381
0.373937
0.413584
0.476976
0.553544
0.638152
0.729267
0.826044
0.927431
1.03199
1.13262
1.21297
1.26916
1.30895
1.33744
1.35767
1.37088
1.37773
1.38
1.38023
0.339796
0.350158
0.390635
0.455345
0.533517
0.620005
0.713331
0.812712
0.917164
1.02536
1.13012
1.21427
1.27327
1.31495
1.34459
1.3654
1.3788
1.38554
1.38764
1.38779
0.316222
0.326907
0.368118
0.434081
0.513712
0.601884
0.697187
0.798907
0.906151
1.01774
1.12653
1.21464
1.27677
1.32067
1.35165
1.37312
1.38664
1.39322
1.39509
1.39513
0.293134
0.304115
0.346097
0.413196
0.494148
0.583821
0.680883
0.784679
0.894427
1.00914
1.12179
1.21396
1.27956
1.32606
1.35867
1.38086
1.39439
1.40062
1.4022
1.40216
0.270513
0.281815
0.324594
0.392732
0.474869
0.565868
0.664476
0.770099
0.88206
0.999579
1.11588
1.21215
1.28151
1.33108
1.36573
1.38874
1.40207
1.40771
1.40891
1.40877
0.248554
0.260104
0.303644
0.372737
0.455937
0.548109
0.648044
0.755251
0.869133
0.98914
1.10879
1.20909
1.28243
1.33556
1.37287
1.39703
1.40991
1.41449
1.4151
1.41486
0.22713
0.239032
0.283287
0.35325
0.437395
0.53059
0.631684
0.740223
0.855747
0.977915
1.10054
1.20467
1.28211
1.33926
1.38003
1.40614
1.41856
1.4213
1.42074
1.42034
0.206411
0.218634
0.263562
0.33433
0.41933
0.513402
0.615482
0.725143
0.842021
0.965983
1.09119
1.19883
1.28034
1.34178
1.38685
1.41631
1.42928
1.42971
1.42648
1.42496
0.186346
0.198871
0.244528
0.316034
0.401786
0.496618
0.599528
0.710096
0.828072
0.953491
1.08083
1.19151
1.27694
1.34265
1.39253
1.427
1.44314
1.44323
1.43595
1.42598
0.16702
0.17979
0.226085
0.298211
0.384551
0.479948
0.583472
0.694663
0.813428
0.939905
1.06889
1.18207
1.27131
1.34126
1.39585
1.43666
1.45933
1.46275
1.45348
1.44458
0.148491
0.161479
0.208234
0.280906
0.367642
0.463392
0.567339
0.678829
0.798054
0.925125
1.05521
1.17019
1.26279
1.33687
1.3943
1.43964
1.46543
1.47403
1.43762
1.38391
0.131032
0.144715
0.191084
0.264183
0.350949
0.446817
0.551085
0.662717
0.782018
0.909228
1.03975
1.15575
1.25043
1.32923
1.38598
1.42467
1.45156
1.44126
1.3841
1.31875
0.114329
0.12888
0.174823
0.248667
0.334808
0.430704
0.53449
0.64639
0.765468
0.89239
1.02256
1.13862
1.23317
1.31947
1.36955
1.42223
1.39477
1.35454
1.28482
1.21573
0.128187
0.146292
0.195067
0.273171
0.364249
0.463982
0.573157
0.688044
0.810214
0.940537
1.06429
1.1671
1.25327
1.34499
1.39438
1.31437
1.27011
1.20792
1.13471
1.08603
0.103679
0.120052
0.155811
0.224113
0.309797
0.405158
0.509074
0.620322
0.738557
0.86414
0.992268
1.10634
1.19748
1.27775
1.34944
1.35115
1.23075
1.14734
1.08457
1.00059
0.0833615
0.0990681
0.140539
0.210269
0.296216
0.39119
0.493912
0.604223
0.721428
0.845505
0.971757
1.08345
1.17158
1.23921
1.26659
1.19668
1.05623
0.959635
0.883758
0.793892
0.0626117
0.0751962
0.12114
0.192172
0.278317
0.373478
0.476135
0.586081
0.702324
0.824805
0.948109
1.05518
1.13612
1.18827
1.16695
1.03855
0.884847
0.765429
0.665972
0.52663
0.038623
0.0517416
0.0997499
0.171928
0.25842
0.353606
0.456134
0.565448
0.680527
0.801048
0.9209
1.02265
1.09576
1.12806
1.07082
0.887093
0.702238
0.544866
0.399223
0.199239
0.0156858
0.0284223
0.0776817
0.151042
0.238057
0.333206
0.435353
0.543786
0.657457
0.775659
0.891684
0.987577
1.05215
1.05481
0.946435
0.743959
0.526189
0.318146
0.133012
-0.280527
-0.00728388
0.00506419
0.0548243
0.129065
0.216507
0.31169
0.413447
0.520989
0.633142
0.748795
0.860678
0.950086
1.00407
0.972897
0.823013
0.617316
0.392926
0.172602
-0.0158666
-0.320486
-0.0311693
-0.0189751
0.0309587
0.105746
0.193492
0.288717
0.390124
0.496798
0.607379
0.720318
0.827824
0.910289
0.950906
0.901717
0.71198
0.514686
0.310575
0.1375
0.0642122
0.028261
-0.0564453
-0.0444147
0.00570922
0.0807833
0.16863
0.263735
0.364635
0.470212
0.578897
0.688649
0.791146
0.866024
0.892054
0.812601
0.613178
0.429074
0.260584
0.150222
0.113419
0.102123
-0.0833009
-0.0713361
-0.0210842
0.0541668
0.141985
0.2368
0.33698
0.4412
0.547617
0.653687
0.750499
0.81768
0.821417
0.708002
0.523586
0.353124
0.210594
0.152083
0.138862
0.133562
-0.111855
-0.100035
-0.0494852
0.0258943
0.113581
0.207929
0.307174
0.409743
0.51352
0.615463
0.705917
0.765054
0.742732
0.609364
0.43845
0.278666
0.175849
0.140948
0.146848
0.147318
-0.142007
-0.130266
-0.0794609
-0.00397625
0.0834781
0.177194
0.275263
0.375888
0.476644
0.573981
0.657694
0.706687
0.66969
0.516506
0.360575
0.218236
0.174124
0.161013
0.156749
0.156434
-0.173411
-0.161641
-0.110785
-0.0352529
0.0518363
0.144735
0.241379
0.339754
0.43709
0.529371
0.606012
0.643421
0.602176
0.435434
0.29122
0.189737
0.139609
0.156728
0.161196
0.162067
-0.205583
-0.193863
-0.143049
-0.0676028
0.0189774
0.110843
0.205804
0.301604
0.395129
0.481957
0.551207
0.580146
0.520172
0.363121
0.231346
0.166506
0.163252
0.164441
0.166758
0.167952
-0.237686
-0.226227
-0.175393
-0.100492
-0.0146019
0.0759856
0.168964
0.261866
0.351211
0.432238
0.494052
0.51199
0.431834
0.300501
0.181398
0.166116
0.159124
0.163409
0.170224
0.173199
-0.268739
-0.257662
-0.207244
-0.132978
-0.0481801
0.0408385
0.131526
0.221197
0.306053
0.380803
0.435822
0.437148
0.346759
0.243957
0.165703
0.104604
0.132426
0.149781
0.156125
0.160006
-0.297254
-0.286653
-0.237271
-0.164103
-0.0807514
0.00631471
0.0943852
0.180505
0.260633
0.328675
0.377398
0.367125
0.25813
0.186604
0.173115
0.151734
0.128664
0.114921
0.110582
0.111034
-0.321693
-0.311794
-0.263819
-0.19245
-0.111119
-0.0263409
0.0587049
0.140994
0.216197
0.277562
0.318536
0.300656
0.159481
0.0761761
0.155111
0.119725
0.0384766
-0.000768415
-0.0119255
-0.0108013
-0.339954
-0.330917
-0.28514
-0.216254
-0.137679
-0.0557969
0.0259317
0.104175
0.174335
0.22931
0.259196
0.232684
0.0452257
-0.200993
-0.348139
-0.27752
-0.222562
-0.224587
-0.221187
-0.206484
-0.350207
-0.341974
-0.299319
-0.23386
-0.158704
-0.0803305
-0.00232572
0.0718346
0.137102
0.185851
0.202587
0.172683
-0.0557387
-0.355129
-0.800508
-0.486651
-0.38822
-0.346475
-0.321069
-0.309608
-0.348846
-0.341978
-0.304953
-0.243477
-0.172528
-0.0982504
-0.0242145
0.0460831
0.10701
0.149923
0.156666
0.118017
-0.0250447
0.0293254
0.217473
0.164693
-0.147095
-0.287599
-0.288977
-0.287467
-0.334621
-0.329925
-0.299684
-0.243892
-0.177777
-0.108148
-0.0380312
0.029004
0.0870824
0.126197
0.130384
0.0865614
0.0202522
0.0905368
0.358834
-0.00773965
-0.284212
-0.339863
-0.293807
-0.286294
-0.307683
-0.304176
-0.282062
-0.23439
-0.174174
-0.109205
-0.0425886
0.022268
0.0800825
0.120525
0.124028
0.0580895
-0.247142
-0.819252
-1.5566
-2.06911
-2.14734
-1.8299
-1.45356
-1.18692
-0.271279
-0.269043
-0.254706
-0.216353
-0.162386
-0.101739
-0.0377436
0.0269251
0.0873916
0.136021
0.149465
0.0957437
-0.279831
-0.85936
-1.52245
-1.92672
-1.97135
-1.74475
-1.44552
-1.20867
-0.230734
-0.229501
-0.221055
-0.193145
-0.145401
-0.0877347
-0.0247157
0.0422899
0.109616
0.172787
0.224169
0.257778
0.183386
0.129086
0.152172
0.295093
0.575702
0.851731
1.05972
1.18221
-0.192941
-0.192232
-0.188305
-0.168308
-0.126649
-0.0705417
-0.00650055
0.0648197
0.143119
0.226424
0.325164
0.435463
0.658502
1.05998
1.5919
2.13872
2.59596
2.92315
3.12315
3.21126
-0.160791
-0.159896
-0.15828
-0.147023
-0.110812
-0.0550226
0.0123953
0.089147
0.175962
0.277181
0.395331
0.538736
0.729129
1.15412
1.752
2.34531
2.82594
3.13626
3.29389
3.35413
-0.130106
-0.129722
-0.129299
-0.124339
-0.0960802
-0.0414579
0.0291274
0.109683
0.199737
0.302857
0.417425
0.547049
0.679149
0.979524
1.49063
1.96933
2.36073
2.62118
2.75772
2.80874
-0.104217
-0.10336
-0.102414
-0.101021
-0.0808381
-0.0277587
0.0449729
0.126983
0.216516
0.315179
0.424599
0.536812
0.652702
0.819709
1.18223
1.54479
1.83465
2.02822
2.12678
2.16301
-0.0898135
-0.0885975
-0.0889735
-0.0891313
-0.069708
-0.0124599
0.0636396
0.146093
0.232701
0.325495
0.423156
0.513175
0.599785
0.704495
0.940301
1.18886
1.38674
1.51844
1.58507
1.60937
-0.0734232
-0.0740844
-0.0785946
-0.0789933
-0.0538489
0.0108618
0.0906657
0.171203
0.251333
0.333392
0.416258
0.486403
0.550432
0.616282
0.771531
0.934748
1.06164
1.1451
1.18561
1.19933
-0.00955193
-0.0121684
-0.0196785
-0.0196289
0.00693492
0.0664121
0.136719
0.206529
0.274567
0.343078
0.410535
0.46458
0.506391
0.544104
0.649858
0.756687
0.836368
0.886743
0.910118
0.917729
0.120394
0.117222
0.112301
0.111995
0.128238
0.163668
0.20708
0.254561
0.3041
0.356419
0.408556
0.448054
0.473371
0.493108
0.564684
0.634882
0.686001
0.716621
0.730912
0.734751
0.265989
0.264175
0.261636
0.258787
0.260166
0.268527
0.284213
0.307067
0.336684
0.372347
0.410719
0.44054
0.456171
0.471348
0.516132
0.561129
0.593405
0.612085
0.620192
0.622018
0.372421
0.371491
0.370036
0.365151
0.3566
0.348877
0.346967
0.352808
0.367043
0.389366
0.416816
0.439908
0.454901
0.469358
0.500562
0.528099
0.545791
0.555615
0.559615
0.560151
0.428343
0.427822
0.426588
0.421427
0.410923
0.398584
0.38954
0.386597
0.391343
0.404214
0.424595
0.445783
0.463281
0.479051
0.500286
0.516267
0.525774
0.530809
0.532502
0.532408
0.449972
0.449598
0.448509
0.444348
0.435667
0.424513
0.414629
0.408639
0.408469
0.415737
0.431215
0.452237
0.474238
0.492857
0.505026
0.511482
0.517163
0.521668
0.524272
0.524246
0.454249
0.453936
0.453009
0.450028
0.443992
0.435731
0.427465
0.421269
0.418888
0.422225
0.43366
0.454144
0.479444
0.500131
0.505525
0.508738
0.513591
0.517768
0.520897
0.520881
0.451883
0.451601
0.450837
0.448733
0.444776
0.4391
0.432792
0.427204
0.423695
0.423865
0.430605
0.446754
0.470846
0.488584
0.489265
0.491421
0.498912
0.508356
0.514197
0.514203
0.448067
0.447804
0.447171
0.44557
0.44281
0.438894
0.434099
0.429118
0.424642
0.421362
0.420821
0.426244
0.438673
0.446965
0.445149
0.454662
0.470207
0.484383
0.492229
0.492025
0.44475
0.444516
0.444023
0.442744
0.440528
0.437529
0.433736
0.429092
0.423656
0.416856
0.40671
0.394062
0.381954
0.375323
0.379645
0.399416
0.421012
0.436692
0.444661
0.445104
0.442035
0.441845
0.441522
0.440576
0.438783
0.43626
0.432991
0.42891
0.423114
0.41361
0.394309
0.361601
0.316687
0.292555
0.310359
0.34164
0.367215
0.38072
0.385917
0.386419
0.439046
0.438919
0.438809
0.438309
0.436946
0.435441
0.432756
0.429603
0.424736
0.415897
0.39247
0.346167
0.275395
0.246681
0.274941
0.309681
0.329726
0.339422
0.341522
0.341838
0.434544
0.434481
0.434601
0.434625
0.434148
0.433431
0.432743
0.431839
0.430162
0.424131
0.405562
0.362623
0.299257
0.278659
0.300232
0.317938
0.322375
0.322345
0.32238
0.323589
0.427147
0.427121
0.427501
0.428162
0.429114
0.430147
0.431442
0.4341
0.437092
0.439274
0.431942
0.407557
0.370145
0.360212
0.360829
0.355392
0.345085
0.337683
0.335493
0.335074
0.415286
0.415427
0.416231
0.417582
0.419472
0.422565
0.427294
0.434404
0.444346
0.455294
0.464829
0.462535
0.453095
0.449571
0.426556
0.39986
0.377631
0.365208
0.359621
0.358102
0.395801
0.396123
0.397377
0.39967
0.403436
0.409349
0.418192
0.430567
0.447449
0.46876
0.491592
0.509321
0.523774
0.514768
0.472645
0.434893
0.409232
0.392299
0.38437
0.383542
0.365042
0.365606
0.367419
0.371011
0.377066
0.386276
0.399407
0.417628
0.44081
0.469858
0.499005
0.521835
0.535146
0.52137
0.479496
0.452545
0.436885
0.426293
0.415882
0.414112
0.318855
0.319604
0.322058
0.327233
0.336041
0.348786
0.365885
0.388141
0.414427
0.445213
0.473602
0.493111
0.493503
0.473865
0.449756
0.449963
0.451679
0.44905
0.440219
0.437176
0.253945
0.254693
0.257611
0.264337
0.275688
0.291506
0.311344
0.334018
0.356533
0.374159
0.3974
0.414886
0.405983
0.376692
0.375842
0.399899
0.420356
0.419275
0.410898
0.408018
0.170415
0.171016
0.173936
0.181102
0.19333
0.210088
0.22917
0.244307
0.246921
0.24246
0.261363
0.288704
0.274481
0.238984
0.270548
0.308356
0.337952
0.331683
0.322651
0.318176
0.0274624
0.0271411
0.0277119
0.0283288
0.0303394
0.033912
0.0328115
0.0166601
-0.00211526
0.020683
0.048866
0.0628457
0.0548978
0.041238
0.0473695
0.0270042
0.051244
0.0531625
0.052522
0.157507
-0.696534
0.0270889
0.489486
0.759373
0.955894
1.10792
1.22759
1.32633
1.42893
1.52059
0.400883
0.608782
0.79744
0.955782
1.08835
1.19722
1.28646
1.35934
1.40447
1.40956
0.756327
0.87846
0.997485
1.10369
1.19529
1.27273
1.33618
1.38433
1.41542
1.43391
0.978748
1.06144
1.14302
1.21785
1.2833
1.33918
1.38511
1.42109
1.44839
1.46799
1.14007
1.1962
1.25703
1.31284
1.36143
1.40367
1.43945
1.46907
1.4932
1.51055
1.26686
1.3088
1.35631
1.39799
1.43654
1.47087
1.50085
1.52643
1.54772
1.56222
1.37208
1.40727
1.44544
1.48057
1.51359
1.54385
1.57071
1.59372
1.61268
1.62459
1.46685
1.49843
1.53303
1.56618
1.59739
1.62613
1.65159
1.67312
1.69026
1.69992
1.55886
1.59172
1.62737
1.66171
1.6933
1.72184
1.74661
1.76709
1.78268
1.79098
1.66147
1.69907
1.73752
1.77403
1.80628
1.8343
1.85787
1.87697
1.89119
1.89974
1.78886
1.83128
1.87048
1.90648
1.937
1.96276
1.98438
2.00207
2.01563
2.02583
1.9505
1.99213
2.02594
2.05541
2.07998
2.10155
2.12118
2.13864
2.15341
2.16613
2.1409
2.17173
2.19315
2.21232
2.23039
2.24764
2.26388
2.27972
2.29625
2.31319
2.33889
2.35031
2.36139
2.37552
2.38981
2.40267
2.41405
2.42492
2.43784
2.45473
2.52473
2.53465
2.54331
2.54576
2.54662
2.5509
2.56172
2.57769
2.59532
2.59992
2.82577
2.77039
2.71958
2.67934
2.65697
2.65294
2.66644
2.70024
2.75669
2.83225
1.36942
1.31073
1.26825
1.23438
1.20971
1.19214
1.1796
1.17064
1.16448
1.16093
1.16045
1.16321
1.16858
1.17645
1.18733
1.20235
1.22334
1.25242
1.29117
1.33899
1.17099
1.17974
1.18526
1.18608
1.18258
1.17652
1.17006
1.16454
1.16064
1.15889
1.15997
1.16347
1.16867
1.17509
1.18182
1.18706
1.18867
1.18542
1.17806
1.1704
1.14804
1.15007
1.15467
1.15818
1.16067
1.16208
1.16177
1.15999
1.15774
1.15609
1.15599
1.15771
1.16034
1.16289
1.16432
1.16394
1.16206
1.15924
1.15517
1.15078
1.14117
1.14204
1.14452
1.14722
1.14922
1.15056
1.15151
1.15191
1.15171
1.15136
1.15159
1.15255
1.15354
1.15394
1.15357
1.15267
1.15123
1.14896
1.1463
1.14433
1.13557
1.13603
1.13743
1.13944
1.14136
1.14292
1.14403
1.14487
1.14552
1.14599
1.14648
1.14698
1.14718
1.14698
1.14643
1.14541
1.14385
1.14198
1.14031
1.13929
1.13046
1.13075
1.13166
1.13313
1.13474
1.13632
1.13771
1.13883
1.13976
1.14059
1.14127
1.14164
1.14165
1.1413
1.14054
1.13939
1.13803
1.13666
1.13554
1.13491
1.12559
1.12579
1.12647
1.12764
1.12902
1.13044
1.13188
1.13322
1.1344
1.13544
1.13627
1.13669
1.13666
1.1362
1.1354
1.1344
1.13332
1.13226
1.13143
1.13098
1.12088
1.12103
1.12158
1.12257
1.12379
1.12511
1.1265
1.12793
1.12931
1.13057
1.13157
1.1321
1.13209
1.13166
1.13099
1.13017
1.12929
1.12844
1.12781
1.12747
1.11628
1.1164
1.11685
1.1177
1.11884
1.1201
1.12146
1.12292
1.12442
1.12589
1.12711
1.1278
1.12791
1.12765
1.12715
1.1265
1.12579
1.12512
1.12463
1.12437
1.1117
1.1118
1.11218
1.11295
1.11403
1.11526
1.11663
1.11812
1.11974
1.12142
1.1229
1.12382
1.12416
1.1241
1.12379
1.12332
1.12277
1.12224
1.12187
1.12166
1.10708
1.10715
1.10748
1.1082
1.10926
1.1105
1.11191
1.1135
1.11526
1.11715
1.11894
1.1202
1.12083
1.12101
1.12089
1.12059
1.12018
1.11978
1.11951
1.11935
1.10235
1.10241
1.1027
1.10339
1.10446
1.10575
1.10725
1.10898
1.11097
1.11317
1.11535
1.117
1.11794
1.11838
1.11848
1.11835
1.11809
1.1178
1.1176
1.11747
1.09744
1.09749
1.09775
1.09844
1.09955
1.10093
1.10255
1.10447
1.10673
1.10932
1.11199
1.11411
1.11545
1.11621
1.11655
1.11662
1.11651
1.11633
1.11619
1.1161
1.09229
1.09233
1.09257
1.09327
1.09445
1.09595
1.09774
1.09989
1.10249
1.10555
1.10882
1.11153
1.11336
1.1145
1.11515
1.11546
1.1155
1.11544
1.11537
1.11531
1.08684
1.08687
1.0871
1.08782
1.08909
1.09076
1.09278
1.09526
1.0983
1.10195
1.10596
1.10942
1.11185
1.11343
1.11441
1.11499
1.11521
1.11528
1.11528
1.11524
1.08101
1.08101
1.08123
1.08199
1.08337
1.08522
1.08752
1.0904
1.09401
1.09845
1.10339
1.10771
1.11082
1.11298
1.11441
1.11528
1.11574
1.11596
1.11604
1.11603
1.07456
1.07458
1.07481
1.07559
1.07709
1.07915
1.08179
1.08516
1.08945
1.09479
1.10086
1.10631
1.11031
1.11315
1.11512
1.11645
1.11725
1.11767
1.11784
1.11785
1.0673
1.0673
1.06756
1.06839
1.07006
1.07243
1.07553
1.07957
1.08478
1.09134
1.09882
1.10555
1.11058
1.11422
1.11683
1.11867
1.11985
1.12053
1.12079
1.12081
1.05884
1.05885
1.05912
1.06006
1.06193
1.06468
1.06835
1.0732
1.07954
1.08755
1.09677
1.10514
1.11144
1.11608
1.11947
1.12192
1.12357
1.12453
1.1249
1.12491
1.04861
1.04861
1.04894
1.05004
1.05225
1.05556
1.06005
1.06603
1.07387
1.08378
1.09512
1.10539
1.11315
1.11891
1.12319
1.12632
1.12848
1.12972
1.13018
1.1302
1.036
1.036
1.03641
1.03777
1.04051
1.04464
1.05024
1.05773
1.0675
1.07976
1.0937
1.10625
1.11573
1.1228
1.12808
1.13198
1.13468
1.13621
1.13676
1.13678
1.02026
1.02026
1.02078
1.02255
1.02606
1.03137
1.03854
1.04806
1.06035
1.07557
1.09264
1.10786
1.11934
1.1279
1.13432
1.13905
1.14234
1.14418
1.14483
1.14485
1.0003
1.0003
1.00102
1.0034
1.00809
1.0151
1.02448
1.03678
1.05236
1.07128
1.09207
1.11038
1.1241
1.13435
1.14207
1.14775
1.15172
1.15388
1.15461
1.15463
0.974351
0.974364
0.975403
0.978825
0.985386
0.994948
1.00755
1.02368
1.04355
1.06699
1.09216
1.11396
1.13018
1.14229
1.15144
1.15825
1.16295
1.16543
1.16624
1.16624
0.939338
0.939378
0.941098
0.946512
0.95634
0.970063
0.987463
1.00884
1.03415
1.06302
1.09315
1.11878
1.1377
1.15185
1.16259
1.17065
1.1761
1.17888
1.17973
1.1797
0.889498
0.889786
0.89368
0.903579
0.91955
0.940038
0.964401
0.992699
1.02466
1.05974
1.09528
1.12498
1.14675
1.16304
1.17548
1.18482
1.19103
1.19411
1.19497
1.19489
0.817365
0.819782
0.830951
0.850425
0.876514
0.906387
0.939623
0.976124
1.01561
1.05753
1.09899
1.13318
1.15821
1.17703
1.19152
1.20244
1.20962
1.2132
1.21422
1.21417
0.740714
0.747227
0.767018
0.796582
0.833089
0.872633
0.914832
0.959674
1.00702
1.05642
1.10479
1.14467
1.17402
1.19625
1.21343
1.22655
1.23523
1.23948
1.24064
1.24079
0.676139
0.682731
0.709163
0.747182
0.792284
0.840593
0.891303
0.944246
0.999268
1.05593
1.11094
1.15613
1.18936
1.21455
1.23392
1.24851
1.25809
1.26328
1.26471
1.26483
0.623677
0.630652
0.660782
0.704707
0.756228
0.811587
0.869541
0.92976
0.991899
1.05543
1.11668
1.16669
1.2033
1.23084
1.25187
1.2677
1.2786
1.28431
1.28571
1.28595
0.580308
0.587576
0.620085
0.668231
0.724803
0.785812
0.849828
0.916372
0.984893
1.05471
1.12169
1.17603
1.21552
1.24505
1.26752
1.28443
1.2961
1.30229
1.30398
1.30432
0.543353
0.55079
0.58491
0.636337
0.696982
0.762681
0.831876
0.903946
0.978181
1.05371
1.1259
1.18413
1.22612
1.25729
1.28085
1.29851
1.31063
1.3172
1.31928
1.31971
0.510774
0.518322
0.553639
0.607752
0.671763
0.741459
0.815172
0.892156
0.971556
1.05232
1.12933
1.19109
1.23529
1.26782
1.29221
1.31042
1.32287
1.32972
1.33206
1.33251
0.48111
0.488775
0.525128
0.581453
0.648359
0.721524
0.799229
0.880629
0.96476
1.05039
1.13193
1.19702
1.24327
1.277
1.30208
1.32063
1.3333
1.34027
1.34275
1.34316
0.453474
0.461244
0.498504
0.556753
0.626202
0.70242
0.783675
0.869076
0.957568
1.04779
1.13369
1.20203
1.25026
1.28514
1.31083
1.32965
1.34244
1.34947
1.35205
1.35247
0.427171
0.435088
0.473205
0.533102
0.60488
0.68382
0.768254
0.857292
0.949825
1.0444
1.13456
1.20617
1.25644
1.29253
1.31887
1.33801
1.3509
1.35789
1.36046
1.36099
0.401831
0.409921
0.448867
0.510222
0.584094
0.665483
0.752794
0.845145
0.941423
1.04014
1.13451
1.20949
1.26196
1.29938
1.32648
1.34598
1.359
1.36598
1.36847
1.36894
0.377154
0.385463
0.425048
0.487953
0.563671
0.647262
0.737173
0.832543
0.932294
1.03496
1.13351
1.21202
1.26691
1.30585
1.33384
1.35381
1.36699
1.37395
1.37634
1.37668
0.353052
0.361561
0.401865
0.466134
0.543524
0.629095
0.721342
0.819455
0.922407
1.02881
1.13151
1.21375
1.2713
1.312
1.34105
1.36157
1.37491
1.3818
1.38405
1.38428
0.329442
0.338103
0.379192
0.444682
0.523607
0.610956
0.705296
0.80588
0.911765
1.02169
1.12847
1.21459
1.27511
1.31786
1.34814
1.36929
1.38278
1.38951
1.39155
1.39167
0.30629
0.31514
0.356951
0.423599
0.503914
0.592857
0.689065
0.791857
0.900383
1.01357
1.12431
1.21444
1.27827
1.32342
1.35517
1.377
1.39057
1.39703
1.3988
1.39882
0.283578
0.292624
0.335207
0.402916
0.484481
0.574842
0.672695
0.777438
0.888325
1.00448
1.11899
1.21321
1.28066
1.32864
1.3622
1.38479
1.39826
1.40427
1.40571
1.40562
0.261401
0.270651
0.313992
0.382677
0.465366
0.556969
0.656269
0.762707
0.875667
0.994474
1.11249
1.21079
1.28212
1.33341
1.3693
1.39283
1.40597
1.41118
1.41214
1.41196
0.239836
0.249292
0.293349
0.362926
0.446623
0.539317
0.63986
0.747758
0.862496
0.983628
1.10481
1.20706
1.28245
1.33754
1.37647
1.40148
1.4141
1.41788
1.41803
1.41774
0.218886
0.228558
0.273312
0.343713
0.428306
0.521963
0.623564
0.732693
0.848922
0.972032
1.09601
1.20194
1.28143
1.3407
1.38353
1.41112
1.4236
1.42517
1.42354
1.42295
0.198632
0.208512
0.253929
0.325094
0.410489
0.504966
0.607468
0.717608
0.835065
0.9598
1.08613
1.19536
1.27886
1.34246
1.38991
1.42169
1.43584
1.43565
1.43073
1.42825
0.179051
0.189126
0.235213
0.307069
0.393149
0.488306
0.591546
0.70247
0.82089
0.946895
1.07511
1.18712
1.27447
1.34231
1.39462
1.43217
1.45126
1.45314
1.44515
1.42763
0.160114
0.170407
0.217054
0.289469
0.376049
0.471662
0.575411
0.6868
0.805833
0.932662
1.06227
1.17645
1.26747
1.33949
1.39584
1.43932
1.46486
1.46671
1.46046
1.41448
0.141554
0.15275
0.19952
0.272434
0.359301
0.455133
0.559249
0.670825
0.790133
0.91733
1.04772
1.16331
1.25718
1.33347
1.39106
1.43457
1.46133
1.46685
1.41536
1.35249
0.122353
0.137204
0.182813
0.256079
0.342625
0.438536
0.542805
0.654554
0.773781
0.900893
1.03134
1.14751
1.24243
1.32449
1.3789
1.40678
1.42882
1.40515
1.34
1.27294
0.103436
0.101947
0.162338
0.242844
0.328868
0.424678
0.526673
0.638646
0.757508
0.884125
1.01377
1.12941
1.22314
1.31486
1.34029
1.34184
1.34792
1.2946
1.22265
1.15091
0.127684
0.128825
0.186383
0.266018
0.356861
0.456477
0.563372
0.678018
0.799782
0.929511
1.05244
1.15453
1.23764
1.32754
1.35316
1.26031
1.18085
1.11737
1.04509
0.897873
0.0862471
0.112613
0.172897
0.253124
0.343981
0.443252
0.549567
0.663559
0.784326
0.912423
1.03263
1.13148
1.20727
1.266
1.24181
1.12074
1.00288
0.922041
0.837509
0.669928
0.0614053
0.0925325
0.153787
0.233728
0.324646
0.423647
0.530074
0.643235
0.762621
0.888406
1.00516
1.09906
1.16647
1.19254
1.12041
0.959093
0.820093
0.71675
0.600707
0.359083
0.0371404
0.0706409
0.133156
0.213787
0.30483
0.403727
0.509771
0.621953
0.739744
0.862852
0.975356
1.06326
1.11862
1.11228
0.981608
0.793702
0.619622
0.474025
0.310192
-0.0854499
0.0138679
0.0482069
0.1118
0.193284
0.284526
0.383261
0.488659
0.599757
0.715769
0.83588
0.943485
1.02476
1.0637
1.02626
0.846881
0.636519
0.41872
0.229696
-0.0269278
-0.633951
-0.00917265
0.0251861
0.0894747
0.171576
0.263052
0.361609
0.466377
0.576314
0.690362
0.807179
0.909521
0.98307
1.00525
0.922993
0.7235
0.50505
0.281126
0.0713968
-0.105566
-0.790717
-0.0331155
0.00128082
0.0659419
0.148429
0.240094
0.338506
0.44268
0.551436
0.663401
0.7767
0.873611
0.938188
0.938726
0.811096
0.618027
0.410294
0.217195
0.0849315
0.0551193
0.00571735
-0.0583802
-0.023983
0.0408908
0.123538
0.215216
0.313329
0.416737
0.524038
0.633531
0.742702
0.833709
0.887389
0.864762
0.707846
0.523074
0.341481
0.193176
0.130158
0.107032
0.10068
-0.0853233
-0.0507982
0.0142353
0.0969269
0.18846
0.2861
0.388488
0.49402
0.600643
0.705099
0.789672
0.8303
0.791468
0.610925
0.436544
0.277529
0.164476
0.134303
0.134109
0.13381
-0.114015
-0.0792555
-0.0140609
0.0686283
0.15988
0.256833
0.357954
0.461397
0.564711
0.663951
0.741147
0.769992
0.705681
0.521316
0.355483
0.215523
0.16454
0.149671
0.147577
0.147659
-0.144342
-0.109278
-0.0439415
0.0386785
0.129515
0.225587
0.325184
0.426197
0.525768
0.619333
0.688395
0.705915
0.607638
0.438336
0.284391
0.174435
0.153335
0.156627
0.156391
0.156708
-0.175807
-0.140648
-0.0751893
0.0072696
0.0975325
0.192504
0.290297
0.388525
0.483934
0.571365
0.632298
0.631647
0.519925
0.36239
0.226716
0.183857
0.160801
0.161251
0.161886
0.162237
-0.208061
-0.172657
-0.107432
-0.0252779
0.0642288
0.157861
0.253559
0.34865
0.439485
0.520426
0.573399
0.558294
0.437869
0.29609
0.18366
0.154404
0.161715
0.165428
0.167546
0.168248
-0.240174
-0.204988
-0.140037
-0.0584276
0.0300882
0.122115
0.215406
0.307013
0.392872
0.467171
0.511077
0.484886
0.360106
0.242044
0.142742
0.149855
0.159089
0.167132
0.172216
0.174101
-0.271192
-0.236656
-0.172078
-0.0914335
-0.00418966
0.0859201
0.176486
0.264297
0.344797
0.412249
0.447857
0.412011
0.285306
0.205438
0.133605
0.136951
0.145929
0.153063
0.158444
0.161415
-0.29968
-0.266085
-0.202663
-0.123243
-0.0376309
0.0502024
0.137697
0.22142
0.296343
0.356289
0.388479
0.329479
0.206691
0.176725
0.209917
0.144979
0.120076
0.111756
0.110551
0.112066
-0.32397
-0.291893
-0.23007
-0.152583
-0.0691117
0.0161423
0.100235
0.179588
0.248924
0.300504
0.331355
0.241574
0.101059
0.0974677
0.148246
0.0669516
0.0161159
-0.00894543
-0.0119728
-0.00912486
-0.342073
-0.312107
-0.252533
-0.177782
-0.0970645
-0.0149211
0.0655463
0.140387
0.204122
0.247272
0.27255
0.149706
-0.0668543
-0.318374
-0.327597
-0.239452
-0.221216
-0.225587
-0.212108
-0.204567
-0.351927
-0.324526
-0.268412
-0.197103
-0.119814
-0.0412785
0.0353113
0.105777
0.163927
0.1996
0.212601
0.0604663
-0.177595
-0.544232
-0.605121
-0.421435
-0.366711
-0.331835
-0.313712
-0.30895
-0.351237
-0.327574
-0.276006
-0.208835
-0.135699
-0.0611896
0.0115032
0.0779633
0.131192
0.160414
0.150497
0.0383176
-0.0270724
0.160517
0.224635
-0.00506808
-0.252185
-0.284294
-0.287778
-0.286117
-0.336691
-0.318639
-0.273904
-0.211663
-0.143371
-0.0731059
-0.00403213
0.0594856
0.109632
0.134086
0.11726
0.0438983
0.0345399
0.200935
0.206552
-0.185212
-0.333934
-0.317665
-0.281554
-0.297328
-0.309407
-0.296484
-0.260604
-0.20529
-0.142185
-0.0760653
-0.0098423
0.052356
0.103137
0.128556
0.106279
-0.0669407
-0.483274
-1.22398
-1.81916
-2.18059
-2.01659
-1.63365
-1.29921
-1.16401
-0.272723
-0.264246
-0.238337
-0.190594
-0.132636
-0.0701935
-0.00534414
0.0578145
0.113775
0.149071
0.135867
-0.0543531
-0.550713
-1.20689
-1.75609
-2.00265
-1.87501
-1.5986
-1.28305
-1.19227
-0.231896
-0.227059
-0.209904
-0.171081
-0.11739
-0.0569672
0.00827665
0.0761117
0.141631
0.203392
0.238971
0.232893
0.141095
0.136468
0.196991
0.425615
0.72089
0.966849
1.13226
1.21449
-0.193761
-0.191333
-0.180989
-0.149746
-0.100044
-0.0395908
0.0282175
0.102983
0.184169
0.2726
0.379788
0.534369
0.832246
1.31798
1.87073
2.38229
2.77633
3.03825
3.17915
3.22632
-0.160319
-0.159418
-0.155128
-0.131905
-0.0849112
-0.0223161
0.0494847
0.130949
0.22468
0.333965
0.465666
0.61099
0.90157
1.44306
2.05767
2.60398
3.00362
3.23113
3.33315
3.3641
-0.129922
-0.129502
-0.12843
-0.113845
-0.0712933
-0.00765791
0.0679898
0.153453
0.249057
0.360249
0.479472
0.613194
0.792258
1.22563
1.73893
2.17914
2.50837
2.70315
2.7916
2.81627
-0.103885
-0.102711
-0.102379
-0.0947245
-0.0576381
0.00691737
0.0847621
0.17084
0.263903
0.370138
0.480557
0.594139
0.715528
0.985074
1.37162
1.69928
1.94533
2.08751
2.15112
2.16726
-0.0891172
-0.0884442
-0.0895858
-0.0837579
-0.0447146
0.0241532
0.104246
0.188714
0.277647
0.375372
0.46968
0.556219
0.637642
0.809652
1.06883
1.29495
1.46206
1.55856
1.60159
1.61061
-0.0730827
-0.0762314
-0.0799993
-0.0714228
-0.0249654
0.0500609
0.131085
0.210863
0.291576
0.376348
0.453874
0.516842
0.578344
0.6843
0.856045
1.00347
1.10942
1.16987
1.19506
1.19979
-0.0101801
-0.016142
-0.0215719
-0.0107187
0.0336633
0.10124
0.171842
0.240257
0.308475
0.378345
0.440193
0.484786
0.523715
0.591458
0.705246
0.800463
0.865657
0.901013
0.915478
0.917002
0.119083
0.114769
0.110936
0.117474
0.144256
0.184702
0.230468
0.278837
0.32976
0.383819
0.430101
0.460261
0.48398
0.527046
0.600755
0.663284
0.703848
0.725405
0.733848
0.733781
0.264995
0.263082
0.260071
0.258607
0.263612
0.275402
0.294831
0.320935
0.353766
0.392296
0.426425
0.447955
0.462484
0.4924
0.539578
0.57914
0.604416
0.617141
0.621745
0.621138
0.371754
0.371054
0.368116
0.361159
0.352255
0.347081
0.348936
0.358862
0.377305
0.403276
0.429206
0.447927
0.46019
0.484257
0.515726
0.538088
0.551617
0.558184
0.560208
0.559339
0.427947
0.427508
0.424646
0.416754
0.404635
0.393485
0.387217
0.387973
0.396841
0.414036
0.43548
0.454661
0.470553
0.489038
0.508445
0.521904
0.528785
0.53195
0.53268
0.531598
0.449724
0.449293
0.446933
0.440543
0.430163
0.419272
0.411013
0.407749
0.411151
0.422527
0.441288
0.463043
0.484549
0.500123
0.508323
0.514382
0.519632
0.523251
0.524589
0.523328
0.454078
0.453643
0.451847
0.447397
0.440003
0.431482
0.423988
0.419547
0.419758
0.42696
0.442772
0.466438
0.491634
0.503944
0.506815
0.511166
0.515769
0.519648
0.521308
0.519972
0.451747
0.451337
0.44999
0.446997
0.4421
0.435957
0.429834
0.425162
0.423259
0.426241
0.437495
0.458073
0.482355
0.489889
0.489226
0.494589
0.503754
0.511945
0.514908
0.513112
0.447944
0.447573
0.446516
0.444325
0.440996
0.436591
0.431619
0.426815
0.422874
0.420615
0.422376
0.431896
0.445108
0.446019
0.448445
0.462116
0.477829
0.489338
0.493
0.490745
0.444636
0.444332
0.44351
0.441747
0.439113
0.435749
0.431531
0.42652
0.420464
0.412009
0.400532
0.388274
0.378035
0.375334
0.388783
0.410579
0.429852
0.441774
0.44554
0.444143
0.441933
0.441725
0.44116
0.439713
0.437693
0.434717
0.431124
0.426267
0.41883
0.404951
0.379125
0.33961
0.298904
0.297029
0.325953
0.355809
0.375237
0.384187
0.38652
0.385733
0.438963
0.43888
0.438641
0.437752
0.436201
0.434206
0.431105
0.427538
0.420981
0.405886
0.372114
0.312156
0.251844
0.256961
0.293817
0.321391
0.335816
0.340921
0.341839
0.341391
0.43448
0.43453
0.434648
0.434472
0.433777
0.433087
0.432072
0.431038
0.428091
0.417217
0.387839
0.330858
0.279763
0.288931
0.31057
0.320869
0.322833
0.322032
0.323109
0.323676
0.42709
0.427259
0.427808
0.428602
0.429652
0.430664
0.432501
0.435443
0.439044
0.43653
0.422402
0.387621
0.360765
0.361021
0.360821
0.349923
0.340677
0.336152
0.335235
0.334926
0.415269
0.415762
0.416857
0.418417
0.420826
0.424715
0.430362
0.439179
0.450115
0.460769
0.465635
0.458496
0.454545
0.439856
0.413537
0.387519
0.370334
0.361766
0.358406
0.357994
0.395853
0.396628
0.398388
0.401336
0.406076
0.413355
0.423975
0.438485
0.457937
0.480873
0.501558
0.513698
0.524944
0.493747
0.45318
0.419979
0.399806
0.387321
0.383189
0.383833
0.365182
0.366339
0.36895
0.373702
0.381222
0.392272
0.40782
0.428588
0.454165
0.48521
0.513022
0.530188
0.536615
0.498717
0.464136
0.445009
0.430457
0.420552
0.414318
0.414495
0.319068
0.32057
0.324246
0.331149
0.341917
0.356738
0.376288
0.400787
0.42972
0.459816
0.485993
0.495182
0.489367
0.458525
0.44903
0.448126
0.454128
0.445169
0.438124
0.437342
0.254181
0.255808
0.260418
0.269426
0.283029
0.301008
0.322456
0.345629
0.364928
0.385648
0.409312
0.415414
0.39283
0.371223
0.387534
0.412922
0.418659
0.413054
0.408901
0.408
0.170539
0.172093
0.176862
0.186605
0.201191
0.219583
0.237828
0.246623
0.245683
0.245446
0.279876
0.285493
0.254109
0.246619
0.287144
0.32943
0.341786
0.326899
0.319772
0.317706
0.0742991
0.0740404
0.0754946
0.0796235
0.0904389
0.102761
0.114147
0.115298
0.0923845
0.0746301
0.0999382
0.133085
0.130297
0.081366
0.121818
0.160487
0.172657
0.167157
0.160915
0.156896
-0.278272
0.305348
0.636085
0.861993
1.03577
1.17022
1.27962
1.37412
1.48591
1.48145
0.552388
0.70971
0.880082
1.02538
1.14563
1.24394
1.32511
1.38671
1.41221
1.41637
0.834445
0.93938
1.05251
1.1513
1.23575
1.30623
1.36236
1.40183
1.4265
1.44338
1.03149
1.10342
1.18167
1.25178
1.31246
1.3634
1.40431
1.43564
1.46005
1.47859
1.17831
1.23197
1.28629
1.33794
1.38335
1.42236
1.45501
1.48173
1.50389
1.52215
1.29592
1.33471
1.37736
1.41779
1.45425
1.48638
1.51421
1.53754
1.55697
1.57471
1.3957
1.4268
1.46327
1.49739
1.52912
1.55773
1.58273
1.60367
1.62056
1.63792
1.48668
1.51574
1.54985
1.58205
1.61212
1.63931
1.66289
1.68224
1.69682
1.71395
1.57804
1.60936
1.64487
1.67785
1.708
1.73473
1.75742
1.77552
1.78819
1.80546
1.68226
1.71808
1.75629
1.79067
1.82083
1.84665
1.86799
1.88468
1.89632
1.91418
1.81186
1.85091
1.88916
1.92238
1.95043
1.97406
1.99374
2.00929
2.02114
2.03941
1.97303
2.00943
2.0414
2.06818
2.09105
2.11159
2.13024
2.1463
2.16003
2.17791
2.15775
2.18295
2.20293
2.22146
2.23913
2.2559
2.27179
2.28781
2.30495
2.32409
2.34459
2.35547
2.36823
2.38281
2.39644
2.40853
2.41946
2.43082
2.44624
2.46568
2.52651
2.53998
2.54506
2.54607
2.54805
2.55544
2.56917
2.58679
2.60053
2.61188
2.79541
2.74485
2.69739
2.66582
2.6528
2.65736
2.6806
2.72567
2.79237
2.88649
1.22605
1.22304
1.21697
1.20604
1.19353
1.18221
1.17312
1.16632
1.16179
1.15982
1.16095
1.16485
1.17094
1.17917
1.18964
1.20193
1.21426
1.22296
1.22747
1.22963
1.15437
1.16102
1.16626
1.16987
1.17096
1.16931
1.16583
1.16199
1.15895
1.15754
1.15852
1.16147
1.16549
1.16966
1.17265
1.17315
1.17081
1.16641
1.16011
1.15428
1.14429
1.14725
1.15061
1.15309
1.15483
1.156
1.15619
1.15539
1.15426
1.15371
1.15446
1.1561
1.15769
1.15842
1.15796
1.15667
1.15474
1.15185
1.14851
1.14622
1.13829
1.13971
1.14192
1.14418
1.14589
1.14706
1.14791
1.14844
1.14864
1.14884
1.14941
1.15006
1.15031
1.15004
1.14936
1.14817
1.14633
1.14408
1.14231
1.14123
1.13298
1.1338
1.13526
1.13702
1.13875
1.1402
1.1413
1.14218
1.14293
1.14358
1.1441
1.14434
1.14423
1.14378
1.14289
1.14155
1.13998
1.13843
1.13739
1.13673
1.128
1.12855
1.12963
1.13104
1.13255
1.13403
1.13538
1.13653
1.13752
1.1384
1.13898
1.13916
1.13895
1.13833
1.13735
1.13619
1.13497
1.13384
1.13313
1.13267
1.12322
1.12363
1.1245
1.12571
1.12703
1.12843
1.12984
1.1312
1.13242
1.13348
1.13419
1.1344
1.13415
1.13352
1.13267
1.13172
1.13075
1.12988
1.12935
1.129
1.11857
1.1189
1.11962
1.12069
1.12192
1.12325
1.12466
1.12611
1.12753
1.12882
1.12969
1.12999
1.12981
1.12932
1.12865
1.12788
1.12709
1.12642
1.12601
1.12573
1.114
1.11426
1.11487
1.11585
1.11703
1.11833
1.11974
1.12127
1.12284
1.12436
1.12546
1.12594
1.12594
1.12564
1.12515
1.12454
1.12391
1.12339
1.12308
1.12286
1.1094
1.10962
1.11016
1.11109
1.11224
1.11354
1.115
1.11661
1.11834
1.12012
1.1215
1.12226
1.12251
1.12242
1.1221
1.12167
1.12118
1.12078
1.12055
1.12036
1.10473
1.10491
1.10541
1.10631
1.10748
1.10883
1.11038
1.11214
1.1141
1.11618
1.11793
1.11902
1.11954
1.11967
1.11954
1.11925
1.1189
1.11861
1.11843
1.11828
1.09992
1.10007
1.10054
1.10145
1.10266
1.1041
1.10578
1.10775
1.11
1.11247
1.11467
1.11616
1.117
1.11738
1.11746
1.11734
1.11712
1.11692
1.11679
1.11666
1.0949
1.09503
1.09548
1.09643
1.09772
1.09927
1.10113
1.10335
1.10598
1.10897
1.11172
1.11366
1.11489
1.11559
1.11591
1.11596
1.11588
1.11577
1.11568
1.11557
1.08962
1.08973
1.09017
1.09116
1.09256
1.09427
1.09636
1.0989
1.10196
1.10554
1.10898
1.11156
1.11329
1.11435
1.11494
1.11521
1.11528
1.11526
1.11522
1.11513
1.08397
1.08406
1.08452
1.08558
1.08713
1.08907
1.09147
1.09446
1.09814
1.10252
1.10679
1.11005
1.11232
1.11381
1.11471
1.11522
1.11547
1.11556
1.11556
1.11549
1.07788
1.07796
1.07842
1.07954
1.08123
1.0834
1.08616
1.08965
1.09403
1.09934
1.10465
1.10884
1.11184
1.11389
1.11522
1.11609
1.11657
1.11679
1.11684
1.11677
1.07105
1.07113
1.07162
1.07283
1.07472
1.07722
1.08047
1.08466
1.08997
1.09649
1.10307
1.10831
1.11211
1.11482
1.1167
1.11799
1.11876
1.11913
1.11923
1.11916
1.06325
1.06333
1.06387
1.06521
1.06735
1.07026
1.07412
1.07916
1.08564
1.09365
1.10177
1.10831
1.11315
1.11666
1.11918
1.12095
1.12208
1.12263
1.12277
1.12269
1.05397
1.05406
1.0547
1.05622
1.05871
1.06218
1.06685
1.07302
1.08097
1.09082
1.10084
1.10893
1.11497
1.11941
1.12268
1.12503
1.12656
1.12729
1.12746
1.12737
1.0426
1.04272
1.0435
1.04535
1.04838
1.05267
1.05846
1.06613
1.076
1.08815
1.10043
1.11034
1.11776
1.12327
1.12736
1.13033
1.13227
1.13318
1.13339
1.13328
1.02849
1.02866
1.02969
1.03201
1.03583
1.04125
1.04856
1.0582
1.07049
1.08547
1.10049
1.11254
1.12157
1.12829
1.13334
1.13699
1.13935
1.14045
1.14069
1.14056
1.01074
1.01099
1.01239
1.01543
1.02039
1.02744
1.03687
1.04914
1.06455
1.083
1.10122
1.11573
1.12659
1.13469
1.14079
1.14522
1.14806
1.14934
1.14961
1.14946
0.987959
0.988375
0.990366
0.99451
1.0012
1.01058
1.02298
1.03878
1.05814
1.08078
1.10273
1.12004
1.13294
1.1426
1.14988
1.1552
1.15855
1.16001
1.1603
1.16012
0.957821
0.958562
0.961581
0.96759
0.977075
0.990037
1.00667
1.02717
1.05146
1.07907
1.10525
1.12562
1.14077
1.15213
1.16077
1.16707
1.17093
1.17256
1.17286
1.17265
0.916201
0.9177
0.922886
0.93254
0.946854
0.965412
0.988019
1.01462
1.04489
1.07815
1.10895
1.13262
1.15016
1.16338
1.17348
1.18084
1.18516
1.18692
1.18721
1.18696
0.855558
0.860147
0.871009
0.887755
0.9103
0.937166
0.967747
1.00181
1.03894
1.07837
1.11401
1.14109
1.16111
1.17626
1.18781
1.19611
1.20096
1.20279
1.203
1.20273
0.783399
0.791499
0.811226
0.838579
0.8715
0.907709
0.946903
0.988985
1.03361
1.08013
1.12177
1.15341
1.17699
1.19495
1.20857
1.21827
1.22392
1.22609
1.22638
1.22628
0.711119
0.724973
0.753526
0.791072
0.833716
0.879122
0.926906
0.977043
1.02926
1.08301
1.13085
1.16723
1.19445
1.2153
1.23128
1.24275
1.24889
1.25075
1.25128
1.25134
0.651979
0.669497
0.703765
0.748702
0.799102
0.852456
0.908074
0.965809
1.02529
1.08597
1.13962
1.18028
1.2106
1.23369
1.25122
1.26367
1.27046
1.27344
1.27426
1.2744
0.603765
0.623233
0.661749
0.71211
0.768566
0.828381
0.890722
0.955247
1.02142
1.08853
1.14753
1.19195
1.22485
1.24976
1.26871
1.28232
1.29018
1.29362
1.2946
1.29476
0.56342
0.583994
0.625677
0.680262
0.741578
0.80676
0.874869
0.945375
1.01758
1.09058
1.15442
1.20215
1.23725
1.26367
1.28371
1.29817
1.30675
1.31059
1.31167
1.31183
0.528426
0.549746
0.593925
0.651916
0.717264
0.787029
0.860165
0.936003
1.01367
1.09206
1.16031
1.21097
1.24793
1.27554
1.29635
1.31134
1.32053
1.32465
1.32581
1.32596
0.497145
0.519012
0.56518
0.626051
0.694831
0.768576
0.846177
0.926824
1.0095
1.0929
1.16524
1.21859
1.25719
1.28579
1.30716
1.32255
1.33213
1.3364
1.33761
1.33771
0.468395
0.490683
0.538615
0.601899
0.673674
0.750924
0.832514
0.917546
1.00488
1.09299
1.16926
1.22519
1.26532
1.29478
1.31662
1.33223
1.34188
1.34628
1.3475
1.34758
0.441274
0.464038
0.513516
0.578935
0.653364
0.733725
0.818906
0.90795
0.99963
1.09227
1.17239
1.23088
1.27256
1.30288
1.32516
1.34098
1.35069
1.35519
1.35629
1.35626
0.415337
0.438632
0.489316
0.556767
0.633579
0.716734
0.805161
0.897889
0.993651
1.09066
1.17464
1.2358
1.27911
1.31039
1.33317
1.34921
1.35897
1.36342
1.36451
1.36444
0.390233
0.414059
0.465845
0.535162
0.614106
0.699783
0.791158
0.887268
0.986854
1.08811
1.176
1.24
1.28515
1.31751
1.34089
1.35721
1.36705
1.37141
1.37247
1.37236
0.365745
0.390064
0.443028
0.513969
0.594832
0.68278
0.776819
0.876032
0.979199
1.08457
1.17647
1.24353
1.29074
1.32437
1.34848
1.36513
1.37504
1.3793
1.38024
1.38011
0.341759
0.366626
0.420694
0.493105
0.575705
0.665686
0.762126
0.864167
0.970669
1.08
1.17598
1.24636
1.2959
1.33103
1.35598
1.37301
1.38293
1.38702
1.38783
1.38765
0.318251
0.343684
0.398777
0.472544
0.556708
0.648514
0.747102
0.851691
0.961259
1.07438
1.17446
1.2484
1.30062
1.33751
1.36344
1.38084
1.39072
1.39457
1.3952
1.39497
0.295267
0.321202
0.377297
0.452298
0.537866
0.63129
0.731786
0.83865
0.950995
1.06766
1.1718
1.24955
1.30484
1.34385
1.37093
1.38866
1.39831
1.4018
1.40226
1.40199
0.272761
0.29924
0.356294
0.432413
0.51923
0.614076
0.716248
0.825111
0.939939
1.05985
1.16796
1.24968
1.30843
1.35003
1.37856
1.39654
1.40569
1.40865
1.4089
1.4086
0.250857
0.27786
0.335807
0.412932
0.500858
0.596953
0.700572
0.811164
0.928165
1.051
1.16286
1.24863
1.3112
1.356
1.3865
1.40478
1.413
1.41504
1.415
1.4147
0.22955
0.257117
0.315869
0.393917
0.482821
0.579994
0.684855
0.79692
0.915766
1.04116
1.15646
1.24624
1.31291
1.36154
1.39491
1.41397
1.42079
1.42111
1.42048
1.42023
0.20894
0.237019
0.29654
0.375422
0.465181
0.563282
0.66918
0.782464
0.902863
1.03043
1.14875
1.24238
1.31326
1.36623
1.40364
1.42486
1.4306
1.42802
1.42548
1.42488
0.188967
0.217598
0.27787
0.357509
0.448018
0.546905
0.653671
0.767936
0.889587
1.01892
1.13978
1.23693
1.31194
1.36941
1.41189
1.43753
1.44474
1.44017
1.4315
1.41384
0.169698
0.198864
0.25972
0.339976
0.431031
0.530521
0.637899
0.752858
0.8754
1.00607
1.12896
1.22923
1.30844
1.3702
1.41815
1.45049
1.46315
1.45991
1.44336
1.45567
0.151008
0.180834
0.242148
0.322878
0.414277
0.514194
0.621873
0.737261
0.860305
0.991794
1.11612
1.2187
1.30216
1.36734
1.41829
1.4551
1.47258
1.46729
1.40586
1.3871
0.132301
0.162946
0.225407
0.306617
0.398246
0.498373
0.605801
0.72141
0.844595
0.976317
1.10133
1.20502
1.29242
1.3603
1.40688
1.44233
1.45151
1.41811
1.348
1.30523
0.112883
0.144311
0.2099
0.291565
0.38333
0.483203
0.59005
0.705477
0.828359
0.959672
1.0845
1.18817
1.27734
1.34952
1.39748
1.39777
1.37975
1.3206
1.2477
1.2029
0.51979
0.631587
0.750218
0.876436
1.00519
1.11974
1.21163
1.06976
0.0918634
0.110697
0.148676
0.217389
0.303164
0.398202
0.501386
0.612052
0.72976
0.854606
0.981956
1.09524
1.18551
1.26019
1.31242
1.28048
1.13988
1.05265
0.983992
0.0741087
0.0871578
0.131312
0.201752
0.287806
0.382879
0.485501
0.595615
0.712354
0.835659
0.960525
1.07008
1.15491
1.21548
1.21589
1.11638
0.971939
0.865202
0.775191
0.0507472
0.0635269
0.11061
0.182147
0.268431
0.363614
0.466256
0.575942
0.691637
0.81319
0.934815
1.0393
1.11642
1.15908
1.12079
0.962482
0.79436
0.65787
0.538015
0.0272069
0.040158
0.0888606
0.161599
0.248346
0.343507
0.44586
0.554753
0.669141
0.788542
0.906538
1.00546
1.07465
1.09368
1.01078
0.814108
0.612173
0.427302
0.250382
0.00447266
0.0169106
0.0664429
0.140232
0.227453
0.322618
0.424552
0.532528
0.645448
0.762386
0.876357
0.969074
1.02878
1.01291
0.88311
0.677394
0.452238
0.235998
0.0390189
-0.0187665
-0.00663351
0.0431499
0.117633
0.205237
0.300462
0.402052
0.509178
0.620585
0.734944
0.844727
0.930804
0.978367
0.936454
0.766332
0.563988
0.346097
0.139549
0.0132063
-0.023441
-0.0433107
-0.0313449
0.0186423
0.0934979
0.18129
0.276481
0.377655
0.483815
0.593489
0.704902
0.81
0.888779
0.922102
0.861062
0.66111
0.469264
0.283909
0.143619
0.0979123
0.07244
-0.0692461
-0.0574589
-0.00734359
0.0677136
0.155538
0.250509
0.351088
0.456019
0.563614
0.671591
0.771346
0.842521
0.858859
0.760075
0.567727
0.390705
0.235428
0.14682
0.127459
0.121588
-0.0968744
-0.0852132
-0.0349147
0.0402779
0.128012
0.222607
0.322354
0.425778
0.530926
0.634997
0.728714
0.792191
0.781589
0.658121
0.480391
0.314223
0.190003
0.146019
0.143689
0.141898
-0.126167
-0.114606
-0.0640987
0.0112066
0.0987441
0.192798
0.291481
0.39312
0.495435
0.595141
0.682276
0.737015
0.705148
0.562072
0.398169
0.24373
0.169439
0.152022
0.152473
0.15269
-0.156918
-0.145285
-0.0947745
-0.0193875
0.0678498
0.161172
0.258565
0.358108
0.457197
0.552063
0.632297
0.675485
0.636723
0.474818
0.323683
0.202208
0.160394
0.160859
0.159338
0.159516
-0.188605
-0.176921
-0.126611
-0.0512339
0.0355507
0.127949
0.223793
0.320924
0.416406
0.506008
0.57901
0.612085
0.563222
0.398354
0.258864
0.171845
0.157173
0.162491
0.164609
0.165466
-0.220645
-0.209016
-0.158964
-0.0839234
0.00225929
0.0935093
0.18752
0.281913
0.373396
0.457387
0.522943
0.547259
0.476027
0.330409
0.201432
0.171688
0.157407
0.163677
0.169601
0.171437
-0.251964
-0.240754
-0.191155
-0.116686
-0.0314258
0.0584081
0.150287
0.241616
0.328751
0.406728
0.465106
0.475015
0.389433
0.271173
0.167262
0.132891
0.149337
0.159243
0.165672
0.16956
-0.281425
-0.270666
-0.222258
-0.14861
-0.0646322
0.0234427
0.112871
0.200809
0.283325
0.35477
0.406761
0.401287
0.303748
0.214792
0.164282
0.0928171
0.125215
0.136727
0.139629
0.142284
-0.307759
-0.297396
-0.25073
-0.178558
-0.0962663
-0.0103049
0.0763038
0.160539
0.238228
0.302911
0.348193
0.333854
0.21068
0.146807
0.185203
0.168335
0.104657
0.073986
0.0630551
0.061774
-0.328684
-0.319052
-0.274709
-0.204874
-0.124939
-0.041564
0.0418859
0.122178
0.194852
0.25299
0.289013
0.267091
0.102859
-0.0435875
-0.0213988
-0.0317932
-0.0781439
-0.110351
-0.11572
-0.10533
-0.342481
-0.33388
-0.292533
-0.225849
-0.148953
-0.0687737
0.0111586
0.0873472
0.155026
0.206845
0.230061
0.201496
-0.0110675
-0.341573
-0.723859
-0.509821
-0.338382
-0.305842
-0.290653
-0.279246
-0.346724
-0.339709
-0.302388
-0.23978
-0.166591
-0.0902057
-0.0141513
0.0580428
0.121021
0.166765
0.177354
0.148696
-0.0667795
-0.220475
-0.385818
-0.263874
-0.305246
-0.326638
-0.312023
-0.309568
-0.34038
-0.334621
-0.302311
-0.244951
-0.176342
-0.104261
-0.0321904
0.0363786
0.0956211
0.136292
0.141805
0.103109
0.0318859
0.164394
0.639254
0.41589
-0.0164318
-0.216617
-0.251747
-0.264916
-0.320167
-0.315925
-0.290018
-0.240103
-0.17727
-0.109793
-0.0414695
0.0242823
0.0818776
0.120923
0.125007
0.070999
-0.089848
-0.309218
-0.711349
-1.20908
-1.38374
-1.12446
-0.749353
-0.577723
-0.28834
-0.285706
-0.266776
-0.225442
-0.169369
-0.106491
-0.0412626
0.0231742
0.0819289
0.125409
0.131726
0.0636606
-0.32556
-1.04442
-1.78869
-2.25081
-2.35691
-2.14462
-1.77769
-1.49687
-0.24928
-0.247721
-0.236476
-0.203585
-0.154374
-0.0954386
-0.0320942
0.0334795
0.0966463
0.15201
0.179417
0.168774
-0.0898376
-0.426566
-0.839212
-1.02598
-0.925073
-0.666162
-0.38737
-0.206728
-0.209766
-0.208817
-0.203227
-0.179706
-0.135829
-0.0792108
-0.0159807
0.0529184
0.125582
0.197908
0.27558
0.341725
0.463721
0.670061
1.01244
1.40078
1.78215
2.06487
2.22975
2.30473
-0.175802
-0.175251
-0.172615
-0.157323
-0.118322
-0.0624772
0.00319499
0.077295
0.160638
0.254714
0.36799
0.50902
0.737501
1.19012
1.80929
2.42272
2.9302
3.2715
3.44803
3.51061
-0.144876
-0.144328
-0.14354
-0.135915
-0.103488
-0.0481627
0.0210254
0.100003
0.188904
0.29285
0.409916
0.547211
0.699265
1.07447
1.63538
2.17468
2.62005
2.90719
3.05697
3.11429
-0.116289
-0.115832
-0.115316
-0.112453
-0.0884382
-0.0346302
0.0370185
0.118484
0.208665
0.30949
0.421865
0.54323
0.66861
0.891921
1.33329
1.75412
2.09218
2.32052
2.43831
2.4823
-0.0954116
-0.0941565
-0.0931403
-0.0925273
-0.0741049
-0.0202523
0.0535978
0.135952
0.224351
0.320688
0.425059
0.526593
0.627691
0.758817
1.05057
1.35451
1.59695
1.75751
1.83865
1.86782
-0.0840147
-0.0833449
-0.0858401
-0.0868624
-0.0647779
-0.00323863
0.0755264
0.157727
0.241627
0.329509
0.419892
0.499217
0.573904
0.657566
0.848194
1.04973
1.20935
1.31545
1.36828
1.3874
-0.0502805
-0.0521795
-0.058092
-0.0591248
-0.0318476
0.0329481
0.1107
0.187245
0.262209
0.337788
0.412945
0.474907
0.527805
0.578096
0.706229
0.837987
0.93812
1.00331
1.03428
1.0436
0.0491823
0.0457928
0.0394331
0.0396419
0.0623811
0.111423
0.169425
0.229274
0.288586
0.349358
0.409136
0.455487
0.48804
0.515729
0.602713
0.689711
0.753637
0.792916
0.810741
0.81577
0.195494
0.193048
0.189451
0.187967
0.196652
0.217598
0.246391
0.281076
0.320382
0.364093
0.408962
0.443036
0.462635
0.47595
0.535737
0.591797
0.632735
0.656984
0.66783
0.670778
0.325802
0.32453
0.322743
0.318739
0.314008
0.312751
0.318153
0.331275
0.352417
0.380964
0.413527
0.439292
0.453862
0.46872
0.505218
0.540806
0.565177
0.578965
0.584755
0.585765
0.405835
0.405196
0.403897
0.398641
0.388372
0.377213
0.37064
0.371256
0.380094
0.397131
0.420628
0.442318
0.458297
0.473262
0.499832
0.520665
0.533604
0.540496
0.543206
0.543329
0.442261
0.441829
0.440666
0.435927
0.426089
0.41395
0.404
0.398974
0.400782
0.410443
0.428293
0.44933
0.46894
0.485813
0.502375
0.51321
0.520178
0.524628
0.52648
0.526459
0.453454
0.453117
0.452107
0.448557
0.441213
0.431456
0.422235
0.41596
0.414479
0.419662
0.433077
0.454032
0.477985
0.498326
0.506702
0.510757
0.515986
0.519864
0.5224
0.52233
0.453472
0.453177
0.452334
0.449843
0.444945
0.438075
0.430829
0.424907
0.421871
0.42362
0.432907
0.452014
0.47741
0.49718
0.499728
0.501374
0.507879
0.515999
0.520354
0.520036
0.449976
0.449703
0.449007
0.447195
0.443938
0.439247
0.433774
0.428541
0.424546
0.423052
0.42658
0.43825
0.458328
0.471145
0.470854
0.476033
0.486718
0.497634
0.504287
0.504502
0.446307
0.446055
0.445489
0.444056
0.441602
0.438223
0.433987
0.429254
0.424236
0.419148
0.413911
0.411054
0.412837
0.414584
0.414662
0.428665
0.447119
0.462647
0.470947
0.471093
0.443344
0.443129
0.442716
0.441612
0.439546
0.436822
0.433295
0.428958
0.423187
0.414812
0.399911
0.376851
0.34852
0.332243
0.343042
0.369744
0.395108
0.411316
0.418232
0.417962
0.440642
0.440482
0.440265
0.439581
0.438067
0.435745
0.432876
0.429132
0.423551
0.414091
0.391346
0.351486
0.29043
0.261837
0.285758
0.320347
0.343026
0.35377
0.357659
0.358959
0.43703
0.436927
0.436903
0.436659
0.435892
0.434322
0.432953
0.430847
0.42699
0.418973
0.39719
0.349818
0.278989
0.253145
0.280387
0.308923
0.321803
0.326311
0.327592
0.328528
0.431281
0.431257
0.431515
0.431851
0.432163
0.432133
0.432482
0.433174
0.433213
0.431267
0.417393
0.382352
0.331212
0.31655
0.328935
0.336206
0.333915
0.331125
0.329422
0.328944
0.421909
0.421994
0.422442
0.423297
0.4245
0.426559
0.430018
0.434783
0.440632
0.447062
0.448569
0.435129
0.413726
0.406557
0.393367
0.375816
0.358215
0.347038
0.34372
0.34366
0.406601
0.406811
0.407733
0.409572
0.412464
0.416885
0.42393
0.433558
0.447113
0.462783
0.479726
0.488594
0.495873
0.486811
0.452882
0.4192
0.394356
0.378952
0.37263
0.371124
0.381989
0.38238
0.383891
0.386941
0.39186
0.399298
0.410364
0.425884
0.44577
0.471981
0.500047
0.522372
0.537043
0.525433
0.480873
0.447267
0.424308
0.410905
0.400444
0.3988
0.343988
0.344624
0.346837
0.351326
0.358843
0.369778
0.384971
0.405635
0.431409
0.46212
0.493643
0.51404
0.51816
0.499749
0.47077
0.450672
0.447208
0.438416
0.429273
0.428
0.288699
0.289508
0.292285
0.298373
0.308582
0.323073
0.341872
0.365079
0.390412
0.415536
0.44218
0.461413
0.456589
0.43164
0.419852
0.433187
0.443049
0.445846
0.43514
0.431361
0.214303
0.215038
0.217693
0.225206
0.237556
0.254308
0.274218
0.293741
0.306023
0.315581
0.336041
0.356516
0.343782
0.310893
0.320345
0.358312
0.387812
0.380401
0.373295
0.370161
0.123167
0.123562
0.126062
0.133135
0.144726
0.159814
0.175726
0.184496
0.175425
0.15495
0.179661
0.21296
0.197785
0.166557
0.195829
0.24599
0.265009
0.260045
0.251911
0.247526
0.0740769
0.0744601
0.0769602
0.0843236
0.0965629
0.108873
0.117075
0.10737
0.0774848
0.0846257
0.118667
0.136251
0.102113
0.0971329
0.146586
0.166606
0.170057
0.163739
0.158832
0.0522523
0.0723216
0.430048
0.665023
0.863919
1.025
1.15423
1.25845
1.34717
1.41081
1.40718
0.597791
0.759214
0.90755
1.0354
1.1449
1.2366
1.31225
1.37089
1.40664
1.42001
0.876201
0.977524
1.07571
1.16414
1.24116
1.30666
1.36031
1.40121
1.43022
1.44976
1.06442
1.13249
1.2025
1.26725
1.3232
1.37136
1.41156
1.44392
1.46978
1.48814
1.20689
1.25443
1.30833
1.35622
1.39912
1.43678
1.46929
1.49667
1.51936
1.53512
1.32134
1.35935
1.40138
1.43933
1.47461
1.50649
1.53467
1.5588
1.57885
1.59187
1.42034
1.45316
1.48875
1.52264
1.5544
1.58363
1.60965
1.63181
1.64982
1.6604
1.51243
1.54398
1.57862
1.61226
1.64355
1.6721
1.69723
1.71823
1.73457
1.74325
1.60787
1.64276
1.67977
1.71543
1.74752
1.77594
1.80025
1.82011
1.83498
1.84302
1.72117
1.76149
1.80077
1.83778
1.8697
1.89687
1.91952
1.93782
1.95156
1.96068
1.86528
1.90816
1.94569
1.97939
2.00747
2.0313
2.05196
2.0694
2.08328
2.09444
2.04311
2.08074
2.10894
2.13325
2.15429
2.1736
2.19187
2.20904
2.22496
2.23949
2.24082
2.26187
2.27687
2.29272
2.30901
2.32432
2.33806
2.35133
2.36684
2.38521
2.43161
2.43874
2.44928
2.46084
2.47077
2.47998
2.49025
2.50136
2.51299
2.52186
2.64457
2.64636
2.63845
2.62195
2.61081
2.61026
2.62243
2.64704
2.68116
2.7057
3.06424
2.87035
2.7693
2.71146
2.68235
2.67573
2.69093
2.73176
2.80762
2.95057
0.128363
0.123894
0.163061
0.233944
0.31984
0.415568
1.29795
1.36755
1.36847
1.29219
1.22364
1.15202
0.913872
0.681108
0.399495
0.0253009
-0.357666
)
;

boundaryField
{
    wall-4
    {
        type            zeroGradient;
    }
    pressure-outlet-7
    {
        type            fixedValue;
        value           uniform 0;
    }
    velocity-inlet-6
    {
        type            zeroGradient;
    }
    velocity-inlet-5
    {
        type            zeroGradient;
    }
    frontAndBackPlanes
    {
        type            empty;
    }
}


// ************************************************************************* //
