/*--------------------------------*- C++ -*----------------------------------*\
  =========                 |
  \\      /  F ield         | OpenFOAM: The Open Source CFD Toolbox
   \\    /   O peration     | Website:  https://openfoam.org
    \\  /    A nd           | Version:  9
     \\/     M anipulation  |
\*---------------------------------------------------------------------------*/
FoamFile
{
    format      ascii;
    class       volScalarField;
    location    "25";
    object      p;
}
// * * * * * * * * * * * * * * * * * * * * * * * * * * * * * * * * * * * * * //

dimensions      [0 2 -2 0 0 0 0];

internalField   nonuniform List<scalar> 
8800
(
0.43147
0.383682
0.344991
0.315991
0.295119
0.280272
0.269649
0.262131
0.257254
0.255103
0.256241
0.260304
0.266841
0.276073
0.288791
0.306482
0.331229
0.365147
0.407677
0.466376
0.262728
0.270406
0.277875
0.281182
0.279673
0.274587
0.268086
0.261984
0.257213
0.254287
0.253886
0.256253
0.260618
0.266461
0.273151
0.279372
0.282972
0.282211
0.27676
0.268054
0.241145
0.247307
0.251435
0.254377
0.256421
0.257014
0.255887
0.253744
0.251659
0.250641
0.251457
0.253696
0.256373
0.258451
0.258977
0.257716
0.255324
0.251895
0.247319
0.243552
0.235366
0.238019
0.240778
0.243188
0.244825
0.245979
0.246699
0.246774
0.246407
0.246233
0.246824
0.247831
0.248524
0.248466
0.247755
0.246581
0.244697
0.24207
0.239635
0.23813
0.230031
0.231458
0.233251
0.235298
0.237093
0.238436
0.239408
0.24016
0.240692
0.241118
0.241579
0.241881
0.241805
0.241366
0.240536
0.239175
0.237385
0.235461
0.234113
0.233283
0.225023
0.225945
0.227214
0.228819
0.230483
0.232027
0.233308
0.234334
0.235211
0.235949
0.23641
0.236496
0.236233
0.235594
0.234533
0.233174
0.231709
0.230339
0.229467
0.228922
0.22022
0.22089
0.221893
0.223253
0.224719
0.226223
0.227689
0.228993
0.230096
0.231009
0.231563
0.231642
0.231268
0.23048
0.229423
0.228256
0.227056
0.225989
0.225345
0.224951
0.215596
0.216104
0.216943
0.218164
0.219524
0.220962
0.222449
0.223923
0.225273
0.226397
0.227074
0.22716
0.226747
0.226007
0.225088
0.22408
0.223053
0.222179
0.22168
0.221384
0.211126
0.21152
0.212243
0.213374
0.214695
0.216097
0.217567
0.219086
0.220583
0.221922
0.222771
0.222982
0.222713
0.222137
0.221377
0.220496
0.219594
0.218864
0.218471
0.218243
0.206773
0.207076
0.207713
0.208783
0.210071
0.211465
0.21296
0.21454
0.21617
0.217736
0.218816
0.219237
0.219176
0.218784
0.21817
0.217432
0.216653
0.21604
0.215733
0.21556
0.202518
0.202748
0.203328
0.204384
0.205683
0.207125
0.208724
0.210443
0.212235
0.214017
0.215427
0.216168
0.216333
0.216086
0.215598
0.214975
0.214282
0.213757
0.21352
0.213391
0.198363
0.19852
0.199045
0.200082
0.201383
0.202822
0.204425
0.206243
0.208282
0.210433
0.212202
0.213248
0.213713
0.213783
0.213555
0.213097
0.21253
0.212103
0.211937
0.211851
0.194399
0.194497
0.194954
0.195916
0.197173
0.198632
0.200323
0.202284
0.204527
0.207032
0.209304
0.210867
0.21175
0.212122
0.212161
0.211941
0.211586
0.211308
0.211214
0.21116
0.190481
0.190539
0.19092
0.191785
0.192987
0.194456
0.196244
0.198438
0.201086
0.20414
0.206995
0.209041
0.210336
0.211103
0.211462
0.211561
0.211484
0.211397
0.211374
0.211335
0.18622
0.186266
0.186574
0.187336
0.188482
0.189967
0.191876
0.194298
0.197337
0.201006
0.204613
0.20738
0.209306
0.210555
0.211364
0.211836
0.212068
0.212186
0.212222
0.212181
0.18123
0.181279
0.181585
0.182333
0.183522
0.185149
0.187318
0.190181
0.19385
0.198352
0.20286
0.2064
0.208919
0.210692
0.211922
0.212731
0.213247
0.213522
0.213593
0.213546
0.17524
0.175291
0.175653
0.176447
0.177761
0.179619
0.182155
0.185554
0.189999
0.195554
0.201197
0.2057
0.208994
0.211355
0.213033
0.214214
0.214999
0.215394
0.215488
0.215432
0.167967
0.16802
0.168455
0.169418
0.170979
0.173221
0.176319
0.180519
0.18602
0.1929
0.199916
0.205546
0.2097
0.212712
0.21486
0.216392
0.217407
0.217899
0.218022
0.217961
0.159173
0.159222
0.15976
0.160977
0.162949
0.165758
0.169634
0.174875
0.181731
0.190281
0.198984
0.20597
0.211109
0.214811
0.217563
0.219519
0.220734
0.221315
0.221475
0.221409
0.148608
0.148648
0.149304
0.150864
0.153399
0.156984
0.161909
0.168514
0.177086
0.187707
0.198461
0.20708
0.213441
0.218062
0.221432
0.223757
0.225226
0.225933
0.22614
0.226065
0.135903
0.135942
0.136765
0.138737
0.141998
0.146617
0.152906
0.161275
0.172031
0.185217
0.198452
0.209015
0.216811
0.222488
0.226587
0.229411
0.231182
0.23206
0.232315
0.232228
0.120362
0.120412
0.121464
0.123985
0.128229
0.134208
0.142303
0.152981
0.166514
0.182852
0.199051
0.211902
0.221389
0.228304
0.233267
0.236703
0.23887
0.239959
0.240262
0.240151
0.100829
0.100906
0.10233
0.105709
0.111271
0.119154
0.129739
0.143474
0.16054
0.180731
0.20043
0.215927
0.227346
0.235673
0.241663
0.24583
0.24848
0.249802
0.250155
0.250017
0.0755188
0.0756582
0.0777202
0.0825041
0.0901784
0.100821
0.114895
0.132703
0.154223
0.179032
0.202764
0.221246
0.234834
0.244765
0.251949
0.256998
0.26023
0.261817
0.262215
0.26204
0.0413895
0.0416998
0.0450823
0.0524727
0.0637132
0.0786625
0.0976958
0.120849
0.147835
0.178013
0.206257
0.228006
0.243964
0.25568
0.26424
0.27033
0.274247
0.276129
0.276561
0.276338
-0.00743299
-0.00617523
0.000689311
0.0135177
0.0310045
0.0526145
0.0784889
0.108384
0.141817
0.177995
0.211083
0.236275
0.254735
0.268381
0.278492
0.285823
0.290576
0.292808
0.293257
0.292966
-0.0800913
-0.0720787
-0.056228
-0.0334953
-0.00657885
0.0239781
0.0582314
0.0959254
0.136551
0.179322
0.217731
0.246782
0.268146
0.284131
0.296251
0.305299
0.311344
0.314299
0.314972
0.314786
-0.15802
-0.139715
-0.11415
-0.0810806
-0.0444561
-0.0047977
0.0379657
0.0836835
0.131964
0.18214
0.226978
0.261022
0.286311
0.305528
0.320429
0.331967
0.339826
0.343917
0.345204
0.345209
-0.221639
-0.200517
-0.167057
-0.125509
-0.080315
-0.0321674
0.0187679
0.0722781
0.127961
0.185195
0.236025
0.274564
0.303285
0.325247
0.342334
0.355483
0.364907
0.369901
0.370883
0.371017
-0.273448
-0.250425
-0.211892
-0.164322
-0.112415
-0.0572246
0.000839845
0.0614124
0.123957
0.18774
0.244003
0.286451
0.317969
0.341975
0.360614
0.374973
0.385432
0.39075
0.391925
0.392164
-0.31629
-0.29228
-0.250191
-0.197908
-0.14066
-0.0797117
-0.0155955
0.0511574
0.119848
0.189569
0.250678
0.296444
0.330191
0.355755
0.375506
0.390723
0.401489
0.407276
0.408833
0.409103
-0.352872
-0.328274
-0.283538
-0.227563
-0.165877
-0.100065
-0.0307344
0.0414528
0.11564
0.190714
0.256161
0.304798
0.340345
0.367035
0.38748
0.403118
0.414106
0.42015
0.421912
0.422165
-0.385129
-0.360169
-0.31338
-0.254301
-0.188912
-0.118898
-0.0449854
0.0320532
0.11123
0.191221
0.260668
0.311891
0.348973
0.37652
0.397366
0.413153
0.424184
0.430267
0.432139
0.432353
-0.4145
-0.389212
-0.340755
-0.279028
-0.210441
-0.136753
-0.0587634
0.022675
0.106456
0.19108
0.264327
0.318034
0.356564
0.384858
0.406043
0.421889
0.432945
0.439068
0.44103
0.441217
-0.441843
-0.416259
-0.366358
-0.302362
-0.230969
-0.154028
-0.0723799
0.0130738
0.101154
0.190205
0.267208
0.323381
0.36337
0.39247
0.41404
0.430035
0.441076
0.44709
0.449138
0.449372
-0.467864
-0.441926
-0.390645
-0.324737
-0.250823
-0.170994
-0.0860556
0.00307734
0.0951846
0.188512
0.269268
0.328043
0.369652
0.399697
0.421745
0.437933
0.449017
0.454933
0.456935
0.457172
-0.492855
-0.466536
-0.41416
-0.346404
-0.270264
-0.187849
-0.0999373
-0.00743061
0.0884508
0.185933
0.270541
0.332147
0.375587
0.406735
0.429412
0.445911
0.457083
0.462942
0.46481
0.464981
-0.517154
-0.490352
-0.436993
-0.367565
-0.289443
-0.204708
-0.114107
-0.0185165
0.0809014
0.182443
0.271017
0.335657
0.381184
0.413668
0.437145
0.454073
0.465384
0.471192
0.472897
0.472978
-0.540825
-0.513585
-0.459255
-0.388328
-0.308431
-0.221621
-0.128606
-0.0301985
0.072519
0.17798
0.270565
0.33851
0.386432
0.420511
0.44497
0.462435
0.473912
0.47964
0.481208
0.481165
-0.563947
-0.536226
-0.48102
-0.40874
-0.327254
-0.238597
-0.143423
-0.0424783
0.0632713
0.17245
0.269091
0.340611
0.391278
0.427246
0.452881
0.470976
0.482613
0.488203
0.489597
0.489447
-0.586611
-0.558358
-0.502281
-0.428798
-0.345906
-0.255606
-0.158525
-0.0553257
0.0531621
0.165835
0.266506
0.341813
0.395594
0.433821
0.460868
0.479672
0.491437
0.496786
0.497956
0.497722
-0.60882
-0.579974
-0.523055
-0.448473
-0.36433
-0.272602
-0.173853
-0.0686817
0.0422465
0.158129
0.262707
0.341953
0.399215
0.440156
0.468944
0.488522
0.500281
0.505266
0.506167
0.505859
-0.630403
-0.601006
-0.543295
-0.46773
-0.382482
-0.289509
-0.18933
-0.0824505
0.030604
0.149357
0.257616
0.340854
0.40192
0.446118
0.477159
0.497654
0.509141
0.513476
0.514033
0.513663
-0.651318
-0.621402
-0.56296
-0.486509
-0.400297
-0.306255
-0.204854
-0.0965416
0.0183195
0.139562
0.251192
0.338344
0.403434
0.451461
0.485543
0.507412
0.51829
0.521353
0.521352
0.520963
-0.671635
-0.641124
-0.582013
-0.504766
-0.417707
-0.322755
-0.220335
-0.110847
0.00549892
0.128834
0.243418
0.334285
0.403446
0.455762
0.493933
0.518332
0.528701
0.529401
0.528023
0.527725
-0.691179
-0.660153
-0.600399
-0.522436
-0.43465
-0.338928
-0.235676
-0.125251
-0.00772631
0.117294
0.234331
0.328571
0.401648
0.458383
0.501681
0.530614
0.542286
0.540307
0.535547
0.534227
-0.710037
-0.67848
-0.618139
-0.539544
-0.451161
-0.35482
-0.250936
-0.139813
-0.0214251
0.10487
0.223811
0.320949
0.39773
0.458502
0.507425
0.54323
0.560208
0.560128
0.549717
0.531073
-0.728144
-0.696106
-0.635355
-0.556279
-0.467526
-0.37076
-0.266526
-0.155017
-0.036149
0.0908953
0.211156
0.310538
0.39095
0.454892
0.508221
0.551603
0.574558
0.569051
0.554448
0.533395
-0.745341
-0.71318
-0.651869
-0.572393
-0.483455
-0.386404
-0.28222
-0.170532
-0.0515686
0.0756838
0.196561
0.297088
0.380849
0.446841
0.498916
0.543429
0.567388
0.55337
0.481818
0.445797
-0.760994
-0.730816
-0.667339
-0.587308
-0.498246
-0.401279
-0.297729
-0.186137
-0.0674632
0.0593838
0.180044
0.280487
0.366527
0.434715
0.476853
0.509417
0.517767
0.469818
0.396079
0.34954
-0.81601
-0.746059
-0.681462
-0.602306
-0.51331
-0.416756
-0.313115
-0.20209
-0.0841634
0.0416063
0.161122
0.260408
0.345111
0.42019
0.423828
0.439593
0.408387
0.344013
0.264552
0.219619
-0.776936
-0.761307
-0.70189
-0.623614
-0.535095
-0.438935
-0.336399
-0.226394
-0.11002
0.0134113
0.129601
0.225514
0.301622
0.374579
0.375301
0.267085
0.159521
0.0858527
0.0095952
0.0475629
-0.80709
-0.778389
-0.718369
-0.640327
-0.552068
-0.456285
-0.353671
-0.244514
-0.129527
-0.00839274
0.104299
0.19573
0.264115
0.303078
0.256734
0.107273
-0.0280756
-0.123856
-0.228806
-0.16972
-0.830219
-0.798455
-0.737443
-0.659054
-0.570848
-0.475249
-0.372884
-0.264761
-0.151459
-0.0331347
0.0753562
0.16095
0.219605
0.228036
0.119951
-0.0668094
-0.232957
-0.361778
-0.505112
-0.460312
-0.85264
-0.819359
-0.757288
-0.67812
-0.589787
-0.494365
-0.392628
-0.285654
-0.174213
-0.0590163
0.0445305
0.123652
0.168213
0.140964
-0.0240707
-0.239939
-0.451525
-0.643568
-0.854833
-0.852717
-0.874184
-0.840673
-0.777802
-0.697961
-0.609471
-0.514283
-0.413274
-0.307546
-0.198187
-0.0864406
0.0116327
0.083567
0.110688
0.0485866
-0.162162
-0.396365
-0.64214
-0.864763
-1.14247
-1.48427
-0.895881
-0.862518
-0.799225
-0.718948
-0.630294
-0.535291
-0.434934
-0.330464
-0.223258
-0.115133
-0.0226913
0.0411757
0.0509379
-0.0623944
-0.282629
-0.517766
-0.754242
-0.956666
-1.03535
-1.15082
-0.918502
-0.885312
-0.821842
-0.741387
-0.652689
-0.557954
-0.458331
-0.355273
-0.250512
-0.146466
-0.0601132
-0.00579389
-0.0205511
-0.177208
-0.388814
-0.604691
-0.79395
-0.90484
-0.929168
-0.95084
-0.942382
-0.909338
-0.845786
-0.76532
-0.676737
-0.582417
-0.483741
-0.382371
-0.28045
-0.181088
-0.101258
-0.0584463
-0.0973413
-0.282131
-0.484648
-0.675126
-0.821868
-0.874194
-0.889296
-0.891988
-0.967714
-0.934654
-0.871092
-0.790687
-0.702338
-0.608625
-0.51111
-0.411722
-0.313051
-0.218947
-0.146168
-0.117571
-0.174808
-0.38059
-0.573547
-0.744328
-0.852229
-0.864097
-0.866943
-0.867022
-0.994449
-0.961283
-0.89774
-0.817427
-0.729439
-0.636488
-0.54035
-0.44324
-0.348208
-0.259871
-0.194993
-0.178011
-0.267316
-0.471955
-0.65484
-0.799272
-0.843353
-0.853616
-0.855132
-0.854352
-1.02228
-0.988957
-0.925568
-0.845396
-0.757882
-0.665861
-0.571317
-0.476767
-0.385756
-0.303626
-0.247122
-0.243353
-0.370215
-0.559367
-0.723308
-0.835369
-0.841993
-0.845366
-0.847569
-0.847453
-1.05062
-1.01737
-0.954207
-0.87432
-0.787399
-0.696479
-0.603725
-0.512008
-0.425334
-0.349883
-0.301531
-0.318812
-0.468706
-0.644453
-0.78538
-0.827133
-0.848402
-0.846762
-0.845264
-0.844935
-1.07906
-1.04606
-0.983145
-0.903755
-0.817568
-0.727904
-0.637141
-0.548471
-0.466396
-0.397947
-0.357703
-0.391188
-0.569002
-0.732696
-0.832178
-0.861253
-0.85773
-0.85214
-0.848505
-0.846761
-1.10668
-1.07425
-1.01183
-0.933048
-0.847772
-0.759534
-0.670933
-0.585437
-0.508155
-0.446717
-0.415861
-0.465712
-0.66993
-0.841399
-0.895541
-0.890825
-0.890725
-0.886244
-0.88197
-0.878973
-1.13228
-1.10044
-1.03939
-0.961371
-0.877197
-0.790544
-0.704224
-0.621944
-0.549445
-0.494968
-0.473851
-0.538786
-0.764352
-1.00339
-1.06639
-1.00835
-0.999464
-0.990166
-0.982996
-0.977692
-1.15453
-1.12391
-1.06438
-0.987685
-0.904826
-0.81989
-0.735877
-0.656775
-0.588638
-0.541187
-0.527447
-0.60931
-0.839223
-1.15723
-1.62011
-1.38563
-1.23004
-1.19346
-1.17134
-1.15739
-1.1718
-1.14299
-1.08554
-1.01059
-0.929433
-0.846359
-0.764537
-0.688335
-0.623886
-0.582816
-0.574902
-0.663077
-0.85611
-0.967449
-1.1149
-1.15945
-1.24644
-1.26901
-1.26498
-1.26433
-1.1825
-1.15619
-1.10154
-1.02875
-0.94958
-0.868487
-0.788724
-0.714688
-0.65332
-0.615798
-0.61672
-0.702424
-0.806488
-0.541152
-0.0628193
-0.58227
-1.10294
-1.26125
-1.27301
-1.27732
-1.18477
-1.16198
-1.11088
-1.04083
-0.963886
-0.884821
-0.806779
-0.733969
-0.673855
-0.637884
-0.647689
-0.777151
-1.0618
-1.34545
-1.67195
-2.11926
-2.10685
-1.76823
-1.53273
-1.52574
-1.17768
-1.15878
-1.11222
-1.04572
-0.971262
-0.894118
-0.817187
-0.744414
-0.682323
-0.645052
-0.657776
-0.867621
-1.52734
-2.6354
-3.46722
-3.88933
-3.75624
-3.30726
-2.82507
-2.58648
-1.15979
-1.14466
-1.10458
-1.04279
-0.97113
-0.895659
-0.81896
-0.744514
-0.677436
-0.628284
-0.630056
-0.804079
-1.41468
-2.21387
-3.01158
-3.2899
-3.08264
-2.67374
-2.31053
-2.14612
-1.13227
-1.12151
-1.08827
-1.03236
-0.963739
-0.889585
-0.812282
-0.733898
-0.658742
-0.588902
-0.545483
-0.508549
-0.627988
-0.621723
-0.476801
-0.224536
0.111656
0.39655
0.576121
0.650482
-1.09816
-1.09149
-1.06582
-1.01628
-0.950667
-0.877443
-0.79855
-0.715727
-0.627845
-0.536843
-0.42685
-0.298311
-0.0180013
0.512275
1.14503
1.75248
2.18637
2.43067
2.53673
2.5655
-1.06155
-1.05776
-1.04076
-0.997576
-0.934798
-0.861849
-0.781485
-0.693909
-0.598634
-0.490538
-0.370076
-0.234043
0.0201194
0.61497
1.28648
1.87311
2.28629
2.51784
2.62004
2.65007
-1.02745
-1.02508
-1.01553
-0.980275
-0.920014
-0.846197
-0.764315
-0.675218
-0.57887
-0.468768
-0.359936
-0.24894
-0.106997
0.308574
0.814226
1.23509
1.53785
1.71194
1.79224
1.8171
-0.997449
-0.996907
-0.993465
-0.9654
-0.905931
-0.830378
-0.748469
-0.661731
-0.568707
-0.467333
-0.372321
-0.287383
-0.212347
0.0452886
0.40967
0.705851
0.924716
1.05801
1.12507
1.14507
-0.97076
-0.97276
-0.971879
-0.945316
-0.884189
-0.808227
-0.729267
-0.648174
-0.562815
-0.471626
-0.389346
-0.330582
-0.285764
-0.125627
0.120344
0.328049
0.479398
0.568306
0.609109
0.618744
-0.908526
-0.912406
-0.912036
-0.889072
-0.835518
-0.769424
-0.700667
-0.630235
-0.555609
-0.475305
-0.40206
-0.353492
-0.317961
-0.215885
-0.0507712
0.0827406
0.177256
0.232249
0.257235
0.263036
-0.801079
-0.803029
-0.802113
-0.787685
-0.754779
-0.710524
-0.660824
-0.606205
-0.545177
-0.476221
-0.411164
-0.363642
-0.324213
-0.253219
-0.14552
-0.0644679
-0.00928495
0.0229324
0.0355544
0.0364653
-0.690149
-0.690497
-0.689863
-0.684304
-0.670773
-0.648819
-0.618809
-0.580767
-0.533564
-0.475865
-0.415873
-0.364031
-0.317066
-0.269513
-0.212947
-0.162192
-0.126783
-0.105799
-0.0961184
-0.0960883
-0.61466
-0.614419
-0.61457
-0.614555
-0.610892
-0.601704
-0.585294
-0.559684
-0.523662
-0.475416
-0.423567
-0.373451
-0.328933
-0.29389
-0.262263
-0.230095
-0.204401
-0.186449
-0.178531
-0.179523
-0.576828
-0.576583
-0.576875
-0.578014
-0.577614
-0.573474
-0.563746
-0.545605
-0.51704
-0.477274
-0.434189
-0.398862
-0.367722
-0.344925
-0.323778
-0.29329
-0.267035
-0.250118
-0.243097
-0.244628
-0.565883
-0.565478
-0.565291
-0.565847
-0.565613
-0.56274
-0.555457
-0.541089
-0.516566
-0.480612
-0.444138
-0.425276
-0.431067
-0.429245
-0.39397
-0.357151
-0.327603
-0.310317
-0.303999
-0.305351
-0.57534
-0.57465
-0.573885
-0.573514
-0.572441
-0.568981
-0.561872
-0.548508
-0.52457
-0.487424
-0.449489
-0.434642
-0.452956
-0.462142
-0.426924
-0.389285
-0.36356
-0.350429
-0.345509
-0.346856
-0.603139
-0.602158
-0.60106
-0.600074
-0.598136
-0.594115
-0.586842
-0.573872
-0.549038
-0.506552
-0.457093
-0.423223
-0.425297
-0.429462
-0.409314
-0.385931
-0.372937
-0.366064
-0.364928
-0.364777
-0.647368
-0.646475
-0.645355
-0.644261
-0.642613
-0.639827
-0.635165
-0.626158
-0.605238
-0.561125
-0.49316
-0.422037
-0.39219
-0.395282
-0.383214
-0.36324
-0.345438
-0.334756
-0.330649
-0.332216
-0.705209
-0.704492
-0.703991
-0.703959
-0.704763
-0.707124
-0.711711
-0.71772
-0.719472
-0.69622
-0.611632
-0.493694
-0.427966
-0.413934
-0.390845
-0.355585
-0.317513
-0.292337
-0.290587
-0.29321
-0.770507
-0.770449
-0.771385
-0.774091
-0.780549
-0.79387
-0.818448
-0.860263
-0.921717
-0.963372
-0.864939
-0.68136
-0.563659
-0.517576
-0.45842
-0.382073
-0.319104
-0.287523
-0.285826
-0.286918
-0.831818
-0.832902
-0.836145
-0.843332
-0.858709
-0.888899
-0.945387
-1.04829
-1.21512
-1.37684
-1.2676
-0.983502
-0.796905
-0.698748
-0.577602
-0.447445
-0.346756
-0.307226
-0.314609
-0.319479
-0.872219
-0.874672
-0.880518
-0.892871
-0.918412
-0.967889
-1.06184
-1.23974
-1.54047
-1.85333
-1.75581
-1.33888
-1.07045
-0.916849
-0.748772
-0.592856
-0.494291
-0.467906
-0.470457
-0.476728
-0.873422
-0.877101
-0.88453
-0.900399
-0.933813
-0.997893
-1.12038
-1.35546
-1.76229
-2.19239
-2.16274
-1.63479
-1.32274
-1.14221
-0.968344
-0.838872
-0.773337
-0.75818
-0.753708
-0.756004
-0.822611
-0.826375
-0.834501
-0.851631
-0.886686
-0.95411
-1.0831
-1.33148
-1.7589
-2.20791
-2.19801
-1.74291
-1.45385
-1.29337
-1.18149
-1.12159
-1.07855
-1.05599
-1.04393
-1.04151
-0.721701
-0.724752
-0.731559
-0.746157
-0.776433
-0.834965
-0.947346
-1.164
-1.53053
-1.8797
-1.85767
-1.57375
-1.40794
-1.33365
-1.33085
-1.31863
-1.2749
-1.24377
-1.22559
-1.21937
-0.585725
-0.587717
-0.592049
-0.601897
-0.623113
-0.664815
-0.745439
-0.902017
-1.17269
-1.42005
-1.4017
-1.27871
-1.21695
-1.21423
-1.31283
-1.33327
-1.28366
-1.24407
-1.22543
-1.21809
-0.438543
-0.439201
-0.440832
-0.445488
-0.456757
-0.479975
-0.525852
-0.616934
-0.786827
-0.969041
-0.991273
-0.94906
-0.891844
-0.94288
-1.07681
-1.10873
-1.07967
-1.05749
-1.04518
-1.03936
-0.301766
-0.301395
-0.301041
-0.301651
-0.304948
-0.313095
-0.330438
-0.366639
-0.442155
-0.550356
-0.570294
-0.541733
-0.524244
-0.609125
-0.735174
-0.770833
-0.768706
-0.764882
-0.762819
-0.761003
-0.189817
-0.188917
-0.187555
-0.185997
-0.184643
-0.183602
-0.183255
-0.184506
-0.188953
-0.201914
-0.205368
-0.212554
-0.261321
-0.364003
-0.444652
-0.474103
-0.482507
-0.487462
-0.490799
-0.491438
-0.10779
-0.106798
-0.10529
-0.103254
-0.100356
-0.0958081
-0.0885106
-0.0765358
-0.0566315
-0.0252084
-0.00862403
-0.0398739
-0.127395
-0.201189
-0.246464
-0.26493
-0.275309
-0.281617
-0.285922
-0.287264
-0.0534962
-0.0526854
-0.0515278
-0.0500205
-0.0475767
-0.0432172
-0.0358054
-0.0236401
-0.0046615
0.020049
0.0290332
-0.000545647
-0.0549679
-0.098746
-0.125246
-0.1377
-0.144292
-0.148491
-0.151557
-0.152633
-0.0208572
-0.0203293
-0.0196858
-0.0191045
-0.0179008
-0.0153021
-0.0106583
-0.00313298
0.00793232
0.0204987
0.0230568
0.00651439
-0.0198321
-0.0414353
-0.0546326
-0.0609752
-0.0637747
-0.065619
-0.0672009
-0.0678157
-0.00278658
-0.0026876
-0.00239957
-0.00208461
-0.00174954
-0.00139548
-0.000781597
0.000284733
0.00192849
0.00409491
0.00554722
0.00372339
-0.000798986
-0.00548619
-0.00840325
-0.0100375
-0.0105266
-0.0106606
-0.0109695
-0.0113685
-0.59681
-0.40104
-0.174246
0.0170233
0.171467
0.295179
0.398915
0.48644
0.525703
0.503028
-0.241287
-0.102999
0.0435534
0.170373
0.277882
0.367572
0.440331
0.492052
0.518543
0.530181
0.00818549
0.101791
0.200871
0.288865
0.36479
0.428431
0.478988
0.515891
0.54215
0.559642
0.187081
0.252093
0.321505
0.384946
0.440061
0.48678
0.524984
0.555238
0.579553
0.597541
0.323952
0.37125
0.421554
0.469456
0.511648
0.54832
0.579527
0.605284
0.626616
0.644268
0.435356
0.470832
0.511687
0.549855
0.58471
0.615781
0.642785
0.665329
0.683807
0.70107
0.532288
0.562499
0.598378
0.632102
0.66344
0.691775
0.716442
0.736839
0.752777
0.769833
0.623615
0.653767
0.688941
0.721974
0.752442
0.77977
0.803231
0.822161
0.835839
0.852886
0.720644
0.754344
0.791723
0.825942
0.856541
0.883202
0.905538
0.923103
0.935191
0.952618
0.836784
0.87472
0.913855
0.948548
0.978239
1.00328
1.02389
1.03997
1.05158
1.06968
0.982464
1.02125
1.05745
1.08835
1.11423
1.1365
1.1557
1.17135
1.18387
1.20189
1.1576
1.18956
1.21588
1.23842
1.25851
1.27733
1.29513
1.31168
1.32708
1.34517
1.34644
1.36377
1.37896
1.39529
1.41125
1.42584
1.4391
1.45307
1.47065
1.49082
1.52852
1.53795
1.54953
1.56038
1.56969
1.57933
1.59018
1.60158
1.61297
1.62834
1.73566
1.73936
1.72444
1.70965
1.70343
1.70914
1.72764
1.75797
1.79017
1.81683
2.04201
1.90715
1.83055
1.78826
1.77085
1.77482
1.80225
1.85866
1.96129
2.18566
0.322067
0.319938
0.315451
0.306822
0.294592
0.282454
0.272209
0.264285
0.258615
0.255276
0.254795
0.257388
0.262365
0.269485
0.278794
0.290275
0.302883
0.313887
0.319986
0.323027
0.246527
0.252373
0.258712
0.263204
0.265668
0.265335
0.262584
0.258744
0.255181
0.252831
0.252549
0.254592
0.258119
0.262297
0.266016
0.267833
0.266846
0.263324
0.258129
0.251494
0.23813
0.240426
0.243831
0.24683
0.248906
0.250397
0.251137
0.25079
0.249708
0.248723
0.248748
0.250011
0.251675
0.25285
0.252925
0.251951
0.250334
0.247944
0.244644
0.241709
0.232651
0.233737
0.235577
0.237965
0.239997
0.241426
0.242435
0.243152
0.24349
0.243604
0.243928
0.244539
0.244958
0.244871
0.244329
0.243372
0.241812
0.239653
0.237513
0.236113
0.227494
0.228154
0.229275
0.231007
0.232815
0.234466
0.235763
0.236749
0.23756
0.238227
0.238763
0.239082
0.239058
0.238701
0.237965
0.23676
0.235202
0.233549
0.232156
0.231359
0.222602
0.223058
0.223862
0.225201
0.226732
0.228286
0.229771
0.231057
0.232128
0.233045
0.233733
0.234018
0.233889
0.233361
0.232434
0.231243
0.229941
0.228663
0.227655
0.22712
0.217882
0.218216
0.218852
0.21999
0.221362
0.222804
0.224292
0.225757
0.227085
0.228212
0.229049
0.229402
0.229224
0.228602
0.22769
0.22664
0.225546
0.224474
0.223678
0.223286
0.213349
0.213601
0.214119
0.215116
0.216391
0.217772
0.219219
0.220712
0.22219
0.223539
0.224565
0.225013
0.224882
0.224355
0.22359
0.222692
0.221736
0.220835
0.220201
0.219903
0.208935
0.209123
0.209557
0.21047
0.211698
0.213053
0.214483
0.215994
0.217569
0.219115
0.220366
0.22098
0.221011
0.220661
0.220067
0.219316
0.218477
0.217696
0.217177
0.21695
0.20464
0.204777
0.205144
0.205992
0.207189
0.208539
0.210022
0.211614
0.213272
0.214958
0.216455
0.217383
0.217698
0.217552
0.217093
0.216464
0.215758
0.21509
0.214671
0.214501
0.200423
0.200512
0.200826
0.201649
0.202867
0.204252
0.205776
0.207476
0.209357
0.21133
0.213157
0.214394
0.214934
0.214994
0.214733
0.214253
0.213644
0.213054
0.212717
0.212599
0.196359
0.196404
0.196664
0.197422
0.198592
0.199956
0.201479
0.203209
0.205191
0.20742
0.209651
0.21134
0.212318
0.212769
0.212827
0.212594
0.212183
0.211749
0.211514
0.211446
0.192452
0.192463
0.192677
0.193355
0.19446
0.195823
0.197425
0.199345
0.201621
0.204242
0.206984
0.209187
0.210582
0.211356
0.211684
0.211734
0.211573
0.211342
0.211226
0.211194
0.188423
0.188425
0.188593
0.189164
0.190161
0.191471
0.193094
0.195145
0.197693
0.200788
0.204167
0.207031
0.209016
0.210307
0.211069
0.211477
0.211678
0.211724
0.211745
0.211735
0.183831
0.183824
0.183986
0.184499
0.185456
0.186804
0.188568
0.19088
0.19385
0.197553
0.201731
0.20541
0.208044
0.20987
0.211105
0.211939
0.212438
0.212731
0.212858
0.212857
0.178382
0.178371
0.178554
0.179086
0.180093
0.181563
0.183562
0.186262
0.189821
0.194346
0.199523
0.204154
0.207568
0.210012
0.211741
0.212948
0.213773
0.21428
0.21448
0.214484
0.171779
0.171761
0.171979
0.172612
0.173751
0.175445
0.177822
0.181074
0.185412
0.190974
0.197403
0.20322
0.207548
0.2107
0.212959
0.214587
0.215736
0.216418
0.216672
0.216681
0.163763
0.163732
0.163997
0.164788
0.166195
0.168284
0.171222
0.175272
0.180666
0.187581
0.19556
0.202778
0.208183
0.212143
0.214952
0.216981
0.218464
0.219306
0.219617
0.219642
0.154117
0.154068
0.154393
0.155394
0.157187
0.15983
0.163547
0.168636
0.175385
0.183996
0.193894
0.202835
0.209514
0.214386
0.217946
0.220534
0.222269
0.223258
0.223642
0.223679
0.142519
0.142446
0.14285
0.144105
0.146418
0.149819
0.154584
0.161037
0.169535
0.180275
0.192517
0.203514
0.211739
0.217756
0.222106
0.22524
0.22733
0.228531
0.229018
0.229071
0.128476
0.128383
0.128917
0.130528
0.133477
0.137866
0.143996
0.152242
0.162975
0.176377
0.191474
0.204927
0.214968
0.222321
0.227646
0.23143
0.23397
0.235445
0.236047
0.236109
0.11105
0.11094
0.111687
0.113812
0.117588
0.123364
0.131324
0.141958
0.155601
0.172341
0.190883
0.207228
0.219383
0.228288
0.23473
0.239307
0.242399
0.244207
0.244931
0.244998
0.0888117
0.0886993
0.0898208
0.0927572
0.0978386
0.105516
0.116093
0.129981
0.147407
0.168275
0.190904
0.210583
0.225137
0.2358
0.243534
0.249052
0.252821
0.255028
0.255887
0.255953
0.0593986
0.0593261
0.0611343
0.065474
0.0727611
0.0835071
0.0979174
0.116253
0.138523
0.164396
0.191755
0.215172
0.232388
0.245011
0.254215
0.260843
0.26541
0.268064
0.269067
0.269125
0.0186426
0.0187645
0.0220956
0.0294118
0.0407818
0.0565843
0.0766671
0.100991
0.1293
0.161039
0.19368
0.221147
0.241214
0.255961
0.266808
0.274729
0.280253
0.283416
0.284545
0.284584
-0.0411908
-0.0398213
-0.0317589
-0.0180284
0.000981118
0.0248694
0.0529292
0.0848789
0.120327
0.158612
0.196894
0.228568
0.251579
0.268538
0.28115
0.290502
0.297127
0.300893
0.302154
0.302164
-0.112846
-0.110631
-0.0953314
-0.0714632
-0.0419351
-0.00854511
0.0282892
0.0684479
0.111618
0.157225
0.202202
0.239282
0.26639
0.286626
0.301924
0.313491
0.321862
0.326557
0.327891
0.328007
-0.186573
-0.179402
-0.156845
-0.123014
-0.0837396
-0.041133
0.00440932
0.0527805
0.103728
0.156732
0.208525
0.251143
0.28242
0.30601
0.324184
0.338232
0.348464
0.353626
0.355691
0.356181
-0.245322
-0.236339
-0.209048
-0.168483
-0.121673
-0.0712919
-0.01799
0.0379674
0.0962281
0.156236
0.214391
0.261997
0.296875
0.323188
0.343447
0.35909
0.370509
0.376886
0.379918
0.380585
-0.293061
-0.283534
-0.252788
-0.207332
-0.154799
-0.0982336
-0.0384569
0.0241214
0.0889607
0.155358
0.219302
0.271306
0.309168
0.337578
0.359383
0.376256
0.388693
0.395992
0.399373
0.4001
-0.33297
-0.323259
-0.290269
-0.241064
-0.183888
-0.122232
-0.0570107
0.0112767
0.0819347
0.15408
0.223218
0.279061
0.319407
0.349446
0.372346
0.389961
0.402966
0.4109
0.41448
0.415252
-0.367625
-0.357857
-0.323196
-0.270945
-0.20999
-0.144053
-0.0741141
-0.000808345
0.0750448
0.152396
0.226261
0.285544
0.328011
0.359325
0.382954
0.40096
0.414203
0.422401
0.42605
0.426858
-0.398604
-0.388829
-0.352908
-0.298101
-0.233965
-0.164339
-0.0902667
-0.0124883
0.0680868
0.150238
0.228537
0.291031
0.335429
0.367842
0.392019
0.410231
0.423534
0.431818
0.435427
0.436293
-0.427105
-0.4173
-0.380327
-0.323345
-0.256493
-0.183635
-0.105899
-0.0240768
0.0608352
0.147501
0.230042
0.295697
0.34199
0.375454
0.400163
0.418613
0.431976
0.440326
0.443965
0.444654
-0.453897
-0.444037
-0.406119
-0.347305
-0.278016
-0.202297
-0.121297
-0.035813
0.0531119
0.144054
0.230755
0.299572
0.347847
0.382474
0.407806
0.42654
0.439999
0.448333
0.451968
0.452552
-0.479452
-0.469541
-0.430767
-0.370352
-0.298855
-0.220593
-0.136666
-0.0478546
0.0447842
0.139796
0.230603
0.302725
0.353185
0.389158
0.415246
0.434369
0.447991
0.456319
0.459908
0.460477
-0.504203
-0.494134
-0.454549
-0.392674
-0.319237
-0.238706
-0.15214
-0.0603041
0.0357733
0.134662
0.229587
0.305223
0.358081
0.395603
0.422634
0.442289
0.456166
0.46453
0.467998
0.468554
-0.528304
-0.51801
-0.477716
-0.414449
-0.33928
-0.256724
-0.167787
-0.0732092
0.0260411
0.128632
0.227657
0.306954
0.362504
0.401845
0.430027
0.450358
0.464565
0.472975
0.476311
0.476814
-0.551805
-0.541303
-0.500333
-0.435776
-0.359051
-0.274681
-0.183629
-0.0865787
0.0155791
0.121643
0.224682
0.307832
0.366388
0.407869
0.43743
0.458579
0.473167
0.481595
0.484774
0.485177
-0.57484
-0.564047
-0.522378
-0.456675
-0.378563
-0.292581
-0.199648
-0.100394
0.00438665
0.113659
0.220601
0.307751
0.36963
0.413604
0.444822
0.466933
0.481934
0.490348
0.493312
0.493579
-0.597319
-0.586258
-0.543902
-0.477143
-0.39779
-0.31038
-0.215792
-0.114606
-0.0074997
0.104699
0.215367
0.306565
0.372068
0.41895
0.45218
0.475424
0.490809
0.499075
0.501755
0.501887
-0.619268
-0.607927
-0.564877
-0.497154
-0.416687
-0.328032
-0.232007
-0.129137
-0.0199984
0.0948095
0.208933
0.304145
0.3735
0.423743
0.459474
0.484109
0.499802
0.507692
0.509951
0.509936
-0.640537
-0.628974
-0.585252
-0.516657
-0.4352
-0.345453
-0.248207
-0.143896
-0.0330178
0.0840546
0.201289
0.300372
0.373714
0.427747
0.46663
0.493162
0.509099
0.516172
0.517721
0.517536
-0.661218
-0.649348
-0.604991
-0.535612
-0.453286
-0.362594
-0.264295
-0.158794
-0.0464621
0.0725314
0.192469
0.29515
0.372474
0.43062
0.473425
0.502801
0.519295
0.524866
0.524982
0.524496
-0.681175
-0.66901
-0.624066
-0.553966
-0.470858
-0.379368
-0.280188
-0.173707
-0.060211
0.0603301
0.182545
0.288423
0.369576
0.43192
0.479343
0.513007
0.531447
0.535335
0.532405
0.530537
-0.700442
-0.688017
-0.642425
-0.571665
-0.487878
-0.395707
-0.2958
-0.188551
-0.0741421
0.0476059
0.171627
0.280164
0.364872
0.431169
0.483443
0.522931
0.546106
0.551051
0.544357
0.53362
-0.718941
-0.706314
-0.660173
-0.588859
-0.504553
-0.411892
-0.31147
-0.203735
-0.0887242
0.0338188
0.159124
0.269711
0.357713
0.427684
0.484252
0.530582
0.561541
0.571517
0.565581
0.555007
-0.736639
-0.723801
-0.677316
-0.605507
-0.520869
-0.427924
-0.327174
-0.219268
-0.103985
0.0188824
0.144898
0.256784
0.347472
0.420831
0.479203
0.530091
0.564966
0.579211
0.546595
0.490236
-0.753286
-0.739735
-0.693758
-0.621565
-0.536951
-0.44393
-0.342955
-0.23503
-0.119851
0.00288729
0.128943
0.241299
0.333344
0.410401
0.467087
0.510156
0.545109
0.540198
0.483113
0.414656
-0.769147
-0.754991
-0.709313
-0.636467
-0.552477
-0.459441
-0.359022
-0.250956
-0.136173
-0.0139863
0.111316
0.223179
0.314451
0.397522
0.448092
0.500512
0.479088
0.443051
0.372779
0.300649
-0.754635
-0.736722
-0.688693
-0.612381
-0.52368
-0.42714
-0.321705
-0.211004
-0.0935526
0.031529
0.150222
0.248784
0.331457
0.418432
0.475542
0.390999
0.349057
0.287161
0.211665
0.16103
-0.778765
-0.76202
-0.727074
-0.660085
-0.576424
-0.483981
-0.383545
-0.276279
-0.162581
-0.0421098
0.0805797
0.189654
0.276687
0.353994
0.423885
0.42755
0.306257
0.221117
0.157012
0.0691382
-0.798063
-0.782389
-0.741526
-0.67314
-0.58924
-0.497334
-0.398122
-0.291879
-0.179366
-0.0606487
0.0597765
0.166012
0.249593
0.314092
0.34081
0.271501
0.123007
0.0218728
-0.0567168
-0.151203
-0.817727
-0.805386
-0.759938
-0.690243
-0.606249
-0.514234
-0.415157
-0.309392
-0.197997
-0.0811221
0.0360148
0.137289
0.213865
0.262496
0.239087
0.105412
-0.0586071
-0.18529
-0.290381
-0.435395
-0.840492
-0.827552
-0.780197
-0.709395
-0.625159
-0.53314
-0.434261
-0.329228
-0.219147
-0.10447
0.00888284
0.104549
0.173103
0.203045
0.140663
-0.0542634
-0.253
-0.422031
-0.57818
-0.78567
-0.86212
-0.849439
-0.801013
-0.729089
-0.644425
-0.552466
-0.454031
-0.349969
-0.241441
-0.129314
-0.0201213
0.0694148
0.129261
0.131507
0.0142005
-0.205766
-0.44015
-0.672464
-0.867627
-1.31481
-0.88346
-0.871359
-0.822475
-0.749724
-0.664718
-0.57277
-0.474785
-0.3717
-0.264831
-0.155472
-0.0507522
0.0320509
0.0819036
0.0467399
-0.114744
-0.340619
-0.584962
-0.828112
-1.03962
-1.39171
-0.905577
-0.893678
-0.844765
-0.771528
-0.686298
-0.594353
-0.496781
-0.394648
-0.28949
-0.183058
-0.0830388
-0.00744044
0.0298426
-0.0301507
-0.232061
-0.450095
-0.675189
-0.87062
-0.953885
-0.991346
-0.928805
-0.91721
-0.868205
-0.794761
-0.709497
-0.617707
-0.520694
-0.419729
-0.316598
-0.21357
-0.118851
-0.0512171
-0.0281539
-0.115227
-0.337543
-0.542825
-0.728365
-0.858
-0.896738
-0.910566
-0.953363
-0.94202
-0.892923
-0.819402
-0.734218
-0.642741
-0.54648
-0.446921
-0.346166
-0.247045
-0.158274
-0.0989874
-0.0950566
-0.221092
-0.432613
-0.623847
-0.785402
-0.855289
-0.875214
-0.877925
-0.979381
-0.968161
-0.918973
-0.845417
-0.760399
-0.669395
-0.57407
-0.476179
-0.378138
-0.283369
-0.201268
-0.150221
-0.176048
-0.324495
-0.521954
-0.701222
-0.822387
-0.871458
-0.862737
-0.861193
-1.00669
-0.995475
-0.946326
-0.872713
-0.787945
-0.697548
-0.603358
-0.507381
-0.412382
-0.322425
-0.247467
-0.205577
-0.254547
-0.424929
-0.603547
-0.766915
-0.826246
-0.845446
-0.850288
-0.850903
-1.0349
-1.02374
-0.974716
-0.901074
-0.816657
-0.727009
-0.634142
-0.540314
-0.448681
-0.363944
-0.296404
-0.265622
-0.32949
-0.519414
-0.680326
-0.80464
-0.853741
-0.846278
-0.846833
-0.846618
-1.0635
-1.05252
-1.00343
-0.930151
-0.846184
-0.757432
-0.666065
-0.574605
-0.486624
-0.407411
-0.347689
-0.325681
-0.411592
-0.612706
-0.753443
-0.841266
-0.856106
-0.850591
-0.845554
-0.844079
-1.09169
-1.08106
-1.03215
-0.959361
-0.876005
-0.788299
-0.69862
-0.609705
-0.52558
-0.452077
-0.400563
-0.386131
-0.506558
-0.71274
-0.833413
-0.836327
-0.864709
-0.865935
-0.861209
-0.858137
-1.11869
-1.10837
-1.06019
-0.987885
-0.905396
-0.818901
-0.731068
-0.644833
-0.564608
-0.496967
-0.453644
-0.451396
-0.599925
-0.825614
-0.956845
-0.915584
-0.926965
-0.928165
-0.926152
-0.921371
-1.14308
-1.13328
-1.08611
-1.01486
-0.933429
-0.848312
-0.762449
-0.678952
-0.602488
-0.540708
-0.505179
-0.517423
-0.684611
-0.940004
-1.23945
-1.2718
-1.14876
-1.09146
-1.07264
-1.06086
-1.16358
-1.15445
-1.10862
-1.03888
-0.958961
-0.875464
-0.791572
-0.71072
-0.637778
-0.581154
-0.553196
-0.572063
-0.753551
-0.972437
-1.35216
-1.55213
-1.30638
-1.27857
-1.25736
-1.23794
-1.17843
-1.17008
-1.1264
-1.0586
-0.980598
-0.898971
-0.817111
-0.738522
-0.668703
-0.615526
-0.595405
-0.611878
-0.778433
-0.789878
-0.511743
-0.538184
-0.968623
-1.25729
-1.26144
-1.26513
-1.18619
-1.1786
-1.1378
-1.07269
-0.996939
-0.917387
-0.837503
-0.760735
-0.692728
-0.642196
-0.626584
-0.651151
-0.831866
-0.83175
-0.581872
-0.727028
-1.11105
-1.32418
-1.29359
-1.30767
-1.18407
-1.17772
-1.14188
-1.07977
-1.00672
-0.92939
-0.851254
-0.775608
-0.707624
-0.657596
-0.642115
-0.69512
-1.05127
-1.69441
-2.50639
-3.15057
-3.28254
-2.91692
-2.41118
-2.06306
-1.17131
-1.16686
-1.13694
-1.07906
-1.00898
-0.934079
-0.857226
-0.781607
-0.711881
-0.656352
-0.636037
-0.676687
-1.17766
-2.08542
-3.17951
-3.74993
-3.87354
-3.59074
-3.17874
-2.8766
-1.14806
-1.14471
-1.12175
-1.07038
-1.00374
-0.931146
-0.855059
-0.778004
-0.703994
-0.637942
-0.593022
-0.607171
-0.848059
-1.27432
-1.66997
-1.8329
-1.67144
-1.36312
-1.0516
-0.835677
-1.11661
-1.11442
-1.0984
-1.05461
-0.992117
-0.92145
-0.845406
-0.765957
-0.684313
-0.604411
-0.520479
-0.446494
-0.331396
-0.104109
0.305561
0.783845
1.25617
1.62578
1.83558
1.92669
-1.08053
-1.07925
-1.06882
-1.03438
-0.976523
-0.907106
-0.830707
-0.747943
-0.659837
-0.561921
-0.45419
-0.326792
-0.137495
0.324172
1.01265
1.69041
2.22316
2.56066
2.73164
2.78963
-1.04413
-1.04338
-1.03794
-1.01196
-0.959897
-0.891173
-0.814139
-0.729204
-0.636661
-0.53334
-0.420898
-0.295325
-0.169028
0.185197
0.787913
1.34911
1.79736
2.08436
2.23678
2.29858
-1.01184
-1.01046
-1.00858
-0.992832
-0.945772
-0.876949
-0.798297
-0.71286
-0.621021
-0.52162
-0.415065
-0.317806
-0.219727
-0.0336253
0.382062
0.774393
1.07502
1.27345
1.38168
1.4328
-0.986354
-0.985827
-0.986726
-0.975764
-0.9303
-0.859636
-0.780535
-0.697721
-0.611063
-0.518454
-0.422611
-0.345427
-0.279159
-0.180415
0.103515
0.383624
0.602369
0.751577
0.83015
0.860568
-0.946066
-0.947632
-0.95076
-0.941153
-0.897213
-0.82872
-0.7539
-0.678456
-0.600331
-0.51745
-0.433298
-0.367856
-0.31954
-0.265031
-0.0769413
0.111204
0.254986
0.350839
0.400816
0.420934
-0.858125
-0.860477
-0.862839
-0.854873
-0.822722
-0.770458
-0.711801
-0.650569
-0.585334
-0.513941
-0.440302
-0.380327
-0.337455
-0.295511
-0.166562
-0.0460014
0.0402735
0.0970952
0.125194
0.135212
-0.742022
-0.743276
-0.743752
-0.739532
-0.723472
-0.695831
-0.659774
-0.617217
-0.567373
-0.508829
-0.444253
-0.385603
-0.339921
-0.293611
-0.218911
-0.147961
-0.09387
-0.0591142
-0.041965
-0.0371601
-0.646787
-0.647304
-0.64711
-0.646309
-0.641798
-0.631077
-0.612947
-0.586426
-0.550598
-0.50358
-0.44703
-0.391604
-0.343633
-0.296875
-0.25515
-0.21676
-0.183017
-0.158319
-0.144374
-0.140175
-0.591384
-0.591615
-0.59144
-0.592331
-0.592413
-0.589029
-0.579951
-0.563229
-0.53721
-0.499959
-0.452289
-0.405985
-0.366261
-0.33323
-0.305263
-0.275524
-0.248192
-0.227348
-0.215626
-0.212545
-0.568363
-0.568474
-0.56819
-0.56884
-0.569557
-0.568128
-0.562589
-0.550917
-0.530428
-0.498664
-0.458127
-0.424292
-0.405443
-0.395541
-0.375423
-0.34277
-0.310308
-0.286604
-0.273771
-0.271695
-0.568162
-0.568028
-0.567352
-0.567202
-0.567157
-0.565516
-0.560729
-0.55077
-0.532282
-0.502394
-0.463751
-0.437579
-0.440051
-0.462161
-0.44129
-0.399195
-0.363644
-0.342471
-0.332421
-0.330439
-0.58711
-0.586691
-0.585697
-0.584884
-0.583894
-0.58133
-0.576003
-0.566062
-0.547357
-0.516884
-0.471558
-0.438348
-0.430164
-0.455997
-0.438409
-0.404751
-0.379865
-0.366085
-0.36165
-0.360336
-0.623603
-0.623009
-0.621802
-0.620678
-0.619236
-0.616461
-0.611532
-0.6028
-0.585423
-0.554234
-0.497816
-0.441537
-0.40382
-0.407984
-0.403583
-0.384506
-0.366721
-0.355149
-0.349052
-0.349792
-0.675206
-0.674414
-0.673514
-0.672727
-0.672002
-0.671205
-0.670359
-0.668551
-0.661095
-0.640412
-0.580099
-0.48978
-0.413126
-0.392743
-0.385783
-0.369037
-0.344329
-0.32162
-0.313366
-0.313821
-0.737921
-0.737225
-0.737012
-0.737517
-0.739472
-0.744336
-0.754129
-0.771095
-0.795129
-0.817676
-0.77947
-0.643592
-0.519084
-0.468359
-0.439785
-0.389548
-0.33681
-0.295445
-0.278335
-0.282882
-0.802936
-0.802666
-0.803841
-0.806944
-0.814119
-0.82926
-0.858188
-0.910817
-1.00007
-1.11493
-1.13286
-0.932165
-0.73289
-0.634077
-0.560061
-0.460091
-0.362643
-0.301329
-0.291268
-0.295096
-0.855898
-0.856393
-0.859444
-0.866104
-0.880395
-0.909206
-0.964023
-1.06712
-1.25347
-1.52272
-1.61331
-1.33426
-1.02708
-0.867876
-0.734375
-0.578314
-0.44754
-0.372768
-0.368441
-0.375558
-0.878395
-0.879759
-0.884626
-0.894584
-0.915572
-0.957357
-1.03712
-1.19019
-1.47318
-1.88854
-2.09348
-1.72281
-1.33449
-1.1096
-0.942616
-0.773861
-0.655469
-0.609147
-0.601952
-0.604494
-0.854154
-0.85616
-0.861706
-0.873435
-0.898178
-0.946941
-1.03988
-1.21827
-1.55075
-2.04521
-2.32483
-1.97238
-1.53849
-1.31937
-1.14548
-1.0276
-0.946871
-0.921525
-0.909368
-0.904812
-0.776896
-0.779074
-0.784337
-0.795524
-0.819028
-0.865491
-0.954331
-1.12581
-1.44588
-1.89936
-2.14368
-1.86975
-1.54783
-1.3884
-1.29624
-1.2542
-1.21983
-1.18161
-1.16087
-1.15054
-0.65567
-0.657588
-0.66147
-0.669858
-0.688047
-0.724538
-0.794743
-0.930509
-1.18546
-1.5351
-1.68205
-1.52349
-1.37182
-1.28953
-1.32241
-1.36105
-1.32836
-1.28482
-1.2585
-1.24521
-0.51148
-0.512634
-0.514553
-0.519081
-0.53008
-0.553062
-0.598095
-0.686112
-0.855999
-1.10482
-1.21832
-1.15733
-1.09212
-1.06492
-1.14831
-1.25444
-1.22367
-1.18524
-1.16216
-1.1508
-0.367361
-0.367818
-0.367993
-0.369112
-0.373452
-0.383809
-0.40523
-0.448379
-0.535873
-0.687072
-0.782812
-0.769264
-0.723731
-0.726407
-0.840394
-0.939319
-0.936088
-0.92128
-0.912032
-0.90689
-0.241989
-0.241942
-0.240971
-0.239991
-0.23982
-0.241303
-0.245834
-0.25643
-0.280278
-0.333489
-0.382375
-0.36781
-0.35009
-0.413144
-0.543321
-0.604016
-0.615827
-0.618115
-0.619769
-0.620493
-0.145022
-0.144719
-0.143324
-0.141603
-0.139447
-0.136571
-0.132483
-0.126359
-0.116605
-0.0985237
-0.0762988
-0.0804791
-0.137605
-0.231581
-0.309296
-0.347853
-0.363813
-0.371742
-0.37701
-0.379915
-0.0775301
-0.0771754
-0.0758923
-0.0743657
-0.0721315
-0.0684382
-0.0622827
-0.0520997
-0.0353972
-0.00935012
0.0172654
0.00917887
-0.0492322
-0.116568
-0.163944
-0.18582
-0.197932
-0.204607
-0.209257
-0.211989
-0.0349557
-0.0346687
-0.0337775
-0.0328937
-0.0315253
-0.0289019
-0.0241417
-0.0161482
-0.00350745
0.0142725
0.0290443
0.0203447
-0.0141709
-0.0511429
-0.0768713
-0.0906915
-0.0972538
-0.100741
-0.103413
-0.105147
-0.00277516
-0.00255453
-0.00222627
-0.00190419
-0.00159301
-0.00113295
-0.000314006
0.0010315
0.00295822
0.0051751
0.00512026
0.00170008
-0.00331782
-0.00708639
-0.00941263
-0.0103795
-0.0105909
-0.0107878
-0.0111686
-0.0370438
-1.73988
-0.953919
-0.472115
-0.1869
0.0228184
0.185867
0.315204
0.42308
0.533513
0.626899
-0.575067
-0.348691
-0.145543
0.0241231
0.165893
0.282783
0.379045
0.457819
0.507005
0.513882
-0.189056
-0.057786
0.0690204
0.182337
0.280046
0.362862
0.430857
0.482535
0.516083
0.535689
0.0494092
0.137481
0.223586
0.30282
0.372274
0.431635
0.480407
0.518563
0.547395
0.567632
0.21975
0.279749
0.343197
0.401562
0.452802
0.497244
0.534813
0.565802
0.590873
0.608628
0.351903
0.395619
0.445389
0.488994
0.529242
0.564961
0.59608
0.622523
0.644393
0.659172
0.460894
0.497062
0.536692
0.572973
0.607047
0.638187
0.66575
0.689305
0.708632
0.720745
0.557837
0.590096
0.62554
0.659413
0.69126
0.720556
0.746455
0.768335
0.785716
0.795521
0.651222
0.684503
0.720652
0.755416
0.787405
0.816285
0.841341
0.862047
0.877792
0.8862
0.754662
0.792501
0.831248
0.868022
0.900511
0.928747
0.952494
0.971743
0.98607
0.994696
0.882591
0.925141
0.964484
1.00065
1.03132
1.05721
1.07894
1.09672
1.11035
1.12061
1.04447
1.08622
1.12016
1.14969
1.17435
1.196
1.21569
1.23321
1.24802
1.26077
1.23502
1.26591
1.28743
1.30666
1.32479
1.34208
1.35835
1.37422
1.39078
1.40774
1.43315
1.44461
1.45573
1.46988
1.4842
1.49707
1.50848
1.51938
1.53232
1.54922
1.61906
1.62898
1.63767
1.64012
1.64098
1.64528
1.65614
1.67213
1.68977
1.69439
1.92013
1.86475
1.81396
1.77372
1.75138
1.74738
1.76087
1.79468
1.85113
1.9267
0.464283
0.405589
0.363107
0.329244
0.30458
0.287012
0.274478
0.265512
0.259347
0.255783
0.255263
0.257978
0.263289
0.271123
0.281968
0.296966
0.317939
0.347006
0.385748
0.433562
0.265843
0.274596
0.280124
0.280943
0.277451
0.27139
0.264932
0.259417
0.255504
0.253732
0.254757
0.258205
0.263362
0.269742
0.276436
0.281655
0.283246
0.279988
0.272613
0.264942
0.24289
0.244921
0.249528
0.253036
0.255542
0.256957
0.256648
0.254874
0.25262
0.250947
0.250812
0.252471
0.255048
0.257551
0.258935
0.258525
0.256613
0.253769
0.249693
0.245297
0.236008
0.236875
0.239363
0.242083
0.244096
0.24545
0.246414
0.246824
0.246613
0.246245
0.246428
0.247327
0.248252
0.248588
0.248168
0.247228
0.245743
0.243442
0.240758
0.238776
0.230398
0.23086
0.232265
0.234301
0.23625
0.237828
0.238958
0.239813
0.240455
0.240903
0.241344
0.241767
0.24189
0.241625
0.241006
0.239918
0.238308
0.236397
0.23469
0.233656
0.225279
0.225565
0.226499
0.228002
0.22966
0.231285
0.232709
0.233848
0.23479
0.235603
0.236219
0.236497
0.236405
0.235962
0.235108
0.233875
0.232437
0.230995
0.229826
0.229184
0.22041
0.220609
0.221319
0.222543
0.223982
0.225472
0.226973
0.228371
0.229571
0.230582
0.231339
0.231658
0.231508
0.230915
0.22997
0.228844
0.227657
0.226494
0.225604
0.225149
0.215739
0.215886
0.216457
0.217517
0.218833
0.220238
0.221705
0.223197
0.224625
0.225874
0.2268
0.227185
0.227003
0.226404
0.225561
0.224589
0.223567
0.222585
0.221876
0.221536
0.211233
0.211344
0.211817
0.212769
0.214022
0.21539
0.216826
0.218327
0.219848
0.221287
0.22242
0.222945
0.222893
0.222452
0.221773
0.220945
0.220039
0.219196
0.218622
0.218362
0.206851
0.206933
0.207331
0.208206
0.209413
0.210757
0.212204
0.213743
0.215356
0.216981
0.218351
0.219097
0.219253
0.219012
0.218495
0.21781
0.217036
0.216313
0.215848
0.215652
0.202572
0.202632
0.202972
0.203808
0.205019
0.206387
0.207908
0.209575
0.211336
0.213138
0.214785
0.215878
0.216311
0.216247
0.215862
0.215295
0.214624
0.213984
0.213605
0.213462
0.198392
0.198429
0.198715
0.199511
0.200715
0.202088
0.203602
0.205307
0.207243
0.209362
0.211384
0.212811
0.213536
0.21379
0.2137
0.213347
0.212814
0.212283
0.211992
0.211901
0.194408
0.194427
0.194662
0.195381
0.196519
0.197879
0.199448
0.20127
0.203372
0.205756
0.208224
0.210179
0.211379
0.211985
0.212175
0.212076
0.21177
0.211423
0.211243
0.211195
0.190478
0.190486
0.190672
0.191297
0.192351
0.193688
0.195306
0.19729
0.199708
0.202575
0.205623
0.20812
0.209775
0.21077
0.211322
0.211541
0.211536
0.21143
0.211381
0.211362
0.186206
0.186223
0.186369
0.1869
0.187864
0.189179
0.190866
0.193016
0.19574
0.199102
0.202852
0.206121
0.208434
0.210004
0.211
0.211644
0.211971
0.212136
0.212214
0.21221
0.18121
0.181221
0.181389
0.181898
0.182875
0.184275
0.186158
0.188658
0.191912
0.196005
0.200653
0.204771
0.207769
0.209882
0.211368
0.212375
0.213019
0.213412
0.213577
0.21358
0.175215
0.175227
0.175426
0.175985
0.177042
0.178615
0.180792
0.183733
0.187642
0.192647
0.198418
0.203622
0.20748
0.210275
0.212266
0.213681
0.214654
0.215242
0.215466
0.215473
0.167934
0.167945
0.16818
0.168863
0.170121
0.172007
0.17465
0.178269
0.183099
0.189299
0.19646
0.202935
0.207788
0.211334
0.213872
0.215693
0.216966
0.217711
0.21799
0.218009
0.159126
0.159134
0.159414
0.160276
0.161867
0.164236
0.167544
0.172069
0.178096
0.185808
0.194696
0.202736
0.208747
0.213099
0.216301
0.21864
0.220208
0.221091
0.221431
0.221463
0.148544
0.148547
0.14888
0.149958
0.152012
0.155047
0.159259
0.164982
0.172549
0.182159
0.19317
0.203093
0.210511
0.215938
0.21988
0.22272
0.224595
0.225656
0.226081
0.226128
0.135815
0.135817
0.136232
0.13758
0.140222
0.144117
0.149532
0.156812
0.166351
0.178348
0.19195
0.204121
0.21322
0.21988
0.224705
0.22814
0.230421
0.231714
0.232243
0.232302
0.120247
0.120249
0.120781
0.122513
0.125903
0.130978
0.13796
0.147304
0.159395
0.174373
0.191112
0.205954
0.217017
0.225127
0.230997
0.235157
0.23793
0.239532
0.240179
0.240243
0.100673
0.100681
0.101409
0.103747
0.108204
0.114921
0.124076
0.136204
0.151609
0.170304
0.190806
0.208763
0.222083
0.231846
0.238923
0.24395
0.247329
0.249288
0.250062
0.250127
0.0753039
0.0753245
0.0763946
0.0797425
0.0859829
0.0951098
0.107411
0.12334
0.143039
0.166297
0.191214
0.212714
0.22857
0.240196
0.248657
0.254715
0.258827
0.261206
0.262115
0.262174
0.0410733
0.0411302
0.0429331
0.0482755
0.0576344
0.0707043
0.0876744
0.108793
0.133929
0.16263
0.192569
0.217981
0.236604
0.250279
0.260304
0.267569
0.272551
0.275414
0.276463
0.276502
-0.00791973
-0.00758782
-0.00351128
0.00642613
0.0217586
0.0412919
0.0650594
0.0929976
0.124751
0.159688
0.195118
0.22468
0.246216
0.262073
0.273823
0.282483
0.288519
0.291974
0.293173
0.293167
-0.0794577
-0.0768796
-0.0651739
-0.04551
-0.0204319
0.00827311
0.0407115
0.076741
0.115993
0.15782
0.199254
0.233406
0.258263
0.276707
0.290612
0.301147
0.308705
0.313179
0.314819
0.314933
-0.155761
-0.148894
-0.128077
-0.0981726
-0.0630599
-0.0249493
0.0162776
0.0605609
0.107635
0.156977
0.205408
0.245318
0.274575
0.29656
0.313445
0.326615
0.336387
0.342302
0.34483
0.345238
-0.219563
-0.212663
-0.185047
-0.14682
-0.103203
-0.0565099
-0.00694083
0.0453285
0.0999991
0.156557
0.211597
0.256782
0.289937
0.314981
0.334333
0.349381
0.360644
0.368065
0.370628
0.370973
-0.271396
-0.264082
-0.232752
-0.188723
-0.138723
-0.0850939
-0.0284171
0.0309648
0.0926136
0.155889
0.217007
0.266883
0.303335
0.330766
0.35188
0.368331
0.380685
0.388835
0.391531
0.392099
-0.314276
-0.306704
-0.273016
-0.224736
-0.1697
-0.110491
-0.0478952
0.0176314
0.0854592
0.154807
0.22141
0.275387
0.314546
0.343833
0.366261
0.383664
0.396634
0.405095
0.408328
0.409029
-0.350885
-0.343164
-0.307859
-0.256409
-0.197189
-0.133318
-0.0656668
0.00520094
0.0785206
0.153322
0.224873
0.28247
0.323902
0.354616
0.377929
0.395858
0.409168
0.417808
0.42137
0.422106
-0.383185
-0.37538
-0.338929
-0.284793
-0.222139
-0.154304
-0.0822401
-0.00664186
0.0716194
0.151408
0.227519
0.288429
0.331866
0.363738
0.387663
0.405844
0.419258
0.427867
0.431572
0.43232
-0.412588
-0.404692
-0.367312
-0.310901
-0.245329
-0.174044
-0.098093
-0.0182469
0.064538
0.148976
0.229406
0.293482
0.338837
0.371767
0.396209
0.41457
0.428038
0.436626
0.440435
0.441211
-0.439945
-0.431966
-0.393744
-0.33541
-0.267317
-0.192994
-0.113583
-0.0298891
0.0570663
0.145894
0.230525
0.297749
0.345013
0.379042
0.404051
0.422664
0.436176
0.444691
0.448476
0.44937
-0.465922
-0.457831
-0.418865
-0.358907
-0.288469
-0.211446
-0.12895
-0.0417656
0.0490504
0.142052
0.230807
0.301252
0.350584
0.385865
0.41156
0.430493
0.444109
0.452586
0.456272
0.457196
-0.490902
-0.482671
-0.442989
-0.381565
-0.309063
-0.22964
-0.144363
-0.0540027
0.0403858
0.137356
0.230219
0.304076
0.35571
0.392422
0.418961
0.438348
0.452152
0.460639
0.464209
0.465028
-0.515159
-0.506765
-0.466386
-0.403599
-0.329271
-0.247702
-0.15992
-0.0666803
0.0310132
0.131777
0.22876
0.306205
0.36037
0.398768
0.426347
0.446334
0.460415
0.468928
0.472389
0.473049
-0.538792
-0.530179
-0.489257
-0.425145
-0.349176
-0.265689
-0.175668
-0.0798212
0.0209166
0.125274
0.226318
0.307521
0.36453
0.404901
0.433745
0.454476
0.468903
0.477429
0.48077
0.48128
-0.561887
-0.553117
-0.511548
-0.446263
-0.36882
-0.283625
-0.191607
-0.0934189
0.0100887
0.117786
0.222795
0.307931
0.368113
0.410791
0.441144
0.462761
0.477577
0.486076
0.489233
0.48961
-0.584475
-0.575544
-0.533297
-0.466952
-0.388197
-0.301481
-0.207694
-0.107439
-0.00146549
0.109304
0.21814
0.307313
0.370972
0.416347
0.44852
0.47118
0.486399
0.494794
0.497684
0.497916
-0.606556
-0.597441
-0.554534
-0.487199
-0.40727
-0.319214
-0.223889
-0.121827
-0.0136726
0.0998774
0.21231
0.305525
0.372933
0.421439
0.45585
0.479754
0.495319
0.503466
0.505997
0.506077
-0.628049
-0.618765
-0.575198
-0.506966
-0.425985
-0.336767
-0.240104
-0.136489
-0.0264415
0.0895448
0.205269
0.302443
0.373785
0.425872
0.463088
0.488595
0.504418
0.511993
0.51398
0.513896
-0.648912
-0.639444
-0.595243
-0.526206
-0.444291
-0.354061
-0.25626
-0.151329
-0.0396876
0.0783908
0.197027
0.297954
0.3733
0.429358
0.470102
0.497917
0.514056
0.52048
0.52147
0.521174
-0.669112
-0.659461
-0.614645
-0.544867
-0.462132
-0.371019
-0.272265
-0.166246
-0.0533027
0.066509
0.187648
0.291984
0.371252
0.431504
0.476542
0.507876
0.525089
0.529741
0.528602
0.527756
-0.688596
-0.678759
-0.633366
-0.562904
-0.479439
-0.387586
-0.288035
-0.181145
-0.0671631
0.0540259
0.177203
0.284491
0.367466
0.431834
0.48169
0.518122
0.538545
0.54238
0.537592
0.534468
-0.707382
-0.697377
-0.651396
-0.580317
-0.496238
-0.403782
-0.303596
-0.196059
-0.0812996
0.0409047
0.165632
0.275275
0.361676
0.429838
0.484399
0.527289
0.554161
0.56197
0.55529
0.537506
-0.725499
-0.715292
-0.668853
-0.597273
-0.512758
-0.419921
-0.319322
-0.211454
-0.0962702
0.0264904
0.15223
0.263566
0.353033
0.424719
0.482581
0.531668
0.566162
0.573973
0.571483
0.524425
-0.743222
-0.73211
-0.685677
-0.61364
-0.528901
-0.435904
-0.335034
-0.227104
-0.11183
0.0110298
0.137149
0.249376
0.340972
0.416077
0.474009
0.522997
0.558343
0.569738
0.519792
0.453956
-0.7615
-0.746897
-0.701688
-0.629342
-0.544959
-0.451909
-0.350978
-0.242998
-0.127981
-0.00547241
0.120309
0.232558
0.324508
0.404149
0.458542
0.488906
0.517973
0.499053
0.433415
0.363237
-0.779382
-0.781904
-0.720822
-0.641999
-0.558141
-0.465217
-0.366577
-0.2585
-0.144017
-0.0222634
0.102331
0.213497
0.303653
0.391344
0.421965
0.41195
0.429811
0.378284
0.305283
0.230409
-0.754965
-0.753927
-0.696749
-0.61926
-0.53071
-0.434337
-0.331146
-0.22075
-0.103805
0.0205146
0.138149
0.235674
0.315168
0.400308
0.432419
0.335707
0.254888
0.190728
0.115853
-0.0398746
-0.795141
-0.769451
-0.709558
-0.631356
-0.542966
-0.447005
-0.344464
-0.23486
-0.119125
0.00323622
0.117744
0.211582
0.283968
0.339638
0.316136
0.191064
0.067054
-0.0171361
-0.105134
-0.282692
-0.818866
-0.788357
-0.727791
-0.649653
-0.561441
-0.465781
-0.363223
-0.254567
-0.140397
-0.0206346
0.0900572
0.178677
0.242303
0.266621
0.192109
0.0205311
-0.127489
-0.236782
-0.358703
-0.612548
-0.841905
-0.808987
-0.747335
-0.668547
-0.580283
-0.484764
-0.382674
-0.275114
-0.162724
-0.0459285
0.0601668
0.142566
0.194558
0.185517
0.0472758
-0.154469
-0.342107
-0.497784
-0.673424
-1.09001
-0.863766
-0.830099
-0.767478
-0.68791
-0.5995
-0.504185
-0.402816
-0.296455
-0.186027
-0.0725216
0.0283373
0.103937
0.140062
0.0959067
-0.0943003
-0.32133
-0.557574
-0.768046
-1.03783
-1.73116
-0.885234
-0.851681
-0.78844
-0.708319
-0.619739
-0.524653
-0.423984
-0.318894
-0.210608
-0.100673
-0.00541803
0.0624789
0.0813059
-0.00497648
-0.225093
-0.462099
-0.707726
-0.940628
-1.14221
-1.94584
-0.907403
-0.873947
-0.810429
-0.72999
-0.641285
-0.546396
-0.446392
-0.34259
-0.236561
-0.130403
-0.0409614
0.0180681
0.016979
-0.121224
-0.337215
-0.565039
-0.780117
-0.930406
-0.962931
-1.01855
-0.930667
-0.897379
-0.833712
-0.753189
-0.664514
-0.56997
-0.47079
-0.368538
-0.265155
-0.163377
-0.0802474
-0.0316462
-0.058534
-0.230565
-0.437819
-0.640018
-0.80532
-0.885226
-0.903481
-0.912504
-0.955346
-0.922063
-0.858354
-0.777853
-0.689355
-0.595313
-0.497191
-0.396779
-0.29643
-0.199637
-0.123255
-0.087749
-0.136006
-0.332192
-0.530059
-0.708978
-0.839312
-0.873328
-0.877223
-0.877421
-0.98148
-0.948078
-0.884363
-0.803915
-0.715715
-0.622364
-0.525514
-0.427228
-0.330329
-0.23906
-0.170183
-0.14817
-0.218245
-0.427272
-0.615063
-0.773905
-0.841307
-0.857745
-0.860876
-0.86076
-1.00891
-0.975358
-0.911656
-0.831304
-0.743512
-0.651009
-0.555642
-0.459774
-0.366714
-0.281441
-0.220847
-0.209364
-0.319062
-0.516069
-0.689751
-0.818097
-0.856778
-0.851464
-0.850964
-0.850518
-1.03713
-1.00346
-0.93996
-0.859798
-0.772534
-0.681046
-0.587376
-0.494211
-0.405329
-0.326497
-0.274307
-0.280547
-0.41966
-0.602337
-0.752473
-0.833978
-0.841158
-0.845825
-0.846504
-0.846533
-1.06579
-1.03217
-0.968866
-0.889045
-0.802445
-0.712134
-0.620357
-0.530141
-0.44573
-0.373751
-0.329645
-0.354722
-0.518576
-0.686376
-0.810848
-0.837153
-0.849664
-0.847676
-0.844463
-0.8437
-1.09397
-1.06088
-0.997757
-0.918514
-0.83272
-0.743751
-0.654056
-0.566965
-0.48727
-0.422315
-0.38686
-0.428168
-0.619828
-0.78202
-0.855785
-0.880479
-0.872197
-0.863455
-0.859422
-0.856888
-1.12094
-1.08845
-1.02605
-0.947465
-0.862648
-0.775188
-0.687724
-0.603837
-0.528977
-0.471008
-0.445421
-0.502751
-0.718836
-0.912281
-0.946453
-0.913299
-0.927403
-0.927998
-0.923584
-0.919355
-1.1453
-1.11379
-1.05249
-0.974952
-0.891312
-0.805519
-0.720356
-0.639681
-0.569452
-0.518527
-0.501623
-0.575274
-0.806925
-1.09453
-1.2999
-1.19176
-1.10993
-1.08038
-1.06623
-1.05629
-1.16563
-1.13569
-1.07566
-0.999755
-0.91761
-0.833579
-0.750694
-0.673105
-0.606892
-0.562927
-0.5521
-0.638973
-0.861241
-1.13118
-1.63564
-1.37683
-1.28626
-1.26815
-1.24576
-1.23471
-1.18031
-1.15239
-1.09441
-1.02045
-0.940166
-0.858072
-0.777321
-0.702302
-0.639487
-0.600781
-0.596293
-0.682588
-0.822467
-0.686118
-0.360996
-0.738018
-1.16298
-1.26133
-1.26458
-1.26461
-1.18773
-1.16219
-1.10722
-1.03571
-0.957543
-0.877487
-0.798647
-0.725369
-0.664945
-0.628078
-0.637345
-0.735068
-0.867494
-0.723419
-0.556528
-0.932558
-1.26167
-1.31842
-1.28725
-1.31222
-1.18624
-1.16401
-1.11285
-1.0442
-0.968483
-0.89042
-0.813058
-0.740424
-0.679747
-0.643928
-0.657439
-0.835785
-1.32289
-2.13032
-2.8427
-3.33049
-3.13456
-2.65935
-2.20096
-2.04977
-1.1732
-1.15586
-1.11042
-1.04504
-0.972092
-0.895887
-0.819195
-0.745862
-0.681636
-0.639705
-0.649216
-0.86561
-1.58103
-2.65229
-3.51968
-3.88413
-3.76459
-3.39392
-2.99684
-2.82515
-1.14962
-1.13682
-1.09887
-1.03825
-0.968168
-0.89355
-0.816633
-0.740437
-0.669894
-0.611238
-0.595577
-0.676618
-1.0626
-1.47912
-1.80405
-1.78621
-1.52542
-1.19986
-0.928286
-0.773733
-1.1179
-1.10921
-1.07976
-1.02489
-0.957564
-0.88416
-0.806156
-0.725522
-0.644171
-0.563743
-0.482872
-0.369842
-0.248398
0.0820426
0.542488
1.02439
1.46064
1.74915
1.89296
1.94511
-1.08157
-1.07624
-1.05503
-1.00755
-0.942803
-0.869871
-0.790172
-0.70491
-0.612041
-0.510888
-0.389909
-0.2614
0.0469271
0.660438
1.35969
1.98094
2.416
2.66432
2.77161
2.79775
-1.04494
-1.04208
-1.02828
-0.988558
-0.927057
-0.853889
-0.772777
-0.683861
-0.587733
-0.476568
-0.360155
-0.231964
-0.0420736
0.480709
1.07799
1.59212
1.9607
2.17491
2.27672
2.30896
-1.0111
-1.00995
-1.00393
-0.97286
-0.913336
-0.838571
-0.756422
-0.668105
-0.57277
-0.466726
-0.365496
-0.26822
-0.162101
0.160415
0.58901
0.936232
1.1878
1.33692
1.41278
1.44316
-0.985772
-0.986376
-0.984462
-0.95741
-0.896957
-0.820577
-0.73972
-0.655275
-0.565626
-0.469146
-0.380794
-0.310037
-0.256176
-0.0511028
0.250043
0.500738
0.68694
0.798467
0.85019
0.863718
-0.946344
-0.94944
-0.949121
-0.923789
-0.864502
-0.791654
-0.716459
-0.639973
-0.559633
-0.473927
-0.39641
-0.344431
-0.304841
-0.180317
0.0210567
0.188992
0.309599
0.380659
0.413839
0.422711
-0.859062
-0.861958
-0.861152
-0.842069
-0.797795
-0.741723
-0.681814
-0.618842
-0.550716
-0.475937
-0.407163
-0.36016
-0.324624
-0.237516
-0.102762
0.00120309
0.0726904
0.114129
0.13209
0.134893
-0.742801
-0.743673
-0.742669
-0.73319
-0.710897
-0.678669
-0.639263
-0.593183
-0.539311
-0.476213
-0.413635
-0.363822
-0.319753
-0.263733
-0.182998
-0.118299
-0.0737913
-0.0486181
-0.0384449
-0.0380636
-0.647273
-0.647183
-0.646974
-0.644696
-0.637228
-0.622906
-0.600658
-0.569538
-0.528358
-0.475385
-0.419192
-0.367309
-0.319269
-0.276201
-0.237364
-0.198593
-0.169473
-0.150044
-0.141053
-0.141596
-0.591693
-0.591438
-0.591755
-0.592688
-0.591249
-0.585279
-0.572901
-0.551529
-0.519444
-0.476315
-0.428736
-0.385439
-0.342162
-0.318439
-0.290992
-0.261236
-0.236713
-0.220376
-0.213061
-0.214259
-0.568567
-0.568274
-0.568374
-0.569333
-0.569242
-0.566064
-0.557919
-0.542096
-0.516141
-0.47864
-0.439525
-0.413024
-0.398762
-0.38379
-0.360382
-0.326019
-0.296815
-0.278827
-0.271498
-0.273446
-0.568228
-0.567678
-0.567185
-0.567265
-0.566641
-0.563632
-0.556616
-0.543
-0.519028
-0.48335
-0.447323
-0.432884
-0.448757
-0.458149
-0.419536
-0.380015
-0.35128
-0.336502
-0.330453
-0.33125
-0.587018
-0.586213
-0.585247
-0.584488
-0.582892
-0.579077
-0.571751
-0.558463
-0.534072
-0.494419
-0.451981
-0.430196
-0.444219
-0.449813
-0.421766
-0.390248
-0.371602
-0.363325
-0.360479
-0.360971
-0.623387
-0.622434
-0.621226
-0.62006
-0.618071
-0.614309
-0.607768
-0.595961
-0.571788
-0.527149
-0.468836
-0.417819
-0.404478
-0.409326
-0.3944
-0.375159
-0.359916
-0.35088
-0.349206
-0.350379
-0.674828
-0.673963
-0.6731
-0.672374
-0.671612
-0.670781
-0.669641
-0.666135
-0.653075
-0.614974
-0.53792
-0.444652
-0.398132
-0.393538
-0.380077
-0.356244
-0.332817
-0.316053
-0.31211
-0.31381
-0.737504
-0.737052
-0.737149
-0.738251
-0.741437
-0.748479
-0.761518
-0.782316
-0.808306
-0.811497
-0.719962
-0.572561
-0.48369
-0.457022
-0.418025
-0.363441
-0.311491
-0.283098
-0.281445
-0.283609
-0.80261
-0.803072
-0.805075
-0.809838
-0.820418
-0.841558
-0.880771
-0.950147
-1.05867
-1.1531
-1.04805
-0.819708
-0.66884
-0.598404
-0.511469
-0.410119
-0.327257
-0.288407
-0.293419
-0.295734
-0.855827
-0.857592
-0.862163
-0.871966
-0.892484
-0.932398
-1.00769
-1.14797
-1.382
-1.61937
-1.50996
-1.16117
-0.934949
-0.806019
-0.656885
-0.505449
-0.402568
-0.367501
-0.371958
-0.378494
-0.878668
-0.881745
-0.888698
-0.90322
-0.933153
-0.990988
-1.10142
-1.31258
-1.67337
-2.05378
-1.97625
-1.5048
-1.20025
-1.03369
-0.852776
-0.706828
-0.617294
-0.60318
-0.602671
-0.607201
-0.854765
-0.858436
-0.866529
-0.883641
-0.918708
-0.986123
-1.11468
-1.36106
-1.79147
-2.24895
-2.22584
-1.72398
-1.41456
-1.23526
-1.07616
-0.983658
-0.933953
-0.9145
-0.906028
-0.905893
-0.777707
-0.781237
-0.78893
-0.805183
-0.838574
-0.902904
-1.02625
-1.26381
-1.66839
-2.07613
-2.06552
-1.68843
-1.44841
-1.32398
-1.27601
-1.23544
-1.1967
-1.16993
-1.15431
-1.14976
-0.656507
-0.659179
-0.664878
-0.677281
-0.703356
-0.754072
-0.851678
-1.04028
-1.36053
-1.65274
-1.62488
-1.42987
-1.33364
-1.29375
-1.34422
-1.35549
-1.3043
-1.26973
-1.25032
-1.24306
-0.51208
-0.513387
-0.516316
-0.523505
-0.539648
-0.571942
-0.634891
-0.758258
-0.97853
-1.19162
-1.19393
-1.1226
-1.06803
-1.09781
-1.21955
-1.24888
-1.20316
-1.17188
-1.15526
-1.14753
-0.367732
-0.367818
-0.368335
-0.370754
-0.377666
-0.392697
-0.423126
-0.484715
-0.605738
-0.754811
-0.782218
-0.749664
-0.703388
-0.771765
-0.906774
-0.942427
-0.928268
-0.915976
-0.909055
-0.905286
-0.242165
-0.241465
-0.240477
-0.239758
-0.240298
-0.243068
-0.250101
-0.265999
-0.301638
-0.360542
-0.379743
-0.357759
-0.370146
-0.467411
-0.581305
-0.612367
-0.617178
-0.618988
-0.620341
-0.619999
-0.145072
-0.144077
-0.14255
-0.140576
-0.138124
-0.13472
-0.129747
-0.122071
-0.109375
-0.0852412
-0.0826753
-0.0956496
-0.1839
-0.274884
-0.33435
-0.358073
-0.368297
-0.374614
-0.378854
-0.380018
-0.077519
-0.0765902
-0.0752119
-0.0733581
-0.0705177
-0.0657435
-0.0578177
-0.0447494
-0.0236547
0.00611067
0.0197177
-0.014074
-0.0852421
-0.143182
-0.176469
-0.192774
-0.201662
-0.207117
-0.21095
-0.212236
-0.0349285
-0.0342539
-0.0333537
-0.0322844
-0.0304216
-0.0268437
-0.0206276
-0.0104935
0.0048367
0.0234329
0.0287123
0.00551139
-0.0338222
-0.0656812
-0.0851141
-0.0946043
-0.0991812
-0.102142
-0.104469
-0.105337
-0.0104594
-0.0103009
-0.00988688
-0.00967672
-0.00924245
-0.00815898
-0.00598862
-0.00231361
0.0033558
0.0107472
0.0155238
0.0109512
-0.00271692
-0.0172662
-0.0274067
-0.0324964
-0.0344945
-0.0353749
-0.0362902
-0.0371304
-1.2756
-0.664665
-0.31787
-0.0774991
0.108327
0.253064
0.371885
0.474968
0.592154
0.58551
-0.411498
-0.240143
-0.0568784
0.0985018
0.227324
0.333132
0.420818
0.487519
0.515811
0.519941
-0.10537
0.00710785
0.127746
0.2331
0.323292
0.398745
0.458932
0.501389
0.527896
0.544481
0.10491
0.181626
0.264452
0.338803
0.403249
0.457364
0.500775
0.533966
0.559468
0.577775
0.259815
0.315383
0.373343
0.428046
0.47588
0.516875
0.551102
0.578995
0.601798
0.619923
0.382198
0.422952
0.467404
0.509681
0.547676
0.581089
0.609903
0.633962
0.653792
0.671462
0.485169
0.51742
0.555101
0.590332
0.623033
0.652443
0.678065
0.699461
0.716624
0.733952
0.578093
0.60785
0.642727
0.675608
0.706283
0.733968
0.757938
0.777586
0.792353
0.809487
0.67063
0.702401
0.738367
0.77176
0.802279
0.829324
0.852271
0.870563
0.883367
0.900646
0.775579
0.811657
0.850148
0.884786
0.915178
0.941193
0.962698
0.979517
0.99125
1.00912
0.90566
0.944829
0.983255
1.01663
1.04481
1.06857
1.08834
1.10398
1.1159
1.13418
1.06702
1.10363
1.13564
1.1625
1.18546
1.20608
1.22478
1.24089
1.25466
1.27256
1.25188
1.27719
1.29724
1.31583
1.33355
1.35036
1.36628
1.38233
1.39949
1.41865
1.43886
1.4498
1.46258
1.47718
1.49083
1.50295
1.51391
1.5253
1.54073
1.56018
1.62082
1.63434
1.63942
1.64043
1.64241
1.64984
1.6636
1.68124
1.695
1.70635
1.88977
1.83922
1.79178
1.76022
1.74723
1.75179
1.77503
1.82011
1.88682
1.98094
0.320908
0.317896
0.311833
0.300901
0.288402
0.277077
0.267994
0.261194
0.256657
0.254647
0.255735
0.259582
0.265629
0.273824
0.284257
0.296525
0.308843
0.317531
0.322037
0.324191
0.249217
0.255867
0.261117
0.26473
0.265836
0.264188
0.260711
0.256875
0.253817
0.252386
0.253317
0.256208
0.260173
0.264301
0.267256
0.26773
0.265368
0.260954
0.254638
0.248808
0.239135
0.242098
0.245463
0.247954
0.249712
0.250884
0.251086
0.250294
0.24915
0.248565
0.249264
0.250847
0.252377
0.253051
0.252546
0.251222
0.249264
0.24635
0.242991
0.240701
0.233118
0.234544
0.236766
0.239048
0.240775
0.241965
0.242831
0.243365
0.243549
0.243719
0.244226
0.244802
0.244986
0.24465
0.243916
0.242684
0.240796
0.23851
0.236725
0.235641
0.227796
0.228619
0.230105
0.231908
0.233671
0.235158
0.236281
0.23717
0.237909
0.238516
0.238964
0.239115
0.238923
0.238392
0.237425
0.236015
0.234383
0.232774
0.231712
0.23105
0.222822
0.223381
0.224495
0.225953
0.227507
0.229042
0.23044
0.231612
0.232602
0.233435
0.233934
0.234004
0.233681
0.232946
0.231863
0.230604
0.229287
0.228094
0.227353
0.226893
0.218046
0.218463
0.21938
0.220668
0.222073
0.223542
0.225031
0.22644
0.227672
0.228685
0.229299
0.229378
0.228964
0.228174
0.227179
0.226095
0.224987
0.22402
0.223454
0.223113
0.213473
0.213797
0.21457
0.215736
0.21707
0.218485
0.219959
0.221456
0.222885
0.224116
0.224875
0.225012
0.22466
0.223997
0.223155
0.222217
0.221263
0.220471
0.220029
0.219768
0.209027
0.209282
0.209961
0.21106
0.212364
0.213756
0.215226
0.216774
0.218351
0.219813
0.220765
0.221056
0.220876
0.220391
0.219709
0.218902
0.218065
0.217394
0.217044
0.216845
0.204706
0.204906
0.20551
0.206563
0.207845
0.209262
0.210804
0.212434
0.214115
0.215766
0.21701
0.217609
0.217676
0.217354
0.216794
0.216123
0.215403
0.214842
0.214571
0.214419
0.200464
0.200616
0.201171
0.202227
0.203539
0.204993
0.206599
0.208393
0.210335
0.212303
0.213878
0.21474
0.215015
0.214898
0.214518
0.213964
0.213329
0.212848
0.212646
0.212538
0.196377
0.196484
0.196975
0.197975
0.199254
0.200693
0.202313
0.204166
0.206274
0.208587
0.210596
0.211907
0.212601
0.212845
0.212741
0.212405
0.211952
0.211602
0.211473
0.211405
0.192448
0.192527
0.192949
0.193871
0.195113
0.196588
0.198337
0.200436
0.202888
0.205654
0.208199
0.209981
0.211034
0.211562
0.211739
0.211673
0.211453
0.211267
0.211208
0.211164
0.188416
0.188472
0.188817
0.189621
0.19078
0.192234
0.194061
0.196348
0.199171
0.202513
0.205725
0.208114
0.209739
0.210754
0.2113
0.211606
0.21171
0.211737
0.211747
0.211707
0.183813
0.183877
0.184187
0.184927
0.186087
0.187623
0.189646
0.192276
0.195605
0.199667
0.203705
0.206846
0.209047
0.210541
0.211569
0.212217
0.212608
0.212815
0.21287
0.212826
0.17836
0.17843
0.178764
0.179531
0.18077
0.182486
0.184815
0.187921
0.191957
0.196957
0.202
0.205999
0.208894
0.210955
0.212394
0.2134
0.214069
0.214415
0.214498
0.214446
0.17175
0.171831
0.172235
0.173117
0.174524
0.176535
0.179324
0.183096
0.188031
0.194208
0.200509
0.205551
0.20925
0.211924
0.213841
0.215217
0.216138
0.216591
0.216696
0.216637
0.163722
0.163815
0.164317
0.165413
0.167148
0.16963
0.17309
0.177784
0.183925
0.191594
0.199412
0.205689
0.210312
0.213677
0.216038
0.217796
0.218965
0.219514
0.219654
0.219592
0.154061
0.154168
0.154794
0.156193
0.158393
0.161533
0.165902
0.171781
0.179446
0.18898
0.198661
0.206422
0.212149
0.2163
0.219344
0.221498
0.222858
0.223511
0.223692
0.223621
0.142442
0.142569
0.143351
0.145133
0.147967
0.15201
0.157573
0.165009
0.174612
0.186449
0.198386
0.207939
0.214985
0.220105
0.22383
0.226391
0.228038
0.22885
0.229083
0.229004
0.128374
0.128548
0.129569
0.131827
0.13548
0.140687
0.147823
0.157273
0.169331
0.184012
0.198665
0.210326
0.218932
0.225203
0.229711
0.232843
0.234833
0.23584
0.236125
0.23603
0.110917
0.11118
0.112555
0.11548
0.120218
0.127039
0.136277
0.148378
0.163577
0.181752
0.199634
0.213764
0.224186
0.231773
0.237224
0.241024
0.243458
0.244685
0.245019
0.244901
0.0886393
0.0890738
0.091038
0.0950102
0.101329
0.110408
0.122595
0.138233
0.157408
0.179811
0.201463
0.218413
0.230885
0.239981
0.246535
0.25114
0.254117
0.255601
0.255984
0.255836
0.0591775
0.0599575
0.0629672
0.0687156
0.0776937
0.0902228
0.106572
0.126884
0.151011
0.178415
0.204351
0.224438
0.239187
0.249978
0.257809
0.263371
0.266976
0.268741
0.26917
0.268985
0.0183837
0.0199729
0.0252687
0.0345557
0.0481431
0.0660701
0.0882814
0.114636
0.144741
0.177857
0.208494
0.231951
0.249146
0.261799
0.271086
0.277786
0.282133
0.284192
0.284645
0.28442
-0.0414171
-0.0365549
-0.0255168
-0.00922157
0.0123644
0.0383595
0.0683913
0.102145
0.139102
0.178448
0.214021
0.240959
0.260685
0.275301
0.286184
0.294153
0.299385
0.30178
0.302243
0.301987
-0.113014
-0.104442
-0.0842063
-0.0573072
-0.0257314
0.00938636
0.0478926
0.0896032
0.134068
0.180577
0.222249
0.253848
0.277219
0.294796
0.308119
0.31808
0.324725
0.327554
0.327991
0.327975
-0.184906
-0.170151
-0.140829
-0.103927
-0.0628903
-0.0188064
0.0281578
0.0778558
0.129902
0.183659
0.231559
0.267922
0.294999
0.315664
0.331666
0.343928
0.351654
0.354908
0.356087
0.356251
-0.243269
-0.224858
-0.189896
-0.145677
-0.0969672
-0.045091
0.00956333
0.0667178
0.125927
0.18652
0.240141
0.280708
0.310906
0.333949
0.351788
0.365373
0.374348
0.378783
0.380423
0.380665
-0.290955
-0.270577
-0.231344
-0.181739
-0.127055
-0.0688382
-0.00761619
0.0561614
0.121869
0.188708
0.247474
0.291649
0.324334
0.349166
0.368364
0.383032
0.39305
0.398073
0.399957
0.400187
-0.330902
-0.309481
-0.267088
-0.213225
-0.153652
-0.0901666
-0.023349
0.0462076
0.117726
0.190187
0.253525
0.300781
0.335471
0.361635
0.381733
0.397065
0.407627
0.413146
0.415094
0.415318
-0.365615
-0.343498
-0.298593
-0.241288
-0.17768
-0.109684
-0.0379845
0.0366974
0.113438
0.191019
0.258495
0.308454
0.344799
0.371933
0.39257
0.40819
0.418978
0.424701
0.426714
0.426892
-0.396643
-0.374048
-0.327138
-0.266924
-0.199876
-0.127958
-0.0519464
0.0273466
0.108871
0.191213
0.262574
0.315036
0.352853
0.380779
0.401772
0.41749
0.428342
0.434111
0.436088
0.436295
-0.425137
-0.402184
-0.353579
-0.290882
-0.22085
-0.145479
-0.0656079
0.0178877
0.103857
0.190715
0.265849
0.320785
0.360022
0.388707
0.410061
0.425916
0.436795
0.442676
0.444529
0.444611
-0.451965
-0.428573
-0.378515
-0.313692
-0.240997
-0.162565
-0.0792273
0.00811015
0.0982372
0.189449
0.268321
0.325773
0.366543
0.396095
0.417879
0.433907
0.444809
0.450697
0.452486
0.45247
-0.477567
-0.453726
-0.402451
-0.335679
-0.260613
-0.179452
-0.0929888
-0.00212826
0.0919001
0.187317
0.269982
0.330143
0.372647
0.403215
0.425548
0.441839
0.452829
0.458644
0.460421
0.460375
-0.502287
-0.477989
-0.425629
-0.357067
-0.279907
-0.196298
-0.107002
-0.0129164
0.0847616
0.18429
0.270871
0.333964
0.378408
0.410196
0.433245
0.449917
0.46105
0.46679
0.468504
0.468424
-0.526331
-0.50159
-0.448183
-0.378016
-0.298979
-0.213173
-0.121333
-0.0242979
0.0768011
0.180329
0.270901
0.337159
0.383838
0.417085
0.441026
0.458191
0.469505
0.475181
0.476765
0.476669
-0.549821
-0.524594
-0.470202
-0.398597
-0.317881
-0.23012
-0.135993
-0.0362772
0.0679949
0.17534
0.269949
0.339649
0.3889
0.423882
0.448898
0.466653
0.478158
0.483729
0.485158
0.485013
-0.57278
-0.547052
-0.491712
-0.41883
-0.336621
-0.247115
-0.150954
-0.0488438
0.058313
0.169266
0.267933
0.341321
0.393496
0.430544
0.456848
0.475278
0.486962
0.492379
0.493612
0.493388
-0.595178
-0.56899
-0.512732
-0.4387
-0.355162
-0.264122
-0.166178
-0.0619537
0.0477883
0.162109
0.264751
0.342014
0.397493
0.437013
0.464877
0.484048
0.49581
0.500961
0.501964
0.501674
-0.617027
-0.590376
-0.533246
-0.458168
-0.373455
-0.281085
-0.18159
-0.0755301
0.0365033
0.15387
0.260317
0.341559
0.400686
0.443187
0.473017
0.493013
0.504661
0.50934
0.510058
0.509707
-0.638235
-0.611134
-0.553201
-0.477194
-0.391448
-0.297918
-0.1971
-0.089473
0.0245314
0.144574
0.254566
0.339776
0.402834
0.448881
0.48132
0.502398
0.513603
0.517391
0.517696
0.517309
-0.658824
-0.631215
-0.572566
-0.495715
-0.409066
-0.314548
-0.212611
-0.103676
0.0119602
0.134301
0.247465
0.336508
0.403638
0.453773
0.489754
0.512668
0.5232
0.525223
0.524701
0.524327
-0.678667
-0.650619
-0.591289
-0.51368
-0.426251
-0.330894
-0.228043
-0.118053
-0.00108151
0.123154
0.239027
0.331632
0.402779
0.457331
0.497956
0.524297
0.534921
0.534108
0.531199
0.530356
-0.697863
-0.669317
-0.609325
-0.531032
-0.442929
-0.346874
-0.243274
-0.132463
-0.0144555
0.111254
0.229314
0.325058
0.399987
0.458819
0.504916
0.536903
0.550652
0.548661
0.539566
0.521322
-0.716324
-0.68731
-0.626816
-0.54797
-0.459392
-0.362818
-0.258723
-0.147377
-0.0286994
0.0980304
0.217714
0.316085
0.394696
0.457228
0.508807
0.548436
0.569338
0.570439
0.553984
0.565773
-0.734188
-0.70459
-0.643709
-0.564436
-0.475588
-0.378662
-0.274377
-0.162759
-0.0438042
0.0834166
0.204087
0.304197
0.386319
0.451419
0.505241
0.550129
0.574959
0.574983
0.51411
0.491664
-0.752029
-0.721724
-0.659756
-0.580021
-0.491042
-0.393974
-0.290036
-0.17835
-0.0594761
0.0676444
0.188528
0.28916
0.374269
0.441198
0.489162
0.532266
0.548404
0.517777
0.445646
0.400404
-0.77048
-0.739452
-0.674517
-0.594427
-0.505367
-0.408619
-0.30534
-0.19398
-0.0756209
0.0507636
0.170981
0.270987
0.357022
0.427687
0.472172
0.480062
0.466681
0.409504
0.334176
0.287507
-0.373216
-0.265371
-0.151205
-0.0299838
0.093532
0.203348
0.291413
0.143031
-0.79009
-0.77102
-0.733819
-0.666445
-0.582682
-0.49064
-0.390944
-0.284296
-0.171201
-0.05159
0.0701186
0.17815
0.264045
0.33574
0.386913
0.356878
0.21111
0.120696
0.0499324
-0.806799
-0.793926
-0.750284
-0.68118
-0.597222
-0.505266
-0.406188
-0.300198
-0.188231
-0.0704088
0.0484569
0.152373
0.232724
0.289526
0.290215
0.187082
0.0340154
-0.0788426
-0.173062
-0.829014
-0.816427
-0.769921
-0.699731
-0.615652
-0.523629
-0.424602
-0.319149
-0.208378
-0.0925503
0.0227414
0.121272
0.194001
0.233668
0.19074
0.0251706
-0.154757
-0.300443
-0.428055
-0.851266
-0.838422
-0.790477
-0.719145
-0.634702
-0.542717
-0.444045
-0.339478
-0.230161
-0.116721
-0.00539234
0.0873063
0.151773
0.169416
0.0810554
-0.131415
-0.349111
-0.549392
-0.740982
-0.872549
-0.860269
-0.811575
-0.739249
-0.654422
-0.562468
-0.464274
-0.360712
-0.253007
-0.142255
-0.0352821
0.0509459
0.106209
0.0885681
-0.0519144
-0.276411
-0.520437
-0.758824
-0.975414
-0.894075
-0.882237
-0.83339
-0.760425
-0.675298
-0.58333
-0.485545
-0.382919
-0.276866
-0.168908
-0.066447
0.0129031
0.0570725
0.00747263
-0.174433
-0.397484
-0.636248
-0.866746
-1.00927
-1.05384
-0.916715
-0.905124
-0.85621
-0.782941
-0.697699
-0.605808
-0.508496
-0.406914
-0.30273
-0.197935
-0.100475
-0.0287286
0.00132452
-0.0692432
-0.286515
-0.498358
-0.703404
-0.86505
-0.915182
-0.943898
-0.940486
-0.929235
-0.88026
-0.806877
-0.721663
-0.630019
-0.533346
-0.433055
-0.33107
-0.229933
-0.138094
-0.0745011
-0.059702
-0.167025
-0.385914
-0.584408
-0.757187
-0.859431
-0.891331
-0.892063
-0.965729
-0.954627
-0.905623
-0.832201
-0.74712
-0.655869
-0.560045
-0.461295
-0.361851
-0.264844
-0.179314
-0.123932
-0.135374
-0.273321
-0.478183
-0.66375
-0.809598
-0.85974
-0.865545
-0.867681
-0.992342
-0.981253
-0.932339
-0.858861
-0.774002
-0.683284
-0.588506
-0.491538
-0.394977
-0.302548
-0.223961
-0.176921
-0.2158
-0.374876
-0.563918
-0.736992
-0.834817
-0.857124
-0.85497
-0.854836
-1.02009
-1.00893
-0.960235
-0.886713
-0.802158
-0.712127
-0.61857
-0.523636
-0.430289
-0.342889
-0.271567
-0.234753
-0.292727
-0.472703
-0.642605
-0.790895
-0.82694
-0.840494
-0.84677
-0.847736
-1.0484
-1.0373
-0.988802
-0.915474
-0.831329
-0.742124
-0.649976
-0.557305
-0.467465
-0.385467
-0.321751
-0.29551
-0.368999
-0.565027
-0.719648
-0.823147
-0.872846
-0.852871
-0.84618
-0.845055
-1.07663
-1.06576
-1.01757
-0.944669
-0.86108
-0.772841
-0.682292
-0.592081
-0.506009
-0.429638
-0.373962
-0.35521
-0.458407
-0.661082
-0.793023
-0.846764
-0.853396
-0.854149
-0.850089
-0.84763
-1.10387
-1.09352
-1.04603
-0.973604
-0.890788
-0.803679
-0.714896
-0.627305
-0.545134
-0.474539
-0.427123
-0.41788
-0.554418
-0.766462
-0.887466
-0.85886
-0.885107
-0.888521
-0.883997
-0.880525
-1.1294
-1.11931
-1.07324
-1.00147
-0.919623
-0.833811
-0.746945
-0.662074
-0.583754
-0.519051
-0.47963
-0.48466
-0.642999
-0.886038
-1.07949
-1.03133
-1.0103
-0.993997
-0.98628
-0.98022
-1.15167
-1.1421
-1.09747
-1.02718
-0.946536
-0.862247
-0.777352
-0.695203
-0.620526
-0.561469
-0.529617
-0.546527
-0.72259
-0.971911
-1.39711
-1.55071
-1.29101
-1.20617
-1.18262
-1.16035
-1.16894
-1.16006
-1.11765
-1.04922
-0.970316
-0.887749
-0.80486
-0.725198
-0.653895
-0.599232
-0.575074
-0.593859
-0.772704
-0.913666
-1.00649
-1.16883
-1.19892
-1.27153
-1.26728
-1.26385
-1.17975
-1.17188
-1.13227
-1.06636
-0.989478
-0.908898
-0.828024
-0.7504
-0.681715
-0.629915
-0.612993
-0.626026
-0.789939
-0.727229
-0.259016
-0.323
-0.862809
-1.22229
-1.26375
-1.27719
-1.18228
-1.17587
-1.1399
-1.07718
-1.0027
-0.924254
-0.845272
-0.769165
-0.701391
-0.651674
-0.635749
-0.670936
-0.922539
-1.20622
-1.47951
-1.90363
-2.17651
-1.95183
-1.62012
-1.50368
-1.17607
-1.17073
-1.13912
-1.0805
-1.00888
-0.932685
-0.855236
-0.779766
-0.711166
-0.659122
-0.642588
-0.696191
-1.14979
-2.04129
-3.14938
-3.74158
-3.8717
-3.55903
-3.04048
-2.6611
-1.15834
-1.15433
-1.12828
-1.07549
-1.00751
-0.933547
-0.857113
-0.780957
-0.709507
-0.649252
-0.61921
-0.648012
-1.07597
-1.79463
-2.65907
-3.21589
-3.22744
-2.88537
-2.48096
-2.20065
-1.13104
-1.12844
-1.10837
-1.06252
-0.998912
-0.927062
-0.851039
-0.772903
-0.695297
-0.622942
-0.559684
-0.535129
-0.566347
-0.647713
-0.555105
-0.369604
-0.0557166
0.265253
0.50077
0.622885
-1.09706
-1.09551
-1.08221
-1.04355
-0.984837
-0.914689
-0.838476
-0.757424
-0.672297
-0.583075
-0.482635
-0.373331
-0.188366
0.22351
0.82084
1.4672
1.99393
2.32925
2.49664
2.55597
-1.06061
-1.0597
-1.05231
-1.02244
-0.967964
-0.899145
-0.822423
-0.738341
-0.647607
-0.545014
-0.434737
-0.301901
-0.14366
0.288329
0.956086
1.59768
2.10393
2.42154
2.58091
2.64088
-1.02667
-1.02592
-1.02251
-1.00194
-0.952525
-0.883898
-0.806061
-0.720615
-0.627641
-0.525739
-0.414596
-0.3046
-0.194155
0.0670783
0.569721
1.03734
1.40332
1.63886
1.76094
1.80951
-0.998162
-0.997015
-0.996511
-0.984092
-0.938668
-0.869174
-0.790062
-0.705448
-0.615819
-0.51943
-0.418004
-0.330819
-0.248454
-0.113936
0.233213
0.567981
0.825433
1.00116
1.0981
1.1401
-0.970964
-0.971516
-0.973659
-0.963507
-0.91792
-0.846915
-0.768761
-0.688954
-0.606096
-0.518102
-0.428279
-0.358446
-0.303302
-0.229743
0.000394518
0.231119
0.410933
0.531176
0.593224
0.616907
-0.908098
-0.91069
-0.913651
-0.90474
-0.86525
-0.803074
-0.734927
-0.665634
-0.593396
-0.515987
-0.437156
-0.374747
-0.330471
-0.287163
-0.130442
0.021497
0.134382
0.209406
0.247671
0.262038
-0.800195
-0.802012
-0.803532
-0.797278
-0.773313
-0.733585
-0.68603
-0.634065
-0.576478
-0.511565
-0.442734
-0.383979
-0.339842
-0.29569
-0.195203
-0.101081
-0.0344168
0.0097762
0.0310477
0.0371194
-0.689572
-0.690415
-0.690451
-0.688017
-0.678608
-0.660868
-0.634933
-0.601089
-0.55863
-0.505903
-0.445375
-0.387514
-0.339702
-0.293088
-0.236005
-0.186196
-0.142746
-0.114625
-0.0997053
-0.0949442
-0.61428
-0.614601
-0.614382
-0.614823
-0.613337
-0.607204
-0.594515
-0.57365
-0.543364
-0.501926
-0.449484
-0.397782
-0.353986
-0.309892
-0.278142
-0.245262
-0.21666
-0.194187
-0.181383
-0.177812
-0.576571
-0.576754
-0.576574
-0.577473
-0.578153
-0.576147
-0.569356
-0.555607
-0.532831
-0.498644
-0.455127
-0.415052
-0.384725
-0.359144
-0.337261
-0.308126
-0.279149
-0.257417
-0.245348
-0.242896
-0.565742
-0.565745
-0.565279
-0.565541
-0.565956
-0.564583
-0.559695
-0.549206
-0.530117
-0.499622
-0.461134
-0.432454
-0.425336
-0.438405
-0.413691
-0.375417
-0.340925
-0.317372
-0.306068
-0.30416
-0.575352
-0.575076
-0.574212
-0.573693
-0.573164
-0.570997
-0.566033
-0.556155
-0.53762
-0.507797
-0.466704
-0.43914
-0.436391
-0.467568
-0.44664
-0.406923
-0.374593
-0.356019
-0.346887
-0.345776
-0.603306
-0.602719
-0.601601
-0.600639
-0.599302
-0.596448
-0.591038
-0.581305
-0.562802
-0.531502
-0.480728
-0.437763
-0.418772
-0.432775
-0.422257
-0.397216
-0.378333
-0.36827
-0.365597
-0.364596
-0.647678
-0.646975
-0.64591
-0.64483
-0.643548
-0.641393
-0.637867
-0.631534
-0.617316
-0.588831
-0.528348
-0.456182
-0.399712
-0.391838
-0.388823
-0.372578
-0.355003
-0.338922
-0.331119
-0.33168
-0.705614
-0.704842
-0.704195
-0.703897
-0.70421
-0.705696
-0.709168
-0.714883
-0.719555
-0.71486
-0.661681
-0.550488
-0.452243
-0.418047
-0.40427
-0.373572
-0.334694
-0.303623
-0.29016
-0.292712
-0.770899
-0.770369
-0.770766
-0.77241
-0.776659
-0.786095
-0.804379
-0.836931
-0.888962
-0.951719
-0.93596
-0.770795
-0.613047
-0.540452
-0.491357
-0.419239
-0.347643
-0.296245
-0.283181
-0.286545
-0.832035
-0.832114
-0.834195
-0.83901
-0.849614
-0.871352
-0.912734
-0.989355
-1.12436
-1.30812
-1.36277
-1.12415
-0.873345
-0.745166
-0.641654
-0.51066
-0.393996
-0.3216
-0.311292
-0.317861
-0.872125
-0.873065
-0.877057
-0.885507
-0.903406
-0.939131
-1.00723
-1.13679
-1.3747
-1.72123
-1.87139
-1.54088
-1.18541
-0.992228
-0.834589
-0.666569
-0.530808
-0.471341
-0.46776
-0.473607
-0.872936
-0.874792
-0.879765
-0.891047
-0.914263
-0.960653
-1.04902
-1.21922
-1.53578
-2.00228
-2.25411
-1.8567
-1.45695
-1.22082
-1.0519
-0.896196
-0.800973
-0.765032
-0.75515
-0.753998
-0.821929
-0.824057
-0.82967
-0.841432
-0.86617
-0.914912
-1.00794
-1.18733
-1.52198
-2.0089
-2.28683
-1.97099
-1.56815
-1.37872
-1.22698
-1.14857
-1.09412
-1.06481
-1.04892
-1.04138
-0.720982
-0.722879
-0.727476
-0.737465
-0.758692
-0.800907
-0.881812
-1.03804
-1.32998
-1.73389
-1.92643
-1.70851
-1.47929
-1.35563
-1.33208
-1.3321
-1.2994
-1.25764
-1.23325
-1.22094
-0.585015
-0.586541
-0.589452
-0.595942
-0.610612
-0.640494
-0.698377
-0.810716
-1.02392
-1.32159
-1.44346
-1.3378
-1.23706
-1.19541
-1.26166
-1.33853
-1.30574
-1.25795
-1.23338
-1.22044
-0.438058
-0.438848
-0.439835
-0.442536
-0.450011
-0.466346
-0.498975
-0.563466
-0.690695
-0.891235
-0.999927
-0.971472
-0.927561
-0.903429
-1.00282
-1.1135
-1.09429
-1.06706
-1.05042
-1.04159
-0.3015
-0.301674
-0.301194
-0.301083
-0.302846
-0.308201
-0.32016
-0.345137
-0.397619
-0.499498
-0.573546
-0.558299
-0.52234
-0.552794
-0.68119
-0.763412
-0.770843
-0.76649
-0.763725
-0.761987
-0.189712
-0.189508
-0.188245
-0.186751
-0.185294
-0.184063
-0.183296
-0.18358
-0.186349
-0.190847
-0.208414
-0.198311
-0.228468
-0.311863
-0.413007
-0.463503
-0.479109
-0.485204
-0.489356
-0.491558
-0.107778
-0.107429
-0.106048
-0.104346
-0.10197
-0.0983451
-0.0926026
-0.0832866
-0.0678348
-0.0422078
-0.0124017
-0.0163087
-0.0829815
-0.167176
-0.226202
-0.2584
-0.270878
-0.278733
-0.284038
-0.287049
-0.0535193
-0.0531907
-0.0520867
-0.0508512
-0.0489913
-0.0457008
-0.0399903
-0.0304554
-0.0151014
0.00756091
0.0283916
0.0189253
-0.0275943
-0.078727
-0.114319
-0.132367
-0.141494
-0.14654
-0.15019
-0.152412
-0.0208809
-0.0206516
-0.0199711
-0.0194523
-0.0186409
-0.0168188
-0.013287
-0.00731649
0.00196905
0.0144572
0.0238809
0.0168137
-0.00666979
-0.0315159
-0.0490548
-0.058427
-0.0626152
-0.0647247
-0.0664717
-0.0676796
-0.010445
-0.0100936
-0.00975137
-0.00949692
-0.00881826
-0.00722859
-0.00437017
0.000249444
0.00694337
0.0139825
0.0147823
0.00488707
-0.0103035
-0.0231275
-0.0304679
-0.0337632
-0.0349689
-0.0358143
-0.0367345
-0.0113197
-0.926212
-0.544503
-0.287254
-0.0746246
0.0976039
0.236356
0.349029
0.44526
0.514283
0.5123
-0.361089
-0.185885
-0.0271843
0.109446
0.226499
0.324805
0.40615
0.46933
0.508211
0.523046
-0.0603084
0.0481103
0.152418
0.246399
0.328344
0.398165
0.455417
0.499071
0.530005
0.550387
0.140101
0.213001
0.286448
0.354313
0.413538
0.464479
0.506931
0.541015
0.568051
0.586936
0.289809
0.339186
0.396003
0.446228
0.491252
0.530661
0.564604
0.59306
0.61649
0.632595
0.40875
0.447704
0.49167
0.531131
0.56774
0.600733
0.629817
0.654616
0.675124
0.688395
0.510368
0.543955
0.580699
0.615521
0.648103
0.678023
0.70461
0.727194
0.745496
0.756259
0.604239
0.636257
0.671546
0.705776
0.737559
0.766544
0.792024
0.813299
0.829838
0.838649
0.700738
0.73591
0.773286
0.809303
0.841706
0.870389
0.894928
0.91496
0.92997
0.938094
0.81469
0.855143
0.894623
0.931871
0.963987
0.991323
1.01412
1.03253
1.04635
1.05553
0.959185
1.00223
1.03981
1.07363
1.10182
1.12575
1.1465
1.16401
1.17795
1.18914
1.13718
1.17485
1.20317
1.22756
1.24867
1.26805
1.28637
1.30358
1.31953
1.33408
1.33502
1.35611
1.37116
1.38707
1.40341
1.41875
1.43251
1.44581
1.46135
1.47973
1.52596
1.53309
1.54361
1.55519
1.56513
1.57436
1.58467
1.59581
1.60745
1.61633
1.73893
1.74071
1.73282
1.71631
1.7052
1.70468
1.71685
1.74147
1.77561
1.80016
2.15861
1.96472
1.86367
1.80587
1.77678
1.77015
1.78537
1.8262
1.90206
2.04502
-0.754418
-0.758957
-0.720167
-0.650627
-0.566816
-0.473973
0.373882
0.444501
0.445391
0.370152
0.302213
0.229143
-0.0232707
-0.271204
-0.57375
-0.977833
-1.41477
)
;

boundaryField
{
    wall-4
    {
        type            zeroGradient;
    }
    pressure-outlet-7
    {
        type            fixedValue;
        value           uniform 0;
    }
    velocity-inlet-6
    {
        type            zeroGradient;
    }
    velocity-inlet-5
    {
        type            zeroGradient;
    }
    frontAndBackPlanes
    {
        type            empty;
    }
}


// ************************************************************************* //
