/*--------------------------------*- C++ -*----------------------------------*\
  =========                 |
  \\      /  F ield         | OpenFOAM: The Open Source CFD Toolbox
   \\    /   O peration     | Website:  https://openfoam.org
    \\  /    A nd           | Version:  9
     \\/     M anipulation  |
\*---------------------------------------------------------------------------*/
FoamFile
{
    format      ascii;
    class       volScalarField;
    location    "31";
    object      p;
}
// * * * * * * * * * * * * * * * * * * * * * * * * * * * * * * * * * * * * * //

dimensions      [0 2 -2 0 0 0 0];

internalField   nonuniform List<scalar> 
8800
(
1.55105
1.50326
1.46456
1.43556
1.41469
1.39984
1.38921
1.38169
1.37682
1.37469
1.37586
1.37997
1.38654
1.3958
1.40854
1.42625
1.45101
1.48494
1.52748
1.58618
1.38231
1.38999
1.39745
1.40076
1.39924
1.39415
1.38765
1.38154
1.37677
1.37386
1.37349
1.37589
1.3803
1.38618
1.3929
1.39914
1.40276
1.40201
1.39657
1.38787
1.36074
1.36689
1.37102
1.37395
1.37599
1.37657
1.37544
1.3733
1.37122
1.37022
1.37108
1.37336
1.37608
1.37819
1.37875
1.37751
1.37514
1.37173
1.36716
1.3634
1.35497
1.35762
1.36036
1.36276
1.36438
1.36552
1.36623
1.36631
1.36594
1.36579
1.36643
1.36749
1.36823
1.36822
1.36754
1.3664
1.36455
1.36195
1.35953
1.35802
1.34964
1.35107
1.35284
1.35487
1.35664
1.35796
1.35892
1.35967
1.3602
1.36065
1.36117
1.36153
1.36151
1.36113
1.36035
1.35904
1.35729
1.3554
1.35407
1.35324
1.34464
1.34556
1.3468
1.34837
1.34999
1.3515
1.35276
1.35377
1.35464
1.35541
1.35593
1.35609
1.35591
1.35534
1.35436
1.35307
1.35167
1.35035
1.3495
1.34896
1.33984
1.34051
1.34147
1.34278
1.34419
1.34564
1.34705
1.34832
1.34942
1.35037
1.35099
1.35115
1.35088
1.35021
1.34926
1.34819
1.34708
1.34608
1.34547
1.34507
1.33519
1.3357
1.3365
1.33764
1.33892
1.34029
1.34171
1.34313
1.34446
1.34561
1.34637
1.34659
1.34632
1.34571
1.34493
1.34404
1.34314
1.34236
1.34189
1.34158
1.33063
1.33104
1.33171
1.33274
1.33396
1.33529
1.33671
1.3382
1.3397
1.34108
1.34203
1.34237
1.34223
1.34179
1.34117
1.34045
1.3397
1.33909
1.33873
1.33848
1.32611
1.32644
1.32702
1.32798
1.32917
1.33048
1.33192
1.33348
1.33512
1.33674
1.33794
1.3385
1.33859
1.33834
1.3379
1.33734
1.33673
1.33625
1.33597
1.33577
1.32156
1.32182
1.32235
1.32328
1.32445
1.3258
1.32731
1.32899
1.33082
1.33271
1.33423
1.33509
1.33542
1.33539
1.33511
1.3347
1.33422
1.33385
1.33363
1.33347
1.31691
1.31712
1.31761
1.31853
1.31974
1.32116
1.32279
1.32464
1.32672
1.32895
1.33087
1.3321
1.33271
1.3329
1.3328
1.33254
1.33219
1.3319
1.33174
1.33161
1.31213
1.3123
1.31276
1.31371
1.31498
1.3165
1.31826
1.32034
1.32276
1.32545
1.32785
1.32948
1.33043
1.33091
1.33105
1.33093
1.3307
1.3305
1.3304
1.33029
1.30717
1.3073
1.30775
1.30871
1.31007
1.3117
1.31365
1.31598
1.31875
1.32195
1.32498
1.32719
1.32861
1.32944
1.32984
1.32995
1.32986
1.32976
1.32969
1.32961
1.30195
1.30203
1.30248
1.3035
1.30498
1.30679
1.30901
1.31174
1.31507
1.31898
1.32274
1.32556
1.32746
1.32865
1.32936
1.32968
1.32976
1.32976
1.32975
1.32968
1.29641
1.29647
1.2969
1.29794
1.29952
1.30151
1.30401
1.30715
1.31107
1.31581
1.32051
1.32417
1.32677
1.3285
1.3296
1.33025
1.33057
1.33072
1.33076
1.3307
1.29028
1.29033
1.29076
1.29184
1.29356
1.2958
1.2987
1.30244
1.30717
1.31298
1.31882
1.32345
1.32677
1.32911
1.33074
1.33179
1.33242
1.33273
1.33281
1.33275
1.28324
1.28328
1.28375
1.2849
1.28681
1.28939
1.2928
1.29729
1.30305
1.31019
1.31742
1.32322
1.32749
1.33058
1.33279
1.33429
1.33526
1.33574
1.33587
1.3358
1.27482
1.27485
1.27539
1.2767
1.27891
1.28197
1.28608
1.29155
1.29861
1.30739
1.31634
1.32356
1.32893
1.33285
1.33574
1.33778
1.33911
1.33976
1.33992
1.33984
1.26456
1.26459
1.26524
1.26682
1.26951
1.27329
1.27838
1.28515
1.29391
1.30475
1.31576
1.32465
1.33128
1.33618
1.33981
1.34238
1.34408
1.34489
1.34509
1.34499
1.25193
1.25197
1.25278
1.25478
1.25815
1.2629
1.2693
1.27778
1.28869
1.30209
1.3156
1.32646
1.33458
1.3406
1.34506
1.34826
1.35034
1.35133
1.35156
1.35145
1.23619
1.23624
1.23731
1.2399
1.24424
1.25035
1.25855
1.26933
1.28301
1.29958
1.31605
1.32921
1.33902
1.3463
1.35175
1.35566
1.35818
1.35933
1.35959
1.35946
1.21619
1.21626
1.21771
1.22121
1.22701
1.23505
1.24576
1.25962
1.27684
1.29726
1.31722
1.333
1.34474
1.35348
1.36003
1.36475
1.36774
1.36908
1.36938
1.36921
1.19016
1.19028
1.19237
1.19733
1.20542
1.21638
1.23066
1.24864
1.27033
1.29534
1.3193
1.33803
1.35192
1.36229
1.37011
1.37574
1.37921
1.38074
1.38106
1.38087
1.15522
1.15548
1.15882
1.16645
1.17834
1.19383
1.21321
1.23659
1.26375
1.29408
1.32248
1.34442
1.36067
1.37286
1.38206
1.38867
1.39266
1.39439
1.39471
1.39447
1.1058
1.10693
1.1136
1.12661
1.14502
1.16741
1.19378
1.22397
1.25755
1.29381
1.32697
1.35231
1.37105
1.38516
1.39583
1.40347
1.40807
1.40997
1.41026
1.40997
1.03317
1.04074
1.0561
1.07907
1.10703
1.13849
1.17337
1.21139
1.25214
1.29492
1.33331
1.36245
1.38405
1.40042
1.4129
1.42192
1.42739
1.42969
1.43008
1.42986
0.955556
0.973032
0.997793
1.0311
1.06888
1.10953
1.15297
1.19907
1.24748
1.29762
1.3424
1.37646
1.40188
1.42124
1.43618
1.44727
1.45402
1.45673
1.4574
1.45737
0.891742
0.912105
0.944694
0.986496
1.03277
1.08196
1.13364
1.18761
1.2435
1.30077
1.35158
1.39013
1.41889
1.44085
1.45771
1.47008
1.47787
1.48139
1.48194
1.48199
0.839794
0.861951
0.899708
0.947513
1.00047
1.05672
1.1156
1.17674
1.23962
1.30358
1.35996
1.40249
1.43405
1.45801
1.4764
1.49005
1.49901
1.50259
1.50325
1.50337
0.796703
0.819945
0.861167
0.913754
0.972019
1.03406
1.09909
1.16654
1.23574
1.30582
1.36722
1.41323
1.44715
1.47277
1.4924
1.50688
1.51636
1.52041
1.52133
1.52149
0.759875
0.783749
0.827725
0.883976
0.946657
1.01359
1.08392
1.15694
1.23181
1.30744
1.37338
1.42244
1.45833
1.48527
1.50576
1.52087
1.5307
1.53518
1.53633
1.53651
0.727357
0.751668
0.797719
0.857083
0.9235
0.994682
1.06968
1.14768
1.22769
1.30843
1.37853
1.43033
1.46792
1.49589
1.51702
1.53253
1.54259
1.54734
1.54858
1.54874
0.697725
0.722431
0.770223
0.832227
0.901874
0.976778
1.05594
1.13846
1.22321
1.30872
1.38275
1.43712
1.47625
1.50509
1.52663
1.54238
1.55251
1.55736
1.55867
1.55879
0.670114
0.695177
0.744532
0.80879
0.881282
0.959479
1.04238
1.12902
1.21819
1.30823
1.38609
1.44299
1.48362
1.51328
1.53524
1.55112
1.56131
1.56622
1.56762
1.5677
0.643807
0.669285
0.720055
0.786314
0.861354
0.942498
1.02876
1.11918
1.21249
1.3069
1.38856
1.44805
1.49026
1.52082
1.54324
1.55932
1.56952
1.57436
1.57579
1.57592
0.618535
0.644444
0.696289
0.764519
0.841834
0.925628
1.01495
1.10883
1.20602
1.30467
1.39018
1.45241
1.49636
1.52796
1.55093
1.56726
1.57752
1.5823
1.58363
1.5837
0.593935
0.620399
0.673285
0.743222
0.82257
0.908745
1.00083
1.0979
1.19871
1.30148
1.39091
1.45611
1.50202
1.53484
1.5585
1.57516
1.58549
1.5902
1.59139
1.59138
0.56993
0.596835
0.650845
0.722305
0.803481
0.891794
0.986375
1.08635
1.19055
1.29729
1.39075
1.45914
1.50728
1.54151
1.56601
1.58306
1.59345
1.59804
1.5991
1.599
0.54644
0.573888
0.628857
0.701714
0.784539
0.874761
0.971578
1.07418
1.18151
1.29207
1.38958
1.46141
1.51211
1.54803
1.5735
1.59099
1.60138
1.60577
1.60666
1.60648
0.523376
0.55142
0.607315
0.68145
0.765743
0.85767
0.956475
1.06143
1.17162
1.28577
1.38731
1.46284
1.51646
1.55438
1.581
1.59893
1.60924
1.61332
1.61402
1.61378
0.500747
0.529444
0.586246
0.661539
0.747146
0.840568
0.941126
1.04816
1.1609
1.27836
1.38388
1.46329
1.52022
1.56057
1.58857
1.60691
1.61694
1.62059
1.62106
1.62077
0.478726
0.508029
0.565691
0.642023
0.728793
0.823528
0.9256
1.03445
1.14943
1.2699
1.3792
1.46261
1.52321
1.56653
1.59636
1.61509
1.62451
1.62747
1.62767
1.62735
0.457342
0.487222
0.545683
0.622961
0.710752
0.80662
0.909998
1.02038
1.1373
1.26042
1.37323
1.46063
1.52521
1.57212
1.60449
1.6239
1.63224
1.63392
1.63371
1.6334
0.436538
0.467065
0.526262
0.604394
0.69309
0.789931
0.894411
1.00607
1.12462
1.25
1.36595
1.45721
1.52592
1.577
1.61298
1.63402
1.64111
1.64045
1.63915
1.63903
0.416487
0.447582
0.507488
0.586392
0.675869
0.773544
0.878936
0.991644
1.1115
1.23875
1.35737
1.45223
1.52504
1.5806
1.62134
1.64595
1.6532
1.6496
1.64544
1.64441
0.397102
0.428783
0.489344
0.568928
0.659059
0.757413
0.863517
0.977026
1.09789
1.2266
1.34737
1.44542
1.52224
1.58214
1.6284
1.65905
1.67023
1.66733
1.65686
1.63976
0.378455
0.410676
0.471707
0.551813
0.642366
0.741203
0.847733
0.96173
1.08321
1.21288
1.33526
1.43592
1.51681
1.58044
1.63147
1.66934
1.68546
1.67644
1.65987
1.64195
0.360718
0.393124
0.454762
0.535288
0.62609
0.725261
0.831813
0.94609
1.06781
1.1979
1.3212
1.42341
1.50827
1.57454
1.62541
1.66352
1.68259
1.66475
1.59398
1.56033
0.34454
0.374966
0.438842
0.519946
0.610943
0.710078
0.816051
0.930329
1.0519
1.1818
1.3052
1.40772
1.49555
1.56455
1.60619
1.63594
1.6386
1.58879
1.51684
1.47192
0.288638
0.35908
0.424237
0.504616
0.595483
0.694255
0.800387
0.914182
1.03514
1.16416
1.28672
1.38849
1.47538
1.55164
1.55521
1.5705
1.53561
1.4709
1.39344
1.34978
0.327442
0.343378
0.402976
0.482891
0.573038
0.671508
0.7766
0.889497
1.00909
1.13608
1.25574
1.35471
1.43296
1.50906
1.50619
1.40096
1.29705
1.22508
1.15107
1.18652
0.296424
0.325633
0.386049
0.465453
0.555582
0.653701
0.758932
0.871059
0.989381
1.11426
1.23067
1.32538
1.39602
1.43604
1.39123
1.24647
1.1173
1.02536
0.924297
0.979535
0.272537
0.304733
0.36633
0.446042
0.536223
0.63418
0.739222
0.850387
0.967133
1.08938
1.2018
1.29079
1.35164
1.36061
1.25663
1.07958
0.921849
0.799342
0.664391
0.701774
0.249234
0.282969
0.345739
0.426284
0.516632
0.614439
0.718906
0.828991
0.943983
1.06327
1.17094
1.2536
1.29972
1.27574
1.11759
0.913836
0.714455
0.534557
0.335066
0.326728
0.226673
0.260752
0.324391
0.405664
0.496214
0.593819
0.697602
0.806504
0.919513
1.03551
1.13791
1.21339
1.24212
1.1835
0.985173
0.765008
0.534552
0.329455
0.069562
-0.254994
0.203876
0.237905
0.30203
0.38379
0.474554
0.572011
0.675186
0.78289
0.893839
1.00635
1.10332
1.17053
1.18184
1.07222
0.87017
0.650087
0.431511
0.245684
0.174672
0.0761241
0.17999
0.213987
0.278343
0.360337
0.451185
0.548409
0.650889
0.757233
0.865825
0.974384
1.06551
1.12285
1.10942
0.962743
0.768676
0.567986
0.395196
0.294871
0.270594
0.252415
0.154694
0.188681
0.253176
0.335239
0.426001
0.522837
0.624396
0.729091
0.83492
0.938908
1.02371
1.06897
1.03471
0.861576
0.676928
0.50228
0.36757
0.324961
0.309903
0.307946
0.127783
0.161844
0.226482
0.308532
0.399082
0.495323
0.59573
0.698458
0.801096
0.89994
0.977732
1.00977
0.957879
0.766797
0.59201
0.435785
0.346282
0.331549
0.329579
0.329547
0.0992466
0.133491
0.198263
0.280254
0.370453
0.465925
0.564939
0.665376
0.764401
0.857588
0.927435
0.947671
0.862881
0.679902
0.512927
0.382825
0.344357
0.34007
0.339722
0.340341
0.0693975
0.103847
0.168665
0.250532
0.340249
0.434754
0.53212
0.629945
0.724922
0.811977
0.873372
0.877981
0.765871
0.598208
0.447935
0.359103
0.349921
0.347508
0.346421
0.34674
0.0388124
0.0733207
0.137978
0.219627
0.30871
0.402035
0.497505
0.592394
0.682932
0.763375
0.81656
0.802137
0.675954
0.524198
0.393404
0.36886
0.351835
0.349604
0.350339
0.350845
0.00795916
0.0423802
0.106749
0.187969
0.276234
0.36817
0.461475
0.553128
0.638879
0.712421
0.756923
0.726361
0.585012
0.456488
0.360824
0.319624
0.339401
0.349222
0.352182
0.352902
-0.0223449
0.0118116
0.0757347
0.156207
0.243407
0.333726
0.424608
0.512766
0.593446
0.659919
0.694375
0.649821
0.489968
0.391321
0.347732
0.34823
0.339377
0.339346
0.342498
0.344431
-0.050554
-0.0172603
0.0457929
0.125211
0.211096
0.299502
0.387723
0.472187
0.547647
0.606805
0.633273
0.571178
0.38882
0.279794
0.323967
0.295035
0.2847
0.28346
0.287888
0.291809
-0.075363
-0.0430714
0.0180133
0.096175
0.180348
0.266556
0.351888
0.432555
0.502876
0.554528
0.576995
0.490325
0.281157
0.07996
0.087138
0.136688
0.17532
0.189964
0.196031
0.199781
-0.0948491
-0.064382
-0.00555537
0.07045
0.152424
0.236145
0.318438
0.39531
0.460884
0.505388
0.524966
0.42181
0.207495
-0.128455
-0.322931
-0.0932803
0.0263963
0.0661798
0.0781673
0.0870426
-0.10718
-0.079287
-0.0235033
0.049691
0.128908
0.209748
0.28889
0.36219
0.423633
0.462526
0.478259
0.387631
0.260163
0.0874011
-0.128218
-0.0455033
-0.0360477
-0.031208
-0.0221254
-0.0180932
-0.110105
-0.0859562
-0.0341847
0.0354936
0.111429
0.188969
0.264952
0.33516
0.393095
0.428644
0.438642
0.385554
0.44441
0.794475
0.907714
0.429069
0.0616822
0.0112191
-0.00274974
-0.00345134
-0.102303
-0.0824545
-0.035792
0.0292339
0.101308
0.175342
0.248356
0.316235
0.371851
0.404945
0.407552
0.346296
0.326381
0.489966
0.38865
6.41063e-05
-0.169957
-0.119066
-0.0402356
-0.0609621
-0.0819883
-0.0663039
-0.0270511
0.0318551
0.0994462
0.169975
0.240556
0.307251
0.36337
0.396019
0.384762
0.179983
-0.399752
-1.38872
-2.04143
-2.38603
-2.12764
-1.62615
-1.18017
-1.01651
-0.0505704
-0.0397845
-0.00831371
0.0431602
0.105894
0.173166
0.242299
0.309727
0.370281
0.411416
0.40343
0.154156
-0.546342
-1.49214
-2.19099
-2.43805
-2.21919
-1.8483
-1.48199
-1.3029
-0.012334
-0.00592299
0.0170702
0.061076
0.119084
0.183963
0.253146
0.324319
0.39265
0.456253
0.489201
0.436232
0.23474
0.123409
0.120758
0.345971
0.658343
0.932359
1.11732
1.20085
0.0268337
0.0303814
0.0445792
0.0815386
0.136008
0.199905
0.270686
0.347498
0.429609
0.517409
0.619653
0.76575
1.02637
1.51415
2.10737
2.6663
3.07737
3.31157
3.41249
3.43926
0.0609706
0.0629936
0.0709401
0.100549
0.152105
0.217043
0.290811
0.373659
0.468033
0.576832
0.706888
0.847129
1.13087
1.70666
2.35617
2.92506
3.33045
3.55891
3.65852
3.68518
0.0943047
0.0949509
0.0976983
0.118134
0.165693
0.231955
0.308532
0.39494
0.490975
0.60152
0.716153
0.840685
1.00871
1.45889
1.98136
2.41873
2.73888
2.92467
3.00926
3.03401
0.122785
0.123919
0.124678
0.136687
0.178974
0.245607
0.32393
0.41021
0.503107
0.607981
0.71166
0.812415
0.918176
1.19939
1.58913
1.90989
2.14445
2.28192
2.34494
2.36181
0.138893
0.139433
0.138531
0.147908
0.191717
0.261741
0.341434
0.425204
0.513558
0.609658
0.699067
0.775303
0.840776
1.02034
1.28245
1.5065
1.67037
1.76363
1.80487
1.81573
0.156545
0.153454
0.150252
0.16191
0.212023
0.286548
0.365864
0.444368
0.524586
0.608962
0.685177
0.74429
0.798457
0.911235
1.08588
1.23012
1.33306
1.39239
1.41775
1.42258
0.220946
0.21566
0.21141
0.224291
0.269857
0.335246
0.403523
0.470541
0.538505
0.609355
0.674505
0.724037
0.767624
0.840615
0.955899
1.04779
1.11015
1.14513
1.15911
1.16041
0.346627
0.343034
0.340053
0.347531
0.374019
0.412781
0.457156
0.504641
0.555922
0.612388
0.665936
0.707902
0.745993
0.794831
0.865304
0.92389
0.963247
0.984623
0.993435
0.993595
0.482094
0.480648
0.478417
0.477879
0.483061
0.494991
0.514506
0.541015
0.575001
0.616693
0.659353
0.697227
0.731644
0.765297
0.804741
0.841174
0.866567
0.88181
0.887428
0.886777
0.577619
0.577117
0.574713
0.568883
0.561687
0.558313
0.561688
0.572877
0.592337
0.620338
0.651539
0.683657
0.713682
0.737911
0.761658
0.783868
0.801581
0.812489
0.816991
0.815905
0.626996
0.626609
0.62417
0.617626
0.607741
0.598937
0.594633
0.596674
0.605665
0.621557
0.641745
0.664391
0.691279
0.703518
0.717669
0.735662
0.751201
0.761218
0.76509
0.76366
0.646486
0.646005
0.643855
0.63855
0.630177
0.621474
0.615009
0.61253
0.614665
0.620923
0.628809
0.638336
0.649419
0.653951
0.66676
0.686998
0.705091
0.716658
0.721157
0.719532
0.651869
0.651349
0.649603
0.64577
0.639868
0.633061
0.626901
0.622682
0.620513
0.61898
0.614283
0.604276
0.593092
0.593962
0.613493
0.639022
0.659543
0.672001
0.676925
0.675786
0.652208
0.651737
0.650382
0.647549
0.643478
0.638634
0.633702
0.629377
0.625412
0.619016
0.603429
0.571874
0.537422
0.537809
0.571385
0.603502
0.624961
0.636161
0.640015
0.639092
0.651011
0.650682
0.649765
0.647689
0.64472
0.641353
0.637931
0.634715
0.631316
0.623952
0.605102
0.56354
0.515506
0.525252
0.563666
0.593861
0.610826
0.617742
0.619783
0.619291
0.648216
0.648094
0.647695
0.646489
0.644397
0.642321
0.640608
0.639709
0.639037
0.63585
0.62315
0.590827
0.557844
0.5742
0.601961
0.618694
0.626178
0.6287
0.630045
0.630438
0.642138
0.642208
0.642267
0.641884
0.641088
0.640559
0.641126
0.643429
0.648804
0.652636
0.654284
0.644821
0.638708
0.653459
0.666061
0.671629
0.674286
0.676794
0.677781
0.676662
0.631107
0.631378
0.631888
0.632351
0.63295
0.634466
0.637956
0.644263
0.655197
0.670509
0.688145
0.702132
0.720563
0.730656
0.726499
0.722848
0.72402
0.72686
0.726568
0.724991
0.613565
0.614015
0.614954
0.616288
0.618313
0.621974
0.628466
0.639533
0.657206
0.682565
0.712687
0.742205
0.776213
0.776916
0.764959
0.7588
0.75862
0.759151
0.758224
0.757128
0.587044
0.587883
0.589315
0.591454
0.594798
0.600407
0.609753
0.625083
0.648317
0.681358
0.718098
0.752363
0.783092
0.781079
0.774313
0.775699
0.779223
0.780683
0.777627
0.776298
0.548474
0.549568
0.551529
0.554497
0.559011
0.566024
0.576994
0.594267
0.6202
0.657182
0.69738
0.726268
0.742059
0.742484
0.751982
0.774235
0.789829
0.788377
0.783309
0.782702
0.494446
0.495823
0.498189
0.501803
0.506956
0.513989
0.523707
0.537842
0.55958
0.593474
0.639656
0.670303
0.667108
0.671074
0.717607
0.760303
0.790476
0.794184
0.788941
0.788907
0.423147
0.424604
0.42707
0.430794
0.43533
0.439694
0.442904
0.444525
0.446693
0.469155
0.533616
0.581176
0.573335
0.591444
0.674148
0.749234
0.78736
0.789437
0.78525
0.783709
0.336076
0.337291
0.339408
0.342365
0.344271
0.341827
0.330087
0.302527
0.264816
0.267202
0.370664
0.45907
0.466001
0.512593
0.609835
0.696387
0.738371
0.729592
0.723191
0.720466
0.240189
0.240755
0.242138
0.243598
0.24115
0.227929
0.191218
0.114412
0.00914603
-0.00455735
0.161974
0.299565
0.339286
0.415657
0.513986
0.580699
0.595109
0.591019
0.586373
0.583989
0.148624
0.148104
0.148595
0.148733
0.142328
0.118146
0.0537541
-0.0773951
-0.242556
-0.263184
-0.044075
0.141909
0.194455
0.304731
0.38309
0.418173
0.407139
0.404147
0.403871
0.403649
0.0728892
0.0724275
0.0735707
0.073489
0.0677318
0.0445896
-0.0259742
-0.173385
-0.329021
-0.363083
-0.147097
0.012993
0.0833836
0.197731
0.231472
0.229528
0.226369
0.224623
0.224924
0.225175
0.0210737
0.0206453
0.0215864
0.0239012
0.0251247
0.0229859
0.00620133
-0.0431794
-0.107419
-0.14112
-0.0824405
-0.00811831
-0.00723395
-0.0174256
-0.0127654
0.0549711
0.0513263
0.0467557
0.0456413
0.0451776
0.57893
0.761451
0.974386
1.15643
1.30307
1.42007
1.51772
1.60015
1.63699
1.61406
0.911313
1.04177
1.18112
1.30174
1.40389
1.4889
1.55773
1.60655
1.6313
1.64311
1.1474
1.23637
1.33106
1.41506
1.48747
1.54808
1.59622
1.63135
1.65651
1.67421
1.31866
1.38114
1.44745
1.50813
1.56095
1.60574
1.64243
1.67157
1.69523
1.71335
1.4508
1.49656
1.54476
1.59086
1.63157
1.66703
1.69727
1.72233
1.74326
1.76099
1.55908
1.59344
1.63315
1.67021
1.70413
1.73443
1.76083
1.78293
1.80114
1.81844
1.6541
1.68369
1.71878
1.75184
1.78259
1.81044
1.83473
1.85484
1.8706
1.88767
1.74428
1.77405
1.80874
1.84135
1.87146
1.89848
1.9217
1.94045
1.954
1.97104
1.8406
1.87407
1.91115
1.94511
1.97549
2.00196
2.02414
2.04159
2.05358
2.071
1.95631
1.99411
2.03307
2.0676
2.09715
2.12207
2.14258
2.15858
2.17013
2.18822
2.10172
2.14042
2.17652
2.20733
2.23312
2.25532
2.27445
2.29005
2.30253
2.32054
2.27671
2.30862
2.33488
2.35735
2.37739
2.39616
2.41393
2.43044
2.44583
2.4639
2.46545
2.48275
2.49791
2.51419
2.53013
2.5447
2.55793
2.57188
2.58945
2.60961
2.64745
2.65689
2.66845
2.67929
2.68859
2.69821
2.70903
2.72042
2.7318
2.74716
2.85458
2.85827
2.84335
2.82855
2.8223
2.828
2.8465
2.87682
2.90901
2.93567
3.16092
3.02606
2.94944
2.90712
2.88971
2.89368
2.92109
2.97751
3.08014
3.30451
1.44165
1.43951
1.43503
1.4264
1.41416
1.40202
1.39177
1.38385
1.37818
1.37485
1.3744
1.37703
1.38205
1.3892
1.39854
1.41004
1.42266
1.43368
1.43978
1.44283
1.36611
1.37196
1.37829
1.38278
1.38524
1.3849
1.38214
1.3783
1.37474
1.3724
1.37215
1.37423
1.3778
1.38202
1.38577
1.38761
1.38664
1.38314
1.37795
1.37132
1.35772
1.36002
1.36342
1.36641
1.36847
1.36995
1.37068
1.37033
1.36925
1.36828
1.36834
1.36965
1.37136
1.37258
1.37269
1.37175
1.37016
1.36779
1.36451
1.36158
1.35226
1.35334
1.35517
1.35755
1.35956
1.36097
1.36197
1.36267
1.36301
1.36314
1.3635
1.36417
1.36464
1.36461
1.36411
1.3632
1.36168
1.35955
1.35743
1.35604
1.34712
1.34778
1.34889
1.35059
1.35236
1.35398
1.35525
1.35622
1.35703
1.35771
1.35829
1.35867
1.35872
1.35842
1.35775
1.35661
1.35511
1.35351
1.35215
1.35136
1.34222
1.34268
1.34347
1.34477
1.34625
1.34776
1.3492
1.35045
1.35151
1.35244
1.35317
1.35354
1.3535
1.35306
1.35223
1.35112
1.3499
1.34869
1.34772
1.3472
1.3375
1.33784
1.33845
1.33953
1.34083
1.34221
1.34363
1.34503
1.34633
1.34747
1.34836
1.3488
1.34874
1.34825
1.34747
1.34653
1.34555
1.34458
1.34384
1.34346
1.3329
1.33317
1.33367
1.33459
1.33578
1.33708
1.33846
1.33991
1.34136
1.34271
1.3438
1.34437
1.34437
1.34398
1.34335
1.34259
1.34177
1.34099
1.34043
1.34013
1.32837
1.32858
1.32899
1.32982
1.33094
1.3322
1.33357
1.33504
1.33661
1.33817
1.3395
1.34024
1.34041
1.34021
1.33976
1.33916
1.33849
1.33787
1.33743
1.3372
1.32384
1.324
1.32436
1.32512
1.3262
1.32745
1.32885
1.33039
1.33206
1.33381
1.33541
1.33645
1.33689
1.33691
1.33664
1.33621
1.33569
1.33519
1.33485
1.33467
1.31925
1.31938
1.31969
1.32041
1.32149
1.32277
1.32423
1.3259
1.32776
1.32978
1.33172
1.33311
1.33384
1.33409
1.33401
1.33373
1.33335
1.33297
1.33272
1.33258
1.31454
1.31463
1.31491
1.31562
1.31673
1.31809
1.31965
1.32148
1.32359
1.32594
1.32831
1.33013
1.33121
1.33173
1.33188
1.33177
1.33153
1.33125
1.33106
1.33096
1.30968
1.30974
1.31
1.3107
1.31186
1.31331
1.315
1.317
1.31939
1.32218
1.32508
1.32742
1.32892
1.32982
1.33027
1.33038
1.33029
1.33012
1.33001
1.32993
1.3046
1.30463
1.30487
1.30559
1.30681
1.30838
1.31026
1.31255
1.31532
1.3186
1.32216
1.32518
1.32724
1.32853
1.32927
1.32965
1.32974
1.3297
1.32966
1.32961
1.29924
1.29924
1.29946
1.30019
1.3015
1.30321
1.30531
1.30794
1.31121
1.31519
1.31958
1.32336
1.32604
1.32786
1.329
1.32963
1.32998
1.3301
1.33014
1.33012
1.29344
1.29343
1.29364
1.29438
1.29575
1.2976
1.29997
1.30299
1.30683
1.31159
1.31699
1.32181
1.32532
1.32778
1.32942
1.33052
1.33119
1.33153
1.33167
1.33167
1.2869
1.28687
1.2871
1.28788
1.28935
1.29143
1.29417
1.29777
1.30242
1.30827
1.31493
1.3209
1.32533
1.32851
1.33077
1.33235
1.3334
1.33399
1.33422
1.33423
1.27923
1.27919
1.27944
1.2803
1.28194
1.28431
1.28754
1.29184
1.29747
1.30461
1.31283
1.32028
1.32589
1.32999
1.33296
1.33509
1.33658
1.33744
1.33777
1.33778
1.26993
1.26987
1.27018
1.2712
1.27313
1.27599
1.27992
1.28521
1.29216
1.30098
1.31111
1.32031
1.32723
1.33236
1.33613
1.3389
1.34082
1.34194
1.34236
1.34238
1.25854
1.25846
1.25886
1.26013
1.2625
1.26606
1.27096
1.27755
1.28619
1.29711
1.3096
1.32088
1.3294
1.33572
1.34039
1.34384
1.34624
1.34763
1.34814
1.34816
1.24442
1.24433
1.24487
1.2465
1.24951
1.25404
1.26027
1.26861
1.27947
1.29306
1.3084
1.32216
1.33251
1.3402
1.34592
1.35014
1.3531
1.35477
1.35536
1.35539
1.22666
1.22655
1.22732
1.2295
1.23343
1.23933
1.24742
1.25815
1.27192
1.28885
1.30764
1.32428
1.33673
1.34599
1.35289
1.35801
1.36158
1.36356
1.36424
1.36427
1.20381
1.20369
1.20482
1.20784
1.21319
1.22115
1.23193
1.24595
1.26352
1.28458
1.30745
1.32739
1.34222
1.35324
1.3615
1.36763
1.37189
1.37418
1.37496
1.37499
1.17361
1.17352
1.17529
1.17975
1.18745
1.19867
1.21343
1.232
1.25444
1.28049
1.30804
1.33166
1.34913
1.36212
1.37189
1.37916
1.38412
1.38676
1.38763
1.38763
1.13211
1.1322
1.13539
1.14278
1.15472
1.17126
1.19188
1.21654
1.24505
1.27692
1.30967
1.33727
1.35756
1.37269
1.38411
1.39262
1.39832
1.40129
1.40223
1.4022
1.07188
1.07314
1.08089
1.09469
1.11427
1.13912
1.16789
1.20027
1.23594
1.27431
1.31261
1.34435
1.36754
1.38486
1.39795
1.40767
1.41424
1.41756
1.41847
1.4184
1.00035
1.00238
1.01701
1.04073
1.07099
1.10543
1.14307
1.18372
1.22712
1.27277
1.31769
1.35476
1.38198
1.40244
1.41798
1.42952
1.43734
1.44132
1.4424
1.44238
0.926952
0.933599
0.955224
0.988847
1.02888
1.07261
1.11904
1.16796
1.21918
1.27225
1.324
1.36659
1.39791
1.42157
1.43973
1.45345
1.46267
1.46656
1.46781
1.46807
0.867932
0.876524
0.902855
0.943206
0.990753
1.04224
1.09647
1.15307
1.21171
1.27189
1.33009
1.37774
1.41267
1.43897
1.45908
1.47419
1.48425
1.4892
1.49124
1.49162
0.820025
0.829184
0.85895
0.90415
0.957428
1.0151
1.07586
1.13919
1.20455
1.27127
1.33544
1.38761
1.42561
1.45408
1.47579
1.49219
1.50346
1.5092
1.51153
1.51195
0.779877
0.789263
0.821352
0.870296
0.92817
0.990934
1.0572
1.12635
1.19768
1.27035
1.3399
1.39611
1.43675
1.467
1.48995
1.50728
1.51923
1.5256
1.5282
1.52867
0.744976
0.754459
0.788255
0.840259
0.90193
0.969005
1.04004
1.11432
1.191
1.26905
1.34353
1.40336
1.44629
1.47799
1.50188
1.51985
1.5323
1.53917
1.54191
1.54239
0.713738
0.723264
0.758401
0.812945
0.877823
0.948622
1.02386
1.10272
1.18426
1.26727
1.34633
1.40951
1.45451
1.48745
1.51205
1.53039
1.54313
1.55025
1.55303
1.55354
0.68498
0.694562
0.730822
0.787571
0.855207
0.929267
1.00823
1.09123
1.17723
1.26488
1.3483
1.41472
1.46167
1.49574
1.52094
1.53956
1.5524
1.55966
1.56241
1.56295
0.657929
0.66757
0.704825
0.763486
0.833602
0.910559
0.992851
1.0796
1.16972
1.26176
1.34942
1.41905
1.468
1.50321
1.52903
1.54795
1.5609
1.5682
1.57098
1.57134
0.632083
0.641822
0.680011
0.740289
0.812663
0.892215
0.977506
1.06768
1.16161
1.25782
1.34965
1.42257
1.47362
1.51012
1.53664
1.55591
1.569
1.57627
1.57902
1.57936
0.607041
0.616965
0.655985
0.717815
0.792172
0.87405
0.962051
1.05533
1.15281
1.25298
1.34896
1.42531
1.47868
1.51663
1.544
1.56371
1.57699
1.58426
1.5869
1.58724
0.582621
0.592786
0.632568
0.695886
0.772008
0.855969
0.946411
1.04252
1.14326
1.24722
1.34731
1.42727
1.48321
1.52283
1.55121
1.57148
1.58498
1.59222
1.59473
1.59502
0.558768
0.569155
0.609735
0.674369
0.752098
0.837933
0.93056
1.02923
1.13297
1.24048
1.34465
1.4284
1.48718
1.52874
1.55833
1.57925
1.59298
1.60013
1.60247
1.60267
0.535371
0.546074
0.587381
0.653246
0.732425
0.819932
0.914509
1.01547
1.12194
1.23277
1.34089
1.42858
1.49053
1.53436
1.56537
1.58702
1.60096
1.60797
1.61007
1.61016
0.512491
0.523485
0.56554
0.632522
0.71301
0.802004
0.89831
1.00129
1.1102
1.22407
1.33599
1.42771
1.49315
1.53966
1.57238
1.59485
1.60888
1.61559
1.61739
1.61738
0.490099
0.501404
0.544232
0.612236
0.693894
0.784197
0.882018
0.98678
1.09783
1.21442
1.32991
1.42568
1.49488
1.54452
1.5794
1.60284
1.61677
1.62293
1.62434
1.62422
0.468384
0.479928
0.523494
0.592434
0.675139
0.766594
0.865709
0.972006
1.08491
1.2039
1.32265
1.42238
1.49554
1.5488
1.58646
1.61123
1.62487
1.63
1.63078
1.63056
0.447217
0.459105
0.503365
0.573154
0.656785
0.749242
0.849484
0.957065
1.07154
1.19261
1.31422
1.4177
1.49491
1.5522
1.59344
1.6204
1.63379
1.63714
1.6367
1.63628
0.426766
0.438966
0.48388
0.554451
0.638919
0.732232
0.833429
0.942083
1.05784
1.18061
1.30469
1.41157
1.49277
1.55432
1.59997
1.63051
1.64477
1.64592
1.64272
1.64114
0.406978
0.419471
0.465093
0.536383
0.621584
0.715634
0.817628
0.927142
1.04393
1.16807
1.29417
1.40395
1.48895
1.5547
1.6052
1.64098
1.65878
1.65989
1.65269
1.64258
0.387935
0.400664
0.446904
0.518797
0.604569
0.699163
0.80174
0.91183
1.02934
1.15444
1.28206
1.39419
1.48285
1.55267
1.60783
1.65014
1.67477
1.67965
1.67105
1.66173
0.369694
0.382637
0.429312
0.501738
0.587889
0.682817
0.785787
0.896132
1.01404
1.13963
1.26821
1.38198
1.47381
1.54753
1.60532
1.6523
1.68023
1.69022
1.6543
1.6001
0.352518
0.366161
0.41242
0.485265
0.571432
0.666466
0.769727
0.880172
0.99809
1.12373
1.25261
1.36721
1.46089
1.53905
1.59581
1.63606
1.66507
1.65592
1.59856
1.53236
0.336102
0.350557
0.396418
0.469988
0.555526
0.650585
0.753341
0.864011
0.981643
1.10689
1.23528
1.34977
1.4431
1.52839
1.57837
1.63148
1.60576
1.56639
1.49651
1.42667
0.350215
0.368256
0.416822
0.49445
0.584837
0.683617
0.791621
0.905129
1.02567
1.1541
1.27598
1.37722
1.46213
1.55252
1.60336
1.52283
1.47909
1.41721
1.34357
1.29449
0.325845
0.342289
0.377844
0.445795
0.530905
0.62542
0.728271
0.838238
0.954937
1.07871
1.20485
1.31707
1.4067
1.48593
1.55685
1.55925
1.43887
1.35517
1.29223
1.20746
0.305859
0.321553
0.362865
0.43224
0.517603
0.611692
0.71334
0.822337
0.937946
1.06012
1.18424
1.29392
1.38039
1.4468
1.47369
1.40406
1.26211
1.16471
1.08841
0.997551
0.285467
0.297997
0.343809
0.414487
0.500031
0.594283
0.695844
0.804435
0.919022
1.0395
1.16054
1.26546
1.3448
1.3955
1.37343
1.24387
1.08801
0.967223
0.866959
0.726398
0.26188
0.27497
0.322808
0.394626
0.480495
0.574767
0.676176
0.784098
0.89746
1.01588
1.13333
1.23281
1.3042
1.33521
1.27666
1.09046
0.902388
0.742537
0.595105
0.393734
0.239394
0.252105
0.301173
0.374161
0.460533
0.554761
0.655768
0.762773
0.874664
0.99066
1.10415
1.19765
1.26039
1.26224
1.15165
0.945478
0.723685
0.509957
0.323558
-0.0970401
0.216958
0.229244
0.278802
0.352659
0.43944
0.533689
0.634285
0.740363
0.850672
0.964017
1.07322
1.1601
1.21235
1.17964
1.02686
0.81698
0.58823
0.362397
0.168967
-0.145357
0.193664
0.205787
0.255488
0.329877
0.416943
0.511223
0.611446
0.716619
0.825291
0.935818
1.04049
1.12031
1.1594
1.10715
0.914317
0.712692
0.503901
0.325651
0.249821
0.21348
0.16906
0.181006
0.230871
0.30553
0.392681
0.486831
0.586529
0.690572
0.797278
0.904505
1.00401
1.07607
1.10041
1.01869
0.814013
0.624975
0.453098
0.338195
0.300406
0.288535
0.142949
0.154837
0.204798
0.279615
0.366728
0.460583
0.559548
0.662206
0.766578
0.869997
0.963658
1.02779
1.03036
0.913408
0.723154
0.547868
0.401131
0.339984
0.325239
0.320406
0.115294
0.126946
0.177215
0.252145
0.339123
0.432513
0.530541
0.631529
0.7332
0.832352
0.919462
0.9753
0.950943
0.81355
0.637014
0.472819
0.365817
0.327522
0.334033
0.334562
0.0861012
0.0977293
0.148161
0.223192
0.309941
0.402711
0.499574
0.598616
0.697217
0.791612
0.871692
0.917353
0.875676
0.718862
0.558233
0.411334
0.363158
0.348287
0.343927
0.343573
0.0557863
0.0674246
0.11786
0.192961
0.279357
0.371337
0.466807
0.563622
0.65878
0.747958
0.820664
0.854571
0.804802
0.634387
0.487051
0.380128
0.331616
0.345056
0.347926
0.348379
0.0248295
0.0363997
0.0868505
0.161788
0.247711
0.338702
0.432554
0.526852
0.618222
0.701795
0.76665
0.791378
0.719207
0.554819
0.427573
0.351435
0.346727
0.348253
0.350431
0.351486
-0.00591249
0.00535685
0.0558034
0.130203
0.215501
0.305295
0.397275
0.488785
0.576074
0.653746
0.710591
0.72448
0.622297
0.476525
0.379311
0.368603
0.34617
0.345462
0.350723
0.352107
-0.0355247
-0.0246198
0.0253171
0.0992185
0.183428
0.271817
0.361663
0.45014
0.533136
0.604591
0.653721
0.649711
0.526279
0.382911
0.341316
0.327133
0.319352
0.318128
0.319473
0.322907
-0.062535
-0.0521038
-0.00316474
0.0696106
0.152561
0.239182
0.326642
0.411889
0.490487
0.555597
0.597488
0.579882
0.431742
0.253463
0.18799
0.228778
0.231637
0.236762
0.240511
0.246236
-0.0854659
-0.0757236
-0.028139
0.0429075
0.124045
0.208568
0.293389
0.375272
0.449544
0.508665
0.543126
0.518736
0.348681
0.101586
-0.126925
-0.0431267
0.0692405
0.124906
0.139875
0.145176
-0.102305
-0.093404
-0.0479906
0.0207819
0.0993455
0.181338
0.263302
0.341802
0.412002
0.466039
0.492343
0.469655
0.305962
0.0847263
-0.332501
-0.246277
-0.067858
-0.0311507
-0.00654141
0.0151293
-0.111327
-0.103222
-0.060857
0.0046869
0.0801766
0.159116
0.237921
0.313188
0.379774
0.42994
0.448224
0.440764
0.345273
0.373814
0.42137
0.309869
0.0880894
0.00253325
-0.00450523
-0.00727769
-0.1092
-0.102408
-0.0654731
-0.00365835
0.0680431
0.143409
0.218937
0.291309
0.355086
0.402183
0.416237
0.406384
0.380476
0.648345
1.21263
0.783088
0.260289
0.0199943
-0.0109801
-0.0161887
-0.0947467
-0.0900767
-0.0597299
-0.00318301
0.0641446
0.135487
0.207859
0.277901
0.340417
0.385888
0.398753
0.347071
0.140178
-0.204576
-0.69997
-1.20063
-1.35401
-0.993876
-0.526335
-0.330315
-0.0681922
-0.0646907
-0.042201
0.00661419
0.0687146
0.13599
0.205575
0.274432
0.337781
0.386704
0.399835
0.325436
-0.189833
-1.17568
-2.12399
-2.59325
-2.6513
-2.33626
-1.90537
-1.63593
-0.0326074
-0.0303581
-0.0154996
0.0244505
0.080913
0.144413
0.212108
0.281598
0.348574
0.407971
0.438619
0.426208
0.0257139
-0.506214
-1.10417
-1.31595
-1.16991
-0.845361
-0.501674
-0.252249
0.0070882
0.00834336
0.0173821
0.0471243
0.0977373
0.158814
0.225905
0.297951
0.37298
0.446884
0.522877
0.578878
0.653907
0.805928
1.14136
1.54094
1.97355
2.31338
2.51578
2.61141
0.0445416
0.0452411
0.0495762
0.0713868
0.116106
0.175704
0.243799
0.319838
0.404128
0.497533
0.608908
0.745017
0.958915
1.41932
2.07708
2.72264
3.23148
3.55746
3.72836
3.79191
0.0772803
0.0781134
0.0799064
0.0926683
0.13156
0.190529
0.261216
0.34163
0.431555
0.535989
0.651389
0.782455
0.922625
1.30205
1.88774
2.43571
2.87395
3.15074
3.29386
3.35059
0.109431
0.110027
0.11077
0.116301
0.146303
0.203581
0.276485
0.358767
0.449362
0.550029
0.659532
0.77153
0.882871
1.10779
1.55872
1.97883
2.30958
2.52759
2.64012
2.68302
0.131993
0.133236
0.134056
0.136065
0.160098
0.217268
0.291956
0.374109
0.462343
0.557792
0.658404
0.750089
0.836638
0.960275
1.26362
1.56493
1.79995
1.95668
2.03687
2.06589
0.144583
0.14511
0.142646
0.143286
0.170219
0.234089
0.312205
0.3932
0.476324
0.563335
0.652047
0.72584
0.791272
0.869696
1.06811
1.2697
1.42556
1.52769
1.57969
1.59929
0.180349
0.178386
0.172815
0.174089
0.204499
0.269655
0.345005
0.419807
0.493803
0.56938
0.645454
0.708345
0.761349
0.812596
0.946046
1.07778
1.17463
1.23778
1.26789
1.27798
0.27938
0.276165
0.270765
0.272389
0.296377
0.344082
0.400011
0.457897
0.516619
0.578288
0.641506
0.694965
0.737521
0.775749
0.862782
0.946072
1.00641
1.04515
1.06322
1.06826
0.418282
0.416155
0.413397
0.412906
0.421862
0.442061
0.470025
0.504097
0.543564
0.588912
0.638801
0.684354
0.721378
0.755837
0.806342
0.856552
0.895799
0.919869
0.93179
0.935145
0.536817
0.535771
0.534427
0.531147
0.52755
0.527354
0.533795
0.547832
0.569907
0.60001
0.637445
0.67496
0.70627
0.737671
0.76853
0.797623
0.821656
0.838671
0.847315
0.849382
0.607661
0.607099
0.60603
0.60165
0.593132
0.584203
0.579717
0.581937
0.591697
0.60915
0.634315
0.661827
0.686222
0.71312
0.73064
0.749894
0.768312
0.781802
0.788891
0.790083
0.639645
0.639212
0.638131
0.634114
0.626066
0.616273
0.608536
0.605063
0.607215
0.615325
0.628668
0.643738
0.661591
0.676429
0.686025
0.702377
0.72005
0.733404
0.740524
0.741621
0.650449
0.650041
0.649009
0.645866
0.639929
0.632124
0.624725
0.619525
0.617521
0.618625
0.621006
0.622043
0.621718
0.622363
0.630172
0.650803
0.67259
0.688748
0.697533
0.698734
0.652546
0.652156
0.65126
0.648873
0.644751
0.639271
0.633417
0.628308
0.62447
0.621058
0.614653
0.598582
0.573315
0.558424
0.574848
0.605789
0.632154
0.64913
0.657382
0.658259
0.651923
0.65158
0.650905
0.649125
0.646104
0.642288
0.638073
0.634017
0.630238
0.625149
0.613799
0.585933
0.539754
0.513361
0.541785
0.578765
0.604369
0.61814
0.623783
0.625243
0.65005
0.649804
0.64944
0.648296
0.646162
0.643482
0.640721
0.638283
0.636142
0.633587
0.623233
0.595145
0.547545
0.528503
0.561095
0.592051
0.609256
0.616968
0.61946
0.620276
0.645804
0.645678
0.645652
0.645211
0.644006
0.642525
0.641478
0.641378
0.642694
0.643387
0.642436
0.62862
0.602895
0.600851
0.622439
0.640308
0.64845
0.652356
0.653703
0.653532
0.637409
0.637395
0.637662
0.637845
0.63774
0.637701
0.639373
0.642163
0.647902
0.656047
0.667393
0.673765
0.6759
0.689214
0.696209
0.69735
0.695634
0.697641
0.699542
0.699582
0.623248
0.623361
0.62396
0.62478
0.62582
0.627647
0.63131
0.638101
0.649201
0.66606
0.689853
0.713686
0.741654
0.760949
0.755085
0.746985
0.745107
0.746462
0.747994
0.745949
0.601595
0.601897
0.602821
0.604242
0.606336
0.60985
0.616025
0.626472
0.642882
0.668024
0.700988
0.734617
0.77035
0.790466
0.778348
0.769766
0.769498
0.772261
0.770598
0.768435
0.569386
0.569915
0.571256
0.573348
0.576491
0.581509
0.589697
0.602832
0.623176
0.654146
0.692422
0.727791
0.757035
0.768292
0.765315
0.774792
0.780454
0.78359
0.782177
0.780396
0.523321
0.52416
0.525891
0.528589
0.532604
0.538567
0.547425
0.560829
0.581004
0.611765
0.651923
0.690918
0.708164
0.702993
0.718168
0.750803
0.781303
0.792159
0.786488
0.784775
0.460681
0.461768
0.463721
0.466771
0.471115
0.47667
0.483318
0.491758
0.503044
0.522323
0.56349
0.617689
0.634775
0.621959
0.660789
0.729504
0.777245
0.7988
0.794311
0.791699
0.380946
0.382116
0.383923
0.386824
0.390444
0.393204
0.392726
0.386467
0.371617
0.361557
0.413065
0.499689
0.532486
0.527117
0.597963
0.686461
0.757349
0.771316
0.765135
0.760992
0.288215
0.289134
0.290328
0.292462
0.293964
0.29089
0.276878
0.241736
0.178625
0.121785
0.19085
0.340643
0.402276
0.414267
0.519379
0.609525
0.670702
0.674552
0.667542
0.662557
0.192859
0.193124
0.193447
0.194511
0.193119
0.182733
0.15055
0.0736888
-0.0634735
-0.166529
-0.0670605
0.154661
0.250969
0.307663
0.408809
0.489916
0.50304
0.499176
0.49683
0.495507
0.108696
0.1083
0.108191
0.108237
0.106021
0.0905622
0.045689
-0.0632006
-0.24293
-0.377628
-0.258201
-0.00367686
0.114567
0.197511
0.297648
0.337107
0.321839
0.314509
0.313082
0.313283
0.020693
0.0209163
0.0227231
0.0247555
0.0247601
0.0180068
-0.0146414
-0.0770177
-0.130992
-0.123667
-0.0395794
0.00528758
0.00332348
-0.0265582
0.0494782
0.0554317
0.0481875
0.0460141
0.0454849
0.137851
-0.514686
0.222433
0.689327
0.962808
1.16246
1.31717
1.43921
1.54017
1.64469
1.73685
0.597618
0.809696
1.00173
1.16276
1.29754
1.40836
1.4993
1.57361
1.61973
1.62528
0.96011
1.08439
1.20531
1.31319
1.40626
1.48499
1.54955
1.59854
1.63023
1.64897
1.18635
1.27044
1.35306
1.42887
1.4953
1.55202
1.59862
1.63512
1.66277
1.68251
1.34989
1.40686
1.46817
1.52482
1.57401
1.61677
1.65298
1.68291
1.70725
1.72469
1.47793
1.52026
1.56835
1.6105
1.64944
1.68409
1.71434
1.74012
1.76154
1.77609
1.58408
1.61949
1.658
1.6934
1.72667
1.75713
1.78415
1.80728
1.82632
1.83827
1.67935
1.71109
1.74589
1.77921
1.81056
1.83943
1.86498
1.8866
1.90379
1.91348
1.77168
1.80464
1.84041
1.87484
1.90652
1.93514
1.95998
1.98051
1.99613
2.00445
1.87449
1.91214
1.95065
1.98723
2.01953
2.0476
2.07121
2.09034
2.10458
2.11315
2.00203
2.04447
2.08368
2.11972
2.15028
2.17606
2.19771
2.21541
2.22899
2.2392
2.1637
2.20537
2.23921
2.26868
2.29327
2.31485
2.33449
2.35196
2.36674
2.37947
2.3541
2.38496
2.40641
2.4256
2.44368
2.46094
2.47718
2.49303
2.50956
2.52651
2.55213
2.56357
2.57466
2.58879
2.60309
2.61595
2.62734
2.63822
2.65114
2.66803
2.73799
2.74791
2.75659
2.75903
2.7599
2.76418
2.77501
2.79098
2.80861
2.81322
3.03903
2.98366
2.93286
2.89262
2.87025
2.86623
2.87973
2.91353
2.96998
3.04554
1.58386
1.52517
1.48268
1.44882
1.42415
1.40658
1.39404
1.38507
1.37891
1.37536
1.37486
1.37762
1.38297
1.39084
1.40171
1.41673
1.43771
1.46679
1.50554
1.55336
1.38543
1.39418
1.3997
1.40052
1.39702
1.39095
1.38449
1.37897
1.37507
1.37331
1.37438
1.37787
1.38306
1.38948
1.3962
1.40143
1.40304
1.39979
1.39243
1.38476
1.36248
1.36451
1.36911
1.37261
1.37511
1.37652
1.3762
1.37443
1.37217
1.37051
1.37041
1.37211
1.37473
1.37728
1.37869
1.37831
1.37642
1.3736
1.36953
1.36514
1.35561
1.35648
1.35895
1.36166
1.36366
1.365
1.36595
1.36636
1.36614
1.36579
1.36601
1.36695
1.36793
1.36832
1.36794
1.36703
1.36558
1.36331
1.36065
1.35867
1.35001
1.35047
1.35187
1.35388
1.35581
1.35737
1.35848
1.35932
1.35996
1.36042
1.3609
1.36138
1.36157
1.36136
1.3608
1.35976
1.35819
1.35632
1.35464
1.35362
1.3449
1.34519
1.3461
1.34757
1.34919
1.35078
1.35217
1.35329
1.35422
1.35504
1.3557
1.35605
1.35604
1.35567
1.3549
1.35373
1.35236
1.35098
1.34985
1.34922
1.34003
1.34023
1.34092
1.3421
1.34348
1.34491
1.34636
1.34771
1.34889
1.34992
1.35073
1.35113
1.35107
1.35059
1.34976
1.34873
1.34764
1.34656
1.34572
1.34527
1.33534
1.33549
1.33604
1.33703
1.33827
1.3396
1.341
1.34243
1.34382
1.34506
1.34605
1.34654
1.3465
1.34604
1.34533
1.34449
1.34359
1.34272
1.34208
1.34174
1.33075
1.33087
1.33132
1.33219
1.33334
1.33462
1.33599
1.33745
1.33896
1.34042
1.34162
1.34227
1.34234
1.34204
1.3415
1.34082
1.34007
1.33937
1.33887
1.33861
1.3262
1.32629
1.32667
1.32746
1.32856
1.32981
1.33119
1.33269
1.3343
1.33595
1.33741
1.33829
1.33859
1.3385
1.33814
1.33763
1.33703
1.33647
1.33608
1.33588
1.32163
1.3217
1.32203
1.32277
1.32385
1.32511
1.32654
1.32813
1.3299
1.33178
1.33353
1.33474
1.33531
1.33544
1.33527
1.33491
1.33446
1.33402
1.33372
1.33356
1.31696
1.31702
1.31731
1.31802
1.31911
1.32043
1.32194
1.32369
1.32566
1.32783
1.32997
1.33157
1.33247
1.33285
1.33288
1.33269
1.33236
1.33203
1.33181
1.33169
1.31217
1.31221
1.31247
1.31318
1.31431
1.31572
1.31734
1.31926
1.32151
1.32408
1.32671
1.32876
1.33002
1.33072
1.33101
1.33102
1.33082
1.33059
1.33044
1.33035
1.30719
1.30722
1.30746
1.30817
1.30935
1.31085
1.31263
1.31476
1.31731
1.32031
1.32352
1.32619
1.32799
1.32909
1.32968
1.32994
1.32992
1.3298
1.32972
1.32966
1.30195
1.30196
1.30219
1.30292
1.30419
1.30585
1.30785
1.31031
1.31333
1.31696
1.32091
1.32428
1.32661
1.32812
1.32906
1.32957
1.32974
1.32976
1.32975
1.32972
1.2964
1.29642
1.29661
1.29734
1.29867
1.30046
1.30269
1.30549
1.30901
1.31335
1.31821
1.32249
1.32559
1.32773
1.32912
1.32998
1.33044
1.33066
1.33075
1.33074
1.29025
1.29025
1.29048
1.29121
1.29263
1.29461
1.29716
1.30046
1.30468
1.30995
1.31595
1.32131
1.32525
1.32805
1.33
1.33134
1.33215
1.3326
1.33279
1.3328
1.2832
1.28321
1.28345
1.28422
1.28577
1.28801
1.29098
1.2949
1.3
1.30646
1.31386
1.32053
1.32552
1.32916
1.33178
1.33362
1.33484
1.33556
1.33584
1.33585
1.27477
1.27477
1.27504
1.27593
1.2777
1.28033
1.28388
1.28863
1.29487
1.3028
1.31193
1.32021
1.32645
1.33104
1.33441
1.33686
1.33853
1.33951
1.33988
1.3399
1.26449
1.26449
1.26481
1.26589
1.26804
1.27126
1.27565
1.28153
1.28927
1.29909
1.31034
1.32053
1.32822
1.33392
1.33813
1.34121
1.34334
1.34458
1.34504
1.34507
1.25184
1.25184
1.25225
1.25361
1.25629
1.26035
1.26586
1.27326
1.28292
1.2951
1.30895
1.32142
1.33083
1.33781
1.343
1.3468
1.34944
1.35095
1.3515
1.35153
1.23607
1.23607
1.23662
1.23838
1.24185
1.24708
1.25416
1.2636
1.27581
1.29097
1.30797
1.32311
1.33448
1.34294
1.34924
1.35388
1.3571
1.3589
1.35953
1.35956
1.21603
1.21604
1.21677
1.21917
1.22384
1.23074
1.24004
1.25228
1.26783
1.28671
1.30746
1.3257
1.33931
1.34943
1.35701
1.3626
1.36647
1.36858
1.36931
1.36933
1.18995
1.18996
1.19101
1.19445
1.20101
1.21052
1.22309
1.23919
1.25905
1.2825
1.30763
1.32937
1.34549
1.35748
1.3665
1.37317
1.37774
1.38017
1.38099
1.38101
1.1549
1.15494
1.15667
1.16208
1.17191
1.18562
1.20303
1.22443
1.24976
1.27862
1.30871
1.33429
1.35315
1.3672
1.37781
1.38569
1.39098
1.39375
1.39465
1.39464
1.10531
1.1056
1.1095
1.11937
1.13526
1.15574
1.18014
1.20846
1.24043
1.27547
1.31097
1.34063
1.36237
1.3786
1.39089
1.40003
1.40614
1.40929
1.41022
1.41016
1.03375
1.03618
1.04737
1.06679
1.09262
1.12237
1.15557
1.19208
1.23155
1.27343
1.31484
1.34901
1.37403
1.39279
1.40711
1.41785
1.42508
1.42886
1.43002
1.43001
0.957744
0.96431
0.984189
1.01364
1.04969
1.08891
1.13099
1.17579
1.22312
1.27249
1.32085
1.36074
1.39007
1.4122
1.42921
1.44225
1.45118
1.45578
1.45722
1.45742
0.893793
0.900456
0.927007
0.964845
1.00932
1.05713
1.1076
1.16047
1.21546
1.27213
1.32716
1.37234
1.40552
1.4306
1.44986
1.46448
1.47448
1.48016
1.48181
1.48197
0.841788
0.848832
0.879093
0.922777
0.973608
1.02835
1.08597
1.14604
1.20814
1.27166
1.33291
1.38289
1.41941
1.44684
1.46782
1.48376
1.49517
1.50141
1.50304
1.50334
0.798674
0.806008
0.838691
0.886614
0.942434
1.00275
1.06636
1.1327
1.20112
1.27089
1.33781
1.39206
1.43143
1.46083
1.48325
1.50028
1.51226
1.51901
1.52102
1.52144
0.761821
0.769321
0.803631
0.854862
0.914802
0.979793
1.04851
1.1203
1.19437
1.26978
1.34185
1.39991
1.44173
1.47274
1.49622
1.51399
1.52644
1.53355
1.53596
1.53646
0.729267
0.736874
0.772407
0.826322
0.889713
0.958704
1.0319
1.10852
1.18768
1.26825
1.34506
1.40659
1.45057
1.48291
1.50718
1.52546
1.53823
1.54556
1.5482
1.54871
0.699607
0.707325
0.743889
0.800085
0.866412
0.938885
1.01603
1.09701
1.18082
1.26618
1.34744
1.41225
1.45823
1.49174
1.51665
1.5352
1.54813
1.55552
1.55829
1.55878
0.671988
0.679806
0.717266
0.77542
0.844346
0.919886
1.00056
1.08547
1.17357
1.26344
1.34899
1.417
1.46495
1.49958
1.52509
1.54389
1.55691
1.56436
1.56722
1.56772
0.645731
0.653686
0.691958
0.751813
0.823102
0.901386
0.985211
1.07371
1.16577
1.25991
1.34967
1.42093
1.4709
1.50674
1.5329
1.55202
1.56514
1.57251
1.57533
1.57595
0.620469
0.628587
0.667695
0.728995
0.802402
0.883144
0.96982
1.06158
1.15732
1.25553
1.34944
1.42405
1.47623
1.51343
1.54037
1.55986
1.57312
1.58049
1.58322
1.58376
0.595904
0.604223
0.643988
0.706815
0.78208
0.865024
0.954276
1.04901
1.14815
1.25023
1.34827
1.42641
1.48103
1.51978
1.54764
1.56763
1.58108
1.58843
1.59106
1.59146
0.571936
0.580482
0.620909
0.685098
0.762045
0.846967
0.938528
1.03595
1.13823
1.24398
1.34612
1.42797
1.48528
1.52583
1.5548
1.57539
1.58905
1.59634
1.59883
1.59911
0.548501
0.557178
0.59837
0.663774
0.742252
0.828942
0.92257
1.02242
1.12756
1.23676
1.34292
1.42863
1.48895
1.5316
1.56187
1.58316
1.59702
1.60418
1.60646
1.60663
0.525537
0.534403
0.576302
0.642842
0.7227
0.810971
0.906438
1.00844
1.11616
1.22855
1.33859
1.42829
1.49195
1.53707
1.56889
1.59095
1.60496
1.61188
1.61389
1.61395
0.503043
0.512101
0.554744
0.622329
0.703423
0.793097
0.890178
0.994085
1.10409
1.21937
1.3331
1.42686
1.49415
1.54216
1.5759
1.59883
1.61286
1.61936
1.62101
1.62096
0.481101
0.490355
0.533734
0.602277
0.684478
0.775374
0.87387
0.979424
1.09144
1.20928
1.32643
1.42421
1.49537
1.54676
1.58294
1.60698
1.6208
1.62654
1.6277
1.62754
0.459784
0.469238
0.513311
0.582725
0.665917
0.757884
0.857591
0.964555
1.07828
1.19836
1.31858
1.42022
1.49541
1.55064
1.58998
1.61571
1.62919
1.63355
1.63385
1.63356
0.439095
0.448758
0.493509
0.563725
0.647795
0.740703
0.841436
0.949582
1.06473
1.18669
1.3096
1.41482
1.49405
1.55346
1.59681
1.62536
1.63897
1.64119
1.63963
1.63899
0.41911
0.428976
0.474369
0.545328
0.630182
0.723888
0.82549
0.9346
1.05091
1.1744
1.29955
1.40796
1.49109
1.55477
1.60282
1.6358
1.65143
1.65209
1.64714
1.64453
0.399807
0.409861
0.455904
0.527535
0.613055
0.70742
0.809728
0.919575
1.03678
1.16145
1.28837
1.3994
1.48626
1.55406
1.60698
1.64594
1.66686
1.66999
1.66224
1.64469
0.381152
0.391421
0.438002
0.510177
0.596181
0.690981
0.793767
0.904033
1.02178
1.14718
1.27536
1.38841
1.47875
1.55053
1.60737
1.65243
1.68009
1.68329
1.67776
1.6316
0.36288
0.374053
0.420727
0.493392
0.579667
0.674669
0.777792
0.888202
1.00616
1.13183
1.26064
1.37493
1.46792
1.54372
1.60149
1.64669
1.67562
1.6825
1.63107
1.56743
0.343988
0.358779
0.404275
0.477286
0.563228
0.658302
0.761549
0.872091
0.989902
1.11539
1.24413
1.35881
1.45262
1.53388
1.58819
1.61756
1.64119
1.61849
1.55308
1.48521
0.325403
0.32368
0.384216
0.46428
0.549695
0.64466
0.745627
0.856349
0.973733
1.09863
1.22643
1.3404
1.4328
1.52329
1.54981
1.5489
1.55761
1.50505
1.43295
1.36049
0.349811
0.350904
0.408338
0.487411
0.577581
0.676231
0.781964
0.895206
1.0153
1.14308
1.26405
1.36446
1.44623
1.53481
1.56164
1.46839
1.38869
1.32517
1.25243
1.10327
0.308754
0.334956
0.395111
0.474798
0.564943
0.663229
0.768355
0.880892
0.999904
1.12593
1.24402
1.34105
1.41554
1.47313
1.44889
1.32729
1.20829
1.12691
1.04172
0.871812
0.284277
0.315257
0.376323
0.455776
0.545928
0.643935
0.749142
0.860804
0.978363
1.10196
1.21647
1.30844
1.37438
1.39952
1.32675
1.16328
1.02244
0.918099
0.801221
0.556361
0.260417
0.293779
0.356074
0.436211
0.52647
0.624361
0.729156
0.839793
0.95568
1.07648
1.1866
1.27248
1.32632
1.3189
1.18653
0.995498
0.818353
0.6708
0.504984
0.104737
0.23761
0.27179
0.335144
0.416117
0.506564
0.60428
0.708401
0.817905
0.931935
1.04961
1.15469
1.23385
1.27147
1.23198
1.05024
0.836132
0.613755
0.420312
0.161507
-0.463564
0.21509
0.249266
0.313298
0.394875
0.485541
0.583062
0.686527
0.794821
0.906806
1.02106
1.12074
1.19207
1.21273
1.12902
0.925114
0.702685
0.473679
0.2587
0.0766038
-0.632458
0.191738
0.225928
0.290309
0.372257
0.463095
0.560456
0.663299
0.770363
0.88018
0.990788
1.08488
1.14723
1.14669
1.01603
0.818037
0.605652
0.407844
0.27131
0.240673
0.189973
0.167143
0.201308
0.26588
0.347972
0.438813
0.535862
0.637914
0.743473
0.850728
0.957072
1.04508
1.09645
1.07211
0.911452
0.721585
0.53523
0.383594
0.31628
0.293869
0.287068
0.140963
0.175222
0.239934
0.322057
0.412748
0.509314
0.610328
0.714074
0.818365
0.919839
1.00122
1.0395
0.997598
0.813284
0.633774
0.470103
0.353235
0.322221
0.321076
0.32071
0.113137
0.147597
0.212444
0.294558
0.384968
0.480847
0.580586
0.682209
0.783093
0.879162
0.95303
0.979125
0.912369
0.722353
0.551815
0.407724
0.35245
0.337236
0.334848
0.334917
0.0837908
0.118505
0.18348
0.265527
0.35553
0.45054
0.548761
0.647936
0.744982
0.835154
0.900648
0.914632
0.812819
0.638246
0.479595
0.365925
0.340133
0.343695
0.343557
0.343846
0.0534252
0.0882735
0.153279
0.235167
0.324619
0.418558
0.515005
0.611402
0.704204
0.787994
0.845074
0.840152
0.72044
0.56023
0.419973
0.371809
0.349805
0.348259
0.348282
0.348514
0.0223986
0.0574303
0.122193
0.203814
0.292548
0.385203
0.47962
0.572929
0.661113
0.738105
0.786852
0.7646
0.630452
0.490723
0.376349
0.340168
0.346737
0.349334
0.351097
0.35181
-0.00836599
0.0264058
0.0909464
0.172016
0.259808
0.350963
0.443082
0.533017
0.616263
0.686298
0.72552
0.688083
0.537725
0.427372
0.347719
0.336574
0.341781
0.348591
0.351763
0.35274
-0.0379365
-0.00383205
0.0603453
0.140473
0.227115
0.316511
0.406088
0.492417
0.57049
0.633368
0.662933
0.61118
0.44005
0.348679
0.348556
0.333515
0.320387
0.317806
0.3214
0.324371
-0.064921
-0.0317577
0.0312759
0.110277
0.195456
0.282775
0.369573
0.452144
0.525001
0.580401
0.604232
0.530165
0.334883
0.192695
0.24173
0.232458
0.235603
0.237834
0.243739
0.248095
-0.0876959
-0.0560344
0.00544468
0.0826778
0.165928
0.250935
0.334746
0.413507
0.48138
0.529275
0.550183
0.453149
0.235041
-0.0392963
-0.118155
0.0128579
0.104888
0.135431
0.14286
0.147167
-0.104378
-0.0748019
-0.0154561
0.0592372
0.139996
0.222322
0.303051
0.378082
0.441525
0.48281
0.500485
0.399099
0.212704
-0.104653
-0.356766
-0.123878
-0.0449479
-0.0197061
0.00731946
0.0176051
-0.113017
-0.0859579
-0.0299445
0.0415848
0.11932
0.198534
0.276078
0.347756
0.40736
0.444275
0.457518
0.385621
0.351778
0.444808
0.388701
0.193565
0.0219136
-0.000272698
-0.0060244
-0.00791122
-0.111547
-0.0880775
-0.0364173
0.0313186
0.105373
0.181158
0.255594
0.32453
0.381067
0.415468
0.414675
0.378523
0.465167
0.889646
1.02394
0.501632
0.0906
-0.0047503
-0.015532
-0.0135007
-0.096787
-0.0787877
-0.0336388
0.0295865
0.0993567
0.171562
0.243263
0.310354
0.365774
0.398111
0.391216
0.256583
-0.00350107
-0.443625
-0.98025
-1.33083
-1.22229
-0.74312
-0.388603
-0.340442
-0.0698862
-0.0568806
-0.0202806
0.0366074
0.101774
0.170508
0.240191
0.306941
0.364799
0.399967
0.388507
0.130414
-0.630511
-1.74367
-2.38879
-2.67689
-2.52586
-2.11575
-1.74196
-1.58402
-0.0340204
-0.025415
0.00154851
0.0513332
0.112064
0.177723
0.246646
0.315613
0.379523
0.430091
0.435908
0.265541
-0.23003
-0.817232
-1.25869
-1.28309
-1.02094
-0.668687
-0.362661
-0.202218
0.00594364
0.0109551
0.0292757
0.0705349
0.127392
0.191505
0.261324
0.33515
0.409749
0.48646
0.550478
0.625713
0.699591
0.96128
1.32762
1.76091
2.16045
2.43031
2.57542
2.63294
0.0437437
0.0462291
0.0576032
0.0913765
0.14441
0.208635
0.280701
0.360646
0.449839
0.548894
0.676503
0.825243
1.15186
1.7385
2.41013
2.99906
3.41713
3.65982
3.77092
3.80197
0.0777396
0.0785847
0.0836209
0.109054
0.15901
0.224792
0.300106
0.385176
0.481627
0.59355
0.714909
0.848837
1.0677
1.58932
2.17096
2.67341
3.03229
3.23625
3.33055
3.36005
0.109678
0.110418
0.111816
0.127512
0.172322
0.23869
0.316291
0.403072
0.497611
0.605485
0.715104
0.827489
0.960949
1.32195
1.77913
2.15623
2.43403
2.59517
2.6683
2.6895
0.132579
0.133871
0.134123
0.143938
0.185604
0.253145
0.332113
0.417365
0.508378
0.60935
0.705958
0.794674
0.874969
1.09878
1.4213
1.69094
1.88929
2.00506
2.05636
2.06909
0.145212
0.144093
0.14172
0.151835
0.199129
0.272209
0.352452
0.434081
0.518831
0.609403
0.691961
0.757967
0.817088
0.959565
1.1728
1.3539
1.48409
1.55886
1.59285
1.60044
0.17995
0.175564
0.171467
0.18432
0.234471
0.306877
0.382583
0.456426
0.531091
0.60876
0.679335
0.73345
0.782017
0.872226
1.01522
1.13044
1.2111
1.25615
1.2749
1.27778
0.278225
0.273369
0.269846
0.280915
0.318234
0.371517
0.428822
0.486784
0.546848
0.610713
0.670059
0.715315
0.755728
0.815234
0.906216
0.979278
1.02874
1.05637
1.06689
1.06752
0.417213
0.414859
0.412463
0.415851
0.430916
0.455103
0.486423
0.523043
0.565446
0.614367
0.662488
0.702272
0.738419
0.77807
0.831268
0.878756
0.909644
0.92703
0.934469
0.934101
0.53611
0.535301
0.533028
0.529178
0.526776
0.529695
0.53986
0.557822
0.584075
0.618841
0.655768
0.691705
0.723428
0.753069
0.783037
0.810499
0.831235
0.843971
0.849063
0.84816
0.607218
0.606835
0.604364
0.597796
0.588407
0.581249
0.579901
0.585858
0.599569
0.62111
0.646914
0.674403
0.704087
0.721448
0.739946
0.759536
0.775856
0.786126
0.790165
0.788768
0.639346
0.638912
0.636588
0.63054
0.621135
0.612009
0.606156
0.605457
0.610662
0.621542
0.635602
0.652569
0.672077
0.681246
0.693227
0.71151
0.727491
0.73775
0.741787
0.74043
0.650219
0.649707
0.647759
0.643236
0.636117
0.628272
0.621779
0.61819
0.617865
0.61993
0.621521
0.621888
0.623026
0.624489
0.639627
0.662028
0.681612
0.694073
0.699044
0.697555
0.652346
0.65184
0.650288
0.64701
0.642138
0.636364
0.63075
0.626298
0.622928
0.618541
0.607959
0.587222
0.562181
0.563453
0.590319
0.620057
0.641887
0.654299
0.658593
0.657242
0.651745
0.651333
0.650186
0.647737
0.644277
0.640226
0.636034
0.632133
0.628143
0.620758
0.602058
0.564202
0.518628
0.523548
0.561128
0.593381
0.6125
0.62165
0.624973
0.624748
0.649905
0.649674
0.649003
0.647298
0.644892
0.642084
0.639459
0.637184
0.635029
0.629379
0.611973
0.572611
0.529401
0.543706
0.578054
0.602085
0.614073
0.618579
0.620056
0.619955
0.645702
0.64568
0.645517
0.644702
0.643248
0.641898
0.641231
0.641829
0.643507
0.64379
0.637608
0.615965
0.596231
0.611892
0.633143
0.64509
0.65076
0.653175
0.653858
0.653065
0.637349
0.637515
0.637784
0.637823
0.637675
0.637825
0.6403
0.644372
0.652186
0.661829
0.671621
0.674523
0.679912
0.694279
0.697421
0.696153
0.696626
0.698753
0.699861
0.699306
0.623226
0.62362
0.624352
0.625253
0.62658
0.629179
0.63414
0.642817
0.657205
0.677731
0.70213
0.726119
0.755195
0.757939
0.750452
0.745071
0.74535
0.747913
0.747113
0.745109
0.601663
0.602295
0.603469
0.605176
0.607852
0.61252
0.620533
0.63392
0.654674
0.684062
0.718172
0.751328
0.786086
0.78436
0.771681
0.769106
0.771282
0.771544
0.769173
0.768004
0.569542
0.570493
0.572204
0.574751
0.578696
0.585103
0.595502
0.612315
0.63741
0.672908
0.711743
0.742723
0.767792
0.765828
0.769572
0.777272
0.782668
0.784075
0.780842
0.780121
0.523641
0.524913
0.527109
0.530397
0.535288
0.542537
0.553386
0.570047
0.594674
0.631704
0.673957
0.702148
0.707096
0.708349
0.734247
0.769558
0.787666
0.790127
0.784986
0.7851
0.461143
0.462625
0.465095
0.468775
0.473746
0.479851
0.487154
0.496618
0.510579
0.539786
0.592779
0.631082
0.625481
0.632941
0.694946
0.756411
0.795729
0.79788
0.792562
0.79165
0.381504
0.382908
0.38523
0.388613
0.392047
0.393559
0.390461
0.380029
0.364572
0.378192
0.459475
0.523452
0.520417
0.552092
0.646193
0.722961
0.76789
0.767408
0.762494
0.760426
0.288726
0.289634
0.291307
0.293473
0.293279
0.28576
0.26276
0.2131
0.142946
0.13727
0.269811
0.383228
0.404629
0.464112
0.564968
0.654288
0.679127
0.671392
0.664544
0.661581
0.193105
0.193173
0.193989
0.194426
0.189569
0.17045
0.119236
0.0119352
-0.132333
-0.144886
0.0540805
0.21936
0.266031
0.361852
0.4515
0.499961
0.499784
0.497669
0.496105
0.495056
0.108571
0.10819
0.108272
0.107278
0.100406
0.073543
0.00107073
-0.148379
-0.323911
-0.350953
-0.109432
0.0704905
0.140929
0.25037
0.329549
0.329323
0.317846
0.313274
0.313214
0.313307
0.0433901
0.042513
0.0433861
0.0454635
0.0451471
0.0368841
0.00422877
-0.0832275
-0.218447
-0.306546
-0.21073
-0.0450935
-0.000103588
0.0760125
0.127301
0.150152
0.147286
0.141223
0.138383
0.137626
-0.0865888
0.50321
0.837684
1.06703
1.24369
1.38067
1.49237
1.58897
1.70202
1.69721
0.751879
0.91238
1.0858
1.23352
1.35583
1.45596
1.5387
1.60155
1.62774
1.6319
1.03956
1.14628
1.26121
1.36156
1.44739
1.51907
1.57618
1.61637
1.64147
1.65827
1.23981
1.31289
1.39218
1.4633
1.5249
1.5766
1.6181
1.64987
1.67453
1.693
1.38864
1.44287
1.49792
1.55022
1.59621
1.63568
1.6687
1.6957
1.718
1.73622
1.50734
1.54657
1.58963
1.6305
1.66731
1.69975
1.7278
1.7513
1.77081
1.78854
1.60784
1.63921
1.67597
1.71034
1.7423
1.7711
1.79624
1.81728
1.83423
1.85158
1.69928
1.72851
1.76279
1.79515
1.82536
1.85266
1.87632
1.89574
1.91036
1.9275
1.79092
1.82235
1.85795
1.89103
1.92126
1.94806
1.97081
1.98895
2.00165
2.01892
1.89531
1.93118
1.96945
2.0039
2.03411
2.05997
2.08135
2.09807
2.10973
2.12759
2.02504
2.0641
2.10239
2.13565
2.16372
2.18738
2.20707
2.22264
2.23451
2.25278
2.18622
2.22271
2.25466
2.28145
2.30434
2.3249
2.34356
2.35963
2.37337
2.39125
2.37095
2.3962
2.4162
2.43474
2.45243
2.4692
2.4851
2.50112
2.51826
2.53741
2.55783
2.56875
2.5815
2.59609
2.60972
2.62182
2.63275
2.64412
2.65954
2.67898
2.73976
2.75326
2.75833
2.75935
2.76133
2.76872
2.78246
2.80008
2.81383
2.82518
3.00868
2.95812
2.91067
2.8791
2.86608
2.87065
2.89389
2.93896
3.00566
3.09978
1.44049
1.43747
1.43141
1.42047
1.40797
1.39664
1.38756
1.38076
1.37622
1.37424
1.37536
1.37925
1.38533
1.39356
1.40401
1.4163
1.42863
1.43733
1.44184
1.44399
1.3688
1.37545
1.3807
1.3843
1.3854
1.38375
1.38027
1.37643
1.37338
1.37197
1.37293
1.37587
1.37988
1.38404
1.38702
1.38752
1.38517
1.38077
1.37447
1.36864
1.35873
1.36169
1.36505
1.36753
1.36927
1.37044
1.37063
1.36983
1.3687
1.36814
1.36888
1.37051
1.37208
1.3728
1.37233
1.37103
1.3691
1.36621
1.36286
1.36057
1.35273
1.35415
1.35636
1.35862
1.36033
1.3615
1.36236
1.36289
1.36307
1.36327
1.36382
1.36446
1.3647
1.36441
1.36372
1.36253
1.36068
1.35842
1.35665
1.35557
1.34742
1.34824
1.3497
1.35147
1.3532
1.35466
1.35576
1.35664
1.35738
1.35802
1.35852
1.35874
1.35861
1.35815
1.35724
1.3559
1.35432
1.35276
1.35172
1.35105
1.34244
1.343
1.34408
1.3455
1.347
1.34849
1.34985
1.351
1.35199
1.35285
1.35341
1.35357
1.35334
1.35269
1.3517
1.35052
1.34928
1.34815
1.34743
1.34697
1.33767
1.33808
1.33895
1.34018
1.34151
1.34291
1.34434
1.3457
1.34691
1.34796
1.34865
1.34883
1.34854
1.34789
1.34701
1.34605
1.34505
1.34416
1.34363
1.34328
1.33304
1.33336
1.33409
1.33517
1.33642
1.33776
1.33917
1.34063
1.34205
1.34332
1.34417
1.34443
1.34421
1.34369
1.34298
1.34218
1.34136
1.34067
1.34026
1.33999
1.32847
1.32873
1.32936
1.33035
1.33155
1.33287
1.33429
1.33581
1.33739
1.3389
1.33996
1.34039
1.34035
1.34001
1.33947
1.33883
1.33817
1.33762
1.3373
1.33708
1.32392
1.32414
1.32469
1.32563
1.32681
1.32813
1.3296
1.33121
1.33293
1.33467
1.33602
1.33674
1.33695
1.3368
1.33644
1.33596
1.33543
1.335
1.33476
1.33458
1.31931
1.31949
1.31999
1.32092
1.3221
1.32347
1.32504
1.32681
1.32876
1.33081
1.33251
1.33355
1.33401
1.33408
1.33389
1.33355
1.33315
1.33283
1.33264
1.33249
1.31459
1.31473
1.31521
1.31614
1.31738
1.31884
1.32053
1.3225
1.32474
1.32718
1.32933
1.33075
1.33153
1.33185
1.33186
1.33166
1.33138
1.33114
1.33101
1.33089
1.30971
1.30983
1.31028
1.31124
1.31255
1.31411
1.31595
1.31815
1.32074
1.32368
1.32636
1.32826
1.32944
1.33009
1.33036
1.33035
1.3302
1.33006
1.32997
1.32987
1.30461
1.30471
1.30516
1.30616
1.30756
1.30927
1.31135
1.31387
1.3169
1.32042
1.3238
1.32632
1.32797
1.32896
1.3295
1.32971
1.32972
1.32968
1.32964
1.32956
1.29924
1.2993
1.29975
1.30079
1.30231
1.3042
1.30655
1.30949
1.31311
1.31742
1.32162
1.32483
1.32705
1.3285
1.32935
1.32984
1.33005
1.33013
1.33014
1.33008
1.29341
1.29349
1.29393
1.295
1.29662
1.29871
1.30139
1.3048
1.30909
1.31432
1.31957
1.32371
1.32666
1.32869
1.33002
1.33091
1.33139
1.33162
1.33168
1.33163
1.28687
1.28694
1.2874
1.28853
1.29032
1.29271
1.29585
1.29995
1.30519
1.31163
1.31812
1.32329
1.32706
1.32974
1.33163
1.33293
1.33375
1.33414
1.33425
1.33419
1.27918
1.27926
1.27978
1.28102
1.28303
1.28581
1.28954
1.29447
1.30084
1.30875
1.3168
1.32329
1.3281
1.33159
1.33411
1.33591
1.33708
1.33766
1.3378
1.33773
1.26987
1.26996
1.27058
1.27205
1.27444
1.2778
1.28237
1.28845
1.29632
1.30608
1.31601
1.32402
1.32999
1.33439
1.33764
1.33995
1.34148
1.34222
1.3424
1.34231
1.25846
1.25858
1.25937
1.26117
1.26412
1.26832
1.27401
1.28159
1.29135
1.3034
1.31561
1.32545
1.33279
1.33823
1.34227
1.34516
1.34706
1.34797
1.34819
1.34808
1.24432
1.24449
1.24553
1.24783
1.25158
1.25692
1.26415
1.2737
1.28591
1.30081
1.31574
1.32771
1.33664
1.34326
1.34821
1.35177
1.3541
1.35517
1.35542
1.3553
1.22653
1.22679
1.22821
1.23123
1.23613
1.24307
1.25242
1.26463
1.27998
1.29838
1.31654
1.33096
1.3417
1.34968
1.35566
1.35999
1.36277
1.36402
1.36431
1.36416
1.20363
1.20406
1.20607
1.2102
1.21685
1.22615
1.2385
1.25427
1.27361
1.29623
1.31813
1.33535
1.34813
1.35765
1.36481
1.37001
1.37328
1.37472
1.37503
1.37486
1.17339
1.17413
1.17715
1.18316
1.19264
1.20558
1.22221
1.24272
1.26702
1.2946
1.32074
1.34104
1.35609
1.36733
1.37581
1.38195
1.38572
1.38736
1.38769
1.38749
1.13184
1.13334
1.13853
1.14816
1.16246
1.18104
1.20368
1.2303
1.26056
1.2938
1.32455
1.34817
1.36566
1.37879
1.3887
1.39583
1.40013
1.40196
1.40228
1.40204
1.07163
1.07625
1.08709
1.10372
1.12615
1.153
1.1836
1.21767
1.25477
1.29415
1.32976
1.35681
1.3768
1.39185
1.40321
1.41138
1.41629
1.41824
1.41849
1.41823
1.00012
1.00827
1.02799
1.0551
1.08774
1.1238
1.16296
1.20502
1.24961
1.2961
1.33772
1.36936
1.39291
1.41074
1.42422
1.43391
1.43979
1.44215
1.44242
1.44234
0.928474
0.942441
0.971038
1.00819
1.0503
1.09542
1.1431
1.19321
1.24541
1.29916
1.34701
1.38339
1.41053
1.43124
1.44711
1.45873
1.4652
1.46736
1.46801
1.4681
0.869902
0.887533
0.921822
0.966265
1.01601
1.06894
1.12437
1.18204
1.24152
1.3022
1.35586
1.39648
1.4267
1.44969
1.46722
1.47993
1.48724
1.49054
1.49152
1.49169
0.822053
0.841661
0.880158
0.930011
0.985722
1.04502
1.1071
1.17151
1.23764
1.30474
1.3637
1.40803
1.44082
1.46565
1.48463
1.49856
1.50691
1.51071
1.51186
1.51202
0.781875
0.8026
0.844298
0.898385
0.958943
1.02354
1.09131
1.16164
1.23375
1.30667
1.3704
1.41799
1.45293
1.47924
1.49928
1.51396
1.52306
1.52727
1.52856
1.52873
0.74693
0.768405
0.812614
0.870178
0.934791
1.00393
1.07667
1.15225
1.22975
1.30799
1.37605
1.42651
1.46328
1.49075
1.51154
1.52676
1.53644
1.54095
1.54228
1.54243
0.715652
0.737675
0.783915
0.844392
0.912479
0.985592
1.06273
1.14305
1.22548
1.30864
1.38073
1.43383
1.4722
1.50062
1.52192
1.53749
1.54737
1.55207
1.55347
1.55356
0.686906
0.709338
0.757367
0.820322
0.891431
0.968038
1.04912
1.13375
1.22075
1.30855
1.38451
1.44014
1.48001
1.50926
1.53099
1.54672
1.55671
1.56147
1.56283
1.56293
0.659812
0.682714
0.732288
0.797415
0.871217
0.950933
1.03556
1.12413
1.21541
1.30766
1.38741
1.4456
1.487
1.51709
1.53926
1.55518
1.56522
1.57006
1.57131
1.57128
0.633934
0.657357
0.708131
0.775312
0.851525
0.934033
1.02186
1.11406
1.20933
1.30588
1.38946
1.45029
1.49335
1.52441
1.54708
1.56322
1.57333
1.5781
1.57935
1.57928
0.608925
0.632859
0.684746
0.753791
0.832149
0.917168
1.00791
1.10343
1.20245
1.30318
1.39064
1.45432
1.49923
1.53141
1.5547
1.57115
1.58134
1.58603
1.58723
1.58712
0.584563
0.608974
0.66202
0.732699
0.812984
0.900262
0.993629
1.09219
1.19472
1.2995
1.39094
1.4577
1.50469
1.53818
1.56224
1.57906
1.58934
1.59394
1.59501
1.59489
0.560733
0.585668
0.639799
0.711951
0.793973
0.88327
0.979001
1.08033
1.18613
1.2948
1.39029
1.46036
1.50973
1.54478
1.56974
1.58699
1.59734
1.60176
1.6027
1.60252
0.537406
0.562895
0.618028
0.691526
0.775103
0.866206
0.964049
1.06787
1.17666
1.28904
1.38858
1.46222
1.51434
1.55121
1.57723
1.59493
1.60527
1.60947
1.61022
1.60999
0.514623
0.540608
0.596718
0.671434
0.756404
0.849104
0.948814
1.05485
1.16635
1.28219
1.38573
1.46319
1.51841
1.55748
1.58475
1.60288
1.61306
1.61692
1.61748
1.6172
0.492345
0.518851
0.575901
0.65172
0.737923
0.832022
0.933368
1.04134
1.15524
1.27426
1.38169
1.46309
1.52181
1.56357
1.59242
1.61093
1.62069
1.62402
1.62435
1.62403
0.470682
0.497696
0.555617
0.632423
0.719717
0.815042
0.917795
1.02744
1.14344
1.26527
1.37637
1.46178
1.52434
1.56938
1.60036
1.61935
1.62828
1.63068
1.6307
1.63038
0.449629
0.477193
0.535895
0.613605
0.701859
0.798236
0.90219
1.01325
1.13101
1.25531
1.36975
1.4591
1.52574
1.57467
1.6087
1.62872
1.63639
1.63705
1.63643
1.63616
0.429284
0.457345
0.516794
0.595319
0.684409
0.781687
0.886639
0.998859
1.1181
1.24446
1.36181
1.45491
1.52569
1.579
1.61723
1.63973
1.64656
1.64431
1.64169
1.64104
0.409585
0.438183
0.498361
0.577624
0.667443
0.765482
0.871263
0.984408
1.10482
1.23284
1.35261
1.44911
1.52391
1.58167
1.62512
1.65235
1.661
1.65694
1.64815
1.63041
0.390596
0.419714
0.480456
0.560319
0.650666
0.749283
0.855637
0.96942
1.09064
1.21989
1.34154
1.441
1.51986
1.58178
1.63077
1.66496
1.67947
1.67717
1.66055
1.67273
0.372189
0.401953
0.463135
0.543461
0.634133
0.733154
0.839773
0.953929
1.07557
1.20552
1.32846
1.43005
1.51294
1.57803
1.62997
1.66883
1.68812
1.68383
1.62243
1.6029
0.353778
0.384337
0.446649
0.527453
0.618327
0.717537
0.823873
0.938197
1.0599
1.18997
1.31343
1.41594
1.50251
1.57
1.61729
1.65489
1.66575
1.63284
1.56206
1.51865
0.334678
0.36601
0.431409
0.512649
0.603639
0.702577
0.808306
0.922396
1.04372
1.17326
1.29637
1.39865
1.48674
1.55837
1.60516
1.60824
1.59126
1.53252
1.45901
1.41377
0.738843
0.849369
0.966488
1.09094
1.21778
1.33057
1.42104
1.27777
0.31419
0.333068
0.37085
0.439209
0.524407
0.61858
0.720697
0.830068
0.946211
1.0692
1.19449
1.30583
1.39451
1.46806
1.51973
1.48845
1.34694
1.25914
1.19014
0.296778
0.309784
0.353802
0.423888
0.509351
0.603524
0.70506
0.81384
0.928953
1.0503
1.17297
1.28044
1.36363
1.42277
1.42292
1.32266
1.17655
1.06871
0.978036
0.273794
0.286537
0.333467
0.40465
0.490322
0.584592
0.686126
0.794439
0.908447
1.02795
1.14724
1.24951
1.325
1.36626
1.32672
1.1668
0.996059
0.85772
0.736683
0.250687
0.263609
0.312129
0.384502
0.470616
0.56486
0.666083
0.773567
0.886207
1.00345
1.11898
1.21557
1.28296
1.30094
1.2166
1.01655
0.810861
0.622496
0.442984
0.228437
0.24083
0.290169
0.363581
0.45015
0.544388
0.645172
0.751702
0.86281
0.977491
1.08885
1.17912
1.23713
1.22008
1.08761
0.878027
0.648382
0.426985
0.226198
0.205763
0.217826
0.267393
0.341487
0.42842
0.522705
0.623122
0.728766
0.838296
0.950297
1.05732
1.14081
1.18669
1.14252
0.969427
0.762825
0.540145
0.328159
0.198105
0.159559
0.18185
0.193735
0.243477
0.317926
0.405031
0.49927
0.599251
0.703893
0.811623
0.920567
1.02275
1.09882
1.13058
1.06677
0.862642
0.666382
0.47719
0.331568
0.284367
0.258229
0.156625
0.168325
0.218166
0.292799
0.379922
0.473936
0.573306
0.676687
0.78227
0.887658
0.984345
1.05261
1.06742
0.966051
0.76789
0.585914
0.426837
0.33508
0.312997
0.308046
0.129815
0.141351
0.191362
0.266114
0.35314
0.446775
0.545304
0.647156
0.750227
0.851577
0.942053
1.00244
0.990423
0.862827
0.679381
0.508805
0.379728
0.334193
0.331021
0.329104
0.10144
0.11288
0.163042
0.237901
0.32473
0.417831
0.5153
0.615355
0.715537
0.812381
0.896035
0.947427
0.912366
0.765412
0.596305
0.437732
0.358133
0.339355
0.339791
0.339939
0.0717102
0.0832435
0.13334
0.208286
0.294823
0.387211
0.483411
0.581379
0.678297
0.770145
0.846617
0.8865
0.840658
0.675711
0.520684
0.393394
0.352287
0.349104
0.346602
0.346505
0.0411731
0.0527362
0.102647
0.177549
0.263658
0.355157
0.449854
0.545449
0.638756
0.725177
0.79407
0.823109
0.764468
0.594347
0.454346
0.359183
0.341031
0.347501
0.349951
0.350618
0.0104227
0.0219118
0.0715694
0.146103
0.231658
0.322068
0.415018
0.507957
0.597321
0.677981
0.738903
0.759064
0.671284
0.515916
0.39893
0.36033
0.343476
0.346817
0.351197
0.352533
-0.0194602
-0.00848192
0.0407124
0.114746
0.19941
0.288523
0.379476
0.469499
0.554663
0.629259
0.682248
0.687809
0.574111
0.432317
0.36338
0.35128
0.341465
0.33873
0.341023
0.343413
-0.0474844
-0.0368661
0.0110198
0.0843395
0.167801
0.255338
0.34403
0.430916
0.511718
0.57999
0.625553
0.613773
0.478844
0.321777
0.28536
0.28342
0.281284
0.28353
0.285426
0.290069
-0.0723123
-0.0621072
-0.0158137
0.0559498
0.137965
0.223555
0.309735
0.393313
0.469728
0.531783
0.570151
0.54824
0.388272
0.173303
0.0481867
0.117171
0.159525
0.18477
0.193281
0.198273
-0.0917663
-0.0822833
-0.0382772
0.0313317
0.111155
0.194437
0.277881
0.358068
0.43026
0.486718
0.517342
0.492109
0.319535
0.057191
-0.297762
-0.196632
-0.020011
0.0517413
0.071952
0.0846529
-0.104235
-0.0957647
-0.0546946
0.0119684
0.0890052
0.169514
0.249947
0.326797
0.395124
0.447097
0.469235
0.452522
0.314704
0.189184
-0.131606
-0.0722876
-0.037791
-0.0345601
-0.0271788
-0.0186928
-0.10744
-0.100519
-0.0633692
-0.000555151
0.0731732
0.150368
0.227554
0.301329
0.366365
0.414978
0.430699
0.430594
0.3785
0.575833
1.03159
0.723238
0.206874
0.0110737
-0.00108
-0.00408566
-0.100545
-0.0948458
-0.0625234
-0.0046319
0.0649671
0.13842
0.212372
0.283472
0.346394
0.392286
0.407991
0.389988
0.310384
0.403667
0.542852
0.156325
-0.107378
-0.163048
-0.0711206
-0.0471244
-0.0803884
-0.0761592
-0.0500399
0.000801925
0.065193
0.134686
0.205616
0.274897
0.337515
0.383771
0.395935
0.329312
-0.06152
-0.863855
-1.73603
-2.29069
-2.31658
-1.87529
-1.38558
-1.04238
-0.0491962
-0.0465418
-0.0271682
0.0154997
0.0737412
0.139265
0.207815
0.276744
0.341432
0.394998
0.413055
0.358975
-0.166042
-0.997769
-1.91229
-2.37426
-2.37247
-2.0349
-1.65854
-1.36753
-0.0110746
-0.0095024
0.00236269
0.036934
0.0888314
0.15098
0.218308
0.288794
0.359334
0.42529
0.477858
0.500629
0.337709
0.164377
0.098733
0.213635
0.502405
0.801299
1.03749
1.1666
0.0278253
0.0287714
0.0348462
0.0601997
0.107094
0.167277
0.234595
0.308523
0.388345
0.471797
0.568397
0.672661
0.869511
1.24928
1.80613
2.40009
2.89458
3.21393
3.37493
3.43038
0.0617113
0.0622905
0.0652035
0.0822701
0.124228
0.183506
0.252868
0.331246
0.419062
0.520518
0.637774
0.777312
0.954681
1.3964
2.03497
2.65728
3.15095
3.46387
3.62084
3.67723
0.0940148
0.0945483
0.0956289
0.104322
0.138928
0.197124
0.269045
0.350774
0.441529
0.544797
0.657014
0.779169
0.899734
1.20261
1.73
2.21184
2.59617
2.84666
2.97672
3.02636
0.122421
0.123306
0.124219
0.127561
0.153657
0.210181
0.283934
0.366244
0.455942
0.554157
0.660005
0.761743
0.862932
1.02646
1.39992
1.75993
2.03918
2.22407
2.32071
2.35723
0.13817
0.13936
0.138934
0.140105
0.164743
0.224867
0.301148
0.382972
0.46906
0.560745
0.655465
0.737429
0.811324
0.908846
1.1537
1.40163
1.59677
1.72501
1.78899
1.8132
0.15628
0.15559
0.151396
0.1523
0.181718
0.248047
0.326324
0.405273
0.484479
0.566087
0.648536
0.716198
0.775267
0.838345
1.00072
1.16361
1.28648
1.36781
1.40839
1.42186
0.221574
0.219002
0.212608
0.214318
0.242961
0.301638
0.369568
0.437338
0.504501
0.573473
0.643218
0.701504
0.748767
0.791781
0.900587
1.00605
1.0821
1.13088
1.15407
1.16093
0.347822
0.34504
0.340943
0.341625
0.358388
0.392613
0.434485
0.480661
0.529851
0.583491
0.639954
0.689086
0.728457
0.764377
0.831683
0.89708
0.945593
0.975827
0.990232
0.994579
0.482968
0.481476
0.479569
0.477609
0.479672
0.488026
0.503831
0.526849
0.557109
0.594504
0.638156
0.680028
0.714633
0.747613
0.785857
0.824312
0.854978
0.875541
0.885558
0.887899
0.578193
0.577433
0.576299
0.57222
0.565095
0.559238
0.559043
0.566289
0.581544
0.604914
0.636164
0.66875
0.697732
0.725858
0.750098
0.77326
0.793409
0.807901
0.815475
0.817143
0.627355
0.626881
0.625811
0.621492
0.612845
0.60288
0.596082
0.59479
0.600223
0.612608
0.631869
0.653364
0.676028
0.695617
0.70999
0.726676
0.743968
0.756979
0.763877
0.764929
0.646744
0.646328
0.645257
0.641666
0.63462
0.62566
0.617827
0.613172
0.612903
0.617265
0.624899
0.633533
0.643312
0.651324
0.658795
0.676805
0.696682
0.711759
0.719819
0.720817
0.652081
0.65168
0.650708
0.647972
0.64304
0.636452
0.629772
0.624463
0.621285
0.619771
0.617411
0.60985
0.597709
0.590567
0.601612
0.626562
0.650209
0.666719
0.675406
0.67675
0.652399
0.652026
0.651228
0.64915
0.645645
0.641092
0.636081
0.631405
0.627398
0.622773
0.613377
0.589614
0.552855
0.530766
0.553243
0.588442
0.615746
0.631597
0.638831
0.639907
0.651175
0.650875
0.650347
0.648877
0.646267
0.643065
0.639598
0.636288
0.633089
0.628776
0.617159
0.58726
0.536711
0.511703
0.544325
0.580724
0.603702
0.615214
0.619095
0.619839
0.648339
0.648155
0.64797
0.647209
0.645517
0.643344
0.641393
0.640057
0.639519
0.638101
0.631772
0.609432
0.570667
0.56016
0.588213
0.612004
0.623209
0.627876
0.629348
0.630498
0.64222
0.642148
0.642268
0.642149
0.6415
0.640738
0.640782
0.642318
0.64569
0.649143
0.654703
0.650689
0.639467
0.645636
0.660054
0.669744
0.672895
0.675526
0.677643
0.677225
0.631145
0.631192
0.631627
0.632125
0.632595
0.633533
0.635989
0.640856
0.649182
0.661775
0.679578
0.69541
0.710659
0.729428
0.729124
0.724486
0.722793
0.725765
0.727094
0.725621
0.61354
0.613726
0.614427
0.615572
0.617162
0.619858
0.624797
0.633447
0.647225
0.668386
0.697119
0.727029
0.760215
0.782741
0.77106
0.760965
0.758324
0.758568
0.758946
0.757582
0.586955
0.587415
0.588519
0.590277
0.592917
0.597231
0.604517
0.616474
0.635099
0.663756
0.699761
0.734209
0.768861
0.786216
0.777072
0.775445
0.777521
0.780903
0.779244
0.776789
0.548258
0.548909
0.550438
0.552861
0.556513
0.562135
0.570923
0.584601
0.60554
0.637498
0.677
0.713803
0.736077
0.741264
0.743928
0.763728
0.782512
0.790662
0.785266
0.782866
0.494059
0.495018
0.496868
0.49982
0.504176
0.510214
0.518445
0.530248
0.547437
0.574676
0.614864
0.659018
0.674107
0.662004
0.689271
0.740783
0.780458
0.793872
0.789527
0.788636
0.422629
0.423773
0.425683
0.428787
0.433028
0.437604
0.441445
0.443984
0.445106
0.452623
0.49749
0.563763
0.5865
0.576597
0.632368
0.710681
0.773003
0.794433
0.787435
0.784035
0.335513
0.336614
0.338198
0.340868
0.343649
0.343885
0.337471
0.318765
0.283597
0.251779
0.309747
0.424762
0.470895
0.47301
0.563585
0.659671
0.722141
0.732292
0.726094
0.721198
0.239768
0.240437
0.241301
0.243067
0.243235
0.236574
0.213658
0.158335
0.0619421
-0.019446
0.060805
0.249428
0.327354
0.361642
0.466276
0.553228
0.600164
0.594092
0.588431
0.584919
0.148511
0.148419
0.148077
0.149105
0.146956
0.133593
0.0931404
-0.00309528
-0.164367
-0.289212
-0.171987
0.0653315
0.182456
0.248581
0.347132
0.400714
0.406913
0.404969
0.403938
0.403781
0.0731781
0.07253
0.0728807
0.0739046
0.0718846
0.0595983
0.0183706
-0.0896272
-0.26199
-0.39623
-0.272802
-0.0470787
0.0478651
0.146675
0.234723
0.241742
0.229486
0.225054
0.224715
0.225102
0.0428446
0.042634
0.0443948
0.0459869
0.0424778
0.0253858
-0.031726
-0.149938
-0.271517
-0.283347
-0.119777
-0.0150588
0.0484934
0.0972211
0.158327
0.149465
0.14366
0.139433
0.138039
0.0453597
0.263855
0.626987
0.867071
1.06921
1.23297
1.36452
1.4708
1.56134
1.6263
1.62313
0.79845
0.963031
1.11384
1.24378
1.3551
1.44839
1.52541
1.58514
1.62167
1.6354
1.08209
1.18514
1.28481
1.3745
1.45273
1.51926
1.57378
1.61534
1.6448
1.66453
1.27324
1.34257
1.4133
1.4788
1.53553
1.58436
1.62508
1.65785
1.68398
1.70245
1.41756
1.4653
1.51996
1.5685
1.61188
1.64995
1.6828
1.71042
1.73328
1.74912
1.53301
1.57121
1.61372
1.65202
1.68761
1.71975
1.74814
1.77242
1.79257
1.80564
1.63262
1.66562
1.70147
1.73558
1.76754
1.79692
1.82307
1.84533
1.8634
1.87402
1.72513
1.75679
1.79158
1.82535
1.85675
1.8854
1.91061
1.93167
1.94805
1.95676
1.82082
1.85577
1.89286
1.9286
1.96076
1.98924
2.0136
2.0335
2.0484
2.05645
1.93429
1.97461
2.01393
2.051
2.08297
2.11017
2.13285
2.15118
2.16493
2.17407
2.07849
2.12144
2.15894
2.19265
2.22075
2.2446
2.26528
2.28274
2.29663
2.30779
2.25632
2.29394
2.3222
2.34653
2.36757
2.3869
2.40518
2.42236
2.43828
2.45282
2.45405
2.47511
2.49012
2.50599
2.5223
2.53762
2.55135
2.56463
2.58015
2.59852
2.6449
2.65202
2.66254
2.67411
2.68404
2.69326
2.70354
2.71466
2.72629
2.73516
2.85784
2.85963
2.85172
2.83522
2.82409
2.82355
2.83571
2.86033
2.89446
2.919
3.27752
3.08363
2.98257
2.92474
2.89564
2.88902
2.90422
2.94505
3.02091
3.16386
0.350412
0.345906
0.384968
0.455487
0.540799
0.635683
1.50612
1.57565
1.57675
1.50087
1.43265
1.36086
1.11939
0.883155
0.59697
0.215859
-0.179211
)
;

boundaryField
{
    wall-4
    {
        type            zeroGradient;
    }
    pressure-outlet-7
    {
        type            fixedValue;
        value           uniform 0;
    }
    velocity-inlet-6
    {
        type            zeroGradient;
    }
    velocity-inlet-5
    {
        type            zeroGradient;
    }
    frontAndBackPlanes
    {
        type            empty;
    }
}


// ************************************************************************* //
