/*--------------------------------*- C++ -*----------------------------------*\
  =========                 |
  \\      /  F ield         | OpenFOAM: The Open Source CFD Toolbox
   \\    /   O peration     | Website:  https://openfoam.org
    \\  /    A nd           | Version:  9
     \\/     M anipulation  |
\*---------------------------------------------------------------------------*/
FoamFile
{
    format      ascii;
    class       volScalarField;
    location    "23";
    object      p;
}
// * * * * * * * * * * * * * * * * * * * * * * * * * * * * * * * * * * * * * //

dimensions      [0 2 -2 0 0 0 0];

internalField   nonuniform List<scalar> 
8800
(
0.423933
0.376147
0.337457
0.30846
0.28759
0.272748
0.262132
0.254618
0.249741
0.247587
0.24871
0.252756
0.259277
0.268492
0.281198
0.298881
0.323623
0.357537
0.400062
0.458761
0.255184
0.262862
0.270339
0.273648
0.272144
0.267063
0.260568
0.254469
0.249702
0.246777
0.246367
0.248716
0.253061
0.258889
0.265566
0.271775
0.275365
0.2746
0.269139
0.260427
0.233598
0.239762
0.243893
0.246842
0.248894
0.249495
0.248376
0.246242
0.244159
0.243132
0.243936
0.246159
0.248812
0.25087
0.25138
0.250104
0.247701
0.244261
0.239682
0.235915
0.227805
0.23046
0.233227
0.235645
0.237291
0.238455
0.239185
0.239267
0.238901
0.238724
0.239297
0.240281
0.240953
0.240872
0.240141
0.238951
0.237053
0.234414
0.231971
0.230466
0.222459
0.223889
0.225698
0.227768
0.229584
0.230943
0.231927
0.232687
0.233225
0.233645
0.234087
0.234361
0.234258
0.233793
0.232937
0.231547
0.229728
0.227779
0.226419
0.22559
0.217441
0.218365
0.21965
0.221272
0.222959
0.22453
0.225836
0.226879
0.22776
0.228492
0.228931
0.228986
0.228688
0.228009
0.226907
0.225511
0.224017
0.222622
0.221736
0.221193
0.212631
0.213297
0.214329
0.215737
0.217248
0.218791
0.220291
0.221628
0.222749
0.223658
0.224187
0.224223
0.223792
0.222946
0.221834
0.220611
0.219351
0.218234
0.217573
0.217185
0.208043
0.20855
0.209416
0.210681
0.212089
0.213568
0.215087
0.216578
0.217927
0.219035
0.219687
0.219742
0.219287
0.218491
0.217509
0.216437
0.215348
0.214426
0.213908
0.213618
0.203623
0.204005
0.204762
0.20595
0.207321
0.208757
0.210251
0.211796
0.213321
0.214669
0.215472
0.215609
0.215271
0.214641
0.213825
0.212879
0.211904
0.21111
0.210701
0.210486
0.199413
0.199701
0.200365
0.201497
0.202843
0.204291
0.205824
0.207397
0.208981
0.210491
0.211551
0.211973
0.211892
0.211436
0.21074
0.209917
0.209049
0.208371
0.208054
0.207896
0.195392
0.195591
0.1962
0.197325
0.198682
0.20014
0.201731
0.203461
0.205274
0.20705
0.208406
0.209066
0.20916
0.208872
0.208344
0.207647
0.206859
0.206261
0.206017
0.205915
0.191707
0.191829
0.192339
0.193344
0.194584
0.19596
0.1975
0.199233
0.201173
0.20325
0.20499
0.206056
0.206551
0.206642
0.206423
0.205991
0.205437
0.205006
0.204854
0.204796
0.188253
0.188322
0.188719
0.189586
0.190737
0.192102
0.19372
0.195636
0.197847
0.200306
0.202527
0.204033
0.204868
0.205229
0.205322
0.205171
0.204885
0.204667
0.204604
0.204567
0.184643
0.184694
0.184994
0.185699
0.186722
0.188014
0.189647
0.191686
0.194204
0.197167
0.199982
0.202044
0.203437
0.204269
0.204732
0.204945
0.204996
0.205012
0.205016
0.204979
0.180396
0.180447
0.180713
0.181338
0.182318
0.183653
0.185428
0.187746
0.190697
0.194293
0.197847
0.20059
0.202484
0.203784
0.204655
0.205215
0.205566
0.205753
0.205795
0.205752
0.175226
0.175283
0.175589
0.176243
0.177279
0.178763
0.180816
0.183568
0.187153
0.191583
0.196026
0.199526
0.202062
0.203834
0.205067
0.205941
0.206525
0.206814
0.206876
0.206827
0.16895
0.169007
0.169368
0.170148
0.171368
0.173142
0.175617
0.178974
0.183362
0.188843
0.194404
0.198831
0.202023
0.204348
0.206017
0.207198
0.207956
0.208316
0.208405
0.208356
0.161482
0.161525
0.161968
0.162957
0.1645
0.166729
0.16981
0.17398
0.179432
0.186235
0.193162
0.198699
0.202748
0.205667
0.207738
0.209229
0.210128
0.210559
0.210687
0.210636
0.152731
0.152769
0.153296
0.15456
0.156491
0.159321
0.163198
0.168398
0.175182
0.183637
0.192234
0.199121
0.20419
0.207835
0.210447
0.212207
0.213303
0.213849
0.214023
0.213969
0.142423
0.142454
0.143096
0.144619
0.147168
0.15068
0.155573
0.162112
0.170592
0.181098
0.191738
0.200262
0.206534
0.211059
0.214274
0.216434
0.217784
0.218481
0.218701
0.218636
0.130037
0.130077
0.130875
0.132754
0.135934
0.140479
0.146655
0.154916
0.165558
0.178623
0.191743
0.202206
0.209902
0.215466
0.219403
0.222087
0.223779
0.224659
0.224922
0.22484
0.114728
0.114786
0.115819
0.118275
0.122316
0.12812
0.136065
0.146614
0.160037
0.176274
0.192375
0.205127
0.214501
0.221266
0.226065
0.229369
0.231477
0.232557
0.232873
0.232769
0.0953303
0.0954257
0.096854
0.100143
0.105502
0.113125
0.123513
0.137102
0.154062
0.174169
0.193788
0.209186
0.220475
0.22864
0.234459
0.238502
0.241106
0.242435
0.242802
0.24267
0.070007
0.0701717
0.0722648
0.076973
0.0844577
0.0948536
0.108709
0.126349
0.147756
0.172492
0.19616
0.214548
0.228002
0.237767
0.244783
0.24971
0.252895
0.2545
0.254924
0.254755
0.0357363
0.0360801
0.0395316
0.046908
0.0579855
0.072712
0.0915287
0.114507
0.141382
0.171495
0.199682
0.221345
0.237179
0.248745
0.257157
0.26315
0.26705
0.268981
0.269452
0.269235
-0.0132926
-0.0119611
-0.00498205
0.00788571
0.0252229
0.0466453
0.0723237
0.102055
0.135372
0.171482
0.20452
0.229644
0.248008
0.261542
0.271547
0.27882
0.283634
0.285989
0.286507
0.286219
-0.0863487
-0.0781314
-0.0619994
-0.0391722
-0.0123909
0.0179974
0.0520737
0.0896052
0.130104
0.172797
0.211158
0.240165
0.261482
0.277421
0.289518
0.298636
0.304872
0.308071
0.308865
0.3087
-0.164619
-0.145914
-0.119985
-0.0867944
-0.0502872
-0.0107926
0.0317938
0.0773498
0.125494
0.175564
0.220347
0.254371
0.279668
0.298918
0.313879
0.32554
0.333842
0.338505
0.340044
0.340066
-0.228174
-0.206763
-0.172812
-0.131195
-0.0861297
-0.0381543
0.0125869
0.0659047
0.121427
0.178532
0.229278
0.267792
0.296537
0.318562
0.335768
0.349138
0.3591
0.364705
0.365908
0.366088
-0.27988
-0.256492
-0.21757
-0.169937
-0.118189
-0.0632019
-0.00535432
0.0549978
0.11733
0.18094
0.23708
0.279466
0.310971
0.335015
0.353743
0.36834
0.379127
0.385157
0.386617
0.386909
-0.322537
-0.298189
-0.255744
-0.203474
-0.146386
-0.0856773
-0.0218117
0.0446838
0.113124
0.182603
0.243523
0.289165
0.322834
0.348353
0.368107
0.383471
0.394613
0.401021
0.402873
0.403179
-0.358937
-0.334037
-0.288964
-0.233004
-0.171552
-0.106018
-0.0369749
0.034913
0.108803
0.183582
0.248773
0.297212
0.332604
0.359165
0.379517
0.395186
0.406453
0.412983
0.415004
0.415266
-0.391024
-0.365791
-0.318713
-0.259673
-0.194535
-0.124836
-0.0512549
0.0254488
0.104286
0.183945
0.253079
0.304047
0.340928
0.368296
0.389
0.404751
0.416025
0.422576
0.424724
0.424969
-0.420239
-0.394705
-0.34598
-0.284332
-0.216038
-0.142693
-0.0650601
0.0160088
0.09942
0.183668
0.256591
0.310018
0.348296
0.37638
0.3974
0.413208
0.424512
0.430999
0.433239
0.433459
-0.447439
-0.421634
-0.371487
-0.30759
-0.236519
-0.159955
-0.0787013
0.0063524
0.0940328
0.182691
0.25933
0.315208
0.354947
0.383835
0.405238
0.421187
0.432444
0.438829
0.441119
0.441411
-0.473325
-0.447185
-0.395709
-0.329895
-0.256344
-0.17692
-0.0924017
-0.00369472
0.0879848
0.180887
0.26127
0.319767
0.361154
0.390993
0.412882
0.429035
0.440334
0.446621
0.448846
0.449132
-0.498185
-0.471694
-0.419102
-0.351507
-0.275751
-0.193764
-0.1063
-0.0142514
0.0811751
0.178223
0.262484
0.323817
0.367041
0.398013
0.420552
0.437032
0.448432
0.454664
0.45675
0.456965
-0.522354
-0.49545
-0.441856
-0.372608
-0.294886
-0.210608
-0.120485
-0.0253745
0.0735743
0.174678
0.26289
0.327285
0.372629
0.404969
0.428337
0.445269
0.456827
0.463016
0.464934
0.465057
-0.54589
-0.51848
-0.464062
-0.393308
-0.313833
-0.227506
-0.134985
-0.0370793
0.0651489
0.170143
0.262371
0.3301
0.377896
0.411871
0.436256
0.453758
0.465515
0.471646
0.473426
0.473415
-0.568874
-0.541026
-0.485722
-0.413652
-0.332612
-0.244452
-0.149797
-0.049378
0.0558528
0.164548
0.260838
0.332162
0.382742
0.418671
0.444289
0.462478
0.474455
0.480472
0.482082
0.481953
-0.59139
-0.563036
-0.506876
-0.433629
-0.351206
-0.261428
-0.164891
-0.062242
0.0457059
0.157881
0.258182
0.33331
0.387049
0.425304
0.452413
0.471391
0.483572
0.489387
0.49077
0.490544
-0.613447
-0.584522
-0.527552
-0.453225
-0.36957
-0.278386
-0.180201
-0.0756015
0.0347676
0.150121
0.254303
0.333366
0.390622
0.431667
0.460619
0.480491
0.492773
0.498266
0.499368
0.499057
-0.634877
-0.605424
-0.547683
-0.472396
-0.387656
-0.295242
-0.195648
-0.0893614
0.0231066
0.141296
0.249122
0.332152
0.39322
0.437592
0.468927
0.489889
0.50205
0.506935
0.507667
0.507282
-0.655632
-0.625682
-0.567234
-0.491081
-0.405395
-0.311931
-0.211134
-0.103437
0.0108105
0.131456
0.2426
0.32949
0.394561
0.442802
0.477318
0.499896
0.511662
0.515317
0.515436
0.515015
-0.675787
-0.645262
-0.58617
-0.50924
-0.422723
-0.328368
-0.22657
-0.117719
-0.00200957
0.120691
0.234724
0.325248
0.394319
0.446839
0.485564
0.510976
0.522561
0.523906
0.522537
0.522166
-0.695163
-0.664145
-0.604434
-0.526806
-0.43958
-0.344469
-0.241858
-0.132088
-0.0152227
0.109123
0.225538
0.319323
0.3922
0.449044
0.492952
0.523217
0.536587
0.535432
0.530478
0.529031
-0.713849
-0.682323
-0.622049
-0.543805
-0.455997
-0.360283
-0.257056
-0.146605
-0.0288996
0.0966821
0.214924
0.311473
0.387895
0.448589
0.498045
0.535438
0.554685
0.555911
0.545706
0.526454
-0.731783
-0.699798
-0.639136
-0.560424
-0.472262
-0.376136
-0.272574
-0.161753
-0.0435876
0.0827061
0.202184
0.30082
0.380645
0.444261
0.497779
0.542857
0.568468
0.565181
0.550304
0.52837
-0.748806
-0.716728
-0.655521
-0.576414
-0.488087
-0.391687
-0.288187
-0.177201
-0.058956
0.0675118
0.187522
0.287142
0.370012
0.435436
0.487052
0.533322
0.559221
0.547047
0.475764
0.438509
-0.764292
-0.734203
-0.670853
-0.5912
-0.50277
-0.406465
-0.303608
-0.192728
-0.0747842
0.0512524
0.170966
0.270342
0.355179
0.422478
0.464335
0.496063
0.506978
0.460228
0.386168
0.339075
-0.818991
-0.74924
-0.684833
-0.606103
-0.517717
-0.421835
-0.318897
-0.20859
-0.0914001
0.0335452
0.152054
0.250118
0.333434
0.407202
0.412016
0.426025
0.39589
0.331714
0.251516
0.206114
-0.779903
-0.76439
-0.705002
-0.627289
-0.539308
-0.443842
-0.342011
-0.23273
-0.117096
0.00550201
0.120609
0.21509
0.289573
0.360511
0.361783
0.25233
0.143324
0.0688694
-0.00813169
0.0307199
-0.809762
-0.781257
-0.721361
-0.643789
-0.55614
-0.461056
-0.359155
-0.250721
-0.136464
-0.0161446
0.095467
0.18542
0.252014
0.289225
0.241745
0.0908646
-0.0472994
-0.14534
-0.251111
-0.190364
-0.832646
-0.801048
-0.740247
-0.662317
-0.574752
-0.479857
-0.378212
-0.270812
-0.158234
-0.040707
0.0667291
0.150865
0.207581
0.215297
0.104424
-0.0856664
-0.254845
-0.38826
-0.536972
-0.484799
-0.854782
-0.821684
-0.759869
-0.681184
-0.593504
-0.49879
-0.397777
-0.29152
-0.180785
-0.0663568
0.0362101
0.113904
0.157317
0.128125
-0.0409533
-0.262326
-0.476981
-0.674937
-0.895287
-0.888035
-0.876002
-0.842716
-0.780137
-0.7008
-0.61298
-0.518503
-0.418218
-0.313196
-0.204518
-0.0934903
0.00370889
0.0742862
0.0998881
0.0361922
-0.180162
-0.422073
-0.673041
-0.901945
-1.18858
-1.53875
-0.897357
-0.864261
-0.801284
-0.721537
-0.633569
-0.539283
-0.439648
-0.335869
-0.229315
-0.121849
-0.0301961
0.0325005
0.0411257
-0.0743861
-0.302386
-0.545073
-0.789103
-0.997664
-1.07904
-1.20188
-0.91959
-0.886714
-0.823593
-0.743694
-0.655694
-0.561682
-0.462777
-0.360391
-0.256244
-0.152785
-0.067093
-0.0135219
-0.0288866
-0.190812
-0.410551
-0.633407
-0.828879
-0.944105
-0.968361
-0.991616
-0.943039
-0.910359
-0.847193
-0.767307
-0.679432
-0.585837
-0.487869
-0.387144
-0.285787
-0.186914
-0.107618
-0.0652231
-0.105723
-0.297658
-0.508933
-0.705759
-0.85645
-0.912142
-0.927581
-0.930832
-0.967901
-0.935264
-0.872123
-0.792314
-0.704678
-0.611687
-0.514862
-0.416085
-0.317907
-0.224184
-0.151786
-0.122641
-0.184647
-0.399141
-0.601116
-0.776889
-0.890647
-0.901562
-0.905875
-0.906293
-0.994109
-0.961371
-0.898364
-0.818649
-0.731378
-0.63914
-0.543662
-0.447118
-0.352481
-0.264437
-0.199647
-0.182091
-0.275771
-0.496019
-0.686747
-0.839609
-0.880705
-0.89414
-0.897008
-0.896776
-1.02137
-0.988495
-0.925739
-0.846169
-0.759368
-0.668044
-0.574117
-0.480071
-0.389336
-0.307372
-0.250662
-0.245106
-0.379238
-0.589838
-0.76499
-0.881424
-0.897246
-0.894131
-0.894463
-0.894153
-1.04909
-1.01639
-0.953812
-0.874598
-0.78838
-0.698127
-0.605936
-0.514623
-0.428124
-0.352555
-0.303961
-0.316602
-0.478595
-0.682433
-0.843521
-0.879519
-0.900166
-0.898808
-0.895777
-0.895113
-1.0769
-1.04448
-0.982186
-0.903495
-0.818
-0.728948
-0.638684
-0.550278
-0.468266
-0.399311
-0.358602
-0.389407
-0.573658
-0.776244
-0.91985
-0.94608
-0.925409
-0.907593
-0.897033
-0.893977
-1.10386
-1.07205
-1.01032
-0.932236
-0.847605
-0.759911
-0.671719
-0.586336
-0.508856
-0.446693
-0.414082
-0.459342
-0.658997
-0.874066
-1.01591
-1.00649
-0.968214
-0.942172
-0.929798
-0.923396
-1.12887
-1.0977
-1.03741
-0.960003
-0.876404
-0.790208
-0.704158
-0.621857
-0.548726
-0.493464
-0.469329
-0.526648
-0.725951
-0.93977
-1.14829
-1.10995
-1.07731
-1.06029
-1.04953
-1.03864
-1.15063
-1.12073
-1.06188
-0.985794
-0.903453
-0.818816
-0.734885
-0.655604
-0.586494
-0.537762
-0.521043
-0.590256
-0.780576
-0.90317
-1.17418
-1.20508
-1.23802
-1.26581
-1.25626
-1.25114
-1.16765
-1.13957
-1.08279
-1.0083
-0.927514
-0.844558
-0.762622
-0.685936
-0.620568
-0.576629
-0.56807
-0.652023
-0.853068
-0.797952
-0.457165
-0.818605
-1.27717
-1.39749
-1.38518
-1.38471
-1.17844
-1.15283
-1.09877
-1.02629
-0.947233
-0.866039
-0.785903
-0.711021
-0.648511
-0.608129
-0.61326
-0.725217
-1.03497
-1.11177
-1.00727
-1.29248
-1.51153
-1.51013
-1.44737
-1.47777
-1.18126
-1.15908
-1.10848
-1.0385
-0.961357
-0.881858
-0.803086
-0.729145
-0.667194
-0.630089
-0.64397
-0.821182
-1.38944
-2.31986
-3.21482
-3.67495
-3.46456
-2.89967
-2.40687
-2.25273
-1.17535
-1.15694
-1.11071
-1.04396
-0.968889
-0.890877
-0.812752
-0.738508
-0.67427
-0.633934
-0.64611
-0.844547
-1.5462
-2.59155
-3.51155
-3.81893
-3.72955
-3.37736
-2.96604
-2.72775
-1.15945
-1.14469
-1.10463
-1.04213
-0.969343
-0.892481
-0.814158
-0.737538
-0.668339
-0.614225
-0.607117
-0.683133
-1.03195
-1.34795
-1.60668
-1.60768
-1.40754
-1.15277
-0.927791
-0.800362
-1.13465
-1.12405
-1.09052
-1.0334
-0.963017
-0.886984
-0.807449
-0.727071
-0.647897
-0.576156
-0.515349
-0.44087
-0.315116
0.0187283
0.461395
0.907394
1.25261
1.46768
1.5796
1.61875
-1.10352
-1.09689
-1.07067
-1.01944
-0.951435
-0.875714
-0.794723
-0.709462
-0.620038
-0.526873
-0.425647
-0.327072
0.00865722
0.615454
1.27624
1.85839
2.27717
2.51301
2.61054
2.63786
-1.06985
-1.06611
-1.04854
-1.00293
-0.936927
-0.861183
-0.778716
-0.690181
-0.595436
-0.487514
-0.379937
-0.264325
-0.0521234
0.520918
1.12527
1.64656
2.01771
2.23145
2.33137
2.36464
-1.03895
-1.03696
-1.02658
-0.987194
-0.922102
-0.845288
-0.762329
-0.673887
-0.577704
-0.469616
-0.361442
-0.254795
-0.129192
0.233404
0.683599
1.04957
1.32617
1.49429
1.57616
1.60305
-1.00749
-1.00833
-1.00301
-0.967978
-0.902944
-0.825541
-0.745139
-0.660646
-0.56956
-0.467292
-0.363075
-0.266539
-0.172262
0.039645
0.341566
0.60439
0.803177
0.929056
0.994839
1.01542
-0.954507
-0.95698
-0.9536
-0.923474
-0.864462
-0.794506
-0.722123
-0.646723
-0.564803
-0.471786
-0.375218
-0.288669
-0.20086
-0.0855819
0.107037
0.283985
0.418988
0.503046
0.542923
0.551598
-0.860092
-0.861573
-0.858356
-0.838244
-0.796886
-0.745506
-0.689326
-0.628043
-0.558666
-0.477936
-0.395939
-0.326484
-0.259029
-0.189783
-0.0664088
0.0497554
0.137188
0.18946
0.21427
0.217348
-0.755011
-0.755028
-0.752562
-0.742462
-0.721209
-0.690715
-0.653249
-0.607824
-0.551847
-0.483134
-0.414773
-0.366752
-0.334752
-0.303461
-0.222771
-0.130895
-0.0676661
-0.0296632
-0.0145241
-0.0134668
-0.679238
-0.678433
-0.677011
-0.673261
-0.66399
-0.647913
-0.624773
-0.59245
-0.547337
-0.487334
-0.427131
-0.393738
-0.39823
-0.384153
-0.315791
-0.249725
-0.202817
-0.177425
-0.166973
-0.167423
-0.64258
-0.641631
-0.640396
-0.638796
-0.634153
-0.624818
-0.609727
-0.586149
-0.549114
-0.49202
-0.430929
-0.39376
-0.395196
-0.384082
-0.335117
-0.293197
-0.268176
-0.256896
-0.253858
-0.254522
-0.637879
-0.636886
-0.635588
-0.634119
-0.630898
-0.624558
-0.614058
-0.596628
-0.565305
-0.508999
-0.436695
-0.376733
-0.347161
-0.334824
-0.31512
-0.296897
-0.285257
-0.27805
-0.274283
-0.275182
-0.657441
-0.656504
-0.655456
-0.654459
-0.652525
-0.649048
-0.643638
-0.634037
-0.611871
-0.561324
-0.47878
-0.384167
-0.321615
-0.305074
-0.304096
-0.295972
-0.282886
-0.272468
-0.268473
-0.269781
-0.694897
-0.694293
-0.694001
-0.694352
-0.695332
-0.697655
-0.702428
-0.7096
-0.713147
-0.693065
-0.612741
-0.482039
-0.387676
-0.356625
-0.342639
-0.313407
-0.284902
-0.259386
-0.249148
-0.252293
-0.741268
-0.741382
-0.74261
-0.745674
-0.752214
-0.765242
-0.789332
-0.831446
-0.896954
-0.959596
-0.897217
-0.71147
-0.572499
-0.51809
-0.459004
-0.383143
-0.306503
-0.259938
-0.249989
-0.254241
-0.783799
-0.785001
-0.788338
-0.795437
-0.810144
-0.838734
-0.892337
-0.992672
-1.16955
-1.38224
-1.35516
-1.07016
-0.846458
-0.741978
-0.624007
-0.494796
-0.385705
-0.325983
-0.320651
-0.324272
-0.805623
-0.808142
-0.813705
-0.825081
-0.848698
-0.894163
-0.981033
-1.15183
-1.46728
-1.88248
-1.90895
-1.49862
-1.16053
-0.983804
-0.820793
-0.658675
-0.535879
-0.480406
-0.479345
-0.485788
-0.790401
-0.79362
-0.80059
-0.815193
-0.84539
-0.903783
-1.01056
-1.2319
-1.64502
-2.18758
-2.32155
-1.84426
-1.42364
-1.2194
-1.03134
-0.895719
-0.813955
-0.783688
-0.773916
-0.775552
-0.728612
-0.73189
-0.73895
-0.753611
-0.78354
-0.841152
-0.952797
-1.17529
-1.59078
-2.12417
-2.24878
-1.844
-1.50865
-1.32445
-1.19321
-1.14063
-1.1099
-1.08245
-1.06302
-1.05693
-0.624945
-0.62754
-0.633102
-0.644848
-0.669292
-0.716732
-0.808733
-0.991408
-1.33315
-1.75009
-1.81119
-1.56572
-1.36933
-1.23726
-1.19303
-1.20053
-1.20084
-1.17761
-1.15908
-1.15098
-0.495858
-0.497307
-0.500483
-0.507706
-0.523491
-0.554702
-0.615524
-0.736456
-0.968817
-1.26501
-1.3274
-1.21348
-1.09618
-1.00175
-1.00934
-1.06363
-1.06583
-1.05291
-1.04241
-1.03709
-0.362539
-0.362849
-0.363756
-0.366567
-0.373779
-0.388856
-0.418815
-0.478979
-0.599349
-0.778802
-0.835682
-0.782138
-0.698503
-0.686569
-0.758742
-0.815859
-0.821712
-0.8181
-0.814581
-0.812192
-0.243226
-0.242741
-0.242137
-0.241876
-0.242913
-0.246187
-0.253612
-0.269339
-0.301855
-0.363966
-0.393185
-0.356634
-0.356878
-0.42277
-0.513274
-0.554953
-0.564606
-0.567489
-0.568884
-0.568631
-0.148425
-0.14759
-0.146334
-0.144677
-0.142596
-0.139654
-0.135276
-0.128435
-0.116763
-0.0926408
-0.0681667
-0.083411
-0.164192
-0.252973
-0.313233
-0.341829
-0.353722
-0.359402
-0.362929
-0.363821
-0.0805727
-0.0797231
-0.0784508
-0.0766468
-0.0738179
-0.0690571
-0.0611731
-0.0482983
-0.0277375
0.00188146
0.0210536
-0.00759007
-0.0778433
-0.140709
-0.181298
-0.199067
-0.208941
-0.214435
-0.217964
-0.219089
-0.0365868
-0.0358961
-0.0349063
-0.0335411
-0.0312114
-0.0269869
-0.0198532
-0.00849315
0.00820578
0.0279941
0.0338571
0.00872313
-0.0366314
-0.0761768
-0.101695
-0.11509
-0.121564
-0.125214
-0.127628
-0.128448
-0.0110164
-0.0105267
-0.0098599
-0.00907243
-0.0075873
-0.00466403
0.000390509
0.00825159
0.0189385
0.0293307
0.027943
0.00886732
-0.0187802
-0.042571
-0.0581193
-0.0664679
-0.0704787
-0.0726952
-0.0741493
-0.0746489
0.0016599
0.00197502
0.00236191
0.00269827
0.00344336
0.00513418
0.00820308
0.0129263
0.0189032
0.0234631
0.0197513
0.00645041
-0.0101362
-0.0240174
-0.0331654
-0.0381346
-0.0404924
-0.0417589
-0.0425711
-0.04285
0.00594368
0.00612871
0.00631666
0.0063601
0.00661142
0.00740841
0.00902614
0.0115423
0.0145304
0.0161604
0.0126953
0.00431439
-0.00516435
-0.0129093
-0.0180229
-0.020815
-0.022157
-0.0228771
-0.023318
-0.0234683
0.00509216
0.00518946
0.00525112
0.00515294
0.00513209
0.00540266
0.0061053
0.00723637
0.00851414
0.00895346
0.0068084
0.00247753
-0.00212845
-0.00581962
-0.00826938
-0.00968239
-0.010326
-0.0105891
-0.0108099
-0.0108864
0.00127854
0.0012977
0.00139871
0.0015006
0.00151818
0.00151332
0.00155043
0.00165018
0.0017901
0.00185865
0.00159001
0.000812399
-0.000163896
-0.00106626
-0.001732
-0.00209527
-0.00214383
-0.00203621
-0.00189715
-0.00191089
-0.628948
-0.427067
-0.195213
-0.000157469
0.157367
0.283778
0.389974
0.479597
0.519992
0.497395
-0.263862
-0.122404
0.0270109
0.156334
0.266067
0.357674
0.432049
0.484989
0.512207
0.523773
-0.00892826
0.0865027
0.187377
0.277043
0.354406
0.419278
0.470822
0.508455
0.535158
0.55257
0.173041
0.239175
0.30986
0.374388
0.430433
0.477926
0.516742
0.547449
0.572029
0.589966
0.311913
0.359917
0.411029
0.459605
0.502399
0.539564
0.571164
0.597208
0.618703
0.636325
0.424575
0.460515
0.501803
0.54043
0.575665
0.607048
0.634301
0.657027
0.675612
0.692862
0.522277
0.552736
0.588922
0.622923
0.654502
0.683036
0.70786
0.728373
0.744384
0.761438
0.614064
0.644375
0.679739
0.712942
0.743559
0.771013
0.794576
0.813581
0.82731
0.844361
0.711378
0.745179
0.782673
0.816996
0.847688
0.874428
0.89683
0.914444
0.926569
0.944001
0.827692
0.865691
0.904896
0.939654
0.969402
0.99449
1.01514
1.03125
1.04289
1.061
0.97348
1.0123
1.04854
1.07949
1.1054
1.1277
1.14693
1.1626
1.17513
1.19316
1.14868
1.18066
1.20701
1.22957
1.24969
1.26853
1.28634
1.3029
1.31832
1.33641
1.33756
1.3549
1.37011
1.38645
1.40243
1.41703
1.4303
1.44427
1.46186
1.48204
1.51967
1.52911
1.54069
1.55154
1.56086
1.5705
1.58137
1.59278
1.60417
1.61954
1.72682
1.73053
1.71561
1.70082
1.6946
1.70032
1.71882
1.74916
1.78136
1.80802
2.03317
1.89831
1.82172
1.77944
1.76203
1.766
1.79344
1.84985
1.95248
2.17685
0.314529
0.3124
0.307914
0.299288
0.287062
0.27493
0.264691
0.256772
0.251106
0.247766
0.247276
0.249854
0.254812
0.261915
0.27121
0.282679
0.295277
0.306275
0.312371
0.31541
0.238985
0.244832
0.251173
0.255668
0.258137
0.257808
0.255063
0.251229
0.247668
0.245315
0.245025
0.24705
0.25056
0.254721
0.258424
0.260229
0.259234
0.255704
0.250504
0.243868
0.230574
0.23287
0.236281
0.239288
0.241373
0.242874
0.243624
0.243284
0.242209
0.241226
0.24124
0.242483
0.244123
0.245277
0.245333
0.244341
0.242708
0.240305
0.236994
0.234055
0.225085
0.22617
0.228017
0.230419
0.232465
0.233908
0.234928
0.235655
0.235999
0.236109
0.236421
0.237013
0.237409
0.237296
0.236731
0.235752
0.234171
0.231992
0.229837
0.228433
0.219923
0.220582
0.221713
0.223461
0.225289
0.226958
0.228273
0.229272
0.230094
0.23077
0.231294
0.23158
0.231522
0.231133
0.230365
0.22913
0.227542
0.225864
0.224453
0.22365
0.215004
0.215455
0.216273
0.217646
0.219216
0.220809
0.222333
0.223649
0.224729
0.225639
0.226308
0.226571
0.226413
0.22584
0.224858
0.223612
0.22226
0.220935
0.219895
0.219357
0.210317
0.210647
0.211294
0.212466
0.21388
0.215359
0.216881
0.218377
0.219734
0.220873
0.221693
0.222002
0.221764
0.221084
0.22012
0.219016
0.217866
0.216743
0.215918
0.215522
0.205805
0.206047
0.206581
0.207632
0.208968
0.2104
0.211885
0.21341
0.214904
0.216249
0.217254
0.217664
0.217486
0.2169
0.216072
0.215107
0.214072
0.213095
0.212415
0.212117
0.201497
0.201672
0.202113
0.203068
0.204345
0.205739
0.2072
0.208716
0.210283
0.211822
0.213047
0.213616
0.213605
0.213219
0.212572
0.211755
0.21085
0.210001
0.209448
0.209226
0.197371
0.19749
0.197864
0.198775
0.200058
0.201471
0.203002
0.204631
0.2063
0.207957
0.209416
0.210317
0.210584
0.210364
0.209822
0.209107
0.208289
0.207515
0.207051
0.206892
0.193507
0.19357
0.193877
0.19472
0.195946
0.197307
0.198779
0.20041
0.202241
0.204187
0.205976
0.207165
0.207678
0.207749
0.207507
0.207025
0.206388
0.205752
0.205392
0.205294
0.189971
0.189995
0.190228
0.190937
0.192026
0.19331
0.194782
0.19647
0.198393
0.200543
0.202721
0.204392
0.205366
0.205796
0.20584
0.205646
0.205284
0.204883
0.204673
0.204625
0.186502
0.186509
0.186679
0.187244
0.188201
0.189417
0.190877
0.192674
0.194856
0.197416
0.200103
0.202267
0.203662
0.204469
0.204882
0.204987
0.204944
0.204825
0.204775
0.204754
0.182617
0.182621
0.182767
0.183219
0.184043
0.185187
0.186661
0.188561
0.190979
0.193965
0.197275
0.200129
0.202126
0.203468
0.204304
0.204849
0.205145
0.205309
0.205382
0.205372
0.177945
0.177946
0.178114
0.178551
0.179357
0.180546
0.182169
0.184378
0.187266
0.190894
0.195001
0.19862
0.20123
0.203067
0.204341
0.205204
0.205801
0.206171
0.206309
0.206302
0.172234
0.172229
0.172415
0.172929
0.17383
0.175174
0.177071
0.179678
0.183157
0.187606
0.192715
0.197286
0.200667
0.203092
0.204761
0.205985
0.206877
0.207395
0.207579
0.207583
0.165368
0.165348
0.165568
0.166208
0.167317
0.168974
0.171307
0.174533
0.178831
0.184341
0.190689
0.196407
0.20065
0.203711
0.205922
0.207513
0.208597
0.209209
0.209438
0.209457
0.157273
0.157234
0.157482
0.15828
0.159744
0.161822
0.164752
0.168774
0.174124
0.180964
0.188848
0.195972
0.201281
0.205128
0.20789
0.209863
0.211162
0.211901
0.212203
0.21224
0.147773
0.147714
0.148018
0.149
0.150833
0.153475
0.157181
0.162239
0.168924
0.177436
0.18722
0.196046
0.202649
0.207449
0.210873
0.213288
0.214863
0.21578
0.216173
0.216225
0.136499
0.136425
0.136817
0.138036
0.140258
0.143684
0.148351
0.154711
0.163105
0.173734
0.185857
0.196744
0.204879
0.210798
0.215031
0.217984
0.219947
0.221111
0.221607
0.221667
0.122745
0.122657
0.123194
0.124769
0.127558
0.13181
0.1378
0.145926
0.15655
0.169844
0.184831
0.198181
0.20812
0.215364
0.220538
0.224159
0.226593
0.228053
0.228666
0.228736
0.105497
0.105394
0.106159
0.108235
0.111874
0.117404
0.125181
0.135659
0.149178
0.165815
0.184267
0.20052
0.212564
0.221328
0.227606
0.232023
0.235024
0.236821
0.237561
0.237637
0.0833192
0.083218
0.0843655
0.0872621
0.0922085
0.0996482
0.109997
0.123693
0.140982
0.161762
0.184322
0.203918
0.218358
0.228868
0.236429
0.241792
0.245472
0.247672
0.248557
0.248637
0.0538432
0.0537868
0.0556373
0.0599741
0.0671403
0.0776569
0.0918364
0.109977
0.13211
0.157897
0.185199
0.208544
0.225649
0.238123
0.247161
0.253641
0.258127
0.260794
0.261842
0.261922
0.0128991
0.0130416
0.0164411
0.023817
0.0351132
0.0507275
0.070604
0.0947385
0.122905
0.154553
0.187139
0.214544
0.234516
0.249139
0.259853
0.267659
0.273146
0.276375
0.277581
0.277646
-0.0471984
-0.045781
-0.0375515
-0.0237269
-0.00474837
0.0189882
0.04686
0.0786295
0.113938
0.15213
0.190355
0.221978
0.244921
0.2618
0.274333
0.283632
0.290289
0.294219
0.29562
0.295673
-0.119151
-0.116854
-0.10129
-0.0772191
-0.0476904
-0.0144437
0.0222102
0.0621929
0.105216
0.150722
0.195631
0.23267
0.259754
0.279986
0.295311
0.30698
0.315547
0.320503
0.321971
0.322177
-0.193173
-0.185745
-0.162806
-0.12875
-0.0894941
-0.0470367
-0.00166876
0.0465219
0.0972944
0.15016
0.20187
0.244449
0.275728
0.299357
0.317606
0.331792
0.342356
0.348036
0.350438
0.351058
-0.251797
-0.24265
-0.214926
-0.174144
-0.12739
-0.0771834
-0.0240805
0.0316751
0.089747
0.149577
0.2076
0.25514
0.290013
0.316363
0.336707
0.352538
0.364385
0.371243
0.374691
0.375488
-0.299393
-0.289707
-0.258564
-0.212919
-0.160458
-0.104081
-0.0445377
0.0177976
0.0823999
0.148583
0.212338
0.264213
0.302011
0.330408
0.35224
0.369208
0.381952
0.389872
0.393621
0.394487
-0.339116
-0.329266
-0.295894
-0.24652
-0.189474
-0.128069
-0.0631073
0.00490875
0.0752888
0.147164
0.216055
0.271701
0.311902
0.341836
0.364668
0.382296
0.395545
0.403956
0.407899
0.408806
-0.373597
-0.363708
-0.328705
-0.276297
-0.215498
-0.149842
-0.0802082
-0.00722236
0.0683123
0.145342
0.218911
0.277938
0.320192
0.35133
0.374817
0.392743
0.40611
0.414669
0.418601
0.4196
-0.404415
-0.394534
-0.358295
-0.303369
-0.239425
-0.170114
-0.0963784
-0.0189473
0.0612719
0.143071
0.221017
0.283222
0.327392
0.359589
0.38358
0.401685
0.415063
0.423742
0.42765
0.428618
-0.432767
-0.422868
-0.385604
-0.32853
-0.261897
-0.189388
-0.112018
-0.0305788
0.0539477
0.140226
0.222406
0.287732
0.333754
0.366993
0.391504
0.409837
0.423283
0.431947
0.435904
0.43668
-0.459422
-0.449476
-0.411299
-0.352402
-0.283365
-0.208025
-0.127426
-0.0423546
0.0461565
0.136689
0.222993
0.291473
0.339479
0.37389
0.399035
0.417653
0.431188
0.439842
0.443789
0.444473
-0.484849
-0.474859
-0.435853
-0.375365
-0.304162
-0.226306
-0.142804
-0.0544301
0.037764
0.132336
0.222739
0.294555
0.344771
0.380528
0.406444
0.425468
0.439179
0.447833
0.45173
0.452393
-0.509468
-0.499333
-0.459501
-0.39762
-0.324493
-0.244389
-0.158277
-0.0669114
0.0286971
0.127135
0.221667
0.296988
0.349627
0.38697
0.413851
0.433424
0.447407
0.45611
0.459888
0.460538
-0.533437
-0.523079
-0.482578
-0.419329
-0.344483
-0.26238
-0.173924
-0.0798356
0.0189282
0.121055
0.219662
0.298663
0.354022
0.393233
0.421303
0.441581
0.45592
0.464691
0.468343
0.468943
-0.556799
-0.546242
-0.505113
-0.440583
-0.364201
-0.280306
-0.189752
-0.093214
0.00843441
0.114003
0.216617
0.299492
0.357902
0.399292
0.428791
0.449932
0.464698
0.473529
0.477034
0.477528
-0.579693
-0.568864
-0.527036
-0.461389
-0.383651
-0.298162
-0.205752
-0.107035
-0.00279163
0.105966
0.212476
0.29935
0.361116
0.405064
0.436284
0.458453
0.4737
0.482569
0.485872
0.486226
-0.602028
-0.590934
-0.548449
-0.481768
-0.402807
-0.315915
-0.221873
-0.121247
-0.0146989
0.0969675
0.207175
0.29809
0.363499
0.410413
0.443732
0.467127
0.482858
0.491651
0.494688
0.494891
-0.623823
-0.612459
-0.56931
-0.501687
-0.421633
-0.333513
-0.238052
-0.135763
-0.027204
0.0870409
0.20067
0.295575
0.364843
0.415164
0.451079
0.476
0.492183
0.500684
0.503307
0.503348
-0.644937
-0.633359
-0.589561
-0.521089
-0.440066
-0.350871
-0.254208
-0.150499
-0.0402243
0.0762541
0.192957
0.291687
0.364912
0.41905
0.458214
0.485207
0.501847
0.50964
0.511543
0.511388
-0.665455
-0.653583
-0.609173
-0.539939
-0.458064
-0.367942
-0.270246
-0.165366
-0.0536617
0.0647107
0.184069
0.286329
0.363478
0.421707
0.464865
0.494908
0.512412
0.518869
0.519281
0.518779
-0.68525
-0.673089
-0.628117
-0.558183
-0.475544
-0.38464
-0.28608
-0.18024
-0.0673919
0.0524998
0.174082
0.279453
0.360334
0.422683
0.470471
0.505002
0.524863
0.52991
0.527201
0.525231
-0.704343
-0.691938
-0.646342
-0.575768
-0.492467
-0.400897
-0.301626
-0.195035
-0.0812934
0.0397756
0.16311
0.27104
0.355346
0.421507
0.474054
0.514545
0.539584
0.546144
0.539847
0.52892
-0.722668
-0.71007
-0.663953
-0.592843
-0.509037
-0.416992
-0.317222
-0.21016
-0.0958356
0.0260017
0.150564
0.26043
0.34785
0.417494
0.474074
0.521396
0.554558
0.566779
0.561602
0.551036
-0.740192
-0.727385
-0.680959
-0.609366
-0.525243
-0.432927
-0.332843
-0.225625
-0.111044
0.0110949
0.136312
0.247356
0.337242
0.410019
0.468024
0.519553
0.557001
0.573044
0.542576
0.484753
-0.75667
-0.743146
-0.697265
-0.6253
-0.541214
-0.448829
-0.348533
-0.241307
-0.126843
-0.00485259
0.120354
0.231744
0.32277
0.398865
0.455016
0.497919
0.534547
0.531712
0.47524
0.406141
-0.772355
-0.758313
-0.712691
-0.640095
-0.556627
-0.464229
-0.364497
-0.257142
-0.143083
-0.0216575
0.102753
0.213531
0.303596
0.385185
0.435543
0.486654
0.466184
0.431869
0.361609
0.288706
-0.757739
-0.739863
-0.692021
-0.616152
-0.528004
-0.432144
-0.327428
-0.217448
-0.100736
0.0235143
0.141175
0.238452
0.31965
0.404612
0.463662
0.378518
0.335725
0.273754
0.197545
0.146277
-0.781799
-0.764917
-0.730203
-0.663537
-0.580378
-0.488584
-0.388848
-0.282301
-0.169331
-0.0496281
0.0721416
0.179993
0.26555
0.341361
0.409931
0.413721
0.292421
0.206278
0.141689
0.052566
-0.800866
-0.785203
-0.744494
-0.676446
-0.593054
-0.501827
-0.403317
-0.297795
-0.186012
-0.0680645
0.051434
0.156391
0.23832
0.301188
0.326605
0.257147
0.106336
0.00325881
-0.0759818
-0.171596
-0.820302
-0.80802
-0.762709
-0.693359
-0.609895
-0.518577
-0.420209
-0.315168
-0.204497
-0.0883779
0.0278553
0.127842
0.20271
0.249573
0.224619
0.0891671
-0.0774467
-0.207709
-0.315914
-0.459966
-0.842793
-0.829919
-0.782741
-0.712304
-0.628624
-0.537305
-0.439142
-0.334835
-0.22547
-0.111528
0.000962063
0.0953564
0.162328
0.190925
0.126563
-0.0731719
-0.274783
-0.447967
-0.610371
-0.821886
-0.864139
-0.851511
-0.803309
-0.731772
-0.647691
-0.556436
-0.45872
-0.35538
-0.247554
-0.136131
-0.0277411
0.0606133
0.119073
0.120603
0.000432511
-0.227021
-0.466286
-0.703193
-0.905577
-1.36533
-0.885153
-0.873105
-0.8245
-0.752156
-0.667758
-0.576521
-0.479259
-0.376889
-0.270702
-0.162005
-0.0580196
0.0237518
0.0722478
0.0353695
-0.129748
-0.36339
-0.615337
-0.864624
-1.08305
-1.45183
-0.906879
-0.895111
-0.846488
-0.773681
-0.689082
-0.597858
-0.501011
-0.399585
-0.295085
-0.189267
-0.0899075
-0.0151558
0.0215386
-0.0422337
-0.248918
-0.474446
-0.706763
-0.90909
-0.994909
-1.03265
-0.929725
-0.918232
-0.869584
-0.796602
-0.711989
-0.620925
-0.524636
-0.424364
-0.321858
-0.219388
-0.125224
-0.0582045
-0.0356334
-0.125702
-0.35666
-0.569887
-0.759975
-0.895463
-0.934409
-0.949267
-0.953796
-0.942657
-0.893916
-0.820896
-0.736375
-0.645628
-0.550085
-0.451198
-0.351021
-0.252387
-0.164032
-0.10507
-0.101193
-0.232118
-0.454469
-0.65336
-0.819252
-0.891393
-0.913715
-0.916593
-0.979335
-0.968255
-0.91956
-0.846523
-0.762177
-0.671903
-0.577282
-0.480032
-0.38251
-0.288142
-0.206285
-0.155405
-0.180418
-0.338684
-0.547607
-0.734433
-0.859724
-0.909845
-0.901997
-0.901501
-1.00611
-0.995052
-0.946522
-0.873388
-0.789298
-0.699626
-0.606117
-0.510733
-0.416187
-0.326495
-0.251609
-0.209279
-0.259025
-0.442691
-0.636378
-0.806388
-0.877408
-0.891252
-0.894666
-0.8952
-1.03373
-1.02278
-0.974282
-0.901272
-0.817538
-0.728598
-0.63638
-0.543076
-0.451819
-0.367141
-0.299562
-0.267469
-0.335566
-0.541511
-0.72349
-0.855606
-0.896816
-0.894139
-0.895956
-0.895462
-1.06167
-1.05097
-1.00244
-0.929843
-0.84654
-0.758475
-0.667708
-0.576685
-0.488956
-0.40963
-0.349603
-0.326888
-0.41377
-0.635672
-0.811766
-0.913781
-0.919624
-0.908718
-0.897432
-0.894572
-1.08924
-1.07885
-1.03067
-0.958453
-0.875823
-0.788738
-0.699591
-0.611017
-0.526933
-0.453226
-0.400861
-0.385448
-0.500024
-0.728245
-0.907728
-0.968622
-0.949663
-0.92982
-0.912408
-0.903933
-1.11561
-1.10555
-1.05812
-0.986458
-0.90462
-0.818693
-0.731289
-0.645287
-0.564844
-0.496759
-0.452029
-0.444637
-0.581487
-0.804892
-1.02115
-1.0142
-1.01303
-0.993671
-0.980572
-0.969969
-1.13946
-1.12993
-1.08346
-1.01293
-0.932086
-0.847453
-0.761868
-0.678436
-0.601581
-0.53866
-0.501496
-0.504889
-0.655474
-0.838482
-1.0699
-1.28436
-1.18136
-1.16066
-1.16051
-1.14635
-1.15957
-1.15069
-1.10566
-1.0365
-0.957096
-0.87395
-0.790182
-0.709139
-0.635699
-0.577147
-0.548025
-0.556622
-0.731271
-0.849914
-0.850127
-0.962377
-1.16803
-1.33815
-1.33996
-1.32974
-1.17431
-1.16619
-1.12331
-1.05601
-0.978336
-0.896854
-0.814905
-0.735871
-0.665172
-0.610623
-0.587758
-0.598315
-0.832727
-0.915828
-0.642659
-0.584471
-1.04361
-1.373
-1.40202
-1.41012
-1.1823
-1.17498
-1.13494
-1.07018
-0.994506
-0.914803
-0.834536
-0.757046
-0.687744
-0.636124
-0.616419
-0.651468
-0.985253
-1.43641
-1.86022
-2.26131
-2.48488
-2.23505
-1.84852
-1.70506
-1.18105
-1.17491
-1.13972
-1.07776
-1.00444
-0.926607
-0.847669
-0.770934
-0.701424
-0.648835
-0.630634
-0.682844
-1.14445
-2.07409
-3.36348
-3.92288
-4.02946
-3.69332
-3.17847
-2.83762
-1.16996
-1.16563
-1.13611
-1.07808
-1.00729
-0.931411
-0.853311
-0.776055
-0.704455
-0.645666
-0.619701
-0.665143
-1.04618
-1.71042
-2.4537
-2.94617
-3.00739
-2.73798
-2.38934
-2.11119
-1.14912
-1.14588
-1.12299
-1.07106
-1.00318
-0.929043
-0.851137
-0.772176
-0.695213
-0.626917
-0.575281
-0.565471
-0.613317
-0.646734
-0.52469
-0.32382
-0.0428993
0.2228
0.411797
0.522268
-1.12053
-1.11839
-1.10224
-1.05746
-0.993168
-0.920348
-0.842114
-0.760257
-0.676723
-0.591926
-0.506542
-0.428186
-0.259108
0.156317
0.739001
1.32864
1.81293
2.13411
2.31495
2.38723
-1.0874
-1.08614
-1.07553
-1.0398
-0.979424
-0.907253
-0.828308
-0.743832
-0.654057
-0.555897
-0.45617
-0.340397
-0.187384
0.282604
0.948991
1.57264
2.06888
2.38593
2.54675
2.60338
-1.05396
-1.05323
-1.04783
-1.02002
-0.964121
-0.892033
-0.812667
-0.726681
-0.634127
-0.533032
-0.421963
-0.313094
-0.211511
0.116576
0.660915
1.15495
1.54437
1.80709
1.9562
2.02278
-1.0244
-1.0234
-1.02208
-1.0025
-0.948957
-0.875674
-0.79572
-0.71107
-0.620941
-0.522002
-0.413078
-0.309765
-0.208667
-0.0448173
0.311722
0.653453
0.924589
1.11057
1.21563
1.26886
-0.986133
-0.987013
-0.988083
-0.972386
-0.921399
-0.850169
-0.77339
-0.694758
-0.611502
-0.519814
-0.418923
-0.322636
-0.228691
-0.121965
0.0893668
0.327805
0.520795
0.658647
0.735387
0.765892
-0.910844
-0.912655
-0.913838
-0.901542
-0.861595
-0.803358
-0.739551
-0.673061
-0.601072
-0.519648
-0.42985
-0.343478
-0.264056
-0.18714
-0.0589762
0.0927973
0.217603
0.304697
0.350588
0.368682
-0.805346
-0.806444
-0.805994
-0.798119
-0.775196
-0.738752
-0.695145
-0.645609
-0.588239
-0.519485
-0.442533
-0.373628
-0.321542
-0.28213
-0.201008
-0.0968077
-0.00748964
0.0519542
0.0823493
0.0932752
-0.711848
-0.712153
-0.711059
-0.707558
-0.697426
-0.679189
-0.653173
-0.619388
-0.576106
-0.520022
-0.451946
-0.39724
-0.376288
-0.370177
-0.317295
-0.237859
-0.170352
-0.126243
-0.10421
-0.0975029
-0.656101
-0.655956
-0.654665
-0.653325
-0.649493
-0.640423
-0.625161
-0.602415
-0.56919
-0.520704
-0.457669
-0.40913
-0.396626
-0.412876
-0.366388
-0.304706
-0.257758
-0.231378
-0.219983
-0.217742
-0.636775
-0.636453
-0.635187
-0.633959
-0.63156
-0.626019
-0.616098
-0.599993
-0.573143
-0.528872
-0.464628
-0.405758
-0.372828
-0.373323
-0.342451
-0.311018
-0.289484
-0.277731
-0.273097
-0.272076
-0.645125
-0.64461
-0.64337
-0.64219
-0.640377
-0.636562
-0.630095
-0.61946
-0.599166
-0.560057
-0.491525
-0.411711
-0.342842
-0.319039
-0.308942
-0.300195
-0.289047
-0.278828
-0.273137
-0.27133
-0.674731
-0.674061
-0.673169
-0.672615
-0.672062
-0.671092
-0.670028
-0.668466
-0.661824
-0.639961
-0.577993
-0.475363
-0.371255
-0.320435
-0.31662
-0.308776
-0.292377
-0.274351
-0.261373
-0.261016
-0.717919
-0.717442
-0.717417
-0.718318
-0.720621
-0.725539
-0.735292
-0.752639
-0.778375
-0.806485
-0.78602
-0.659692
-0.515963
-0.441147
-0.412439
-0.366361
-0.314259
-0.270293
-0.246388
-0.246485
-0.764209
-0.764149
-0.765496
-0.768844
-0.776048
-0.790692
-0.818514
-0.869626
-0.959811
-1.09419
-1.16466
-0.994384
-0.775752
-0.656327
-0.583567
-0.487073
-0.383621
-0.307925
-0.275022
-0.278892
-0.798382
-0.799041
-0.802089
-0.80852
-0.822016
-0.84894
-0.900082
-0.997772
-1.18447
-1.48716
-1.69494
-1.47377
-1.11852
-0.920033
-0.794482
-0.640575
-0.501959
-0.407132
-0.382215
-0.386265
-0.803277
-0.804758
-0.809346
-0.817498
-0.837269
-0.875451
-0.946909
-1.0888
-1.36825
-1.83437
-2.19913
-1.95549
-1.47628
-1.19583
-1.0212
-0.841902
-0.706053
-0.629479
-0.614094
-0.615751
-0.764747
-0.766626
-0.771689
-0.782054
-0.803735
-0.846403
-0.927004
-1.08769
-1.40399
-1.93515
-2.35939
-2.16501
-1.66716
-1.37511
-1.20343
-1.06875
-0.998486
-0.961351
-0.93949
-0.930331
-0.680434
-0.682372
-0.686834
-0.696178
-0.715705
-0.754404
-0.828792
-0.975118
-1.26367
-1.7362
-2.07347
-1.90335
-1.57005
-1.38114
-1.24821
-1.20386
-1.19691
-1.17474
-1.15023
-1.13551
-0.561595
-0.563105
-0.566095
-0.572574
-0.586678
-0.615161
-0.670266
-0.778473
-0.992741
-1.3481
-1.58808
-1.48742
-1.31899
-1.18544
-1.11927
-1.12977
-1.1612
-1.14634
-1.1284
-1.11685
-0.427947
-0.428818
-0.43007
-0.433133
-0.440759
-0.456937
-0.488812
-0.551743
-0.677829
-0.903129
-1.0802
-1.05203
-0.956455
-0.860618
-0.856336
-0.924878
-0.951884
-0.946607
-0.938833
-0.933613
-0.299975
-0.300258
-0.300098
-0.300442
-0.302655
-0.308418
-0.320597
-0.345288
-0.395815
-0.495969
-0.598966
-0.580511
-0.534171
-0.512922
-0.585029
-0.6658
-0.688643
-0.690841
-0.689997
-0.689117
-0.192311
-0.192208
-0.19122
-0.190094
-0.189072
-0.188348
-0.188152
-0.189038
-0.192039
-0.196308
-0.191
-0.199122
-0.21616
-0.283374
-0.37298
-0.427405
-0.44657
-0.453797
-0.457548
-0.459357
-0.111195
-0.110918
-0.109705
-0.108187
-0.10601
-0.102629
-0.097208
-0.0883912
-0.0738333
-0.0496324
-0.017843
-0.0102304
-0.0695913
-0.154767
-0.218238
-0.2526
-0.268327
-0.276309
-0.281107
-0.28369
-0.0559241
-0.0556259
-0.0545516
-0.053261
-0.0512293
-0.0476718
-0.0416031
-0.03162
-0.015846
0.00709673
0.0292267
0.0230962
-0.02325
-0.0801924
-0.121555
-0.14545
-0.156264
-0.162045
-0.165754
-0.167854
-0.0218854
-0.0216402
-0.0208457
-0.0199965
-0.0185862
-0.0159278
-0.011177
-0.00339556
0.00829227
0.0233354
0.0336243
0.0231985
-0.0077741
-0.0428598
-0.0680641
-0.0830014
-0.0904206
-0.0941575
-0.0965189
-0.0978629
-0.00340125
-0.00322764
-0.00270961
-0.00224946
-0.0014909
0.000112201
0.00318419
0.00824924
0.0155328
0.023834
0.0270549
0.0169062
-0.00304943
-0.0236312
-0.0387844
-0.0478018
-0.0523062
-0.0545108
-0.0558721
-0.0566433
0.0045958
0.0047051
0.00500926
0.00519891
0.00547942
0.00625133
0.00794999
0.01084
0.0148692
0.0189142
0.0190148
0.0111986
-0.00109873
-0.0129909
-0.0216973
-0.0269218
-0.0295348
-0.0308044
-0.0315591
-0.031986
0.0059749
0.00603574
0.00619299
0.00622026
0.00620218
0.00645432
0.00723978
0.00867694
0.0106502
0.0123912
0.0116673
0.00673292
-0.00011287
-0.00644778
-0.0110607
-0.0138623
-0.0153203
-0.0159963
-0.0163519
-0.0165607
0.00127725
0.00133998
0.00146093
0.00151295
0.00152005
0.00152595
0.00159316
0.00171907
0.00184477
0.00178926
0.00125566
0.000333647
-0.000637407
-0.00143285
-0.00195371
-0.00215209
-0.00209648
-0.00196818
-0.00188235
-0.00605766
-1.79344
-0.986718
-0.496625
-0.207652
0.00562632
0.171916
0.304124
0.41478
0.527565
0.621728
-0.606018
-0.373457
-0.165945
0.00713511
0.151765
0.271121
0.369556
0.450166
0.500666
0.508091
-0.21024
-0.0761273
0.0530194
0.168599
0.26818
0.352666
0.422072
0.47486
0.50918
0.529129
0.0332096
0.122824
0.210414
0.29109
0.361778
0.422203
0.47185
0.510681
0.539991
0.560427
0.206321
0.26756
0.331882
0.390993
0.443035
0.488158
0.526282
0.557697
0.583058
0.600949
0.340242
0.384494
0.434915
0.479127
0.519886
0.556036
0.587507
0.614221
0.636275
0.651148
0.450332
0.486796
0.526876
0.563511
0.597919
0.629335
0.657121
0.680848
0.700293
0.712474
0.547952
0.580408
0.616115
0.650218
0.682263
0.711732
0.737773
0.759763
0.777223
0.787077
0.641762
0.675165
0.711466
0.746373
0.778484
0.807471
0.832617
0.853395
0.869193
0.877636
0.745456
0.783368
0.822205
0.859067
0.891632
0.919937
0.94374
0.963035
0.977397
0.986049
0.873537
0.916131
0.955529
0.991752
1.02247
1.0484
1.07016
1.08798
1.10163
1.1119
1.03551
1.07729
1.11126
1.14082
1.16551
1.18718
1.2069
1.22443
1.23927
1.25203
1.22611
1.25703
1.27856
1.29781
1.31596
1.33327
1.34955
1.36543
1.382
1.39897
1.42428
1.43575
1.44688
1.46104
1.47537
1.48825
1.49967
1.51058
1.52352
1.54043
1.61022
1.62014
1.62884
1.63129
1.63214
1.63644
1.64732
1.66331
1.68097
1.68558
1.91129
1.85592
1.80513
1.76489
1.74256
1.73856
1.75205
1.78586
1.84233
1.91789
0.456745
0.398052
0.355572
0.321711
0.297049
0.279485
0.266957
0.257997
0.251835
0.248269
0.24774
0.250438
0.255733
0.26355
0.27438
0.289369
0.310335
0.339398
0.378136
0.425946
0.258299
0.267056
0.27259
0.273412
0.269924
0.263869
0.257415
0.251904
0.247993
0.246217
0.247229
0.250657
0.255797
0.262163
0.268844
0.274052
0.275636
0.272374
0.264987
0.257315
0.235343
0.237375
0.241983
0.245498
0.24801
0.249434
0.249132
0.247368
0.245121
0.243443
0.243297
0.244944
0.247499
0.249979
0.251345
0.25092
0.248995
0.246139
0.242058
0.23766
0.228446
0.229314
0.231808
0.234536
0.236557
0.237921
0.238896
0.239314
0.239106
0.238739
0.238912
0.239787
0.240691
0.241006
0.240564
0.239606
0.238105
0.235792
0.233097
0.23111
0.222825
0.223288
0.224703
0.226759
0.22873
0.230328
0.231472
0.232336
0.232986
0.233435
0.233864
0.234262
0.234356
0.234064
0.23342
0.232305
0.230666
0.228726
0.227
0.225961
0.217695
0.217981
0.218925
0.220446
0.222125
0.223774
0.225226
0.226386
0.227338
0.228151
0.228754
0.229003
0.228878
0.228398
0.227502
0.226229
0.224758
0.22329
0.222099
0.221453
0.212816
0.213013
0.213737
0.215004
0.216489
0.218021
0.219558
0.220991
0.222218
0.223237
0.223977
0.224262
0.224061
0.223409
0.222409
0.221228
0.219982
0.21876
0.217836
0.217378
0.208182
0.208327
0.208913
0.210012
0.211375
0.212824
0.214329
0.215847
0.217282
0.218521
0.219427
0.219784
0.219565
0.218917
0.218013
0.216977
0.215892
0.214853
0.214109
0.213766
0.203723
0.203829
0.204314
0.205317
0.206624
0.208036
0.209499
0.211022
0.212573
0.214035
0.21515
0.21561
0.215485
0.214981
0.214249
0.213363
0.212386
0.21147
0.210854
0.210598
0.199484
0.19956
0.199963
0.200887
0.202157
0.203557
0.205052
0.206612
0.208191
0.209761
0.211092
0.211831
0.211984
0.211701
0.211108
0.210337
0.209477
0.208671
0.208168
0.20798
0.195433
0.19548
0.195822
0.196714
0.197993
0.1994
0.20092
0.202583
0.204369
0.206181
0.207796
0.208819
0.209168
0.209051
0.20863
0.20801
0.207249
0.206518
0.206099
0.205972
0.191723
0.191747
0.192016
0.192794
0.193949
0.195256
0.196711
0.198342
0.20018
0.202209
0.204182
0.205605
0.20636
0.206638
0.206562
0.206228
0.205717
0.205188
0.2049
0.204831
0.188251
0.188264
0.188462
0.189102
0.190136
0.191392
0.192877
0.194645
0.196709
0.199055
0.201472
0.203369
0.204525
0.205097
0.205301
0.205271
0.205034
0.204754
0.204622
0.204592
0.184638
0.184649
0.184799
0.185297
0.186176
0.187335
0.188783
0.190611
0.192887
0.195642
0.198621
0.201115
0.202813
0.203909
0.204539
0.204866
0.204983
0.205002
0.205018
0.205004
0.180384
0.180399
0.180541
0.18098
0.181782
0.182934
0.184484
0.186514
0.189141
0.192424
0.196113
0.199337
0.201621
0.203197
0.204264
0.204971
0.20541
0.205679
0.205788
0.205781
0.17521
0.175225
0.175399
0.175868
0.17671
0.177959
0.179709
0.182094
0.185257
0.189271
0.193847
0.197912
0.200906
0.203029
0.204505
0.205545
0.206268
0.206704
0.206863
0.206861
0.168927
0.16894
0.169141
0.169706
0.170699
0.172176
0.174286
0.177175
0.181033
0.185976
0.191669
0.196787
0.200564
0.203275
0.205254
0.20666
0.207632
0.208179
0.208382
0.208395
0.161447
0.161454
0.161683
0.162403
0.163637
0.16552
0.168147
0.171749
0.17654
0.182676
0.189751
0.196137
0.200888
0.204327
0.20679
0.208567
0.209739
0.210391
0.21065
0.210679
0.152682
0.152686
0.152958
0.153812
0.155454
0.157787
0.161115
0.165614
0.171586
0.179215
0.188
0.195938
0.201861
0.206165
0.20925
0.211428
0.212832
0.21363
0.213971
0.214018
0.142356
0.142357
0.142682
0.143725
0.145793
0.14876
0.152952
0.158618
0.166103
0.175611
0.186502
0.196311
0.20365
0.208989
0.212806
0.215466
0.2172
0.218201
0.218636
0.218694
0.12995
0.129953
0.130358
0.131659
0.134179
0.138031
0.14333
0.150508
0.159936
0.171815
0.185297
0.197362
0.206362
0.212916
0.217611
0.220882
0.223042
0.224308
0.224847
0.224912
0.114613
0.114619
0.115154
0.116849
0.120086
0.124985
0.131793
0.140997
0.15297
0.167845
0.184485
0.19923
0.210187
0.218168
0.223878
0.22788
0.230558
0.232132
0.232783
0.232858
0.0951773
0.0951913
0.0959375
0.0982435
0.102558
0.109008
0.117945
0.129897
0.145179
0.163782
0.184205
0.202075
0.215282
0.224896
0.231803
0.236676
0.239969
0.241914
0.242703
0.242778
0.0697955
0.0698236
0.0709274
0.0742732
0.0803693
0.0892613
0.101329
0.117063
0.136621
0.15979
0.184644
0.206067
0.22181
0.233283
0.241572
0.247479
0.251506
0.253876
0.254813
0.254889
0.0354238
0.035491
0.0373445
0.0427294
0.0520089
0.0648653
0.0816122
0.10253
0.127523
0.15614
0.186025
0.211368
0.229885
0.24342
0.253293
0.260428
0.26535
0.26824
0.269339
0.269399
-0.0137756
-0.0134203
-0.00924138
0.000778609
0.0160812
0.0354169
0.0589903
0.0867442
0.118357
0.153205
0.188582
0.218086
0.239539
0.25529
0.266927
0.275499
0.281534
0.285095
0.286398
0.286424
-0.0856882
-0.0830448
-0.0710697
-0.0511833
-0.0261675
0.00238052
0.0346399
0.0704996
0.109603
0.151328
0.192704
0.226812
0.251623
0.270019
0.283884
0.294431
0.302127
0.306836
0.308672
0.308843
-0.162317
-0.155316
-0.134077
-0.103888
-0.0688258
-0.0308586
0.0101934
0.0543033
0.101231
0.150448
0.1988
0.238674
0.267924
0.289931
0.306863
0.320106
0.330148
0.336617
0.339604
0.340083
-0.226094
-0.219114
-0.190975
-0.15249
-0.108948
-0.062406
-0.0130225
0.0390482
0.0935392
0.149955
0.204886
0.250016
0.283172
0.308261
0.327695
0.34292
0.354545
0.36259
0.365589
0.366032
-0.277803
-0.270376
-0.238595
-0.194306
-0.14441
-0.0909653
-0.0345041
0.024662
0.0860894
0.14917
0.210139
0.259924
0.296337
0.323781
0.344956
0.36155
0.374169
0.382927
0.386137
0.386832
-0.320504
-0.312828
-0.278678
-0.230279
-0.175329
-0.116334
-0.0539839
0.0112837
0.0788605
0.147957
0.214345
0.268163
0.307224
0.336449
0.358853
0.376302
0.389528
0.398549
0.402289
0.403103
-0.356933
-0.349117
-0.313408
-0.2618
-0.202732
-0.139132
-0.0717616
-0.00118945
0.0718293
0.146339
0.217606
0.274977
0.316235
0.346806
0.370008
0.387888
0.401368
0.410385
0.414387
0.415214
-0.389066
-0.381175
-0.34436
-0.290105
-0.22762
-0.160082
-0.0883425
-0.0130788
0.0648443
0.144297
0.220084
0.280705
0.323916
0.355602
0.379361
0.397426
0.410949
0.419929
0.424064
0.424938
-0.418315
-0.410342
-0.37263
-0.316124
-0.250764
-0.179811
-0.10421
-0.0247282
0.0576866
0.141751
0.221827
0.285603
0.33069
0.363391
0.387638
0.405885
0.419398
0.428347
0.43254
0.433451
-0.44553
-0.437481
-0.398957
-0.340555
-0.272691
-0.198731
-0.119706
-0.0364109
0.0501432
0.138575
0.222824
0.289714
0.336711
0.370508
0.395324
0.413817
0.427402
0.436241
0.44036
0.441398
-0.471373
-0.46322
-0.423992
-0.363957
-0.293796
-0.217169
-0.135086
-0.048325
0.0420633
0.134637
0.222988
0.293104
0.342194
0.37726
0.402768
0.42159
0.435285
0.444093
0.448099
0.449147
-0.496222
-0.487941
-0.448016
-0.386542
-0.314346
-0.235339
-0.150501
-0.0605948
0.0333347
0.129858
0.222325
0.295877
0.347264
0.383786
0.410162
0.429456
0.443354
0.45218
0.456068
0.457005
-0.520352
-0.511902
-0.471254
-0.408512
-0.3345
-0.253371
-0.166059
-0.0732994
0.0239171
0.124225
0.220804
0.297943
0.351902
0.390137
0.417587
0.437506
0.451703
0.460569
0.464349
0.465123
-0.543846
-0.535197
-0.494084
-0.42999
-0.354353
-0.271331
-0.1818
-0.0864528
0.0137877
0.117666
0.218285
0.299203
0.356051
0.39631
0.425062
0.445758
0.460335
0.469244
0.472914
0.473526
-0.566805
-0.557998
-0.516267
-0.451024
-0.373941
-0.289229
-0.19772
-0.100057
0.00292659
0.110117
0.214699
0.299564
0.359611
0.402234
0.432555
0.454194
0.469218
0.478146
0.481645
0.482118
-0.589254
-0.580295
-0.537899
-0.47162
-0.39325
-0.30704
-0.213788
-0.114081
-0.00865678
0.10159
0.209983
0.298877
0.362437
0.407812
0.440029
0.46279
0.478298
0.487184
0.490431
0.490747
-0.611191
-0.602046
-0.559025
-0.491779
-0.412252
-0.324723
-0.229953
-0.128462
-0.0208761
0.0921268
0.204081
0.297005
0.364325
0.41289
0.447435
0.471552
0.487527
0.496241
0.499138
0.499288
-0.632527
-0.623225
-0.579569
-0.511449
-0.430892
-0.342218
-0.246128
-0.143105
-0.0336483
0.0817588
0.19697
0.293818
0.365061
0.417243
0.454695
0.48057
0.496979
0.505216
0.507568
0.507533
-0.653235
-0.643755
-0.599488
-0.530585
-0.449112
-0.359445
-0.262237
-0.157917
-0.0468921
0.0705785
0.18866
0.289201
0.364408
0.420566
0.461633
0.490011
0.506991
0.514209
0.515532
0.515249
-0.67327
-0.663618
-0.618762
-0.549139
-0.466864
-0.37633
-0.278187
-0.1728
-0.0604946
0.0586823
0.179215
0.283088
0.362138
0.422442
0.46785
0.499959
0.518374
0.524028
0.523142
0.522234
-0.692592
-0.68276
-0.63735
-0.567064
-0.484077
-0.392818
-0.293895
-0.187655
-0.0743304
0.0461943
0.168711
0.275444
0.358085
0.422394
0.472583
0.509972
0.53204
0.537232
0.532635
0.529325
-0.711207
-0.701218
-0.655244
-0.58436
-0.500775
-0.408929
-0.309386
-0.202516
-0.0884326
0.0330792
0.157093
0.266073
0.351987
0.419925
0.474647
0.518579
0.547527
0.557332
0.551315
0.533542
-0.729151
-0.718964
-0.672565
-0.601193
-0.517187
-0.424974
-0.325033
-0.217847
-0.103357
0.0186865
0.143656
0.254213
0.342987
0.41423
0.471903
0.521903
0.558817
0.568867
0.567425
0.51979
-0.7467
-0.735606
-0.689252
-0.617434
-0.533219
-0.440857
-0.340658
-0.233422
-0.118856
0.0032646
0.12856
0.239886
0.330565
0.404918
0.462346
0.511686
0.549382
0.562568
0.513909
0.44719
-0.764776
-0.750243
-0.705133
-0.633018
-0.549165
-0.456752
-0.356506
-0.249231
-0.134933
-0.0131791
0.111731
0.222954
0.313792
0.392214
0.446196
0.475479
0.506203
0.489053
0.423788
0.352912
-0.782425
-0.78527
-0.723959
-0.645576
-0.562242
-0.469959
-0.371999
-0.264638
-0.15088
-0.0298913
0.0937959
0.20382
0.292688
0.378624
0.410037
0.397604
0.416836
0.365992
0.292696
0.216923
-0.758072
-0.757042
-0.699931
-0.622986
-0.534968
-0.439284
-0.336799
-0.227127
-0.110925
0.012557
0.129128
0.225288
0.303302
0.38611
0.419673
0.321894
0.24027
0.175703
0.10001
-0.0582906
-0.797939
-0.772449
-0.712617
-0.634926
-0.547112
-0.451849
-0.350017
-0.241136
-0.126135
-0.00459746
0.108825
0.201186
0.271954
0.325657
0.301786
0.175509
0.0492866
-0.0362026
-0.124809
-0.304907
-0.821418
-0.791089
-0.730695
-0.653014
-0.565432
-0.470473
-0.368631
-0.260699
-0.147257
-0.0283016
0.0813187
0.168471
0.230272
0.253143
0.177159
0.00303377
-0.148014
-0.260928
-0.384995
-0.640629
-0.844191
-0.811448
-0.75003
-0.671712
-0.584096
-0.489283
-0.387916
-0.281077
-0.169403
-0.0533928
0.0516765
0.132639
0.182827
0.17295
0.0309649
-0.174979
-0.365623
-0.526602
-0.708983
-1.13208
-0.86575
-0.832287
-0.769939
-0.690865
-0.603116
-0.508511
-0.407865
-0.302217
-0.192483
-0.0797223
0.0202052
0.0943994
0.129549
0.0829647
-0.111774
-0.345493
-0.585559
-0.802293
-1.08034
-1.80176
-0.886887
-0.853579
-0.79064
-0.711036
-0.623134
-0.528762
-0.428817
-0.324425
-0.216805
-0.107559
-0.0131327
0.05348
0.0707145
-0.0170324
-0.243956
-0.4887
-0.74106
-0.980227
-1.19009
-2.03508
-0.908687
-0.875528
-0.812338
-0.732442
-0.644429
-0.550262
-0.450978
-0.347859
-0.242464
-0.136931
-0.0482181
0.00991463
0.00818508
-0.133943
-0.358065
-0.592966
-0.815374
-0.970885
-1.00376
-1.06148
-0.931547
-0.898595
-0.835295
-0.75534
-0.667369
-0.57355
-0.475084
-0.373493
-0.270701
-0.169465
-0.0869318
-0.038943
-0.0668272
-0.245101
-0.460545
-0.669857
-0.839265
-0.924882
-0.941431
-0.951303
-0.955773
-0.922884
-0.859574
-0.779665
-0.691877
-0.598562
-0.501138
-0.401357
-0.301541
-0.205182
-0.129266
-0.0934756
-0.14503
-0.348991
-0.555903
-0.741117
-0.874721
-0.909319
-0.915661
-0.916179
-0.981406
-0.948469
-0.885195
-0.805344
-0.71786
-0.625229
-0.529054
-0.431359
-0.334909
-0.243973
-0.175367
-0.152638
-0.227803
-0.44812
-0.644698
-0.810157
-0.878129
-0.896745
-0.901049
-0.901213
-1.00828
-0.975137
-0.912057
-0.832304
-0.74523
-0.653434
-0.558708
-0.463379
-0.370656
-0.285614
-0.224912
-0.21277
-0.327468
-0.542955
-0.726128
-0.861285
-0.903532
-0.895686
-0.895218
-0.894913
-1.0359
-1.00275
-0.939871
-0.860327
-0.773772
-0.68297
-0.589891
-0.497187
-0.408531
-0.329734
-0.277225
-0.280254
-0.429768
-0.636472
-0.800905
-0.885353
-0.892109
-0.895154
-0.895688
-0.895222
-1.06393
-1.0309
-0.968172
-0.889051
-0.803154
-0.713489
-0.622243
-0.532363
-0.448091
-0.375802
-0.331361
-0.353334
-0.526815
-0.727963
-0.880706
-0.897687
-0.90876
-0.901276
-0.895349
-0.894114
-1.09146
-1.05899
-0.996515
-0.917987
-0.832858
-0.744469
-0.655232
-0.568323
-0.488598
-0.423032
-0.386589
-0.424301
-0.618834
-0.824708
-0.959335
-0.980073
-0.947404
-0.919619
-0.907178
-0.901716
-1.1178
-1.08598
-1.02429
-0.946367
-0.862165
-0.775215
-0.688095
-0.604246
-0.528984
-0.470308
-0.44222
-0.493283
-0.695144
-0.915182
-1.07411
-1.01979
-1.00301
-0.987248
-0.974447
-0.966405
-1.14161
-1.11083
-1.05019
-0.973329
-0.890223
-0.804805
-0.719837
-0.639067
-0.567976
-0.516084
-0.496052
-0.558813
-0.753419
-0.934277
-1.22613
-1.21826
-1.16112
-1.16284
-1.15427
-1.14205
-1.16155
-1.13234
-1.07301
-0.997641
-0.915951
-0.832146
-0.749231
-0.671341
-0.604129
-0.558046
-0.544923
-0.621309
-0.810425
-0.85432
-0.886946
-1.05329
-1.27487
-1.34979
-1.33511
-1.32769
-1.1761
-1.1489
-1.09161
-1.01804
-0.938003
-0.855938
-0.774946
-0.69928
-0.635512
-0.593212
-0.591195
-0.687481
-0.921137
-0.823442
-0.416746
-0.79836
-1.26328
-1.40094
-1.40561
-1.41153
-1.1838
-1.15899
-1.10459
-1.03326
-0.955061
-0.874745
-0.795386
-0.721085
-0.659242
-0.620909
-0.633239
-0.777485
-1.20134
-1.66972
-2.05967
-2.43013
-2.4058
-2.03344
-1.74215
-1.72018
-1.18316
-1.16153
-1.11083
-1.04209
-0.965985
-0.887277
-0.808956
-0.735068
-0.672309
-0.635335
-0.649287
-0.850219
-1.53833
-2.71681
-3.72696
-4.04947
-3.90579
-3.43931
-2.97641
-2.77526
-1.17179
-1.15483
-1.1096
-1.04375
-0.969959
-0.89263
-0.814507
-0.739371
-0.673013
-0.626922
-0.633641
-0.789384
-1.36519
-2.07166
-2.77037
-3.029
-2.90276
-2.56176
-2.22618
-2.07276
-1.15063
-1.13805
-1.09993
-1.03836
-0.966874
-0.890574
-0.811792
-0.733339
-0.659842
-0.596753
-0.567458
-0.554242
-0.651391
-0.601614
-0.435088
-0.189003
0.0977131
0.326881
0.476883
0.551374
-1.12177
-1.11321
-1.08323
-1.02692
-0.957588
-0.881926
-0.80167
-0.718994
-0.634024
-0.551773
-0.4638
-0.368577
-0.0884316
0.442471
1.03584
1.59093
1.99325
2.24072
2.36206
2.39855
-1.08844
-1.08311
-1.06129
-1.01181
-0.944294
-0.868722
-0.78691
-0.699512
-0.607071
-0.504937
-0.398994
-0.288156
-0.00338005
0.610997
1.27082
1.84183
2.2501
2.48312
2.58519
2.61177
-1.05488
-1.05205
-1.0376
-0.994775
-0.929482
-0.853386
-0.770547
-0.681713
-0.585408
-0.475934
-0.368346
-0.258286
-0.0938389
0.382329
0.919278
1.36454
1.69184
1.89422
1.99816
2.03457
-1.02367
-1.02345
-1.01609
-0.979216
-0.913919
-0.836427
-0.754084
-0.667014
-0.572725
-0.467202
-0.360116
-0.258068
-0.156613
0.121918
0.490943
0.797921
1.0293
1.17173
1.24731
1.27911
-0.986129
-0.988009
-0.983985
-0.950747
-0.887207
-0.812066
-0.734736
-0.654122
-0.567243
-0.469197
-0.368409
-0.276857
-0.184413
-0.0303655
0.211617
0.43054
0.59782
0.703883
0.755601
0.768113
-0.911505
-0.913754
-0.910501
-0.884958
-0.833682
-0.771993
-0.706813
-0.637969
-0.561915
-0.474685
-0.384666
-0.305386
-0.225412
-0.134271
0.0188931
0.159458
0.266297
0.33246
0.362301
0.369871
-0.806044
-0.806566
-0.803561
-0.788666
-0.758114
-0.717522
-0.67093
-0.617658
-0.555147
-0.480926
-0.406404
-0.347647
-0.296764
-0.249868
-0.150122
-0.0476592
0.0258493
0.070025
0.0900778
0.0920486
-0.712257
-0.711721
-0.709888
-0.703444
-0.68929
-0.667109
-0.637617
-0.599305
-0.54913
-0.485163
-0.421746
-0.382583
-0.372356
-0.349416
-0.277305
-0.201594
-0.145165
-0.112838
-0.0991447
-0.0991366
-0.65628
-0.655338
-0.653995
-0.652023
-0.645674
-0.63369
-0.615235
-0.587753
-0.54717
-0.489073
-0.430017
-0.397776
-0.405533
-0.396421
-0.334441
-0.278384
-0.242163
-0.224374
-0.217985
-0.21883
-0.636808
-0.635846
-0.634574
-0.633049
-0.629279
-0.62168
-0.609088
-0.588714
-0.554099
-0.498577
-0.431932
-0.385883
-0.372496
-0.359704
-0.326545
-0.298738
-0.282569
-0.274705
-0.272239
-0.272718
-0.645008
-0.64401
-0.642772
-0.641455
-0.63877
-0.633663
-0.625355
-0.611257
-0.583512
-0.528367
-0.450251
-0.373465
-0.327674
-0.31399
-0.30542
-0.294584
-0.283529
-0.275593
-0.271379
-0.272614
-0.67447
-0.673516
-0.672849
-0.672384
-0.671624
-0.67053
-0.669305
-0.666398
-0.653868
-0.613715
-0.530063
-0.417725
-0.338209
-0.319206
-0.315325
-0.301346
-0.282671
-0.266672
-0.260379
-0.262261
-0.717626
-0.717349
-0.71773
-0.719254
-0.72265
-0.729648
-0.742751
-0.764578
-0.793313
-0.807015
-0.734038
-0.580152
-0.466546
-0.42447
-0.392089
-0.339012
-0.292214
-0.254389
-0.242684
-0.247173
-0.764012
-0.76463
-0.766854
-0.771801
-0.782171
-0.802499
-0.840247
-0.908708
-1.02388
-1.15285
-1.10412
-0.875782
-0.701142
-0.625597
-0.536012
-0.434559
-0.340981
-0.286569
-0.277166
-0.280407
-0.798424
-0.800259
-0.804736
-0.814081
-0.833331
-0.870558
-0.941117
-1.07683
-1.32369
-1.63601
-1.6321
-1.28294
-1.00146
-0.861924
-0.72078
-0.567358
-0.444895
-0.38354
-0.383628
-0.389032
-0.803659
-0.806635
-0.813473
-0.825772
-0.853393
-0.90582
-1.00594
-1.20688
-1.58047
-2.07425
-2.15523
-1.70031
-1.3082
-1.10652
-0.926212
-0.768696
-0.662033
-0.618444
-0.613854
-0.618903
-0.76533
-0.768718
-0.775952
-0.791029
-0.821722
-0.880535
-0.993772
-1.22131
-1.64658
-2.2061
-2.35027
-1.89762
-1.49438
-1.29669
-1.12328
-1.02807
-0.974281
-0.948587
-0.933291
-0.930712
-0.681185
-0.684208
-0.690689
-0.704198
-0.731976
-0.78565
-0.889706
-1.09657
-1.48227
-1.9622
-2.05043
-1.72195
-1.4608
-1.30463
-1.221
-1.20042
-1.18892
-1.16165
-1.14125
-1.13354
-0.562272
-0.564321
-0.568736
-0.578312
-0.598613
-0.638292
-0.715353
-0.868342
-1.15752
-1.51273
-1.56822
-1.39554
-1.24987
-1.13408
-1.11634
-1.1526
-1.15524
-1.13699
-1.12143
-1.11459
-0.42844
-0.429293
-0.431264
-0.436172
-0.447479
-0.47028
-0.515006
-0.604253
-0.779173
-1.01691
-1.0826
-1.0086
-0.902886
-0.849867
-0.88725
-0.947035
-0.95074
-0.942487
-0.93585
-0.93204
-0.300267
-0.300122
-0.300165
-0.301228
-0.304972
-0.313457
-0.330824
-0.366148
-0.438214
-0.558769
-0.603738
-0.559684
-0.510113
-0.539079
-0.632158
-0.682355
-0.690382
-0.690447
-0.689596
-0.688337
-0.192444
-0.191734
-0.1907
-0.189547
-0.188664
-0.188165
-0.188411
-0.190207
-0.194593
-0.194506
-0.200344
-0.202835
-0.239673
-0.329721
-0.40598
-0.439824
-0.451073
-0.455907
-0.45875
-0.459219
-0.111232
-0.110358
-0.109036
-0.107191
-0.104511
-0.100239
-0.0933325
-0.0820285
-0.0632159
-0.0328289
-0.00595928
-0.0310359
-0.113622
-0.190162
-0.238053
-0.262594
-0.27293
-0.278967
-0.282737
-0.283847
-0.0559163
-0.0551337
-0.0539827
-0.052361
-0.0496914
-0.0450219
-0.0372024
-0.0245797
-0.00525006
0.0199672
0.0318254
0.00415291
-0.0530257
-0.10332
-0.135704
-0.151688
-0.159564
-0.164076
-0.167059
-0.168052
-0.0218647
-0.021275
-0.0204476
-0.0193746
-0.0174629
-0.013864
-0.00772408
0.00192755
0.0155625
0.030242
0.0317045
0.00957295
-0.0256644
-0.0567979
-0.0767416
-0.0873992
-0.0925633
-0.0954519
-0.097351
-0.0980011
-0.00338217
-0.00298474
-0.00246539
-0.00192318
-0.000837642
0.00143397
0.00544152
0.0116287
0.0197358
0.0267777
0.0237805
0.00768411
-0.0138048
-0.0320371
-0.0440062
-0.05048
-0.0535774
-0.0552599
-0.0563492
-0.0567234
0.00460845
0.00485216
0.00513212
0.00530297
0.00577117
0.00696708
0.0092379
0.0127399
0.0170282
0.0198387
0.0160473
0.00532559
-0.00733856
-0.0178095
-0.0247052
-0.0284847
-0.0302736
-0.0312213
-0.0318229
-0.0320305
0.00598091
0.00611588
0.00623476
0.00619061
0.00627808
0.00677118
0.00787637
0.00961979
0.0116357
0.0125264
0.0096547
0.00339662
-0.00345062
-0.008995
-0.0126702
-0.0147274
-0.0157179
-0.0161972
-0.0164795
-0.0165821
0.00341112
0.00343803
0.00351133
0.00348954
0.0033921
0.00341581
0.00367084
0.00418629
0.00489191
0.00545067
0.00497663
0.00287591
0.000161456
-0.00229092
-0.00407195
-0.00513813
-0.00561136
-0.00580277
-0.00596939
-0.00606649
-1.3138
-0.692851
-0.340727
-0.0965055
0.0927904
0.240556
0.362212
0.467893
0.587058
0.579649
-0.438498
-0.262505
-0.0755487
0.0830118
0.214468
0.322592
0.412298
0.480611
0.509818
0.513931
-0.124813
-0.0100575
0.112936
0.220318
0.312291
0.389289
0.450743
0.494141
0.521222
0.537722
0.0895262
0.167691
0.252032
0.327711
0.393306
0.448395
0.49258
0.526349
0.552193
0.570433
0.246912
0.303207
0.362368
0.417887
0.466471
0.508082
0.542799
0.571055
0.594065
0.612149
0.370852
0.412243
0.457229
0.500079
0.538547
0.572351
0.601475
0.625763
0.645728
0.663375
0.474817
0.507414
0.545465
0.581043
0.61405
0.643708
0.669528
0.69107
0.708323
0.725642
0.568338
0.598299
0.633422
0.666516
0.697376
0.725219
0.749315
0.769058
0.783887
0.801021
0.661238
0.693141
0.729255
0.762779
0.793414
0.820558
0.843585
0.86194
0.874787
0.89207
0.766409
0.80257
0.841151
0.875869
0.906334
0.932412
0.953968
0.970827
0.982592
1.00047
0.896626
0.935846
0.974328
1.00775
1.03598
1.05978
1.07958
1.09525
1.10718
1.12547
1.05807
1.09471
1.12676
1.15365
1.17663
1.19727
1.216
1.23213
1.24591
1.26381
1.24299
1.26831
1.28838
1.30699
1.32473
1.34155
1.35749
1.37354
1.39072
1.40987
1.42999
1.44094
1.45373
1.46835
1.48201
1.49413
1.5051
1.5165
1.53193
1.55138
1.61198
1.6255
1.63059
1.63159
1.63357
1.64101
1.65478
1.67243
1.68619
1.69754
1.88094
1.83039
1.78295
1.75139
1.73841
1.74298
1.76621
1.8113
1.87801
1.97213
0.31337
0.310359
0.304297
0.293369
0.280874
0.269556
0.260478
0.253684
0.249148
0.247131
0.24821
0.252039
0.258067
0.266246
0.276666
0.288923
0.301233
0.309916
0.314421
0.316573
0.241676
0.248327
0.25358
0.257196
0.258306
0.256664
0.253193
0.249361
0.246302
0.244869
0.245783
0.248657
0.252606
0.256717
0.259658
0.260122
0.257752
0.253331
0.247013
0.241181
0.231579
0.234544
0.237917
0.240417
0.242184
0.243366
0.243577
0.242792
0.241654
0.241064
0.241749
0.243307
0.244814
0.245468
0.244944
0.243603
0.241631
0.238705
0.235338
0.233047
0.22555
0.22698
0.229213
0.231509
0.23325
0.234452
0.235329
0.235873
0.236057
0.236219
0.236709
0.237266
0.237424
0.237064
0.236307
0.235053
0.233145
0.230841
0.229046
0.227963
0.220224
0.22105
0.22255
0.224371
0.226154
0.227659
0.228798
0.229699
0.230448
0.231056
0.23148
0.231596
0.231371
0.230808
0.22981
0.22837
0.22671
0.225079
0.224004
0.223343
0.21522
0.215781
0.216922
0.218418
0.220011
0.221585
0.223019
0.224211
0.225201
0.226019
0.226499
0.226544
0.226184
0.225399
0.22426
0.222947
0.221582
0.220347
0.219589
0.219134
0.210478
0.210897
0.211837
0.213164
0.214609
0.216115
0.217635
0.219075
0.22033
0.221341
0.221924
0.221949
0.221474
0.22063
0.219581
0.218444
0.21728
0.216271
0.215689
0.215353
0.205923
0.206245
0.207057
0.208283
0.209675
0.211133
0.212643
0.214164
0.215599
0.216819
0.217546
0.217642
0.217236
0.216511
0.215606
0.214593
0.213559
0.212701
0.212239
0.211989
0.201582
0.20183
0.202534
0.203684
0.205031
0.206459
0.207948
0.209493
0.211062
0.212511
0.213424
0.21367
0.213453
0.212925
0.212182
0.211309
0.210402
0.209675
0.209315
0.209129
0.197428
0.197617
0.198255
0.199389
0.200749
0.202219
0.203805
0.205458
0.207132
0.208744
0.20996
0.210522
0.210529
0.210125
0.209482
0.208712
0.207877
0.207235
0.206952
0.206821
0.193535
0.193666
0.194231
0.195305
0.196611
0.198025
0.199568
0.201301
0.203202
0.205144
0.206671
0.207494
0.20776
0.207664
0.207293
0.206725
0.206051
0.205529
0.205328
0.205249
0.189978
0.190064
0.190518
0.191452
0.192643
0.194019
0.195593
0.197401
0.19944
0.201676
0.203653
0.204961
0.205641
0.205855
0.20577
0.205483
0.205073
0.204748
0.204642
0.204596
0.186498
0.186558
0.186903
0.187686
0.18878
0.190112
0.191727
0.193711
0.196089
0.198802
0.201299
0.203046
0.20412
0.204732
0.204956
0.204984
0.204882
0.204791
0.204766
0.204731
0.182606
0.182668
0.182943
0.183589
0.184581
0.185873
0.187551
0.189699
0.192398
0.195649
0.198815
0.201222
0.20288
0.203927
0.20461
0.205019
0.20524
0.205358
0.205385
0.205346
0.177932
0.178005
0.178289
0.178908
0.179904
0.181296
0.183192
0.185728
0.188983
0.192971
0.196947
0.20004
0.202225
0.203767
0.204809
0.20553
0.206017
0.206267
0.206317
0.20627
0.172215
0.17229
0.172628
0.173328
0.174443
0.17604
0.178276
0.181299
0.185253
0.190184
0.19516
0.199108
0.201994
0.203994
0.205422
0.206471
0.207185
0.207521
0.207596
0.207546
0.165339
0.165416
0.16583
0.1667
0.168073
0.170043
0.172794
0.176535
0.181429
0.187534
0.193744
0.1987
0.202301
0.204909
0.206781
0.208117
0.208962
0.209361
0.209467
0.209417
0.15723
0.157311
0.1578
0.158937
0.160684
0.163164
0.166612
0.171266
0.177348
0.184932
0.19265
0.198827
0.203365
0.206623
0.208957
0.210586
0.211601
0.212096
0.212247
0.212195
0.147713
0.147804
0.148408
0.149803
0.152067
0.155168
0.159522
0.165359
0.17294
0.182362
0.19193
0.199599
0.205243
0.209306
0.212211
0.214156
0.2154
0.216033
0.216231
0.216173
0.136421
0.136545
0.137309
0.139012
0.141812
0.145843
0.151291
0.158631
0.168129
0.179848
0.191672
0.201121
0.208078
0.213096
0.216649
0.219075
0.220622
0.221433
0.221676
0.221604
0.122644
0.122827
0.123834
0.126002
0.129485
0.134565
0.141568
0.150901
0.162854
0.177423
0.191968
0.20353
0.212034
0.218175
0.222517
0.225508
0.227441
0.228454
0.228748
0.228659
0.105366
0.105643
0.107016
0.109851
0.114376
0.12098
0.130053
0.142015
0.1571
0.17518
0.192973
0.207004
0.217301
0.224733
0.230015
0.233683
0.23607
0.237307
0.237655
0.237542
0.0831502
0.083605
0.0855789
0.0894565
0.0955927
0.104424
0.116396
0.13187
0.150934
0.173262
0.194843
0.211695
0.224035
0.232964
0.239346
0.243824
0.246756
0.248258
0.248664
0.248522
0.0536273
0.0544366
0.0574766
0.0631708
0.0719666
0.0842564
0.100387
0.120532
0.144549
0.171887
0.197763
0.21776
0.232378
0.243008
0.250677
0.256115
0.25969
0.261494
0.26196
0.261783
0.0126444
0.0142806
0.0196605
0.0289363
0.0423921
0.0601106
0.0821199
0.108307
0.138295
0.171343
0.201926
0.225305
0.242389
0.25491
0.26407
0.270682
0.275051
0.277193
0.2777
0.277482
-0.0474156
-0.0424397
-0.0312469
-0.0149121
0.00655942
0.0323883
0.062228
0.0958204
0.132662
0.171935
0.207458
0.234337
0.253988
0.268522
0.279335
0.287273
0.29262
0.295185
0.295744
0.29549
-0.119291
-0.11057
-0.0900488
-0.0630307
-0.0315498
0.00339834
0.041725
0.0832695
0.127611
0.174036
0.215655
0.247222
0.270578
0.288165
0.301541
0.311671
0.318546
0.321584
0.322126
0.32215
-0.191438
-0.176305
-0.146659
-0.109639
-0.0687138
-0.024796
0.0219907
0.0715086
0.123393
0.177039
0.224879
0.261223
0.288322
0.309041
0.325148
0.33758
0.345845
0.349499
0.350924
0.351135
-0.24971
-0.230952
-0.195638
-0.151338
-0.102766
-0.0510798
0.00336987
0.0603298
0.119355
0.179786
0.233308
0.273842
0.304056
0.32716
0.345122
0.35896
0.368525
0.373369
0.375303
0.375576
-0.297252
-0.276548
-0.237001
-0.18734
-0.132799
-0.0748012
-0.0138158
0.049716
0.1152
0.181831
0.240437
0.284516
0.317165
0.342004
0.361254
0.376118
0.386606
0.392165
0.394317
0.394575
-0.337019
-0.315301
-0.272581
-0.218725
-0.159358
-0.0961324
-0.0295796
0.0397028
0.110943
0.183143
0.246255
0.293343
0.327909
0.353985
0.374046
0.38948
0.400426
0.406408
0.408624
0.408867
-0.371563
-0.34918
-0.303982
-0.246692
-0.183323
-0.115623
-0.0442375
0.0301249
0.106546
0.183808
0.25101
0.300738
0.336887
0.363863
0.384379
0.399995
0.411051
0.417123
0.419374
0.419634
-0.402433
-0.379597
-0.332423
-0.272263
-0.205488
-0.133899
-0.0582305
0.0207105
0.101881
0.183864
0.254899
0.307109
0.344707
0.372426
0.393264
0.408945
0.42005
0.426216
0.428373
0.428615
-0.43078
-0.407612
-0.35876
-0.296149
-0.226423
-0.151412
-0.0719166
0.0111938
0.0967759
0.183253
0.258041
0.312676
0.351671
0.380143
0.401328
0.417144
0.428241
0.43448
0.436544
0.436626
-0.457475
-0.433876
-0.383621
-0.318884
-0.246531
-0.16849
-0.0855617
0.0013623
0.0910776
0.181878
0.26038
0.317534
0.358063
0.387414
0.409034
0.425022
0.43614
0.442383
0.444387
0.444385
-0.482946
-0.458927
-0.407458
-0.340809
-0.266119
-0.185375
-0.0993434
-0.00892461
0.0846595
0.179643
0.26195
0.321848
0.36412
0.394494
0.416682
0.432948
0.444161
0.450335
0.452319
0.452286
-0.507538
-0.4831
-0.43053
-0.362141
-0.285372
-0.202204
-0.113372
-0.0197582
0.0774576
0.176553
0.262781
0.32561
0.369863
0.401483
0.424406
0.441071
0.452441
0.458546
0.46047
0.460402
-0.531453
-0.506567
-0.453023
-0.383027
-0.304402
-0.219067
-0.127713
-0.031168
0.069453
0.172529
0.262739
0.328764
0.375287
0.408414
0.432261
0.449445
0.461023
0.467078
0.468873
0.468792
-0.554803
-0.52944
-0.474962
-0.403545
-0.323263
-0.235991
-0.14237
-0.0431673
0.0606012
0.167468
0.261725
0.331225
0.380363
0.415272
0.440241
0.45806
0.469875
0.475852
0.477489
0.47736
-0.577627
-0.551793
-0.496358
-0.423703
-0.341951
-0.252953
-0.157324
-0.0557525
0.0508733
0.161338
0.259647
0.332846
0.384963
0.422002
0.448325
0.466886
0.478944
0.484799
0.486242
0.486027
-0.599883
-0.573601
-0.517279
-0.443492
-0.360432
-0.269926
-0.172536
-0.0688737
0.04032
0.154129
0.256388
0.333473
0.388928
0.428516
0.456489
0.475889
0.488118
0.493752
0.494958
0.494667
-0.621582
-0.59486
-0.53769
-0.462878
-0.378664
-0.286844
-0.187924
-0.0824462
0.0290148
0.145834
0.25187
0.33292
0.39205
0.434689
0.464746
0.485116
0.497355
0.502561
0.503466
0.503103
-0.642632
-0.615483
-0.557533
-0.481813
-0.396584
-0.303623
-0.2034
-0.096377
0.0170271
0.136489
0.246025
0.331003
0.394058
0.440303
0.473105
0.494763
0.506741
0.511098
0.511552
0.51114
-0.663064
-0.635424
-0.576782
-0.500239
-0.414124
-0.320193
-0.21887
-0.11056
0.00444985
0.126176
0.238824
0.327568
0.394648
0.444999
0.481478
0.505249
0.516815
0.519451
0.519003
0.518588
-0.682741
-0.654684
-0.595385
-0.518103
-0.431225
-0.336472
-0.234253
-0.124908
-0.00858507
0.114996
0.230283
0.322493
0.3935
0.448221
0.489438
0.516952
0.529017
0.528912
0.525933
0.525019
-0.701775
-0.673234
-0.613299
-0.53535
-0.447813
-0.352377
-0.249426
-0.139279
-0.0219423
0.103072
0.220474
0.3157
0.390357
0.449219
0.49591
0.529363
0.545095
0.544116
0.534986
0.516574
-0.720062
-0.691077
-0.630662
-0.552175
-0.464179
-0.368238
-0.264808
-0.154142
-0.036158
0.0898392
0.208782
0.306487
0.384636
0.446971
0.49896
0.540241
0.56366
0.566167
0.5499
0.561864
-0.737754
-0.708209
-0.647425
-0.568522
-0.480272
-0.383993
-0.280386
-0.169464
-0.0512195
0.0752324
0.195076
0.294359
0.375751
0.440407
0.494135
0.540852
0.567825
0.570079
0.509532
0.48554
-0.75541
-0.725198
-0.663339
-0.583979
-0.495619
-0.399208
-0.295959
-0.184982
-0.0668335
0.0594877
0.179461
0.279103
0.36316
0.429392
0.476736
0.520641
0.539201
0.50976
0.437627
0.39162
-0.773647
-0.742735
-0.677953
-0.598267
-0.509837
-0.413756
-0.311172
-0.200529
-0.0829043
0.0426598
0.161898
0.260752
0.345466
0.415064
0.459071
0.466274
0.455026
0.39852
0.322641
0.275497
-0.37859
-0.271462
-0.158022
-0.0375648
0.085036
0.193663
0.280318
0.127812
-0.793013
-0.773861
-0.736872
-0.669832
-0.586568
-0.49519
-0.396195
-0.290267
-0.177902
-0.0590631
0.0617187
0.168496
0.252819
0.322818
0.372779
0.342696
0.195719
0.104046
0.032642
-0.809496
-0.796668
-0.753159
-0.684395
-0.600955
-0.509689
-0.411315
-0.306048
-0.194808
-0.0777504
0.0401983
0.142826
0.221491
0.27646
0.276063
0.171808
0.0162574
-0.0993697
-0.19508
-0.831462
-0.818928
-0.772582
-0.702746
-0.619209
-0.527885
-0.429571
-0.324843
-0.214793
-0.0997124
0.0146953
0.111938
0.182978
0.221263
0.176181
0.00761531
-0.174842
-0.32461
-0.457142
-0.85343
-0.840642
-0.792901
-0.721944
-0.638071
-0.546787
-0.448832
-0.344991
-0.236383
-0.123666
-0.0131689
0.0782885
0.141371
0.157831
0.067488
-0.151669
-0.372921
-0.577313
-0.776746
-0.874417
-0.86218
-0.81374
-0.74181
-0.657579
-0.566331
-0.468859
-0.366015
-0.259003
-0.148936
-0.0427311
0.0423949
0.0962189
0.0774685
-0.0661423
-0.298475
-0.548975
-0.79267
-1.01645
-0.895574
-0.883836
-0.835269
-0.762722
-0.678214
-0.586963
-0.489901
-0.387986
-0.282604
-0.175286
-0.0735286
0.00485658
0.0479427
-0.00426
-0.190272
-0.42094
-0.667411
-0.904979
-1.05213
-1.09871
-0.917832
-0.906357
-0.857767
-0.784943
-0.700343
-0.609174
-0.512587
-0.411706
-0.308164
-0.203957
-0.10711
-0.0360823
-0.00642188
-0.0807426
-0.304451
-0.523522
-0.735098
-0.903064
-0.954189
-0.984165
-0.941165
-0.930072
-0.881453
-0.80855
-0.723993
-0.633077
-0.537126
-0.437518
-0.336136
-0.235521
-0.144172
-0.0810598
-0.0670665
-0.17736
-0.40639
-0.612505
-0.789648
-0.895733
-0.931474
-0.930996
-0.965934
-0.95499
-0.906418
-0.833508
-0.749095
-0.658573
-0.563461
-0.465368
-0.366474
-0.269912
-0.184713
-0.12958
-0.140112
-0.285845
-0.501551
-0.694409
-0.844673
-0.896111
-0.903681
-0.906809
-0.992041
-0.981075
-0.932739
-0.85976
-0.775576
-0.685584
-0.591499
-0.49515
-0.399075
-0.30699
-0.228552
-0.181494
-0.219714
-0.390829
-0.592852
-0.772273
-0.879157
-0.896901
-0.896538
-0.897054
-1.01923
-1.00823
-0.960127
-0.887157
-0.803284
-0.713968
-0.621078
-0.526704
-0.433774
-0.346541
-0.275244
-0.237588
-0.297666
-0.492812
-0.680367
-0.83467
-0.877876
-0.889189
-0.893977
-0.894436
-1.04692
-1.03602
-0.988084
-0.91542
-0.831957
-0.743448
-0.651927
-0.559737
-0.47022
-0.388178
-0.32435
-0.296881
-0.373724
-0.588134
-0.769884
-0.880413
-0.919625
-0.903165
-0.897067
-0.895323
-1.07444
-1.0639
-1.01634
-0.944068
-0.861171
-0.773589
-0.683609
-0.593789
-0.507875
-0.431332
-0.375096
-0.355889
-0.456573
-0.682137
-0.859939
-0.943018
-0.931429
-0.91612
-0.901101
-0.895254
-1.10109
-1.09097
-1.04427
-0.972428
-0.890315
-0.803798
-0.715502
-0.628202
-0.545944
-0.47506
-0.426436
-0.414575
-0.542477
-0.76964
-0.967624
-0.989855
-0.974819
-0.952048
-0.935156
-0.926208
-1.12606
-1.11623
-1.07084
-0.999783
-0.918552
-0.83328
-0.746766
-0.662061
-0.583423
-0.518012
-0.477003
-0.474594
-0.618941
-0.827876
-1.06228
-1.14656
-1.09757
-1.06582
-1.05511
-1.04386
-1.14785
-1.13854
-1.09463
-1.02501
-0.944941
-0.861057
-0.776365
-0.694164
-0.619058
-0.558432
-0.525227
-0.531785
-0.692178
-0.841737
-1.00701
-1.21864
-1.21278
-1.25954
-1.26366
-1.25152
-1.16487
-1.15626
-1.11458
-1.04672
-0.968231
-0.885933
-0.803075
-0.723064
-0.651136
-0.59461
-0.569297
-0.577421
-0.777281
-0.864572
-0.65504
-0.610256
-1.07584
-1.38324
-1.38767
-1.38405
-1.17577
-1.16817
-1.12924
-1.06378
-0.987103
-0.906528
-0.825427
-0.747231
-0.677419
-0.624564
-0.603482
-0.619278
-0.898446
-1.11388
-1.04535
-1.13785
-1.41836
-1.54152
-1.46226
-1.46877
-1.17884
-1.17263
-1.13731
-1.07487
-1.0003
-0.921539
-0.841973
-0.764987
-0.695763
-0.644312
-0.625669
-0.672667
-1.07336
-1.80743
-2.88501
-3.48411
-3.64892
-3.18544
-2.62806
-2.26633
-1.1738
-1.16865
-1.13752
-1.07893
-1.00684
-0.929913
-0.851435
-0.774628
-0.704362
-0.649265
-0.629391
-0.678948
-1.14673
-2.03993
-3.14479
-3.7088
-3.82152
-3.56094
-3.17033
-2.81087
-1.15807
-1.15419
-1.12842
-1.07526
-1.00632
-0.931103
-0.853153
-0.775155
-0.701341
-0.638185
-0.601867
-0.628785
-0.845002
-1.20162
-1.48762
-1.64045
-1.52196
-1.28205
-1.03063
-0.854056
-1.13346
-1.13093
-1.11089
-1.06427
-0.999103
-0.925397
-0.847374
-0.767093
-0.68678
-0.611234
-0.540601
-0.49295
-0.403843
-0.166013
0.234051
0.691354
1.09658
1.37455
1.53409
1.60403
-1.10247
-1.10095
-1.08743
-1.0477
-0.986818
-0.914226
-0.835608
-0.752296
-0.665548
-0.572468
-0.47957
-0.377142
-0.195676
0.289393
0.953297
1.5829
2.09131
2.41561
2.57445
2.62845
-1.06888
-1.068
-1.06054
-1.02928
-0.971682
-0.899772
-0.820572
-0.735167
-0.64333
-0.542947
-0.435799
-0.319858
-0.204738
0.214451
0.83082
1.40072
1.85342
2.14161
2.29199
2.35409
-1.0381
-1.03749
-1.0344
-1.01127
-0.956873
-0.884232
-0.804431
-0.718603
-0.626646
-0.525928
-0.414686
-0.309274
-0.204525
0.0178113
0.467402
0.877313
1.20106
1.42269
1.54371
1.59477
-1.00792
-1.00774
-1.00784
-0.990572
-0.937887
-0.864755
-0.785661
-0.703333
-0.616125
-0.520301
-0.415005
-0.315059
-0.21774
-0.0870065
0.191855
0.48112
0.712275
0.874907
0.967789
1.0105
-0.954142
-0.955725
-0.957197
-0.943157
-0.896354
-0.829969
-0.758151
-0.684774
-0.606552
-0.519675
-0.423794
-0.33147
-0.243096
-0.152951
0.00910327
0.200712
0.357076
0.467527
0.527242
0.550874
-0.85933
-0.860913
-0.86132
-0.851153
-0.81961
-0.771946
-0.718036
-0.659795
-0.594933
-0.519621
-0.436518
-0.358552
-0.291393
-0.232247
-0.128888
-0.00579789
0.0972389
0.169159
0.205229
0.217294
-0.75451
-0.755203
-0.754365
-0.748846
-0.733195
-0.706998
-0.672914
-0.631693
-0.581722
-0.519861
-0.447607
-0.386571
-0.350855
-0.326988
-0.265425
-0.177891
-0.0964027
-0.0454901
-0.0198071
-0.0119143
-0.678955
-0.678989
-0.677787
-0.675694
-0.669474
-0.656816
-0.637069
-0.609475
-0.571736
-0.51982
-0.455357
-0.40534
-0.392702
-0.403384
-0.352504
-0.281027
-0.223456
-0.187721
-0.170853
-0.166066
-0.642477
-0.64224
-0.640984
-0.639817
-0.636978
-0.630126
-0.617985
-0.598943
-0.569382
-0.523063
-0.460418
-0.408369
-0.389877
-0.399602
-0.359202
-0.3127
-0.278602
-0.261051
-0.254822
-0.253766
-0.637922
-0.637499
-0.636219
-0.634961
-0.632826
-0.628179
-0.61999
-0.606505
-0.582502
-0.540148
-0.473521
-0.405044
-0.355235
-0.344398
-0.324678
-0.304293
-0.291165
-0.280976
-0.275555
-0.274173
-0.657615
-0.657045
-0.65595
-0.655003
-0.653671
-0.65099
-0.646744
-0.639825
-0.624884
-0.591939
-0.523941
-0.432442
-0.344984
-0.304764
-0.303686
-0.301534
-0.288758
-0.27738
-0.269953
-0.268516
-0.695165
-0.69461
-0.694065
-0.694104
-0.69473
-0.696246
-0.699737
-0.706011
-0.712297
-0.709516
-0.662576
-0.549325
-0.428251
-0.368622
-0.352107
-0.327543
-0.300139
-0.270087
-0.251466
-0.251282
-0.741532
-0.741213
-0.741819
-0.74383
-0.748337
-0.757656
-0.775538
-0.807783
-0.861149
-0.934891
-0.953134
-0.807398
-0.632609
-0.538897
-0.491211
-0.422939
-0.341555
-0.280941
-0.251016
-0.25292
-0.783893
-0.784164
-0.786343
-0.791207
-0.801485
-0.822134
-0.861306
-0.934718
-1.07043
-1.28176
-1.41621
-1.22072
-0.940532
-0.785153
-0.686457
-0.558247
-0.435012
-0.346622
-0.318831
-0.322354
-0.805439
-0.806504
-0.81049
-0.818256
-0.834834
-0.867764
-0.930261
-1.05174
-1.28905
-1.67972
-1.97234
-1.72908
-1.30203
-1.05943
-0.907527
-0.735746
-0.591353
-0.498732
-0.478157
-0.48239
-0.789889
-0.791617
-0.796471
-0.806435
-0.827675
-0.869798
-0.944604
-1.10185
-1.40931
-1.92447
-2.33641
-2.11567
-1.60463
-1.3064
-1.12515
-0.954608
-0.850311
-0.794828
-0.77698
-0.773536
-0.727846
-0.729874
-0.734768
-0.744898
-0.766018
-0.807642
-0.88736
-1.04478
-1.35487
-1.86863
-2.26175
-2.08012
-1.65036
-1.4022
-1.24314
-1.16356
-1.12021
-1.0958
-1.07144
-1.05804
-0.624213
-0.625981
-0.629783
-0.637857
-0.654956
-0.6891
-0.7549
-0.884123
-1.13927
-1.55647
-1.83824
-1.69547
-1.45538
-1.30477
-1.20635
-1.19002
-1.20897
-1.18914
-1.16735
-1.1535
-0.495265
-0.496464
-0.498577
-0.503326
-0.514174
-0.536481
-0.579929
-0.665376
-0.835413
-1.12621
-1.33449
-1.27662
-1.15374
-1.0336
-0.999653
-1.03864
-1.07018
-1.0595
-1.04702
-1.03919
-0.362149
-0.362708
-0.363187
-0.364752
-0.369439
-0.379992
-0.401241
-0.443527
-0.529
-0.689809
-0.832291
-0.812871
-0.738828
-0.680719
-0.713627
-0.797797
-0.821756
-0.81995
-0.816171
-0.813297
-0.243021
-0.243083
-0.242429
-0.24188
-0.242184
-0.244175
-0.249179
-0.260006
-0.282721
-0.327979
-0.379312
-0.379762
-0.34844
-0.381528
-0.471613
-0.539845
-0.560909
-0.566398
-0.56832
-0.569044
-0.148347
-0.148133
-0.146971
-0.145541
-0.143723
-0.141262
-0.137695
-0.132265
-0.123454
-0.107219
-0.0801855
-0.0686042
-0.119359
-0.210751
-0.288256
-0.331266
-0.34949
-0.356887
-0.361411
-0.36378
-0.0805634
-0.080262
-0.079089
-0.0776373
-0.0754269
-0.0717438
-0.0656094
-0.0555175
-0.0391709
-0.0138094
0.0146424
0.0134464
-0.0408526
-0.11187
-0.163598
-0.191465
-0.204761
-0.211987
-0.21643
-0.218885
-0.0366038
-0.0363269
-0.0353865
-0.0343122
-0.0325695
-0.029396
-0.0238659
-0.0147935
-0.000821396
0.0182786
0.0339764
0.0249859
-0.0132684
-0.0579703
-0.0906098
-0.109651
-0.118877
-0.123574
-0.12657
-0.128278
-0.0110375
-0.0108278
-0.0101789
-0.0095383
-0.00846861
-0.00635096
-0.0024529
0.00393828
0.0133189
0.0246858
0.0308422
0.0201491
-0.00482146
-0.031671
-0.0513514
-0.0630159
-0.0688218
-0.0717028
-0.0735121
-0.0745419
0.00164342
0.00178383
0.00218515
0.00249181
0.00298866
0.00413975
0.00647007
0.0103562
0.0158492
0.0217293
0.0230029
0.013881
-0.0019047
-0.0176296
-0.0291777
-0.036076
-0.0395266
-0.0411983
-0.0422151
-0.0427905
0.00593363
0.00601825
0.00624039
0.00633558
0.00644297
0.00691842
0.00810247
0.01018
0.0130485
0.0157444
0.0152288
0.00883516
-0.000522348
-0.00934858
-0.0157891
-0.0196643
-0.0215981
-0.0225608
-0.0231252
-0.0234367
0.00508728
0.00513306
0.00523713
0.00521421
0.0051181
0.00521656
0.00569584
0.00662485
0.00789796
0.00895486
0.0082683
0.00476457
0.00010662
-0.00412637
-0.00719334
-0.00908262
-0.0100794
-0.0104691
-0.0107123
-0.010871
0.00341129
0.00347648
0.00352125
0.00343041
0.00338492
0.00351143
0.00389711
0.00452649
0.00522522
0.00541548
0.00409023
0.00153857
-0.00113355
-0.00327393
-0.00469092
-0.00543088
-0.00572504
-0.00588449
-0.00603048
-0.00190289
-0.964494
-0.57437
-0.310113
-0.09361
0.0820116
0.22364
0.33889
0.437424
0.508199
0.506748
-0.386553
-0.206913
-0.0450766
0.0941491
0.213622
0.313982
0.397102
0.461711
0.501584
0.516866
-0.0787298
0.0318316
0.138059
0.233772
0.317264
0.388425
0.446789
0.491301
0.522838
0.543481
0.125452
0.199723
0.274329
0.343225
0.403464
0.455257
0.498404
0.533018
0.560424
0.579475
0.277325
0.327526
0.385118
0.436048
0.481715
0.521669
0.556058
0.584853
0.608516
0.624729
0.397745
0.437031
0.481562
0.521485
0.558513
0.591851
0.621216
0.646231
0.666886
0.680237
0.500174
0.534007
0.571097
0.606208
0.63905
0.66919
0.695955
0.718675
0.737073
0.747894
0.594593
0.626763
0.662254
0.69666
0.728605
0.757727
0.783322
0.804685
0.821286
0.830139
0.691423
0.726685
0.764182
0.800305
0.832809
0.861577
0.886189
0.906278
0.92133
0.929485
0.805571
0.846079
0.885631
0.922944
0.955122
0.982512
1.00535
1.0238
1.03765
1.04686
0.950185
0.993263
1.03089
1.06474
1.09297
1.11694
1.13772
1.15525
1.16921
1.18042
1.12825
1.16594
1.19429
1.21871
1.23984
1.25924
1.27758
1.2948
1.31076
1.32532
1.32613
1.34723
1.3623
1.37823
1.39458
1.40994
1.42371
1.43702
1.45256
1.47095
1.51711
1.52424
1.53477
1.54636
1.5563
1.56553
1.57586
1.587
1.59865
1.60753
1.73009
1.73188
1.72398
1.70748
1.69637
1.69586
1.70804
1.73266
1.7668
1.79135
2.14977
1.95588
1.85483
1.79705
1.76796
1.76134
1.77656
1.81739
1.89325
2.03621
-0.757523
-0.762055
-0.723361
-0.654152
-0.570853
-0.478648
0.361097
0.431462
0.432735
0.357177
0.28867
0.215134
-0.041482
-0.293521
-0.60459
-1.02113
-1.47147
)
;

boundaryField
{
    wall-4
    {
        type            zeroGradient;
    }
    pressure-outlet-7
    {
        type            fixedValue;
        value           uniform 0;
    }
    velocity-inlet-6
    {
        type            zeroGradient;
    }
    velocity-inlet-5
    {
        type            zeroGradient;
    }
    frontAndBackPlanes
    {
        type            empty;
    }
}


// ************************************************************************* //
