/*--------------------------------*- C++ -*----------------------------------*\
  =========                 |
  \\      /  F ield         | OpenFOAM: The Open Source CFD Toolbox
   \\    /   O peration     | Website:  https://openfoam.org
    \\  /    A nd           | Version:  9
     \\/     M anipulation  |
\*---------------------------------------------------------------------------*/
FoamFile
{
    format      ascii;
    class       volScalarField;
    location    "70";
    object      p;
}
// * * * * * * * * * * * * * * * * * * * * * * * * * * * * * * * * * * * * * //

dimensions      [0 2 -2 0 0 0 0];

internalField   nonuniform List<scalar> 
8800
(
0.867817
0.820031
0.781345
0.752354
0.731497
0.716677
0.706096
0.698638
0.69385
0.691836
0.693151
0.69738
0.704055
0.713392
0.726187
0.743932
0.768716
0.802661
0.845215
0.903917
0.699059
0.706738
0.714219
0.71753
0.716032
0.710963
0.704489
0.698431
0.693736
0.690931
0.690699
0.693251
0.697776
0.703748
0.710535
0.716828
0.720477
0.719745
0.714332
0.705646
0.677452
0.683613
0.687743
0.690693
0.69275
0.693366
0.692276
0.690196
0.688215
0.687356
0.68837
0.690796
0.693628
0.695833
0.696457
0.69527
0.692938
0.689551
0.684995
0.681235
0.671624
0.674276
0.677032
0.679441
0.681085
0.682259
0.683019
0.683164
0.682907
0.682911
0.683721
0.68494
0.685816
0.685908
0.685318
0.684242
0.682436
0.679873
0.677475
0.675971
0.66622
0.667646
0.669429
0.671468
0.673262
0.674618
0.675628
0.676457
0.677116
0.677741
0.678458
0.679009
0.679151
0.678895
0.678221
0.676989
0.675307
0.673468
0.672166
0.671334
0.661113
0.662034
0.66328
0.664855
0.666499
0.66804
0.66935
0.670452
0.671468
0.672431
0.673198
0.67359
0.673597
0.673195
0.672342
0.671163
0.669852
0.668604
0.667786
0.667235
0.656169
0.656839
0.657806
0.659117
0.66054
0.662017
0.663484
0.664847
0.666105
0.667293
0.668205
0.668649
0.668624
0.66816
0.667388
0.666466
0.665474
0.664564
0.663985
0.663578
0.651338
0.651855
0.652644
0.653785
0.655077
0.656472
0.65795
0.659469
0.660964
0.662396
0.663508
0.66407
0.664116
0.663786
0.663224
0.662531
0.661782
0.661115
0.660687
0.660369
0.64655
0.64696
0.647622
0.64864
0.649862
0.651214
0.652696
0.654305
0.656005
0.657712
0.659083
0.659849
0.660098
0.659996
0.659664
0.659187
0.658647
0.658175
0.657859
0.657599
0.641715
0.642049
0.642622
0.643562
0.644739
0.646079
0.647601
0.649316
0.651212
0.653222
0.654926
0.656002
0.65654
0.656701
0.656606
0.65636
0.65602
0.655711
0.655479
0.655261
0.636744
0.637021
0.637533
0.638428
0.63959
0.640959
0.64256
0.644422
0.646559
0.648919
0.651043
0.652516
0.653401
0.653863
0.654031
0.654019
0.653878
0.653712
0.653549
0.65336
0.631546
0.631778
0.632252
0.633133
0.634319
0.63576
0.637483
0.639548
0.641991
0.644786
0.647424
0.649374
0.650665
0.651475
0.651937
0.652165
0.65223
0.652198
0.652091
0.651922
0.626026
0.626224
0.626678
0.627575
0.628827
0.630385
0.632286
0.634622
0.637453
0.640792
0.644052
0.646569
0.648338
0.649544
0.650338
0.65083
0.651114
0.651208
0.651148
0.650992
0.620082
0.62025
0.620703
0.621644
0.623004
0.62473
0.626876
0.629562
0.632886
0.636895
0.640909
0.644104
0.646435
0.648101
0.649274
0.65008
0.650586
0.650802
0.650784
0.650636
0.61359
0.613734
0.6142
0.615215
0.61673
0.618683
0.621151
0.624285
0.628225
0.633056
0.637981
0.641987
0.644986
0.647193
0.648801
0.649956
0.650711
0.651055
0.651074
0.650929
0.606409
0.606529
0.607022
0.608142
0.609862
0.612113
0.614993
0.618693
0.623399
0.629234
0.635258
0.64023
0.644018
0.646865
0.648985
0.650537
0.651578
0.652055
0.652108
0.651962
0.598348
0.598455
0.59899
0.600249
0.602231
0.604858
0.608263
0.612675
0.618327
0.625386
0.632731
0.638854
0.643572
0.64717
0.649907
0.651928
0.653286
0.653901
0.653985
0.653834
0.589181
0.58928
0.589873
0.591295
0.593611
0.596728
0.600798
0.606099
0.61292
0.621469
0.630399
0.637885
0.643703
0.648183
0.651649
0.654217
0.655933
0.656695
0.656807
0.656648
0.578587
0.578667
0.579349
0.580997
0.58375
0.587492
0.592398
0.598814
0.607083
0.617445
0.628267
0.637357
0.644466
0.649988
0.654283
0.657504
0.659621
0.660533
0.660669
0.660497
0.566183
0.566249
0.567031
0.56899
0.572302
0.576845
0.582821
0.590647
0.600716
0.613281
0.62635
0.637317
0.645918
0.652651
0.657917
0.661883
0.664434
0.665497
0.665648
0.66546
0.551401
0.551455
0.552381
0.554757
0.55881
0.564406
0.571775
0.581406
0.593723
0.60896
0.624675
0.637812
0.648117
0.656233
0.662622
0.667421
0.670429
0.671628
0.671783
0.671577
0.53346
0.533503
0.534643
0.537607
0.542674
0.549694
0.558917
0.570894
0.586037
0.6045
0.623296
0.6389
0.651131
0.660801
0.668419
0.674147
0.677606
0.67891
0.679055
0.678829
0.51118
0.511222
0.512712
0.516562
0.523092
0.532116
0.543881
0.558953
0.577648
0.599975
0.622306
0.640656
0.655004
0.666386
0.675341
0.682031
0.685889
0.687246
0.68736
0.687113
0.482786
0.482849
0.484935
0.490217
0.499026
0.510994
0.526345
0.545529
0.56866
0.595542
0.621842
0.64317
0.659776
0.672974
0.683356
0.690959
0.695103
0.69643
0.696491
0.696227
0.445197
0.445364
0.448678
0.456602
0.469255
0.485734
0.506197
0.530779
0.559336
0.591458
0.622088
0.646544
0.665488
0.680535
0.692353
0.700714
0.704949
0.706142
0.706131
0.705856
0.392506
0.393513
0.400109
0.413476
0.432817
0.45628
0.483799
0.515204
0.550148
0.588075
0.62325
0.650876
0.672148
0.688994
0.702115
0.710956
0.71502
0.715976
0.715887
0.715612
0.315661
0.32309
0.338361
0.361939
0.39124
0.424055
0.460194
0.499447
0.541461
0.585654
0.625663
0.656641
0.680392
0.699154
0.713464
0.722537
0.726262
0.726972
0.726834
0.726595
0.233111
0.250664
0.275402
0.309808
0.349472
0.391766
0.436566
0.483823
0.533248
0.58431
0.629951
0.664955
0.69161
0.712538
0.728102
0.736904
0.739879
0.740299
0.740188
0.740025
0.164271
0.184951
0.2175
0.261104
0.309898
0.361114
0.414308
0.469406
0.526087
0.583793
0.634752
0.673452
0.702666
0.725296
0.741244
0.749395
0.751848
0.752208
0.752154
0.75203
0.107885
0.130238
0.168359
0.218462
0.274469
0.333194
0.393816
0.456111
0.519605
0.583628
0.639611
0.681755
0.713247
0.737173
0.753474
0.761339
0.763561
0.763895
0.763879
0.763785
0.0609765
0.0845131
0.126455
0.181712
0.243517
0.308443
0.375441
0.444134
0.513875
0.583825
0.644592
0.689999
0.723674
0.748977
0.76578
0.773468
0.775639
0.775994
0.776009
0.775939
0.0212704
0.0454565
0.0902908
0.149619
0.2163
0.286508
0.359054
0.433451
0.508904
0.584404
0.649748
0.698345
0.734198
0.760869
0.778245
0.786216
0.788414
0.788726
0.788756
0.788703
-0.013283
0.0113142
0.0584179
0.121113
0.19192
0.26673
0.344205
0.423761
0.504495
0.585239
0.65499
0.70671
0.74472
0.772792
0.791004
0.799325
0.801607
0.801928
0.801956
0.801921
-0.0442018
-0.0192531
0.0296976
0.0952635
0.169638
0.248488
0.330396
0.414684
0.500351
0.586089
0.660111
0.714901
0.755083
0.784591
0.803617
0.812371
0.814826
0.815151
0.815178
0.815157
-0.0724787
-0.0472225
0.00330292
0.0713555
0.148863
0.231309
0.31722
0.405858
0.496161
0.586696
0.664901
0.722723
0.765016
0.795951
0.81577
0.82495
0.827605
0.827976
0.827984
0.827971
-0.0989376
-0.0733334
-0.0213965
0.0488351
0.129147
0.214809
0.304346
0.397004
0.491685
0.586861
0.669187
0.730003
0.774366
0.806664
0.827244
0.836821
0.839638
0.840035
0.840017
0.839997
-0.123971
-0.0980174
-0.0447539
0.027325
0.110155
0.198708
0.291544
0.387924
0.486742
0.586418
0.672839
0.736646
0.783041
0.816611
0.837846
0.847707
0.850643
0.851043
0.851001
0.850963
-0.148042
-0.121666
-0.067401
0.00658638
0.0916517
0.182807
0.278651
0.378465
0.481183
0.585234
0.675767
0.742618
0.791026
0.825775
0.847498
0.857539
0.860515
0.860895
0.860817
0.860763
-0.171289
-0.14444
-0.0892237
-0.0135689
0.0734893
0.166984
0.265551
0.368529
0.474916
0.583221
0.677908
0.747902
0.798359
0.834179
0.856243
0.866318
0.869243
0.869604
0.86949
0.869422
-0.19387
-0.166611
-0.11036
-0.0332612
0.0555881
0.151173
0.252192
0.358061
0.467879
0.580297
0.679191
0.752508
0.805134
0.841997
0.86423
0.874132
0.876955
0.877255
0.877123
0.877038
-0.215917
-0.188171
-0.130941
-0.0525427
0.0378989
0.135348
0.238564
0.347052
0.46004
0.576399
0.679555
0.756435
0.811471
0.849401
0.87162
0.881164
0.883746
0.883963
0.883806
0.883711
-0.237501
-0.209159
-0.151044
-0.0714274
0.0204325
0.119517
0.224687
0.335517
0.4514
0.571481
0.678928
0.759664
0.817465
0.856618
0.878662
0.887564
0.889734
0.889822
0.889643
0.889543
-0.258479
-0.229573
-0.170606
-0.0899074
0.00320184
0.103727
0.210601
0.323509
0.441994
0.565541
0.677228
0.762137
0.823167
0.86389
0.885705
0.893595
0.895046
0.894915
0.894731
0.894637
-0.278837
-0.249391
-0.189624
-0.107948
-0.0137521
0.0880211
0.19638
0.311088
0.431879
0.558582
0.674385
0.763736
0.828553
0.871425
0.893246
0.89982
0.900007
0.89937
0.899195
0.899159
-0.298648
-0.268589
-0.208091
-0.12553
-0.0303766
0.0724712
0.1821
0.298344
0.421129
0.550647
0.670333
0.764303
0.833483
0.879268
0.90181
0.907217
0.905478
0.903597
0.903259
0.903574
-0.317759
-0.287155
-0.225956
-0.142606
-0.0466214
0.057152
0.167846
0.285377
0.409849
0.541813
0.665031
0.763636
0.837694
0.887177
0.911604
0.917001
0.913556
0.909319
0.907511
0.907597
-0.336262
-0.305086
-0.243244
-0.159213
-0.0625223
0.0420196
0.153563
0.272133
0.397975
0.53201
0.658346
0.76146
0.840905
0.89473
0.922232
0.929711
0.926625
0.919333
0.91195
0.898612
-0.354092
-0.322371
-0.26007
-0.17555
-0.0783573
0.0267546
0.138851
0.258153
0.385001
0.520643
0.649684
0.75707
0.842671
0.901411
0.932331
0.943731
0.941413
0.927608
0.906638
0.896606
-0.371083
-0.339168
-0.276249
-0.191426
-0.0937723
0.0116936
0.123929
0.243747
0.371211
0.507936
0.639043
0.749892
0.842007
0.905972
0.937869
0.949362
0.948509
0.922962
0.855899
0.82607
-0.386582
-0.356754
-0.291483
-0.206369
-0.107964
-0.00266163
0.109113
0.229144
0.356819
0.493998
0.626313
0.73953
0.83728
0.907561
0.933383
0.939819
0.924126
0.86734
0.797926
0.755469
-0.441122
-0.372248
-0.30524
-0.22151
-0.122608
-0.0178121
0.0943302
0.214047
0.341435
0.478336
0.610826
0.725192
0.824359
0.901703
0.901942
0.899987
0.844369
0.770656
0.692825
0.649532
-0.402831
-0.386908
-0.325758
-0.240919
-0.144283
-0.0395134
0.0716078
0.190726
0.317223
0.452913
0.583838
0.697142
0.789567
0.872878
0.854129
0.733967
0.6246
0.548559
0.473611
0.502148
-0.432985
-0.404
-0.341983
-0.257994
-0.161407
-0.0567549
0.0546569
0.17316
0.29863
0.432603
0.560872
0.670043
0.752646
0.796787
0.744013
0.588789
0.456987
0.36292
0.262827
0.310984
-0.456197
-0.4243
-0.361184
-0.277076
-0.180372
-0.0758307
0.0355036
0.153182
0.277272
0.408879
0.533468
0.636356
0.709818
0.718919
0.607255
0.430072
0.274072
0.152761
0.0201883
0.0519796
-0.47885
-0.445484
-0.38126
-0.296259
-0.199489
-0.0951111
0.0156883
0.132401
0.2549
0.383728
0.503609
0.598369
0.656051
0.633305
0.469728
0.269867
0.0771013
-0.0925946
-0.282057
-0.30195
-0.500903
-0.467131
-0.402066
-0.316321
-0.219438
-0.115303
-0.00517349
0.110437
0.231067
0.356678
0.471066
0.557485
0.595184
0.535072
0.338631
0.125085
-0.0940853
-0.284577
-0.527055
-0.822883
-0.523247
-0.489495
-0.423936
-0.337746
-0.240709
-0.136771
-0.0272484
0.087211
0.205842
0.327931
0.436428
0.514252
0.529874
0.41797
0.224368
0.0116523
-0.19454
-0.368071
-0.438571
-0.516859
-0.546824
-0.513038
-0.447217
-0.360844
-0.263792
-0.160152
-0.0513368
0.0617869
0.178082
0.296079
0.398232
0.464673
0.45471
0.308961
0.122606
-0.0710359
-0.235979
-0.330228
-0.354609
-0.370403
-0.571939
-0.538054
-0.472077
-0.38569
-0.288816
-0.185654
-0.0777964
0.0336767
0.147197
0.260425
0.355732
0.407431
0.379436
0.207591
0.0302601
-0.13819
-0.26666
-0.306391
-0.319214
-0.320518
-0.598792
-0.564716
-0.498584
-0.412282
-0.315733
-0.213285
-0.106648
0.00282862
0.113122
0.220983
0.30847
0.345419
0.296841
0.113975
-0.0542695
-0.205174
-0.282578
-0.299645
-0.30104
-0.300862
-0.627442
-0.593086
-0.526765
-0.44062
-0.344562
-0.243035
-0.137898
-0.0307737
0.0758661
0.177832
0.256586
0.281527
0.196242
0.0285623
-0.131322
-0.255785
-0.292869
-0.291198
-0.290271
-0.289681
-0.657606
-0.622995
-0.556522
-0.470623
-0.37522
-0.274854
-0.171517
-0.0671048
0.0354706
0.131086
0.200975
0.208659
0.105011
-0.0505433
-0.192182
-0.270072
-0.280196
-0.282638
-0.283242
-0.282952
-0.688741
-0.653988
-0.587603
-0.502069
-0.407527
-0.308591
-0.207359
-0.106034
-0.00787765
0.0811048
0.14215
0.134687
0.023442
-0.117442
-0.236604
-0.268583
-0.277177
-0.27853
-0.27823
-0.277909
-0.720388
-0.685533
-0.619555
-0.534571
-0.441145
-0.343932
-0.24515
-0.147276
-0.053891
0.0285902
0.0792322
0.0645872
-0.0510489
-0.171422
-0.266196
-0.284173
-0.275313
-0.274319
-0.274236
-0.273984
-0.751652
-0.716927
-0.65154
-0.567535
-0.475541
-0.380413
-0.284445
-0.190358
-0.102095
-0.0258037
0.0150228
0.000629639
-0.115668
-0.211836
-0.268364
-0.277498
-0.274029
-0.272606
-0.271966
-0.271699
-0.781014
-0.747001
-0.682588
-0.600052
-0.509965
-0.417347
-0.324604
-0.234605
-0.15169
-0.081501
-0.0441793
-0.0697966
-0.16704
-0.246944
-0.253431
-0.270142
-0.273411
-0.271506
-0.270837
-0.270395
-0.806864
-0.773915
-0.711586
-0.630972
-0.543397
-0.453817
-0.36478
-0.279175
-0.201569
-0.137617
-0.100165
-0.137584
-0.211253
-0.260401
-0.282682
-0.277644
-0.276499
-0.276286
-0.276027
-0.275579
-0.827098
-0.795881
-0.736427
-0.658901
-0.574572
-0.488713
-0.403906
-0.323058
-0.25062
-0.192809
-0.157687
-0.192673
-0.248141
-0.291434
-0.313566
-0.29834
-0.290585
-0.289487
-0.288415
-0.287789
-0.839516
-0.810999
-0.755341
-0.681946
-0.60202
-0.52074
-0.440813
-0.36508
-0.297784
-0.245489
-0.213035
-0.238927
-0.27644
-0.319858
-0.305854
-0.300499
-0.298589
-0.296847
-0.295692
-0.295668
-0.841529
-0.817041
-0.766342
-0.698352
-0.624075
-0.548507
-0.474208
-0.404014
-0.341919
-0.294275
-0.258816
-0.275732
-0.292748
-0.336963
-0.315884
-0.300777
-0.293123
-0.289849
-0.289196
-0.288873
-0.830898
-0.811203
-0.767278
-0.706556
-0.639301
-0.570573
-0.502793
-0.438604
-0.381816
-0.338014
-0.296266
-0.293268
-0.273902
-0.292148
-0.287686
-0.278729
-0.279751
-0.28083
-0.280977
-0.280545
-0.805762
-0.790999
-0.756379
-0.705328
-0.64672
-0.585975
-0.525435
-0.467597
-0.416228
-0.376131
-0.327896
-0.294719
-0.220546
-0.148469
-0.17494
-0.235465
-0.267188
-0.279603
-0.283862
-0.285026
-0.768696
-0.759199
-0.734508
-0.694827
-0.64633
-0.59446
-0.541525
-0.490008
-0.443899
-0.407802
-0.373903
-0.328631
-0.266327
-0.203206
-0.251445
-0.295405
-0.319433
-0.328247
-0.332451
-0.334644
-0.726398
-0.721004
-0.706488
-0.677867
-0.640041
-0.596802
-0.551159
-0.505466
-0.463409
-0.431499
-0.406533
-0.406165
-0.475192
-0.617035
-0.658262
-0.569353
-0.476237
-0.432926
-0.422768
-0.420941
-0.68857
-0.685305
-0.678431
-0.659799
-0.63072
-0.59479
-0.555301
-0.513889
-0.473886
-0.442136
-0.421276
-0.445355
-0.497096
-0.534143
-0.469909
-0.393719
-0.391624
-0.410961
-0.414385
-0.413376
-0.661565
-0.659562
-0.656061
-0.644755
-0.622114
-0.591323
-0.555673
-0.516145
-0.475202
-0.435678
-0.412368
-0.378173
-0.361868
-0.364875
-0.439365
-0.541031
-0.622782
-0.611493
-0.525256
-0.502575
-0.641122
-0.64037
-0.639212
-0.633656
-0.616735
-0.589154
-0.554307
-0.514386
-0.469871
-0.423667
-0.391023
-0.351824
-0.308682
-0.29337
-0.330576
-0.378742
-0.417176
-0.423978
-0.353552
-0.330324
-0.629421
-0.629136
-0.628534
-0.626064
-0.614319
-0.588302
-0.552439
-0.510139
-0.461743
-0.407538
-0.360391
-0.326856
-0.22037
-0.0902328
0.0484262
0.142795
0.134727
0.114923
0.109814
0.112767
-0.621611
-0.621516
-0.621184
-0.620577
-0.613396
-0.589113
-0.551506
-0.505409
-0.451355
-0.385573
-0.319072
-0.2425
-0.109823
0.0638836
0.190525
0.254014
0.322717
0.407114
0.481923
0.516199
-0.615849
-0.615925
-0.616023
-0.616598
-0.611926
-0.590925
-0.551971
-0.501765
-0.439848
-0.366449
-0.277491
-0.181921
0.00911201
0.232904
0.461867
0.656795
0.817344
0.965013
1.06674
1.10719
-0.610749
-0.610659
-0.610226
-0.609195
-0.607744
-0.593201
-0.554605
-0.499547
-0.432157
-0.349317
-0.247572
-0.149732
0.0601778
0.35801
0.69038
1.0051
1.26676
1.44134
1.53113
1.55826
-0.608604
-0.608765
-0.60893
-0.608324
-0.607734
-0.599072
-0.559385
-0.501218
-0.430571
-0.341368
-0.237953
-0.131373
0.0412124
0.351915
0.700394
1.01825
1.28001
1.44176
1.51294
1.5307
-0.608615
-0.609896
-0.613591
-0.621126
-0.628818
-0.612332
-0.566354
-0.508789
-0.436655
-0.344773
-0.243704
-0.141235
-0.0115024
0.264458
0.562822
0.824507
1.03155
1.15191
1.20265
1.21403
-0.61748
-0.618689
-0.618419
-0.612641
-0.606467
-0.593741
-0.568007
-0.52217
-0.449695
-0.356388
-0.259263
-0.162605
-0.0636635
0.139147
0.377468
0.574465
0.725242
0.80811
0.841375
0.84633
-0.657044
-0.655833
-0.640883
-0.592266
-0.535878
-0.537541
-0.57021
-0.5446
-0.469623
-0.37295
-0.278236
-0.194653
-0.121937
0.0262686
0.199332
0.340833
0.445922
0.50068
0.521361
0.523653
-0.719239
-0.716551
-0.716154
-0.703286
-0.688711
-0.67443
-0.669392
-0.594414
-0.495525
-0.389458
-0.298392
-0.225192
-0.169186
-0.0624257
0.0573263
0.151418
0.218141
0.252527
0.264234
0.265201
-0.853316
-0.871259
-0.921983
-0.981266
-0.99583
-0.954896
-0.840003
-0.671943
-0.524788
-0.403084
-0.311875
-0.246705
-0.199099
-0.124476
-0.0520957
0.00365029
0.0387567
0.053864
0.0597705
0.0597224
-0.984536
-1.01278
-1.06624
-1.11168
-1.12325
-1.07592
-0.92355
-0.710668
-0.534182
-0.40379
-0.316723
-0.259361
-0.218625
-0.16846
-0.128047
-0.103693
-0.0927129
-0.0888648
-0.0877621
-0.0873062
-0.952867
-0.97324
-1.01139
-1.04592
-1.05455
-1.00517
-0.848631
-0.658222
-0.499126
-0.381706
-0.307133
-0.261596
-0.22917
-0.195428
-0.172173
-0.162065
-0.163298
-0.165533
-0.164061
-0.16309
-0.717887
-0.738252
-0.77476
-0.81388
-0.829223
-0.785802
-0.662283
-0.530252
-0.418156
-0.335258
-0.284054
-0.257458
-0.238752
-0.212171
-0.190923
-0.180913
-0.177248
-0.175233
-0.173129
-0.17277
-0.363512
-0.377386
-0.404753
-0.439585
-0.466224
-0.461747
-0.422306
-0.368172
-0.316623
-0.273755
-0.248523
-0.242381
-0.239005
-0.212182
-0.184733
-0.166661
-0.156947
-0.151314
-0.149116
-0.149374
-0.0489443
-0.0564025
-0.0750186
-0.106497
-0.145194
-0.179785
-0.203673
-0.214641
-0.213804
-0.205681
-0.202716
-0.210627
-0.214638
-0.187707
-0.160982
-0.141038
-0.127003
-0.119931
-0.118309
-0.119335
0.133346
0.12914
0.11579
0.0880079
0.0438294
-0.0102063
-0.0603407
-0.0998294
-0.125821
-0.140202
-0.148855
-0.157824
-0.158418
-0.140447
-0.122891
-0.110139
-0.100611
-0.0959488
-0.0953159
-0.0963545
0.197633
0.194915
0.184928
0.162092
0.123503
0.0734177
0.0207593
-0.0260615
-0.0611895
-0.0832635
-0.0937947
-0.0961507
-0.0915327
-0.0861762
-0.0828885
-0.0799584
-0.0767764
-0.0752006
-0.075368
-0.0764552
0.19846
0.196642
0.189576
0.172897
0.143981
0.105107
0.0614486
0.0196756
-0.0148452
-0.037375
-0.0439157
-0.0382164
-0.0305751
-0.0374506
-0.0474981
-0.0540977
-0.0575185
-0.0595682
-0.0608534
-0.0618623
0.1742
0.173112
0.168492
0.157243
0.137262
0.109472
0.0763515
0.043282
0.0149603
-0.00323487
-0.00587984
0.00338245
0.0102458
-0.00439858
-0.0215681
-0.0347482
-0.0435647
-0.0491257
-0.051556
-0.0522793
0.142936
0.142365
0.139548
0.132355
0.119168
0.100216
0.0767164
0.0524476
0.0312016
0.0185175
0.0193529
0.0280102
0.0307448
0.0151376
-0.00367767
-0.0192305
-0.0309505
-0.0386332
-0.0414672
-0.0418308
0.111283
0.111048
0.109468
0.105121
0.0968202
0.0844635
0.0686504
0.0521028
0.0376081
0.0303257
0.034295
0.043075
0.0434855
0.0282141
0.0103636
-0.00432497
-0.0155139
-0.0226135
-0.0250173
-0.0252269
0.0817394
0.0816597
0.0808365
0.0783441
0.0733413
0.0656551
0.0555967
0.0450404
0.0362411
0.0336134
0.0410722
0.0527765
0.0534289
0.0375788
0.0215294
0.0100691
0.00180399
-0.00271704
-0.00431872
-0.0046364
0.0542546
0.0542953
0.0539683
0.0527273
0.0500179
0.0456385
0.0398015
0.0336821
0.02905
0.0294198
0.0383738
0.0519453
0.0551538
0.0401625
0.0271859
0.0192628
0.0148471
0.0128663
0.0119322
0.0114439
0.0289374
0.0290351
0.0289676
0.0285281
0.0272981
0.025276
0.0224647
0.0194662
0.0175768
0.0188915
0.0257142
0.0365367
0.0393247
0.0277848
0.0204463
0.0175213
0.0171316
0.0173234
0.0165906
0.015852
0.00523041
0.00530066
0.00528237
0.00541885
0.00561785
0.00547194
0.0049713
0.00439269
0.00393307
0.00339549
0.00372013
0.00385138
0.00742764
0.00912963
0.00651593
0.00649135
0.0046661
0.00364687
0.00367387
0.00348223
-0.0572627
0.108192
0.30096
0.469104
0.602845
0.707402
0.793424
0.866736
0.900386
0.877181
0.241076
0.360564
0.488952
0.599627
0.692575
0.769202
0.831192
0.875264
0.897329
0.909552
0.456946
0.538767
0.626472
0.703722
0.770034
0.825476
0.869594
0.901881
0.925317
0.9434
0.615801
0.674455
0.735078
0.791501
0.840459
0.882062
0.91628
0.943631
0.966254
0.984614
0.73987
0.782454
0.827941
0.87125
0.909542
0.94301
0.971695
0.995612
1.01589
1.03376
0.843336
0.875904
0.913698
0.948934
0.981309
1.01036
1.03577
1.05715
1.07493
1.0923
0.935356
0.963872
0.997632
1.02959
1.05938
1.08643
1.11008
1.12974
1.1452
1.16228
1.02363
1.05272
1.0866
1.11854
1.14805
1.17456
1.19736
1.21581
1.22915
1.24619
1.11875
1.15189
1.18846
1.22197
1.25196
1.2781
1.30002
1.31727
1.32911
1.34651
1.23363
1.27142
1.31002
1.34423
1.37354
1.39825
1.4186
1.43448
1.44593
1.46399
1.37851
1.41703
1.45314
1.4838
1.50946
1.53154
1.55058
1.56609
1.57851
1.59651
1.55354
1.58515
1.61131
1.63375
1.65371
1.67242
1.69013
1.7066
1.72194
1.74001
1.74213
1.75932
1.77435
1.79057
1.80647
1.821
1.8342
1.84812
1.86566
1.88581
1.92384
1.93337
1.9449
1.95571
1.96499
1.97457
1.98535
1.99671
2.00807
2.02342
2.13106
2.13472
2.11977
2.10496
2.09868
2.10435
2.12283
2.15314
2.18532
2.21197
2.43738
2.30252
2.22587
2.18348
2.16606
2.17002
2.19742
2.25383
2.35645
2.58082
0.758413
0.756286
0.751803
0.743182
0.730963
0.718842
0.708624
0.700745
0.695151
0.691928
0.691613
0.694387
0.69952
0.706763
0.716165
0.727714
0.740372
0.751411
0.757525
0.760581
0.682856
0.688704
0.695039
0.699536
0.702012
0.701695
0.698969
0.695177
0.691691
0.689465
0.689358
0.691595
0.695287
0.699598
0.70342
0.705313
0.704384
0.700909
0.695748
0.689128
0.674414
0.676711
0.680117
0.683118
0.685199
0.686705
0.687473
0.687175
0.686176
0.68533
0.685549
0.687018
0.688866
0.690195
0.690392
0.689514
0.687974
0.685644
0.682385
0.679467
0.668879
0.669965
0.671801
0.674184
0.676215
0.677653
0.678689
0.679462
0.679894
0.680157
0.680698
0.681552
0.682186
0.68228
0.681887
0.681053
0.679594
0.677518
0.675437
0.674056
0.663643
0.664305
0.665416
0.667127
0.668917
0.670561
0.671874
0.672915
0.673832
0.67467
0.675457
0.676062
0.676298
0.676162
0.675619
0.674582
0.673167
0.671633
0.670322
0.669544
0.658626
0.659085
0.659874
0.661179
0.662676
0.664207
0.665692
0.667018
0.668194
0.669305
0.670288
0.670919
0.671114
0.670877
0.670208
0.669241
0.668132
0.667012
0.666105
0.665589
0.653745
0.654089
0.654703
0.655778
0.657084
0.658474
0.659936
0.661414
0.662833
0.664177
0.665367
0.666133
0.66637
0.66614
0.665576
0.664827
0.663997
0.663146
0.662483
0.662107
0.648946
0.649213
0.649709
0.650626
0.651809
0.653124
0.654545
0.656071
0.657665
0.659259
0.6607
0.661659
0.662033
0.661969
0.66162
0.661095
0.660473
0.659853
0.659373
0.659086
0.644146
0.644358
0.644771
0.645578
0.646683
0.647953
0.649368
0.650946
0.652679
0.654521
0.656263
0.657499
0.658126
0.658314
0.658203
0.657905
0.657496
0.657072
0.656733
0.656509
0.639254
0.639425
0.639779
0.640515
0.641575
0.642827
0.644274
0.645942
0.647841
0.64995
0.652052
0.653663
0.654626
0.655114
0.655266
0.655207
0.655017
0.654771
0.654549
0.654371
0.634181
0.634319
0.634632
0.635323
0.63637
0.637649
0.639168
0.640969
0.643089
0.645524
0.648065
0.65014
0.651509
0.652345
0.652798
0.652995
0.653022
0.652951
0.65283
0.652686
0.628835
0.628945
0.629231
0.629904
0.630971
0.632323
0.633958
0.635948
0.638356
0.641202
0.644284
0.646917
0.648767
0.650006
0.650799
0.651277
0.651536
0.651639
0.651605
0.651489
0.623117
0.623204
0.623473
0.624153
0.625276
0.626744
0.62855
0.630797
0.633573
0.636937
0.640681
0.643985
0.646403
0.648113
0.64929
0.650097
0.650614
0.650884
0.650929
0.650834
0.616915
0.616981
0.617244
0.617952
0.61917
0.620801
0.622842
0.625425
0.628669
0.632678
0.637228
0.641339
0.644434
0.646696
0.648319
0.649495
0.650298
0.65075
0.65087
0.650791
0.610098
0.610143
0.610407
0.611166
0.612519
0.614369
0.616719
0.61973
0.623567
0.628369
0.633899
0.638979
0.642877
0.645794
0.647942
0.649534
0.650666
0.651316
0.65151
0.651444
0.602509
0.602533
0.602799
0.603632
0.605163
0.607297
0.610042
0.613599
0.618173
0.623952
0.63067
0.636909
0.64176
0.645446
0.648217
0.650307
0.651814
0.652676
0.652944
0.652888
0.593923
0.593936
0.594216
0.595149
0.596916
0.599395
0.602648
0.606892
0.612384
0.619361
0.627515
0.635139
0.641118
0.64571
0.649216
0.651905
0.653839
0.654933
0.655274
0.655224
0.584058
0.584042
0.584373
0.585451
0.587506
0.590447
0.594342
0.599449
0.606084
0.61453
0.624419
0.633686
0.640994
0.646655
0.651022
0.654407
0.656837
0.658187
0.6586
0.658553
0.572601
0.57256
0.57294
0.57421
0.576636
0.580169
0.58488
0.591078
0.599141
0.609394
0.621367
0.632577
0.641438
0.648348
0.653726
0.657911
0.66091
0.662529
0.663011
0.662961
0.559056
0.558988
0.559448
0.560972
0.563885
0.568188
0.573955
0.581553
0.591415
0.603891
0.618362
0.631848
0.642502
0.650845
0.657404
0.662509
0.666135
0.66803
0.668568
0.66851
0.542757
0.54266
0.543248
0.545128
0.548693
0.554026
0.561193
0.570615
0.582767
0.597982
0.615425
0.631546
0.644245
0.654215
0.662102
0.668249
0.672551
0.67471
0.675286
0.675212
0.522748
0.522624
0.523417
0.525816
0.530302
0.537066
0.546144
0.557996
0.573091
0.591675
0.612619
0.63174
0.64673
0.658511
0.667848
0.675149
0.680141
0.682522
0.683105
0.683008
0.497581
0.497442
0.498574
0.501778
0.507659
0.51652
0.528311
0.543468
0.562358
0.585059
0.610065
0.632535
0.650016
0.663756
0.674671
0.68318
0.688804
0.691325
0.691872
0.691744
0.464903
0.464788
0.46654
0.471144
0.479346
0.491482
0.507253
0.526948
0.550694
0.578334
0.607952
0.634057
0.654172
0.669967
0.682514
0.692221
0.69833
0.700858
0.701319
0.701156
0.420491
0.420546
0.423666
0.431189
0.4437
0.46118
0.482851
0.508664
0.538455
0.571849
0.606539
0.636452
0.659261
0.677128
0.691293
0.702059
0.708376
0.710728
0.711056
0.710861
0.356431
0.357674
0.365308
0.379352
0.399756
0.425742
0.455727
0.489333
0.526274
0.566071
0.6061
0.639857
0.665304
0.685158
0.70076
0.712241
0.718444
0.720381
0.720536
0.720324
0.280542
0.28237
0.29699
0.321124
0.352576
0.388594
0.42763
0.469511
0.51407
0.560854
0.606971
0.64535
0.674065
0.696325
0.71351
0.725591
0.731408
0.732989
0.733092
0.73296
0.202301
0.208623
0.230211
0.26471
0.306651
0.352416
0.400456
0.45065
0.502887
0.556734
0.609048
0.652115
0.684057
0.708655
0.727583
0.739646
0.744579
0.745642
0.74569
0.745631
0.138265
0.146951
0.173141
0.214734
0.264894
0.318953
0.375103
0.433072
0.492629
0.55326
0.611477
0.658912
0.6938
0.720353
0.740056
0.751935
0.756469
0.757431
0.757523
0.757523
0.0861895
0.0954775
0.125252
0.172129
0.228486
0.28923
0.352237
0.417068
0.483303
0.550285
0.614097
0.665656
0.703268
0.731582
0.752177
0.764127
0.768409
0.769277
0.769416
0.769468
0.0426554
0.0522251
0.0844663
0.135368
0.196814
0.263105
0.331928
0.402765
0.475021
0.547878
0.616978
0.672502
0.712761
0.742873
0.764449
0.776509
0.780686
0.781728
0.781906
0.781999
0.00528661
0.0149582
0.0490391
0.103159
0.16882
0.239848
0.313751
0.389919
0.46764
0.545955
0.620086
0.679453
0.722332
0.754213
0.77678
0.789324
0.793766
0.794857
0.795003
0.795122
-0.0276104
-0.0179189
0.0175663
0.0744012
0.143598
0.218717
0.297121
0.3781
0.460858
0.544301
0.623249
0.686354
0.731814
0.765489
0.789215
0.80237
0.807074
0.808239
0.808409
0.808498
-0.057341
-0.0476302
-0.0109994
0.0481777
0.120408
0.199115
0.281536
0.366899
0.454327
0.542624
0.626223
0.692999
0.741017
0.776502
0.801318
0.815136
0.82016
0.821374
0.821523
0.821593
-0.0848159
-0.0750788
-0.037468
0.023776
0.0986856
0.180579
0.266603
0.355965
0.447744
0.540671
0.628807
0.699198
0.749725
0.786928
0.812852
0.827251
0.832642
0.83391
0.834024
0.834065
-0.110621
-0.100833
-0.0623279
0.00066665
0.0779981
0.162743
0.252019
0.345045
0.440891
0.538248
0.630829
0.704815
0.757821
0.796691
0.823612
0.838536
0.844202
0.8455
0.845584
0.84559
-0.135253
-0.125354
-0.0859589
-0.0214856
0.0580516
0.145347
0.23757
0.333956
0.433602
0.535192
0.632154
0.709764
0.765245
0.805724
0.83356
0.848842
0.854643
0.855959
0.856007
0.855978
-0.159013
-0.148918
-0.108791
-0.0428421
0.0386449
0.128218
0.223108
0.322569
0.425748
0.531392
0.632695
0.713995
0.772005
0.814036
0.842616
0.858125
0.863973
0.865236
0.865272
0.865215
-0.182017
-0.171734
-0.130938
-0.0635605
0.0196431
0.111264
0.208546
0.310803
0.417259
0.526761
0.632365
0.717474
0.778124
0.821723
0.850911
0.866479
0.872216
0.873431
0.873419
0.873346
-0.204465
-0.193921
-0.152393
-0.0837617
0.000977498
0.0944241
0.193844
0.298631
0.4081
0.521244
0.631088
0.720167
0.783673
0.828936
0.858617
0.874034
0.879539
0.880631
0.880577
0.880482
-0.22632
-0.215522
-0.173314
-0.103502
-0.0173753
0.0776888
0.179014
0.286061
0.398264
0.514804
0.628802
0.722022
0.788704
0.835833
0.86595
0.880989
0.886066
0.88696
0.886851
0.886739
-0.247648
-0.236577
-0.19365
-0.122783
-0.0354127
0.0610724
0.164074
0.273129
0.387782
0.507442
0.625446
0.72297
0.793225
0.842581
0.873195
0.887578
0.891915
0.892486
0.892314
0.892198
-0.26832
-0.257037
-0.213396
-0.141571
-0.0531046
0.0446306
0.149077
0.25989
0.376709
0.499192
0.620977
0.722922
0.797188
0.849297
0.880704
0.894245
0.897397
0.897341
0.897059
0.896972
-0.288471
-0.27687
-0.232557
-0.159858
-0.0704314
0.0283912
0.134102
0.246413
0.365115
0.490114
0.615383
0.721759
0.800463
0.855985
0.888816
0.901686
0.9032
0.901857
0.90122
0.90121
-0.307948
-0.296056
-0.251112
-0.177615
-0.0873223
0.012431
0.119222
0.232806
0.3531
0.480258
0.608683
0.719355
0.802848
0.862478
0.897649
0.910716
0.910695
0.907258
0.905201
0.904669
-0.32682
-0.31465
-0.269016
-0.194798
-0.103749
-0.00318691
0.104513
0.219144
0.340767
0.469749
0.600925
0.715578
0.804081
0.868409
0.906823
0.92163
0.921645
0.916304
0.910116
0.902444
-0.34501
-0.332608
-0.286365
-0.211561
-0.119918
-0.0187261
0.0896555
0.205047
0.327694
0.458122
0.591627
0.70994
0.803756
0.873576
0.915901
0.934105
0.936727
0.930641
0.919374
0.915036
-0.362472
-0.349856
-0.303144
-0.227882
-0.135842
-0.0341839
0.0746567
0.190492
0.313827
0.445243
0.580563
0.702008
0.801027
0.877182
0.922984
0.944271
0.948872
0.945125
0.906816
0.855311
-0.378935
-0.365612
-0.319207
-0.243692
-0.151626
-0.0497274
0.0594543
0.175585
0.299209
0.431152
0.567625
0.691468
0.794678
0.878507
0.925705
0.943754
0.947254
0.924948
0.867582
0.806017
-0.394701
-0.38057
-0.334513
-0.258319
-0.166745
-0.0648879
0.0438256
0.160377
0.283987
0.416014
0.552821
0.678009
0.783358
0.877776
0.921457
0.953504
0.912337
0.859115
0.785912
0.718655
-0.380571
-0.362399
-0.311746
-0.231164
-0.133155
-0.0283394
0.0858687
0.205394
0.332524
0.469108
0.601361
0.715856
0.813888
0.91228
0.939908
0.853512
0.79622
0.725598
0.650251
0.601114
-0.404659
-0.388132
-0.352158
-0.281096
-0.189952
-0.0893028
0.0197601
0.135776
0.258839
0.389994
0.525649
0.650196
0.754957
0.841716
0.915174
0.895285
0.764649
0.674674
0.607419
0.523529
-0.423923
-0.408312
-0.366675
-0.294236
-0.202604
-0.102371
0.00560697
0.120735
0.242913
0.372809
0.507087
0.629977
0.731845
0.807273
0.831825
0.744239
0.597317
0.496486
0.418113
0.329367
-0.4437
-0.43125
-0.385105
-0.311609
-0.219898
-0.119194
-0.0112436
0.103617
0.224954
0.353448
0.485069
0.603532
0.695849
0.757099
0.73115
0.591767
0.434269
0.312864
0.212144
0.0760445
-0.466582
-0.453747
-0.405569
-0.330901
-0.239059
-0.138239
-0.0304266
0.0838788
0.204149
0.330802
0.459065
0.571872
0.654453
0.694166
0.631247
0.44281
0.257883
0.102579
-0.0394631
-0.236341
-0.488447
-0.475986
-0.426693
-0.350763
-0.258531
-0.157782
-0.0503892
0.063066
0.181986
0.306362
0.430719
0.53701
0.611936
0.614869
0.502031
0.300798
0.0857373
-0.115414
-0.290995
-0.679661
-0.510421
-0.498321
-0.448561
-0.37173
-0.279181
-0.17844
-0.0714874
0.041078
0.158496
0.280289
0.400263
0.499
0.561924
0.531956
0.376916
0.173953
-0.0447298
-0.256746
-0.435741
-0.707923
-0.533333
-0.521384
-0.471435
-0.39407
-0.301327
-0.200593
-0.0940506
0.0176288
0.133455
0.252431
0.367641
0.45825
0.505618
0.458235
0.265008
0.0692248
-0.129546
-0.297342
-0.370178
-0.409213
-0.55767
-0.545848
-0.495699
-0.418072
-0.325339
-0.224801
-0.118836
-0.00829098
0.105589
0.221214
0.330916
0.412987
0.442932
0.359523
0.165271
-0.0183379
-0.18421
-0.291535
-0.329664
-0.338664
-0.58364
-0.571837
-0.521523
-0.443754
-0.351163
-0.25102
-0.145867
-0.0367378
0.0748002
0.186531
0.289953
0.363288
0.365744
0.25282
0.0739321
-0.0956806
-0.236341
-0.292219
-0.304296
-0.309187
-0.611431
-0.599548
-0.548993
-0.471138
-0.378802
-0.279256
-0.175151
-0.067758
0.0410505
0.148412
0.244834
0.30856
0.286006
0.153234
-0.0109413
-0.170235
-0.270366
-0.299116
-0.295281
-0.295348
-0.640759
-0.629069
-0.578085
-0.500193
-0.408228
-0.309469
-0.20668
-0.101341
0.00435436
0.106872
0.195854
0.247676
0.216038
0.0619369
-0.0876039
-0.227374
-0.268708
-0.281003
-0.285879
-0.286104
-0.671471
-0.659773
-0.608587
-0.530759
-0.439313
-0.341562
-0.240366
-0.137412
-0.0352267
0.0620906
0.14326
0.183858
0.14602
-0.0156561
-0.154582
-0.251727
-0.297425
-0.284059
-0.280988
-0.280637
-0.70305
-0.691339
-0.640194
-0.562519
-0.471776
-0.375291
-0.275984
-0.175765
-0.077479
0.0144194
0.0874824
0.119338
0.0611769
-0.0827858
-0.207482
-0.26062
-0.27546
-0.276415
-0.276519
-0.276259
-0.734764
-0.723115
-0.672038
-0.594933
-0.505164
-0.410247
-0.313182
-0.216048
-0.122024
-0.0357401
0.0298519
0.0473188
-0.0189867
-0.139532
-0.239049
-0.262489
-0.269586
-0.273242
-0.273168
-0.273088
-0.765393
-0.754183
-0.703338
-0.627219
-0.538793
-0.44583
-0.351399
-0.25771
-0.168232
-0.0878628
-0.0278267
-0.0237988
-0.0881036
-0.18741
-0.257883
-0.309953
-0.284176
-0.273573
-0.271381
-0.270934
-0.793487
-0.78277
-0.732969
-0.658122
-0.571734
-0.481202
-0.389876
-0.300018
-0.215265
-0.140941
-0.0853382
-0.0860306
-0.151536
-0.221267
-0.271756
-0.265549
-0.271325
-0.272814
-0.272629
-0.272349
-0.817357
-0.807326
-0.759036
-0.686465
-0.602755
-0.515278
-0.427621
-0.342049
-0.262141
-0.193589
-0.143336
-0.141307
-0.203807
-0.252683
-0.2703
-0.282897
-0.282787
-0.282742
-0.281956
-0.281388
-0.834666
-0.825543
-0.77961
-0.710327
-0.630351
-0.546832
-0.463468
-0.38268
-0.307805
-0.244605
-0.200085
-0.192836
-0.243715
-0.284237
-0.293653
-0.298891
-0.298101
-0.296598
-0.295203
-0.294019
-0.843394
-0.835058
-0.792619
-0.727799
-0.652759
-0.574354
-0.496168
-0.420623
-0.351106
-0.292871
-0.252107
-0.238969
-0.27575
-0.30611
-0.321854
-0.307362
-0.299156
-0.29497
-0.293659
-0.293405
-0.839118
-0.832362
-0.796418
-0.737036
-0.668331
-0.596321
-0.524317
-0.4547
-0.390766
-0.337214
-0.298686
-0.276371
-0.288729
-0.300813
-0.329406
-0.305907
-0.291795
-0.287212
-0.285942
-0.285414
-0.82075
-0.816104
-0.788006
-0.736724
-0.675809
-0.611494
-0.546685
-0.483635
-0.425506
-0.376782
-0.340412
-0.310813
-0.267781
-0.211897
-0.228294
-0.247746
-0.266118
-0.275344
-0.278701
-0.279461
-0.788771
-0.785429
-0.766449
-0.72591
-0.674691
-0.619309
-0.562498
-0.506377
-0.454144
-0.410216
-0.380828
-0.336194
-0.262786
-0.159722
-0.121984
-0.200017
-0.26197
-0.288558
-0.29795
-0.300951
-0.747862
-0.745741
-0.734997
-0.706742
-0.666088
-0.620262
-0.571709
-0.522458
-0.47563
-0.436428
-0.408397
-0.384502
-0.355152
-0.366989
-0.39938
-0.425578
-0.404789
-0.386124
-0.381371
-0.381095
-0.706603
-0.705354
-0.700045
-0.683615
-0.653621
-0.616158
-0.575243
-0.532006
-0.489497
-0.452471
-0.427887
-0.422965
-0.48715
-0.619775
-0.67703
-0.595217
-0.496722
-0.46946
-0.454344
-0.447876
-0.673731
-0.673079
-0.670399
-0.660998
-0.640206
-0.610238
-0.574887
-0.53598
-0.495476
-0.456972
-0.43236
-0.400725
-0.423123
-0.410349
-0.3907
-0.347643
-0.368621
-0.386119
-0.39587
-0.389957
-0.650491
-0.649787
-0.648372
-0.644611
-0.630364
-0.605591
-0.573055
-0.535934
-0.494604
-0.451421
-0.412501
-0.374192
-0.347642
-0.326268
-0.378058
-0.499074
-0.605236
-0.630834
-0.553743
-0.489315
-0.634673
-0.634414
-0.633805
-0.631894
-0.624145
-0.603159
-0.571922
-0.533623
-0.490061
-0.441142
-0.393052
-0.371025
-0.310397
-0.234341
-0.168742
-0.106168
-0.0889953
-0.115872
-0.121259
-0.102214
-0.625136
-0.625081
-0.624757
-0.624175
-0.620542
-0.602931
-0.571399
-0.530787
-0.482945
-0.427538
-0.368115
-0.3187
-0.238003
-0.0800406
0.0716585
0.180317
0.218198
0.237196
0.268163
0.29341
-0.618541
-0.618595
-0.618556
-0.618547
-0.617191
-0.603864
-0.572253
-0.528147
-0.474968
-0.412926
-0.336811
-0.26084
-0.135305
0.0439359
0.22858
0.367101
0.481672
0.596005
0.708098
0.776106
-0.613059
-0.613148
-0.613135
-0.612994
-0.611808
-0.604269
-0.57432
-0.527646
-0.469737
-0.398401
-0.310361
-0.213405
-0.0711377
0.180269
0.459752
0.739826
0.982544
1.17797
1.31088
1.37491
-0.609172
-0.609208
-0.608952
-0.60809
-0.607027
-0.603951
-0.578544
-0.529682
-0.466923
-0.389206
-0.29523
-0.187604
-0.0540225
0.202304
0.543375
0.889784
1.19804
1.42288
1.54741
1.59306
-0.608328
-0.6089
-0.610105
-0.612836
-0.615632
-0.614742
-0.586942
-0.535093
-0.470279
-0.389969
-0.292951
-0.182967
-0.0811102
0.156358
0.484956
0.79386
1.06457
1.25531
1.35277
1.38577
-0.60873
-0.609942
-0.612189
-0.6175
-0.625934
-0.624187
-0.592431
-0.54359
-0.481279
-0.398386
-0.300583
-0.199459
-0.107057
0.0697424
0.342486
0.590706
0.798641
0.937127
1.00474
1.02631
-0.633089
-0.63395
-0.63231
-0.614215
-0.580075
-0.555675
-0.566903
-0.554873
-0.499014
-0.413216
-0.31619
-0.222434
-0.138601
-0.0203666
0.188197
0.373366
0.523982
0.619925
0.664415
0.677874
-0.684501
-0.683048
-0.676371
-0.646381
-0.593023
-0.564365
-0.588584
-0.590975
-0.526661
-0.432074
-0.333343
-0.24854
-0.178581
-0.0951442
0.0544615
0.184915
0.288102
0.351581
0.379975
0.387938
-0.778844
-0.774516
-0.793132
-0.828422
-0.856356
-0.839803
-0.800409
-0.696624
-0.570704
-0.452299
-0.349313
-0.269578
-0.208324
-0.146998
-0.0470829
0.0395701
0.101573
0.137638
0.152567
0.156766
-0.9352
-0.939963
-0.983794
-1.04957
-1.08652
-1.06959
-0.988023
-0.797263
-0.612313
-0.465578
-0.356831
-0.282912
-0.229887
-0.179581
-0.119824
-0.0732164
-0.0429634
-0.0287429
-0.0234809
-0.0218467
-0.992154
-1.00342
-1.04092
-1.08387
-1.11076
-1.09466
-1.00174
-0.797543
-0.603668
-0.4541
-0.350822
-0.286302
-0.239799
-0.202957
-0.166892
-0.144167
-0.135731
-0.135986
-0.136131
-0.134486
-0.855959
-0.864897
-0.895996
-0.934749
-0.962091
-0.949202
-0.848682
-0.68028
-0.527222
-0.407545
-0.325421
-0.276664
-0.245717
-0.218724
-0.193898
-0.178565
-0.175824
-0.17706
-0.176104
-0.174581
-0.541837
-0.553003
-0.5788
-0.617138
-0.64971
-0.649714
-0.590496
-0.497825
-0.406755
-0.33458
-0.283955
-0.257687
-0.246906
-0.228073
-0.201498
-0.183561
-0.172581
-0.167649
-0.164253
-0.163043
-0.189886
-0.196344
-0.212724
-0.241155
-0.27631
-0.302865
-0.30854
-0.298238
-0.276649
-0.25167
-0.231523
-0.226336
-0.232338
-0.217903
-0.187977
-0.163429
-0.147538
-0.137795
-0.133578
-0.133171
0.0614636
0.0581181
0.048363
0.0260521
-0.0109841
-0.0581259
-0.103275
-0.138371
-0.161127
-0.170505
-0.173893
-0.18089
-0.19159
-0.178024
-0.154121
-0.133909
-0.11897
-0.109575
-0.106229
-0.10653
0.177852
0.175672
0.169069
0.151094
0.11708
0.0676333
0.0122168
-0.0380891
-0.0766406
-0.102219
-0.116265
-0.124178
-0.12794
-0.11858
-0.10692
-0.0987141
-0.0912938
-0.0863616
-0.0848201
-0.085516
0.203645
0.202326
0.197663
0.184133
0.157348
0.11713
0.0696222
0.0216766
-0.0196425
-0.0494143
-0.064952
-0.0685731
-0.062661
-0.0594249
-0.0627369
-0.0655205
-0.0664792
-0.0663805
-0.066746
-0.067762
0.188249
0.18754
0.184437
0.175107
0.156178
0.12704
0.0907631
0.0519653
0.0167805
-0.0101219
-0.0229914
-0.0200556
-0.0100653
-0.0126071
-0.0263916
-0.0389666
-0.0472471
-0.0523145
-0.055173
-0.0563969
0.158938
0.158665
0.15677
0.150747
0.138161
0.118233
0.0923754
0.0633561
0.0359797
0.0151591
0.00678808
0.0118437
0.0215715
0.0156255
-0.00313184
-0.019803
-0.0326284
-0.0414114
-0.0461986
-0.0473837
0.126822
0.126852
0.125837
0.122196
0.114218
0.101148
0.0835659
0.0632497
0.0436492
0.0291864
0.0251469
0.0319821
0.0392883
0.0311571
0.0123791
-0.00437246
-0.018211
-0.0281485
-0.0334109
-0.0343363
0.0961333
0.0962105
0.0957086
0.0936145
0.0887835
0.0805888
0.069232
0.0558525
0.0429673
0.0341881
0.0346123
0.0439415
0.0510186
0.0417337
0.0241927
0.00958923
-0.00203145
-0.0101219
-0.0141529
-0.0149171
0.067614
0.0677831
0.0675561
0.0664642
0.0637655
0.0589109
0.0520054
0.0437841
0.0360521
0.0317105
0.0355082
0.0476628
0.0574031
0.049689
0.0323155
0.0203246
0.0122754
0.00749592
0.00527796
0.00454923
0.0412712
0.0414416
0.0414087
0.0409395
0.039639
0.0371438
0.0334385
0.0289979
0.0249494
0.0233958
0.0281494
0.0404046
0.0517562
0.0442808
0.0291662
0.0220577
0.0187604
0.0173236
0.0166391
0.0157813
0.00529142
0.00528035
0.00532568
0.00554815
0.00559927
0.00526798
0.00466721
0.00409833
0.00365327
0.00355044
0.00377113
0.00381444
0.00859066
0.00727503
0.00638827
0.00548884
0.00394714
0.00362634
0.00368212
0.012566
-1.08586
-0.412541
0.0356747
0.292896
0.477095
0.617484
0.725527
0.812291
0.906256
0.997637
-0.0438754
0.148956
0.324996
0.473103
0.596516
0.696585
0.777698
0.844128
0.88544
0.889026
0.284658
0.398775
0.510586
0.609918
0.695066
0.766667
0.825262
0.869835
0.898571
0.915983
0.49234
0.569959
0.64689
0.717238
0.778427
0.830656
0.873675
0.90748
0.933267
0.952216
0.644895
0.697431
0.755824
0.808172
0.854097
0.894059
0.928031
0.956273
0.979457
0.996363
0.765704
0.806157
0.85138
0.891039
0.927866
0.96077
0.989619
1.01431
1.035
1.04919
0.867532
0.901695
0.938351
0.97227
1.0042
1.03356
1.05969
1.08213
1.10069
1.11238
0.960119
0.990962
1.02468
1.05706
1.0876
1.11577
1.14075
1.16192
1.17879
1.18829
1.05069
1.0831
1.11825
1.15211
1.18329
1.21145
1.23592
1.25616
1.27156
1.27975
1.15238
1.1898
1.22799
1.26414
1.29611
1.32389
1.34727
1.36621
1.38032
1.38878
1.27914
1.32145
1.36057
1.39638
1.42672
1.45234
1.47385
1.49144
1.50492
1.51507
1.44056
1.48198
1.51564
1.54516
1.56965
1.59114
1.6107
1.62809
1.64282
1.6555
1.6309
1.66168
1.68289
1.702
1.72003
1.73724
1.75344
1.76924
1.78574
1.80266
1.82871
1.8401
1.85113
1.86521
1.87948
1.89231
1.90366
1.9145
1.9274
1.94427
2.01448
2.02438
2.03302
2.03546
2.03633
2.04058
2.05136
2.0673
2.08491
2.08951
2.31551
2.2601
2.20927
2.16902
2.14663
2.14257
2.15607
2.18986
2.2463
2.32186
0.900629
0.841936
0.799459
0.765602
0.740949
0.723402
0.710902
0.701986
0.695894
0.692439
0.692083
0.694975
0.700438
0.708393
0.719329
0.734391
0.755408
0.784508
0.823274
0.871102
0.702174
0.710934
0.716471
0.717296
0.713817
0.707778
0.701354
0.695897
0.69208
0.690458
0.691665
0.695287
0.700589
0.70708
0.713859
0.719137
0.720768
0.717536
0.710204
0.702536
0.679196
0.681228
0.685833
0.689348
0.691863
0.693296
0.693016
0.691291
0.689118
0.687574
0.687623
0.689482
0.692229
0.694873
0.69637
0.696044
0.694198
0.691406
0.687361
0.68298
0.672267
0.673133
0.675619
0.678336
0.680351
0.681718
0.682711
0.683175
0.683051
0.682825
0.683212
0.684333
0.685457
0.68596
0.685674
0.684843
0.683444
0.681215
0.678584
0.67662
0.666589
0.667051
0.668449
0.670474
0.672419
0.674001
0.675155
0.676066
0.676808
0.677417
0.67809
0.678775
0.679132
0.679066
0.678617
0.677671
0.676179
0.674364
0.672726
0.671712
0.661372
0.661658
0.662579
0.664053
0.665685
0.667296
0.668732
0.669921
0.670969
0.67196
0.672846
0.673442
0.673639
0.673449
0.672817
0.671777
0.670507
0.669205
0.668127
0.667505
0.656362
0.656564
0.657254
0.658432
0.659823
0.661276
0.662762
0.664185
0.665488
0.666712
0.667794
0.668485
0.668692
0.668438
0.667799
0.666936
0.665977
0.664998
0.664224
0.663787
0.651488
0.65164
0.65219
0.653179
0.654417
0.655766
0.657205
0.658712
0.660226
0.661694
0.663003
0.663858
0.664147
0.663985
0.663525
0.662887
0.662163
0.66143
0.660864
0.660537
0.646667
0.646787
0.647237
0.648094
0.649233
0.650525
0.651941
0.653489
0.655151
0.656868
0.658453
0.659539
0.660026
0.66008
0.659851
0.659437
0.658919
0.658397
0.657992
0.657739
0.641808
0.641904
0.642285
0.643052
0.644131
0.64539
0.646819
0.648437
0.650246
0.652216
0.654129
0.655541
0.656326
0.656658
0.656677
0.656495
0.656193
0.655858
0.655581
0.655381
0.636817
0.636897
0.637228
0.637937
0.638987
0.640249
0.64173
0.643459
0.645459
0.647721
0.650031
0.651863
0.65302
0.653675
0.653976
0.654038
0.653957
0.653796
0.653626
0.653467
0.631603
0.631669
0.631966
0.632644
0.633695
0.63501
0.636584
0.638472
0.640726
0.643353
0.64615
0.648492
0.65009
0.65112
0.651742
0.652071
0.652213
0.652224
0.652148
0.652019
0.626069
0.626124
0.6264
0.627072
0.628161
0.629571
0.631288
0.633396
0.635976
0.639066
0.642462
0.645416
0.647535
0.649
0.649985
0.650615
0.650999
0.651182
0.651189
0.651084
0.620112
0.620158
0.620422
0.621111
0.622275
0.623824
0.625744
0.628147
0.631142
0.634811
0.638937
0.642627
0.645366
0.64734
0.648739
0.649723
0.65037
0.650728
0.650811
0.650725
0.613608
0.613645
0.613907
0.614635
0.615913
0.617653
0.619845
0.622628
0.62615
0.630534
0.63555
0.640124
0.6436
0.646176
0.64806
0.649435
0.650384
0.650931
0.65109
0.651018
0.606411
0.606441
0.606708
0.607497
0.608929
0.610923
0.613464
0.616731
0.620914
0.626179
0.632274
0.637908
0.642259
0.645546
0.648005
0.649828
0.651126
0.651881
0.652114
0.652054
0.59834
0.598365
0.59865
0.599517
0.60115
0.603462
0.606452
0.610331
0.615337
0.621683
0.629084
0.635987
0.641374
0.645496
0.648634
0.651
0.652699
0.653677
0.653983
0.653931
0.589155
0.589179
0.589491
0.590461
0.592353
0.595066
0.59863
0.603279
0.609308
0.61698
0.625961
0.634372
0.640987
0.646092
0.650028
0.653035
0.655194
0.656418
0.656799
0.656751
0.578544
0.578558
0.57891
0.580026
0.582248
0.585496
0.589782
0.595398
0.602704
0.612005
0.622888
0.633087
0.641142
0.647405
0.652276
0.656019
0.658717
0.660205
0.660656
0.660609
0.566118
0.566128
0.566523
0.567834
0.570489
0.57442
0.579632
0.586481
0.595388
0.606692
0.619859
0.632164
0.64189
0.649493
0.65546
0.660055
0.663354
0.665118
0.665635
0.665582
0.55131
0.551315
0.551772
0.553352
0.556583
0.561418
0.567842
0.576284
0.587217
0.600989
0.616882
0.631642
0.643288
0.652417
0.659654
0.665213
0.669169
0.671208
0.671774
0.671709
0.533336
0.533337
0.53389
0.535854
0.539882
0.545948
0.553998
0.564539
0.578065
0.594877
0.614
0.631578
0.645396
0.656249
0.664871
0.671527
0.676177
0.678465
0.679055
0.678971
0.511011
0.511007
0.511727
0.514291
0.519492
0.52731
0.537622
0.550989
0.567857
0.588398
0.611301
0.632058
0.648275
0.661019
0.671163
0.678999
0.684321
0.686797
0.687375
0.687265
0.482551
0.482547
0.48356
0.487118
0.494186
0.504641
0.51822
0.535461
0.556632
0.581694
0.60894
0.633199
0.651989
0.666748
0.678505
0.687553
0.693454
0.69601
0.696528
0.696384
0.444855
0.444869
0.44652
0.452016
0.462398
0.477037
0.495471
0.518004
0.544618
0.575036
0.607141
0.635138
0.656606
0.673442
0.686846
0.697026
0.70331
0.705789
0.706194
0.706013
0.391989
0.392239
0.396013
0.405981
0.422542
0.444073
0.469573
0.499077
0.532317
0.568846
0.606184
0.638025
0.66218
0.681062
0.696036
0.707139
0.713502
0.715721
0.715977
0.715764
0.316224
0.318602
0.329666
0.349241
0.376134
0.407275
0.441785
0.47952
0.520224
0.563422
0.606343
0.642256
0.669261
0.690326
0.706905
0.718714
0.724934
0.726811
0.726934
0.726721
0.235619
0.242098
0.261747
0.291601
0.329336
0.37038
0.41394
0.45999
0.508396
0.558725
0.607971
0.648737
0.679131
0.702718
0.72108
0.733366
0.738908
0.740225
0.740257
0.740119
0.166471
0.17334
0.19969
0.238275
0.285223
0.335348
0.387574
0.441747
0.497703
0.554982
0.61028
0.655564
0.68902
0.714732
0.734231
0.746222
0.751068
0.752138
0.752193
0.752098
0.109953
0.117081
0.147505
0.19231
0.246126
0.303692
0.363403
0.424911
0.487887
0.551746
0.612795
0.662315
0.698591
0.726077
0.746384
0.758337
0.762865
0.76382
0.763902
0.763841
0.0630363
0.070474
0.103411
0.152948
0.212208
0.275829
0.341838
0.40976
0.479077
0.549049
0.615537
0.669094
0.708034
0.737291
0.758547
0.770584
0.774939
0.775906
0.77602
0.775985
0.0232965
0.0308943
0.0655776
0.118666
0.182491
0.251229
0.322658
0.396228
0.471273
0.5469
0.618542
0.676
0.717575
0.748603
0.770797
0.783207
0.787776
0.788639
0.788762
0.788745
-0.0112983
-0.00360687
0.0323227
0.0883602
0.155974
0.229111
0.305319
0.383946
0.464228
0.545141
0.621702
0.682949
0.727121
0.759913
0.783155
0.796166
0.800932
0.801842
0.801957
0.801947
-0.0422568
-0.0344769
0.00246102
0.0610125
0.131842
0.208804
0.289262
0.372478
0.457612
0.543509
0.624797
0.689744
0.736488
0.771094
0.795489
0.809028
0.814094
0.815065
0.815179
0.81517
-0.0705573
-0.0627045
-0.0249146
0.0358169
0.109439
0.189778
0.274041
0.361445
0.451083
0.541718
0.627596
0.696186
0.745462
0.781821
0.807274
0.821458
0.826787
0.827883
0.827991
0.827977
-0.0969876
-0.0890403
-0.0504402
0.0121156
0.0882724
0.171627
0.259309
0.35054
0.444385
0.539549
0.629918
0.702105
0.753875
0.791926
0.818407
0.833174
0.838748
0.839948
0.840035
0.840002
-0.122026
-0.113962
-0.0745977
-0.0104932
0.0679801
0.154032
0.244812
0.339554
0.43733
0.536824
0.631601
0.707392
0.761633
0.801319
0.828735
0.843958
0.849705
0.850968
0.85103
0.850973
-0.146065
-0.13784
-0.0976548
-0.0322331
0.0483183
0.136782
0.230368
0.328325
0.429768
0.533407
0.632544
0.711988
0.768724
0.809987
0.838231
0.853719
0.85956
0.860837
0.860861
0.86078
-0.169278
-0.160888
-0.120153
-0.0532515
0.0291224
0.119748
0.21586
0.316753
0.421602
0.529198
0.632658
0.715846
0.775156
0.817965
0.846875
0.86248
0.868319
0.869559
0.869548
0.869448
-0.19185
-0.183274
-0.141897
-0.0737064
0.0102932
0.10285
0.201227
0.304784
0.412782
0.524128
0.631862
0.718934
0.780979
0.825397
0.854852
0.870389
0.87607
0.877234
0.87719
0.877071
-0.213848
-0.205117
-0.163022
-0.0936789
-0.00821768
0.0860602
0.186459
0.292411
0.403275
0.518146
0.630084
0.721213
0.786264
0.832429
0.862335
0.877609
0.882953
0.883969
0.883882
0.88375
-0.235309
-0.226394
-0.183633
-0.113197
-0.0264206
0.0693814
0.171563
0.279649
0.393107
0.511248
0.627269
0.722624
0.791041
0.839232
0.869584
0.884337
0.889104
0.889869
0.889726
0.889584
-0.2562
-0.247116
-0.203654
-0.132239
-0.044292
0.0528373
0.156591
0.266549
0.382323
0.503435
0.62336
0.723088
0.795296
0.845953
0.876912
0.890891
0.894706
0.895026
0.894808
0.894677
-0.276495
-0.267229
-0.223092
-0.150783
-0.0618055
0.0364856
0.141594
0.253182
0.370978
0.494762
0.618325
0.722496
0.798938
0.852664
0.884688
0.89784
0.900224
0.899639
0.899236
0.899171
-0.296195
-0.286736
-0.241944
-0.16881
-0.0789265
0.0203875
0.126653
0.239631
0.359158
0.485279
0.612178
0.720728
0.801797
0.859289
0.893171
0.905982
0.906659
0.90435
0.903275
0.90338
-0.31524
-0.30559
-0.260175
-0.186289
-0.0955969
0.0045887
0.111841
0.225976
0.346965
0.475079
0.604932
0.717652
0.803646
0.865558
0.902262
0.915982
0.915698
0.91121
0.908149
0.90728
-0.333662
-0.323828
-0.277777
-0.203227
-0.111847
-0.0109265
0.097137
0.212192
0.334375
0.464134
0.596523
0.71305
0.804192
0.871135
0.911467
0.927783
0.92886
0.923229
0.915349
0.900454
-0.351491
-0.341452
-0.294853
-0.219804
-0.127916
-0.0264543
0.0821727
0.197834
0.320863
0.451839
0.586326
0.706287
0.802794
0.875646
0.919867
0.939737
0.943798
0.935729
0.926499
0.882444
-0.368987
-0.358077
-0.31131
-0.235895
-0.143725
-0.041908
0.0671062
0.183103
0.306627
0.438365
0.574345
0.697096
0.798447
0.878169
0.925104
0.945496
0.94892
0.942235
0.89068
0.83137
-0.387134
-0.372651
-0.326914
-0.25135
-0.159484
-0.0575235
0.0516676
0.167994
0.291647
0.423679
0.560423
0.685102
0.789744
0.878349
0.924199
0.931214
0.93539
0.899081
0.832502
0.768236
-0.405043
-0.407663
-0.347716
-0.263845
-0.171923
-0.0703574
0.0364855
0.153171
0.276668
0.408568
0.545191
0.670504
0.776164
0.877569
0.886758
0.900827
0.874342
0.807912
0.73169
0.661005
-0.381007
-0.379652
-0.320751
-0.237136
-0.140121
-0.0353391
0.0764401
0.19582
0.32267
0.458862
0.590636
0.704867
0.801084
0.898162
0.903056
0.799345
0.711744
0.64187
0.567533
0.425456
-0.42101
-0.395008
-0.333242
-0.248754
-0.1522
-0.0474621
0.0637593
0.182597
0.308645
0.443578
0.573287
0.684843
0.771973
0.834885
0.800579
0.664627
0.541608
0.457289
0.372181
0.211006
-0.444799
-0.414067
-0.351444
-0.267552
-0.170876
-0.0663007
0.0451544
0.163262
0.288071
0.420905
0.547473
0.653682
0.731866
0.759658
0.676909
0.510099
0.368495
0.263426
0.147491
-0.0846283
-0.467984
-0.434964
-0.371193
-0.286634
-0.189892
-0.0854189
0.0256941
0.142905
0.266223
0.396487
0.51883
0.617768
0.684209
0.67646
0.538188
0.348895
0.176276
0.0332417
-0.127038
-0.50668
-0.490204
-0.456372
-0.391587
-0.306136
-0.209316
-0.105048
0.00541474
0.12159
0.24319
0.37046
0.48767
0.578208
0.62605
0.588597
0.402999
0.194357
-0.0193575
-0.198163
-0.444503
-0.985698
-0.512233
-0.478361
-0.41291
-0.326873
-0.229903
-0.125875
-0.0160619
0.0989668
0.218608
0.342471
0.453935
0.536047
0.563738
0.475935
0.279084
0.0639036
-0.153076
-0.353087
-0.519508
-1.10105
-0.535205
-0.501271
-0.435449
-0.349091
-0.252009
-0.148197
-0.039011
0.0748222
0.192335
0.312463
0.417818
0.490216
0.492748
0.362134
0.172213
-0.032709
-0.220111
-0.348721
-0.382269
-0.428949
-0.559542
-0.525559
-0.459522
-0.37307
-0.276065
-0.172643
-0.0642696
0.0480709
0.163025
0.278715
0.377514
0.436657
0.416869
0.257327
0.0754517
-0.104612
-0.249832
-0.311589
-0.334273
-0.339995
-0.585595
-0.5514
-0.485221
-0.398796
-0.302045
-0.199209
-0.0919259
0.0185861
0.130551
0.241155
0.332665
0.376442
0.341228
0.159693
-0.0128816
-0.170969
-0.280796
-0.30742
-0.308561
-0.308944
-0.613455
-0.578946
-0.512596
-0.426261
-0.329917
-0.227904
-0.121983
-0.0136384
0.0948788
0.199849
0.282977
0.314201
0.246922
0.0702585
-0.0935605
-0.233037
-0.27991
-0.294148
-0.295407
-0.295003
-0.643018
-0.608136
-0.541615
-0.455459
-0.359675
-0.258703
-0.154428
-0.048611
0.0560375
0.154874
0.229023
0.246145
0.148553
-0.0122847
-0.161901
-0.271811
-0.285363
-0.285102
-0.286163
-0.28583
-0.673827
-0.638769
-0.572099
-0.486224
-0.39119
-0.291509
-0.189188
-0.0862724
0.0141378
0.106443
0.171769
0.171317
0.0634128
-0.0851237
-0.216082
-0.255594
-0.277333
-0.280484
-0.280764
-0.280505
-0.705538
-0.670167
-0.603696
-0.518265
-0.42421
-0.326099
-0.226053
-0.126408
-0.0305895
0.0550955
0.110889
0.0990001
-0.0152629
-0.145163
-0.251325
-0.292061
-0.280328
-0.276873
-0.276364
-0.276133
-0.737219
-0.701872
-0.635866
-0.55109
-0.458298
-0.362083
-0.264668
-0.168649
-0.0777844
0.00157276
0.0464215
0.0328242
-0.0851771
-0.1906
-0.269795
-0.267395
-0.271988
-0.2731
-0.273148
-0.273001
-0.767878
-0.733049
-0.667486
-0.58398
-0.492818
-0.398894
-0.30449
-0.212411
-0.12681
-0.0535567
-0.0157322
-0.0337458
-0.14279
-0.230008
-0.256468
-0.276732
-0.274091
-0.272098
-0.271095
-0.270745
-0.795933
-0.762074
-0.697711
-0.61588
-0.526884
-0.435727
-0.344785
-0.256941
-0.176692
-0.10961
-0.0725314
-0.105204
-0.189403
-0.252865
-0.263521
-0.269408
-0.272573
-0.272752
-0.27251
-0.272053
-0.8197
-0.787301
-0.724828
-0.645543
-0.559368
-0.471559
-0.384584
-0.301309
-0.226285
-0.165457
-0.129031
-0.166778
-0.230216
-0.270398
-0.301856
-0.289896
-0.283045
-0.282304
-0.281664
-0.281063
-0.836888
-0.806628
-0.746898
-0.671263
-0.588892
-0.505187
-0.422743
-0.344424
-0.27452
-0.21958
-0.186703
-0.216947
-0.262449
-0.305879
-0.306135
-0.29895
-0.297448
-0.295892
-0.294367
-0.293959
-0.845174
-0.817581
-0.762052
-0.691176
-0.613843
-0.535274
-0.458068
-0.385052
-0.320321
-0.27047
-0.237758
-0.259138
-0.287239
-0.326485
-0.31226
-0.301959
-0.296556
-0.294113
-0.293449
-0.293485
-0.841618
-0.818307
-0.768469
-0.703534
-0.632635
-0.560346
-0.489206
-0.421969
-0.362493
-0.316837
-0.278772
-0.288045
-0.288286
-0.327348
-0.31055
-0.292873
-0.288505
-0.286395
-0.285654
-0.28511
-0.822903
-0.805553
-0.764316
-0.707056
-0.644011
-0.579163
-0.514927
-0.453883
-0.399801
-0.35778
-0.320739
-0.295389
-0.236967
-0.211621
-0.231174
-0.250794
-0.271483
-0.277563
-0.27928
-0.279354
-0.790638
-0.778671
-0.748217
-0.701165
-0.647351
-0.591094
-0.534322
-0.479655
-0.43099
-0.392961
-0.3552
-0.305028
-0.217187
-0.108338
-0.152621
-0.237254
-0.278422
-0.294588
-0.299916
-0.30154
-0.749469
-0.742047
-0.723055
-0.687389
-0.643607
-0.596327
-0.54712
-0.498605
-0.454814
-0.421017
-0.394722
-0.369412
-0.356603
-0.373587
-0.42265
-0.414834
-0.394057
-0.382356
-0.381028
-0.38141
-0.707816
-0.703635
-0.693492
-0.669976
-0.635563
-0.596248
-0.553823
-0.510566
-0.469877
-0.438961
-0.415472
-0.446308
-0.544441
-0.680078
-0.645755
-0.530123
-0.480806
-0.460619
-0.450405
-0.446371
-0.674446
-0.672256
-0.666946
-0.651955
-0.626199
-0.592922
-0.555876
-0.515768
-0.475925
-0.44096
-0.421294
-0.415916
-0.416288
-0.404032
-0.363844
-0.35317
-0.37943
-0.393167
-0.391773
-0.394516
-0.650194
-0.649181
-0.647204
-0.638971
-0.619064
-0.590143
-0.555116
-0.51586
-0.473062
-0.429518
-0.401408
-0.357809
-0.332558
-0.341165
-0.43497
-0.559227
-0.635857
-0.597176
-0.517425
-0.480572
-0.634601
-0.63413
-0.63335
-0.629368
-0.615196
-0.588631
-0.553443
-0.512628
-0.46603
-0.416558
-0.377303
-0.347135
-0.273163
-0.202396
-0.132605
-0.085955
-0.104407
-0.121695
-0.113641
-0.100988
-0.625131
-0.624951
-0.62443
-0.62317
-0.613797
-0.588475
-0.552087
-0.50759
-0.456745
-0.396826
-0.340749
-0.284952
-0.164193
9.55207e-05
0.134235
0.206486
0.226827
0.251028
0.283522
0.299126
-0.618581
-0.618584
-0.618494
-0.618685
-0.612776
-0.589889
-0.55153
-0.503148
-0.445324
-0.375408
-0.297755
-0.208857
-0.0498122
0.138661
0.300544
0.426576
0.535695
0.655609
0.749556
0.790281
-0.613118
-0.613148
-0.613108
-0.613065
-0.610406
-0.591787
-0.552728
-0.500088
-0.435407
-0.357612
-0.260005
-0.162505
0.045471
0.315835
0.604178
0.86576
1.08735
1.25286
1.35163
1.38622
-0.60922
-0.609122
-0.608617
-0.607095
-0.605687
-0.594852
-0.556313
-0.499562
-0.430527
-0.343612
-0.240531
-0.13878
0.0601483
0.363835
0.719716
1.05133
1.32329
1.49725
1.57817
1.5999
-0.608604
-0.609359
-0.611295
-0.614379
-0.616909
-0.60488
-0.562849
-0.504356
-0.43265
-0.342031
-0.239238
-0.133439
0.0137528
0.318481
0.643464
0.935583
1.17267
1.31449
1.37536
1.3899
-0.60942
-0.610837
-0.614287
-0.621531
-0.628365
-0.611632
-0.569253
-0.514868
-0.44232
-0.349472
-0.250693
-0.150533
-0.0359831
0.201538
0.471423
0.700563
0.878245
0.978529
1.0198
1.02859
-0.633684
-0.633816
-0.626227
-0.598712
-0.566176
-0.562554
-0.565638
-0.531626
-0.458842
-0.364612
-0.268439
-0.177756
-0.0929326
0.0803685
0.285488
0.45316
0.579725
0.647573
0.673885
0.678254
-0.684004
-0.681565
-0.66499
-0.619609
-0.572504
-0.571097
-0.59909
-0.564316
-0.481729
-0.381158
-0.288576
-0.211064
-0.148219
-0.0214081
0.123151
0.240026
0.325357
0.369216
0.385255
0.387384
-0.775587
-0.780498
-0.80863
-0.847777
-0.852326
-0.821599
-0.758146
-0.633131
-0.51076
-0.397134
-0.306142
-0.236815
-0.185338
-0.0966331
-0.00108707
0.0734294
0.123015
0.147078
0.155955
0.155897
-0.931994
-0.957934
-1.01783
-1.07292
-1.08603
-1.04061
-0.899121
-0.700722
-0.533636
-0.405761
-0.315796
-0.254617
-0.211229
-0.148349
-0.0946339
-0.0560914
-0.0346446
-0.0252549
-0.022394
-0.0221781
-0.993859
-1.01956
-1.0628
-1.10052
-1.10994
-1.0609
-0.90565
-0.69623
-0.523236
-0.396043
-0.313803
-0.261353
-0.223972
-0.18364
-0.153356
-0.138167
-0.135192
-0.136549
-0.135248
-0.13442
-0.85779
-0.878862
-0.915225
-0.951348
-0.962457
-0.914103
-0.764525
-0.601135
-0.463007
-0.361095
-0.29725
-0.260452
-0.234474
-0.205427
-0.184136
-0.176262
-0.176442
-0.176877
-0.175197
-0.174495
-0.54625
-0.56373
-0.597107
-0.63516
-0.655593
-0.627912
-0.545381
-0.450807
-0.368456
-0.305837
-0.267811
-0.251596
-0.240728
-0.214202
-0.191713
-0.176942
-0.169821
-0.165724
-0.16336
-0.163258
-0.192551
-0.202997
-0.225546
-0.258718
-0.291345
-0.308182
-0.305492
-0.287962
-0.264402
-0.239908
-0.226758
-0.228992
-0.230787
-0.202812
-0.174579
-0.154695
-0.141893
-0.135054
-0.133027
-0.133767
0.0597887
0.0545296
0.0389489
0.00934952
-0.0339577
-0.0814858
-0.122083
-0.151374
-0.167036
-0.172126
-0.176499
-0.186492
-0.189887
-0.166242
-0.143096
-0.125963
-0.113432
-0.107235
-0.106106
-0.107168
0.17671
0.173393
0.161814
0.136207
0.0939441
0.0399754
-0.013922
-0.0588602
-0.0907733
-0.110395
-0.12056
-0.126874
-0.125729
-0.112627
-0.102632
-0.0948785
-0.0883918
-0.0852286
-0.0849912
-0.0860485
0.203002
0.200761
0.192282
0.17254
0.138658
0.0939394
0.0453155
-3.74398e-05
-0.0359841
-0.0590188
-0.0679755
-0.0661508
-0.057631
-0.0611141
-0.0642743
-0.0663011
-0.0664024
-0.0664981
-0.0671742
-0.0682606
0.187949
0.186517
0.180758
0.166961
0.142756
0.109639
0.071235
0.0337397
0.00205881
-0.018687
-0.0232738
-0.0151201
-0.00739395
-0.0187395
-0.0332156
-0.0437022
-0.050088
-0.0540091
-0.0559092
-0.0567844
0.158859
0.158065
0.154422
0.145372
0.129056
0.105987
0.0779099
0.0492953
0.0244458
0.00906686
0.00805008
0.0170039
0.0223268
0.00671144
-0.0118846
-0.026721
-0.0374983
-0.0443976
-0.0471079
-0.047627
0.126836
0.126577
0.124448
0.118822
0.108301
0.0929064
0.0734945
0.05328
0.0354932
0.025567
0.0276963
0.036161
0.0376624
0.0220286
0.00367113
-0.0117262
-0.0236654
-0.0315044
-0.0341992
-0.0344334
0.0962476
0.0960673
0.0949265
0.091597
0.0851062
0.0753079
0.062609
0.0492628
0.0378277
0.0329648
0.0386665
0.0485058
0.0483056
0.0328494
0.0166412
0.00332929
-0.00651269
-0.0127018
-0.0147454
-0.0149872
0.0677306
0.0677271
0.0671694
0.0653576
0.0616169
0.0557148
0.0479237
0.0397595
0.0332808
0.0323546
0.040957
0.0538607
0.056772
0.0400445
0.0257869
0.0158187
0.00953009
0.00613417
0.00481749
0.00442555
0.0413808
0.041456
0.0412591
0.0404144
0.0385534
0.0354428
0.0312326
0.0268631
0.0236959
0.0247817
0.0337219
0.0472853
0.0503389
0.0351149
0.0246597
0.0203321
0.0177128
0.0170754
0.0161792
0.0154988
0.0169966
0.0171345
0.0171595
0.0170344
0.0166267
0.0157383
0.0143159
0.0126046
0.0111571
0.0108516
0.0137075
0.0195281
0.0220259
0.0214001
0.0144554
0.0118631
0.0130119
0.0133343
0.0132575
0.0122067
-0.704286
-0.142711
0.176191
0.389242
0.551309
0.674046
0.771556
0.855014
0.962648
0.9615
0.0975267
0.243439
0.402274
0.538061
0.649355
0.739099
0.812849
0.869215
0.89232
0.896673
0.357817
0.456059
0.56215
0.654233
0.732513
0.797592
0.84948
0.886036
0.908942
0.926167
0.542488
0.610123
0.68331
0.748958
0.805677
0.853329
0.891703
0.921192
0.94452
0.963304
0.681161
0.731697
0.782814
0.831916
0.874824
0.911781
0.942849
0.968397
0.989899
1.0083
0.7936
0.830469
0.87144
0.909929
0.944822
0.975698
1.00251
1.02507
1.04408
1.0619
0.89041
0.920405
0.955563
0.988518
1.01925
1.04706
1.07141
1.09185
1.10846
1.12584
0.979472
1.00782
1.04109
1.07258
1.10203
1.1287
1.15185
1.17088
1.18527
1.2024
1.0696
1.1005
1.13551
1.16804
1.19779
1.22418
1.2466
1.26449
1.27702
1.29427
1.17303
1.20871
1.24657
1.28063
1.31054
1.33614
1.35731
1.37387
1.38541
1.40324
1.30205
1.34106
1.37916
1.41218
1.44008
1.46359
1.48315
1.49861
1.51041
1.52865
1.4631
1.4991
1.53115
1.55789
1.58067
1.60114
1.61972
1.63573
1.64942
1.66729
1.64774
1.67278
1.69263
1.71112
1.72876
1.74548
1.76134
1.77732
1.79443
1.81357
1.8344
1.84524
1.85795
1.87249
1.88609
1.89816
1.90905
1.92039
1.93579
1.95522
2.01628
2.02971
2.03476
2.03578
2.03774
2.0451
2.0588
2.07639
2.09013
2.10146
2.28514
2.23455
2.18708
2.1555
2.14244
2.14699
2.17023
2.21528
2.28198
2.37609
0.757253
0.754246
0.748189
0.737266
0.72478
0.713477
0.704429
0.697688
0.693245
0.691381
0.692646
0.696663
0.70285
0.711151
0.721664
0.733991
0.74635
0.755066
0.75958
0.761747
0.685548
0.692196
0.697446
0.701067
0.702186
0.700559
0.697117
0.693342
0.690382
0.689105
0.690225
0.693297
0.697412
0.701657
0.704701
0.705241
0.70293
0.698558
0.692266
0.686442
0.67542
0.678383
0.68175
0.684244
0.686011
0.687204
0.687444
0.686716
0.68568
0.685266
0.686171
0.687949
0.689649
0.69046
0.690063
0.688825
0.686936
0.684074
0.680744
0.678456
0.669346
0.670771
0.672988
0.675266
0.676997
0.678202
0.679109
0.679717
0.680019
0.680375
0.68112
0.681927
0.682309
0.682137
0.681539
0.680417
0.678622
0.676409
0.674665
0.673581
0.663948
0.664767
0.666236
0.668018
0.669768
0.671257
0.672414
0.673382
0.674256
0.675077
0.675803
0.67623
0.676278
0.675953
0.675166
0.673911
0.672411
0.670906
0.669895
0.669228
0.658848
0.659403
0.660491
0.661914
0.663438
0.664959
0.666375
0.667616
0.668753
0.669832
0.670663
0.67107
0.671055
0.670596
0.669753
0.668701
0.667562
0.666504
0.665822
0.665353
0.653915
0.654331
0.655202
0.656422
0.657766
0.659195
0.660674
0.66213
0.66351
0.664816
0.665821
0.666317
0.66631
0.665893
0.66522
0.664418
0.663557
0.662775
0.662278
0.66192
0.649079
0.649406
0.650126
0.651199
0.652452
0.653819
0.655293
0.65686
0.658462
0.660029
0.661262
0.661913
0.662048
0.661824
0.661377
0.660789
0.660152
0.659587
0.659219
0.658933
0.644251
0.644516
0.64513
0.646104
0.6473
0.648638
0.650134
0.651792
0.653588
0.655443
0.65697
0.657879
0.658267
0.658289
0.658074
0.657711
0.657277
0.656888
0.656617
0.65638
0.639337
0.639558
0.640099
0.641014
0.642176
0.643522
0.645077
0.64686
0.648871
0.651047
0.652951
0.654215
0.654922
0.655225
0.655258
0.655131
0.654893
0.654657
0.654461
0.654259
0.634247
0.634435
0.634926
0.635812
0.636979
0.638374
0.640028
0.641986
0.644267
0.646833
0.649202
0.650902
0.651985
0.652611
0.652923
0.65303
0.652993
0.652897
0.652763
0.652585
0.628885
0.629049
0.629512
0.630399
0.631611
0.6331
0.634902
0.637095
0.639721
0.642774
0.645709
0.647929
0.649453
0.650449
0.651072
0.651426
0.651606
0.651639
0.651556
0.651395
0.623154
0.6233
0.623753
0.62467
0.625969
0.627597
0.62961
0.632112
0.635176
0.638834
0.642453
0.645293
0.647336
0.648757
0.649732
0.650386
0.650779
0.650934
0.650895
0.650743
0.616939
0.617072
0.617531
0.618509
0.619938
0.62176
0.624056
0.626954
0.630571
0.634971
0.639419
0.643001
0.645657
0.647574
0.648952
0.649936
0.650569
0.650848
0.650848
0.650702
0.610109
0.610232
0.610711
0.61178
0.613387
0.61547
0.61813
0.621532
0.625837
0.631146
0.636595
0.641062
0.644445
0.646949
0.648793
0.650155
0.651055
0.651463
0.651498
0.651354
0.602511
0.602615
0.603128
0.604323
0.606163
0.608579
0.611704
0.615743
0.620899
0.627316
0.63397
0.639492
0.643732
0.646929
0.649334
0.651133
0.652331
0.652874
0.652942
0.652794
0.593904
0.594024
0.59458
0.595942
0.598069
0.60091
0.604628
0.609462
0.61567
0.623439
0.63154
0.638315
0.643567
0.647577
0.650656
0.652966
0.654498
0.655182
0.655279
0.655125
0.584022
0.584147
0.584794
0.586361
0.588868
0.592259
0.596722
0.602551
0.61006
0.619473
0.629307
0.63756
0.644007
0.648974
0.652837
0.655743
0.657655
0.658488
0.65861
0.658446
0.572546
0.572674
0.573439
0.575279
0.578266
0.582359
0.587766
0.594848
0.60397
0.615382
0.62728
0.637269
0.645108
0.651198
0.655961
0.65957
0.661898
0.662881
0.663024
0.662845
0.558978
0.559123
0.560051
0.562253
0.565865
0.570866
0.577493
0.586169
0.597302
0.61114
0.625479
0.63749
0.646924
0.654309
0.660129
0.664527
0.6673
0.668427
0.668579
0.668383
0.542651
0.542836
0.543997
0.546693
0.55114
0.557355
0.565585
0.576315
0.589967
0.606744
0.623943
0.638271
0.649523
0.658373
0.665379
0.670663
0.673892
0.675141
0.675291
0.675075
0.522606
0.52287
0.524384
0.527786
0.5334
0.541287
0.551683
0.565104
0.581924
0.602237
0.622745
0.639682
0.652961
0.663441
0.671738
0.677979
0.681639
0.682968
0.683098
0.682861
0.497396
0.497808
0.499881
0.504363
0.51172
0.522018
0.535429
0.552417
0.573214
0.597733
0.621998
0.641805
0.657275
0.669528
0.679217
0.686405
0.690416
0.691759
0.691846
0.691591
0.464665
0.465383
0.46844
0.474774
0.484939
0.498883
0.516577
0.538291
0.564012
0.593434
0.621863
0.644737
0.662511
0.676596
0.687741
0.695777
0.69998
0.701244
0.701268
0.701
0.420212
0.421661
0.426826
0.436814
0.451876
0.471472
0.495215
0.523039
0.554684
0.589653
0.622541
0.648578
0.668697
0.684614
0.697157
0.705814
0.709955
0.711032
0.71098
0.71071
0.356172
0.360735
0.371538
0.388758
0.412167
0.440225
0.472042
0.507352
0.545786
0.586756
0.624231
0.653408
0.675796
0.69343
0.7071
0.716025
0.719804
0.720568
0.72044
0.720187
0.280064
0.288324
0.30804
0.336002
0.37012
0.407682
0.44814
0.49139
0.537122
0.584777
0.627641
0.660666
0.685857
0.705495
0.720335
0.729235
0.732554
0.733115
0.73303
0.732895
0.203731
0.217388
0.246367
0.284863
0.329127
0.376076
0.425181
0.476426
0.529527
0.583953
0.632297
0.669181
0.697109
0.718804
0.73463
0.74287
0.745375
0.745707
0.745656
0.7456
0.140307
0.157859
0.192568
0.23897
0.291498
0.346684
0.403745
0.46255
0.522713
0.583631
0.637138
0.67759
0.707943
0.731093
0.747085
0.754946
0.757175
0.757511
0.757523
0.757503
0.0882901
0.107923
0.14713
0.199388
0.258378
0.320364
0.384304
0.449902
0.516597
0.583639
0.642045
0.685834
0.7184
0.742887
0.759332
0.767019
0.769034
0.769375
0.76945
0.769459
0.0447288
0.0656221
0.108186
0.165095
0.229425
0.297105
0.366974
0.438602
0.511267
0.584038
0.64712
0.69413
0.728884
0.754775
0.771771
0.779288
0.781418
0.78185
0.781961
0.782007
0.00731705
0.0290006
0.0742337
0.134914
0.20374
0.27634
0.351427
0.428468
0.506613
0.584773
0.652342
0.70251
0.739437
0.766714
0.784379
0.79225
0.794537
0.794983
0.795076
0.795141
-0.0256299
-0.00340344
0.0439896
0.107843
0.1805
0.257405
0.33716
0.419136
0.502381
0.585653
0.657555
0.710814
0.749905
0.778649
0.797138
0.805461
0.807906
0.80836
0.808458
0.808528
-0.0553576
-0.0327503
0.0164739
0.0830502
0.159043
0.239755
0.323718
0.410231
0.498253
0.586413
0.662537
0.71885
0.760095
0.790298
0.809577
0.818448
0.821014
0.821489
0.821557
0.821625
-0.0828783
-0.0598714
-0.00907787
0.0599051
0.138854
0.222961
0.310731
0.401423
0.493947
0.586825
0.667097
0.726418
0.769747
0.801358
0.821462
0.830799
0.833551
0.834006
0.834039
0.834098
-0.10872
-0.0853115
-0.0330853
0.0379316
0.119543
0.206694
0.297921
0.39248
0.489263
0.586705
0.671082
0.73339
0.778772
0.811699
0.832536
0.842246
0.845147
0.845585
0.845576
0.845616
-0.133351
-0.109481
-0.0561132
0.0168422
0.100822
0.190715
0.285096
0.38323
0.484028
0.58591
0.674381
0.7397
0.787101
0.821269
0.842724
0.85264
0.855613
0.856034
0.855976
0.855996
-0.15707
-0.132731
-0.0783632
-0.0035803
0.0825086
0.174871
0.272112
0.373544
0.478125
0.584323
0.676927
0.745332
0.794754
0.830038
0.851927
0.861959
0.864927
0.865311
0.865228
0.86522
-0.180072
-0.155247
-0.099849
-0.0234876
0.0644876
0.15906
0.258887
0.363349
0.471486
0.581865
0.678648
0.750276
0.801794
0.83813
0.860292
0.870251
0.873134
0.873476
0.87337
0.87334
-0.202464
-0.177153
-0.12071
-0.0429651
0.046698
0.143246
0.245397
0.352613
0.464051
0.578459
0.679481
0.754542
0.808336
0.845718
0.867957
0.877686
0.880381
0.880647
0.880511
0.880468
-0.224248
-0.198485
-0.141059
-0.0620456
0.0291222
0.127417
0.231641
0.341339
0.455806
0.574059
0.679356
0.758124
0.814493
0.852998
0.875142
0.884395
0.886781
0.886937
0.886776
0.886718
-0.24548
-0.219245
-0.160897
-0.0807254
0.0117716
0.111599
0.217654
0.329558
0.446781
0.568634
0.678207
0.760988
0.820339
0.860215
0.882134
0.890568
0.892419
0.892413
0.892236
0.892172
-0.266105
-0.239404
-0.180185
-0.0989904
-0.00532735
0.0958472
0.203493
0.317333
0.437016
0.562178
0.675947
0.763043
0.825894
0.867598
0.889359
0.896605
0.8975
0.897174
0.896989
0.896952
-0.286153
-0.258932
-0.198931
-0.116801
-0.0221203
0.0802135
0.189236
0.304749
0.426568
0.554725
0.672506
0.76415
0.831076
0.875298
0.897355
0.903267
0.902551
0.901413
0.901161
0.901284
-0.305533
-0.277842
-0.2171
-0.134129
-0.0385627
0.0647696
0.174948
0.291872
0.415538
0.546334
0.667832
0.764124
0.835685
0.883227
0.906551
0.91172
0.908973
0.905983
0.904781
0.904892
-0.324322
-0.296113
-0.234653
-0.150932
-0.0545875
0.0495934
0.160745
0.278831
0.404038
0.53708
0.661905
0.762758
0.839406
0.890967
0.916793
0.922916
0.919277
0.913254
0.90691
0.890834
-0.342458
-0.313736
-0.251724
-0.167413
-0.0704828
0.0343684
0.146227
0.265193
0.391589
0.526486
0.654244
0.759556
0.842005
0.898253
0.927573
0.936849
0.934544
0.926485
0.912379
0.927797
-0.360065
-0.330701
-0.268258
-0.183545
-0.0861715
0.0191495
0.131395
0.250978
0.378175
0.514432
0.644605
0.753842
0.842675
0.903983
0.935903
0.948182
0.947866
0.936687
0.875841
0.860932
-0.377721
-0.347635
-0.284013
-0.199011
-0.101071
0.00438415
0.116462
0.236441
0.364072
0.5011
0.632936
0.745101
0.840255
0.907186
0.936992
0.948684
0.939088
0.900567
0.833262
0.793079
-0.396086
-0.365499
-0.298587
-0.213547
-0.114811
-0.00979278
0.101818
0.22175
0.349349
0.486476
0.619031
0.733003
0.832131
0.906171
0.953239
0.923271
0.889909
0.822172
0.749376
0.705565
0.0301465
0.146681
0.270052
0.401729
0.537793
0.662515
0.767391
0.587739
-0.415933
-0.397085
-0.358968
-0.28739
-0.196075
-0.0958402
0.0125606
0.128012
0.250626
0.381172
0.516314
0.640475
0.744601
0.826348
0.878039
0.825679
0.67694
0.584485
0.512693
-0.432694
-0.419774
-0.375409
-0.302428
-0.210706
-0.11022
-0.00231864
0.112659
0.234434
0.363664
0.49673
0.617642
0.71565
0.784548
0.779418
0.667495
0.517324
0.407273
0.315614
-0.455019
-0.442452
-0.395164
-0.321172
-0.229443
-0.128647
-0.0207108
0.0939354
0.214777
0.342414
0.472424
0.588181
0.675069
0.726694
0.684838
0.517077
0.347196
0.21075
0.0905848
-0.477479
-0.464789
-0.415987
-0.340717
-0.248697
-0.147914
-0.0402931
0.0736122
0.193226
0.318789
0.445177
0.554822
0.634298
0.657283
0.567314
0.370573
0.170072
-0.0105205
-0.178516
-0.499149
-0.486976
-0.437433
-0.36106
-0.268682
-0.167938
-0.0607815
0.0522207
0.170403
0.293508
0.415709
0.518413
0.588124
0.571561
0.437967
0.234285
0.0138866
-0.19412
-0.381889
-0.52142
-0.509532
-0.459733
-0.382667
-0.290015
-0.189254
-0.0824984
0.0296442
0.146311
0.266767
0.384464
0.479228
0.534584
0.495965
0.31962
0.11982
-0.0924972
-0.290999
-0.413813
-0.453764
-0.545004
-0.533263
-0.483253
-0.405831
-0.313102
-0.212437
-0.106161
0.00498921
0.119888
0.237262
0.349825
0.436281
0.475292
0.412178
0.213744
0.0227168
-0.158587
-0.295044
-0.341675
-0.365331
-0.570037
-0.558426
-0.50826
-0.430665
-0.338017
-0.237662
-0.13206
-0.0221882
0.0905695
0.204317
0.310987
0.388919
0.406345
0.305219
0.118967
-0.0575154
-0.210997
-0.294918
-0.315282
-0.320625
-0.596837
-0.585225
-0.534876
-0.457185
-0.364746
-0.264885
-0.160218
-0.0519249
0.0583028
0.167916
0.267919
0.336939
0.324717
0.20242
0.030697
-0.1351
-0.255875
-0.300398
-0.300102
-0.301229
-0.62531
-0.613794
-0.563142
-0.485398
-0.393289
-0.294109
-0.190633
-0.0842224
0.0230793
0.128082
0.22084
0.279184
0.249607
0.105919
-0.0506468
-0.204756
-0.271633
-0.289338
-0.290373
-0.290077
-0.655307
-0.6438
-0.592958
-0.515224
-0.423561
-0.325285
-0.223251
-0.119059
-0.0150765
0.08488
0.170022
0.216115
0.18289
0.0222104
-0.124158
-0.240508
-0.29046
-0.283476
-0.283177
-0.283158
-0.686344
-0.674764
-0.624063
-0.546415
-0.455378
-0.358236
-0.257937
-0.156304
-0.0560183
0.0386062
0.115768
0.152347
0.104551
-0.0505409
-0.183977
-0.264321
-0.280392
-0.278543
-0.278393
-0.27808
-0.717903
-0.706266
-0.655853
-0.578565
-0.488371
-0.392635
-0.294399
-0.195675
-0.0994771
-0.0103571
0.0588778
0.0845073
0.0195295
-0.112463
-0.229452
-0.249753
-0.267354
-0.273698
-0.274331
-0.274129
-0.749015
-0.737411
-0.687509
-0.611006
-0.521978
-0.427994
-0.332185
-0.236721
-0.144945
-0.061584
0.00107908
0.0111356
-0.0541502
-0.16588
-0.247464
-0.296671
-0.279764
-0.274126
-0.272214
-0.27182
-0.77789
-0.767096
-0.7181
-0.642723
-0.555392
-0.46359
-0.370638
-0.278803
-0.19168
-0.114346
-0.0563749
-0.0562525
-0.120238
-0.207209
-0.272787
-0.283195
-0.27586
-0.272256
-0.27106
-0.270667
-0.80373
-0.793243
-0.74622
-0.672504
-0.587531
-0.49846
-0.408883
-0.321094
-0.238759
-0.16738
-0.114121
-0.114224
-0.179373
-0.23762
-0.270309
-0.269922
-0.275276
-0.276413
-0.276156
-0.275855
-0.8239
-0.814083
-0.769551
-0.69893
-0.617042
-0.53145
-0.44583
-0.362572
-0.285162
-0.219354
-0.17189
-0.167627
-0.224618
-0.271614
-0.281787
-0.294699
-0.291611
-0.290048
-0.288919
-0.288021
-0.836438
-0.827684
-0.786435
-0.719868
-0.642271
-0.561173
-0.48028
-0.40202
-0.329791
-0.269149
-0.226602
-0.216664
-0.260696
-0.297591
-0.310811
-0.302454
-0.299484
-0.297678
-0.296149
-0.29554
-0.838743
-0.83163
-0.794819
-0.733562
-0.661466
-0.586102
-0.510871
-0.43819
-0.371444
-0.315579
-0.275673
-0.258912
-0.28542
-0.313047
-0.335448
-0.31201
-0.297308
-0.290891
-0.289415
-0.289046
-0.828978
-0.823275
-0.792326
-0.738156
-0.673187
-0.604789
-0.536264
-0.469866
-0.408817
-0.357636
-0.319634
-0.290129
-0.282877
-0.275562
-0.311456
-0.288716
-0.2801
-0.280362
-0.280966
-0.280842
-0.803974
-0.799962
-0.776457
-0.732251
-0.676421
-0.616299
-0.555416
-0.495806
-0.440666
-0.394347
-0.359011
-0.31186
-0.258471
-0.18389
-0.152698
-0.211314
-0.25411
-0.275334
-0.282275
-0.284707
-0.767068
-0.764585
-0.749312
-0.716093
-0.671271
-0.62056
-0.567879
-0.51525
-0.4658
-0.424329
-0.393806
-0.352628
-0.297049
-0.231391
-0.219465
-0.277815
-0.310545
-0.324488
-0.330676
-0.33367
-0.724963
-0.723375
-0.715835
-0.693559
-0.659944
-0.61871
-0.574062
-0.528025
-0.483515
-0.445769
-0.419479
-0.404853
-0.427867
-0.548256
-0.651908
-0.625507
-0.517819
-0.448524
-0.426143
-0.421309
-0.687564
-0.686539
-0.683063
-0.67082
-0.646298
-0.613251
-0.575366
-0.53455
-0.493419
-0.455964
-0.433239
-0.419782
-0.476063
-0.521743
-0.515109
-0.4207
-0.388059
-0.402901
-0.41389
-0.414265
-0.660955
-0.660403
-0.658102
-0.65202
-0.634646
-0.607546
-0.573977
-0.536271
-0.495421
-0.454998
-0.423409
-0.381331
-0.372257
-0.355491
-0.394692
-0.491195
-0.585823
-0.635059
-0.565703
-0.501043
-0.641263
-0.640831
-0.639935
-0.637574
-0.626842
-0.604034
-0.572271
-0.534824
-0.492571
-0.446801
-0.402732
-0.375553
-0.330775
-0.292683
-0.306554
-0.361179
-0.394157
-0.432023
-0.395313
-0.333332
-0.629455
-0.629319
-0.628899
-0.627441
-0.622226
-0.602813
-0.571354
-0.532144
-0.486873
-0.434735
-0.382122
-0.349945
-0.280131
-0.155563
-0.0219523
0.108632
0.144777
0.123724
0.110236
0.110784
-0.621589
-0.621591
-0.621409
-0.621309
-0.618999
-0.603407
-0.57154
-0.529493
-0.478934
-0.420288
-0.352111
-0.288552
-0.186903
-0.0198027
0.135173
0.228139
0.287347
0.363671
0.447982
0.504162
-0.615797
-0.615888
-0.615967
-0.616087
-0.614829
-0.604389
-0.573181
-0.527913
-0.472174
-0.405479
-0.32279
-0.234833
-0.0954082
0.120214
0.351797
0.563866
0.738578
0.895011
1.02333
1.09344
-0.610701
-0.61074
-0.61051
-0.609785
-0.608933
-0.603683
-0.576419
-0.52869
-0.46785
-0.392634
-0.30095
-0.198235
-0.0593256
0.204379
0.523573
0.851463
1.14607
1.36501
1.49582
1.54947
-0.608497
-0.608686
-0.608853
-0.608817
-0.608304
-0.606933
-0.582709
-0.532073
-0.467548
-0.388366
-0.292715
-0.181697
-0.0615557
0.186105
0.529458
0.863649
1.15981
1.37364
1.48631
1.52531
-0.608091
-0.609159
-0.611287
-0.617024
-0.625141
-0.624398
-0.591849
-0.538606
-0.47495
-0.393471
-0.295549
-0.189839
-0.0966311
0.115736
0.419055
0.698012
0.938027
1.10194
1.18391
1.21096
-0.616737
-0.618059
-0.619235
-0.615942
-0.609074
-0.602076
-0.583113
-0.547975
-0.4893
-0.404968
-0.307871
-0.210506
-0.12051
0.023287
0.264251
0.480433
0.658212
0.774209
0.829345
0.84663
-0.656823
-0.656835
-0.651716
-0.620333
-0.559221
-0.525079
-0.558538
-0.565882
-0.511173
-0.422385
-0.324699
-0.235358
-0.159123
-0.0601607
0.117155
0.273754
0.399814
0.478346
0.514573
0.522912
-0.721273
-0.717519
-0.716842
-0.710723
-0.698383
-0.679098
-0.68068
-0.637639
-0.546375
-0.442279
-0.342007
-0.260251
-0.194775
-0.124203
0.000100017
0.107839
0.189841
0.238578
0.260172
0.266319
-0.856841
-0.856917
-0.893178
-0.955677
-0.99646
-0.98047
-0.912031
-0.754019
-0.595214
-0.460786
-0.354402
-0.277066
-0.220288
-0.164779
-0.0868002
-0.0216545
0.0236949
0.0481809
0.0577945
0.0602893
-0.98532
-0.994317
-1.03791
-1.0918
-1.12382
-1.10668
-1.01809
-0.814148
-0.616223
-0.463758
-0.355906
-0.286365
-0.23595
-0.193384
-0.146405
-0.113966
-0.0970287
-0.0898403
-0.0885112
-0.08717
-0.949941
-0.960259
-0.991813
-1.03046
-1.05542
-1.04016
-0.943146
-0.750047
-0.573168
-0.435252
-0.340561
-0.282493
-0.242737
-0.210908
-0.182599
-0.165361
-0.161459
-0.165189
-0.165038
-0.163247
-0.71412
-0.725711
-0.755105
-0.795492
-0.82691
-0.817831
-0.72884
-0.594705
-0.470131
-0.373063
-0.306326
-0.268581
-0.247812
-0.225082
-0.200161
-0.184971
-0.178418
-0.176383
-0.173997
-0.172711
-0.360249
-0.36868
-0.389534
-0.421814
-0.455469
-0.469523
-0.4448
-0.39623
-0.341179
-0.293756
-0.258765
-0.243648
-0.242224
-0.226537
-0.197677
-0.174541
-0.161074
-0.153724
-0.149864
-0.148981
-0.046832
-0.0515158
-0.0640659
-0.0892345
-0.12585
-0.163492
-0.193429
-0.210736
-0.21583
-0.209992
-0.203039
-0.20554
-0.215889
-0.201772
-0.173882
-0.150051
-0.133209
-0.12266
-0.118622
-0.118655
0.134661
0.131988
0.124028
0.103973
0.0678511
0.0170381
-0.0365387
-0.0818379
-0.114668
-0.134442
-0.144675
-0.15344
-0.16123
-0.148565
-0.130968
-0.116134
-0.104834
-0.0976725
-0.0952774
-0.0957858
0.198488
0.196801
0.191238
0.175456
0.144709
0.0992563
0.0467864
-0.00401757
-0.0454199
-0.0740416
-0.089607
-0.0959749
-0.094788
-0.0892104
-0.0841119
-0.0814518
-0.0782711
-0.0757398
-0.0750707
-0.0759359
0.198916
0.197923
0.194075
0.182714
0.159974
0.125403
0.0834535
0.0398609
0.00106769
-0.0279828
-0.0426014
-0.0424695
-0.0344048
-0.0336371
-0.0429043
-0.0511278
-0.0560981
-0.0586528
-0.0602795
-0.0614162
0.174373
0.17391
0.171454
0.163903
0.148374
0.124153
0.0933299
0.0594477
0.0281324
0.00415962
-0.00654095
-0.00204076
0.00866355
0.00357272
-0.0134358
-0.0287302
-0.0395953
-0.0467246
-0.0506809
-0.0519515
0.142895
0.142824
0.141379
0.136646
0.126552
0.110321
0.0888655
0.0644055
0.0410078
0.0233792
0.0172666
0.023426
0.0315353
0.0241097
0.00528244
-0.0119448
-0.0256026
-0.0353034
-0.0405749
-0.041665
0.111213
0.111233
0.110512
0.107738
0.101509
0.0911021
0.0768786
0.0602658
0.0442348
0.0326872
0.031025
0.0389762
0.0455703
0.0372833
0.0187163
0.0026214
-0.0104251
-0.0195719
-0.0243319
-0.0251578
0.0816175
0.0817784
0.0814063
0.0798628
0.0761914
0.0698074
0.0608535
0.0502497
0.0401191
0.0337625
0.0361483
0.0471345
0.0560038
0.0469024
0.0290359
0.0152659
0.00552957
-0.000878082
-0.00380776
-0.00454417
0.0541438
0.054311
0.0541843
0.0535116
0.0515786
0.0480226
0.0428612
0.0366958
0.0309386
0.0282446
0.032823
0.0449636
0.0560428
0.0479018
0.0332032
0.0226551
0.0167785
0.0135684
0.0123307
0.0116042
0.02884
0.0289998
0.029039
0.0288303
0.0280076
0.0263893
0.02394
0.0209417
0.0181965
0.0176445
0.0215092
0.0311464
0.0391427
0.0343027
0.0238759
0.0183337
0.0168649
0.017387
0.016999
0.0161768
0.0170904
0.0171505
0.0171296
0.0168704
0.0162523
0.0150992
0.0134667
0.0117824
0.0107305
0.0119461
0.0161839
0.0209187
0.0235801
0.0171557
0.0128364
0.0119245
0.0131917
0.0133901
0.0129423
0.0036345
-0.353083
-0.013882
0.201888
0.388756
0.539136
0.65806
0.752161
0.831998
0.890483
0.885752
0.138205
0.287866
0.426952
0.546532
0.648301
0.732748
0.802043
0.855969
0.888773
0.900806
0.396465
0.491349
0.583578
0.666497
0.738236
0.799113
0.84901
0.887162
0.914288
0.932989
0.573256
0.636496
0.703171
0.76433
0.816893
0.86218
0.900083
0.930733
0.955419
0.973223
0.708125
0.753774
0.805042
0.850218
0.891009
0.926871
0.957945
0.984229
1.00617
1.02156
0.81812
0.855163
0.895203
0.931633
0.965516
0.996267
1.02354
1.04697
1.06652
1.07929
0.914565
0.946584
0.980955
1.01386
1.04479
1.07329
1.09873
1.12043
1.13812
1.14851
1.00486
1.0359
1.06983
1.10287
1.13363
1.16172
1.18646
1.20717
1.2233
1.23184
1.09917
1.13381
1.17042
1.20567
1.23742
1.26554
1.2896
1.30927
1.324
1.33194
1.21171
1.25195
1.29107
1.32777
1.35946
1.38645
1.40896
1.42714
1.44077
1.44983
1.35537
1.398
1.43558
1.4692
1.49715
1.52088
1.54145
1.55882
1.57264
1.58375
1.53312
1.57068
1.59865
1.62295
1.64393
1.66319
1.68141
1.69854
1.71441
1.72892
1.73074
1.75175
1.76663
1.7824
1.79865
1.81394
1.82764
1.84089
1.85637
1.87472
1.92131
1.92848
1.93901
1.95054
1.96045
1.96964
1.97987
1.99096
2.00257
2.01142
2.13432
2.13609
2.12816
2.11164
2.10049
2.09991
2.11206
2.13666
2.17077
2.1953
2.55397
2.36008
2.25902
2.20114
2.17199
2.16536
2.18055
2.22137
2.29722
2.44017
-0.38034
-0.384825
-0.345173
-0.272374
-0.180271
-0.0791104
0.863175
0.9274
0.911669
0.824065
0.745526
0.669433
0.442267
0.222716
-0.0450218
-0.398979
-0.744771
)
;

boundaryField
{
    wall-4
    {
        type            zeroGradient;
    }
    pressure-outlet-7
    {
        type            fixedValue;
        value           uniform 0;
    }
    velocity-inlet-6
    {
        type            zeroGradient;
    }
    velocity-inlet-5
    {
        type            zeroGradient;
    }
    frontAndBackPlanes
    {
        type            empty;
    }
}


// ************************************************************************* //
