/*--------------------------------*- C++ -*----------------------------------*\
  =========                 |
  \\      /  F ield         | OpenFOAM: The Open Source CFD Toolbox
   \\    /   O peration     | Website:  https://openfoam.org
    \\  /    A nd           | Version:  9
     \\/     M anipulation  |
\*---------------------------------------------------------------------------*/
FoamFile
{
    format      ascii;
    class       volScalarField;
    location    "5";
    object      p;
}
// * * * * * * * * * * * * * * * * * * * * * * * * * * * * * * * * * * * * * //

dimensions      [0 2 -2 0 0 0 0];

internalField   nonuniform List<scalar> 
8800
(
0.5307
0.483269
0.445172
0.416886
0.396804
0.382798
0.373001
0.366213
0.361863
0.359938
0.360817
0.364279
0.370009
0.378329
0.390119
0.406934
0.430903
0.464134
0.506058
0.564669
0.360924
0.36897
0.377664
0.381873
0.381395
0.377425
0.371926
0.366578
0.362243
0.359401
0.35889
0.36108
0.364971
0.370066
0.375753
0.380812
0.383269
0.381581
0.37494
0.365333
0.339347
0.346085
0.351595
0.35549
0.357978
0.359073
0.358632
0.357233
0.355769
0.355077
0.355545
0.357035
0.358867
0.36009
0.359927
0.358163
0.355059
0.350384
0.344361
0.340698
0.340471
0.342816
0.346396
0.349494
0.351804
0.35285
0.353255
0.353067
0.352547
0.352218
0.352658
0.353537
0.354195
0.354277
0.353731
0.352165
0.349521
0.346084
0.342942
0.342008
0.341084
0.341539
0.342512
0.343666
0.344898
0.346194
0.347099
0.347558
0.347727
0.347866
0.348193
0.34853
0.348578
0.348153
0.347162
0.345967
0.344857
0.343775
0.343087
0.342904
0.33864
0.338873
0.33941
0.340074
0.340753
0.341387
0.341944
0.342399
0.342745
0.343056
0.343393
0.343628
0.343639
0.343415
0.34301
0.342474
0.341871
0.341287
0.340913
0.340826
0.335287
0.335382
0.335607
0.33595
0.33639
0.336908
0.337456
0.337985
0.338475
0.338944
0.339335
0.33954
0.339531
0.339339
0.339037
0.338706
0.338406
0.338166
0.338033
0.337994
0.331235
0.331292
0.331427
0.331631
0.331904
0.332252
0.332673
0.333157
0.333687
0.334252
0.334746
0.335052
0.33517
0.335155
0.335065
0.334944
0.334822
0.334717
0.334654
0.334631
0.32691
0.326947
0.327039
0.327188
0.327405
0.327704
0.328097
0.32859
0.329185
0.329867
0.3305
0.330935
0.331179
0.331286
0.331311
0.331292
0.331256
0.331219
0.331192
0.331178
0.322339
0.322362
0.322434
0.322558
0.322748
0.323028
0.323421
0.323953
0.324635
0.325466
0.326278
0.32688
0.327269
0.327503
0.327633
0.327698
0.327724
0.32773
0.327727
0.327718
0.317532
0.317554
0.31762
0.31774
0.317934
0.318229
0.318662
0.31927
0.320083
0.32111
0.322148
0.322949
0.323502
0.323863
0.324088
0.324222
0.324296
0.324332
0.324345
0.324339
0.312476
0.312495
0.312568
0.312701
0.312919
0.313259
0.313767
0.314494
0.315489
0.316772
0.318095
0.319143
0.319886
0.320383
0.320706
0.320906
0.321023
0.321086
0.321112
0.321108
0.307141
0.307161
0.307244
0.3074
0.30766
0.30807
0.308689
0.309586
0.310826
0.312442
0.314129
0.31548
0.316443
0.317102
0.317534
0.317806
0.317968
0.318058
0.318096
0.318093
0.301456
0.301479
0.301581
0.301772
0.302094
0.302604
0.303377
0.304501
0.306063
0.308108
0.310253
0.311978
0.313216
0.314066
0.314627
0.314982
0.315197
0.315317
0.315369
0.315365
0.295336
0.295364
0.295493
0.295734
0.29614
0.296784
0.297762
0.299187
0.301167
0.303763
0.306488
0.308682
0.31026
0.311344
0.312061
0.312517
0.312793
0.312947
0.313015
0.31301
0.288665
0.288701
0.288864
0.289173
0.289692
0.290515
0.291763
0.293579
0.296101
0.299402
0.30286
0.30564
0.30764
0.309015
0.309925
0.310504
0.310854
0.311051
0.311137
0.311132
0.281283
0.28133
0.281541
0.28194
0.282609
0.283668
0.285271
0.287598
0.290818
0.295018
0.299403
0.30292
0.305446
0.307181
0.308329
0.309059
0.309502
0.30975
0.309858
0.309852
0.272981
0.273042
0.273319
0.273839
0.274707
0.27608
0.278151
0.281144
0.285267
0.290613
0.296165
0.300603
0.303783
0.305966
0.30741
0.308328
0.308885
0.309197
0.309333
0.309325
0.263473
0.263556
0.263922
0.264606
0.265745
0.267537
0.270229
0.274096
0.279385
0.286191
0.29321
0.298793
0.302787
0.305527
0.307337
0.308489
0.309187
0.309578
0.309748
0.309737
0.252369
0.252483
0.252974
0.253886
0.255397
0.257761
0.261286
0.266308
0.273108
0.281767
0.290615
0.297617
0.302616
0.306045
0.308312
0.309755
0.31063
0.311121
0.311334
0.311319
0.239123
0.239285
0.239954
0.241192
0.243229
0.246388
0.25105
0.257611
0.266373
0.27737
0.288481
0.297222
0.303457
0.307739
0.310577
0.312387
0.313486
0.314103
0.314369
0.314351
0.222955
0.223193
0.224127
0.225847
0.228656
0.232956
0.239201
0.247834
0.259139
0.273061
0.286928
0.297775
0.305519
0.310859
0.314416
0.316696
0.318085
0.318863
0.319199
0.319176
0.202695
0.203053
0.2044
0.206891
0.210899
0.2169
0.225402
0.236844
0.251424
0.268942
0.286102
0.299452
0.309016
0.315669
0.320148
0.323047
0.324823
0.325817
0.326244
0.326217
0.176421
0.176967
0.179062
0.182928
0.188937
0.197581
0.20936
0.224605
0.243337
0.265174
0.286157
0.302403
0.314125
0.322402
0.328087
0.331844
0.334182
0.335495
0.336051
0.336019
0.140664
0.141626
0.145416
0.152024
0.161551
0.174401
0.190934
0.211236
0.235087
0.261939
0.287208
0.306694
0.320903
0.331163
0.338442
0.343455
0.346722
0.348633
0.349456
0.349405
0.0886208
0.0914993
0.0998586
0.112176
0.127903
0.147308
0.170462
0.19716
0.227008
0.259414
0.289274
0.312227
0.329181
0.341763
0.351087
0.357926
0.36282
0.366059
0.367692
0.367656
0.00831933
0.0225357
0.0420684
0.0646757
0.0898678
0.11807
0.149232
0.183145
0.219483
0.257789
0.292537
0.319295
0.339424
0.35487
0.366938
0.376511
0.384198
0.390277
0.394737
0.396044
-0.0767869
-0.0466941
-0.0152595
0.0178224
0.0527444
0.0896228
0.128566
0.169532
0.212359
0.256846
0.297092
0.328386
0.352383
0.371333
0.38669
0.399457
0.410248
0.419769
0.429054
0.430966
-0.136647
-0.104325
-0.0650061
-0.0237567
0.0191425
0.0636523
0.109669
0.157082
0.205798
0.255762
0.300665
0.335527
0.362286
0.383403
0.400409
0.414326
0.425874
0.435555
0.443519
0.445369
-0.181022
-0.146614
-0.103277
-0.057047
-0.00865896
0.0414758
0.0929949
0.145626
0.199192
0.253665
0.302319
0.339895
0.368506
0.390808
0.408493
0.422718
0.434334
0.443937
0.451778
0.453707
-0.213413
-0.178618
-0.132653
-0.0831416
-0.0310755
0.0230742
0.0787655
0.135498
0.192951
0.251071
0.302744
0.342433
0.37241
0.395537
0.413653
0.428043
0.439626
0.449072
0.456562
0.458487
-0.23838
-0.203385
-0.155956
-0.104119
-0.0492664
0.00793681
0.066767
0.126585
0.186965
0.247866
0.301955
0.343438
0.374624
0.398487
0.416996
0.431536
0.443128
0.452478
0.459734
0.461666
-0.258745
-0.223458
-0.174823
-0.121305
-0.0643965
-0.00488369
0.0563349
0.118444
0.180954
0.243935
0.300033
0.343222
0.375668
0.400365
0.419365
0.434143
0.445805
0.4551
0.462181
0.464129
-0.275979
-0.240202
-0.190499
-0.135568
-0.0770282
-0.0157545
0.0472192
0.110923
0.17482
0.239202
0.29699
0.341952
0.375891
0.40167
0.421362
0.436526
0.44836
0.457673
0.46465
0.466628
-0.290673
-0.254432
-0.203767
-0.147657
-0.0877424
-0.0250735
0.039169
0.103853
0.168426
0.233519
0.29271
0.339649
0.375493
0.402758
0.423455
0.439229
0.45137
0.460794
0.467708
0.4697
-0.303621
-0.266778
-0.215142
-0.157966
-0.0969015
-0.0331178
0.0320058
0.0971381
0.161675
0.226732
0.286994
0.336215
0.374558
0.403892
0.426052
0.442743
0.455384
0.465038
0.471971
0.473993
-0.314943
-0.277536
-0.225112
-0.166859
-0.104757
-0.0400516
0.0256382
0.0907365
0.154523
0.218679
0.27955
0.331416
0.373051
0.405263
0.429519
0.447562
0.460979
0.471029
0.478044
0.480099
-0.325189
-0.287115
-0.233808
-0.174569
-0.111502
-0.046012
0.0200168
0.0846658
0.146987
0.209208
0.270021
0.324883
0.370821
0.406989
0.43421
0.454191
0.468744
0.479409
0.486611
0.488726
-0.33449
-0.295758
-0.241488
-0.181296
-0.117278
-0.0510832
0.0151293
0.0789814
0.139124
0.198234
0.257995
0.316126
0.367588
0.409117
0.440449
0.463166
0.479332
0.490717
0.498395
0.500584
-0.343016
-0.303581
-0.248368
-0.187196
-0.122226
-0.0553282
0.0109808
0.0737816
0.13108
0.185724
0.243035
0.304496
0.362917
0.41161
0.448567
0.475042
0.493463
0.506094
0.514
0.516456
-0.350975
-0.310815
-0.254595
-0.192394
-0.126462
-0.0588281
0.0075785
0.0691714
0.123036
0.171742
0.224725
0.289224
0.356245
0.414377
0.4588
0.490308
0.511749
0.525944
0.53448
0.537021
-0.358585
-0.317472
-0.260279
-0.197017
-0.13007
-0.0616563
0.00491396
0.0652693
0.115231
0.156427
0.20269
0.269389
0.346857
0.417155
0.471337
0.509422
0.534873
0.551235
0.560672
0.563095
-0.365826
-0.323751
-0.265536
-0.201188
-0.133162
-0.063871
0.00296427
0.0621541
0.107932
0.140062
0.176627
0.243952
0.333908
0.419448
0.486244
0.532837
0.563349
0.582388
0.592805
0.594886
-0.372776
-0.329748
-0.27046
-0.204984
-0.135839
-0.065578
0.00170081
0.0598927
0.101392
0.123019
0.146369
0.211782
0.316034
0.420829
0.503428
0.56092
0.59785
0.619799
0.630848
0.632292
-0.379664
-0.335533
-0.275136
-0.208502
-0.138179
-0.0668581
0.00105604
0.0585404
0.0958533
0.105757
0.111801
0.171674
0.291846
0.420471
0.522571
0.593733
0.63909
0.664581
0.674571
0.673864
-0.386353
-0.34115
-0.279588
-0.211792
-0.140282
-0.0677884
0.0009541
0.0580713
0.0915334
0.0888209
0.0730117
0.122739
0.259222
0.418102
0.544419
0.629364
0.684748
0.7173
0.724959
0.716746
-0.393118
-0.346667
-0.283847
-0.214912
-0.142218
-0.0684648
0.00132548
0.058456
0.0885453
0.0725059
0.0291982
0.06052
0.214474
0.412126
0.566769
0.665999
0.730958
0.778012
0.794053
0.768152
-0.399879
-0.352024
-0.287934
-0.217983
-0.144124
-0.0689868
0.00206265
0.0596794
0.0869795
0.0567123
-0.0219856
-0.0236352
0.146848
0.402906
0.592099
0.700106
0.758545
0.79486
0.803988
0.762178
-0.406394
-0.357
-0.291682
-0.220986
-0.145936
-0.0693218
0.00308932
0.0617442
0.0871356
0.0426728
-0.0799235
-0.137394
0.0454002
0.381631
0.604906
0.706284
0.736939
0.736163
0.660145
0.603956
-0.411792
-0.361047
-0.29464
-0.223372
-0.147163
-0.0691815
0.00449243
0.0647178
0.08927
0.0310979
-0.144864
-0.296256
-0.119986
0.352563
0.617586
0.689549
0.688789
0.614945
0.503283
0.432593
-0.480696
-0.361644
-0.298148
-0.226085
-0.149025
-0.0697202
0.00630841
0.068912
0.0944756
0.0240383
-0.217323
-0.537069
-0.417537
0.205603
0.593419
0.617081
0.528884
0.417584
0.292457
0.223313
-0.382048
-0.363559
-0.30324
-0.230299
-0.151739
-0.0699676
0.00852247
0.074444
0.102211
0.0219251
-0.320348
-1.07788
-1.19938
-0.20016
0.245135
0.142836
0.0247645
-0.0561212
-0.156559
-0.0600263
-0.414334
-0.372278
-0.30857
-0.235227
-0.155166
-0.0716565
0.00991079
0.0794572
0.112468
0.0348071
-0.37274
-1.4935
-1.91656
-0.776348
-0.249616
-0.299294
-0.386878
-0.459555
-0.577597
-0.427622
-0.432181
-0.384157
-0.316979
-0.241861
-0.15992
-0.0742864
0.0103322
0.0839638
0.123473
0.0516025
-0.413503
-1.82482
-2.49838
-1.32831
-0.829439
-0.772734
-0.846827
-0.92423
-1.0868
-0.891088
-0.449649
-0.396521
-0.326296
-0.24865
-0.164642
-0.0766876
0.0108103
0.0888951
0.135841
0.0760255
-0.410638
-1.95312
-2.70416
-1.66344
-1.24789
-1.19768
-1.31915
-1.44941
-1.68592
-1.55431
-0.46539
-0.409158
-0.336188
-0.256068
-0.169821
-0.0794813
0.0110618
0.0939047
0.149291
0.108247
-0.339197
-1.79493
-2.4897
-1.74114
-1.47208
-1.50783
-1.70668
-1.95476
-2.30128
-2.61946
-0.480241
-0.422258
-0.34707
-0.264631
-0.17604
-0.0832227
0.0105718
0.0981352
0.162674
0.144709
-0.220585
-1.40127
-1.97982
-1.57645
-1.55228
-1.69411
-1.92043
-2.17413
-2.30543
-2.65755
-0.495546
-0.436249
-0.359239
-0.274587
-0.183697
-0.0882431
0.00880779
0.101305
0.175522
0.183181
-0.0744523
-0.889923
-1.34759
-1.29495
-1.49104
-1.8085
-2.03618
-2.06942
-2.12125
-2.20611
-0.511861
-0.451516
-0.372857
-0.286142
-0.192976
-0.0948685
0.00541531
0.102971
0.186466
0.221553
0.0766497
-0.387069
-0.750026
-0.96322
-1.3873
-1.91397
-2.31796
-2.07828
-2.05711
-2.18131
-0.529871
-0.468479
-0.388184
-0.299485
-0.204034
-0.10337
0.000198985
0.102387
0.194968
0.254771
0.207507
-8.26395e-05
-0.271456
-0.636322
-1.23226
-2.04423
-3.01621
-3.18652
-2.85873
-2.75849
-0.550285
-0.487595
-0.405585
-0.314845
-0.217175
-0.113911
-0.00730168
0.0991808
0.199755
0.281154
0.304277
0.24117
0.0404821
-0.341372
-0.990216
-2.0242
-3.37052
-3.85837
-3.45925
-3.16374
-0.573462
-0.509265
-0.425358
-0.332509
-0.232543
-0.126835
-0.017307
0.0933845
0.201127
0.298977
0.365641
0.373174
0.245647
-0.0497914
-0.548292
-1.28295
-2.03142
-2.31957
-2.1774
-2.01579
-0.599431
-0.533721
-0.447709
-0.352625
-0.25032
-0.142053
-0.0295966
0.0846209
0.198376
0.309001
0.40151
0.447412
0.394534
0.237843
-0.000481715
-0.283087
-0.481601
-0.557126
-0.517025
-0.489983
-0.628498
-0.561085
-0.472653
-0.375122
-0.27035
-0.159654
-0.0445344
0.0733802
0.19271
0.313187
0.421841
0.494228
0.504466
0.466611
0.405337
0.347779
0.3414
0.377066
0.406607
0.413896
-0.660291
-0.591037
-0.499975
-0.399945
-0.292627
-0.179233
-0.061194
0.0602057
0.184212
0.313005
0.434085
0.526872
0.581374
0.611624
0.637498
0.673746
0.723282
0.773724
0.804528
0.811153
-0.694144
-0.622897
-0.529218
-0.426396
-0.316326
-0.200221
-0.0793316
0.0454337
0.173956
0.310062
0.441033
0.549016
0.631206
0.697259
0.757972
0.818472
0.87707
0.926172
0.955183
0.96144
-0.728693
-0.655909
-0.559521
-0.453814
-0.340907
-0.221938
-0.0980812
0.0299218
0.16292
0.305037
0.444066
0.562083
0.658319
0.739085
0.809442
0.871764
0.925629
0.968646
0.995815
1.00228
-0.763167
-0.688562
-0.589489
-0.480873
-0.365048
-0.243292
-0.116621
0.0146068
0.151871
0.298945
0.443916
0.56729
0.669195
0.753869
0.824459
0.883119
0.931184
0.96937
0.995131
1.00175
-0.794993
-0.718776
-0.617428
-0.505916
-0.387395
-0.263095
-0.133761
0.000493605
0.141219
0.29264
0.440864
0.56647
0.669353
0.753462
0.821972
0.877518
0.922272
0.9579
0.981003
0.988123
-0.820642
-0.744265
-0.640725
-0.526827
-0.406143
-0.279731
-0.148244
-0.0117307
0.131435
0.285144
0.434558
0.559984
0.661598
0.743756
0.809988
0.863286
0.906119
0.940267
0.962492
0.969609
-0.836805
-0.761145
-0.65654
-0.541089
-0.418957
-0.291438
-0.158945
-0.0214942
0.122444
0.276448
0.424611
0.548082
0.64712
0.726808
0.790854
0.842324
0.883716
0.916703
0.938299
0.94555
-0.839347
-0.764805
-0.661198
-0.545503
-0.423495
-0.296321
-0.164623
-0.0282776
0.114244
0.266004
0.410722
0.530556
0.626067
0.702888
0.764735
0.81458
0.854834
0.886722
0.908066
0.915578
-0.822315
-0.751541
-0.65013
-0.536101
-0.416674
-0.292649
-0.164343
-0.0316653
0.1067
0.25339
0.392342
0.506607
0.597576
0.670925
0.730315
0.778451
0.817597
0.848512
0.869769
0.877517
-0.777527
-0.712822
-0.617272
-0.508884
-0.39551
-0.278024
-0.156649
-0.0310504
0.0999135
0.238341
0.368679
0.475126
0.559948
0.628679
0.684843
0.730778
0.768349
0.798635
0.82041
0.82814
-0.698978
-0.64357
-0.556958
-0.459518
-0.357116
-0.250811
-0.140481
-0.0257723
0.094173
0.22083
0.339346
0.435307
0.511464
0.573232
0.624169
0.666353
0.700924
0.728996
0.750671
0.758514
-0.580021
-0.539066
-0.466557
-0.385354
-0.299947
-0.209891
-0.115073
-0.0152605
0.0899978
0.201374
0.304889
0.387443
0.451774
0.502874
0.544273
0.57859
0.606787
0.628676
0.644006
0.649378
-0.399983
-0.38024
-0.337402
-0.284222
-0.223954
-0.156338
-0.0816426
0.000219213
0.0891599
0.185011
0.274653
0.345683
0.400071
0.442145
0.474609
0.499258
0.518334
0.534114
0.546273
0.549828
-0.223206
-0.217685
-0.200213
-0.174463
-0.139944
-0.0962547
-0.0429481
0.0198575
0.0918185
0.172147
0.248412
0.308574
0.353672
0.387129
0.41178
0.429932
0.442794
0.450852
0.455203
0.456265
-0.101973
-0.100607
-0.0949382
-0.0835908
-0.0658238
-0.0397979
-0.00422584
0.0415739
0.0974857
0.1626
0.225811
0.275693
0.312468
0.339071
0.357674
0.369885
0.377387
0.381825
0.384011
0.38433
-0.0284911
-0.0291104
-0.0282358
-0.0234034
-0.0132555
0.00333239
0.0276446
0.0608901
0.103656
0.155441
0.206769
0.247311
0.276724
0.297278
0.311096
0.320076
0.325535
0.328345
0.329316
0.3294
0.0133226
0.0130057
0.0133849
0.015988
0.0220859
0.0330832
0.0503255
0.0749399
0.10768
0.148438
0.189519
0.222071
0.245553
0.261878
0.272761
0.279579
0.283496
0.285483
0.286254
0.286361
0.0400694
0.0400505
0.0405691
0.0425772
0.0469195
0.0546368
0.0669883
0.0852333
0.11027
0.1422
0.174857
0.20082
0.219452
0.232221
0.240573
0.245773
0.2488
0.250363
0.25099
0.251086
0.0577624
0.0578298
0.0583303
0.0598852
0.0631276
0.0688726
0.0780962
0.0918503
0.111031
0.135922
0.161685
0.182238
0.196951
0.207006
0.213581
0.217663
0.220023
0.221242
0.221736
0.221812
0.0692671
0.0693747
0.06986
0.0711238
0.0736196
0.0779634
0.084938
0.0954208
0.110194
0.129589
0.149848
0.166067
0.177672
0.185583
0.190735
0.193927
0.195777
0.196738
0.197131
0.19719
0.0764125
0.0765172
0.0769349
0.0779475
0.0798937
0.0832386
0.0885824
0.0966271
0.108037
0.123141
0.139025
0.15178
0.160909
0.167125
0.171171
0.173676
0.175126
0.175878
0.176185
0.17623
0.0802704
0.080361
0.0807049
0.0815071
0.0830234
0.0856094
0.0897311
0.0959405
0.104779
0.116544
0.128979
0.13899
0.146158
0.151038
0.154211
0.156175
0.15731
0.157896
0.158138
0.158171
0.0816174
0.0816918
0.0819672
0.0825977
0.0837801
0.0857869
0.0889777
0.0937869
0.100647
0.109812
0.119536
0.12738
0.133002
0.136829
0.139315
0.140852
0.141738
0.142196
0.14238
0.142405
0.0810265
0.0810864
0.0813044
0.0817985
0.0827195
0.0842789
0.0867556
0.0904874
0.0958192
0.102961
0.110559
0.116698
0.1211
0.124095
0.126041
0.127243
0.127936
0.128291
0.128432
0.12845
0.0789365
0.0789838
0.0791547
0.0795403
0.0802577
0.0814699
0.083394
0.0862947
0.0904423
0.0960073
0.10194
0.106739
0.110181
0.112524
0.114046
0.114984
0.115524
0.115801
0.115909
0.115923
0.0756834
0.0757207
0.0758547
0.0761555
0.0767138
0.0776567
0.0791528
0.0814078
0.0846343
0.0889699
0.093598
0.0973464
0.100037
0.101867
0.103055
0.103787
0.104207
0.104421
0.104504
0.104515
0.0715281
0.0715571
0.0716613
0.0718952
0.0723295
0.0730628
0.074226
0.0759797
0.0784903
0.0818668
0.0854753
0.088399
0.0904974
0.0919254
0.0928515
0.093421
0.0937474
0.0939136
0.0939783
0.0939859
0.0666714
0.0666939
0.0667749
0.0669567
0.0672942
0.0678638
0.0687671
0.0701294
0.0720813
0.0747082
0.0775177
0.0797954
0.0814299
0.0825414
0.0832621
0.0837061
0.0839607
0.0840895
0.0841391
0.0841447
0.0612697
0.0612871
0.0613498
0.0614907
0.061752
0.0621935
0.0628947
0.0639527
0.0654681
0.067508
0.0696918
0.0714622
0.0727325
0.0735969
0.0741573
0.0745014
0.0746975
0.0747965
0.0748343
0.0748385
0.0554457
0.0554589
0.0555071
0.0556158
0.0558182
0.05616
0.056702
0.0575198
0.0586929
0.0602737
0.0619661
0.0633391
0.0643252
0.0649956
0.0654286
0.0656938
0.0658452
0.0659213
0.0659502
0.0659531
0.0492939
0.0493041
0.0493411
0.0494245
0.0495795
0.0498418
0.0502595
0.05089
0.0517943
0.0530134
0.0543187
0.0553778
0.0561379
0.0566536
0.0569875
0.0571927
0.0573091
0.0573672
0.057389
0.0573914
0.042891
0.0428985
0.0429261
0.042989
0.0431068
0.0433072
0.0436264
0.044109
0.0448012
0.0457342
0.0467335
0.0475432
0.0481233
0.0485176
0.0487726
0.0489289
0.049018
0.0490625
0.0490791
0.0490808
0.0362944
0.0362998
0.0363198
0.0363668
0.0364557
0.0366066
0.0368469
0.0372104
0.0377323
0.0384367
0.0391917
0.0398046
0.0402444
0.0405431
0.040736
0.0408529
0.0409186
0.040951
0.0409625
0.0409635
0.0295507
0.0295546
0.029569
0.029603
0.029668
0.0297794
0.0299572
0.0302259
0.0306118
0.0311327
0.0316911
0.0321436
0.0324673
0.0326857
0.0328256
0.0329115
0.0329601
0.0329837
0.0329923
0.032993
0.0226972
0.0226997
0.022709
0.0227327
0.0227788
0.0228575
0.0229828
0.0231729
0.0234468
0.0238161
0.024211
0.0245305
0.0247591
0.024914
0.025014
0.025074
0.0251073
0.0251233
0.0251283
0.0251285
0.0157651
0.0157664
0.0157731
0.0157887
0.0158181
0.0158685
0.0159495
0.016073
0.0162508
0.0164907
0.0167487
0.0169584
0.0171092
0.0172114
0.017276
0.0173142
0.0173343
0.0173428
0.017345
0.0173451
0.00878093
0.00878172
0.00878499
0.00879284
0.00880806
0.00883528
0.00887918
0.00894542
0.00904022
0.00916814
0.00930511
0.00941626
0.0094938
0.00954492
0.00957845
0.00959905
0.00961013
0.00961513
0.0096167
0.00961692
0.00175745
0.00175603
0.0017542
0.00175425
0.00175662
0.00176098
0.00176767
0.00177838
0.00179441
0.00181654
0.00184721
0.00187212
0.00189134
0.00190564
0.00191506
0.00192041
0.00192337
0.00192471
0.00192421
0.0019224
-1.09347
-0.750763
-0.381159
-0.0814471
0.157715
0.351481
0.514486
0.655068
0.733541
0.700986
-0.455814
-0.239078
-0.0205476
0.166525
0.324479
0.457384
0.566214
0.646244
0.684917
0.684527
-0.0583168
0.0756484
0.212449
0.334363
0.438961
0.526203
0.594407
0.641695
0.668952
0.675216
0.192931
0.28025
0.370492
0.449845
0.518274
0.575146
0.619717
0.651168
0.67169
0.679137
0.363352
0.419628
0.478171
0.532
0.579833
0.620836
0.653263
0.67614
0.690311
0.698223
0.484894
0.523022
0.565863
0.607249
0.643811
0.674112
0.697449
0.713702
0.725817
0.735989
0.576029
0.606742
0.642099
0.674932
0.704128
0.729696
0.751424
0.768505
0.780069
0.792521
0.650502
0.680812
0.715697
0.748357
0.77916
0.806387
0.828561
0.844822
0.854949
0.869152
0.735397
0.771851
0.811209
0.847236
0.878135
0.903665
0.924449
0.940315
0.950227
0.966133
0.848679
0.889398
0.930596
0.965318
0.995129
1.02002
1.03996
1.05474
1.06497
1.08217
0.99422
1.03383
1.07094
1.10265
1.12846
1.15039
1.16909
1.1843
1.1965
1.21427
1.16954
1.20216
1.22875
1.25123
1.27144
1.29037
1.30815
1.32446
1.3396
1.35759
1.35876
1.37617
1.3915
1.40789
1.42375
1.43822
1.45146
1.46549
1.48323
1.50328
1.54104
1.5505
1.56202
1.57287
1.58236
1.59204
1.60275
1.6141
1.62544
1.64082
1.74772
1.75153
1.73677
1.72224
1.716
1.72167
1.74028
1.77058
1.80262
1.82922
2.05475
1.91997
1.84321
1.80039
1.78289
1.78704
1.81421
1.87066
1.97353
2.19798
0.420984
0.419185
0.415282
0.407521
0.396146
0.384908
0.375531
0.368366
0.363251
0.360186
0.359647
0.361909
0.366259
0.372566
0.380959
0.391468
0.403133
0.413271
0.41855
0.421135
0.344185
0.350226
0.357683
0.363305
0.366759
0.367453
0.36574
0.362773
0.359808
0.357782
0.357453
0.359081
0.361951
0.365243
0.367874
0.36856
0.366529
0.361917
0.355517
0.348006
0.339014
0.340985
0.345736
0.350079
0.352832
0.354317
0.355078
0.354899
0.354116
0.353345
0.353318
0.354172
0.355347
0.356113
0.356009
0.354968
0.352985
0.349504
0.344699
0.341051
0.341514
0.341912
0.343522
0.345699
0.347727
0.34949
0.35052
0.350953
0.350917
0.350729
0.350847
0.351404
0.351901
0.351967
0.351407
0.350137
0.348287
0.346232
0.344235
0.343222
0.339936
0.340044
0.340508
0.34125
0.342018
0.342802
0.343558
0.344159
0.344553
0.344809
0.345095
0.345414
0.345539
0.345354
0.344877
0.34423
0.343535
0.342829
0.342212
0.341961
0.337108
0.337168
0.337427
0.337882
0.338442
0.339058
0.339665
0.340207
0.340666
0.341071
0.341459
0.341753
0.341852
0.34173
0.341412
0.340967
0.340482
0.340028
0.339685
0.339548
0.333298
0.333326
0.333436
0.333642
0.333927
0.334293
0.334734
0.335225
0.335736
0.33625
0.33674
0.337097
0.337242
0.33721
0.337064
0.336872
0.336679
0.336512
0.336391
0.336342
0.329106
0.329123
0.329201
0.329344
0.329551
0.329832
0.330193
0.330638
0.331161
0.331755
0.332364
0.332836
0.333103
0.33321
0.333212
0.333157
0.333082
0.333007
0.332948
0.33292
0.324653
0.324661
0.324715
0.32482
0.324984
0.325223
0.325557
0.326004
0.326575
0.327272
0.32803
0.32866
0.32907
0.329305
0.329424
0.329473
0.329483
0.329474
0.329459
0.329449
0.319966
0.319973
0.320016
0.320108
0.320259
0.320492
0.320835
0.321317
0.321969
0.322804
0.323755
0.324585
0.325158
0.325535
0.325766
0.325901
0.325973
0.326008
0.32602
0.326019
0.315035
0.315037
0.315084
0.31518
0.31534
0.315594
0.315979
0.316538
0.317314
0.318337
0.319536
0.32061
0.32138
0.321909
0.322253
0.322467
0.322595
0.322666
0.322699
0.322706
0.309848
0.309849
0.309898
0.310006
0.310191
0.310489
0.310947
0.311622
0.312573
0.313848
0.315364
0.316744
0.317759
0.318457
0.318923
0.319222
0.319404
0.319509
0.319562
0.319575
0.304347
0.304346
0.304405
0.304533
0.304758
0.305123
0.305687
0.306523
0.307712
0.309316
0.311238
0.313
0.314301
0.315212
0.315823
0.316217
0.316461
0.316603
0.316675
0.316695
0.298457
0.298455
0.298528
0.298688
0.298969
0.299426
0.300135
0.301188
0.302689
0.304719
0.307159
0.309403
0.311063
0.312228
0.313013
0.313522
0.313838
0.314022
0.314118
0.314144
0.292078
0.292076
0.292168
0.292372
0.292728
0.293309
0.29421
0.29555
0.297457
0.300038
0.303136
0.305985
0.308093
0.309574
0.310572
0.31122
0.311623
0.311859
0.311981
0.312016
0.285075
0.285072
0.28519
0.285452
0.28591
0.286655
0.28781
0.289524
0.291959
0.295246
0.299182
0.302791
0.305459
0.307332
0.308595
0.309415
0.309925
0.310224
0.310379
0.310422
0.277263
0.27726
0.277414
0.277754
0.278347
0.279311
0.2808
0.283004
0.286125
0.290318
0.295315
0.299882
0.303249
0.305609
0.3072
0.308232
0.308874
0.309252
0.309447
0.309501
0.2684
0.268396
0.2686
0.269045
0.269821
0.271076
0.273009
0.275858
0.27987
0.285226
0.291568
0.297332
0.301569
0.304536
0.306534
0.307831
0.308637
0.30911
0.309355
0.309423
0.258153
0.25815
0.258423
0.259014
0.26004
0.261691
0.264219
0.267922
0.273097
0.279945
0.287981
0.295237
0.300554
0.304272
0.306775
0.3084
0.30941
0.310004
0.31031
0.310394
0.246063
0.246062
0.246435
0.247235
0.24861
0.250807
0.254147
0.258995
0.265696
0.274455
0.284613
0.293713
0.300358
0.305004
0.308135
0.310169
0.311436
0.312181
0.312565
0.31267
0.231466
0.231471
0.231999
0.233112
0.234991
0.237966
0.242437
0.248841
0.257555
0.268754
0.281545
0.292896
0.301164
0.306952
0.310863
0.313413
0.315006
0.315946
0.316433
0.316565
0.213372
0.213394
0.214181
0.215786
0.21843
0.222548
0.228644
0.237201
0.24858
0.262871
0.27888
0.292936
0.303159
0.310348
0.315239
0.31845
0.320471
0.321675
0.322306
0.322478
0.190239
0.190317
0.191581
0.194005
0.197863
0.203756
0.212262
0.223837
0.238735
0.256885
0.276742
0.293975
0.306516
0.315412
0.321545
0.32563
0.328243
0.329831
0.330688
0.330927
0.15954
0.159801
0.162019
0.165912
0.171884
0.18071
0.192892
0.20869
0.228142
0.250976
0.275292
0.296137
0.311349
0.322294
0.33001
0.335296
0.33878
0.340974
0.342214
0.342583
0.116533
0.117308
0.121828
0.128847
0.138962
0.152841
0.170567
0.192087
0.217205
0.24548
0.274736
0.299515
0.317681
0.330998
0.340692
0.347631
0.352469
0.355713
0.357696
0.358285
0.0526351
0.0552106
0.0659087
0.0802223
0.0984545
0.120475
0.145965
0.174736
0.206482
0.240739
0.275184
0.304021
0.325278
0.341185
0.353192
0.362277
0.369127
0.374286
0.377859
0.37852
-0.0255628
-0.0195362
0.000537867
0.0268514
0.0556181
0.0869163
0.120764
0.157105
0.19573
0.236351
0.276616
0.310373
0.335693
0.355231
0.370635
0.382991
0.39306
0.401394
0.40676
0.408854
-0.104052
-0.0898918
-0.0591237
-0.0228437
0.0154533
0.0555439
0.0973547
0.14085
0.185976
0.232619
0.278452
0.316876
0.345877
0.36851
0.386638
0.401416
0.413562
0.423605
0.430948
0.434815
-0.156635
-0.141582
-0.10626
-0.0636975
-0.0186791
0.0281239
0.0764355
0.126048
0.1768
0.228598
0.279031
0.321093
0.352729
0.377259
0.396666
0.412211
0.424731
0.434852
0.442204
0.445955
-0.195364
-0.180155
-0.141435
-0.0951184
-0.0459169
0.0054987
0.0585915
0.112924
0.168176
0.224202
0.278428
0.323413
0.356995
0.382759
0.402897
0.418834
0.43152
0.441647
0.449059
0.452874
-0.223982
-0.208981
-0.168654
-0.119867
-0.0676459
-0.0128888
0.0437732
0.10173
0.160473
0.219783
0.276976
0.324284
0.359428
0.386178
0.406876
0.423079
0.435857
0.445955
0.453422
0.457273
-0.246811
-0.231777
-0.190427
-0.139883
-0.0854591
-0.0281405
0.031254
0.0919245
0.15326
0.215015
0.274539
0.323854
0.360458
0.388184
0.40947
0.425984
0.438893
0.449012
0.456552
0.460422
-0.265727
-0.25067
-0.208274
-0.156305
-0.100195
-0.0409514
0.0204966
0.0831809
0.14636
0.209821
0.271129
0.322279
0.360434
0.389308
0.411339
0.428289
0.441424
0.451626
0.459256
0.463148
-0.281863
-0.266608
-0.223289
-0.170083
-0.112568
-0.0517777
0.0112197
0.0753114
0.139627
0.204064
0.266635
0.31957
0.35954
0.389891
0.412965
0.430571
0.444078
0.454471
0.462187
0.466156
-0.295797
-0.280396
-0.236093
-0.181824
-0.123088
-0.06104
0.00313386
0.0681294
0.132946
0.197624
0.260895
0.315617
0.357819
0.390165
0.414721
0.433299
0.44738
0.458076
0.46594
0.469976
-0.308085
-0.292402
-0.247198
-0.191936
-0.132096
-0.0689826
-0.00392099
0.0615543
0.126259
0.190384
0.253685
0.310195
0.355194
0.390261
0.41692
0.436917
0.451864
0.46304
0.471156
0.475321
-0.31901
-0.303034
-0.256966
-0.200702
-0.139867
-0.0757937
-0.0100539
0.055548
0.119564
0.182278
0.244759
0.302964
0.35147
0.390209
0.419827
0.441866
0.458082
0.469963
0.478439
0.482732
-0.328952
-0.312552
-0.265655
-0.208378
-0.146574
-0.0816273
-0.0153386
0.0501232
0.112919
0.173293
0.233853
0.293464
0.346294
0.389947
0.423657
0.448585
0.466605
0.479505
0.488509
0.492998
-0.338005
-0.321223
-0.273367
-0.215156
-0.152375
-0.0865795
-0.0198211
0.0453202
0.106429
0.163479
0.220739
0.281153
0.339173
0.389295
0.428598
0.457509
0.478047
0.492395
0.502082
0.506808
-0.346434
-0.329254
-0.280403
-0.22119
-0.157405
-0.0907474
-0.0235337
0.04118
0.100242
0.152967
0.205215
0.265397
0.329466
0.387958
0.43476
0.469058
0.49302
0.509349
0.520003
0.524977
-0.354258
-0.33664
-0.286837
-0.22661
-0.16179
-0.0942196
-0.0265024
0.0377582
0.0945168
0.141986
0.187196
0.245489
0.316354
0.385535
0.44219
0.483698
0.512174
0.531046
0.542942
0.548327
-0.361756
-0.343611
-0.29281
-0.231525
-0.165639
-0.0970978
-0.0287837
0.0351102
0.0894316
0.130795
0.166688
0.220678
0.298871
0.381507
0.450837
0.501581
0.535979
0.558117
0.571576
0.577419
-0.368847
-0.350264
-0.298431
-0.23605
-0.169044
-0.099462
-0.0304511
0.0332439
0.0851696
0.11974
0.143816
0.190196
0.275788
0.375001
0.460343
0.522986
0.565117
0.591406
0.606744
0.612899
-0.375807
-0.356692
-0.303778
-0.24027
-0.172116
-0.101418
-0.0315599
0.0321283
0.0818684
0.109205
0.118816
0.153225
0.245862
0.364898
0.470546
0.548033
0.59954
0.631188
0.647964
0.653564
-0.38259
-0.362908
-0.308924
-0.244249
-0.174912
-0.103052
-0.0321971
0.0317497
0.0796159
0.0995943
0.0920369
0.108888
0.206902
0.350178
0.481323
0.576628
0.639364
0.678116
0.696056
0.697391
-0.389376
-0.369091
-0.313874
-0.248019
-0.17752
-0.104444
-0.0324585
0.0320325
0.0784688
0.0912512
0.0640245
0.0571606
0.156315
0.329627
0.491266
0.605788
0.680528
0.729908
0.755779
0.745972
-0.396163
-0.375268
-0.318654
-0.251633
-0.18003
-0.105687
-0.0324015
0.0329307
0.0784598
0.0841853
0.0339085
-0.0071793
0.0867878
0.297641
0.502276
0.63889
0.719817
0.77671
0.81443
0.819296
-0.402889
-0.381317
-0.323147
-0.255123
-0.182529
-0.10688
-0.0321311
0.0343567
0.0796266
0.0788926
0.00251179
-0.0884385
-0.0118677
0.247347
0.51183
0.661276
0.73219
0.767423
0.766796
0.696009
-0.409104
-0.386862
-0.327156
-0.25868
-0.185141
-0.108251
-0.0318313
0.0362302
0.0819738
0.0759192
-0.0291904
-0.190119
-0.15452
0.16177
0.513227
0.671198
0.714292
0.707986
0.637157
0.541207
-0.415286
-0.391795
-0.329979
-0.262287
-0.187742
-0.109554
-0.031852
0.0384445
0.0854511
0.075354
-0.0607799
-0.31702
-0.375577
0.00482418
0.493773
0.680257
0.654148
0.581729
0.466471
0.352698
-0.374566
-0.359636
-0.302806
-0.230474
-0.152822
-0.0724982
0.00605883
0.0695719
0.0950083
0.0181688
-0.256322
-0.66934
-0.581192
0.0812449
0.548256
0.529094
0.420913
0.312465
0.199062
0.125179
-0.394368
-0.376957
-0.336694
-0.26874
-0.193314
-0.113064
-0.032165
0.0417149
0.0929127
0.0838324
-0.0929416
-0.557041
-1.00694
-0.522012
0.239501
0.438774
0.303555
0.178826
0.0885393
-0.0339929
-0.405814
-0.385123
-0.339312
-0.270118
-0.194229
-0.112824
-0.0307788
0.0451609
0.0991227
0.0901988
-0.114026
-0.783574
-1.64387
-1.0078
-0.159168
0.00808197
-0.12895
-0.214718
-0.296346
-0.416349
-0.419756
-0.400774
-0.346671
-0.276209
-0.198522
-0.115209
-0.0307325
0.0484755
0.106909
0.103328
-0.111666
-0.975687
-2.32901
-1.66532
-0.703301
-0.516463
-0.570053
-0.642709
-0.735798
-0.889891
-0.437423
-0.416492
-0.35707
-0.284102
-0.204257
-0.118917
-0.0317941
0.0509639
0.114781
0.120158
-0.0899554
-1.07621
-2.67438
-2.07807
-1.20835
-1.00681
-1.04204
-1.13111
-1.24571
-1.52392
-0.453465
-0.431236
-0.368068
-0.292342
-0.21017
-0.122703
-0.0329479
0.0533579
0.12308
0.13999
-0.049703
-1.03415
-2.63061
-2.16974
-1.50177
-1.33939
-1.44205
-1.63028
-1.81713
-2.38045
-0.468411
-0.44568
-0.379681
-0.301487
-0.216986
-0.127184
-0.0346893
0.055288
0.131524
0.161805
0.00787076
-0.858804
-2.2175
-1.93846
-1.55417
-1.55115
-1.71709
-1.97488
-2.26755
-2.96924
-0.483284
-0.460328
-0.392235
-0.311864
-0.225062
-0.132809
-0.0375348
0.0563556
0.13917
0.183666
0.0760081
-0.589092
-1.58577
-1.52186
-1.47185
-1.63804
-1.87803
-2.06191
-2.1722
-2.23388
-0.499034
-0.47586
-0.406056
-0.323707
-0.234674
-0.13999
-0.0418143
0.056074
0.145355
0.205175
0.150612
-0.278801
-0.920361
-1.05497
-1.27929
-1.64174
-2.04409
-2.10479
-1.99899
-2.09879
-0.516022
-0.492678
-0.421397
-0.337176
-0.245978
-0.148887
-0.0477755
0.0538266
0.14984
0.224378
0.220576
0.00273908
-0.342382
-0.621257
-1.03964
-1.62457
-2.34243
-2.59539
-2.31408
-2.34189
-0.535138
-0.511467
-0.438631
-0.352536
-0.259205
-0.159696
-0.0558524
0.0496179
0.151435
0.238886
0.279298
0.210406
0.0380976
-0.276941
-0.770657
-1.56729
-2.72889
-3.75693
-3.61103
-3.19997
-0.556962
-0.532705
-0.458146
-0.370087
-0.274588
-0.172712
-0.0661121
0.0426455
0.150028
0.249248
0.322094
0.338245
0.259315
-0.00352048
-0.456118
-1.2422
-2.30326
-3.20107
-3.16618
-2.82798
-0.581667
-0.556678
-0.480248
-0.390054
-0.292347
-0.1881
-0.0788343
0.0334076
0.145565
0.25382
0.349048
0.409904
0.388526
0.22421
-0.0664003
-0.505435
-0.97905
-1.29618
-1.31522
-1.23429
-0.609505
-0.58353
-0.505077
-0.412579
-0.312486
-0.205726
-0.0938464
0.0213027
0.137812
0.254216
0.364598
0.450462
0.474081
0.415178
0.30096
0.152576
0.035279
-0.000569738
0.0263117
0.0470873
-0.640184
-0.61324
-0.532548
-0.437493
-0.334927
-0.225729
-0.111208
0.00714713
0.127858
0.25077
0.372491
0.475547
0.534952
0.549408
0.543287
0.536805
0.553325
0.597837
0.640417
0.655285
-0.673152
-0.645877
-0.562295
-0.4646
-0.35932
-0.247393
-0.130125
-0.00878266
0.115813
0.244525
0.375898
0.492577
0.57766
0.636418
0.684999
0.735218
0.791093
0.847382
0.889685
0.90587
-0.707564
-0.680154
-0.593584
-0.49303
-0.384933
-0.270288
-0.150198
-0.0257758
0.102651
0.236768
0.375994
0.50302
0.604455
0.686312
0.757181
0.822182
0.882548
0.935451
0.973659
0.990307
-0.742535
-0.714325
-0.625469
-0.521943
-0.410935
-0.293388
-0.170427
-0.0429896
0.0891898
0.228322
0.374263
0.508011
0.617884
0.709084
0.78609
0.851806
0.907492
0.95357
0.988147
1.00507
-0.776237
-0.747614
-0.656089
-0.549643
-0.435763
-0.315493
-0.189828
-0.0594515
0.0761986
0.219664
0.370258
0.508401
0.621616
0.714897
0.7917
0.85478
0.906306
0.948203
0.980519
0.996792
-0.806277
-0.777556
-0.683409
-0.574252
-0.457796
-0.335114
-0.207041
-0.0740812
0.0644469
0.211168
0.36437
0.504318
0.617881
0.710242
0.785148
0.845731
0.894676
0.934162
0.965297
0.982478
-0.828723
-0.800923
-0.704439
-0.593172
-0.474831
-0.350304
-0.2206
-0.0859634
0.0542389
0.202576
0.356442
0.49574
0.607643
0.697885
0.770562
0.829054
0.876195
0.914203
0.944726
0.961485
-0.839865
-0.813391
-0.715716
-0.603518
-0.48414
-0.35901
-0.229005
-0.0942806
0.0458363
0.193659
0.345963
0.482636
0.591384
0.678737
0.749019
0.805646
0.851405
0.888358
0.91864
0.935151
-0.834418
-0.809898
-0.712889
-0.601078
-0.482743
-0.359096
-0.230838
-0.0982269
0.0394123
0.184195
0.332357
0.464306
0.568705
0.652441
0.72003
0.774807
0.819358
0.855584
0.885803
0.901971
-0.806318
-0.784917
-0.690404
-0.581572
-0.467026
-0.347833
-0.224511
-0.097139
0.0350316
0.17376
0.315114
0.439937
0.53843
0.617522
0.681737
0.734325
0.777643
0.813412
0.843506
0.859733
-0.748027
-0.729579
-0.641465
-0.539624
-0.43327
-0.322668
-0.208214
-0.0897916
0.0332891
0.162469
0.293607
0.408586
0.499013
0.5717
0.631033
0.680195
0.721657
0.756877
0.786771
0.803211
-0.648793
-0.630854
-0.558181
-0.471091
-0.37864
-0.281891
-0.180911
-0.0755167
0.0347553
0.150769
0.268129
0.370091
0.449497
0.512871
0.56436
0.606848
0.642974
0.675211
0.703574
0.721636
-0.498183
-0.486581
-0.438817
-0.373215
-0.301871
-0.225034
-0.142532
-0.0542376
0.0400099
0.140381
0.242145
0.329655
0.396429
0.448345
0.489349
0.521943
0.547534
0.567573
0.584619
0.596943
-0.306233
-0.303525
-0.282639
-0.248686
-0.206334
-0.155226
-0.0956484
-0.0275764
0.0488196
0.133184
0.220604
0.296183
0.353332
0.396672
0.429316
0.453632
0.471994
0.486076
0.495696
0.500264
-0.155346
-0.154856
-0.148099
-0.134587
-0.113945
-0.0848828
-0.0461685
0.00265028
0.0615214
0.12984
0.202666
0.266049
0.313373
0.348305
0.373783
0.392023
0.404263
0.411713
0.415913
0.417825
-0.0596952
-0.060278
-0.0593841
-0.0545042
-0.0442402
-0.0275262
-0.0028705
0.0310993
0.0750615
0.128813
0.188076
0.240304
0.279005
0.306906
0.32626
0.33903
0.347116
0.351981
0.354418
0.355091
-0.00473785
-0.00512926
-0.00556253
-0.0039687
0.00139907
0.0118944
0.028754
0.0531685
0.0861328
0.127966
0.175298
0.217398
0.248419
0.27042
0.285495
0.295447
0.301576
0.304907
0.306364
0.306744
0.0281052
0.0279643
0.0279921
0.029248
0.0327729
0.0396738
0.0513072
0.0690271
0.0938893
0.126365
0.163904
0.197619
0.222446
0.239946
0.251748
0.259296
0.263834
0.266346
0.267524
0.267882
0.0498925
0.0498544
0.0500253
0.0510685
0.0537156
0.0587906
0.0672945
0.0803808
0.0991523
0.12426
0.153808
0.180558
0.20023
0.21399
0.223195
0.229081
0.232632
0.234591
0.235507
0.23579
0.064167
0.0641672
0.0644056
0.0652946
0.067332
0.0711365
0.0775123
0.0874
0.101736
0.121167
0.144333
0.165456
0.181005
0.191866
0.199116
0.203731
0.206503
0.208036
0.208762
0.208989
0.073323
0.0733375
0.0735806
0.0743317
0.0759434
0.0788737
0.0837327
0.0912701
0.102273
0.117333
0.135461
0.15208
0.164327
0.172872
0.178561
0.182178
0.184353
0.185556
0.186126
0.186304
0.0787075
0.0787241
0.0789354
0.0795448
0.0808106
0.0830807
0.0868227
0.0926205
0.10111
0.112797
0.12696
0.140003
0.149629
0.156343
0.160811
0.16365
0.165355
0.166297
0.166743
0.166881
0.0812253
0.0812408
0.0814155
0.0819012
0.0828935
0.0846569
0.0875507
0.0920315
0.0986031
0.107685
0.118744
0.128964
0.136516
0.141784
0.145289
0.147513
0.148847
0.149583
0.149929
0.150035
0.0815388
0.0815521
0.0816925
0.082076
0.0828514
0.0842228
0.0864683
0.0899415
0.0950408
0.102105
0.110736
0.118733
0.124649
0.128777
0.131522
0.133264
0.134307
0.134881
0.135148
0.135229
0.0801497
0.0801606
0.0802716
0.080572
0.081177
0.082244
0.0839884
0.0866854
0.0906475
0.0961461
0.10288
0.109132
0.113761
0.116992
0.119139
0.1205
0.121314
0.121761
0.121969
0.122031
0.07744
0.0774487
0.0775363
0.0777714
0.0782429
0.0790728
0.0804287
0.0825253
0.0856066
0.0898869
0.0951384
0.100021
0.103638
0.106164
0.107843
0.108907
0.109542
0.109889
0.110049
0.110096
0.0737071
0.0737139
0.0737822
0.0739652
0.0743321
0.0749782
0.0760328
0.0776627
0.0800588
0.0833909
0.0874843
0.0912943
0.0941195
0.0960913
0.0974007
0.0982295
0.0987242
0.0989946
0.099119
0.0991559
0.0691782
0.0691835
0.0692368
0.0693793
0.0696647
0.0701666
0.070986
0.0722529
0.0741164
0.0767094
0.0798976
0.082867
0.085069
0.0866061
0.0876271
0.0882724
0.0886571
0.0888668
0.0889623
0.0889902
0.0640318
0.0640359
0.064077
0.0641874
0.0644086
0.0647982
0.0654344
0.0664181
0.0678658
0.0698806
0.0723598
0.0746706
0.0763837
0.0775792
0.0783737
0.0788767
0.079176
0.0793383
0.0794121
0.0794335
0.0584051
0.0584082
0.0584399
0.0585252
0.0586965
0.0589983
0.0594912
0.0602539
0.0613762
0.062939
0.0648632
0.0666576
0.0679885
0.0689174
0.0695335
0.0699221
0.070153
0.0702783
0.0703348
0.0703511
0.0524075
0.05241
0.0524341
0.0524995
0.0526313
0.0528641
0.0532446
0.053833
0.0546995
0.0559078
0.0573958
0.0587833
0.0598132
0.0605322
0.0610084
0.0613085
0.0614862
0.0615819
0.0616247
0.0616369
0.0461212
0.0461229
0.0461411
0.0461909
0.0462917
0.0464701
0.0467622
0.0472147
0.0478811
0.0488098
0.0499539
0.051021
0.0518117
0.052362
0.0527269
0.0529574
0.0530943
0.0531683
0.0532015
0.0532108
0.0396129
0.039614
0.0396278
0.0396658
0.0397425
0.0398778
0.040099
0.0404424
0.0409489
0.0416553
0.0425256
0.0433371
0.043939
0.0443588
0.0446373
0.0448126
0.0449155
0.0449703
0.0449945
0.0450012
0.0329376
0.0329383
0.0329481
0.0329758
0.0330324
0.0331329
0.0332976
0.0335536
0.0339317
0.0344594
0.0351109
0.0357194
0.0361713
0.0364866
0.0366943
0.0368237
0.0368998
0.03694
0.0369569
0.0369621
0.0261352
0.0261358
0.0261426
0.0261622
0.0262021
0.0262739
0.0263934
0.0265798
0.0268548
0.0272383
0.0277114
0.0281521
0.0284778
0.0287041
0.0288538
0.0289485
0.0290045
0.029034
0.0290468
0.0290507
0.0192407
0.019241
0.0192448
0.0192574
0.0192846
0.0193343
0.0194163
0.0195437
0.0197319
0.0199952
0.0203196
0.0206219
0.0208453
0.0210005
0.021103
0.0211659
0.021202
0.0212206
0.0212277
0.0212293
0.0122787
0.0122791
0.0122815
0.0122888
0.0123051
0.012335
0.0123846
0.0124614
0.012575
0.012734
0.0129301
0.0131132
0.0132488
0.0133416
0.0134017
0.0134395
0.0134612
0.0134713
0.0134744
0.013475
0.001757
0.00175496
0.00175392
0.00175516
0.00175856
0.00176392
0.00177244
0.00178566
0.00180468
0.00183076
0.00186034
0.00188246
0.00189905
0.00191095
0.00191812
0.00192209
0.00192425
0.00192467
0.00192344
0.00576529
-2.8051
-1.53955
-0.869256
-0.429809
-0.0909972
0.173441
0.380072
0.555591
0.721686
0.859487
-1.02516
-0.636787
-0.318503
-0.0577051
0.156045
0.332989
0.480258
0.602557
0.686856
0.703601
-0.367718
-0.159733
0.0233079
0.185482
0.325184
0.443751
0.541207
0.615462
0.661193
0.67997
0.00357735
0.128027
0.243577
0.349586
0.441397
0.518776
0.58107
0.627579
0.65803
0.673865
0.237549
0.317206
0.393174
0.46184
0.522753
0.574891
0.617854
0.650258
0.670716
0.682401
0.397103
0.448712
0.4981
0.546543
0.590804
0.629601
0.661305
0.684843
0.699894
0.707439
0.511394
0.544822
0.58654
0.624621
0.659073
0.688217
0.71218
0.730769
0.745019
0.751293
0.598336
0.625987
0.660775
0.693162
0.72331
0.751405
0.776095
0.796257
0.81057
0.815867
0.67331
0.704964
0.74207
0.777949
0.811389
0.840745
0.864551
0.882856
0.895761
0.901202
0.768634
0.806361
0.848521
0.886675
0.919447
0.946977
0.970123
0.98853
1.0014
1.00796
0.893801
0.937648
0.978406
1.01571
1.04669
1.07294
1.09426
1.11097
1.12345
1.13286
1.05621
1.09826
1.13289
1.16304
1.18779
1.20912
1.22874
1.24625
1.2609
1.2731
1.247
1.27831
1.29981
1.31911
1.33739
1.35481
1.37103
1.3868
1.40333
1.42028
1.44545
1.45694
1.46831
1.48252
1.49678
1.50966
1.52115
1.53205
1.54487
1.56145
1.6312
1.64103
1.64974
1.65254
1.65379
1.65818
1.66879
1.68469
1.70226
1.70681
1.93233
1.87687
1.82608
1.78602
1.76384
1.75964
1.77334
1.80724
1.86356
1.93903
0.563497
0.504889
0.462984
0.429782
0.405858
0.389112
0.377424
0.369249
0.363726
0.360552
0.360027
0.362283
0.366878
0.37384
0.383758
0.397849
0.417988
0.446309
0.484429
0.531871
0.364108
0.373731
0.380398
0.382122
0.379722
0.374745
0.369181
0.364263
0.36062
0.358788
0.359696
0.362836
0.367381
0.372879
0.378478
0.382516
0.383041
0.378862
0.370188
0.362151
0.340768
0.343013
0.349054
0.353759
0.356907
0.358744
0.35903
0.358
0.356442
0.355283
0.355161
0.356197
0.357973
0.359606
0.360202
0.3592
0.35677
0.352912
0.347425
0.34212
0.340646
0.341406
0.34457
0.348053
0.350778
0.352448
0.35313
0.353227
0.352821
0.35231
0.352337
0.353094
0.35392
0.354319
0.354067
0.353145
0.350926
0.347891
0.344344
0.342185
0.341123
0.341263
0.34197
0.343092
0.344271
0.345565
0.346717
0.347382
0.347667
0.34778
0.348003
0.348381
0.348601
0.348427
0.347723
0.346548
0.3454
0.344301
0.343357
0.342948
0.338659
0.338724
0.339113
0.339738
0.340416
0.341079
0.341677
0.342187
0.342583
0.342897
0.343222
0.343536
0.343665
0.343552
0.343231
0.342754
0.342174
0.341567
0.341057
0.340848
0.335299
0.335325
0.335477
0.335766
0.336159
0.336643
0.337183
0.337726
0.338236
0.338711
0.339154
0.339464
0.33956
0.339453
0.339196
0.33887
0.33855
0.338275
0.338083
0.338009
0.33124
0.331257
0.33135
0.331521
0.331759
0.332069
0.332454
0.332909
0.333418
0.333967
0.334513
0.334924
0.33513
0.335175
0.335116
0.335006
0.334881
0.334766
0.334679
0.33464
0.326911
0.326922
0.326986
0.327106
0.327287
0.327543
0.327888
0.328331
0.328876
0.329518
0.330198
0.330744
0.331077
0.331245
0.331306
0.331305
0.331275
0.331237
0.331203
0.331185
0.322339
0.322345
0.322393
0.322489
0.322643
0.322875
0.323209
0.323668
0.324275
0.325035
0.325883
0.326607
0.327099
0.327402
0.327578
0.327672
0.327715
0.327729
0.327729
0.327724
0.317529
0.317536
0.317582
0.317673
0.317826
0.318067
0.318426
0.318942
0.31965
0.320572
0.32164
0.322587
0.323249
0.323702
0.323989
0.324164
0.324265
0.324317
0.32434
0.324344
0.312472
0.312477
0.312525
0.312625
0.312797
0.313071
0.313488
0.3141
0.314956
0.316096
0.317444
0.318661
0.319553
0.32016
0.320563
0.320818
0.320972
0.32106
0.321103
0.321114
0.307135
0.307141
0.307195
0.307311
0.307514
0.307843
0.308349
0.309098
0.31016
0.311588
0.313295
0.314856
0.316005
0.316806
0.317341
0.317686
0.317898
0.31802
0.318083
0.318099
0.301448
0.301455
0.30152
0.301663
0.301914
0.302321
0.302952
0.303889
0.305223
0.307027
0.309192
0.311181
0.312652
0.313683
0.314377
0.314826
0.315104
0.315267
0.31535
0.315373
0.295326
0.295334
0.295416
0.295596
0.295912
0.296427
0.297225
0.298412
0.300103
0.302391
0.30514
0.307669
0.309541
0.310855
0.311741
0.312316
0.312673
0.312882
0.31299
0.31302
0.288652
0.288662
0.288767
0.288997
0.289401
0.290058
0.291077
0.292591
0.294746
0.297657
0.301149
0.304357
0.306729
0.308395
0.309519
0.310248
0.310702
0.310968
0.311106
0.311144
0.281266
0.28128
0.281415
0.281713
0.282234
0.28308
0.28439
0.286333
0.289089
0.292801
0.297236
0.301297
0.304295
0.306399
0.307816
0.308737
0.309309
0.309645
0.309819
0.309868
0.272959
0.272977
0.273154
0.273542
0.27422
0.275319
0.277014
0.279518
0.283056
0.287794
0.293424
0.298556
0.302335
0.304982
0.306765
0.307923
0.308643
0.309065
0.309284
0.309345
0.263444
0.263469
0.263704
0.264216
0.265107
0.266545
0.268753
0.271999
0.276554
0.28261
0.289751
0.29622
0.300969
0.304292
0.306529
0.30798
0.308883
0.309413
0.309687
0.309762
0.252331
0.252366
0.252683
0.253367
0.254552
0.256454
0.259357
0.26359
0.269477
0.277222
0.286262
0.294393
0.300341
0.304499
0.3073
0.309118
0.31025
0.310914
0.311257
0.311351
0.239074
0.239123
0.239557
0.240489
0.242091
0.244645
0.248506
0.254072
0.261711
0.271619
0.283027
0.2932
0.300619
0.305808
0.309309
0.311587
0.313008
0.313843
0.314274
0.314391
0.222891
0.222965
0.223572
0.224873
0.22709
0.230591
0.235807
0.243199
0.253154
0.265812
0.280139
0.292787
0.301991
0.308447
0.312825
0.315688
0.31748
0.318536
0.319079
0.319227
0.202613
0.202724
0.203598
0.205482
0.208675
0.213619
0.220809
0.230742
0.243755
0.259871
0.277724
0.293312
0.304651
0.312656
0.318139
0.321762
0.32405
0.325399
0.32609
0.32628
0.176304
0.176472
0.177807
0.180755
0.185634
0.192899
0.203057
0.216551
0.233568
0.253941
0.275945
0.294927
0.308758
0.318636
0.325523
0.33017
0.333162
0.334945
0.335851
0.336099
0.140457
0.140747
0.143149
0.148382
0.156402
0.167539
0.182207
0.200642
0.222775
0.248228
0.274948
0.297717
0.314369
0.326461
0.335126
0.341195
0.345278
0.347826
0.349158
0.349527
0.0882754
0.0892274
0.0950627
0.105627
0.119605
0.137153
0.158451
0.183424
0.211767
0.242993
0.274832
0.301637
0.321343
0.335945
0.346781
0.354782
0.360589
0.364644
0.367067
0.367863
0.0101744
0.0151824
0.0317536
0.0531328
0.0769454
0.103634
0.133345
0.165925
0.201108
0.238502
0.275758
0.306911
0.330055
0.347647
0.361271
0.371999
0.380575
0.387433
0.392735
0.396011
-0.0729838
-0.0617255
-0.0311532
0.0011159
0.0351149
0.0709985
0.108911
0.148884
0.190811
0.234504
0.277637
0.313845
0.341145
0.362398
0.379403
0.393364
0.405091
0.415063
0.424702
0.430867
-0.133582
-0.12234
-0.0848315
-0.0445235
-0.0024244
0.0412903
0.0865732
0.133308
0.181389
0.230734
0.278981
0.319327
0.349749
0.373452
0.392362
0.407717
0.420375
0.430859
0.440106
0.445098
-0.178012
-0.165969
-0.125308
-0.0803645
-0.033004
0.0163175
0.0671901
0.119298
0.172416
0.22643
0.278853
0.322461
0.355139
0.380338
0.400158
0.41599
0.428823
0.439326
0.448291
0.453447
-0.210623
-0.19841
-0.156188
-0.108117
-0.0573024
-0.00411821
0.050879
0.107152
0.164271
0.222052
0.277851
0.32405
0.358439
0.384709
0.405143
0.42126
0.434146
0.444568
0.453251
0.4582
-0.235657
-0.223309
-0.180439
-0.130344
-0.0769244
-0.0207983
0.0373162
0.0967182
0.156853
0.217475
0.275901
0.324239
0.360112
0.387341
0.408323
0.424703
0.437659
0.448048
0.456505
0.461371
-0.256055
-0.243637
-0.199985
-0.14843
-0.0931234
-0.0347906
0.0256962
0.0874577
0.149801
0.212499
0.272979
0.323225
0.360582
0.388852
0.410485
0.427214
0.440317
0.45072
0.459018
0.463827
-0.273262
-0.260615
-0.21626
-0.163434
-0.106591
-0.0465471
0.0157221
0.0791702
0.143
0.207037
0.269043
0.321086
0.360107
0.389668
0.412177
0.429437
0.442805
0.453311
0.461519
0.466317
-0.287935
-0.275134
-0.23005
-0.176146
-0.118
-0.0565544
0.00706563
0.0716585
0.136299
0.200952
0.263944
0.317774
0.3588
0.390074
0.413826
0.431876
0.445692
0.456396
0.464622
0.469386
-0.300813
-0.287737
-0.24196
-0.187027
-0.127732
-0.0651363
-0.000491258
0.0647858
0.129614
0.194115
0.257498
0.31312
0.356641
0.390247
0.415764
0.434992
0.449499
0.460548
0.46889
0.473681
-0.312152
-0.298806
-0.252293
-0.196448
-0.136108
-0.0724999
-0.00707762
0.0585007
0.12292
0.186445
0.249455
0.306837
0.3535
0.390268
0.418287
0.439216
0.454765
0.466375
0.474946
0.479794
-0.322347
-0.30872
-0.261469
-0.204627
-0.143322
-0.0788156
-0.0127892
0.0527728
0.116243
0.177895
0.239568
0.298532
0.349097
0.390124
0.421626
0.444991
0.462047
0.474472
0.483447
0.488434
-0.331629
-0.317638
-0.269618
-0.211842
-0.149552
-0.0841877
-0.017673
0.0476486
0.109654
0.168491
0.22758
0.287696
0.343017
0.389691
0.42599
0.452756
0.471946
0.485541
0.495178
0.500319
-0.340295
-0.325773
-0.276963
-0.218238
-0.154958
-0.088735
-0.0217574
0.0431664
0.103296
0.158304
0.213285
0.273743
0.334688
0.388737
0.431534
0.462969
0.485104
0.500386
0.510654
0.516001
-0.348096
-0.333381
-0.283687
-0.223953
-0.159655
-0.0925493
-0.0250875
0.0393875
0.097304
0.147522
0.196523
0.255996
0.323392
0.38692
0.438343
0.476003
0.502096
0.519595
0.53091
0.536583
-0.355527
-0.340483
-0.289873
-0.229104
-0.163759
-0.0957129
-0.0277157
0.0363532
0.0918848
0.136385
0.177251
0.233735
0.308201
0.383796
0.446388
0.492195
0.52349
0.543988
0.556778
0.562765
-0.362611
-0.347231
-0.29566
-0.233819
-0.167376
-0.0983234
-0.0296785
0.0340902
0.0872035
0.125221
0.155526
0.206193
0.288114
0.378621
0.455466
0.511846
0.549772
0.574048
0.58858
0.594869
-0.36945
-0.353718
-0.301133
-0.238182
-0.170603
-0.100478
-0.0310516
0.032602
0.0834064
0.114391
0.131542
0.1725
0.26184
0.370483
0.46544
0.535094
0.581551
0.610338
0.626519
0.632717
-0.376139
-0.360017
-0.30638
-0.242276
-0.17353
-0.102253
-0.0319184
0.0318716
0.0806178
0.10428
0.105601
0.131883
0.227694
0.358276
0.475754
0.561759
0.619205
0.653962
0.671221
0.675198
-0.382689
-0.366147
-0.311432
-0.246148
-0.176226
-0.103755
-0.0323565
0.0318281
0.0789246
0.0952584
0.0780945
0.083991
0.183057
0.340845
0.486641
0.591269
0.660205
0.703747
0.724463
0.720262
-0.389287
-0.372307
-0.316301
-0.249824
-0.178761
-0.105051
-0.0324362
0.0324409
0.0783557
0.0875568
0.0492513
0.0270515
0.124572
0.315439
0.496537
0.622169
0.701477
0.756459
0.792523
0.779104
-0.395984
-0.37841
-0.320971
-0.253381
-0.181265
-0.106259
-0.0322597
0.0336258
0.0789336
0.0812918
0.0182342
-0.045553
0.0417514
0.275108
0.507672
0.655067
0.732229
0.777936
0.813198
0.765059
-0.403458
-0.384267
-0.32527
-0.256853
-0.183769
-0.107494
-0.0319232
0.0353023
0.0807033
0.0770754
-0.0134654
-0.136504
-0.0768706
0.208491
0.512506
0.666146
0.726819
0.745712
0.704796
0.620265
-0.413417
-0.389265
-0.328915
-0.260591
-0.186534
-0.108995
-0.0317517
0.0373566
0.0835928
0.0753768
-0.0449981
-0.250198
-0.254711
0.0855627
0.508983
0.66436
0.696444
0.659847
0.559473
0.452867
-0.423638
-0.403953
-0.329839
-0.262421
-0.187467
-0.108699
-0.0316343
0.0399003
0.0879645
0.0769467
-0.0753011
-0.397195
-0.546416
-0.0876179
0.477197
0.607424
0.575575
0.474603
0.355582
0.238971
-0.357751
-0.36284
-0.3041
-0.231427
-0.153347
-0.0722274
0.0057389
0.0707042
0.0977781
0.0200844
-0.28873
-0.866545
-0.875254
-0.0458007
0.411947
0.341836
0.2302
0.135181
0.0298229
-0.206714
-0.403859
-0.367172
-0.305236
-0.232231
-0.152975
-0.0703756
0.00955889
0.0771736
0.107244
0.0277479
-0.345285
-1.28459
-1.56355
-0.461301
0.0179412
-0.0692337
-0.175935
-0.251997
-0.357898
-0.6148
-0.423504
-0.378166
-0.312586
-0.238515
-0.157541
-0.0730216
0.0101171
0.0816738
0.117847
0.042583
-0.396985
-1.66924
-2.23889
-1.07773
-0.540075
-0.537871
-0.609492
-0.680387
-0.817373
-1.15084
-0.441495
-0.39037
-0.321597
-0.245231
-0.162274
-0.0754924
0.0105763
0.0863783
0.129483
0.0627495
-0.418684
-1.92395
-2.65946
-1.52691
-1.06839
-0.998477
-1.09025
-1.17552
-1.37048
-1.9443
-0.458082
-0.402882
-0.331154
-0.252232
-0.167133
-0.0779878
0.0109949
0.0914455
0.142499
0.0913082
-0.383841
-1.91051
-2.64223
-1.73516
-1.38335
-1.364
-1.52963
-1.72492
-2.00017
-3.30127
-0.473149
-0.415737
-0.341504
-0.260196
-0.172779
-0.0812182
0.0109387
0.0961544
0.156045
0.126288
-0.283581
-1.61885
-2.2611
-1.68001
-1.53129
-1.61787
-1.83491
-2.11993
-2.44778
-4.19974
-0.488234
-0.429241
-0.353002
-0.269422
-0.17967
-0.0855511
0.00988318
0.0998619
0.169276
0.163775
-0.149929
-1.15212
-1.66552
-1.44676
-1.53196
-1.75578
-1.97727
-2.1294
-2.19929
-2.286
-0.503987
-0.443868
-0.365878
-0.280155
-0.188127
-0.0913302
0.00731853
0.102405
0.18125
0.202703
0.0023859
-0.630039
-1.0425
-1.131
-1.44503
-1.85426
-2.13381
-2.03738
-2.03656
-2.12014
-0.521173
-0.459971
-0.380312
-0.292587
-0.198266
-0.0988773
0.00307052
0.102964
0.191157
0.239047
0.145874
-0.174234
-0.488179
-0.794677
-1.3179
-1.97658
-2.59768
-2.41957
-2.30683
-2.37717
-0.540469
-0.478011
-0.396646
-0.306896
-0.210335
-0.108376
-0.0032375
0.101151
0.197781
0.268896
0.260745
0.137724
-0.0990984
-0.487081
-1.12599
-2.09614
-3.36921
-3.79918
-3.38279
-3.11836
-0.562354
-0.498419
-0.415197
-0.323391
-0.224568
-0.120056
-0.012028
0.0965824
0.200959
0.29124
0.33896
0.317497
0.153489
-0.195719
-0.800921
-1.74612
-2.872
-3.26822
-2.99646
-2.74173
-0.587031
-0.521521
-0.436254
-0.342261
-0.241149
-0.134192
-0.0231201
0.0894116
0.200183
0.304789
0.38615
0.415169
0.325257
0.0966972
-0.267399
-0.754662
-1.17103
-1.34018
-1.27481
-1.2058
-0.614886
-0.547452
-0.459946
-0.363603
-0.260044
-0.150541
-0.0368105
0.0792166
0.195904
0.311774
0.413056
0.473176
0.454239
0.364136
0.228536
0.0832826
0.00609747
0.00998537
0.0394846
0.0494303
-0.64572
-0.576215
-0.486125
-0.387275
-0.281279
-0.169279
-0.0526746
0.0670358
0.188752
0.313534
0.42874
0.511946
0.546717
0.547907
0.538747
0.540858
0.573385
0.621421
0.651687
0.656579
-0.679159
-0.607342
-0.514549
-0.413043
-0.304335
-0.189581
-0.0701464
0.0529431
0.179221
0.311801
0.438114
0.53922
0.609514
0.661214
0.709301
0.762618
0.819782
0.871284
0.901201
0.906896
-0.713937
-0.639756
-0.54445
-0.440059
-0.328601
-0.211087
-0.0887064
0.0376938
0.168454
0.307748
0.443014
0.556611
0.647268
0.722588
0.790031
0.852991
0.910257
0.95685
0.985009
0.991401
-0.749135
-0.673217
-0.574844
-0.467541
-0.353133
-0.232749
-0.107477
0.0221391
0.157366
0.301975
0.444302
0.565535
0.665402
0.749042
0.820123
0.880804
0.93176
0.972514
0.999467
1.00597
-0.782617
-0.705171
-0.604056
-0.493783
-0.376562
-0.253514
-0.125481
0.00731283
0.146395
0.295918
0.442735
0.567581
0.670386
0.755075
0.824757
0.881813
0.928349
0.965617
0.991338
0.997955
-0.812275
-0.733849
-0.630032
-0.51708
-0.397387
-0.271949
-0.14143
-0.00592608
0.136183
0.288923
0.438168
0.56389
0.666345
0.749602
0.817004
0.871464
0.915479
0.950738
0.976792
0.983414
-0.834443
-0.756223
-0.650049
-0.535014
-0.413506
-0.286347
-0.154157
-0.016969
0.12681
0.280935
0.429976
0.554653
0.655131
0.736127
0.801347
0.853848
0.896218
0.93029
0.955912
0.962512
-0.845376
-0.768166
-0.660752
-0.544853
-0.422484
-0.294886
-0.16251
-0.0253
0.118246
0.271456
0.418163
0.540004
0.637378
0.71573
0.778803
0.829695
0.870859
0.904199
0.929653
0.936272
-0.839638
-0.765374
-0.658023
-0.542873
-0.42178
-0.295795
-0.165359
-0.030433
0.110425
0.260014
0.402075
0.519408
0.61278
0.687977
0.748799
0.798187
0.838353
0.87137
0.896553
0.903237
-0.811055
-0.742039
-0.636916
-0.52516
-0.408201
-0.286924
-0.161625
-0.0320128
0.103139
0.246192
0.381273
0.49192
0.580021
0.651214
0.709269
0.756989
0.796318
0.829155
0.854202
0.861119
-0.751941
-0.690163
-0.591188
-0.487233
-0.378693
-0.266153
-0.149771
-0.0291564
0.0967385
0.229759
0.354677
0.456313
0.537203
0.602771
0.656664
0.701733
0.739906
0.7726
0.797389
0.804818
-0.653233
-0.597711
-0.51567
-0.425617
-0.330961
-0.232142
-0.128995
-0.0212582
0.0917355
0.21109
0.322441
0.412091
0.482842
0.539858
0.586532
0.625487
0.659434
0.690007
0.714791
0.724055
-0.496103
-0.466213
-0.407192
-0.338232
-0.264313
-0.184623
-0.0992733
-0.00802344
0.0892508
0.192747
0.288926
0.365167
0.423922
0.469994
0.506564
0.535531
0.558094
0.576349
0.591959
0.5991
-0.306528
-0.295077
-0.266772
-0.228627
-0.181874
-0.126592
-0.0627533
0.00948288
0.0899049
0.178019
0.261036
0.326699
0.376488
0.414162
0.442359
0.463406
0.47954
0.49148
0.498693
0.500558
-0.15583
-0.152311
-0.142159
-0.125249
-0.100564
-0.0667889
-0.0230809
0.030788
0.0944718
0.167029
0.236604
0.29145
0.332183
0.362055
0.383711
0.398842
0.408497
0.414134
0.417192
0.417919
-0.0600779
-0.0601696
-0.0575384
-0.050086
-0.0367809
-0.0162849
0.0128752
0.0517888
0.10071
0.158896
0.216035
0.261154
0.294146
0.317532
0.333353
0.343556
0.349892
0.35347
0.354912
0.355034
-0.00490201
-0.00545968
-0.00512668
-0.00182528
0.00593664
0.0194569
0.0399436
0.0685225
0.105926
0.151888
0.197832
0.234164
0.260412
0.278703
0.291023
0.298928
0.303537
0.305822
0.306637
0.306731
0.0280274
0.0279067
0.0284006
0.0306745
0.03573
0.0448171
0.0593321
0.080509
0.109154
0.145261
0.181936
0.21105
0.232007
0.246469
0.255975
0.261877
0.265299
0.267068
0.267776
0.267882
0.0498559
0.0498868
0.0503895
0.0521494
0.0558976
0.0625489
0.0731926
0.0889943
0.110888
0.139085
0.168106
0.191215
0.207766
0.219082
0.226488
0.231101
0.233776
0.235152
0.235706
0.235791
0.0641452
0.0642396
0.0647398
0.0661393
0.0689715
0.0739499
0.081958
0.0939579
0.110786
0.132759
0.155614
0.173881
0.186956
0.195881
0.201701
0.205308
0.207397
0.20848
0.208922
0.208989
0.073309
0.0734181
0.0738732
0.0750073
0.0772121
0.0810207
0.0871179
0.0962921
0.109269
0.126386
0.14433
0.158716
0.169011
0.176023
0.180588
0.183415
0.185054
0.185904
0.186252
0.186303
0.0786979
0.078796
0.0791767
0.0800786
0.0817959
0.0847356
0.0894263
0.0964905
0.10653
0.11986
0.133916
0.145218
0.15331
0.158818
0.162402
0.16462
0.165904
0.166569
0.166841
0.166879
0.0812185
0.081301
0.0816093
0.082321
0.0836603
0.0859375
0.0895624
0.0950252
0.10281
0.113193
0.124192
0.133055
0.139404
0.143726
0.146536
0.148273
0.149276
0.149795
0.150004
0.150033
0.0815339
0.0816008
0.0818462
0.0824047
0.0834482
0.085217
0.0880277
0.0922634
0.0983105
0.1064
0.114996
0.121937
0.126912
0.130298
0.132499
0.133858
0.134642
0.135045
0.135206
0.135227
0.080146
0.0801992
0.0803923
0.0808287
0.0816417
0.0830166
0.0851993
0.0884888
0.0931908
0.0994956
0.10621
0.111639
0.115533
0.118182
0.119902
0.120964
0.121576
0.121889
0.122013
0.122029
0.0774372
0.0774793
0.0776309
0.0779717
0.0786044
0.0796733
0.0813699
0.0839277
0.0875861
0.0924982
0.0977384
0.10198
0.105023
0.107094
0.10844
0.109269
0.109745
0.109988
0.110083
0.110095
0.0737049
0.0737378
0.0738558
0.074121
0.0746136
0.0754454
0.0767646
0.078753
0.0815989
0.0854251
0.0895125
0.092824
0.0952007
0.0968173
0.0978657
0.0985115
0.0988823
0.0990714
0.0991454
0.0991543
0.0691765
0.0692021
0.0692942
0.0695005
0.0698834
0.0705296
0.0715547
0.0731007
0.0753149
0.0782938
0.0814782
0.0840592
0.0859118
0.0871723
0.0879892
0.0884917
0.0887798
0.088926
0.0889823
0.088989
0.0640305
0.0640502
0.0641214
0.0642814
0.0645783
0.06508
0.065876
0.0670767
0.068797
0.0711123
0.07359
0.0755983
0.0770392
0.0780195
0.0786559
0.0790476
0.0792711
0.0793841
0.0794275
0.0794324
0.058404
0.0584193
0.0584742
0.0585979
0.058828
0.0592166
0.0598335
0.0607644
0.0620983
0.0638948
0.0658182
0.0673782
0.0684978
0.0692593
0.0697518
0.0700538
0.0702265
0.0703134
0.0703466
0.0703501
0.0524068
0.0524184
0.0524604
0.0525554
0.0527327
0.0530326
0.0535087
0.054227
0.0552577
0.0566469
0.0581341
0.0593408
0.0602075
0.0607963
0.0611769
0.06141
0.0615424
0.0616086
0.0616335
0.0616361
0.0461205
0.0461292
0.046161
0.0462336
0.0463693
0.0465994
0.0469653
0.0475178
0.0483101
0.0493781
0.050522
0.0514494
0.0521137
0.0525644
0.0528563
0.0530355
0.0531377
0.0531889
0.0532082
0.0532101
0.0396124
0.0396187
0.039643
0.0396983
0.0398015
0.0399757
0.040253
0.0406726
0.0412752
0.0420876
0.0429575
0.0436629
0.0441692
0.0445134
0.044736
0.0448715
0.0449478
0.0449854
0.0449993
0.0450008
0.0329372
0.0329416
0.0329592
0.0329997
0.0330761
0.0332057
0.0334124
0.0337256
0.0341754
0.0347828
0.0354347
0.0359641
0.0363443
0.0366019
0.036767
0.0368673
0.0369236
0.0369507
0.0369605
0.0369618
0.026135
0.0261381
0.0261504
0.026179
0.0262332
0.0263266
0.026477
0.0267048
0.0270319
0.0274733
0.0279461
0.0283285
0.028602
0.0287872
0.028907
0.0289805
0.0290219
0.029042
0.0290495
0.0290502
0.0192407
0.0192422
0.0192497
0.0192688
0.0193061
0.0193706
0.0194734
0.0196292
0.0198535
0.0201563
0.0204806
0.0207431
0.0209304
0.0210575
0.0211385
0.0211866
0.0212131
0.0212253
0.0212289
0.0212291
0.0122787
0.0122799
0.0122844
0.0122956
0.0123181
0.012357
0.012419
0.012513
0.0126484
0.0128316
0.0130275
0.0131866
0.0133
0.0133751
0.013423
0.0134521
0.0134674
0.0134735
0.0134746
0.0134752
0.00527316
0.00527338
0.00527353
0.00527624
0.00528296
0.005295
0.0053149
0.00534658
0.00539352
0.00545818
0.00553999
0.00561531
0.00567038
0.00570883
0.00573461
0.00575007
0.00575877
0.0057633
0.00576487
0.00576553
-1.97153
-1.14843
-0.634091
-0.25263
0.0478544
0.280966
0.47143
0.63695
0.807049
0.811754
-0.75284
-0.466585
-0.181611
0.0546515
0.248737
0.409916
0.544581
0.651982
0.703627
0.695495
-0.234455
-0.0657433
0.107374
0.258091
0.387181
0.49518
0.581469
0.642195
0.673939
0.678582
0.0817164
0.186498
0.298373
0.397302
0.481986
0.551882
0.606248
0.644797
0.668273
0.675839
0.286236
0.356053
0.42855
0.493287
0.549988
0.59761
0.635411
0.662
0.678783
0.686634
0.429781
0.473803
0.52276
0.56917
0.611129
0.646314
0.674275
0.693136
0.705913
0.714906
0.533069
0.567336
0.605744
0.64254
0.674272
0.700871
0.722106
0.738347
0.750451
0.761857
0.61516
0.643598
0.677302
0.708462
0.737675
0.764245
0.786857
0.804146
0.815172
0.828443
0.689804
0.723496
0.760211
0.79508
0.826685
0.853361
0.8744
0.889947
0.899838
0.915135
0.788378
0.827365
0.868353
0.903693
0.933816
0.959126
0.979933
0.995683
1.00557
1.02198
0.91728
0.957991
0.997888
1.03184
1.06043
1.08419
1.10319
1.11762
1.12852
1.1464
1.07878
1.11606
1.14867
1.17602
1.19871
1.21914
1.23782
1.2539
1.26729
1.28481
1.26419
1.28956
1.30968
1.32831
1.34626
1.36306
1.37892
1.39487
1.41205
1.43111
1.4511
1.46227
1.4752
1.48981
1.50339
1.51559
1.52659
1.53793
1.55314
1.57252
1.6329
1.64637
1.65164
1.65304
1.65534
1.66263
1.6762
1.69376
1.70743
1.71875
1.90197
1.85131
1.80397
1.77264
1.75956
1.76413
1.78758
1.83262
1.89917
1.99324
0.419942
0.417371
0.412115
0.402012
0.390402
0.379976
0.371708
0.365581
0.361471
0.359553
0.360466
0.363818
0.369143
0.376458
0.385936
0.397241
0.408661
0.416452
0.420371
0.422179
0.346734
0.354257
0.36068
0.365331
0.367425
0.366827
0.364329
0.361234
0.358644
0.35736
0.358056
0.360396
0.363597
0.366728
0.368548
0.367929
0.364525
0.358931
0.351495
0.345459
0.339607
0.343267
0.348105
0.351629
0.35367
0.354823
0.355089
0.354551
0.35368
0.353219
0.353648
0.354768
0.355819
0.35619
0.355562
0.354164
0.351458
0.347154
0.342425
0.340456
0.341561
0.342581
0.344608
0.346723
0.348666
0.350077
0.350804
0.350974
0.350816
0.350721
0.351101
0.35169
0.352008
0.351773
0.350895
0.34925
0.347296
0.345163
0.343573
0.343178
0.339963
0.340221
0.340867
0.341626
0.342409
0.34319
0.34388
0.34438
0.34469
0.344943
0.345265
0.34551
0.345489
0.34515
0.344563
0.343888
0.343189
0.342488
0.342041
0.341929
0.337123
0.337266
0.337636
0.338152
0.338746
0.339366
0.339945
0.340446
0.340871
0.341272
0.341628
0.341829
0.341819
0.341593
0.341201
0.340725
0.340248
0.339836
0.339592
0.339529
0.333307
0.333368
0.333528
0.333775
0.334099
0.334505
0.334975
0.335479
0.335992
0.336507
0.336945
0.337196
0.337245
0.337147
0.336971
0.336774
0.336592
0.336444
0.336359
0.336332
0.32911
0.329153
0.329264
0.329439
0.329682
0.330002
0.330405
0.330889
0.331449
0.33207
0.332629
0.332994
0.333174
0.333221
0.333189
0.333121
0.333043
0.332974
0.33293
0.332912
0.324654
0.324682
0.324761
0.324894
0.325093
0.325377
0.325765
0.326274
0.326908
0.327659
0.328376
0.32889
0.329205
0.329376
0.329455
0.329482
0.32948
0.329467
0.329454
0.329443
0.319965
0.319989
0.320055
0.320175
0.320363
0.320648
0.321057
0.321621
0.322363
0.323285
0.324204
0.324904
0.325368
0.325666
0.325843
0.325943
0.325994
0.326016
0.326021
0.326014
0.315032
0.315055
0.315125
0.31525
0.315454
0.315768
0.316234
0.316896
0.317793
0.318939
0.320111
0.321025
0.321673
0.3221
0.322373
0.32254
0.322636
0.322686
0.322706
0.322701
0.309843
0.309867
0.309944
0.310087
0.310324
0.310695
0.311254
0.312059
0.313168
0.314607
0.316102
0.317296
0.318141
0.318715
0.31909
0.319325
0.319465
0.319541
0.319573
0.319569
0.30434
0.304368
0.304459
0.304631
0.30492
0.305376
0.306066
0.307069
0.308459
0.310276
0.312178
0.313705
0.3148
0.315549
0.316043
0.316355
0.316542
0.316647
0.316692
0.316688
0.298448
0.298482
0.298596
0.298811
0.299172
0.299744
0.300612
0.301876
0.303634
0.305937
0.308355
0.310301
0.3117
0.312661
0.313296
0.3137
0.313943
0.31408
0.314139
0.314135
0.292067
0.29211
0.292255
0.292527
0.292986
0.293713
0.294817
0.296424
0.298658
0.301585
0.304655
0.307125
0.308903
0.310125
0.310933
0.311447
0.311758
0.311933
0.312009
0.312004
0.28506
0.285115
0.285301
0.285652
0.28624
0.287173
0.288586
0.290641
0.29349
0.297213
0.301107
0.304235
0.306484
0.308029
0.309052
0.309702
0.310096
0.310317
0.310414
0.310408
0.277244
0.277317
0.277558
0.278013
0.278774
0.279979
0.2818
0.284437
0.28808
0.292818
0.297753
0.301705
0.30454
0.306487
0.307775
0.308594
0.30909
0.309369
0.309491
0.309483
0.268375
0.268472
0.268789
0.269385
0.270378
0.271944
0.274303
0.277703
0.282372
0.288404
0.294648
0.299628
0.303193
0.305639
0.307256
0.308285
0.308908
0.309258
0.30941
0.3094
0.258121
0.258252
0.258675
0.259464
0.260773
0.262828
0.265904
0.270307
0.276303
0.28398
0.291863
0.298119
0.302589
0.305654
0.30768
0.308969
0.30975
0.310188
0.310378
0.310365
0.24602
0.246201
0.246776
0.247839
0.249588
0.252313
0.256359
0.262093
0.269809
0.279568
0.289488
0.297316
0.3029
0.306731
0.309267
0.310882
0.311862
0.312412
0.312651
0.312634
0.231409
0.231669
0.232476
0.233939
0.236319
0.239988
0.24537
0.252887
0.262837
0.275214
0.287634
0.297378
0.304329
0.309108
0.312281
0.314309
0.315544
0.316239
0.316541
0.316519
0.213295
0.213693
0.214875
0.216956
0.220275
0.225318
0.232585
0.242517
0.255359
0.270988
0.28643
0.298475
0.307085
0.31304
0.317022
0.319585
0.321158
0.322054
0.322447
0.322418
0.190135
0.19081
0.192642
0.195721
0.200518
0.207649
0.217639
0.230854
0.247404
0.266998
0.286009
0.300761
0.31136
0.318776
0.323806
0.327092
0.329143
0.330342
0.330882
0.330849
0.159419
0.160703
0.163746
0.168589
0.175902
0.186355
0.200318
0.217948
0.239138
0.263421
0.286512
0.30435
0.317281
0.326501
0.332915
0.33723
0.340014
0.341705
0.342507
0.342485
0.116425
0.119209
0.12502
0.133462
0.145411
0.16121
0.180836
0.204185
0.230944
0.260531
0.288082
0.309293
0.324855
0.336235
0.344461
0.350278
0.354266
0.35686
0.358165
0.358158
0.0524549
0.060054
0.0726169
0.0888191
0.108991
0.132764
0.159913
0.190211
0.223273
0.258547
0.290724
0.315426
0.333789
0.347601
0.358046
0.365946
0.37188
0.376348
0.378542
0.378298
-0.0241603
-0.0110277
0.0133803
0.0408657
0.0708957
0.103459
0.138566
0.176072
0.215731
0.257202
0.294769
0.323881
0.346055
0.363362
0.377132
0.38826
0.397438
0.404703
0.407929
0.409271
-0.100579
-0.0759124
-0.0412918
-0.00400969
0.0352034
0.0761531
0.118805
0.163122
0.209014
0.256373
0.299097
0.332315
0.357839
0.378039
0.394382
0.407773
0.418802
0.427802
0.433306
0.435097
-0.153064
-0.125559
-0.0854245
-0.0415245
0.00442384
0.0520052
0.100985
0.151178
0.202454
0.254782
0.30165
0.337953
0.365723
0.387498
0.40485
0.418799
0.430052
0.439021
0.44452
0.446321
-0.192024
-0.162489
-0.1188
-0.0709224
-0.0205532
0.0317541
0.0855076
0.140328
0.195969
0.252391
0.302653
0.34135
0.370681
0.393417
0.411312
0.425527
0.436864
0.445814
0.45144
0.453217
-0.220774
-0.190728
-0.144869
-0.0942172
-0.0406514
0.0151251
0.0725005
0.130895
0.189924
0.249533
0.302474
0.343085
0.373671
0.397161
0.415453
0.429836
0.441198
0.450116
0.455845
0.457623
-0.243729
-0.213121
-0.165819
-0.113184
-0.0572254
0.00122648
0.0613417
0.122397
0.18394
0.245971
0.301111
0.343448
0.375247
0.399505
0.41823
0.432823
0.444255
0.453186
0.459005
0.460781
-0.262777
-0.231543
-0.182985
-0.128798
-0.0710249
-0.0105691
0.0516019
0.114596
0.177895
0.24166
0.298639
0.342698
0.375848
0.401044
0.420353
0.435262
0.446843
0.455833
0.461737
0.463509
-0.278878
-0.247068
-0.197405
-0.141901
-0.0826355
-0.0206153
0.043051
0.107325
0.171645
0.236475
0.295
0.340917
0.375745
0.402205
0.422348
0.43776
0.44961
0.45871
0.464736
0.466527
-0.292899
-0.260389
-0.209682
-0.153046
-0.0925329
-0.029271
0.0354608
0.10044
0.165088
0.230264
0.290039
0.338072
0.375076
0.403288
0.424649
0.440817
0.453092
0.462389
0.468546
0.470363
-0.305198
-0.271991
-0.220324
-0.162597
-0.101001
-0.0367378
0.0287039
0.0938832
0.158144
0.222867
0.283502
0.333996
0.373868
0.404523
0.427635
0.444929
0.457855
0.467488
0.473853
0.475714
-0.316085
-0.282139
-0.22963
-0.170871
-0.108273
-0.0431642
0.0227199
0.0876403
0.150792
0.214129
0.27507
0.328385
0.37203
0.406064
0.431678
0.450596
0.464482
0.474615
0.481241
0.483121
-0.325971
-0.29132
-0.237789
-0.178076
-0.114521
-0.0486627
0.0174726
0.081759
0.143077
0.203915
0.26435
0.320817
0.369346
0.407993
0.437102
0.458336
0.473597
0.484471
0.491458
0.493352
-0.335086
-0.299538
-0.245038
-0.184365
-0.119873
-0.0533204
0.0129578
0.076311
0.135106
0.192166
0.250915
0.31072
0.365463
0.410319
0.444242
0.468681
0.485877
0.497782
0.505215
0.507019
-0.343444
-0.307107
-0.251576
-0.18989
-0.124445
-0.0571872
0.00917428
0.0713994
0.127042
0.178898
0.234329
0.297372
0.359873
0.412956
0.453367
0.482162
0.501989
0.515333
0.523354
0.525128
-0.351138
-0.314057
-0.257515
-0.19479
-0.128349
-0.0603364
0.0061344
0.0671201
0.119098
0.164234
0.214194
0.279945
0.351953
0.415722
0.464758
0.49937
0.522618
0.537787
0.546573
0.54842
-0.358502
-0.320548
-0.262969
-0.199169
-0.131691
-0.0628456
0.00384036
0.0635892
0.111506
0.14837
0.190172
0.257447
0.340839
0.418412
0.47846
0.520608
0.548334
0.565808
0.575499
0.577451
-0.365532
-0.3267
-0.268046
-0.203143
-0.134562
-0.0648001
0.00224105
0.0608999
0.104535
0.131619
0.162051
0.228802
0.325682
0.420313
0.494465
0.54636
0.579913
0.600248
0.61104
0.612579
-0.372388
-0.332598
-0.272835
-0.20679
-0.137057
-0.0662784
0.0012883
0.0590955
0.0984655
0.114385
0.129747
0.192792
0.304834
0.420899
0.512986
0.576668
0.617555
0.641185
0.652099
0.652686
-0.379004
-0.338305
-0.277395
-0.210184
-0.139271
-0.067375
0.000922653
0.0581753
0.0935204
0.0971955
0.0929718
0.148522
0.276576
0.419592
0.533571
0.611493
0.661429
0.689715
0.698247
0.695116
-0.385652
-0.343877
-0.28174
-0.213378
-0.141274
-0.0681701
0.00105985
0.0581302
0.0898597
0.0806424
0.0521173
0.0938728
0.239016
0.415731
0.554419
0.647322
0.707812
0.746614
0.755576
0.725206
-0.392305
-0.349339
-0.285919
-0.216464
-0.143193
-0.0687627
0.00162369
0.0589302
0.087544
0.0644952
0.00450627
0.021235
0.184257
0.407105
0.579418
0.683954
0.749804
0.799529
0.818629
0.818544
-0.399255
-0.354526
-0.289871
-0.219526
-0.145083
-0.0692236
0.00250019
0.0605634
0.0868141
0.0494342
-0.0500241
-0.0762158
0.103031
0.395841
0.59855
0.704819
0.751027
0.780528
0.731945
0.685692
-0.407693
-0.359134
-0.293281
-0.222333
-0.14668
-0.0693612
0.00366906
0.0630692
0.0879284
0.0365625
-0.11128
-0.209482
-0.0219935
0.369237
0.612035
0.701957
0.717453
0.681349
0.586689
0.523075
-0.418575
-0.36206
-0.295942
-0.224359
-0.147711
-0.0691295
0.00523709
0.0664234
0.0909907
0.0263365
-0.180546
-0.401245
-0.245854
0.289329
0.621258
0.679807
0.625179
0.52568
0.405457
0.332666
-0.0304179
0.0420679
0.0908757
0.0788447
-0.089677
-0.480913
-0.764185
0.09176
-0.401446
-0.379098
-0.337841
-0.269123
-0.19368
-0.112962
-0.0316165
0.0431672
0.0956644
0.0864815
-0.104826
-0.66873
-1.29764
-0.755241
0.063378
0.241088
0.0817314
-0.0155573
-0.102331
-0.411431
-0.392605
-0.342315
-0.272665
-0.195957
-0.113639
-0.030481
0.0469807
0.102974
0.0960188
-0.115821
-0.887309
-2.00568
-1.32942
-0.415951
-0.249858
-0.344673
-0.423582
-0.511597
-0.428442
-0.408655
-0.351718
-0.280116
-0.20137
-0.117055
-0.0312408
0.0497532
0.110814
0.111392
-0.103055
-1.04187
-2.54532
-1.91751
-0.979892
-0.773979
-0.805392
-0.882387
-0.990297
-0.445427
-0.423803
-0.3625
-0.288151
-0.20715
-0.120771
-0.0323431
0.052183
0.118862
0.129688
-0.0721606
-1.0727
-2.70238
-2.16191
-1.38978
-1.19047
-1.25693
-1.38026
-1.54656
-0.460728
-0.438294
-0.37375
-0.296764
-0.213434
-0.124811
-0.0337003
0.0544188
0.127357
0.150802
-0.0226391
-0.961953
-2.46401
-2.0914
-1.54614
-1.45995
-1.5975
-1.83346
-2.08226
-0.475303
-0.452698
-0.385786
-0.306497
-0.220843
-0.129816
-0.035951
0.0559414
0.135457
0.172705
0.0405809
-0.733231
-1.91945
-1.743
-1.53103
-1.60916
-1.80271
-2.05171
-2.25889
-2.37849
-0.490558
-0.467714
-0.398935
-0.31759
-0.229671
-0.13619
-0.0394881
0.0564205
0.142483
0.194495
0.113144
-0.434674
-1.24628
-1.28583
-1.3844
-1.64662
-1.95536
-2.06008
-2.08511
-2.18627
-0.506723
-0.483742
-0.413464
-0.330223
-0.240095
-0.144225
-0.0445493
0.0552078
0.147808
0.215304
0.186688
-0.130899
-0.613212
-0.832581
-1.16445
-1.63259
-2.18009
-2.24608
-2.02067
-2.13797
-0.524624
-0.501417
-0.429684
-0.344594
-0.252338
-0.154029
-0.0515486
0.0519879
0.151117
0.232129
0.251551
0.116718
-0.128753
-0.436772
-0.908447
-1.6049
-2.55289
-3.23601
-3.00852
-2.77664
-0.544923
-0.521314
-0.447997
-0.36101
-0.266609
-0.165917
-0.0606709
0.0464842
0.150992
0.244712
0.302842
0.283081
0.164494
-0.133562
-0.623081
-1.46328
-2.68682
-3.7935
-3.69037
-3.26251
-0.56796
-0.543813
-0.468756
-0.379746
-0.283149
-0.180099
-0.072201
0.0383205
0.148306
0.252188
0.337219
0.379106
0.331195
0.114169
-0.266795
-0.89827
-1.67535
-2.25294
-2.2782
-2.0824
-0.593805
-0.569109
-0.492172
-0.40098
-0.30213
-0.196628
-0.0859968
0.0277191
0.141971
0.254475
0.357996
0.432929
0.435128
0.32571
0.128129
-0.143828
-0.394174
-0.538977
-0.541154
-0.500966
-0.622538
-0.59733
-0.518308
-0.424707
-0.323391
-0.215437
-0.102302
0.0144421
0.133152
0.252948
0.369237
0.464235
0.506948
0.489083
0.437819
0.373135
0.337378
0.356722
0.395156
0.410419
-0.654006
-0.628421
-0.546883
-0.450783
-0.346936
-0.236377
-0.120455
-0.000595383
0.122042
0.247917
0.374657
0.484904
0.558352
0.597815
0.623877
0.653754
0.697241
0.749917
0.792563
0.809474
-0.687522
-0.661627
-0.577419
-0.478638
-0.371973
-0.258711
-0.140063
-0.0171827
0.109341
0.240779
0.376322
0.498585
0.592885
0.665398
0.727935
0.788295
0.848344
0.903608
0.943647
0.960309
-0.72185
-0.695297
-0.609152
-0.507464
-0.397972
-0.281869
-0.160315
-0.0343785
0.0959327
0.232634
0.375324
0.506112
0.612607
0.700324
0.775507
0.841706
0.899846
0.948769
0.984631
1.00132
-0.756014
-0.728594
-0.640537
-0.535991
-0.423556
-0.304618
-0.180281
-0.051351
0.0826286
0.224032
0.372578
0.508789
0.620758
0.713574
0.790855
0.855257
0.908433
0.95147
0.98439
1.00074
-0.787813
-0.759281
-0.669851
-0.562449
-0.447232
-0.3257
-0.198768
-0.0670248
0.0701811
0.215427
0.367495
0.50694
0.620629
0.71365
0.789547
0.851261
0.901162
0.941159
0.971436
0.986833
-0.813405
-0.784762
-0.694422
-0.584517
-0.467068
-0.34335
-0.214345
-0.0803955
0.0591635
0.206954
0.360807
0.500629
0.613563
0.704946
0.778724
0.838126
0.885905
0.924271
0.953028
0.968288
-0.829293
-0.802074
-0.711027
-0.599552
-0.480537
-0.355533
-0.225536
-0.0906086
0.0498113
0.198192
0.351594
0.489843
0.600327
0.689197
0.760629
0.81803
0.864177
0.901322
0.928919
0.944256
-0.832162
-0.805999
-0.715729
-0.604027
-0.48497
-0.360232
-0.230741
-0.0968093
0.0423645
0.189004
0.3396
0.474217
0.580971
0.666613
0.73553
0.791033
0.835796
0.871937
0.898564
0.914379
-0.815919
-0.790774
-0.70389
-0.593736
-0.476753
-0.354989
-0.228737
-0.0983208
0.0369637
0.179072
0.324211
0.452924
0.554639
0.636247
0.702222
0.755683
0.799047
0.834258
0.860129
0.876322
-0.772084
-0.748651
-0.668373
-0.563624
-0.452499
-0.337021
-0.217571
-0.094166
0.0339237
0.168289
0.304901
0.425116
0.51989
0.596125
0.65821
0.709007
0.750511
0.784598
0.810075
0.826681
-0.694501
-0.676005
-0.602632
-0.508841
-0.408611
-0.304234
-0.195938
-0.0834804
0.0337114
0.156798
0.281473
0.390286
0.475521
0.54394
0.599943
0.646307
0.684568
0.715666
0.740892
0.756565
-0.577776
-0.56551
-0.504832
-0.426264
-0.343036
-0.255352
-0.162895
-0.0656187
0.0368609
0.145092
0.25449
0.348881
0.421564
0.478774
0.524629
0.562247
0.593488
0.618529
0.637196
0.648198
-0.400114
-0.393948
-0.360741
-0.311615
-0.255015
-0.190902
-0.119779
-0.0414754
0.0439555
0.136391
0.23102
0.312627
0.374682
0.422468
0.459481
0.487805
0.509332
0.526572
0.540883
0.549155
-0.223186
-0.221793
-0.210168
-0.188362
-0.158298
-0.119267
-0.0707391
-0.0126424
0.0548317
0.131136
0.211252
0.280666
0.332784
0.371682
0.400403
0.421568
0.436986
0.447374
0.453399
0.45611
-0.101453
-0.101741
-0.0984195
-0.0899161
-0.0756262
-0.0539391
-0.0232522
0.017425
0.0683575
0.129077
0.194926
0.252618
0.295531
0.326893
0.349263
0.364472
0.374102
0.379915
0.383188
0.384359
-0.0282466
-0.0287698
-0.029064
-0.0264468
-0.0190724
-0.00584445
0.0144384
0.0431066
0.0811172
0.128572
0.181624
0.228592
0.263268
0.287972
0.304895
0.316089
0.323181
0.327216
0.329002
0.329429
0.0134367
0.0131854
0.0129956
0.0143187
0.0185008
0.0268748
0.040844
0.0616569
0.0902938
0.127164
0.169344
0.207052
0.234828
0.254493
0.267903
0.276597
0.281828
0.284677
0.285984
0.286365
0.0401213
0.0400471
0.0401753
0.0413313
0.0443899
0.0502746
0.0601462
0.0753064
0.0968841
0.125449
0.158784
0.188845
0.210963
0.226473
0.23686
0.243495
0.247504
0.249725
0.250765
0.251085
0.0577902
0.0577746
0.0579834
0.0589369
0.0612437
0.0656246
0.0729808
0.0843434
0.100731
0.122811
0.14898
0.17276
0.190254
0.202482
0.210659
0.215877
0.219014
0.220744
0.221558
0.221812
0.0692843
0.0692943
0.0695435
0.0703671
0.07218
0.0755118
0.0810648
0.0896862
0.102239
0.119344
0.139841
0.158586
0.172392
0.182027
0.188448
0.19253
0.194985
0.196344
0.196989
0.197191
0.076424
0.0764402
0.0766689
0.0773465
0.0787755
0.0813545
0.0856161
0.0922214
0.101881
0.115145
0.131169
0.145895
0.156756
0.164332
0.169375
0.17258
0.174506
0.17557
0.176075
0.176231
0.0802785
0.0802948
0.080488
0.0810333
0.0821546
0.0841544
0.0874434
0.092538
0.100005
0.110306
0.122822
0.13437
0.142897
0.148845
0.152803
0.155316
0.156825
0.157657
0.158053
0.158173
0.0816231
0.0816376
0.0817944
0.0822262
0.0831035
0.0846587
0.0872071
0.091151
0.0969387
0.104947
0.114718
0.123759
0.130444
0.135109
0.138212
0.14018
0.14136
0.142009
0.142314
0.142407
0.0810308
0.0810429
0.081168
0.0815079
0.0821929
0.0834026
0.0853816
0.0884416
0.0929355
0.0991678
0.106792
0.113863
0.119097
0.12275
0.125178
0.126717
0.12764
0.128146
0.128381
0.128452
0.0789397
0.0789495
0.079048
0.0793136
0.0798477
0.0807889
0.0823265
0.0847044
0.0881985
0.0930499
0.0989972
0.104523
0.108615
0.111472
0.113371
0.114575
0.115294
0.115688
0.11587
0.115925
0.0756859
0.0756936
0.0757711
0.0759788
0.0763948
0.077127
0.0783228
0.0801714
0.0828884
0.086665
0.0913017
0.0956152
0.0988129
0.101045
0.102528
0.103467
0.104028
0.104334
0.104475
0.104516
0.0715301
0.0715361
0.0715964
0.0717578
0.0720813
0.072651
0.0735807
0.075018
0.0771314
0.080071
0.0836841
0.0870482
0.0895425
0.091284
0.0924411
0.0931726
0.0936083
0.0938462
0.0939552
0.0939874
0.066673
0.0666775
0.0667244
0.0668499
0.0671014
0.0675439
0.068266
0.0693823
0.0710249
0.0733112
0.0761233
0.0787435
0.0806866
0.0820423
0.0829423
0.0835122
0.0838523
0.0840374
0.0841215
0.0841459
0.061271
0.0612745
0.0613107
0.0614079
0.0616027
0.0619454
0.0625056
0.0633724
0.0646478
0.0664228
0.0686076
0.0706444
0.0721544
0.0732086
0.073909
0.0743514
0.0746141
0.0747565
0.0748209
0.0748395
0.0554467
0.0554493
0.055477
0.0555518
0.0557025
0.055968
0.0564013
0.0570712
0.0580577
0.0594326
0.0611256
0.0627048
0.0638767
0.0646947
0.0652368
0.0655782
0.0657807
0.0658906
0.06594
0.0659541
0.0492947
0.0492966
0.049318
0.0493755
0.0494909
0.0496943
0.0500276
0.0505442
0.0513047
0.0523648
0.0536706
0.0548885
0.0557921
0.0564221
0.0568394
0.0571032
0.0572597
0.0573438
0.0573813
0.057392
0.0428915
0.0428931
0.0429088
0.0429519
0.0430394
0.0431945
0.0434492
0.0438442
0.0444263
0.0452377
0.0462374
0.0471694
0.0478596
0.0483406
0.0486598
0.0488608
0.0489801
0.0490446
0.0490733
0.0490813
0.0362948
0.0362959
0.0363072
0.036339
0.0364048
0.0365218
0.0367135
0.037011
0.0374497
0.0380618
0.0388167
0.0395213
0.0400442
0.0404089
0.0406506
0.0408021
0.0408908
0.040938
0.0409586
0.040964
0.0295511
0.0295518
0.0295599
0.0295829
0.0296307
0.0297167
0.0298585
0.0300784
0.0304027
0.0308554
0.0314138
0.0319347
0.0323204
0.032588
0.0327637
0.0328741
0.0329396
0.0329742
0.0329895
0.0329932
0.0226975
0.022698
0.0227029
0.0227185
0.0227524
0.0228132
0.0229132
0.0230685
0.0232984
0.0236197
0.0240149
0.024383
0.0246551
0.0248445
0.0249698
0.025048
0.0250933
0.025117
0.0251268
0.0251287
0.0157653
0.0157654
0.0157689
0.0157795
0.0158012
0.0158402
0.0159044
0.0160051
0.0161545
0.016363
0.0166205
0.0168616
0.0170406
0.0171657
0.0172476
0.0172978
0.017326
0.0173397
0.0173444
0.0173452
0.00878087
0.00878115
0.00878295
0.00878817
0.00879928
0.00881981
0.00885483
0.00890913
0.00898892
0.00910011
0.00923635
0.00936517
0.00945888
0.00952195
0.00956354
0.00959011
0.00960555
0.0096132
0.0096162
0.00961687
0.00527326
0.0052733
0.00527444
0.00527906
0.0052882
0.00530375
0.00532904
0.00536794
0.00542349
0.00549781
0.00558026
0.00564533
0.0056914
0.00572319
0.00574342
0.00575506
0.00576148
0.00576439
0.005765
0.00192277
-1.59537
-0.989039
-0.559007
-0.225014
0.0433853
0.259149
0.436109
0.58732
0.708329
0.725264
-0.657884
-0.363323
-0.125316
0.0768066
0.249008
0.393865
0.514882
0.610582
0.67089
0.689203
-0.164234
0.00124914
0.145777
0.275547
0.388872
0.484827
0.562804
0.620623
0.657624
0.674842
0.130957
0.231317
0.326597
0.411496
0.485481
0.548283
0.598938
0.637192
0.662429
0.676303
0.323838
0.388331
0.449289
0.505755
0.556619
0.601486
0.638006
0.666186
0.683564
0.692467
0.458384
0.49895
0.543932
0.58709
0.626319
0.659727
0.686716
0.706336
0.720233
0.726877
0.557373
0.587585
0.624713
0.658896
0.690025
0.717316
0.741117
0.760627
0.775102
0.780723
0.634991
0.663066
0.698538
0.732318
0.763995
0.793397
0.818144
0.837472
0.850764
0.855814
0.71756
0.75198
0.791864
0.829738
0.86342
0.891505
0.914646
0.933037
0.946187
0.951952
0.826864
0.868196
0.910675
0.948706
0.980801
1.0082
1.03059
1.04802
1.06039
1.06833
0.970511
1.01452
1.05274
1.08768
1.11611
1.13987
1.16013
1.17717
1.19074
1.20158
1.14898
1.18705
1.21604
1.24034
1.26157
1.28101
1.29943
1.31652
1.33215
1.34655
1.34729
1.36849
1.38359
1.39969
1.41595
1.4312
1.44486
1.45819
1.47385
1.49236
1.53839
1.54563
1.55615
1.56764
1.57773
1.58707
1.59731
1.60836
1.61993
1.62883
1.75095
1.7528
1.74506
1.72879
1.71781
1.71721
1.72945
1.75413
1.78814
1.81255
2.17136
1.97755
1.87644
1.81829
1.78874
1.78234
1.79745
1.83815
1.91417
2.05729
-0.373662
-0.380209
-0.332562
-0.265255
-0.189874
-0.110268
-0.264383
0.381542
0.562961
0.461491
0.332181
0.219276
-0.195053
-0.617688
-1.16191
-1.84975
-2.7276
)
;

boundaryField
{
    wall-4
    {
        type            zeroGradient;
    }
    pressure-outlet-7
    {
        type            fixedValue;
        value           uniform 0;
    }
    velocity-inlet-6
    {
        type            zeroGradient;
    }
    velocity-inlet-5
    {
        type            zeroGradient;
    }
    frontAndBackPlanes
    {
        type            empty;
    }
}


// ************************************************************************* //
