/*--------------------------------*- C++ -*----------------------------------*\
  =========                 |
  \\      /  F ield         | OpenFOAM: The Open Source CFD Toolbox
   \\    /   O peration     | Website:  https://openfoam.org
    \\  /    A nd           | Version:  9
     \\/     M anipulation  |
\*---------------------------------------------------------------------------*/
FoamFile
{
    format      ascii;
    class       volScalarField;
    location    "8";
    object      p;
}
// * * * * * * * * * * * * * * * * * * * * * * * * * * * * * * * * * * * * * //

dimensions      [0 2 -2 0 0 0 0];

internalField   nonuniform List<scalar> 
8800
(
0.406812
0.359143
0.320693
0.291964
0.271435
0.256981
0.24678
0.239646
0.235053
0.233018
0.233978
0.237672
0.243739
0.252464
0.264706
0.281977
0.306384
0.340051
0.382309
0.440991
0.237445
0.245166
0.253172
0.256762
0.255612
0.250965
0.244945
0.239325
0.234967
0.232271
0.231828
0.233908
0.237781
0.243061
0.249181
0.254884
0.25803
0.256963
0.251021
0.242023
0.215545
0.221949
0.226577
0.230138
0.23274
0.233895
0.233284
0.231556
0.229732
0.22878
0.229437
0.231318
0.233514
0.235009
0.234907
0.233031
0.230011
0.225944
0.220965
0.217129
0.209172
0.212058
0.215851
0.219212
0.221475
0.222971
0.223945
0.224358
0.224333
0.224337
0.224678
0.2252
0.225381
0.224922
0.22386
0.222139
0.219406
0.21567
0.212403
0.210982
0.206237
0.207493
0.210266
0.213232
0.215879
0.218002
0.219458
0.220302
0.220746
0.221026
0.221381
0.221581
0.221332
0.22046
0.218836
0.216565
0.213845
0.210867
0.20884
0.208378
0.206035
0.206507
0.207659
0.209018
0.210409
0.211837
0.213183
0.214359
0.215252
0.215877
0.216168
0.216051
0.215495
0.214572
0.213418
0.212125
0.210849
0.209586
0.208804
0.208632
0.204649
0.204876
0.205553
0.206494
0.20754
0.208573
0.209615
0.21061
0.211476
0.212172
0.212561
0.212548
0.21219
0.211558
0.210823
0.209988
0.20912
0.208339
0.20792
0.207847
0.202283
0.202378
0.202702
0.203227
0.20384
0.20461
0.20548
0.206395
0.207292
0.208094
0.208601
0.208716
0.208525
0.208139
0.207665
0.207203
0.206792
0.206432
0.206267
0.206236
0.199241
0.1993
0.199512
0.199875
0.200336
0.200905
0.201586
0.202376
0.203246
0.204131
0.204808
0.205146
0.205219
0.205127
0.204943
0.204719
0.204487
0.204293
0.204209
0.204191
0.195822
0.195859
0.196001
0.196254
0.196612
0.197096
0.197727
0.198512
0.199441
0.200466
0.201355
0.201917
0.202201
0.2023
0.202295
0.202235
0.202155
0.202084
0.202054
0.202042
0.192036
0.192061
0.192172
0.192373
0.192681
0.193123
0.193735
0.194549
0.195578
0.196798
0.197951
0.198775
0.199295
0.199602
0.199766
0.199843
0.199869
0.199874
0.199875
0.199867
0.187896
0.187922
0.188022
0.188214
0.188517
0.188974
0.189633
0.190544
0.191745
0.193236
0.194716
0.195842
0.196603
0.197103
0.197415
0.197601
0.197707
0.197763
0.197785
0.197779
0.183385
0.183407
0.183517
0.183725
0.18406
0.184575
0.185334
0.186407
0.187858
0.189705
0.191588
0.193063
0.194117
0.194821
0.195281
0.195571
0.195746
0.195843
0.195884
0.195878
0.178464
0.178489
0.178616
0.178858
0.179254
0.179868
0.180783
0.182092
0.183884
0.186198
0.188595
0.19051
0.191874
0.192811
0.193432
0.193829
0.194073
0.194212
0.194269
0.194263
0.173044
0.173073
0.173229
0.173526
0.174013
0.174771
0.175905
0.177537
0.179781
0.182696
0.185735
0.188173
0.189928
0.191139
0.191946
0.192465
0.192786
0.192969
0.193046
0.193039
0.167007
0.167042
0.167239
0.167613
0.168226
0.169181
0.17061
0.172669
0.175503
0.179187
0.183033
0.186124
0.188353
0.189894
0.190923
0.191587
0.191998
0.192233
0.192331
0.192323
0.160187
0.160233
0.160484
0.160962
0.161745
0.162963
0.164784
0.167401
0.170998
0.175664
0.180524
0.184425
0.187238
0.189183
0.190482
0.191322
0.191842
0.192139
0.192262
0.192252
0.152363
0.152423
0.152749
0.153366
0.154377
0.155945
0.158281
0.161628
0.166209
0.172124
0.178257
0.183165
0.186698
0.189139
0.190771
0.191825
0.192478
0.192851
0.193006
0.192993
0.143237
0.143318
0.143744
0.14455
0.145866
0.147902
0.150922
0.155224
0.161074
0.168574
0.176299
0.182453
0.186873
0.189927
0.191967
0.193285
0.194101
0.194567
0.19476
0.194743
0.132404
0.132515
0.133078
0.134142
0.135879
0.13855
0.142483
0.148039
0.155527
0.165031
0.174735
0.182424
0.187936
0.191741
0.194285
0.195928
0.196945
0.197524
0.197763
0.197743
0.119297
0.11945
0.120205
0.121639
0.123969
0.127519
0.132688
0.139908
0.149512
0.161538
0.173678
0.18324
0.190082
0.194811
0.197977
0.200024
0.20129
0.202007
0.202303
0.202278
0.103091
0.103303
0.104342
0.106331
0.10953
0.114325
0.1212
0.130649
0.142988
0.158161
0.173264
0.185083
0.193538
0.199398
0.203337
0.205894
0.207473
0.208362
0.208726
0.208694
0.082563
0.0828665
0.0843505
0.0872153
0.0917296
0.0983393
0.107623
0.120084
0.135947
0.154998
0.173644
0.188138
0.198524
0.20577
0.210686
0.213905
0.215906
0.217027
0.217478
0.217433
0.0558127
0.0562771
0.0585453
0.0628905
0.0694845
0.0788523
0.0916097
0.108139
0.128474
0.1522
0.17498
0.192572
0.205233
0.21417
0.220333
0.22445
0.227062
0.228544
0.229132
0.229062
0.01953
0.020367
0.0243086
0.031444
0.0415967
0.055337
0.073103
0.095007
0.120847
0.150023
0.177457
0.198518
0.213783
0.224748
0.23251
0.237873
0.241423
0.243515
0.244362
0.24426
-0.0328976
-0.0304573
-0.0221544
-0.00926526
0.00725989
0.0278163
0.0525028
0.0811965
0.113523
0.148783
0.181239
0.206017
0.224137
0.237441
0.247195
0.254284
0.259307
0.262535
0.263969
0.263842
-0.112297
-0.100395
-0.0813629
-0.0581348
-0.0319987
-0.00242572
0.0306938
0.0672111
0.106749
0.148666
0.186619
0.215566
0.23704
0.253264
0.265719
0.275425
0.283025
0.288688
0.292008
0.292631
-0.196814
-0.171169
-0.140694
-0.107177
-0.0712994
-0.0326875
0.00882649
0.0532343
0.100314
0.14958
0.194029
0.22819
0.253977
0.273988
0.289931
0.302955
0.313788
0.323338
0.330412
0.33133
-0.260247
-0.232403
-0.193955
-0.152198
-0.10789
-0.061074
-0.0117094
0.0401724
0.0943994
0.150566
0.200949
0.239558
0.268684
0.291287
0.309231
0.323747
0.335618
0.345405
0.351679
0.352643
-0.310788
-0.280898
-0.23798
-0.190647
-0.140202
-0.0868932
-0.0308791
0.0276372
0.0883556
0.15077
0.206306
0.248505
0.280002
0.304093
0.322891
0.337831
0.349887
0.359625
0.365931
0.36697
-0.351001
-0.320669
-0.274599
-0.223171
-0.168128
-0.10976
-0.048356
0.015777
0.0822265
0.15033
0.210586
0.255925
0.289326
0.314515
0.33388
0.349028
0.361061
0.370506
0.376745
0.377844
-0.384597
-0.354121
-0.305989
-0.251472
-0.19282
-0.130355
-0.0643976
0.00466393
0.076299
0.149649
0.214261
0.262456
0.29756
0.323682
0.343486
0.358763
0.370749
0.380053
0.386146
0.387255
-0.413682
-0.383228
-0.333628
-0.276772
-0.215201
-0.149313
-0.0794856
-0.00612643
0.0701819
0.148452
0.217317
0.268368
0.305188
0.332268
0.352548
0.368004
0.379988
0.389202
0.395141
0.396254
-0.439783
-0.409283
-0.358566
-0.299884
-0.236006
-0.167321
-0.0941762
-0.0169814
0.0636806
0.146753
0.219928
0.273982
0.312653
0.340798
0.361637
0.377333
0.389363
0.398516
0.404324
0.405431
-0.46379
-0.433193
-0.381621
-0.321458
-0.255672
-0.184636
-0.108638
-0.0280241
0.056703
0.144482
0.222131
0.27944
0.3202
0.349593
0.371116
0.38714
0.399278
0.408383
0.414056
0.415189
-0.486467
-0.455653
-0.40334
-0.341955
-0.274595
-0.201568
-0.123114
-0.0394587
0.0490649
0.141517
0.223879
0.284798
0.32797
0.358859
0.381233
0.397686
0.409986
0.419118
0.424621
0.425824
-0.508043
-0.476982
-0.424037
-0.36167
-0.293011
-0.21833
-0.137774
-0.0514159
0.0406476
0.137746
0.22509
0.290029
0.336015
0.36871
0.392152
0.409172
0.421713
0.430886
0.436275
0.437493
-0.528821
-0.49742
-0.443903
-0.380762
-0.311011
-0.234983
-0.152676
-0.0639678
0.0313566
0.133029
0.225621
0.295038
0.344298
0.379181
0.403968
0.421733
0.434622
0.443888
0.449181
0.450362
-0.548815
-0.517107
-0.463116
-0.399293
-0.328661
-0.251554
-0.16784
-0.077152
0.0211281
0.127262
0.225327
0.299668
0.352706
0.39022
0.416688
0.43543
0.448816
0.458233
0.46348
0.464534
-0.568032
-0.536084
-0.481692
-0.417249
-0.345952
-0.268028
-0.18324
-0.0909559
0.00992572
0.120352
0.224035
0.303721
0.361037
0.401684
0.430245
0.450255
0.464342
0.474046
0.479243
0.480093
-0.586554
-0.554314
-0.499533
-0.434597
-0.362837
-0.284345
-0.198814
-0.105326
-0.002248
0.112232
0.221613
0.306966
0.369027
0.413337
0.444507
0.466166
0.481172
0.491279
0.496486
0.497087
-0.6044
-0.571756
-0.516674
-0.451322
-0.379238
-0.300433
-0.214479
-0.120199
-0.0153452
0.102853
0.217942
0.309159
0.376339
0.42487
0.459214
0.483031
0.499231
0.509856
0.515083
0.515426
-0.621302
-0.588357
-0.532963
-0.467373
-0.395094
-0.316195
-0.230141
-0.135471
-0.0293042
0.0922434
0.212913
0.310065
0.382592
0.435793
0.47397
0.500581
0.518431
0.529709
0.534824
0.534847
-0.637301
-0.604198
-0.548419
-0.482663
-0.41034
-0.33155
-0.245688
-0.151035
-0.0440354
0.080434
0.206486
0.309539
0.387352
0.445407
0.488142
0.51849
0.538679
0.550582
0.555272
0.554891
-0.652471
-0.619042
-0.563032
-0.497153
-0.424907
-0.346413
-0.261016
-0.166773
-0.0594244
0.0674969
0.198691
0.307456
0.390277
0.452899
0.500673
0.536171
0.560259
0.573096
0.576077
0.574861
-0.666683
-0.632989
-0.576732
-0.510797
-0.438747
-0.360705
-0.276028
-0.182557
-0.0753462
0.053543
0.189588
0.303803
0.390989
0.457454
0.510232
0.552148
0.582925
0.599444
0.598813
0.594424
-0.680056
-0.646041
-0.589545
-0.523627
-0.451892
-0.374468
-0.290773
-0.198461
-0.0919103
0.0384383
0.179098
0.298509
0.389452
0.45865
0.515005
0.563501
0.604151
0.632801
0.635191
0.610459
-0.692554
-0.658201
-0.60156
-0.535796
-0.464565
-0.387971
-0.30562
-0.214992
-0.109798
0.0213184
0.166485
0.290982
0.38514
0.455329
0.511704
0.563888
0.610789
0.6425
0.636382
0.604873
-0.70412
-0.669481
-0.612632
-0.547114
-0.476516
-0.40091
-0.320306
-0.231797
-0.128663
0.00245808
0.151959
0.281289
0.377848
0.447642
0.496647
0.543722
0.58046
0.591828
0.528049
0.479833
-0.714093
-0.679918
-0.622453
-0.557022
-0.487276
-0.412965
-0.334606
-0.248711
-0.148395
-0.01827
0.135384
0.270191
0.367559
0.436247
0.472436
0.494009
0.512855
0.472218
0.391897
0.338419
-0.767153
-0.686446
-0.631617
-0.566785
-0.498106
-0.425211
-0.348653
-0.266003
-0.169506
-0.0414036
0.116458
0.256988
0.353244
0.421541
0.433589
0.422017
0.387281
0.31505
0.219759
0.167139
-0.71069
-0.697442
-0.642305
-0.580127
-0.512542
-0.441615
-0.369041
-0.291595
-0.201869
-0.0774721
0.087687
0.235978
0.325423
0.369617
0.36431
0.217872
0.0790251
-0.014642
-0.109721
-0.0550972
-0.73578
-0.707726
-0.652756
-0.590847
-0.52389
-0.454513
-0.384005
-0.310843
-0.227903
-0.1097
0.0591309
0.216872
0.302293
0.312352
0.232559
0.0266969
-0.160636
-0.292752
-0.430594
-0.335168
-0.752261
-0.71976
-0.664585
-0.602192
-0.535751
-0.467794
-0.399845
-0.331892
-0.256552
-0.144933
0.0257457
0.193296
0.274522
0.249182
0.0892683
-0.192455
-0.431357
-0.614446
-0.818803
-0.711114
-0.767017
-0.732062
-0.675953
-0.61289
-0.546887
-0.480332
-0.415435
-0.353027
-0.286371
-0.183879
-0.00800276
0.172959
0.247913
0.175003
-0.0814489
-0.423922
-0.741883
-1.01613
-1.32011
-1.27187
-0.77947
-0.7438
-0.686887
-0.623333
-0.557759
-0.492694
-0.431121
-0.375058
-0.318934
-0.230192
-0.0542066
0.146601
0.22016
0.0888121
-0.250842
-0.648232
-1.04765
-1.41991
-1.84498
-2.20484
-0.790624
-0.754865
-0.697463
-0.633629
-0.568421
-0.504827
-0.446699
-0.397646
-0.354119
-0.283533
-0.109547
0.112963
0.187369
-0.0041505
-0.410473
-0.836586
-1.27953
-1.6561
-1.83652
-2.14199
-0.801003
-0.765148
-0.707579
-0.643617
-0.578807
-0.51669
-0.462218
-0.42096
-0.392778
-0.348183
-0.186882
0.0629507
0.1398
-0.133817
-0.56266
-0.983642
-1.39086
-1.64676
-1.70213
-1.75664
-0.810847
-0.7748
-0.717097
-0.653045
-0.588622
-0.527972
-0.477374
-0.444985
-0.436002
-0.429561
-0.303238
-0.0315251
0.0442626
-0.30336
-0.708396
-1.08782
-1.49023
-1.69361
-1.6652
-1.67896
-0.82016
-0.783783
-0.72581
-0.661604
-0.597438
-0.538152
-0.491443
-0.46884
-0.483516
-0.535078
-0.488307
-0.209758
-0.131756
-0.509378
-0.861803
-1.15867
-1.55642
-1.80507
-1.68097
-1.63951
-0.828875
-0.791896
-0.733476
-0.668947
-0.60481
-0.546547
-0.503449
-0.491216
-0.533945
-0.674487
-0.78405
-0.520607
-0.426135
-0.766332
-1.02939
-1.1538
-1.29987
-1.47167
-1.45831
-1.43611
-0.836761
-0.798954
-0.739843
-0.674715
-0.610227
-0.552411
-0.512163
-0.510226
-0.583151
-0.8507
-1.2278
-0.995174
-0.826512
-1.08097
-1.24023
-1.11265
-0.823355
-1.07249
-1.32333
-1.38858
-0.843442
-0.804671
-0.744617
-0.678552
-0.61317
-0.554972
-0.516084
-0.522036
-0.63011
-1.04136
-1.79243
-1.59609
-1.29257
-1.4555
-1.71714
-1.73483
-1.65112
-1.70248
-1.75715
-1.80054
-0.848892
-0.808894
-0.747531
-0.680137
-0.61321
-0.553453
-0.51378
-0.522685
-0.658184
-1.19158
-2.30356
-2.12247
-1.70642
-1.8858
-2.5397
-3.24622
-3.37866
-3.15556
-2.86907
-2.74415
-0.852942
-0.811471
-0.748463
-0.679266
-0.610047
-0.547392
-0.504083
-0.509443
-0.647062
-1.23802
-2.51393
-2.30879
-1.77579
-2.0282
-2.97062
-4.265
-4.47601
-3.89618
-3.37663
-3.18612
-0.85547
-0.812395
-0.747433
-0.675955
-0.603679
-0.536703
-0.486773
-0.480575
-0.594901
-1.11619
-2.23755
-1.89915
-1.29547
-1.34873
-1.94463
-2.7261
-2.82832
-2.38167
-2.00122
-1.85172
-0.856561
-0.811859
-0.744627
-0.670452
-0.594453
-0.521872
-0.462462
-0.437369
-0.502693
-0.843392
-1.50318
-1.03764
-0.380134
-0.0985332
-0.0695668
-0.154725
-0.160988
-0.0223997
0.0560259
0.0802849
-0.856643
-0.810233
-0.740421
-0.663211
-0.582931
-0.503897
-0.433224
-0.384446
-0.387178
-0.510283
-0.647574
-0.193287
0.332867
0.648784
0.850321
0.988115
1.08601
1.13394
1.1486
1.14964
-0.855923
-0.807686
-0.735179
-0.654625
-0.569943
-0.48415
-0.401624
-0.328763
-0.273694
-0.231082
-0.0796396
0.313904
0.693407
0.980211
1.16948
1.3026
1.39059
1.43831
1.45759
1.4597
-0.853511
-0.803827
-0.728714
-0.644874
-0.555895
-0.463749
-0.370396
-0.276882
-0.178995
-0.0467925
0.196605
0.523885
0.807051
1.03526
1.19389
1.30397
1.37946
1.42754
1.45278
1.45762
-0.846719
-0.797045
-0.720166
-0.633408
-0.540725
-0.443267
-0.341224
-0.232581
-0.108179
0.0628908
0.311823
0.583267
0.809352
0.987057
1.11628
1.20899
1.27551
1.32178
1.34919
1.35496
-0.834768
-0.785162
-0.70745
-0.618543
-0.523292
-0.422151
-0.314403
-0.196619
-0.0589868
0.122991
0.353014
0.578691
0.764126
0.908215
1.01616
1.09636
1.15614
1.19981
1.22383
1.23027
-0.81114
-0.763312
-0.687353
-0.59768
-0.501372
-0.398988
-0.288958
-0.167591
-0.0263379
0.151889
0.357447
0.546872
0.701011
0.821515
0.91403
0.984749
1.03895
1.07942
1.1023
1.10899
-0.77001
-0.726334
-0.655079
-0.566763
-0.472499
-0.371652
-0.262924
-0.143191
-0.00547926
0.160815
0.341245
0.501
0.629788
0.731445
0.811201
0.87362
0.922544
0.959053
0.980655
0.98793
-0.708752
-0.672133
-0.604055
-0.52181
-0.432738
-0.337504
-0.234673
-0.121352
0.00712783
0.157706
0.313404
0.446114
0.552389
0.636717
0.703821
0.757511
0.799956
0.832517
0.854158
0.861179
-0.615076
-0.589982
-0.53054
-0.458148
-0.379207
-0.294062
-0.201352
-0.0991073
0.0155694
0.146389
0.276987
0.385116
0.469698
0.535965
0.588168
0.629918
0.663599
0.689364
0.705525
0.710128
-0.478166
-0.465674
-0.425449
-0.370893
-0.309183
-0.240268
-0.16296
-0.076067
0.0223971
0.134502
0.245184
0.335643
0.405148
0.458268
0.498764
0.529454
0.552526
0.570506
0.58288
0.585971
-0.330496
-0.326017
-0.303499
-0.270057
-0.228829
-0.178974
-0.119928
-0.0503584
0.030847
0.124645
0.217149
0.292033
0.348717
0.39099
0.421864
0.443964
0.459642
0.47003
0.475619
0.476742
-0.202522
-0.200343
-0.190509
-0.173222
-0.149092
-0.116922
-0.0752343
-0.0227856
0.0413934
0.117611
0.193575
0.254751
0.300236
0.333077
0.356301
0.372201
0.382344
0.388367
0.391309
0.39169
-0.104588
-0.104741
-0.101978
-0.0947609
-0.0819954
-0.0623671
-0.0343013
0.0037902
0.0530135
0.113503
0.174658
0.223762
0.259846
0.285467
0.302791
0.313854
0.320634
0.324387
0.325884
0.325924
-0.0390477
-0.0399054
-0.0409305
-0.0391625
-0.0330964
-0.021098
-0.00201648
0.0255351
0.0627689
0.110032
0.158603
0.197603
0.225842
0.245322
0.258256
0.266485
0.271211
0.273465
0.274207
0.274167
0.000705896
-5.46209e-05
-0.00139761
-0.00135521
0.00150106
0.00856843
0.0215371
0.0415806
0.0697336
0.106339
0.1444
0.174961
0.197023
0.21225
0.222172
0.22814
0.231397
0.232875
0.233304
0.233257
0.0244364
0.0239951
0.0231689
0.0232084
0.0251346
0.0298442
0.0390939
0.053494
0.0745952
0.102801
0.132551
0.156508
0.173659
0.185229
0.19261
0.197045
0.19944
0.200477
0.200768
0.200731
0.0396469
0.0394105
0.0389586
0.0390734
0.0404964
0.0440382
0.0507093
0.0615111
0.0774308
0.0990242
0.122025
0.140556
0.153776
0.162704
0.168397
0.171769
0.173541
0.174291
0.174498
0.174468
0.0494484
0.0493249
0.0490926
0.0492827
0.0504082
0.0530373
0.057978
0.0660779
0.0781797
0.0947551
0.112534
0.126902
0.137143
0.144009
0.148342
0.150891
0.152229
0.15279
0.152945
0.152921
0.055393
0.0553307
0.0552287
0.0554541
0.0563795
0.0584278
0.0622183
0.068355
0.0775635
0.0902724
0.103973
0.115051
0.122927
0.128194
0.13151
0.133466
0.134474
0.13489
0.135002
0.13498
0.0585202
0.0584882
0.058458
0.058686
0.0594414
0.0610437
0.0639253
0.0686445
0.075699
0.0854521
0.0959974
0.104535
0.110603
0.114654
0.117201
0.118683
0.11945
0.119762
0.119843
0.119824
0.0595709
0.0595544
0.0595614
0.0597745
0.0603908
0.0616462
0.0638642
0.0675177
0.0729238
0.0804161
0.0885305
0.0951004
0.0997654
0.102873
0.104833
0.10596
0.106539
0.10677
0.106827
0.10681
0.0590624
0.0590531
0.0590734
0.0592579
0.0597527
0.0607372
0.0624599
0.0652703
0.069432
0.0751915
0.0814308
0.0864824
0.0900659
0.092452
0.0939543
0.0948147
0.0952523
0.0954231
0.0954625
0.0954481
0.0573577
0.0573519
0.0573744
0.057527
0.0579195
0.0586894
0.0600245
0.0621827
0.0653925
0.0698223
0.07462
0.0785018
0.0812518
0.083067
0.0842432
0.0848891
0.0852173
0.0853428
0.0853697
0.0853574
0.0547272
0.0547232
0.0547433
0.0548652
0.0551722
0.0557684
0.0567884
0.0584954
0.0609406
0.0643454
0.0680316
0.0710129
0.0731264
0.0745366
0.0754051
0.0759013
0.0761494
0.0762414
0.0762595
0.0762493
0.0513799
0.0513768
0.0513929
0.0514881
0.0517265
0.0521882
0.0529817
0.054251
0.056165
0.0587858
0.0616179
0.0639045
0.0655237
0.0666091
0.0672665
0.0676414
0.0678274
0.0678947
0.0679066
0.0678981
0.0474771
0.0474746
0.0474867
0.0475599
0.0477433
0.0480986
0.0487086
0.0496788
0.0511474
0.053165
0.0553372
0.0570897
0.058336
0.0591567
0.0596561
0.0599397
0.0600789
0.0601274
0.0601348
0.0601278
0.0431454
0.0431431
0.0431517
0.043207
0.043347
0.0436186
0.0440849
0.044822
0.0459589
0.0474994
0.0491617
0.0505026
0.0514594
0.0520749
0.0524538
0.0526675
0.0527711
0.0528061
0.0528105
0.0528046
0.038483
0.0384807
0.0384865
0.0385279
0.038634
0.0388404
0.0391945
0.0397559
0.040596
0.0417996
0.0430661
0.044097
0.0448142
0.0452791
0.0455642
0.0457236
0.0457998
0.0458242
0.0458264
0.0458217
0.0335683
0.0335661
0.0335696
0.0335997
0.0336783
0.0338326
0.0340988
0.0345231
0.0351563
0.0360708
0.0370279
0.0378148
0.0383476
0.0386968
0.0389105
0.0390295
0.0390853
0.039102
0.0391025
0.0390988
0.0284621
0.0284601
0.0284613
0.0284821
0.0285393
0.028653
0.0288503
0.0291659
0.029633
0.030325
0.0310429
0.0316357
0.0320257
0.0322832
0.0324401
0.0325267
0.0325665
0.0325776
0.0325771
0.032574
0.0232111
0.0232091
0.0232087
0.0232224
0.0232623
0.0233435
0.0234864
0.0237144
0.0240767
0.0245671
0.0250869
0.0255097
0.0258092
0.0259957
0.0261081
0.0261687
0.0261952
0.0262011
0.0261995
0.026197
0.0178519
0.0178499
0.0178481
0.0178558
0.0178822
0.0179382
0.0180377
0.0182009
0.0184521
0.0187954
0.0191618
0.0194577
0.019664
0.019795
0.0198723
0.0199134
0.0199304
0.0199329
0.0199308
0.0199289
0.012414
0.0124122
0.0124095
0.0124129
0.0124285
0.0124632
0.0125282
0.0126341
0.0127948
0.0130165
0.0132538
0.0134442
0.0135764
0.0136615
0.0137112
0.0137364
0.0137457
0.0137455
0.013743
0.0137415
0.00692046
0.00691918
0.00691651
0.00691685
0.00692418
0.0069423
0.00697617
0.00703201
0.00711632
0.00723312
0.00735961
0.00746168
0.00753242
0.00757717
0.00760236
0.007614
0.00761665
0.00761409
0.00761151
0.00761053
0.00138911
0.00138887
0.00138668
0.00138283
0.00138242
0.0013846
0.00138977
0.00139885
0.0014131
0.00143363
0.00145927
0.00148342
0.00150094
0.00151247
0.00151934
0.00152305
0.00152403
0.00152224
0.00151809
0.00151736
-0.928568
-0.642275
-0.334368
-0.0883626
0.110116
0.271728
0.410799
0.529967
0.588286
0.562777
-0.426012
-0.240113
-0.0509333
0.110873
0.248636
0.36506
0.460844
0.530148
0.565803
0.574013
-0.0955562
0.023631
0.147729
0.258348
0.354097
0.434622
0.498682
0.544928
0.575666
0.590495
0.12612
0.206656
0.292803
0.370361
0.437951
0.494966
0.541031
0.576243
0.602786
0.618991
0.288556
0.346039
0.406237
0.462867
0.512841
0.555737
0.591417
0.620076
0.642653
0.659163
0.41462
0.45658
0.503099
0.547298
0.586878
0.621673
0.651443
0.675717
0.694944
0.711525
0.520692
0.554587
0.594371
0.631569
0.665852
0.696447
0.722831
0.744268
0.760666
0.777372
0.617365
0.64982
0.687421
0.722596
0.754905
0.783656
0.808107
0.827704
0.84167
0.858527
0.717629
0.752864
0.791861
0.827324
0.858917
0.886446
0.909435
0.927367
0.939685
0.957045
0.835996
0.874827
0.91484
0.950322
0.980652
1.00616
1.02715
1.04348
1.05524
1.07333
0.983024
1.02213
1.05887
1.09024
1.11654
1.1391
1.15854
1.17437
1.18701
1.20508
1.15894
1.19112
1.21766
1.24039
1.26071
1.27975
1.29773
1.31444
1.32993
1.34808
1.34836
1.36576
1.38103
1.39737
1.41341
1.42815
1.44157
1.45564
1.47334
1.49354
1.53036
1.54
1.5517
1.5627
1.57216
1.58183
1.59263
1.60407
1.61552
1.63092
1.73771
1.74141
1.72661
1.71206
1.70592
1.71163
1.73024
1.76052
1.79259
1.81921
2.04438
1.9096
1.83299
1.79045
1.77295
1.77708
1.80436
1.86083
1.96366
2.18809
0.297254
0.295256
0.290851
0.282472
0.270577
0.258869
0.249103
0.241623
0.236329
0.233221
0.232719
0.235003
0.239518
0.246112
0.254875
0.26583
0.278015
0.288687
0.294644
0.297516
0.221059
0.226999
0.233696
0.238744
0.241747
0.241956
0.239726
0.236341
0.233108
0.230889
0.230536
0.232374
0.2355
0.239158
0.242303
0.243517
0.241951
0.237836
0.23211
0.225247
0.212233
0.214555
0.218488
0.222197
0.224829
0.226709
0.227822
0.227954
0.227335
0.226695
0.22672
0.227536
0.228628
0.229199
0.228741
0.227346
0.225193
0.222109
0.218134
0.214859
0.206974
0.207821
0.210599
0.214325
0.217438
0.219641
0.221087
0.221959
0.222377
0.222516
0.222751
0.22316
0.223317
0.222969
0.222034
0.220371
0.217832
0.214394
0.210908
0.209186
0.206229
0.206497
0.207787
0.209818
0.211836
0.213861
0.215653
0.217007
0.217909
0.2185
0.218899
0.21906
0.218828
0.218072
0.216729
0.214931
0.213026
0.211077
0.209319
0.208638
0.205468
0.205577
0.206172
0.207213
0.208353
0.209447
0.210529
0.211644
0.21262
0.213388
0.213895
0.21404
0.213775
0.213166
0.212364
0.211578
0.210523
0.209498
0.208671
0.208384
0.203586
0.20363
0.203926
0.204535
0.205248
0.206193
0.207277
0.208224
0.209156
0.209994
0.210615
0.210847
0.210706
0.210308
0.209682
0.208843
0.208275
0.207686
0.207273
0.207151
0.200813
0.200833
0.200986
0.201338
0.201806
0.202373
0.203049
0.203842
0.204704
0.20557
0.206308
0.206719
0.206792
0.206643
0.20639
0.206098
0.20579
0.205487
0.205293
0.205242
0.197581
0.197593
0.197696
0.197938
0.198295
0.198761
0.199354
0.200076
0.20092
0.201854
0.202747
0.203366
0.203663
0.20374
0.203682
0.203554
0.203402
0.203253
0.20316
0.203133
0.19397
0.193975
0.194051
0.194222
0.194493
0.194878
0.195407
0.196107
0.196991
0.198042
0.199143
0.200011
0.200545
0.200837
0.200975
0.201019
0.201013
0.200985
0.200964
0.200957
0.190011
0.190015
0.190077
0.190224
0.190467
0.190835
0.191366
0.192103
0.193082
0.194314
0.195685
0.196848
0.197645
0.198154
0.198465
0.198644
0.198741
0.198787
0.198809
0.198812
0.185688
0.185688
0.185753
0.185902
0.186153
0.186545
0.187128
0.187963
0.189109
0.190599
0.192318
0.193841
0.194915
0.195662
0.196146
0.19645
0.196635
0.196741
0.196794
0.196806
0.180981
0.180979
0.18105
0.181218
0.181504
0.181956
0.182641
0.183636
0.185024
0.186863
0.189029
0.190983
0.192423
0.193411
0.194077
0.194508
0.194777
0.194936
0.195017
0.195037
0.175823
0.17582
0.175905
0.176105
0.17645
0.176998
0.177834
0.179057
0.180778
0.183079
0.185814
0.18831
0.190153
0.191445
0.19232
0.192892
0.193252
0.193467
0.193578
0.193606
0.170112
0.170107
0.170214
0.170463
0.170892
0.171576
0.17262
0.174154
0.176315
0.179214
0.182672
0.18584
0.188186
0.189839
0.190961
0.191697
0.192163
0.192442
0.192586
0.192622
0.163708
0.163702
0.163837
0.164154
0.164699
0.165567
0.166891
0.168834
0.171572
0.175241
0.179616
0.183622
0.186588
0.188681
0.190103
0.191037
0.191629
0.191985
0.192168
0.192213
0.15642
0.156412
0.156588
0.156996
0.157697
0.15881
0.160504
0.162985
0.166472
0.17113
0.176662
0.181715
0.185451
0.188084
0.189873
0.191049
0.191794
0.192243
0.192473
0.192531
0.147991
0.14798
0.148211
0.148744
0.149655
0.151095
0.15328
0.156469
0.160927
0.16685
0.173844
0.1802
0.184887
0.188186
0.190426
0.191899
0.192833
0.193396
0.193684
0.193755
0.138066
0.138053
0.138361
0.139066
0.140264
0.142144
0.144985
0.149108
0.154833
0.162375
0.171204
0.179178
0.185036
0.189155
0.191951
0.193789
0.194957
0.195661
0.196023
0.19611
0.126156
0.126141
0.126563
0.127514
0.129105
0.131588
0.135318
0.140688
0.14807
0.15768
0.168805
0.17877
0.186063
0.191187
0.194668
0.19696
0.198419
0.199304
0.199758
0.199866
0.111583
0.11157
0.112165
0.113471
0.115617
0.11894
0.123899
0.130959
0.140517
0.152764
0.16673
0.179121
0.188159
0.194511
0.198835
0.201691
0.203521
0.20464
0.205219
0.205353
0.093359
0.0933604
0.0942354
0.0960734
0.0990315
0.103582
0.110295
0.119671
0.132095
0.147671
0.165104
0.180402
0.191532
0.199376
0.204744
0.208311
0.210613
0.212039
0.212788
0.212962
0.0699406
0.0699846
0.0713465
0.0740392
0.0782907
0.0847523
0.0940442
0.10663
0.122807
0.142525
0.164101
0.182803
0.196393
0.206032
0.212698
0.217177
0.220096
0.221928
0.22291
0.223146
0.038752
0.0389215
0.0411955
0.0454344
0.0519524
0.061537
0.0746902
0.0917291
0.112764
0.137524
0.163916
0.186493
0.202902
0.214666
0.222949
0.228636
0.232423
0.234837
0.236154
0.236481
-0.00481196
-0.00426769
0.000112652
0.00758486
0.01837
0.0331335
0.0520242
0.0751111
0.102239
0.132929
0.164725
0.191559
0.211092
0.225298
0.235565
0.24288
0.247971
0.251389
0.253328
0.25377
-0.0690777
-0.0667519
-0.0566238
-0.0420736
-0.0232523
-0.000251648
0.0267081
0.057498
0.0918147
0.129116
0.166696
0.197989
0.220818
0.237685
0.250244
0.25962
0.266582
0.271664
0.27481
0.275251
-0.146463
-0.142145
-0.123381
-0.0971715
-0.0677015
-0.0351464
0.000575609
0.0394923
0.0814519
0.126036
0.170364
0.207271
0.234575
0.255295
0.271341
0.283972
0.294097
0.302131
0.306129
0.3079
-0.225466
-0.213992
-0.18584
-0.149641
-0.110601
-0.0689644
-0.0247175
0.0222195
0.0717546
0.123587
0.174684
0.217197
0.248824
0.273092
0.292218
0.307592
0.320089
0.330239
0.336832
0.339933
-0.283117
-0.270614
-0.237586
-0.194958
-0.148757
-0.0997814
-0.0481857
0.00593106
0.0624317
0.120997
0.178266
0.225569
0.260525
0.287133
0.307841
0.324201
0.337241
0.347606
0.35445
0.357623
-0.328955
-0.316164
-0.279789
-0.232699
-0.181473
-0.126987
-0.0695168
-0.00932129
0.0532955
0.11788
0.180653
0.232105
0.269718
0.297956
0.319612
0.336483
0.349743
0.360153
0.367118
0.370089
-0.366033
-0.353446
-0.31512
-0.26476
-0.209699
-0.150917
-0.0887255
-0.023437
0.0445437
0.114632
0.182533
0.237763
0.277682
0.307261
0.329625
0.346804
0.360134
0.370473
0.377439
0.380358
-0.397609
-0.385245
-0.345606
-0.292876
-0.234816
-0.172526
-0.10635
-0.0366457
0.0361085
0.111203
0.183877
0.242691
0.284816
0.315662
0.33869
0.356168
0.36959
0.379909
0.386931
0.389796
-0.425389
-0.413179
-0.372623
-0.318081
-0.257688
-0.192549
-0.123029
-0.0495247
0.0275069
0.107303
0.184677
0.247141
0.291554
0.323747
0.347507
0.365333
0.378883
0.389204
0.396277
0.399094
-0.450596
-0.438462
-0.3972
-0.34123
-0.278974
-0.211523
-0.139187
-0.062323
0.0186232
0.102915
0.184992
0.251275
0.298179
0.331887
0.3565
0.374762
0.3885
0.398845
0.405992
0.408755
-0.474059
-0.461942
-0.420066
-0.36293
-0.299126
-0.229736
-0.155009
-0.075221
0.00928526
0.0978801
0.184746
0.255134
0.304836
0.340309
0.365954
0.384769
0.398765
0.409201
0.416312
0.419029
-0.496262
-0.484137
-0.441705
-0.383599
-0.318534
-0.247523
-0.170768
-0.0884262
-0.0006701
0.0920762
0.183849
0.258696
0.311579
0.34914
0.37605
0.395566
0.409906
0.420482
0.427625
0.430295
-0.517561
-0.505323
-0.462345
-0.403463
-0.337365
-0.265011
-0.186559
-0.102029
-0.0113448
0.0853813
0.182175
0.261864
0.318378
0.358421
0.38689
0.407301
0.422108
0.432874
0.440056
0.442698
-0.538083
-0.525709
-0.482213
-0.422658
-0.355696
-0.282268
-0.202432
-0.116066
-0.0228048
0.0776941
0.179593
0.264496
0.325128
0.368109
0.398501
0.42006
0.435486
0.446545
0.453772
0.456382
-0.557793
-0.545235
-0.501367
-0.441264
-0.373556
-0.299294
-0.21839
-0.130545
-0.0350687
0.0689259
0.175967
0.266427
0.331655
0.37808
0.41083
0.433865
0.450109
0.461559
0.468877
0.471494
-0.576811
-0.564037
-0.519749
-0.459201
-0.390937
-0.316055
-0.234379
-0.145429
-0.0481269
0.0590512
0.171166
0.267462
0.337729
0.388126
0.423736
0.448638
0.465981
0.477971
0.485447
0.488008
-0.595053
-0.582147
-0.537466
-0.476454
-0.407794
-0.332488
-0.250326
-0.16064
-0.0619401
0.0480539
0.1651
0.267402
0.343079
0.397928
0.436937
0.464185
0.483
0.495793
0.503541
0.50599
-0.612519
-0.599401
-0.554431
-0.492984
-0.424061
-0.348525
-0.266149
-0.176088
-0.0764305
0.0359509
0.15772
0.266087
0.347419
0.407057
0.450047
0.480291
0.500993
0.514795
0.522848
0.525153
-0.628987
-0.61577
-0.570479
-0.508741
-0.439652
-0.364071
-0.28175
-0.191671
-0.0915034
0.0228052
0.149013
0.263417
0.350408
0.415053
0.462527
0.496595
0.519914
0.534978
0.543189
0.545194
-0.644635
-0.631295
-0.585631
-0.523697
-0.454534
-0.379066
-0.297026
-0.207279
-0.107048
0.00871001
0.139
0.259298
0.35178
0.421335
0.473662
0.512432
0.539593
0.556482
0.564361
0.56554
-0.659357
-0.645877
-0.599899
-0.537786
-0.468638
-0.393433
-0.311885
-0.222784
-0.122931
-0.00625406
0.127766
0.253712
0.351313
0.425418
0.482513
0.526682
0.559521
0.580204
0.587203
0.585355
-0.673221
-0.659563
-0.613225
-0.550978
-0.481939
-0.407113
-0.326246
-0.238089
-0.139026
-0.0219339
0.115422
0.246727
0.349048
0.426753
0.487486
0.537121
0.577613
0.606698
0.616902
0.606251
-0.686171
-0.672383
-0.6257
-0.563389
-0.4946
-0.420343
-0.340409
-0.253607
-0.155901
-0.0390402
0.101239
0.23786
0.344558
0.424965
0.48727
0.540961
0.58919
0.630577
0.647727
0.645391
-0.698234
-0.684174
-0.637305
-0.575004
-0.506628
-0.433132
-0.354347
-0.269322
-0.173604
-0.0577334
0.0849813
0.227026
0.3377
0.419684
0.47987
0.531849
0.57987
0.617979
0.620306
0.550521
-0.709261
-0.694678
-0.6479
-0.585956
-0.51815
-0.445596
-0.368067
-0.285105
-0.192023
-0.0779283
0.0667195
0.214299
0.328161
0.41106
0.466323
0.503134
0.541528
0.552615
0.504079
0.428557
-0.719142
-0.705523
-0.657075
-0.595931
-0.528869
-0.457271
-0.381661
-0.300887
-0.210968
-0.0994172
0.0466539
0.19974
0.31586
0.3992
0.449142
0.480534
0.463502
0.432126
0.354559
0.269589
-0.695113
-0.680715
-0.637099
-0.573787
-0.505462
-0.432997
-0.356096
-0.275091
-0.180571
-0.0533019
0.106009
0.248549
0.343408
0.412707
0.475825
0.378511
0.316712
0.243335
0.151844
0.090537
-0.71617
-0.698894
-0.668267
-0.610445
-0.545189
-0.475115
-0.40172
-0.325288
-0.241707
-0.136845
0.00908977
0.17294
0.293395
0.364611
0.414613
0.400251
0.267614
0.158101
0.0799076
-0.0293015
-0.730075
-0.712795
-0.675956
-0.617585
-0.553109
-0.48426
-0.413307
-0.340195
-0.261331
-0.161987
-0.0174651
0.151694
0.276961
0.334873
0.333033
0.235463
0.035493
-0.0985902
-0.201544
-0.316067
-0.743409
-0.73005
-0.686631
-0.628132
-0.56345
-0.495498
-0.426423
-0.35683
-0.283256
-0.190352
-0.0468712
0.130751
0.25529
0.293204
0.239111
0.0434046
-0.193538
-0.371518
-0.520074
-0.692727
-0.758811
-0.744757
-0.698834
-0.639411
-0.574592
-0.507548
-0.440436
-0.374725
-0.307837
-0.224227
-0.0856494
0.104584
0.237671
0.250301
0.131958
-0.154526
-0.453697
-0.697972
-0.914155
-1.19803
-0.772098
-0.757882
-0.710623
-0.650095
-0.585234
-0.519111
-0.45421
-0.392878
-0.333601
-0.261382
-0.129207
0.0716067
0.218315
0.205623
0.0121296
-0.352835
-0.723497
-1.07423
-1.37756
-1.96949
-0.783707
-0.769892
-0.72185
-0.660589
-0.595725
-0.530465
-0.467896
-0.411378
-0.361106
-0.303521
-0.182585
0.03193
0.193244
0.150547
-0.130746
-0.538459
-0.96272
-1.38487
-1.75488
-2.44331
-0.794361
-0.780994
-0.732483
-0.670799
-0.605971
-0.541532
-0.481304
-0.429928
-0.390025
-0.35012
-0.247799
-0.0220855
0.16123
0.0759054
-0.27566
-0.700249
-1.13375
-1.52529
-1.72727
-1.77183
-0.804462
-0.791397
-0.7425
-0.680554
-0.615834
-0.552229
-0.49443
-0.448768
-0.421073
-0.405078
-0.335282
-0.105731
0.102965
-0.0241474
-0.433323
-0.836317
-1.24729
-1.58227
-1.64962
-1.67437
-0.814051
-0.801017
-0.751852
-0.689617
-0.62495
-0.562119
-0.506755
-0.467302
-0.45371
-0.470896
-0.46061
-0.247381
-0.0166018
-0.184112
-0.609375
-0.949668
-1.33076
-1.69899
-1.75338
-1.69004
-0.82314
-0.809964
-0.760328
-0.697701
-0.632951
-0.57069
-0.517565
-0.484446
-0.487291
-0.547857
-0.642774
-0.501947
-0.242295
-0.417774
-0.803991
-1.06183
-1.30878
-1.66651
-1.65847
-1.56998
-0.831478
-0.818067
-0.767726
-0.704509
-0.639415
-0.577351
-0.525959
-0.498803
-0.520213
-0.634579
-0.896263
-0.92205
-0.597494
-0.739537
-1.0413
-1.14945
-1.04299
-1.05554
-1.27421
-1.36873
-0.838799
-0.825033
-0.773785
-0.709724
-0.643915
-0.581494
-0.530919
-0.508448
-0.550208
-0.725342
-1.22482
-1.5117
-1.08668
-1.1331
-1.37627
-1.39905
-1.10469
-1.11914
-1.34911
-1.48964
-0.844949
-0.830655
-0.778248
-0.713049
-0.646052
-0.582488
-0.531404
-0.510978
-0.563573
-0.800792
-1.56919
-2.15554
-1.60094
-1.55539
-1.86479
-2.33959
-2.46931
-2.43041
-2.312
-2.23898
-0.849683
-0.834835
-0.780975
-0.714258
-0.645507
-0.57987
-0.526493
-0.50439
-0.560674
-0.844523
-1.78823
-2.59783
-1.92858
-1.85244
-2.35546
-3.43355
-4.12625
-4.0167
-3.52991
-3.22287
-0.853049
-0.837497
-0.781889
-0.713253
-0.642158
-0.573412
-0.515746
-0.487462
-0.534851
-0.818667
-1.77737
-2.54811
-1.79407
-1.66335
-2.20701
-3.35007
-4.08085
-3.76406
-3.13712
-2.78601
-0.854945
-0.838632
-0.781083
-0.710155
-0.636141
-0.563319
-0.499411
-0.460123
-0.484643
-0.701909
-1.44816
-1.90508
-1.09602
-0.714995
-0.754866
-1.12123
-1.39956
-1.23543
-0.985623
-0.857888
-0.855754
-0.838561
-0.778864
-0.705292
-0.627882
-0.55016
-0.478383
-0.42442
-0.414823
-0.522334
-0.895761
-0.928723
-0.250472
0.205524
0.430178
0.537345
0.61171
0.696528
0.734338
0.741469
-0.855389
-0.838005
-0.775589
-0.699083
-0.617897
-0.534906
-0.454441
-0.383929
-0.336537
-0.33541
-0.371037
-0.127847
0.344133
0.73288
0.974209
1.14412
1.262
1.33412
1.36298
1.36526
-0.854283
-0.836405
-0.77132
-0.691724
-0.606756
-0.518428
-0.42935
-0.342977
-0.262095
-0.18175
-0.0453005
0.2687
0.613644
0.912055
1.12404
1.27037
1.37092
1.43529
1.47002
1.48163
-0.850555
-0.832883
-0.7655
-0.682928
-0.594406
-0.501252
-0.404671
-0.305057
-0.199428
-0.0720077
0.126711
0.420839
0.696931
0.925128
1.0954
1.21566
1.30078
1.35989
1.39764
1.41323
-0.842682
-0.825666
-0.756398
-0.671457
-0.580022
-0.483117
-0.380828
-0.27185
-0.150782
-0.000399446
0.210538
0.466807
0.693744
0.875473
1.01276
1.11351
1.18775
1.24239
1.27982
1.29543
-0.826805
-0.81168
-0.741449
-0.654816
-0.56164
-0.462674
-0.357189
-0.243087
-0.114479
0.0429173
0.24576
0.466165
0.654424
0.804019
0.918646
1.00547
1.07158
1.12184
1.15838
1.17511
-0.797307
-0.784507
-0.715467
-0.629335
-0.536568
-0.437806
-0.33204
-0.217174
-0.0876891
0.0667207
0.253465
0.442379
0.599781
0.725003
0.8226
0.898423
0.957843
1.00415
1.03959
1.05515
-0.747587
-0.737893
-0.673421
-0.590011
-0.500916
-0.405635
-0.303391
-0.192132
-0.0676482
0.0780656
0.243585
0.405222
0.536452
0.641016
0.72368
0.789261
0.842061
0.885181
0.919918
0.93489
-0.668706
-0.658688
-0.605922
-0.532221
-0.450765
-0.363233
-0.268889
-0.165906
-0.0512798
0.0793331
0.224973
0.359455
0.466648
0.551455
0.618739
0.672524
0.716482
0.754115
0.785214
0.802135
-0.552968
-0.546729
-0.511129
-0.45115
-0.382769
-0.30826
-0.226608
-0.136422
-0.035819
0.0778021
0.201032
0.312391
0.398961
0.465885
0.517613
0.557786
0.588958
0.612997
0.631727
0.643181
-0.403239
-0.402047
-0.382471
-0.344031
-0.296198
-0.240965
-0.177161
-0.104055
-0.0201011
0.0762188
0.1809
0.27486
0.346968
0.401681
0.442831
0.473358
0.495722
0.512144
0.523489
0.528267
-0.262734
-0.262434
-0.253672
-0.233348
-0.20502
-0.168828
-0.123715
-0.0683671
-0.00181871
0.0768331
0.163327
0.240877
0.299821
0.343558
0.375207
0.397638
0.413182
0.423239
0.429139
0.431354
-0.148827
-0.149509
-0.14646
-0.137609
-0.123104
-0.101808
-0.0723085
-0.032893
0.0176637
0.0800143
0.150138
0.213176
0.260476
0.294853
0.319182
0.335699
0.34617
0.352479
0.355825
0.356866
-0.0676635
-0.0684378
-0.0688028
-0.0668407
-0.0605993
-0.0486026
-0.0295333
-0.00202229
0.0354553
0.0837115
0.139394
0.189869
0.227559
0.254493
0.272797
0.28469
0.292122
0.29632
0.298203
0.298661
-0.016319
-0.0168851
-0.0182451
-0.0189382
-0.0168742
-0.0104837
0.00187412
0.0214094
0.0492812
0.0863717
0.130063
0.169853
0.199324
0.220102
0.234192
0.243268
0.248592
0.251317
0.2524
0.252598
0.0141395
0.0137961
0.0128114
0.0120594
0.0130578
0.0168689
0.0249338
0.0385852
0.0591773
0.0875028
0.121526
0.152765
0.175923
0.192165
0.202903
0.209552
0.213387
0.215314
0.216026
0.216154
0.0329369
0.0327291
0.0321953
0.0318035
0.03257
0.0353526
0.0412087
0.051153
0.066405
0.0879158
0.114237
0.138555
0.156482
0.168894
0.177049
0.182115
0.184992
0.186389
0.186881
0.18697
0.0451772
0.0450548
0.0447592
0.0445815
0.0452033
0.0472393
0.0514694
0.0589094
0.0704383
0.0868342
0.107091
0.125911
0.139804
0.149435
0.155732
0.159586
0.161747
0.162789
0.163152
0.16322
0.0528717
0.0527971
0.0526466
0.0526152
0.0531791
0.0547811
0.0579749
0.0635861
0.0722917
0.0848157
0.100421
0.114975
0.125706
0.133102
0.137908
0.140849
0.142486
0.143268
0.143536
0.143585
0.0572889
0.0572396
0.0571667
0.0572073
0.0576976
0.0589666
0.0614456
0.0657168
0.0723696
0.0819476
0.0939367
0.10515
0.113417
0.119111
0.122806
0.125058
0.126303
0.126891
0.127088
0.127122
0.0592919
0.0592568
0.0592272
0.0593048
0.0597282
0.0607394
0.0626585
0.0659407
0.0710424
0.0783888
0.0876084
0.0962459
0.102611
0.106989
0.109825
0.111544
0.112491
0.112935
0.113079
0.113102
0.0595048
0.0594789
0.0594696
0.0595553
0.0599086
0.06071
0.0621906
0.0647855
0.0686728
0.0743109
0.0813979
0.0880435
0.0929378
0.0962976
0.0984592
0.0998006
0.100515
0.100846
0.10095
0.100964
0.0583554
0.0583357
0.0583346
0.0584138
0.0587019
0.0593356
0.0605001
0.0624496
0.0654796
0.0698198
0.0752696
0.0803802
0.0841407
0.0867195
0.0883987
0.0893987
0.0899431
0.0901918
0.090267
0.0902758
0.0561554
0.0561404
0.0561421
0.0562089
0.056438
0.0569332
0.0578339
0.0593262
0.0616825
0.0650176
0.0692071
0.0731351
0.0760231
0.078004
0.0792888
0.0800509
0.080463
0.0806482
0.0807015
0.0807062
0.0531411
0.0531293
0.0531313
0.0531848
0.0533645
0.0537495
0.0544456
0.0555962
0.0574081
0.0599763
0.0631967
0.0662144
0.0684315
0.0699536
0.0709318
0.0715089
0.0718205
0.0719588
0.0719968
0.0719993
0.0494955
0.0494862
0.0494877
0.0495296
0.0496688
0.0499661
0.0505033
0.0513876
0.0527773
0.0547526
0.0572271
0.0595424
0.0612378
0.0624315
0.0631558
0.0635922
0.0638268
0.063929
0.0639552
0.063956
0.045362
0.0453547
0.0453556
0.0453875
0.0454942
0.0457223
0.0461342
0.046812
0.0478571
0.0493912
0.0512887
0.0530634
0.0543674
0.0552598
0.0558199
0.0561521
0.0563287
0.0564042
0.0564224
0.0564223
0.0408538
0.0408481
0.0408482
0.0408716
0.0409521
0.0411253
0.0414389
0.0419552
0.0427481
0.0439264
0.0453789
0.0467349
0.0477467
0.0484083
0.0488315
0.0490814
0.0492132
0.0492683
0.0492803
0.0492794
0.0360567
0.0360523
0.0360517
0.0360683
0.036128
0.0362582
0.0364952
0.0368863
0.0374864
0.0383856
0.0394888
0.0405218
0.0412829
0.041785
0.0421038
0.0422913
0.0423894
0.0424295
0.0424374
0.0424361
0.0310387
0.0310352
0.0310338
0.0310448
0.0310882
0.0311849
0.0313622
0.0316559
0.0321077
0.0327792
0.0336178
0.0343985
0.0349678
0.0353399
0.0355763
0.0357148
0.0357864
0.0358147
0.0358191
0.0358177
0.0258537
0.0258508
0.0258489
0.0258557
0.0258863
0.0259565
0.0260862
0.0263013
0.0266342
0.0271432
0.0277527
0.0283234
0.0287528
0.0290288
0.0292022
0.0293023
0.0293527
0.0293712
0.0293728
0.0293712
0.0205441
0.0205418
0.0205394
0.0205426
0.020563
0.0206116
0.0207027
0.0208549
0.0211048
0.02146
0.0219018
0.0223121
0.0226161
0.0228159
0.0229388
0.0230088
0.0230434
0.0230551
0.0230547
0.0230529
0.0151425
0.0151409
0.0151382
0.0151385
0.0151504
0.0151819
0.0152434
0.0153492
0.0155165
0.015758
0.0160576
0.0163365
0.0165392
0.0166733
0.016757
0.0168032
0.0168249
0.0168311
0.0168295
0.0168278
0.0096735
0.00967225
0.00966955
0.00966839
0.00967465
0.00969288
0.00972955
0.00979243
0.00989206
0.0100365
0.0102159
0.0103838
0.0105054
0.0105864
0.0106361
0.0106627
0.0106739
0.0106756
0.0106726
0.0106708
0.00138903
0.00138839
0.00138429
0.00138228
0.00138318
0.00138675
0.00139373
0.00140524
0.00142251
0.00144641
0.00147218
0.00149298
0.00150739
0.00151636
0.00152155
0.00152387
0.00152352
0.00151993
0.00151755
0.00456016
-2.41401
-1.31707
-0.721806
-0.355812
-0.0850165
0.126317
0.296394
0.443769
0.589777
0.701513
-0.886598
-0.567386
-0.296067
-0.0768052
0.104586
0.255768
0.382756
0.488473
0.557451
0.570913
-0.353214
-0.17926
-0.0181188
0.12559
0.249653
0.355578
0.443218
0.510401
0.55376
0.576112
-0.0416249
0.0677917
0.174439
0.272791
0.359158
0.433019
0.4936
0.540409
0.574327
0.595819
0.166855
0.241614
0.316451
0.386154
0.44803
0.501494
0.546059
0.581829
0.609705
0.628113
0.321703
0.371569
0.428819
0.481374
0.528184
0.569317
0.60455
0.633912
0.657473
0.672636
0.443304
0.482598
0.528431
0.569361
0.607627
0.642106
0.672176
0.697464
0.717782
0.730167
0.547878
0.582387
0.621397
0.658239
0.692521
0.723928
0.751377
0.774319
0.792341
0.802326
0.646113
0.680888
0.719044
0.755714
0.789224
0.819283
0.845281
0.866664
0.882793
0.891353
0.75252
0.791432
0.831324
0.869065
0.90249
0.931499
0.955786
0.97545
0.990033
0.998795
0.882384
0.925483
0.965547
1.00224
1.03338
1.05971
1.08181
1.09986
1.11367
1.12403
1.04521
1.08724
1.12159
1.15155
1.17646
1.19832
1.21828
1.23597
1.25093
1.26379
1.23658
1.26768
1.28927
1.30868
1.32695
1.34435
1.36078
1.37683
1.3935
1.41061
1.43508
1.44659
1.45779
1.47202
1.48648
1.49948
1.51096
1.5219
1.5349
1.5518
1.62107
1.63103
1.63972
1.64231
1.64339
1.64782
1.65869
1.6747
1.69233
1.69688
1.92236
1.86696
1.81613
1.77592
1.75362
1.74954
1.76316
1.79711
1.85353
1.92907
0.439615
0.380938
0.338702
0.305068
0.280714
0.263521
0.251398
0.242845
0.237022
0.233667
0.233132
0.235546
0.240428
0.247766
0.258111
0.272663
0.293256
0.322027
0.360504
0.408187
0.240581
0.249604
0.255579
0.256685
0.253606
0.248002
0.242034
0.236976
0.233405
0.231724
0.23259
0.235631
0.24025
0.246055
0.252199
0.256927
0.258129
0.254568
0.246601
0.238888
0.217258
0.219383
0.224389
0.228501
0.231587
0.233558
0.233796
0.2325
0.230585
0.229086
0.228901
0.230287
0.232441
0.234406
0.235183
0.234141
0.231618
0.228113
0.22352
0.218844
0.209669
0.210596
0.213888
0.217671
0.220475
0.2223
0.223531
0.224226
0.224377
0.224296
0.224463
0.224949
0.22536
0.225229
0.224454
0.223094
0.220916
0.217613
0.213854
0.211479
0.206339
0.2067
0.208757
0.211794
0.214612
0.217025
0.218823
0.21995
0.220563
0.220888
0.221194
0.221522
0.221519
0.22098
0.219733
0.217764
0.215241
0.21235
0.209623
0.208482
0.206081
0.206206
0.207016
0.208345
0.209715
0.211124
0.212523
0.213807
0.214847
0.215599
0.216067
0.216159
0.215823
0.215062
0.214021
0.212793
0.211473
0.210202
0.209095
0.20868
0.204667
0.204719
0.205164
0.206012
0.206998
0.208079
0.209091
0.21013
0.211063
0.211851
0.21241
0.212601
0.212407
0.211903
0.211197
0.210414
0.209553
0.208699
0.208069
0.207869
0.202292
0.202311
0.202509
0.202952
0.203511
0.204206
0.205035
0.205938
0.206852
0.207714
0.208392
0.208703
0.208651
0.208346
0.207906
0.20743
0.207004
0.20659
0.206322
0.206248
0.199244
0.199257
0.199384
0.199679
0.200093
0.200607
0.201232
0.20197
0.202806
0.203695
0.204504
0.205017
0.205208
0.205187
0.205043
0.204834
0.204604
0.204379
0.204237
0.204198
0.195823
0.19583
0.195915
0.196114
0.196419
0.196837
0.197393
0.1981
0.198962
0.199949
0.200939
0.201676
0.202086
0.202267
0.202307
0.202269
0.202196
0.202115
0.202064
0.202049
0.192033
0.192043
0.192101
0.192261
0.192512
0.192883
0.193406
0.194116
0.195038
0.196169
0.197397
0.198406
0.19907
0.19947
0.199697
0.199812
0.19986
0.199873
0.199875
0.199873
0.187891
0.187897
0.187963
0.188106
0.188349
0.188724
0.189275
0.190054
0.191107
0.192458
0.193993
0.19533
0.196255
0.196882
0.197278
0.19752
0.197662
0.19774
0.197778
0.197786
0.183378
0.183384
0.183451
0.183608
0.183874
0.184292
0.184919
0.185827
0.187083
0.188735
0.190664
0.19239
0.19364
0.194503
0.195076
0.195443
0.19567
0.195802
0.19587
0.195886
0.178455
0.178462
0.178539
0.178721
0.179033
0.179529
0.180282
0.181382
0.182924
0.184979
0.187413
0.189625
0.191254
0.192388
0.193155
0.193654
0.193967
0.194153
0.194249
0.194273
0.173032
0.17304
0.173135
0.173357
0.173741
0.174352
0.175284
0.176651
0.178577
0.181158
0.184233
0.187047
0.189128
0.190592
0.191584
0.192235
0.192646
0.192892
0.193019
0.193051
0.166991
0.167001
0.16712
0.167401
0.167884
0.168653
0.169827
0.171551
0.173982
0.177243
0.181132
0.184696
0.187336
0.189198
0.190462
0.191292
0.191818
0.192134
0.192297
0.192337
0.160166
0.160179
0.160333
0.160691
0.161308
0.16229
0.163786
0.165981
0.169069
0.173203
0.178123
0.182624
0.185955
0.188304
0.1899
0.190949
0.191614
0.192014
0.192219
0.192271
0.152337
0.152353
0.152553
0.153016
0.153813
0.155078
0.157002
0.159814
0.163755
0.169008
0.17523
0.1809
0.185087
0.188036
0.19004
0.191357
0.192192
0.192694
0.192952
0.193016
0.143204
0.143225
0.143488
0.144093
0.145132
0.146779
0.149271
0.152895
0.157946
0.16463
0.172491
0.179615
0.184858
0.188547
0.191053
0.1927
0.193744
0.194371
0.194693
0.194772
0.132361
0.132391
0.132739
0.133538
0.134911
0.137078
0.140336
0.145037
0.151533
0.160046
0.169961
0.178881
0.185423
0.190022
0.193145
0.195199
0.1965
0.197281
0.197681
0.197779
0.11924
0.119283
0.119751
0.120825
0.122673
0.125568
0.129874
0.136019
0.144406
0.15525
0.167719
0.178838
0.186964
0.192674
0.196558
0.199116
0.200736
0.201706
0.2022
0.202322
0.103015
0.103075
0.103716
0.105201
0.107756
0.1117
0.117471
0.125581
0.136458
0.150262
0.16587
0.179646
0.189682
0.196747
0.20157
0.204759
0.206784
0.20799
0.208599
0.20875
0.0824583
0.0825432
0.0834536
0.0855905
0.089242
0.0947377
0.102613
0.113441
0.127605
0.145135
0.164544
0.181473
0.193782
0.202485
0.208475
0.212473
0.215032
0.216559
0.217322
0.217506
0.0556642
0.0557922
0.0571698
0.0604443
0.0658793
0.0737819
0.0847815
0.0994043
0.117866
0.139995
0.163899
0.184482
0.199439
0.210103
0.217547
0.222608
0.225915
0.227926
0.228931
0.229162
0.0192899
0.0195155
0.0219285
0.027508
0.0361112
0.0479899
0.0637159
0.0835649
0.107494
0.13512
0.164157
0.18883
0.206774
0.219729
0.228974
0.23545
0.239845
0.242637
0.244073
0.244404
-0.0332904
-0.0325687
-0.0269975
-0.0161496
-0.00147923
0.0170413
0.0396737
0.0664035
0.0969889
0.130905
0.16556
0.194612
0.215784
0.231305
0.242702
0.25103
0.25703
0.26114
0.263467
0.264056
-0.111064
-0.107053
-0.0916844
-0.0700197
-0.0454378
-0.0176112
0.01375
0.0486097
0.0867101
0.12755
0.168322
0.202209
0.227083
0.245709
0.259897
0.270871
0.279474
0.286111
0.290672
0.292676
-0.193698
-0.184278
-0.156469
-0.124128
-0.0894998
-0.0522801
-0.0122226
0.0307612
0.0765584
0.124818
0.172587
0.212377
0.241952
0.264594
0.282397
0.296769
0.308624
0.318572
0.327848
0.331188
-0.257712
-0.248472
-0.213724
-0.173313
-0.130271
-0.0847103
-0.0366138
0.0140252
0.0671239
0.122394
0.17667
0.221692
0.255102
0.280679
0.300767
0.316871
0.329998
0.340743
0.349409
0.352454
-0.308196
-0.298329
-0.260154
-0.214653
-0.165695
-0.113796
-0.059101
-0.0018005
0.0578745
0.119531
0.179603
0.229022
0.265359
0.292832
0.314064
0.330783
0.344191
0.355022
0.363581
0.366805
-0.348553
-0.338631
-0.298557
-0.249299
-0.19598
-0.13923
-0.0792989
-0.0164769
0.0488865
0.11628
0.181671
0.235057
0.273853
0.302785
0.324822
0.341913
0.355395
0.366081
0.374329
0.377706
-0.382237
-0.372329
-0.331187
-0.279216
-0.222536
-0.161927
-0.0976624
-0.0300851
0.0403536
0.112998
0.18331
0.240333
0.281351
0.31156
0.334255
0.351611
0.365119
0.375715
0.383749
0.387129
-0.411401
-0.401549
-0.359743
-0.305757
-0.246441
-0.182652
-0.114734
-0.043069
0.0318655
0.109334
0.18436
0.244985
0.288236
0.31974
0.343124
0.36079
0.374375
0.384932
0.392771
0.39614
-0.437563
-0.427705
-0.385393
-0.329837
-0.268455
-0.202119
-0.131142
-0.055902
0.0231332
0.1052
0.184919
0.249266
0.294891
0.327815
0.351983
0.370028
0.383744
0.394295
0.401983
0.405332
-0.461587
-0.451714
-0.409005
-0.352199
-0.289124
-0.220668
-0.147095
-0.0687265
0.0140448
0.100508
0.184963
0.253258
0.301518
0.336071
0.361175
0.379705
0.393625
0.404208
0.411763
0.415086
-0.484209
-0.474267
-0.431182
-0.373346
-0.30888
-0.238643
-0.162862
-0.0817612
0.0044061
0.0951013
0.184405
0.256975
0.308214
0.344684
0.370929
0.390079
0.404277
0.414935
0.422399
0.425667
-0.50577
-0.495725
-0.452286
-0.393587
-0.32799
-0.256279
-0.178635
-0.0951532
-0.00590131
0.0888605
0.183138
0.260353
0.31499
0.35374
0.381388
0.401329
0.415915
0.426699
0.43413
0.437369
-0.526499
-0.516332
-0.47251
-0.413115
-0.346566
-0.273647
-0.194469
-0.108973
-0.0169597
0.081675
0.181024
0.263275
0.321785
0.363237
0.392621
0.413577
0.428688
0.439678
0.447096
0.450254
-0.546434
-0.536184
-0.492026
-0.432013
-0.364667
-0.290792
-0.210388
-0.12324
-0.02882
0.0734548
0.177926
0.265578
0.328454
0.373091
0.404602
0.426857
0.442683
0.453982
0.461441
0.464469
-0.565637
-0.555236
-0.510714
-0.450303
-0.382289
-0.307699
-0.226372
-0.137929
-0.0414877
0.0641402
0.173713
0.267079
0.334794
0.383131
0.41723
0.441131
0.457915
0.469697
0.477267
0.480097
-0.584148
-0.573642
-0.52872
-0.467897
-0.399419
-0.324303
-0.242351
-0.152985
-0.0549408
0.0536955
0.168289
0.267588
0.340547
0.393092
0.430317
0.456326
0.474356
0.486784
0.494537
0.497222
-0.601919
-0.591278
-0.54607
-0.4848
-0.415996
-0.340549
-0.258251
-0.168335
-0.0691024
0.0421373
0.16158
0.26693
0.345406
0.402641
0.443572
0.472243
0.491916
0.505173
0.513163
0.515716
-0.618801
-0.608035
-0.56258
-0.500949
-0.431934
-0.356358
-0.273975
-0.183869
-0.0838989
0.029508
0.153539
0.264942
0.349068
0.411314
0.456524
0.488527
0.510435
0.524802
0.533029
0.53529
-0.634781
-0.623861
-0.578169
-0.516316
-0.447175
-0.37164
-0.289427
-0.199479
-0.0992216
0.0158732
0.144172
0.261511
0.351284
0.418561
0.468475
0.504703
0.529719
0.545549
0.55374
0.555498
-0.649913
-0.638933
-0.592888
-0.530843
-0.461678
-0.386323
-0.304509
-0.21505
-0.114958
0.00132262
0.133544
0.256658
0.351801
0.42375
0.478445
0.519906
0.549605
0.568039
0.575506
0.575623
-0.66412
-0.653
-0.606696
-0.544487
-0.475389
-0.400355
-0.319137
-0.230477
-0.130977
-0.0140253
0.121719
0.250404
0.350518
0.426327
0.485283
0.532549
0.569041
0.593251
0.60079
0.595722
-0.677509
-0.666207
-0.619582
-0.557261
-0.48833
-0.413758
-0.333331
-0.245795
-0.147343
-0.0302687
0.1086
0.242648
0.347264
0.426251
0.488059
0.540192
0.585033
0.620403
0.637494
0.625182
-0.690087
-0.678525
-0.631647
-0.56929
-0.500691
-0.42679
-0.347417
-0.261454
-0.16469
-0.0482407
0.0933451
0.232717
0.341457
0.422776
0.484595
0.538247
0.588509
0.628819
0.650009
0.600894
-0.702207
-0.689661
-0.642787
-0.58054
-0.512418
-0.439392
-0.361226
-0.277212
-0.182729
-0.0676366
0.0761275
0.220797
0.333137
0.41587
0.474068
0.519901
0.564382
0.595337
0.56638
0.492949
-0.714804
-0.699572
-0.652797
-0.591217
-0.523752
-0.451673
-0.374914
-0.293037
-0.201445
-0.088486
0.0568529
0.207188
0.322415
0.405445
0.457926
0.479375
0.508725
0.500071
0.433606
0.353231
-0.726266
-0.726196
-0.660901
-0.599
-0.532501
-0.461481
-0.387996
-0.308446
-0.220251
-0.110345
0.0363752
0.192722
0.309379
0.393043
0.431644
0.391785
0.410187
0.353768
0.268814
0.178513
-0.690285
-0.692805
-0.640486
-0.577918
-0.509987
-0.438227
-0.364082
-0.284865
-0.19263
-0.0666712
0.094672
0.239782
0.332376
0.393067
0.427876
0.302951
0.201192
0.120927
0.0289257
-0.168359
-0.726748
-0.7025
-0.647002
-0.585077
-0.517797
-0.447659
-0.376132
-0.30066
-0.214114
-0.0926773
0.0750415
0.227814
0.31497
0.341897
0.297511
0.12681
-0.0385507
-0.150648
-0.261523
-0.481947
-0.744328
-0.713704
-0.658723
-0.596614
-0.529933
-0.461289
-0.391972
-0.321373
-0.24217
-0.127145
0.0420537
0.204817
0.288197
0.281424
0.164472
-0.0804028
-0.290862
-0.443346
-0.611126
-0.924513
-0.760254
-0.726068
-0.67036
-0.607609
-0.541385
-0.47412
-0.407651
-0.342403
-0.27123
-0.163732
0.00984694
0.183025
0.260365
0.214863
0.00442017
-0.30774
-0.584035
-0.802694
-1.05185
-1.59482
-0.773779
-0.738183
-0.681475
-0.618118
-0.552342
-0.486518
-0.423256
-0.363906
-0.302243
-0.205949
-0.0296763
0.161131
0.234356
0.133431
-0.16641
-0.538384
-0.900646
-1.23692
-1.5937
-2.76028
-0.785465
-0.749583
-0.692249
-0.628518
-0.563131
-0.498811
-0.438954
-0.386343
-0.336307
-0.25613
-0.080497
0.130291
0.204907
0.0442828
-0.332875
-0.748035
-1.17537
-1.5739
-1.96196
-3.45452
-0.796223
-0.760253
-0.70261
-0.638677
-0.573663
-0.510804
-0.454477
-0.409198
-0.37292
-0.313984
-0.144582
0.0915906
0.166112
-0.063689
-0.488261
-0.916043
-1.34366
-1.66065
-1.75095
-1.82054
-0.806381
-0.77023
-0.712447
-0.648423
-0.583812
-0.522435
-0.469881
-0.432916
-0.413792
-0.386487
-0.238559
0.0221225
0.101235
-0.213082
-0.635417
-1.04039
-1.43551
-1.65475
-1.662
-1.68649
-0.816034
-0.779578
-0.721598
-0.657461
-0.593186
-0.533243
-0.484603
-0.457082
-0.459296
-0.478601
-0.384652
-0.107045
-0.0309725
-0.402996
-0.783229
-1.12921
-1.53432
-1.76289
-1.70197
-1.68206
-0.825085
-0.788178
-0.729826
-0.665454
-0.601338
-0.542623
-0.497778
-0.480337
-0.508525
-0.600064
-0.619403
-0.345777
-0.264514
-0.62969
-0.946076
-1.16756
-1.49355
-1.70648
-1.60361
-1.54851
-0.833505
-0.795844
-0.736885
-0.672057
-0.607798
-0.549847
-0.508314
-0.501339
-0.559161
-0.758587
-0.985636
-0.737957
-0.611004
-0.916168
-1.11562
-1.11302
-1.00874
-1.17914
-1.33854
-1.36922
-0.840912
-0.802311
-0.742503
-0.676903
-0.61204
-0.554158
-0.514825
-0.517405
-0.605716
-0.947222
-1.50469
-1.28549
-1.06076
-1.26073
-1.43418
-1.26987
-1.04189
-1.23212
-1.44131
-1.51795
-0.847216
-0.807349
-0.746401
-0.679648
-0.613579
-0.554765
-0.515796
-0.523967
-0.651182
-1.12548
-2.07468
-1.88871
-1.51959
-1.67073
-2.11684
-2.44434
-2.47191
-2.38123
-2.26498
-2.23697
-0.852184
-0.810833
-0.748355
-0.680019
-0.612041
-0.551008
-0.509897
-0.517949
-0.657458
-1.23269
-2.46437
-2.28468
-1.7992
-2.02531
-2.85123
-3.91838
-4.14837
-3.76363
-3.34253
-3.16439
-0.855748
-0.812672
-0.748325
-0.677916
-0.607258
-0.542605
-0.496364
-0.49698
-0.626183
-1.19973
-2.44302
-2.18291
-1.62175
-1.84519
-2.72167
-3.88698
-4.01907
-3.43229
-2.92251
-2.71543
-0.857795
-0.812913
-0.746405
-0.673466
-0.599397
-0.529769
-0.47539
-0.460534
-0.553279
-0.994929
-1.91298
-1.49696
-0.843321
-0.678585
-0.915619
-1.30647
-1.36945
-1.09946
-0.905417
-0.833431
-0.858745
-0.811908
-0.742905
-0.667044
-0.588938
-0.513191
-0.448303
-0.411703
-0.446138
-0.676078
-1.06397
-0.585824
0.0189081
0.331799
0.493581
0.567828
0.664172
0.71976
0.74162
0.741018
-0.858765
-0.809908
-0.738239
-0.659064
-0.576592
-0.494189
-0.417545
-0.356461
-0.328701
-0.358141
-0.315544
0.10787
0.55619
0.8642
1.06522
1.20892
1.30451
1.35316
1.36644
1.36394
-0.857776
-0.806938
-0.732502
-0.649945
-0.563053
-0.473978
-0.385829
-0.302014
-0.223344
-0.127597
0.0872753
0.446193
0.770181
1.0289
1.20391
1.32535
1.40735
1.45594
1.47841
1.48213
-0.853799
-0.802507
-0.725308
-0.639454
-0.548513
-0.45353
-0.355508
-0.253669
-0.140557
0.0158095
0.267314
0.565493
0.81716
1.01776
1.16084
1.26188
1.33318
1.38138
1.40831
1.41419
-0.846001
-0.794295
-0.715051
-0.626613
-0.53241
-0.432874
-0.327565
-0.21361
-0.0811758
0.0978543
0.338611
0.585806
0.790114
0.949279
1.06702
1.1534
1.21723
1.26339
1.29034
1.29668
-0.830177
-0.780576
-0.699254
-0.609093
-0.513097
-0.411018
-0.301638
-0.181362
-0.0408999
0.140439
0.358403
0.56494
0.7338
0.865221
0.965017
1.04071
1.09851
1.14171
1.16991
1.17618
-0.800318
-0.75481
-0.673499
-0.583829
-0.48812
-0.386046
-0.27617
-0.154968
-0.014695
0.158282
0.351259
0.525151
0.666099
0.776828
0.862832
0.929873
0.982487
1.02311
1.05043
1.05645
-0.75063
-0.711737
-0.632377
-0.546501
-0.4542
-0.355666
-0.249242
-0.132323
0.00170387
0.160866
0.328104
0.474392
0.59172
0.684724
0.758274
0.816987
0.864637
0.903803
0.930363
0.936387
-0.671241
-0.636885
-0.570309
-0.492472
-0.407924
-0.317164
-0.218823
-0.110483
0.0115352
0.152417
0.295784
0.416124
0.511484
0.58697
0.647055
0.695445
0.735919
0.770733
0.796212
0.804218
-0.551732
-0.533379
-0.482694
-0.417792
-0.346449
-0.268531
-0.182807
-0.0877235
0.019043
0.140201
0.260022
0.358398
0.434543
0.493367
0.538928
0.574361
0.601733
0.622965
0.638814
0.644955
-0.40351
-0.395348
-0.36467
-0.321082
-0.269679
-0.210243
-0.141957
-0.0636374
0.0262882
0.129289
0.230823
0.31333
0.376212
0.42373
0.459256
0.485407
0.504562
0.518523
0.526738
0.528576
-0.263215
-0.259559
-0.244714
-0.220085
-0.188061
-0.147489
-0.0974446
-0.0366308
0.0358686
0.120636
0.204601
0.272431
0.323374
0.360705
0.387406
0.406166
0.41884
0.426604
0.430655
0.431454
-0.149429
-0.148662
-0.142709
-0.131094
-0.113352
-0.0882302
-0.0539351
-0.00910731
0.0472961
0.115419
0.183745
0.238609
0.279087
0.308112
0.328313
0.341578
0.349748
0.354489
0.356578
0.356753
-0.0680738
-0.0688024
-0.0681906
-0.0643324
-0.055386
-0.0400147
-0.0169464
0.0153841
0.0581868
0.111704
0.166302
0.210186
0.242237
0.264593
0.279411
0.288878
0.294586
0.29749
0.298568
0.298546
-0.0165653
-0.017456
-0.0188394
-0.0183304
-0.0142977
-0.00511292
0.0106764
0.0342247
0.0666292
0.108266
0.15129
0.18579
0.210674
0.227868
0.239279
0.246333
0.250218
0.252014
0.25257
0.252514
0.0139951
0.0133996
0.0122939
0.0122818
0.0145545
0.020245
0.0309822
0.0479476
0.0723387
0.104496
0.138179
0.165289
0.18482
0.198139
0.206659
0.211758
0.214547
0.215783
0.216135
0.216095
0.0328397
0.032518
0.0319123
0.0319965
0.0336597
0.0378162
0.0456052
0.0580441
0.0763375
0.101022
0.127203
0.148276
0.163302
0.173429
0.17991
0.183785
0.18584
0.186715
0.186957
0.186925
0.0451139
0.0449411
0.0446093
0.0447608
0.0460068
0.0490281
0.0547453
0.0641065
0.0779893
0.096902
0.117122
0.133443
0.145097
0.152946
0.157916
0.160842
0.162381
0.16303
0.16321
0.163183
0.052828
0.0527407
0.0525842
0.0527996
0.0538237
0.0561413
0.0604693
0.0674962
0.0780434
0.0925611
0.108177
0.120799
0.129778
0.135784
0.139572
0.141801
0.142964
0.143447
0.143578
0.143556
0.0572572
0.0572124
0.0571509
0.0573791
0.0582139
0.0600253
0.0633223
0.0687067
0.0767636
0.0878935
0.0999123
0.109637
0.116552
0.121174
0.124082
0.125784
0.126663
0.127023
0.127118
0.127098
0.0592678
0.059245
0.0592375
0.0594607
0.0601447
0.0615637
0.064092
0.0682349
0.074411
0.0829596
0.0922114
0.0997018
0.105023
0.108573
0.110804
0.112096
0.112763
0.113032
0.113101
0.113083
0.0594864
0.0594741
0.0594898
0.0596892
0.0602416
0.06135
0.063271
0.0665246
0.071257
0.0778243
0.0849397
0.0907013
0.0947899
0.0975085
0.0992441
0.100217
0.100719
0.100917
0.100965
0.100949
0.0583411
0.0583339
0.0583562
0.0585248
0.0589664
0.0598386
0.0613582
0.0638142
0.067471
0.0725227
0.0779941
0.0824226
0.0855623
0.0876517
0.0889695
0.0897175
0.0900971
0.0902438
0.0902766
0.0902633
0.0561444
0.0561398
0.0561613
0.056298
0.0566454
0.0573233
0.0584926
0.0604006
0.0632125
0.067096
0.0713018
0.0747037
0.0771147
0.0787205
0.0797241
0.0802927
0.0805783
0.0806856
0.0807075
0.0806962
0.0531325
0.053129
0.053147
0.0532549
0.0535261
0.0540513
0.0549533
0.0564165
0.0585876
0.0615751
0.0648065
0.0674185
0.0692696
0.0705073
0.0712609
0.071692
0.0719069
0.0719859
0.0720007
0.0719914
0.0494888
0.0494859
0.0495001
0.049584
0.0497937
0.0501991
0.050895
0.0519979
0.053684
0.0559825
0.0584633
0.0604644
0.0618714
0.0628356
0.0634049
0.0637303
0.0638911
0.0639481
0.0639574
0.0639497
0.0453568
0.0453542
0.0453649
0.0454291
0.04559
0.0459009
0.0464344
0.0472809
0.0485688
0.0503356
0.0522367
0.0537705
0.0548666
0.055574
0.0560099
0.0562564
0.0563765
0.0564178
0.0564237
0.0564174
0.0408497
0.0408476
0.0408549
0.040903
0.0410248
0.0412613
0.0416676
0.0423118
0.0432889
0.0446517
0.0461038
0.0472734
0.0481116
0.0486457
0.0489746
0.0491595
0.0492484
0.0492776
0.0492807
0.0492755
0.0360536
0.0360517
0.0360562
0.0360914
0.0361825
0.0363609
0.0366684
0.0371568
0.0378787
0.0389379
0.0400409
0.040944
0.0415605
0.041964
0.0422113
0.0423496
0.0424152
0.0424359
0.0424373
0.042433
0.0310363
0.0310343
0.0310364
0.0310614
0.0311285
0.0312616
0.0314921
0.0318594
0.0324063
0.0332033
0.0340348
0.0347158
0.0351735
0.0354728
0.0356558
0.0357574
0.0358048
0.0358186
0.0358187
0.0358154
0.0258519
0.0258498
0.0258502
0.0258672
0.0259155
0.0260126
0.0261813
0.0264509
0.0268575
0.0274465
0.0280589
0.0285649
0.0289056
0.0291265
0.0292599
0.0293327
0.029365
0.0293731
0.0293721
0.0293694
0.0205427
0.0205407
0.0205396
0.02055
0.020583
0.0206509
0.02077
0.0209589
0.0212678
0.0216809
0.0221202
0.0224768
0.0227281
0.0228853
0.0229793
0.0230297
0.0230515
0.0230556
0.0230537
0.0230515
0.0151416
0.0151398
0.0151374
0.0151426
0.0151632
0.0152081
0.0152893
0.0154239
0.0156276
0.0159072
0.0162064
0.0164472
0.016614
0.0167216
0.0167838
0.0168166
0.0168295
0.0168307
0.0168285
0.0168269
0.00967288
0.0096712
0.00966835
0.00967038
0.00968196
0.00970847
0.00975707
0.00983701
0.00995838
0.0101259
0.0103056
0.0104501
0.0105504
0.0106147
0.0106518
0.0106698
0.0106756
0.0106743
0.0106715
0.0106702
0.00415902
0.00415796
0.00415485
0.00415332
0.00415453
0.00416119
0.00417593
0.00420204
0.00424306
0.00430242
0.00437743
0.00444789
0.00449925
0.00453301
0.00455276
0.00456303
0.00456652
0.00456534
0.00456246
0.0045598
-1.69919
-0.96782
-0.524074
-0.214094
0.0256032
0.2141
0.372996
0.514091
0.664024
0.649043
-0.6643
-0.421838
-0.180951
0.0183441
0.183714
0.321863
0.438597
0.529434
0.571106
0.571456
-0.243758
-0.096775
0.056375
0.18997
0.304864
0.401739
0.479644
0.534937
0.567856
0.581381
0.025752
0.121896
0.225126
0.317521
0.397711
0.465014
0.518724
0.558788
0.587438
0.603535
0.213663
0.280142
0.352359
0.418115
0.475861
0.524893
0.565002
0.596677
0.621109
0.637801
0.35517
0.404548
0.455819
0.505478
0.54949
0.587666
0.619972
0.64637
0.667151
0.683921
0.469316
0.506687
0.549165
0.588921
0.625392
0.657697
0.685457
0.708207
0.725976
0.742794
0.569712
0.601985
0.640156
0.675683
0.70866
0.738191
0.763437
0.78395
0.799113
0.815982
0.666363
0.699778
0.737745
0.772873
0.804716
0.832832
0.856582
0.875407
0.88847
0.905632
0.773961
0.811193
0.850703
0.886317
0.91757
0.944238
0.966207
0.983378
0.995281
1.01313
0.905705
0.945513
0.984606
1.01846
1.04711
1.07127
1.09136
1.10723
1.11927
1.13757
1.06788
1.10485
1.1373
1.1645
1.18767
1.20852
1.22746
1.24374
1.25763
1.27559
1.25355
1.279
1.29917
1.31793
1.33577
1.3527
1.36881
1.385
1.40228
1.42148
1.4408
1.45182
1.46468
1.47938
1.49319
1.5054
1.5164
1.52785
1.54331
1.56278
1.62289
1.63637
1.64151
1.64273
1.64491
1.65239
1.66616
1.68381
1.69752
1.70882
1.89199
1.84141
1.79395
1.76244
1.74943
1.75398
1.77742
1.82253
1.88919
1.98332
0.296113
0.293261
0.287334
0.276707
0.264588
0.253731
0.245115
0.23873
0.234509
0.232625
0.23353
0.236981
0.242525
0.250179
0.260066
0.271855
0.283805
0.29222
0.296651
0.29866
0.223749
0.230622
0.236377
0.240544
0.242183
0.241076
0.238087
0.234655
0.23184
0.230414
0.231233
0.233809
0.237309
0.240883
0.243242
0.243121
0.240178
0.235177
0.228489
0.222558
0.213176
0.216466
0.220476
0.223615
0.225848
0.227367
0.228006
0.227699
0.226969
0.226606
0.227044
0.228095
0.229027
0.229115
0.228152
0.226372
0.223805
0.220141
0.216234
0.213915
0.207218
0.208954
0.212482
0.215988
0.218633
0.220445
0.221581
0.222215
0.222461
0.222601
0.222958
0.223294
0.223217
0.222586
0.221307
0.219235
0.216207
0.212535
0.209785
0.20894
0.206288
0.206982
0.208785
0.210814
0.212849
0.214796
0.216387
0.217501
0.21823
0.218722
0.219024
0.219007
0.218527
0.217477
0.215873
0.213989
0.212076
0.210106
0.208843
0.208575
0.205497
0.205793
0.206665
0.207774
0.20895
0.209944
0.211094
0.212152
0.21303
0.213684
0.214023
0.213958
0.213511
0.212777
0.212017
0.211046
0.210011
0.209032
0.208463
0.208351
0.203599
0.203732
0.204198
0.204894
0.205657
0.206769
0.207749
0.208695
0.209589
0.210348
0.210787
0.210818
0.210533
0.210037
0.209246
0.208543
0.207979
0.207447
0.207181
0.207135
0.200818
0.200884
0.201139
0.201565
0.202078
0.202696
0.203433
0.204266
0.20514
0.205975
0.206563
0.206792
0.206739
0.206524
0.206249
0.205941
0.205633
0.205372
0.205255
0.205232
0.197582
0.197628
0.1978
0.198104
0.198513
0.199041
0.199698
0.200483
0.201378
0.202327
0.203104
0.203549
0.203724
0.203723
0.203623
0.203479
0.203324
0.203196
0.203141
0.203126
0.193969
0.193998
0.194124
0.194344
0.194669
0.195123
0.195734
0.196526
0.197497
0.198611
0.199625
0.200314
0.200716
0.200921
0.201006
0.201021
0.201
0.200972
0.20096
0.20095
0.190007
0.190037
0.19014
0.190332
0.190633
0.191077
0.191706
0.192561
0.193666
0.195012
0.19632
0.19729
0.197926
0.19833
0.198568
0.198701
0.198769
0.1988
0.198813
0.198806
0.185682
0.18571
0.185817
0.186013
0.186329
0.186809
0.187511
0.188494
0.189809
0.191466
0.193136
0.194425
0.195331
0.19593
0.196316
0.196555
0.196696
0.196773
0.196805
0.196799
0.180973
0.181004
0.181121
0.181344
0.181706
0.182265
0.183094
0.184276
0.185884
0.18795
0.190075
0.191762
0.192963
0.193779
0.194317
0.194659
0.194868
0.194985
0.195034
0.195029
0.175813
0.17585
0.17599
0.176257
0.176694
0.177374
0.17839
0.179849
0.181852
0.184447
0.187147
0.189308
0.190859
0.191927
0.192637
0.193094
0.193375
0.193535
0.193601
0.193595
0.170099
0.170144
0.170319
0.170652
0.171197
0.172046
0.173317
0.175147
0.177667
0.180943
0.184362
0.18711
0.189089
0.190457
0.19137
0.191958
0.192322
0.19253
0.192616
0.192609
0.163691
0.163749
0.163972
0.164394
0.165086
0.166163
0.167774
0.170092
0.173283
0.177429
0.181753
0.185226
0.187731
0.189464
0.190621
0.191369
0.191832
0.192096
0.192206
0.192197
0.156398
0.156474
0.156761
0.157304
0.158193
0.159572
0.161632
0.164589
0.168646
0.173899
0.179359
0.183736
0.186889
0.189069
0.190526
0.191466
0.19205
0.192383
0.192521
0.19251
0.147961
0.148061
0.148438
0.149145
0.150297
0.15208
0.154732
0.158523
0.163697
0.170355
0.177239
0.182736
0.186689
0.189419
0.191243
0.192422
0.193153
0.193572
0.193744
0.193729
0.138027
0.138161
0.138661
0.139594
0.141103
0.143426
0.146865
0.151751
0.158367
0.166809
0.175469
0.18235
0.187286
0.190694
0.192971
0.194443
0.195358
0.195882
0.196097
0.196077
0.126105
0.12629
0.126969
0.128219
0.130215
0.133273
0.137772
0.144105
0.152587
0.163281
0.174141
0.18272
0.188863
0.193103
0.195938
0.197776
0.198922
0.199581
0.19985
0.199824
0.111515
0.111783
0.112726
0.114425
0.117104
0.121186
0.127137
0.135402
0.146297
0.159819
0.173376
0.184017
0.191628
0.196889
0.200417
0.202713
0.204156
0.204993
0.205334
0.205298
0.0932702
0.0936791
0.0950323
0.097392
0.101072
0.106635
0.114619
0.125478
0.139484
0.156511
0.173322
0.18643
0.195811
0.202325
0.206717
0.209593
0.211419
0.212495
0.212938
0.212892
0.0698234
0.0704942
0.072527
0.0759398
0.0812017
0.089011
0.0998943
0.114249
0.132224
0.153515
0.174162
0.190158
0.20164
0.209684
0.21517
0.2188
0.221128
0.222523
0.22311
0.223062
0.0386045
0.0398002
0.0430791
0.0483633
0.05632
0.0676393
0.0826965
0.101732
0.124681
0.151034
0.176078
0.195361
0.209283
0.219182
0.226071
0.230732
0.233778
0.235633
0.236426
0.236379
-0.00496537
-0.00253261
0.00350015
0.0125082
0.0252333
0.04204
0.063021
0.0881573
0.117138
0.14929
0.179199
0.202094
0.218759
0.230852
0.23954
0.245668
0.249864
0.252567
0.253707
0.253624
-0.0691637
-0.0623562
-0.0498629
-0.0332242
-0.0122778
0.0127038
0.0415955
0.07419
0.110076
0.148554
0.183595
0.210273
0.229871
0.244418
0.255271
0.263363
0.269336
0.273545
0.275328
0.275024
-0.14582
-0.134389
-0.110774
-0.0828717
-0.0518684
-0.0177467
0.0195677
0.060032
0.103362
0.149001
0.190267
0.221893
0.245612
0.263803
0.278015
0.28929
0.298413
0.304733
0.307152
0.308048
-0.222752
-0.201638
-0.168202
-0.13053
-0.0901789
-0.0472586
-0.00167409
0.0465762
0.0973045
0.150088
0.197594
0.234101
0.261702
0.283183
0.300298
0.314148
0.325455
0.334075
0.338861
0.339997
-0.280186
-0.256021
-0.216867
-0.172324
-0.124695
-0.0744062
-0.0215449
0.0337826
0.0913608
0.150752
0.2038
0.244284
0.274681
0.2981
0.31648
0.331076
0.342741
0.351589
0.356482
0.357747
-0.326184
-0.300039
-0.256957
-0.207618
-0.154722
-0.0987214
-0.0398648
0.0215773
0.0852383
0.150546
0.208486
0.252305
0.284796
0.309465
0.328551
0.343501
0.355265
0.364221
0.369062
0.370247
-0.363401
-0.33661
-0.290746
-0.237815
-0.180864
-0.120349
-0.0565772
0.0101048
0.0792225
0.15001
0.212481
0.259266
0.293527
0.319189
0.338757
0.353879
0.36564
0.374516
0.379367
0.380514
-0.395119
-0.367968
-0.320155
-0.264501
-0.204293
-0.14003
-0.0720525
-0.000764115
0.0732614
0.149092
0.215826
0.265439
0.301391
0.327982
0.348007
0.363307
0.375099
0.38396
0.388844
0.389948
-0.422992
-0.395619
-0.346343
-0.288607
-0.225807
-0.158444
-0.0868948
-0.0115703
0.0669557
0.147643
0.218651
0.271177
0.308901
0.336495
0.357035
0.372558
0.384404
0.393262
0.398179
0.399231
-0.448203
-0.420685
-0.370272
-0.310881
-0.245997
-0.176079
-0.101446
-0.0224879
0.0602423
0.145678
0.221063
0.276705
0.316384
0.345128
0.366288
0.382104
0.39405
0.40292
0.407901
0.408847
-0.471721
-0.443948
-0.39261
-0.331854
-0.265238
-0.193159
-0.115881
-0.0336964
0.0529521
0.143074
0.223048
0.282113
0.324034
0.354142
0.376065
0.392268
0.404378
0.413247
0.418236
0.419028
-0.493972
-0.465923
-0.413803
-0.351931
-0.283884
-0.209992
-0.130441
-0.0453807
0.0449492
0.139719
0.224542
0.287417
0.331944
0.363691
0.386569
0.403273
0.415607
0.424542
0.429558
0.430236
-0.515241
-0.486878
-0.434069
-0.371318
-0.30208
-0.226687
-0.145211
-0.0576322
0.0361077
0.135498
0.225428
0.292555
0.340117
0.373853
0.397925
0.415284
0.427933
0.436949
0.442007
0.442579
-0.535717
-0.507019
-0.453609
-0.390116
-0.319899
-0.243295
-0.160239
-0.0704962
0.0263498
0.130281
0.225573
0.297395
0.348478
0.384615
0.410191
0.428406
0.44149
0.450681
0.455701
0.456229
-0.555428
-0.52641
-0.472518
-0.408368
-0.337368
-0.259824
-0.175529
-0.0839875
0.0156382
0.123956
0.224811
0.301761
0.356869
0.395892
0.423355
0.442691
0.456351
0.465783
0.470802
0.471306
-0.574421
-0.545051
-0.490717
-0.426016
-0.354465
-0.276222
-0.191021
-0.0980796
0.00395368
0.116441
0.222984
0.305434
0.365065
0.407507
0.437307
0.458097
0.472549
0.482319
0.487332
0.487805
-0.59264
-0.562948
-0.50821
-0.443055
-0.371113
-0.292435
-0.206649
-0.112712
-0.00868794
0.107693
0.219933
0.30818
0.37277
0.419143
0.451813
0.474472
0.490044
0.500339
0.505381
0.505712
-0.610071
-0.580018
-0.524943
-0.45945
-0.387248
-0.308371
-0.222326
-0.127797
-0.0222283
0.0977055
0.215574
0.309783
0.379605
0.430359
0.466569
0.491649
0.508645
0.519568
0.524663
0.524746
-0.626528
-0.59629
-0.540806
-0.475129
-0.402808
-0.323937
-0.237942
-0.143232
-0.0365808
0.0864833
0.209862
0.310027
0.385159
0.44065
0.481045
0.509439
0.528361
0.539942
0.544863
0.54465
-0.642162
-0.61164
-0.55585
-0.490022
-0.41772
-0.339053
-0.253389
-0.15889
-0.0516604
0.0740967
0.202761
0.308728
0.389025
0.449351
0.494581
0.527394
0.54926
0.561497
0.565557
0.564846
-0.656807
-0.62606
-0.57001
-0.50409
-0.43193
-0.353638
-0.268576
-0.174673
-0.0673338
0.0606443
0.194304
0.305844
0.390841
0.45571
0.506034
0.544526
0.571524
0.585434
0.586742
0.58433
-0.670686
-0.639562
-0.583244
-0.5173
-0.445382
-0.367619
-0.283381
-0.190431
-0.0834598
0.0462266
0.184597
0.301327
0.390508
0.458763
0.513431
0.558503
0.593949
0.614819
0.613066
0.591827
-0.683655
-0.652186
-0.595667
-0.529811
-0.458313
-0.381278
-0.298197
-0.206667
-0.1007
0.0301123
0.173019
0.294851
0.387611
0.457699
0.514758
0.565582
0.611314
0.644411
0.640755
0.657046
-0.695932
-0.663897
-0.607237
-0.541597
-0.470664
-0.394541
-0.312978
-0.223322
-0.119061
0.0121232
0.159459
0.286423
0.381725
0.451813
0.505888
0.556845
0.599647
0.632997
0.584013
0.54529
-0.708164
-0.674777
-0.617728
-0.552282
-0.482065
-0.407061
-0.327512
-0.240189
-0.138377
-0.0076698
0.143967
0.276025
0.373225
0.442291
0.484882
0.524028
0.553454
0.536512
0.465044
0.412298
-0.720854
-0.684279
-0.626941
-0.561623
-0.492412
-0.418835
-0.341548
-0.257215
-0.158781
-0.0294665
0.1262
0.263728
0.361031
0.429413
0.463997
0.467635
0.455438
0.396504
0.309285
0.255625
-0.393611
-0.315556
-0.229384
-0.121437
0.0257519
0.185849
0.303008
0.0657246
-0.724927
-0.704185
-0.671955
-0.613825
-0.549151
-0.479744
-0.407623
-0.332847
-0.251658
-0.149573
-0.00453969
0.162416
0.286056
0.351108
0.375277
0.324199
0.14689
0.0293422
-0.0598368
-0.735803
-0.721617
-0.6809
-0.622505
-0.557953
-0.489561
-0.419583
-0.348203
-0.271801
-0.175419
-0.0312385
0.141104
0.265985
0.315836
0.288245
0.140393
-0.0749887
-0.231185
-0.358205
-0.751145
-0.737493
-0.692724
-0.633852
-0.569075
-0.501578
-0.433448
-0.365733
-0.295373
-0.206771
-0.0651478
0.119089
0.246149
0.271611
0.186373
-0.0543394
-0.319928
-0.526706
-0.710343
-0.765548
-0.751348
-0.7048
-0.644798
-0.579949
-0.513371
-0.447336
-0.38375
-0.320532
-0.242376
-0.106895
0.0885211
0.228877
0.228302
0.075261
-0.254348
-0.589723
-0.881547
-1.16074
-0.777894
-0.763871
-0.716281
-0.655355
-0.590499
-0.524809
-0.461078
-0.402118
-0.347175
-0.281891
-0.154287
0.0530935
0.206842
0.179804
-0.0582732
-0.448573
-0.850459
-1.23962
-1.5973
-0.788776
-0.775333
-0.727221
-0.66573
-0.600874
-0.536016
-0.474609
-0.420595
-0.375301
-0.32597
-0.213285
0.00784467
0.178816
0.115931
-0.201851
-0.621061
-1.05795
-1.488
-1.77145
-1.90484
-0.799154
-0.786077
-0.737527
-0.675743
-0.610973
-0.546948
-0.487929
-0.439335
-0.405284
-0.376394
-0.287916
-0.0590655
0.137479
0.0308213
-0.353646
-0.770828
-1.19662
-1.54621
-1.69062
-1.74511
-0.808894
-0.796023
-0.747219
-0.685186
-0.620505
-0.557306
-0.500726
-0.458125
-0.437246
-0.436577
-0.392069
-0.16715
0.0534722
-0.0971239
-0.51845
-0.894099
-1.29579
-1.63506
-1.67069
-1.67275
-0.818162
-0.805273
-0.75613
-0.693793
-0.629112
-0.566605
-0.512397
-0.476115
-0.470507
-0.50802
-0.543485
-0.356667
-0.113351
-0.289229
-0.701224
-1.00904
-1.34466
-1.73675
-1.79573
-1.65935
-0.826792
-0.813762
-0.764056
-0.701271
-0.6364
-0.574291
-0.522122
-0.492061
-0.503949
-0.590183
-0.760446
-0.689722
-0.403559
-0.570135
-0.917431
-1.11106
-1.2114
-1.37246
-1.46157
-1.45001
-0.834551
-0.821268
-0.770781
-0.707322
-0.641932
-0.579775
-0.528927
-0.50435
-0.536001
-0.68012
-1.05101
-1.19878
-0.829199
-0.927589
-1.19358
-1.21675
-0.950664
-0.93754
-1.21948
-1.37133
-0.841089
-0.827494
-0.776023
-0.711617
-0.645296
-0.582416
-0.531783
-0.510722
-0.558068
-0.767259
-1.40246
-1.84088
-1.34763
-1.34152
-1.58834
-1.78096
-1.65833
-1.67329
-1.72624
-1.77485
-0.846335
-0.832347
-0.779564
-0.71391
-0.646125
-0.581647
-0.529663
-0.508926
-0.564646
-0.830471
-1.70769
-2.42551
-1.8057
-1.7517
-2.15775
-2.95457
-3.36012
-3.29343
-3.00117
-2.78359
-0.850181
-0.835682
-0.781307
-0.714008
-0.644172
-0.577121
-0.521846
-0.497253
-0.550855
-0.841178
-1.81954
-2.64404
-1.93227
-1.8326
-2.40556
-3.67132
-4.50295
-4.26144
-3.59202
-3.25129
-0.852507
-0.837456
-0.781262
-0.711919
-0.639454
-0.568781
-0.508249
-0.475028
-0.512652
-0.771794
-1.65126
-2.29357
-1.50127
-1.25945
-1.58921
-2.35624
-2.8813
-2.63445
-2.16095
-1.90429
-0.853367
-0.837782
-0.779607
-0.70787
-0.632252
-0.557069
-0.489375
-0.443124
-0.451619
-0.616409
-1.18552
-1.42634
-0.657917
-0.203835
-0.0566414
-0.116869
-0.184799
-0.0886859
0.0261717
0.0709129
-0.853065
-0.837164
-0.776711
-0.702274
-0.623047
-0.542713
-0.466662
-0.40452
-0.375956
-0.426823
-0.617349
-0.47649
0.0901511
0.517243
0.761682
0.926566
1.04068
1.11524
1.14417
1.14854
-0.852112
-0.835492
-0.772889
-0.695443
-0.612457
-0.526766
-0.441909
-0.363259
-0.298273
-0.253364
-0.185008
0.114115
0.511323
0.854263
1.08314
1.24258
1.35188
1.41869
1.45074
1.45958
-0.849097
-0.8317
-0.767938
-0.687446
-0.600726
-0.509906
-0.416904
-0.323485
-0.229061
-0.121724
0.0550394
0.364038
0.670637
0.930612
1.12151
1.25391
1.3456
1.40648
1.44297
1.45705
-0.842117
-0.825088
-0.760684
-0.677479
-0.587541
-0.492365
-0.392655
-0.287831
-0.173417
-0.0320784
0.176524
0.452147
0.70216
0.904793
1.05699
1.16641
1.24507
1.30102
1.33871
1.35417
-0.830494
-0.813849
-0.748985
-0.663703
-0.571485
-0.473269
-0.369028
-0.25699
-0.131262
0.0241837
0.23264
0.470439
0.676874
0.841269
0.966235
1.05924
1.12846
1.17992
1.21431
1.22913
-0.807355
-0.790406
-0.728791
-0.643304
-0.550091
-0.450813
-0.344902
-0.229905
-0.100102
0.0568316
0.252246
0.456512
0.62854
0.765245
0.870922
0.951789
1.01365
1.06125
1.09273
1.10791
-0.766611
-0.751355
-0.694344
-0.611479
-0.520266
-0.422789
-0.318216
-0.204573
-0.0769148
0.0735686
0.250178
0.425196
0.569157
0.683754
0.773796
0.844374
0.899572
0.942711
0.971314
0.986995
-0.706315
-0.694635
-0.641107
-0.563799
-0.47782
-0.385799
-0.286985
-0.179362
-0.0591386
0.079093
0.236102
0.383367
0.50235
0.597046
0.672196
0.732207
0.780078
0.817386
0.845204
0.859941
-0.613513
-0.60703
-0.56312
-0.495209
-0.419239
-0.337342
-0.248597
-0.151401
-0.0433594
0.0789166
0.212589
0.334399
0.430037
0.504873
0.56362
0.610191
0.647732
0.677528
0.698728
0.709203
-0.478411
-0.475128
-0.448492
-0.399202
-0.340765
-0.275614
-0.20261
-0.120709
-0.0282739
0.0767583
0.190717
0.293397
0.372744
0.433532
0.479915
0.515209
0.541794
0.562048
0.577727
0.585373
-0.330327
-0.329803
-0.316428
-0.287894
-0.250341
-0.204955
-0.150614
-0.0864432
-0.0111842
0.0762741
0.171687
0.257158
0.322423
0.371465
0.407693
0.433848
0.452503
0.46544
0.473428
0.47659
-0.201874
-0.202154
-0.196545
-0.182723
-0.162076
-0.134052
-0.0973445
-0.0503727
0.00785972
0.0781149
0.156224
0.226344
0.279282
0.318046
0.345722
0.365063
0.377884
0.385761
0.390214
0.391743
-0.104087
-0.104856
-0.103863
-0.0989985
-0.0891778
-0.0731295
-0.0494834
-0.0165839
0.0270103
0.0819689
0.144552
0.201016
0.243274
0.273819
0.295036
0.308967
0.317669
0.322835
0.325367
0.326047
-0.0387297
-0.0393922
-0.0405844
-0.0405043
-0.0367898
-0.0279817
-0.0125278
0.0106213
0.0429062
0.0852376
0.13465
0.179569
0.212952
0.236536
0.252472
0.262867
0.269212
0.272576
0.273964
0.274265
0.000890292
0.000447725
-0.00077814
-0.00165601
-0.000375019
0.00438646
0.0142292
0.0305984
0.0546077
0.0870464
0.125606
0.160843
0.186956
0.205387
0.217782
0.225561
0.230037
0.232307
0.233173
0.233326
0.0245551
0.0242866
0.0235562
0.0230024
0.0238716
0.0270743
0.0340805
0.0455056
0.0631627
0.0878564
0.117828
0.145448
0.165866
0.180052
0.189352
0.195127
0.198447
0.200088
0.200677
0.200783
0.0397251
0.0395658
0.0391677
0.0388925
0.0395686
0.0419373
0.046905
0.055526
0.0687802
0.0875422
0.110625
0.132007
0.147772
0.158705
0.16589
0.170318
0.172811
0.174012
0.174432
0.174509
0.0495007
0.0494058
0.0491927
0.049099
0.0496918
0.0514876
0.0551416
0.0615738
0.0715878
0.0859215
0.103708
0.12027
0.132496
0.140943
0.146439
0.149798
0.151678
0.152582
0.152895
0.152953
0.05543
0.0553701
0.0552643
0.055275
0.0558023
0.0572286
0.0600382
0.0649425
0.0725405
0.0834866
0.0971649
0.10994
0.119356
0.125842
0.130055
0.132637
0.13406
0.134737
0.134966
0.135007
0.0585477
0.0585064
0.0584585
0.0585215
0.058978
0.0601101
0.0622893
0.0660255
0.0718518
0.0802395
0.0907523
0.100595
0.107852
0.112847
0.116084
0.11805
0.119136
0.119648
0.119817
0.119845
0.059592
0.0595619
0.0595447
0.059629
0.0600177
0.0609191
0.0626079
0.0655095
0.0699742
0.0764086
0.0844923
0.0920694
0.0976515
0.101487
0.10397
0.105479
0.106303
0.106687
0.10681
0.106828
0.0590786
0.0590561
0.0590518
0.0591355
0.0594555
0.060169
0.0614856
0.0637206
0.0671635
0.0721101
0.0783244
0.0841524
0.0884429
0.0913877
0.0932955
0.0944481
0.0950745
0.0953622
0.0954509
0.095462
0.0573702
0.057353
0.0573537
0.0574271
0.0576849
0.0582458
0.0592714
0.0609785
0.0636459
0.067452
0.0722309
0.0767119
0.0800073
0.082262
0.083757
0.0846133
0.0850844
0.0852987
0.0853621
0.0853686
0.054737
0.0547236
0.0547257
0.054786
0.0549892
0.0554257
0.0562155
0.0575024
0.0596023
0.0625226
0.0661952
0.0696381
0.0721694
0.0739063
0.0750263
0.0756904
0.0760494
0.0762096
0.0762546
0.0762581
0.0513874
0.0513771
0.0513789
0.0514263
0.0515845
0.0519229
0.0525348
0.0535457
0.055129
0.0573835
0.0602069
0.0628509
0.0647905
0.0661326
0.0669796
0.0674823
0.0677527
0.0678719
0.0679037
0.0679052
0.0474829
0.0474749
0.0474761
0.0475124
0.047634
0.0478944
0.0483652
0.0491407
0.0503449
0.0520866
0.0542545
0.0562819
0.0577702
0.0587958
0.0594383
0.0598195
0.0600233
0.0601113
0.0601332
0.0601334
0.0431499
0.0431436
0.0431439
0.0431709
0.0432635
0.0434625
0.0438226
0.0444145
0.0453151
0.0466731
0.0483323
0.0498842
0.0510326
0.0518015
0.0522889
0.0525772
0.0527299
0.0527947
0.0528098
0.0528091
0.0384866
0.0384814
0.038481
0.0385008
0.0385707
0.0387218
0.0389952
0.039445
0.0401358
0.0411661
0.0424328
0.0436187
0.0444932
0.0450729
0.0454402
0.0456564
0.0457698
0.0458166
0.0458262
0.0458252
0.0335711
0.0335669
0.0335659
0.0335798
0.0336313
0.0337438
0.0339489
0.0342879
0.0348102
0.0355799
0.0365483
0.0374481
0.0381074
0.0385419
0.0388176
0.0389795
0.0390635
0.0390971
0.0391028
0.0391015
0.0284642
0.028461
0.0284593
0.0284681
0.0285049
0.0285875
0.028739
0.0289909
0.0293791
0.029968
0.0306838
0.031351
0.0318492
0.0321689
0.032372
0.0324904
0.0325511
0.0325746
0.0325777
0.0325761
0.0232126
0.0232101
0.023208
0.0232129
0.0232381
0.0232965
0.0234057
0.0235881
0.02387
0.0243051
0.0248276
0.0253137
0.0256808
0.0259131
0.0260596
0.0261436
0.0261851
0.0262
0.0262004
0.0261986
0.0178531
0.0178511
0.0178484
0.0178501
0.017866
0.0179056
0.0179815
0.0181089
0.0183158
0.0186123
0.0189792
0.0193213
0.0195716
0.0197375
0.019839
0.0198964
0.0199242
0.0199328
0.0199318
0.01993
0.0124148
0.0124133
0.0124105
0.01241
0.0124187
0.012443
0.012492
0.012575
0.012707
0.0128982
0.0131358
0.0133568
0.013517
0.013624
0.01369
0.0137262
0.0137425
0.0137464
0.0137441
0.0137423
0.00692097
0.00692003
0.00691776
0.00691604
0.00691938
0.0069316
0.00695688
0.00700094
0.00707028
0.0071706
0.00729658
0.00741474
0.00750072
0.00755759
0.00759179
0.00760949
0.0076162
0.00761573
0.00761256
0.00761101
0.0041586
0.00415647
0.00415397
0.00415337
0.00415705
0.00416737
0.00418736
0.00422044
0.00427025
0.00433954
0.00441496
0.00447596
0.00451816
0.00454437
0.00455887
0.00456554
0.00456636
0.00456418
0.00456084
0.0015174
-1.34638
-0.842246
-0.48254
-0.205806
0.01501
0.19445
0.343553
0.473474
0.570224
0.577308
-0.590195
-0.347205
-0.141636
0.0331211
0.182649
0.309335
0.415672
0.49949
0.552135
0.571161
-0.183533
-0.0433834
0.087214
0.204857
0.308127
0.396291
0.468821
0.523998
0.561978
0.584167
0.070434
0.160838
0.250546
0.332782
0.405459
0.467796
0.519392
0.559894
0.590524
0.61037
0.249027
0.309567
0.374457
0.435403
0.488731
0.535187
0.574466
0.606588
0.632154
0.648794
0.385311
0.428897
0.479896
0.525758
0.567678
0.604886
0.637216
0.664263
0.686022
0.699633
0.496738
0.533656
0.574838
0.613284
0.649133
0.681646
0.710227
0.73418
0.75323
0.764239
0.596904
0.630865
0.668871
0.705355
0.739143
0.769782
0.796447
0.818547
0.835579
0.844527
0.697202
0.73353
0.772657
0.81011
0.843607
0.873209
0.898542
0.919055
0.934376
0.942632
0.813545
0.854779
0.895191
0.933258
0.966108
0.993984
1.01719
1.03593
1.04996
1.05923
0.959568
1.00294
1.04095
1.0753
1.10392
1.12822
1.14923
1.16695
1.18105
1.19232
1.13839
1.1763
1.20485
1.22943
1.25075
1.27037
1.28888
1.30627
1.32235
1.33696
1.33686
1.35805
1.37321
1.38915
1.40551
1.42097
1.43491
1.44833
1.46399
1.48249
1.5278
1.53504
1.54572
1.55743
1.56755
1.57686
1.58713
1.59828
1.60997
1.61894
1.74097
1.74275
1.7349
1.7186
1.70768
1.70718
1.7194
1.74408
1.77809
1.80255
2.16096
1.96712
1.86614
1.80821
1.77886
1.77234
1.78756
1.82832
1.90432
2.04743
-0.69397
-0.700886
-0.663322
-0.604423
-0.53849
-0.467874
0.379686
0.442129
0.433436
0.346389
0.260263
0.1725
-0.149206
-0.476792
-0.903247
-1.47447
-2.25317
)
;

boundaryField
{
    wall-4
    {
        type            zeroGradient;
    }
    pressure-outlet-7
    {
        type            fixedValue;
        value           uniform 0;
    }
    velocity-inlet-6
    {
        type            zeroGradient;
    }
    velocity-inlet-5
    {
        type            zeroGradient;
    }
    frontAndBackPlanes
    {
        type            empty;
    }
}


// ************************************************************************* //
