/*--------------------------------*- C++ -*----------------------------------*\
  =========                 |
  \\      /  F ield         | OpenFOAM: The Open Source CFD Toolbox
   \\    /   O peration     | Website:  https://openfoam.org
    \\  /    A nd           | Version:  9
     \\/     M anipulation  |
\*---------------------------------------------------------------------------*/
FoamFile
{
    format      ascii;
    class       volScalarField;
    location    "3";
    object      p;
}
// * * * * * * * * * * * * * * * * * * * * * * * * * * * * * * * * * * * * * //

dimensions      [0 2 -2 0 0 0 0];

internalField   nonuniform List<scalar> 
8800
(
0.844399
0.797326
0.760702
0.733584
0.714441
0.700917
0.691189
0.68446
0.679982
0.677911
0.678834
0.682388
0.688121
0.696332
0.707886
0.72398
0.746832
0.778799
0.819265
0.878201
0.675333
0.68425
0.693738
0.697955
0.69768
0.694026
0.688896
0.683815
0.679567
0.67681
0.676237
0.678325
0.682115
0.687005
0.69236
0.697053
0.699266
0.697374
0.69075
0.679374
0.665064
0.670556
0.674776
0.677356
0.67846
0.67814
0.676592
0.67444
0.67239
0.671226
0.67186
0.673856
0.676286
0.678399
0.67948
0.679138
0.677339
0.673939
0.66922
0.666184
0.667565
0.66855
0.670002
0.671352
0.672261
0.672669
0.672376
0.671376
0.670334
0.669787
0.670287
0.671465
0.67275
0.673603
0.673634
0.673046
0.671943
0.670512
0.669253
0.668836
0.662527
0.662693
0.662965
0.663271
0.663547
0.663709
0.66363
0.663339
0.662884
0.662626
0.663017
0.663834
0.664524
0.664896
0.664974
0.664822
0.664568
0.664293
0.664081
0.663999
0.657344
0.657477
0.657671
0.657905
0.658137
0.658312
0.658384
0.658335
0.65823
0.658265
0.658628
0.659158
0.659592
0.65982
0.659849
0.659739
0.659558
0.65937
0.659224
0.659157
0.65161
0.65167
0.651758
0.65187
0.652002
0.65214
0.652266
0.652371
0.652485
0.652703
0.653096
0.653526
0.653846
0.654025
0.654086
0.654073
0.654025
0.653966
0.653915
0.653886
0.645803
0.645841
0.645901
0.645984
0.646092
0.646225
0.646387
0.646582
0.646836
0.6472
0.647662
0.648086
0.648395
0.648585
0.648681
0.648715
0.648713
0.648693
0.648669
0.64865
0.639896
0.639917
0.639962
0.640033
0.640136
0.640282
0.640484
0.640759
0.64113
0.641632
0.642201
0.642686
0.643032
0.643258
0.643391
0.643461
0.643491
0.643497
0.643491
0.64348
0.63387
0.633888
0.633927
0.633997
0.63411
0.634281
0.634532
0.634889
0.635382
0.63604
0.636754
0.63734
0.637765
0.638049
0.638227
0.638331
0.638386
0.63841
0.638415
0.638407
0.627696
0.627709
0.627755
0.627835
0.627968
0.628177
0.628492
0.628949
0.629586
0.630431
0.631334
0.632071
0.632603
0.632962
0.633193
0.633334
0.633415
0.633455
0.633469
0.633463
0.62135
0.621363
0.621414
0.62151
0.621673
0.621933
0.622331
0.622913
0.623729
0.62481
0.62596
0.626894
0.627564
0.628021
0.628318
0.628503
0.62861
0.628667
0.628689
0.628684
0.614775
0.614788
0.61485
0.614969
0.615174
0.615503
0.616009
0.616752
0.617795
0.619176
0.620639
0.621822
0.622673
0.623256
0.623637
0.623875
0.624015
0.624089
0.624121
0.624116
0.607908
0.607923
0.608001
0.608152
0.608412
0.608833
0.609479
0.610429
0.611763
0.613525
0.615387
0.616891
0.617972
0.618711
0.619195
0.619499
0.619679
0.619776
0.619817
0.619812
0.600665
0.600685
0.600784
0.600977
0.601311
0.60185
0.602679
0.603898
0.605605
0.607856
0.610227
0.612137
0.613507
0.614445
0.615059
0.615444
0.615673
0.615796
0.61585
0.615843
0.592938
0.592963
0.593091
0.593341
0.593772
0.594467
0.595535
0.597101
0.59929
0.602165
0.605183
0.607606
0.609342
0.610528
0.611306
0.611794
0.612083
0.612239
0.612306
0.612298
0.584579
0.584613
0.58478
0.585105
0.585664
0.586566
0.587947
0.589967
0.592776
0.59645
0.600288
0.603358
0.605553
0.607051
0.608032
0.608647
0.609012
0.609209
0.609294
0.609284
0.575396
0.575441
0.575661
0.576088
0.57682
0.577996
0.57979
0.582403
0.586017
0.590713
0.595587
0.59947
0.602239
0.604126
0.605361
0.606136
0.606594
0.606843
0.606949
0.606935
0.565124
0.565187
0.56548
0.566046
0.567012
0.568559
0.570905
0.574298
0.578957
0.584957
0.591137
0.596034
0.599519
0.601892
0.603445
0.604417
0.604993
0.605305
0.605438
0.60542
0.553398
0.553488
0.553885
0.554646
0.555939
0.557992
0.561085
0.565517
0.571535
0.579196
0.587007
0.593162
0.597533
0.60051
0.60246
0.603682
0.604405
0.604797
0.604963
0.60494
0.539698
0.539831
0.540384
0.541428
0.543186
0.545954
0.550076
0.555903
0.563694
0.573457
0.583286
0.590986
0.59645
0.600177
0.602624
0.604161
0.605074
0.605567
0.605777
0.605748
0.52326
0.523467
0.52426
0.525734
0.528187
0.531994
0.537567
0.54529
0.555394
0.56779
0.580079
0.589647
0.596448
0.601111
0.60419
0.606136
0.607296
0.607925
0.608193
0.608156
0.502909
0.503247
0.504435
0.506607
0.510157
0.515541
0.523216
0.53354
0.546641
0.56228
0.577498
0.589283
0.5977
0.603534
0.607435
0.609931
0.611433
0.612255
0.612607
0.612562
0.476737
0.477317
0.47922
0.482644
0.488064
0.495961
0.506743
0.520628
0.537545
0.557066
0.575659
0.589993
0.600329
0.607628
0.61263
0.615914
0.617937
0.619061
0.619544
0.619496
0.441266
0.44235
0.445879
0.451902
0.460766
0.472783
0.48814
0.506786
0.528388
0.552361
0.57467
0.591812
0.604348
0.613448
0.619937
0.624415
0.627326
0.629018
0.62976
0.629714
0.388784
0.392096
0.400411
0.412299
0.427526
0.446079
0.467858
0.492531
0.519575
0.548363
0.57452
0.594576
0.609496
0.620704
0.629126
0.63539
0.639907
0.642951
0.644514
0.644543
0.304529
0.322482
0.342642
0.365232
0.390057
0.417342
0.446919
0.478363
0.511181
0.544885
0.574909
0.597988
0.615559
0.629306
0.640297
0.649239
0.656628
0.66268
0.66771
0.669978
0.2164
0.253209
0.285712
0.319357
0.354161
0.39019
0.42731
0.465227
0.503547
0.541971
0.575836
0.602028
0.622379
0.638823
0.652498
0.664159
0.674277
0.68314
0.692799
0.696767
0.159286
0.198332
0.238557
0.280298
0.322999
0.366443
0.410239
0.453896
0.496903
0.538965
0.575337
0.60327
0.625022
0.642656
0.657286
0.669603
0.68008
0.689037
0.697692
0.700937
0.119064
0.160341
0.204188
0.250326
0.298176
0.347019
0.396007
0.444254
0.490905
0.535449
0.57304
0.601438
0.623362
0.641024
0.655579
0.667727
0.677967
0.686692
0.69492
0.698116
0.0894083
0.131813
0.1782
0.227621
0.279227
0.332112
0.385119
0.436914
0.48617
0.531981
0.56946
0.597135
0.618296
0.635299
0.649317
0.661031
0.67091
0.679281
0.687016
0.690009
0.0657255
0.109394
0.157807
0.209821
0.264512
0.32074
0.377025
0.431594
0.482599
0.528607
0.564771
0.590693
0.610332
0.62617
0.639331
0.650419
0.659833
0.66786
0.675154
0.678009
0.046339
0.0911643
0.14144
0.195742
0.253082
0.312187
0.371275
0.428125
0.480261
0.525559
0.559281
0.58246
0.599862
0.61408
0.62612
0.636431
0.645317
0.652982
0.65988
0.662668
0.0297298
0.0757164
0.12786
0.184271
0.244087
0.305843
0.367495
0.426353
0.479209
0.523067
0.553276
0.572683
0.587127
0.599272
0.609938
0.619364
0.627655
0.634956
0.641505
0.644263
0.0151118
0.062382
0.116098
0.174624
0.236828
0.301159
0.365315
0.426109
0.479518
0.521389
0.547031
0.561556
0.572233
0.581838
0.5909
0.599333
0.607008
0.613932
0.62014
0.622855
0.00144241
0.0501101
0.105563
0.16617
0.230753
0.297689
0.364408
0.427234
0.481231
0.520799
0.540828
0.549207
0.555179
0.56175
0.569008
0.576409
0.58348
0.590057
0.595981
0.598711
-0.0115046
0.0384585
0.0957006
0.158401
0.225407
0.295015
0.364441
0.429544
0.484391
0.521565
0.534996
0.53572
0.535845
0.538837
0.544194
0.550634
0.557254
0.563587
0.5693
0.572098
-0.0243448
0.0270506
0.0861015
0.150924
0.220418
0.292781
0.365113
0.432816
0.488964
0.523973
0.529907
0.521152
0.513935
0.512738
0.516247
0.522057
0.528561
0.534889
0.540578
0.543541
-0.0372465
0.0156294
0.0764648
0.143436
0.215451
0.290686
0.366111
0.436827
0.494896
0.528278
0.526019
0.505535
0.488925
0.482773
0.484865
0.490727
0.497865
0.504695
0.510663
0.51382
-0.0505515
0.00397775
0.0665959
0.135726
0.210277
0.288444
0.367153
0.441266
0.502013
0.534702
0.523906
0.48895
0.459965
0.447743
0.448997
0.456802
0.465915
0.474203
0.480991
0.484604
-0.0643496
-0.00811496
0.0563239
0.127614
0.204702
0.285844
0.367973
0.445856
0.510085
0.543357
0.524231
0.471624
0.425765
0.405408
0.407695
0.420155
0.433813
0.44526
0.453821
0.45821
-0.0787669
-0.0206644
0.0456126
0.11904
0.198621
0.282701
0.368339
0.450292
0.518805
0.554253
0.527749
0.454117
0.384461
0.352871
0.35836
0.380187
0.402879
0.420647
0.432571
0.438244
-0.0935264
-0.0336893
0.034431
0.109969
0.191983
0.278927
0.368053
0.454284
0.527793
0.56721
0.535258
0.437486
0.334247
0.284442
0.295627
0.33477
0.374923
0.404472
0.423021
0.430444
-0.108587
-0.0470963
0.0228239
0.100409
0.184762
0.274471
0.366985
0.457567
0.536638
0.581854
0.547417
0.423298
0.272751
0.190302
0.210096
0.281967
0.354043
0.40462
0.432976
0.443834
-0.124182
-0.0608021
0.0109002
0.0904425
0.176987
0.269305
0.365096
0.459958
0.544923
0.597624
0.564645
0.413591
0.197792
0.0545696
0.0856312
0.217426
0.347825
0.429631
0.470646
0.481663
-0.139892
-0.0747561
-0.00123038
0.0801766
0.16874
0.263472
0.362326
0.461347
0.552315
0.613806
0.586888
0.411308
0.109237
-0.154436
-0.113144
0.13059
0.360302
0.492664
0.550085
0.546255
-0.155988
-0.0888022
-0.0134213
0.0696535
0.160038
0.257011
0.35868
0.461641
0.558596
0.629912
0.613967
0.42092
-0.00323855
-0.516437
-0.487222
0.00673546
0.390589
0.592107
0.678861
0.673139
-0.172284
-0.102779
-0.0255998
0.0588122
0.150739
0.249755
0.354028
0.460679
0.563612
0.645776
0.64634
0.448724
-0.150935
-1.21916
-1.29925
-0.286643
0.362162
0.619429
0.664261
0.579726
-0.18833
-0.116137
-0.037457
0.0478052
0.141094
0.241953
0.34841
0.458471
0.566898
0.660133
0.681464
0.498179
-0.290816
-2.04893
-2.41673
-0.889012
0.0099169
0.277603
0.278177
0.243204
-0.203617
-0.127906
-0.0482589
0.0373288
0.131783
0.234136
0.342094
0.455174
0.568557
0.67197
0.715696
0.56673
-0.265769
-2.30393
-2.75917
-1.3996
-0.618868
-0.261117
-0.146099
-0.0899925
-0.301224
-0.136072
-0.0592065
0.0263293
0.121539
0.225074
0.335173
0.450573
0.568206
0.680551
0.746945
0.65958
0.0502662
-1.70895
-2.17629
-1.37402
-0.844671
-0.557866
-0.464461
-0.386362
-0.163741
-0.146296
-0.0764835
0.00949784
0.105918
0.211226
0.322857
0.441352
0.563866
0.68573
0.773249
0.743341
0.350404
-0.503333
-0.902564
-0.86704
-0.804041
-0.740747
-0.709616
-0.61259
-0.221107
-0.164809
-0.0914923
-0.0047548
0.0927059
0.198923
0.312479
0.43277
0.557274
0.682737
0.779461
0.780862
0.539827
0.0147144
-0.411856
-0.6379
-0.765589
-0.843435
-0.897453
-0.823035
-0.254094
-0.188958
-0.110585
-0.0218648
0.0769977
0.184549
0.299927
0.421248
0.546686
0.673722
0.774548
0.793127
0.630657
0.263397
-0.153884
-0.50092
-0.774424
-0.978505
-1.15391
-1.09066
-0.287874
-0.214659
-0.131627
-0.0400551
0.0606533
0.169838
0.286289
0.408064
0.534738
0.663633
0.764189
0.785935
0.659036
0.358094
-0.0390785
-0.453871
-0.841506
-1.18072
-1.52588
-1.52635
-0.319665
-0.241083
-0.15424
-0.0596815
0.0432242
0.153811
0.271071
0.394406
0.52148
0.64728
0.743522
0.7641
0.657488
0.384302
0.0102749
-0.448188
-0.943224
-1.40094
-1.90652
-2.3342
-0.350041
-0.268454
-0.178499
-0.0810299
0.0239357
0.136183
0.254932
0.378338
0.504555
0.630009
0.723182
0.739928
0.643846
0.396529
0.0463979
-0.42193
-1.00188
-1.60096
-1.93073
-2.22828
-0.380398
-0.297037
-0.204485
-0.10451
0.00255313
0.116485
0.236316
0.360742
0.487498
0.609979
0.696717
0.709024
0.61845
0.397516
0.0686784
-0.374903
-0.956119
-1.58055
-1.84132
-1.85679
-0.41123
-0.32678
-0.23218
-0.13002
-0.0208594
0.0948432
0.215906
0.340453
0.465885
0.586073
0.669765
0.681723
0.601751
0.418485
0.126677
-0.279441
-0.818804
-1.41438
-1.71403
-1.66549
-0.443029
-0.357657
-0.261364
-0.157345
-0.04644
0.0706466
0.192713
0.318045
0.443392
0.561544
0.642787
0.65764
0.595985
0.451612
0.227098
-0.09576
-0.538112
-0.988727
-1.19319
-1.12664
-0.476046
-0.389833
-0.292331
-0.186782
-0.074003
0.0449074
0.168342
0.293994
0.418481
0.535273
0.616889
0.639395
0.60149
0.505319
0.360191
0.173382
-0.0492898
-0.214505
-0.272104
-0.243862
-0.510174
-0.423288
-0.324611
-0.217457
-0.103056
0.0172148
0.141654
0.267874
0.392573
0.509659
0.593934
0.627349
0.616051
0.571838
0.509125
0.444724
0.394564
0.381718
0.408121
0.428448
-0.545568
-0.458353
-0.358766
-0.250095
-0.134013
-0.0121211
0.113693
0.240911
0.366474
0.48528
0.574352
0.620981
0.635769
0.633556
0.628735
0.632285
0.653611
0.694832
0.737716
0.751893
-0.583769
-0.495409
-0.394302
-0.283888
-0.166064
-0.0425687
0.084806
0.213591
0.340927
0.462799
0.558676
0.619212
0.656221
0.683345
0.710936
0.744425
0.785206
0.829134
0.865023
0.876206
-0.624496
-0.534513
-0.431254
-0.318884
-0.199089
-0.0735613
0.0558464
0.186719
0.31662
0.442573
0.546687
0.620096
0.674383
0.719902
0.762946
0.805398
0.846659
0.88446
0.914102
0.9243
-0.667103
-0.574636
-0.468934
-0.354177
-0.232034
-0.10416
0.0275237
0.160816
0.293725
0.424124
0.536611
0.621861
0.688563
0.745321
0.795623
0.840763
0.880598
0.914563
0.94082
0.950844
-0.70958
-0.614518
-0.505967
-0.388561
-0.263857
-0.133533
0.000531525
0.136424
0.272596
0.408364
0.528587
0.622736
0.69825
0.76153
0.815546
0.861729
0.90084
0.933527
0.958314
0.968059
-0.749229
-0.651837
-0.540698
-0.420587
-0.293404
-0.160746
-0.0243972
0.114022
0.253456
0.394194
0.520813
0.622092
0.703244
0.770262
0.826163
0.872754
0.911445
0.943392
0.967333
0.976823
-0.783283
-0.684344
-0.570967
-0.448589
-0.319303
-0.184708
-0.0464714
0.0940866
0.236291
0.381012
0.512646
0.618736
0.703302
0.772372
0.829115
0.875785
0.914057
0.945484
0.968601
0.978079
-0.808792
-0.709379
-0.594513
-0.470537
-0.339891
-0.204164
-0.0648017
0.0769973
0.220922
0.368196
0.502954
0.611806
0.698224
0.768156
0.825107
0.871546
0.909433
0.940312
0.962648
0.972063
-0.82226
-0.723656
-0.608439
-0.48412
-0.353299
-0.217568
-0.0784529
0.0631307
0.207193
0.355109
0.490902
0.60057
0.687423
0.75736
0.814059
0.86015
0.897646
0.928109
0.949914
0.959449
-0.819738
-0.723904
-0.609445
-0.486266
-0.357075
-0.223415
-0.0865286
0.0528429
0.194857
0.341092
0.475614
0.584115
0.67002
0.73917
0.795236
0.840835
0.877969
0.908124
0.929502
0.939223
-0.796955
-0.704691
-0.593076
-0.47345
-0.348452
-0.219587
-0.0877795
0.0465474
0.183793
0.325468
0.456032
0.56123
0.644672
0.712072
0.766967
0.811824
0.84852
0.878405
0.899548
0.909522
-0.744686
-0.658878
-0.554054
-0.441473
-0.32451
-0.204217
-0.081076
0.0448062
0.173946
0.307713
0.431117
0.530504
0.609513
0.673658
0.72633
0.769759
0.805592
0.835068
0.8564
0.86701
-0.65333
-0.578364
-0.485752
-0.385993
-0.282494
-0.17564
-0.0654916
0.0480407
0.165391
0.287545
0.400259
0.490725
0.562448
0.62075
0.668949
0.709038
0.742322
0.769997
0.792827
0.802881
-0.51591
-0.459412
-0.384577
-0.305169
-0.221551
-0.133465
-0.0407546
0.0565991
0.158646
0.265615
0.364036
0.442064
0.502826
0.551317
0.590823
0.623438
0.649877
0.670342
0.685825
0.692774
-0.305644
-0.282457
-0.244545
-0.198027
-0.143052
-0.0799567
-0.00902017
0.0694434
0.154969
0.246958
0.332477
0.399852
0.451257
0.490766
0.521093
0.544375
0.56293
0.578336
0.590167
0.594547
-0.127375
-0.122209
-0.110173
-0.0903129
-0.0613661
-0.0223536
0.0269636
0.086338
0.155042
0.231893
0.304728
0.362032
0.404907
0.436794
0.460296
0.477201
0.488497
0.49518
0.498644
0.49992
-0.0281018
-0.0273109
-0.0226071
-0.012955
0.00313325
0.027229
0.0607033
0.104271
0.157827
0.220346
0.280942
0.328612
0.363621
0.388713
0.406032
0.417426
0.424569
0.428732
0.430663
0.431051
0.0264871
0.0269879
0.0294915
0.0353139
0.0457938
0.0622831
0.0861165
0.11844
0.159821
0.209782
0.259168
0.298106
0.326366
0.346239
0.359762
0.368596
0.373995
0.376952
0.37828
0.378618
0.061959
0.0625584
0.0644724
0.068504
0.0756657
0.0872137
0.104499
0.128741
0.160714
0.200312
0.240103
0.271586
0.2943
0.310095
0.320656
0.327405
0.331481
0.333749
0.334821
0.335119
0.0855071
0.0860087
0.0874765
0.0904589
0.0957073
0.10418
0.117002
0.135325
0.160025
0.19123
0.223006
0.24825
0.266406
0.278943
0.287272
0.292576
0.295775
0.297552
0.298396
0.298631
0.100906
0.10132
0.102453
0.104702
0.108624
0.114968
0.124645
0.138637
0.157767
0.182284
0.207523
0.227656
0.242122
0.252081
0.258674
0.262859
0.26538
0.266783
0.267453
0.267639
0.110411
0.110738
0.111614
0.113329
0.116311
0.121132
0.128514
0.139268
0.154115
0.173351
0.193318
0.209308
0.220802
0.228705
0.233927
0.237238
0.23923
0.240339
0.240868
0.241014
0.115503
0.115759
0.116436
0.117755
0.12004
0.123738
0.129415
0.137722
0.149273
0.164353
0.18011
0.192773
0.201881
0.208142
0.212278
0.214899
0.216476
0.217353
0.21777
0.217884
0.117252
0.117452
0.117976
0.118994
0.120758
0.123611
0.127999
0.134443
0.143443
0.155262
0.167675
0.17768
0.184887
0.189842
0.193113
0.195185
0.196429
0.197121
0.197451
0.19754
0.116445
0.116599
0.117007
0.117797
0.119163
0.121374
0.124779
0.12979
0.136814
0.146075
0.155842
0.163734
0.169424
0.173338
0.175923
0.177559
0.178542
0.179087
0.179344
0.179414
0.113667
0.113787
0.114104
0.114717
0.115779
0.117498
0.120147
0.124053
0.12954
0.136798
0.144476
0.150692
0.155179
0.158267
0.160305
0.161595
0.16237
0.1628
0.163004
0.163059
0.109365
0.10946
0.109707
0.110185
0.111011
0.112349
0.114414
0.117461
0.12175
0.127437
0.133466
0.138357
0.141892
0.144324
0.145931
0.146949
0.147559
0.147897
0.148056
0.148098
0.103882
0.103956
0.104148
0.104521
0.105165
0.106209
0.10782
0.1102
0.113554
0.118008
0.12274
0.126584
0.129364
0.131278
0.132542
0.133341
0.13382
0.134086
0.134211
0.134244
0.0974802
0.0975375
0.0976875
0.0979779
0.0984805
0.0992947
0.100552
0.10241
0.105032
0.10852
0.11223
0.115248
0.117431
0.118935
0.119927
0.120555
0.120932
0.121141
0.121238
0.121264
0.0903608
0.0904055
0.0905224
0.0907488
0.0911403
0.0917754
0.0927565
0.0942082
0.0962578
0.0989853
0.101891
0.104255
0.105965
0.107144
0.107924
0.108418
0.108713
0.108876
0.108952
0.108972
0.0826843
0.0827184
0.0828093
0.0829855
0.0832911
0.0837861
0.0845507
0.0856824
0.0872813
0.0894115
0.0916831
0.0935328
0.0948721
0.0957954
0.0964047
0.0967895
0.0970205
0.0971479
0.0972073
0.0972227
0.0745718
0.0745989
0.0746696
0.0748067
0.0750439
0.0754286
0.0760229
0.0769026
0.0781468
0.0798063
0.0815758
0.0830185
0.0840649
0.0847856
0.085261
0.0855613
0.0857405
0.0858395
0.0858855
0.0858974
0.0661237
0.0661442
0.0661985
0.066304
0.0664872
0.066785
0.0672459
0.0679284
0.0688931
0.0701801
0.0715531
0.0726716
0.0734808
0.0740377
0.0744056
0.0746388
0.074779
0.0748563
0.0748924
0.0749014
0.0574118
0.0574277
0.0574697
0.0575514
0.0576923
0.0579206
0.0582741
0.0587983
0.0595398
0.0605293
0.0615853
0.0624463
0.0630701
0.0635006
0.0637858
0.0639656
0.0640722
0.0641312
0.0641588
0.0641656
0.0484995
0.0485115
0.0485432
0.048605
0.048712
0.0488854
0.0491532
0.0495508
0.0501133
0.0508645
0.0516674
0.0523226
0.0527981
0.0531256
0.0533399
0.053475
0.0535563
0.0536008
0.0536209
0.0536264
0.0394355
0.0394446
0.039468
0.0395133
0.0395917
0.0397204
0.0399201
0.0402158
0.0406339
0.0411916
0.041787
0.0422717
0.0426219
0.0428626
0.0430224
0.0431241
0.0431845
0.0432176
0.0432333
0.0432373
0.0302582
0.0302645
0.0302805
0.0303131
0.03037
0.0304622
0.0306044
0.0308147
0.0311125
0.0315098
0.0319341
0.03228
0.0325309
0.0327047
0.0328182
0.0328884
0.0329304
0.0329537
0.0329641
0.0329665
0.0210004
0.0210051
0.0210163
0.0210378
0.021076
0.0211378
0.021232
0.0213703
0.0215655
0.0218259
0.022104
0.0223308
0.0224934
0.0226036
0.0226773
0.022725
0.0227528
0.0227671
0.0227732
0.0227748
0.0116863
0.0116892
0.0116966
0.0117092
0.0117307
0.0117638
0.0118142
0.0118885
0.0119931
0.0121314
0.0122783
0.0123977
0.0124842
0.0125428
0.0125803
0.0126028
0.0126169
0.0126258
0.0126311
0.0126334
0.0023377
0.00233645
0.0023367
0.00233914
0.00234299
0.00234808
0.00235628
0.00236862
0.0023861
0.00241017
0.00243998
0.00246757
0.00248828
0.0025042
0.00251528
0.00252238
0.00252672
0.00252868
0.00252889
0.00252771
-1.28262
-1.02589
-0.757662
-0.522193
-0.299894
-0.0642596
0.176085
0.402582
0.570199
0.529202
-0.761736
-0.574365
-0.383991
-0.201606
-0.022221
0.147624
0.302561
0.425885
0.486543
0.478925
-0.364326
-0.234145
-0.0984412
0.0324233
0.156646
0.267677
0.358061
0.421924
0.454205
0.461651
-0.0784325
0.00883652
0.1018
0.190316
0.271036
0.340613
0.394824
0.432642
0.457499
0.470031
0.121297
0.180066
0.241875
0.300003
0.352086
0.396472
0.431665
0.458111
0.478943
0.494491
0.265317
0.305898
0.344865
0.382833
0.417545
0.447375
0.472062
0.492571
0.50884
0.521602
0.372408
0.396541
0.423151
0.449995
0.474942
0.497505
0.516583
0.531304
0.540935
0.546009
0.454498
0.471912
0.49408
0.516984
0.538082
0.555628
0.568376
0.574412
0.57662
0.573453
0.517207
0.535556
0.558012
0.578428
0.596871
0.612866
0.625708
0.632445
0.633412
0.634473
0.569783
0.597241
0.628026
0.657712
0.684923
0.706695
0.72088
0.727803
0.725879
0.734691
0.653197
0.704663
0.749753
0.784336
0.809211
0.826953
0.840251
0.849818
0.855324
0.8691
0.827481
0.86253
0.890903
0.912807
0.93224
0.950806
0.967962
0.981739
0.994318
1.01069
1.01574
1.03407
1.05079
1.06805
1.08394
1.09753
1.10936
1.123
1.1404
1.16007
1.19914
1.20896
1.22071
1.23181
1.24136
1.25125
1.26199
1.27279
1.28342
1.29832
1.4064
1.41026
1.39576
1.38117
1.3747
1.38001
1.39836
1.42848
1.46037
1.48698
1.71276
1.57806
1.50139
1.45877
1.44141
1.44558
1.47261
1.52886
1.63157
1.85589
0.732972
0.73237
0.730209
0.723737
0.713544
0.703129
0.694192
0.686964
0.68159
0.678352
0.677918
0.680038
0.684622
0.691118
0.699263
0.709129
0.719772
0.7287
0.732232
0.733302
0.664662
0.670089
0.676799
0.681385
0.68376
0.68358
0.68148
0.678632
0.675701
0.673644
0.673223
0.674863
0.677694
0.680874
0.683556
0.684935
0.683889
0.680358
0.674879
0.667794
0.66751
0.668893
0.67186
0.674349
0.676059
0.676801
0.67624
0.67463
0.672892
0.671616
0.671504
0.67264
0.67444
0.676363
0.677682
0.67765
0.676397
0.67436
0.671518
0.669079
0.665165
0.665263
0.665629
0.66622
0.666835
0.66732
0.667522
0.667352
0.666774
0.666187
0.666164
0.666969
0.667907
0.668513
0.668611
0.668345
0.667855
0.667264
0.666778
0.66657
0.660038
0.660128
0.660348
0.660626
0.660892
0.661084
0.661138
0.661012
0.660744
0.660495
0.660604
0.661188
0.661844
0.662312
0.662523
0.662505
0.662334
0.66209
0.661842
0.661687
0.654493
0.654533
0.654629
0.65477
0.65494
0.655115
0.655258
0.655339
0.655366
0.655423
0.655682
0.656126
0.656545
0.656813
0.656915
0.656893
0.656805
0.656698
0.656603
0.656545
0.648718
0.648741
0.6488
0.648884
0.648988
0.649112
0.649249
0.649395
0.649559
0.649788
0.650152
0.650595
0.650964
0.651209
0.651336
0.651379
0.651372
0.651341
0.651302
0.651272
0.642862
0.642874
0.642913
0.642976
0.643064
0.643185
0.643344
0.64355
0.643821
0.644188
0.644672
0.64517
0.645558
0.645818
0.645973
0.646053
0.646084
0.646087
0.646076
0.646062
0.6369
0.636906
0.636935
0.63699
0.637076
0.637206
0.637395
0.637661
0.63803
0.63853
0.639155
0.63976
0.640213
0.640527
0.640727
0.640844
0.640906
0.640933
0.64094
0.640935
0.630801
0.630805
0.630836
0.630893
0.630988
0.63114
0.631371
0.631709
0.632188
0.632841
0.63364
0.634392
0.634952
0.635346
0.635603
0.635762
0.635854
0.635901
0.635921
0.635922
0.624549
0.624549
0.624581
0.624646
0.62476
0.624946
0.625234
0.625664
0.626277
0.627115
0.628135
0.629086
0.629797
0.630289
0.630617
0.630825
0.630949
0.631017
0.631049
0.631056
0.618095
0.618094
0.61813
0.618209
0.61835
0.618582
0.618946
0.619492
0.620276
0.621347
0.622649
0.623856
0.624754
0.625382
0.625801
0.626069
0.626231
0.626322
0.626366
0.626377
0.611382
0.61138
0.611425
0.611523
0.6117
0.611995
0.612459
0.613155
0.614158
0.615526
0.617185
0.618721
0.619859
0.620657
0.621191
0.621533
0.621742
0.62186
0.621919
0.621934
0.604339
0.604336
0.604392
0.604517
0.604743
0.60512
0.605714
0.606606
0.607889
0.609638
0.611754
0.613707
0.615152
0.616164
0.616842
0.617277
0.617542
0.617693
0.617769
0.61779
0.59687
0.596865
0.596937
0.597098
0.597389
0.597874
0.598638
0.599784
0.601429
0.603667
0.606365
0.608847
0.61068
0.611963
0.612821
0.613372
0.613709
0.613901
0.613997
0.614024
0.588848
0.588842
0.588936
0.589144
0.589522
0.590149
0.591135
0.592613
0.594727
0.597593
0.601032
0.604184
0.606507
0.608129
0.609213
0.609909
0.610334
0.610577
0.610698
0.610732
0.580105
0.580098
0.580221
0.580494
0.580986
0.581803
0.583083
0.584995
0.587719
0.591392
0.595774
0.599772
0.602708
0.604755
0.606122
0.606999
0.607536
0.607841
0.607994
0.608036
0.570416
0.570408
0.570571
0.570932
0.57158
0.572651
0.574323
0.576809
0.580328
0.58504
0.59062
0.59568
0.599384
0.601961
0.603682
0.604785
0.605459
0.605842
0.606034
0.606086
0.559471
0.559463
0.559683
0.560166
0.561029
0.562448
0.56465
0.5679
0.572463
0.578512
0.585606
0.591993
0.59665
0.599887
0.602049
0.603434
0.60428
0.604763
0.605003
0.605068
0.546836
0.54683
0.547134
0.547793
0.54896
0.550866
0.553797
0.55808
0.564021
0.57179
0.580785
0.588812
0.594646
0.598701
0.601411
0.603151
0.604215
0.604821
0.605124
0.605204
0.531888
0.531889
0.532324
0.533245
0.534858
0.537465
0.541426
0.547128
0.554898
0.564873
0.576227
0.586257
0.59353
0.598595
0.601993
0.604183
0.605526
0.606293
0.606677
0.606779
0.51368
0.513702
0.514353
0.515694
0.517998
0.521661
0.527121
0.534806
0.545018
0.557793
0.572027
0.584459
0.593465
0.599774
0.604042
0.606816
0.608529
0.609514
0.610009
0.610142
0.490674
0.490756
0.491816
0.493892
0.497346
0.502688
0.510415
0.520915
0.534369
0.550642
0.568303
0.583535
0.594588
0.602418
0.607801
0.61136
0.613596
0.614902
0.615574
0.615763
0.460116
0.460402
0.462377
0.465903
0.471452
0.479638
0.490882
0.505381
0.523067
0.543582
0.565174
0.583554
0.596952
0.606613
0.61344
0.618109
0.621152
0.623006
0.624013
0.624336
0.416816
0.417814
0.422258
0.428988
0.43866
0.451797
0.468452
0.488448
0.511428
0.536846
0.56273
0.584476
0.60044
0.612229
0.62089
0.627147
0.631527
0.634463
0.636269
0.636958
0.35222
0.355085
0.366428
0.380596
0.398429
0.419743
0.444087
0.471049
0.50015
0.530832
0.561071
0.586159
0.604733
0.618816
0.629631
0.637974
0.644402
0.649357
0.65318
0.654193
0.269445
0.277784
0.300894
0.327668
0.356584
0.387403
0.419983
0.454091
0.489333
0.525277
0.55994
0.588642
0.610299
0.627309
0.641036
0.652309
0.661695
0.669663
0.675682
0.677869
0.19055
0.208428
0.242417
0.279574
0.318094
0.357672
0.39806
0.438932
0.479869
0.520493
0.558883
0.590406
0.614304
0.633346
0.649005
0.66211
0.673117
0.682355
0.68971
0.69354
0.142176
0.160829
0.199105
0.241956
0.286857
0.332923
0.37949
0.425914
0.471523
0.515748
0.556557
0.589498
0.614292
0.63397
0.650058
0.663384
0.674445
0.683622
0.690771
0.69461
0.107537
0.12681
0.167844
0.214106
0.262986
0.313515
0.364717
0.415507
0.464751
0.5115
0.553469
0.586519
0.611037
0.630365
0.646116
0.659141
0.669937
0.678861
0.68594
0.689921
0.0808087
0.100562
0.143522
0.192473
0.244579
0.298679
0.353556
0.407758
0.459699
0.507916
0.549797
0.581732
0.605013
0.623302
0.638246
0.650669
0.661027
0.669624
0.676522
0.68057
0.0589133
0.0794137
0.124255
0.175429
0.230172
0.287252
0.345215
0.402243
0.456215
0.505069
0.54576
0.575457
0.596639
0.613296
0.627064
0.638661
0.648464
0.656689
0.663368
0.667419
0.0406017
0.061802
0.108377
0.161632
0.218764
0.278509
0.339218
0.398706
0.454281
0.503122
0.54164
0.56799
0.586218
0.600667
0.612909
0.623498
0.63264
0.640456
0.646909
0.650938
0.0246513
0.0466443
0.0948775
0.150076
0.20948
0.271757
0.335075
0.396868
0.453838
0.502252
0.537707
0.559587
0.573935
0.585579
0.595961
0.605363
0.613775
0.621149
0.627379
0.63141
0.0103376
0.0330091
0.0828508
0.140017
0.201667
0.266445
0.332352
0.396476
0.45484
0.502615
0.534268
0.55047
0.559888
0.568065
0.576253
0.584334
0.591964
0.598881
0.604875
0.608862
-0.00320826
0.0203419
0.0717613
0.130877
0.19478
0.262098
0.330677
0.397267
0.457207
0.504387
0.531648
0.540854
0.544097
0.54803
0.553716
0.560414
0.567312
0.573844
0.579656
0.583679
-0.0163184
0.00802371
0.0611015
0.122203
0.188392
0.258314
0.329689
0.398977
0.460845
0.507717
0.53021
0.530957
0.526456
0.525226
0.528141
0.533572
0.539942
0.546286
0.552013
0.5561
-0.0294393
-0.00419438
0.0505766
0.113642
0.182155
0.254739
0.32906
0.40133
0.465583
0.512709
0.53036
0.521054
0.506771
0.499156
0.499125
0.503659
0.510068
0.516665
0.522613
0.526961
-0.0427086
-0.0165562
0.0399269
0.104958
0.175806
0.251104
0.328492
0.404031
0.471219
0.519378
0.532512
0.511512
0.484711
0.468919
0.465793
0.470495
0.478062
0.485736
0.492396
0.497202
-0.0564194
-0.0292953
0.0289242
0.0959604
0.169147
0.247184
0.327725
0.406783
0.47749
0.527706
0.537112
0.502864
0.459815
0.432987
0.426844
0.433617
0.444426
0.454798
0.463205
0.468838
-0.0705702
-0.0424778
0.0174789
0.0865031
0.162039
0.242814
0.326564
0.409334
0.484074
0.537495
0.544557
0.495881
0.431572
0.388881
0.380118
0.391854
0.409589
0.425604
0.437545
0.444943
-0.0853396
-0.0561317
0.00557621
0.0765671
0.154393
0.237857
0.324808
0.411404
0.490642
0.548447
0.555141
0.491625
0.399631
0.334115
0.321007
0.342885
0.373963
0.400868
0.419692
0.430293
-0.100274
-0.0702192
-0.00675466
0.0661822
0.146214
0.232266
0.322335
0.412812
0.496874
0.560178
0.568983
0.491379
0.364355
0.262821
0.241493
0.28141
0.337675
0.384875
0.415062
0.42973
-0.11569
-0.0846313
-0.0194477
0.0553823
0.137549
0.226046
0.319074
0.413357
0.50244
0.572216
0.585901
0.496624
0.326304
0.167617
0.127756
0.200065
0.302102
0.38469
0.432545
0.454209
-0.131414
-0.0993196
-0.0324044
0.044276
0.128443
0.219229
0.315064
0.412961
0.507055
0.583992
0.605441
0.50885
0.285893
0.0366401
-0.0471923
0.083578
0.271547
0.414802
0.48764
0.512516
-0.147421
-0.114253
-0.0454731
0.0330116
0.118979
0.211853
0.31031
0.411596
0.510514
0.594968
0.626779
0.529312
0.247256
-0.151583
-0.341459
-0.101111
0.247183
0.465939
0.583045
0.602577
-0.163673
-0.129369
-0.0585372
0.0215853
0.109098
0.203867
0.304727
0.409188
0.512845
0.60514
0.650001
0.560423
0.217256
-0.464578
-0.962816
-0.491719
0.197976
0.539816
0.708947
0.725517
-0.179966
-0.144443
-0.0712761
0.0101048
0.0988122
0.195272
0.298314
0.405589
0.513757
0.613819
0.67364
0.60269
0.212841
-0.935662
-2.10154
-1.24471
-0.0713777
0.414764
0.514735
0.430044
-0.195672
-0.158604
-0.0833266
-0.00148079
0.0881207
0.185956
0.290993
0.400852
0.513013
0.6204
0.695685
0.652605
0.245392
-1.22763
-2.95017
-1.96801
-0.649536
-0.119021
0.0507647
0.0537371
-0.213113
-0.170095
-0.0940975
-0.0131172
0.0772699
0.17636
0.282535
0.395074
0.510626
0.624299
0.714108
0.703345
0.331579
-1.08757
-2.70218
-1.99538
-1.06394
-0.584945
-0.365713
-0.296018
-0.160675
-0.138448
-0.0681067
0.0173757
0.113008
0.217302
0.330125
0.446584
0.565862
0.681444
0.754833
0.685625
0.134334
-1.27095
-1.725
-1.24347
-0.858023
-0.633822
-0.548471
-0.508158
-0.185205
-0.165947
-0.111406
-0.0324837
0.058658
0.159224
0.268058
0.383405
0.502901
0.623906
0.730689
0.762665
0.54812
-0.319005
-1.10785
-1.15478
-0.927395
-0.755977
-0.642326
-0.631825
-0.204244
-0.178701
-0.122031
-0.0423367
0.0492347
0.150547
0.25972
0.375924
0.497162
0.62152
0.735554
0.788509
0.660128
0.135684
-0.470007
-0.696256
-0.770463
-0.789519
-0.796657
-0.818222
-0.230436
-0.204672
-0.140221
-0.0581356
0.0349286
0.137695
0.248372
0.366041
0.489106
0.616223
0.734241
0.798836
0.724544
0.396329
-0.0699096
-0.421378
-0.665778
-0.837895
-0.956214
-1.0637
-0.263096
-0.234678
-0.162411
-0.0770012
0.0181432
0.122424
0.234484
0.353575
0.478111
0.605829
0.724972
0.794583
0.747022
0.503156
0.119296
-0.281848
-0.641026
-0.94111
-1.19348
-1.45625
-0.295258
-0.264171
-0.186134
-0.097133
0.000426368
0.106231
0.219728
0.339938
0.464887
0.592664
0.710508
0.776533
0.738075
0.530499
0.191635
-0.228134
-0.676049
-1.10102
-1.47543
-2.09076
-0.326304
-0.293468
-0.211158
-0.118953
-0.0190007
0.0887311
0.203713
0.324572
0.449681
0.576859
0.692109
0.755045
0.719981
0.538508
0.222966
-0.193103
-0.707663
-1.27011
-1.7626
-2.45736
-0.356713
-0.323035
-0.237672
-0.142663
-0.0402487
0.0695204
0.185673
0.307479
0.433432
0.55988
0.671503
0.728165
0.6914
0.530707
0.237127
-0.157837
-0.683063
-1.31957
-1.79452
-1.90508
-0.387276
-0.353385
-0.265745
-0.16833
-0.0636986
0.0479364
0.165845
0.288798
0.414266
0.538812
0.646766
0.698847
0.664068
0.523003
0.25784
-0.109838
-0.599156
-1.22272
-1.71709
-1.7746
-0.418693
-0.384565
-0.295285
-0.19577
-0.0889549
0.0244856
0.143486
0.266777
0.392475
0.516171
0.621398
0.67178
0.644177
0.525432
0.313007
0.00246078
-0.439015
-0.979273
-1.45994
-1.49395
-0.451409
-0.4168
-0.326101
-0.224979
-0.116566
-0.00156413
0.119064
0.243671
0.36937
0.491654
0.594847
0.646498
0.630582
0.544189
0.389995
0.16945
-0.137977
-0.480437
-0.706581
-0.718658
-0.4849
-0.450014
-0.35848
-0.25588
-0.145631
-0.0288888
0.0931052
0.218283
0.343981
0.465974
0.569101
0.625431
0.625872
0.577688
0.489704
0.377484
0.25796
0.158897
0.118569
0.131093
-0.519727
-0.48459
-0.392212
-0.288323
-0.17662
-0.0583234
0.0650974
0.191385
0.317794
0.44036
0.545171
0.60894
0.628251
0.616626
0.589033
0.560192
0.542689
0.551109
0.588935
0.62128
-0.556742
-0.520857
-0.427773
-0.322473
-0.209058
-0.0889922
0.0359484
0.163545
0.291252
0.415348
0.523971
0.597162
0.635302
0.653935
0.666788
0.684498
0.713535
0.755459
0.801203
0.828348
-0.596358
-0.559683
-0.464989
-0.357805
-0.242598
-0.120697
0.0059985
0.135453
0.265098
0.391732
0.505566
0.589428
0.644302
0.685039
0.721567
0.759472
0.800196
0.842208
0.880341
0.903874
-0.638096
-0.601152
-0.503624
-0.394213
-0.27678
-0.152642
-0.0238177
0.107838
0.239872
0.369891
0.490156
0.584269
0.653326
0.708772
0.758079
0.803827
0.846331
0.884837
0.917758
0.938505
-0.681028
-0.642824
-0.542497
-0.430478
-0.310476
-0.183905
-0.0527153
0.0813112
0.21606
0.350075
0.476591
0.580524
0.660087
0.725495
0.781649
0.830714
0.873338
0.90992
0.940587
0.96164
-0.722648
-0.683419
-0.579982
-0.465233
-0.342559
-0.213533
-0.0799521
0.0564822
0.194125
0.332193
0.464761
0.576661
0.664027
0.735587
0.795576
0.846219
0.888852
0.924591
0.954182
0.975013
-0.760076
-0.720289
-0.614071
-0.496699
-0.37164
-0.240379
-0.104637
0.034015
0.174312
0.316026
0.453949
0.571995
0.664488
0.739707
0.801739
0.853111
0.895637
0.930853
0.959838
0.980496
-0.791085
-0.750966
-0.642285
-0.522883
-0.395989
-0.263057
-0.125751
0.0145166
0.156798
0.301255
0.443017
0.565262
0.660925
0.738071
0.801016
0.852555
0.894856
0.929636
0.958201
0.97864
-0.812204
-0.772062
-0.662012
-0.541562
-0.413627
-0.279992
-0.142131
-0.00136239
0.14168
0.287434
0.431197
0.555475
0.65262
0.730491
0.793603
0.84498
0.886935
0.921284
0.949746
0.970032
-0.820019
-0.780526
-0.670037
-0.549595
-0.422162
-0.289353
-0.152505
-0.0129296
0.129029
0.27414
0.417656
0.541735
0.638768
0.716331
0.779038
0.830023
0.871647
0.905706
0.93421
0.954428
-0.810271
-0.771993
-0.662127
-0.543486
-0.418607
-0.288873
-0.155571
-0.0195524
0.118959
0.260832
0.401568
0.523226
0.61834
0.694465
0.756149
0.806486
0.847729
0.88158
0.910308
0.930571
-0.775432
-0.739259
-0.63325
-0.519141
-0.399671
-0.276182
-0.149528
-0.0202462
0.111732
0.247329
0.382139
0.498664
0.58985
0.663106
0.722837
0.771992
0.812687
0.846387
0.875496
0.89578
-0.708861
-0.675825
-0.575867
-0.470913
-0.361676
-0.248984
-0.133172
-0.0144152
0.107507
0.233378
0.35879
0.467089
0.551739
0.619871
0.675805
0.722434
0.761855
0.795274
0.824596
0.84449
-0.59426
-0.565175
-0.482974
-0.39433
-0.302009
-0.205764
-0.105683
-0.00172547
0.10631
0.218859
0.331309
0.427946
0.50282
0.562572
0.611291
0.651874
0.686737
0.717792
0.745566
0.765852
-0.420452
-0.400826
-0.349119
-0.287701
-0.220243
-0.146819
-0.0674873
0.017739
0.10873
0.205275
0.302558
0.385716
0.448992
0.498153
0.536876
0.567362
0.591232
0.61043
0.62739
0.641424
-0.206129
-0.202174
-0.184904
-0.158449
-0.122563
-0.0771362
-0.0220939
0.0422344
0.115253
0.19616
0.279716
0.351546
0.405629
0.446518
0.477338
0.500625
0.518297
0.5313
0.539578
0.543791
-0.0696206
-0.069129
-0.0644326
-0.0544872
-0.0376742
-0.0122316
0.0230711
0.0687954
0.124772
0.190165
0.25997
0.320652
0.36586
0.399147
0.423185
0.43989
0.450729
0.457245
0.460869
0.462478
0.00268285
0.00260968
0.00411327
0.00926755
0.0193027
0.0355244
0.0593363
0.0920299
0.13433
0.186049
0.242969
0.292968
0.329922
0.35649
0.374976
0.38739
0.395388
0.400177
0.402601
0.403414
0.0459552
0.0461522
0.0474071
0.0507336
0.0572202
0.0681915
0.0850321
0.109038
0.141194
0.181784
0.227567
0.268211
0.298151
0.319446
0.334083
0.343746
0.349782
0.353286
0.355096
0.355809
0.0748993
0.075135
0.0761637
0.0786353
0.0832976
0.0911294
0.103318
0.12113
0.145643
0.177369
0.213854
0.246541
0.270598
0.287581
0.299113
0.306634
0.311314
0.314044
0.315468
0.316035
0.0940169
0.0942056
0.0950279
0.0968944
0.100354
0.106159
0.115246
0.12868
0.147472
0.172228
0.201129
0.227233
0.24646
0.259985
0.269129
0.275072
0.278757
0.280901
0.282023
0.282473
0.106257
0.106414
0.10706
0.108488
0.111106
0.115482
0.122355
0.132596
0.147077
0.166391
0.189204
0.209948
0.225251
0.236001
0.243251
0.247949
0.250859
0.252553
0.253441
0.253798
0.113406
0.113531
0.114033
0.11513
0.117131
0.120473
0.12573
0.133596
0.1448
0.159878
0.17784
0.194267
0.206409
0.214937
0.220683
0.224405
0.226707
0.228046
0.228749
0.229029
0.116718
0.116817
0.117207
0.118055
0.119595
0.122165
0.126213
0.13229
0.140986
0.152765
0.16689
0.179866
0.189477
0.196229
0.200777
0.203722
0.205544
0.206603
0.207157
0.207377
0.117109
0.117186
0.117489
0.118146
0.119337
0.121325
0.124458
0.129171
0.135939
0.145145
0.156242
0.166473
0.174065
0.179404
0.183001
0.185329
0.186766
0.1876
0.188037
0.188211
0.115258
0.115316
0.115552
0.116062
0.116987
0.11853
0.120963
0.124628
0.129904
0.137105
0.145818
0.153875
0.159864
0.164078
0.166916
0.168752
0.169887
0.170547
0.17089
0.171026
0.111672
0.111719
0.111903
0.112299
0.113019
0.114219
0.116112
0.118968
0.123087
0.128722
0.135559
0.141896
0.146612
0.149933
0.152173
0.153622
0.154516
0.155034
0.155305
0.155411
0.106745
0.106782
0.106926
0.107235
0.107795
0.10873
0.110206
0.112435
0.115652
0.120061
0.125423
0.130403
0.134115
0.136729
0.138491
0.139631
0.140337
0.140745
0.140958
0.141041
0.100775
0.100804
0.100916
0.101157
0.101593
0.102323
0.103474
0.105214
0.107729
0.11118
0.115383
0.119292
0.122208
0.124264
0.12565
0.126546
0.127098
0.127417
0.127584
0.127649
0.0939945
0.0940165
0.0941035
0.0942912
0.0946318
0.095201
0.0960996
0.0974571
0.0994215
0.102121
0.105412
0.108477
0.110764
0.112377
0.113464
0.114168
0.114604
0.114856
0.114986
0.115037
0.0865794
0.0865966
0.0866646
0.0868112
0.0870766
0.0875195
0.0882204
0.0892809
0.0908151
0.0929235
0.0954975
0.0978973
0.0996882
0.100951
0.101803
0.102355
0.102696
0.102892
0.102995
0.103035
0.0786726
0.0786858
0.0787384
0.078852
0.0790587
0.0794043
0.0799499
0.0807743
0.0819687
0.0836129
0.0856214
0.0874947
0.0888951
0.0898847
0.0905518
0.0909816
0.091246
0.0913989
0.0914777
0.091508
0.0703824
0.0703927
0.0704337
0.0705218
0.0706817
0.070949
0.0713725
0.0720135
0.0729413
0.0742192
0.0757812
0.077239
0.078329
0.079097
0.0796144
0.0799498
0.0801568
0.0802761
0.0803381
0.0803627
0.061794
0.0618021
0.0618336
0.0619016
0.0620246
0.0622306
0.0625574
0.0630524
0.0637696
0.0647569
0.0659638
0.0670896
0.0679302
0.0685233
0.0689238
0.069183
0.0693432
0.0694361
0.0694837
0.0695017
0.0529772
0.0529833
0.0530067
0.0530581
0.0531528
0.0533108
0.0535599
0.0539374
0.0544848
0.0552391
0.0561625
0.0570252
0.057671
0.0581272
0.0584351
0.0586331
0.0587538
0.0588233
0.058859
0.0588724
0.0439833
0.0439881
0.0440064
0.0440454
0.0441158
0.0442343
0.0444222
0.0447067
0.045119
0.0456864
0.0463809
0.0470294
0.0475138
0.047855
0.0480839
0.0482325
0.0483249
0.0483779
0.0484055
0.048417
0.0348584
0.0348613
0.0348741
0.0349024
0.0349547
0.035042
0.0351795
0.0353869
0.0356878
0.0361028
0.0366094
0.037082
0.0374345
0.037683
0.0378507
0.0379583
0.0380238
0.0380619
0.038081
0.0380878
0.0256351
0.0256373
0.025647
0.0256677
0.0257038
0.0257637
0.0258578
0.0260006
0.0262076
0.0264921
0.0268406
0.0271666
0.0274112
0.0275845
0.0277007
0.0277752
0.0278202
0.0278449
0.0278568
0.0278611
0.016347
0.0163488
0.0163559
0.0163696
0.0163916
0.0164277
0.0164854
0.0165724
0.0166978
0.01687
0.0170812
0.0172784
0.0174247
0.0175267
0.017596
0.0176416
0.0176699
0.0176862
0.0176948
0.0176982
0.00233717
0.00233625
0.0023376
0.00234097
0.00234524
0.00235172
0.00236184
0.00237663
0.00239721
0.00242501
0.00245465
0.00247875
0.00249682
0.00251039
0.00251918
0.00252489
0.00252792
0.00252901
0.00252839
0.00757632
-2.61345
-1.6247
-1.11867
-0.819848
-0.58458
-0.353
-0.0905303
0.190964
0.483054
0.735257
-1.23879
-0.929837
-0.672948
-0.457289
-0.251678
-0.0436944
0.158137
0.341804
0.483409
0.523517
-0.683512
-0.483496
-0.311498
-0.151322
0.00233045
0.148017
0.280415
0.384761
0.449347
0.468321
-0.298173
-0.163916
-0.0461246
0.0655029
0.170638
0.265045
0.344951
0.404749
0.440479
0.457291
-0.0287084
0.0596195
0.139499
0.214244
0.283085
0.343141
0.392441
0.429762
0.454854
0.470442
0.15938
0.217497
0.270304
0.320316
0.365901
0.405039
0.437639
0.46374
0.484196
0.499255
0.294533
0.331599
0.368568
0.402386
0.432489
0.459556
0.483244
0.502923
0.518131
0.528558
0.396846
0.42111
0.44708
0.470829
0.494279
0.51589
0.534107
0.547804
0.554633
0.554244
0.475778
0.494161
0.516841
0.538795
0.559424
0.576998
0.590552
0.599275
0.600852
0.591714
0.532201
0.552601
0.576463
0.599503
0.621779
0.64243
0.659572
0.670872
0.675883
0.668174
0.588853
0.622012
0.663034
0.702247
0.735
0.759777
0.776311
0.785963
0.788973
0.786946
0.707786
0.756249
0.801336
0.833915
0.857048
0.875764
0.892487
0.907274
0.918274
0.928409
0.905586
0.936529
0.958178
0.978674
0.997976
1.0157
1.03155
1.04566
1.06057
1.07493
1.10157
1.11512
1.12719
1.1415
1.15549
1.16797
1.17893
1.18969
1.2024
1.21911
1.28971
1.29941
1.30865
1.31198
1.31341
1.31753
1.32799
1.34346
1.36036
1.36461
1.59055
1.53509
1.4844
1.44437
1.42219
1.41816
1.4317
1.46543
1.52157
1.59689
0.877221
0.81829
0.777837
0.745895
0.723083
0.70705
0.695589
0.687488
0.681923
0.678602
0.678024
0.68034
0.685016
0.691879
0.701713
0.715311
0.734503
0.761653
0.798296
0.845378
0.678349
0.689737
0.69638
0.698307
0.696148
0.691537
0.686303
0.681558
0.677984
0.676171
0.677027
0.680027
0.684448
0.689668
0.694894
0.698615
0.698933
0.694743
0.68527
0.67636
0.666165
0.668098
0.672832
0.676273
0.678098
0.678479
0.677491
0.675549
0.673347
0.671628
0.6713
0.672766
0.675069
0.677433
0.679102
0.679484
0.678411
0.675862
0.671671
0.667288
0.667651
0.667983
0.669255
0.670716
0.671873
0.67255
0.672629
0.671919
0.670821
0.669954
0.669899
0.670843
0.672125
0.673274
0.673702
0.673393
0.672556
0.671249
0.669815
0.668924
0.662554
0.662604
0.66282
0.663117
0.663418
0.663651
0.663703
0.663513
0.663117
0.662689
0.662735
0.663417
0.664221
0.664745
0.664974
0.664915
0.664703
0.664429
0.66417
0.66403
0.657368
0.65741
0.657567
0.657786
0.658025
0.658236
0.658364
0.658373
0.658281
0.658212
0.658404
0.658892
0.659397
0.659733
0.659856
0.659806
0.659652
0.659462
0.659287
0.659182
0.65162
0.651639
0.65171
0.651811
0.651934
0.652072
0.652206
0.652321
0.652423
0.652572
0.652879
0.653319
0.653703
0.653952
0.654067
0.654086
0.654051
0.653996
0.653938
0.653899
0.645809
0.64582
0.645868
0.64594
0.646035
0.646155
0.646303
0.646479
0.646699
0.647
0.647423
0.647886
0.648257
0.648504
0.648643
0.648704
0.648717
0.648704
0.64868
0.648659
0.639896
0.639902
0.639937
0.639994
0.64008
0.640203
0.640376
0.640611
0.640931
0.641363
0.641914
0.642459
0.642876
0.643159
0.643334
0.643432
0.64348
0.643496
0.643495
0.643486
0.63387
0.633877
0.633904
0.633958
0.634047
0.634187
0.634395
0.634695
0.635117
0.63569
0.636397
0.637072
0.637569
0.637922
0.638149
0.638286
0.638363
0.638401
0.638414
0.638413
0.627693
0.627697
0.627728
0.627789
0.627894
0.628061
0.628319
0.6287
0.629243
0.629983
0.630886
0.631727
0.632365
0.632801
0.633091
0.633273
0.633381
0.633439
0.633464
0.633469
0.621346
0.62135
0.621384
0.621455
0.621581
0.621789
0.622112
0.622596
0.62329
0.624237
0.625389
0.626461
0.627259
0.627815
0.628186
0.628422
0.628564
0.628643
0.628681
0.62869
0.614769
0.614773
0.614813
0.614901
0.615058
0.61532
0.615731
0.616347
0.617233
0.618444
0.619914
0.621275
0.622286
0.622994
0.623467
0.62377
0.623954
0.624058
0.62411
0.624123
0.607899
0.607905
0.607955
0.608065
0.608266
0.608599
0.609123
0.609911
0.611044
0.612591
0.614465
0.616197
0.61748
0.618378
0.61898
0.619366
0.619601
0.619735
0.619802
0.61982
0.600654
0.600661
0.600724
0.600866
0.601122
0.60155
0.602222
0.603233
0.604686
0.606664
0.609053
0.611255
0.612883
0.614023
0.614786
0.615275
0.615574
0.615745
0.61583
0.615854
0.592923
0.592932
0.593014
0.593197
0.593528
0.59408
0.594947
0.596248
0.598112
0.600644
0.60369
0.606488
0.608552
0.609995
0.61096
0.61158
0.611958
0.612174
0.612282
0.612311
0.584561
0.584573
0.58468
0.584918
0.585349
0.586064
0.587187
0.588867
0.591266
0.594509
0.598392
0.601943
0.604555
0.606377
0.607595
0.608377
0.608854
0.609127
0.609264
0.609301
0.575372
0.575388
0.57553
0.575843
0.576407
0.577341
0.578803
0.580982
0.584077
0.588236
0.593182
0.597681
0.60098
0.603277
0.604811
0.605796
0.606397
0.606739
0.606911
0.606957
0.565094
0.565115
0.565305
0.565722
0.566468
0.5677
0.569616
0.572456
0.576462
0.5818
0.588093
0.59378
0.597935
0.600825
0.602754
0.60399
0.604745
0.605175
0.60539
0.605448
0.553359
0.55339
0.553648
0.554211
0.555212
0.556853
0.55939
0.563117
0.568321
0.575176
0.583167
0.590332
0.595547
0.599171
0.601592
0.603145
0.604093
0.604634
0.604903
0.604975
0.539648
0.539694
0.540056
0.540832
0.542199
0.544423
0.547823
0.552758
0.559549
0.568354
0.578466
0.587447
0.593966
0.5985
0.601534
0.603486
0.60468
0.605362
0.605702
0.605792
0.523196
0.523267
0.523791
0.524894
0.526814
0.529895
0.534534
0.541143
0.550048
0.561342
0.57407
0.585251
0.593353
0.599009
0.602817
0.60528
0.606795
0.607663
0.608097
0.608212
0.502827
0.502943
0.503735
0.505374
0.50818
0.51259
0.519067
0.528038
0.53976
0.554196
0.57008
0.583868
0.593861
0.600896
0.605689
0.608829
0.610783
0.611912
0.61248
0.612633
0.476638
0.476832
0.478099
0.48071
0.485072
0.491676
0.500977
0.513306
0.528744
0.54705
0.566626
0.5834
0.595597
0.604308
0.610376
0.614454
0.617057
0.618591
0.619369
0.619583
0.441121
0.441474
0.443807
0.448551
0.45596
0.466371
0.480053
0.497087
0.517278
0.540164
0.563867
0.583914
0.598576
0.609272
0.616978
0.622396
0.626041
0.628303
0.629492
0.629829
0.388554
0.389728
0.395686
0.40594
0.419511
0.436407
0.456608
0.4799
0.505839
0.533844
0.561897
0.585315
0.60258
0.615502
0.625223
0.6325
0.637847
0.641607
0.643908
0.644735
0.307461
0.314143
0.332105
0.353726
0.377377
0.403442
0.431922
0.462498
0.4947
0.528024
0.560448
0.587287
0.607345
0.622843
0.635103
0.644998
0.653111
0.659825
0.665307
0.669736
0.221539
0.236508
0.269324
0.30247
0.336676
0.372097
0.408707
0.446276
0.48445
0.522845
0.559536
0.589839
0.6128
0.631019
0.645967
0.658558
0.669409
0.678842
0.687733
0.696251
0.163761
0.178823
0.21822
0.259384
0.301628
0.344743
0.388424
0.432219
0.475613
0.518153
0.557891
0.590274
0.614773
0.634285
0.650312
0.663713
0.675059
0.684775
0.693348
0.700433
0.12362
0.139706
0.181984
0.227098
0.274172
0.322629
0.37166
0.420396
0.467942
0.513561
0.555109
0.588265
0.613051
0.632653
0.648652
0.661932
0.673072
0.682531
0.690848
0.697575
0.093985
0.110507
0.154599
0.202684
0.253305
0.30569
0.358802
0.411383
0.462064
0.509655
0.551716
0.584346
0.608354
0.62724
0.642646
0.65544
0.666191
0.675293
0.683201
0.689471
0.0704249
0.0874441
0.133134
0.183518
0.237001
0.292642
0.34911
0.404779
0.457794
0.506413
0.547822
0.578773
0.601106
0.61865
0.633054
0.645119
0.655326
0.664033
0.671575
0.677464
0.0511012
0.0686018
0.115787
0.168247
0.224213
0.282637
0.342002
0.400282
0.45509
0.503998
0.54371
0.571864
0.591675
0.607302
0.620349
0.631483
0.641049
0.64931
0.656517
0.662096
0.0345543
0.0526178
0.101327
0.155677
0.213943
0.274968
0.336979
0.397626
0.453905
0.502563
0.539643
0.563898
0.580304
0.593427
0.604784
0.614811
0.623655
0.63144
0.638325
0.64365
0.0200152
0.0385587
0.0886326
0.144938
0.205468
0.268984
0.333591
0.396536
0.454187
0.502285
0.53592
0.555108
0.567128
0.577125
0.586454
0.595217
0.603285
0.61058
0.617137
0.6222
0.00652171
0.0257291
0.0771724
0.135401
0.198169
0.264208
0.331431
0.396766
0.455879
0.503334
0.532841
0.545713
0.552211
0.55837
0.565344
0.572736
0.580021
0.586854
0.59312
0.597994
-0.00645002
0.0134641
0.0663824
0.126544
0.191578
0.26018
0.330143
0.398043
0.458899
0.505865
0.53077
0.535926
0.535511
0.53699
0.541319
0.547361
0.553975
0.560487
0.566551
0.571281
-0.0191634
0.00146884
0.0558411
0.117968
0.185305
0.256542
0.329364
0.400109
0.463099
0.510021
0.530066
0.525983
0.516879
0.51263
0.514088
0.519006
0.525307
0.531788
0.537858
0.542614
-0.0317957
-0.0107431
0.0452818
0.109357
0.179043
0.252975
0.328809
0.402674
0.468323
0.515842
0.531168
0.516205
0.496052
0.484616
0.483074
0.487391
0.4943
0.501367
0.507834
0.512752
-0.0446453
-0.023222
0.0344814
0.100527
0.172547
0.249218
0.328174
0.405436
0.474309
0.523359
0.534485
0.507027
0.472631
0.451777
0.446981
0.45254
0.461397
0.470225
0.477826
0.483315
-0.0580471
-0.0361203
0.0232592
0.0912924
0.16566
0.245079
0.327232
0.408129
0.480776
0.532439
0.540461
0.4991
0.446114
0.412016
0.404663
0.413401
0.427162
0.439894
0.449917
0.456612
-0.0720109
-0.0494982
0.0115903
0.081613
0.158287
0.240412
0.32577
0.410461
0.487407
0.542869
0.54945
0.493332
0.416022
0.363132
0.352378
0.368605
0.391954
0.41251
0.427304
0.43618
-0.0864452
-0.0633479
-0.000541349
0.0714499
0.150389
0.235146
0.323658
0.412206
0.493842
0.554273
0.561681
0.490903
0.382356
0.30084
0.284527
0.313938
0.355805
0.391159
0.415006
0.428037
-0.10128
-0.0775833
-0.0130646
0.0608324
0.141956
0.229249
0.320816
0.413187
0.49976
0.566226
0.577115
0.493225
0.345633
0.218677
0.189926
0.243955
0.320056
0.382474
0.420864
0.441
-0.116454
-0.0921015
-0.025898
0.0498709
0.133051
0.222723
0.317187
0.413294
0.50487
0.578173
0.595444
0.501814
0.306565
0.107388
0.0501468
0.147292
0.286712
0.394847
0.454263
0.479291
-0.131889
-0.106887
-0.0389513
0.0386677
0.12376
0.215613
0.312774
0.412416
0.508942
0.589598
0.61599
0.518086
0.265255
-0.0487965
-0.174819
0.00257067
0.260869
0.436515
0.529734
0.553622
-0.147624
-0.121886
-0.0520317
0.0273354
0.114113
0.207972
0.307645
0.410555
0.511883
0.600191
0.638177
0.543491
0.230566
-0.28581
-0.591234
-0.255329
0.233241
0.505307
0.651949
0.670973
-0.163689
-0.13702
-0.0649964
0.0158561
0.104006
0.199656
0.301638
0.40755
0.513517
0.609783
0.661913
0.580434
0.210064
-0.686102
-1.48014
-0.817113
0.0982315
0.522692
0.670895
0.604928
-0.180584
-0.151785
-0.077442
0.00435431
0.0935591
0.190733
0.294798
0.403401
0.513614
0.617483
0.68519
0.627302
0.228928
-1.11737
-2.6712
-1.65181
-0.342399
0.195949
0.298168
0.242272
-0.199427
-0.164763
-0.0890682
-0.00741206
0.0825824
0.181051
0.286896
0.398087
0.512075
0.622736
0.70577
0.679031
0.281308
-1.22651
-2.9692
-2.08295
-0.92006
-0.413825
-0.181258
-0.127466
-0.214762
-0.179632
-0.0973611
-0.0171115
0.0736433
0.173319
0.278463
0.392269
0.509303
0.625812
0.722155
0.730417
0.430205
-0.829248
-2.27343
-1.76384
-1.06102
-0.67558
-0.492954
-0.440588
-0.131192
-0.142883
-0.0735535
0.0121136
0.108106
0.212962
0.324418
0.442012
0.56303
0.682347
0.763812
0.715029
0.234234
-0.863896
-1.24541
-1.03113
-0.836131
-0.68742
-0.619939
-0.702496
-0.201641
-0.154313
-0.0831393
0.00309758
0.10001
0.205757
0.318267
0.437724
0.561458
0.685295
0.778384
0.766535
0.459224
-0.203635
-0.624326
-0.746885
-0.781339
-0.795237
-0.80121
-0.934135
-0.237834
-0.176628
-0.100735
-0.0131653
0.0849517
0.191758
0.306303
0.427192
0.552282
0.678703
0.777516
0.788875
0.594571
0.16569
-0.25986
-0.55701
-0.760494
-0.902893
-1.01029
-1.25736
-0.271559
-0.201757
-0.120922
-0.0308252
0.0688988
0.177255
0.293308
0.414855
0.540622
0.668788
0.770787
0.792622
0.651416
0.324066
-0.0848714
-0.467963
-0.799797
-1.07062
-1.32613
-1.80798
-0.30456
-0.227842
-0.142732
-0.0496561
0.0521315
0.162071
0.278793
0.401258
0.528756
0.656468
0.754275
0.775263
0.65938
0.374351
-0.0101115
-0.451281
-0.8932
-1.29147
-1.71553
-2.79973
-0.335409
-0.25471
-0.16618
-0.0701339
0.0338176
0.145148
0.263231
0.386797
0.512937
0.63818
0.733559
0.752906
0.653009
0.392719
0.0299184
-0.438771
-0.984625
-1.53508
-2.00097
-3.32593
-0.365779
-0.282682
-0.191296
-0.0924944
0.0135102
0.126641
0.245821
0.369554
0.496454
0.620958
0.710615
0.724575
0.630986
0.395942
0.0566632
-0.401928
-0.98764
-1.60809
-1.88598
-1.95725
-0.396477
-0.311869
-0.21813
-0.117054
-0.00893293
0.105884
0.226488
0.351155
0.477025
0.597969
0.682998
0.694806
0.608658
0.405593
0.0915951
-0.336514
-0.902193
-1.51667
-1.78002
-1.76526
-0.427829
-0.342281
-0.246626
-0.143418
-0.0333147
0.0830766
0.204477
0.329266
0.454777
0.57411
0.656389
0.669207
0.59739
0.43351
0.172243
-0.198898
-0.701312
-1.25185
-1.53337
-1.47017
-0.460293
-0.373804
-0.276648
-0.171895
-0.0601119
0.0578941
0.180774
0.30638
0.431221
0.548417
0.629482
0.64764
0.597451
0.475504
0.289717
0.0297526
-0.313559
-0.618564
-0.733685
-0.692504
-0.49399
-0.406711
-0.308345
-0.201918
-0.0882438
0.0313554
0.155213
0.281056
0.405542
0.522323
0.604994
0.632618
0.60783
0.538428
0.436075
0.318197
0.200926
0.131671
0.120574
0.139763
-0.528811
-0.440979
-0.341483
-0.233594
-0.118402
0.00266646
0.127804
0.254475
0.379503
0.497255
0.583648
0.623491
0.625576
0.603984
0.573982
0.548975
0.542529
0.567214
0.609651
0.625637
-0.566066
-0.47701
-0.376421
-0.26687
-0.149899
-0.0272292
0.0992969
0.227223
0.353565
0.473752
0.566031
0.619629
0.646155
0.66021
0.674426
0.697059
0.733016
0.77898
0.818979
0.83094
-0.606066
-0.515146
-0.412686
-0.301301
-0.182536
-0.0580797
0.0702677
0.200047
0.32858
0.452433
0.552305
0.619428
0.665748
0.703219
0.740031
0.779409
0.821214
0.862249
0.894928
0.905909
-0.648716
-0.554972
-0.450176
-0.336614
-0.215665
-0.088987
0.0415448
0.173595
0.30496
0.433023
0.541379
0.621027
0.682037
0.733918
0.781253
0.825452
0.866112
0.902171
0.930529
0.940269
-0.692139
-0.595172
-0.487755
-0.371616
-0.248188
-0.119083
0.0137866
0.148374
0.282901
0.415961
0.532517
0.622422
0.693986
0.754472
0.806949
0.852759
0.892316
0.926013
0.953269
0.963203
-0.733842
-0.634229
-0.523885
-0.405032
-0.279043
-0.147511
-0.0122733
0.124919
0.262746
0.401111
0.524657
0.622696
0.701369
0.766776
0.82193
0.868418
0.907481
0.940089
0.966793
0.976545
-0.770995
-0.669484
-0.556699
-0.435284
-0.306955
-0.173261
-0.0358853
0.103684
0.244611
0.387494
0.51686
0.62081
0.703897
0.772139
0.828572
0.875343
0.914033
0.946008
0.972215
0.982055
-0.801596
-0.698877
-0.583892
-0.460523
-0.330447
-0.195146
-0.0562223
0.0851058
0.228349
0.374577
0.508017
0.615756
0.701439
0.771067
0.82803
0.874707
0.913055
0.944512
0.970507
0.980204
-0.821842
-0.719313
-0.603063
-0.478652
-0.347689
-0.211793
-0.0723626
0.0695691
0.213807
0.361677
0.497257
0.606767
0.693586
0.763636
0.820564
0.866972
0.90495
0.936054
0.961971
0.971627
-0.828943
-0.727681
-0.610985
-0.486897
-0.356604
-0.221636
-0.0833177
0.0574312
0.200777
0.34821
0.483605
0.593008
0.679592
0.749274
0.805794
0.851841
0.889508
0.920441
0.94642
0.956088
-0.818536
-0.719356
-0.603877
-0.481987
-0.35452
-0.222884
-0.0881597
0.0490695
0.189069
0.333395
0.466331
0.573479
0.658388
0.726843
0.782537
0.828084
0.865475
0.896355
0.922573
0.932377
-0.783186
-0.68844
-0.577163
-0.460205
-0.338622
-0.213471
-0.0854758
0.0450849
0.178689
0.316817
0.444185
0.546811
0.628336
0.694405
0.748543
0.793253
0.830312
0.861285
0.887816
0.897819
-0.715716
-0.627473
-0.524027
-0.41701
-0.305967
-0.191695
-0.0744092
0.0458614
0.169606
0.298022
0.416484
0.511781
0.587506
0.649107
0.700088
0.742907
0.779213
0.810325
0.836582
0.847259
-0.603451
-0.525707
-0.439248
-0.348828
-0.254559
-0.156398
-0.0544113
0.0515418
0.161746
0.276833
0.382891
0.467566
0.534246
0.588075
0.6324
0.669835
0.702625
0.732134
0.75741
0.769378
-0.415961
-0.376947
-0.319232
-0.254877
-0.184376
-0.108026
-0.0257481
0.0623683
0.156148
0.255416
0.347059
0.41938
0.475035
0.518623
0.553023
0.580011
0.60125
0.619007
0.635233
0.644338
-0.205701
-0.194625
-0.172801
-0.141682
-0.10111
-0.0508569
0.00885533
0.0776016
0.154663
0.239069
0.318188
0.380445
0.427485
0.463002
0.489777
0.510067
0.525364
0.536026
0.54217
0.544163
-0.0698195
-0.0674907
-0.0601981
-0.0470313
-0.026122
0.00411995
0.0445931
0.095479
0.156283
0.225812
0.292484
0.344931
0.383796
0.412184
0.43236
0.445959
0.454433
0.459356
0.461894
0.462644
0.00258443
0.00299485
0.00616746
0.0136055
0.0265614
0.0463894
0.0744937
0.111932
0.159009
0.214969
0.269758
0.312894
0.34435
0.366614
0.381831
0.39186
0.398132
0.401642
0.403165
0.403487
0.0459797
0.04658
0.0487567
0.0535111
0.0620653
0.0757951
0.0960606
0.124038
0.160419
0.204938
0.24933
0.284388
0.309749
0.327486
0.339449
0.347148
0.351796
0.354362
0.355563
0.355893
0.0749498
0.0755123
0.0771818
0.0806422
0.0867522
0.0966023
0.111444
0.132488
0.160583
0.195753
0.231341
0.259555
0.279871
0.293935
0.303298
0.309271
0.312881
0.314888
0.315839
0.316102
0.0940556
0.0945159
0.0958041
0.0983867
0.102912
0.11023
0.121352
0.137348
0.159079
0.186746
0.215081
0.237639
0.253852
0.265028
0.272439
0.27715
0.279987
0.281566
0.282317
0.282526
0.106291
0.10666
0.107657
0.10962
0.113034
0.118556
0.126998
0.139255
0.156104
0.177823
0.200281
0.218231
0.231129
0.240002
0.245869
0.249591
0.251831
0.253078
0.253674
0.253839
0.113434
0.113723
0.114492
0.115995
0.118604
0.122823
0.129291
0.138737
0.15183
0.168862
0.186604
0.200838
0.211074
0.218109
0.222757
0.225703
0.227476
0.228462
0.228932
0.229061
0.116741
0.116967
0.117563
0.118721
0.120728
0.123973
0.128961
0.136275
0.146469
0.159819
0.173808
0.185066
0.19317
0.19874
0.202418
0.20475
0.206152
0.206931
0.207301
0.207402
0.117127
0.117303
0.117765
0.118661
0.120213
0.122724
0.126588
0.132269
0.140219
0.15068
0.161693
0.17058
0.176985
0.18139
0.184299
0.186139
0.187245
0.187859
0.188151
0.18823
0.115272
0.115407
0.115767
0.116463
0.117667
0.119616
0.122619
0.127041
0.133248
0.141447
0.150108
0.157114
0.162168
0.165645
0.167939
0.169392
0.170266
0.17075
0.170979
0.171041
0.111683
0.11179
0.112069
0.112611
0.113547
0.115064
0.117402
0.120851
0.125703
0.132127
0.138932
0.144446
0.148428
0.151169
0.152981
0.154126
0.154813
0.155195
0.155375
0.155422
0.106754
0.106837
0.107055
0.107477
0.108207
0.109388
0.111212
0.113905
0.117697
0.12273
0.128072
0.132409
0.135544
0.137702
0.139127
0.140029
0.140571
0.140871
0.141012
0.14105
0.100782
0.100847
0.101017
0.101346
0.101915
0.102837
0.10426
0.106363
0.109329
0.113271
0.117461
0.120867
0.123332
0.125029
0.12615
0.126857
0.127281
0.127516
0.127626
0.127656
0.0939997
0.09405
0.0941823
0.0944386
0.0948825
0.0956019
0.0967122
0.0983543
0.100673
0.103758
0.107042
0.109713
0.111646
0.112977
0.113857
0.114414
0.114749
0.114933
0.11502
0.115042
0.0865834
0.0866229
0.0867262
0.0869261
0.0872717
0.0878321
0.0886987
0.0899813
0.0917922
0.094203
0.0967731
0.0988648
0.100378
0.101422
0.102111
0.102547
0.102809
0.102953
0.103021
0.103039
0.0786757
0.0787061
0.078786
0.0789414
0.0792109
0.0796478
0.0803218
0.0813196
0.0827305
0.0846115
0.0866172
0.0882513
0.0894362
0.0902532
0.0907915
0.091131
0.0913339
0.0914459
0.0914978
0.0915112
0.0703848
0.0704085
0.0704707
0.070591
0.0707993
0.0711379
0.0716617
0.0724371
0.0735334
0.0749959
0.076556
0.0778277
0.0787489
0.0793825
0.0798012
0.0800667
0.0802255
0.0803129
0.0803541
0.0803651
0.0617959
0.0618142
0.0618621
0.0619548
0.0621153
0.0623763
0.0627806
0.0633797
0.0642268
0.0653568
0.0665622
0.067544
0.0682545
0.0687444
0.0690685
0.0692735
0.0693965
0.0694646
0.0694957
0.0695036
0.0529787
0.0529923
0.0530282
0.053099
0.0532224
0.0534219
0.0537301
0.0541873
0.0548342
0.0556979
0.0566208
0.0573739
0.0579201
0.0582971
0.0585456
0.0587014
0.0587938
0.0588446
0.058868
0.0588738
0.0439844
0.0439952
0.0440228
0.0440758
0.0441679
0.0443181
0.0445506
0.0448948
0.0453818
0.0460317
0.0467257
0.0472913
0.0477006
0.0479816
0.0481666
0.0482846
0.0483555
0.0483942
0.0484129
0.048418
0.0348592
0.0348662
0.0348859
0.034925
0.0349932
0.0351034
0.0352731
0.0355243
0.0358801
0.0363546
0.0368606
0.0372725
0.0375703
0.0377757
0.037911
0.0379954
0.0380457
0.0380734
0.0380855
0.0380885
0.0256356
0.025641
0.0256558
0.0256834
0.0257303
0.0258057
0.0259222
0.026095
0.0263395
0.0266653
0.0270138
0.0272986
0.027506
0.0276487
0.0277423
0.0278008
0.0278346
0.0278521
0.0278596
0.0278617
0.0163473
0.0163517
0.0163617
0.0163794
0.0164074
0.0164534
0.0165247
0.0166297
0.0167775
0.0169747
0.0171861
0.0173577
0.0174804
0.0175648
0.0176213
0.0176576
0.0176793
0.0176913
0.017697
0.0176989
0.00701671
0.00701741
0.00701941
0.00702452
0.00703568
0.00705325
0.00707868
0.00711565
0.00716808
0.00723984
0.00732648
0.00740698
0.00746759
0.00751016
0.00753724
0.00755366
0.00756415
0.00757098
0.00757484
0.0075766
-1.9912
-1.3182
-0.955887
-0.700231
-0.475209
-0.224755
0.0478767
0.338055
0.624733
0.712906
-1.01479
-0.788296
-0.562622
-0.353687
-0.147921
0.0591088
0.253445
0.421303
0.520994
0.501824
-0.546904
-0.393514
-0.230779
-0.0735901
0.0763387
0.216656
0.336783
0.422997
0.464257
0.467412
-0.207705
-0.102735
0.0102777
0.11915
0.219457
0.307097
0.377777
0.425722
0.452061
0.462901
0.0301091
0.101506
0.177583
0.249607
0.31434
0.369191
0.412687
0.444217
0.466805
0.481217
0.19867
0.2471
0.297819
0.344009
0.386239
0.422167
0.451395
0.474745
0.493286
0.508276
0.323166
0.35454
0.385947
0.417719
0.446436
0.471897
0.493674
0.511205
0.52486
0.533991
0.415458
0.435502
0.458736
0.482689
0.50545
0.525555
0.541455
0.552416
0.556999
0.55796
0.488228
0.505493
0.527768
0.549525
0.56865
0.584261
0.595753
0.600408
0.600698
0.598655
0.543032
0.564182
0.588303
0.610728
0.632396
0.651546
0.666149
0.674084
0.674308
0.679446
0.602975
0.642546
0.683321
0.719452
0.748451
0.769076
0.78175
0.788529
0.788077
0.799589
0.7313
0.780107
0.81908
0.846317
0.866789
0.884267
0.900333
0.912971
0.923609
0.939321
0.92334
0.947468
0.968669
0.98851
1.00703
1.02389
1.03872
1.05295
1.068
1.08542
1.10797
1.12117
1.13415
1.14864
1.16195
1.17363
1.18422
1.19551
1.21081
1.23007
1.29145
1.3048
1.31089
1.31267
1.3148
1.32192
1.33522
1.35222
1.36522
1.37661
1.56014
1.50962
1.46229
1.43096
1.41805
1.42255
1.44587
1.49071
1.55708
1.65099
0.732315
0.731258
0.727748
0.718851
0.708254
0.698456
0.690401
0.684053
0.67967
0.677846
0.678567
0.682068
0.687611
0.694957
0.703973
0.714445
0.724675
0.731174
0.733352
0.733961
0.66671
0.673805
0.679301
0.682861
0.683964
0.68268
0.680128
0.677118
0.67453
0.67315
0.673852
0.67616
0.679308
0.682303
0.684507
0.684765
0.682428
0.677865
0.671169
0.665744
0.667907
0.670357
0.67322
0.675291
0.676593
0.676684
0.675488
0.67375
0.672161
0.671383
0.671955
0.673478
0.675417
0.677177
0.67783
0.677141
0.67548
0.67301
0.670063
0.66868
0.665195
0.665405
0.665909
0.666537
0.667094
0.667463
0.667493
0.667092
0.666458
0.666067
0.666495
0.667456
0.668273
0.668614
0.668525
0.668123
0.667559
0.666994
0.666639
0.666536
0.660069
0.660224
0.660485
0.660764
0.661001
0.661132
0.661097
0.660891
0.6606
0.660484
0.660858
0.661526
0.66211
0.66245
0.662539
0.662433
0.662217
0.661963
0.661747
0.661655
0.654508
0.654573
0.654695
0.654852
0.655028
0.655192
0.655307
0.655356
0.655381
0.655523
0.655893
0.656351
0.656702
0.656884
0.656916
0.656854
0.656752
0.656648
0.656569
0.656529
0.648726
0.648766
0.648839
0.648933
0.649048
0.649179
0.649321
0.649472
0.64966
0.649954
0.650376
0.650794
0.651103
0.651285
0.651366
0.65138
0.651358
0.651321
0.651285
0.651262
0.642864
0.642891
0.642942
0.643016
0.64312
0.643259
0.64344
0.643676
0.64399
0.644421
0.644932
0.64538
0.645702
0.645907
0.64602
0.646073
0.646088
0.646083
0.646069
0.646055
0.636902
0.636917
0.636959
0.637028
0.637135
0.637292
0.637517
0.637831
0.638261
0.638838
0.639475
0.640008
0.640387
0.640639
0.640794
0.640881
0.640923
0.640938
0.640939
0.640929
0.630799
0.630818
0.63086
0.630935
0.631056
0.631244
0.631524
0.631929
0.632491
0.633237
0.634039
0.63469
0.635169
0.635489
0.635692
0.635815
0.635882
0.635914
0.635924
0.635917
0.624545
0.624561
0.624608
0.624696
0.624843
0.625075
0.625429
0.625945
0.626666
0.627622
0.628641
0.629473
0.630066
0.630471
0.630733
0.630895
0.630989
0.631037
0.631056
0.631051
0.61809
0.618108
0.618164
0.61827
0.618452
0.618745
0.619193
0.619851
0.620773
0.621995
0.623292
0.624342
0.625098
0.625614
0.625951
0.626161
0.626284
0.626349
0.626376
0.626371
0.611375
0.611397
0.611466
0.6116
0.61183
0.612202
0.612774
0.613614
0.614793
0.616353
0.618003
0.619337
0.620296
0.620952
0.621382
0.621651
0.62181
0.621896
0.621932
0.621927
0.60433
0.604357
0.604445
0.604615
0.60491
0.605385
0.606117
0.607193
0.608701
0.610693
0.612794
0.614489
0.615706
0.616539
0.617085
0.617427
0.61763
0.617739
0.617786
0.61778
0.596858
0.596892
0.597005
0.597224
0.597603
0.598215
0.599156
0.600537
0.602469
0.605013
0.607689
0.60984
0.611383
0.612437
0.613129
0.613563
0.61382
0.613959
0.614019
0.614012
0.588832
0.588877
0.589023
0.589308
0.589798
0.59059
0.591803
0.593581
0.59606
0.599311
0.602714
0.605442
0.607395
0.608729
0.609602
0.61015
0.610474
0.61065
0.610726
0.610716
0.580085
0.580144
0.580336
0.580707
0.581347
0.582376
0.583949
0.586245
0.58943
0.593584
0.59791
0.601364
0.603829
0.605511
0.606612
0.607303
0.607712
0.607934
0.608029
0.608017
0.570389
0.570469
0.570723
0.571213
0.572053
0.5734
0.57545
0.578426
0.582528
0.587837
0.593327
0.597689
0.600796
0.602913
0.604298
0.605166
0.60568
0.605958
0.606077
0.606062
0.559437
0.559546
0.559887
0.560541
0.561657
0.563436
0.566127
0.570002
0.575295
0.582076
0.589027
0.59452
0.598424
0.601083
0.602823
0.603913
0.604559
0.604908
0.605057
0.605037
0.546792
0.546945
0.547413
0.548301
0.549805
0.552184
0.555749
0.560826
0.567671
0.576321
0.58509
0.591979
0.596868
0.6002
0.602383
0.603753
0.604565
0.605004
0.605191
0.605165
0.531831
0.532055
0.532715
0.533949
0.536017
0.539252
0.544035
0.550736
0.559606
0.570613
0.581614
0.590204
0.596304
0.600473
0.603215
0.604942
0.605969
0.606525
0.606762
0.606729
0.513608
0.513953
0.514927
0.516705
0.519634
0.524139
0.53066
0.53958
0.551084
0.56502
0.578712
0.589343
0.596914
0.602127
0.605588
0.607784
0.609097
0.609813
0.61012
0.610079
0.490581
0.491172
0.492715
0.495418
0.49975
0.506225
0.515296
0.527262
0.542157
0.559654
0.576502
0.589518
0.598853
0.605374
0.609776
0.612619
0.614346
0.615305
0.615728
0.615684
0.460008
0.461212
0.463933
0.468385
0.475184
0.484854
0.497711
0.513821
0.532977
0.554661
0.575076
0.590785
0.602185
0.610334
0.616009
0.619807
0.622205
0.623601
0.624264
0.624235
0.41676
0.41977
0.425303
0.433409
0.444778
0.459676
0.478027
0.499563
0.523831
0.550204
0.574451
0.593058
0.606777
0.616897
0.624282
0.629543
0.633154
0.635494
0.636792
0.636816
0.352073
0.360376
0.373078
0.389039
0.408651
0.431527
0.457225
0.485316
0.515276
0.546528
0.574595
0.596099
0.612238
0.624568
0.634068
0.641396
0.647032
0.651445
0.654121
0.653948
0.271876
0.288128
0.31397
0.341818
0.37171
0.40342
0.436797
0.471523
0.507157
0.543319
0.575385
0.60016
0.619271
0.634512
0.646929
0.657202
0.665815
0.673084
0.677105
0.678247
0.195337
0.224476
0.260727
0.29861
0.33768
0.377696
0.41837
0.459323
0.500139
0.540548
0.575847
0.603083
0.624307
0.641521
0.655829
0.667844
0.677929
0.686392
0.692014
0.694112
0.147155
0.178846
0.220132
0.264121
0.30969
0.35608
0.402653
0.448751
0.49372
0.537179
0.574334
0.60266
0.624637
0.642385
0.65702
0.669163
0.679234
0.687553
0.69308
0.695169
0.112394
0.146136
0.190491
0.238186
0.288001
0.338982
0.390114
0.440267
0.488354
0.533689
0.57139
0.599566
0.62121
0.638611
0.652919
0.664785
0.674602
0.68272
0.6883
0.690484
0.0856344
0.120738
0.167435
0.218108
0.271337
0.325984
0.380708
0.433974
0.484206
0.530247
0.56722
0.594147
0.614639
0.631116
0.644727
0.656075
0.665518
0.673354
0.678912
0.681135
0.0637556
0.100502
0.149227
0.202328
0.258384
0.316098
0.373834
0.429602
0.481243
0.527008
0.562094
0.586775
0.605386
0.62047
0.633093
0.643763
0.652751
0.660271
0.665766
0.667968
0.0454964
0.0837182
0.134348
0.18968
0.248282
0.30873
0.369125
0.427003
0.479541
0.524211
0.556316
0.577746
0.593765
0.607004
0.618382
0.628229
0.6367
0.64389
0.649299
0.651468
0.0296948
0.0694232
0.121765
0.179219
0.240233
0.303287
0.366193
0.426019
0.479169
0.522094
0.550157
0.567276
0.579947
0.590883
0.60077
0.609687
0.617585
0.624433
0.629774
0.631942
0.0154999
0.0565178
0.110695
0.170242
0.233641
0.299269
0.364693
0.426485
0.480174
0.520926
0.543898
0.555529
0.563984
0.572135
0.580313
0.588213
0.595513
0.602017
0.607245
0.609411
0.00213466
0.0445236
0.100545
0.162192
0.227984
0.296251
0.364301
0.428234
0.482609
0.520982
0.537839
0.542603
0.545817
0.550671
0.556979
0.563869
0.570636
0.576859
0.582032
0.584248
-0.0107585
0.0329136
0.0908494
0.154611
0.222867
0.29384
0.364696
0.431056
0.486484
0.522532
0.532328
0.528575
0.525247
0.52623
0.530636
0.536696
0.543149
0.549255
0.554405
0.556711
-0.023622
0.0214761
0.0812646
0.14716
0.217917
0.291717
0.36557
0.434732
0.491756
0.525861
0.527778
0.513479
0.501877
0.498316
0.501017
0.506742
0.513397
0.519754
0.525141
0.527623
-0.0366871
0.0099445
0.0715499
0.139593
0.212874
0.289571
0.366621
0.438993
0.498305
0.531203
0.524701
0.497361
0.475027
0.466005
0.467517
0.474124
0.481966
0.489235
0.495241
0.49806
-0.0501594
-0.00194766
0.0615048
0.131721
0.207526
0.287177
0.367579
0.443542
0.505937
0.538742
0.523715
0.480374
0.443645
0.427601
0.429213
0.438862
0.449797
0.459281
0.466529
0.469983
-0.0640324
-0.014285
0.0510126
0.123385
0.201731
0.284333
0.368202
0.448087
0.514366
0.548523
0.525542
0.462862
0.406229
0.380761
0.384309
0.400584
0.418027
0.43212
0.441943
0.446453
-0.0784212
-0.0270868
0.0400543
0.114546
0.195375
0.280898
0.368278
0.452332
0.523256
0.560471
0.530954
0.445626
0.36065
0.321288
0.329193
0.358344
0.38831
0.411352
0.426078
0.432333
-0.0931736
-0.040322
0.0286664
0.105222
0.188417
0.276786
0.367639
0.456026
0.532228
0.574308
0.540708
0.429996
0.305179
0.24145
0.256483
0.309603
0.363221
0.402061
0.424335
0.43189
-0.108298
-0.0538935
0.0168845
0.0954643
0.180928
0.27195
0.366138
0.458903
0.54087
0.589588
0.555342
0.41774
0.237274
0.129277
0.154454
0.251703
0.347357
0.412399
0.446558
0.456474
-0.12364
-0.0677368
0.00483709
0.0853274
0.172914
0.266462
0.363783
0.460773
0.548772
0.60569
0.575084
0.411251
0.155644
-0.0375869
-0.00105011
0.178306
0.355803
0.458211
0.505311
0.511614
-0.139328
-0.081753
-0.00732068
0.074946
0.164447
0.260334
0.360612
0.461592
0.555567
0.621825
0.599603
0.414228
0.0570201
-0.304258
-0.261352
0.0754842
0.371768
0.536323
0.606453
0.561221
-0.155245
-0.0958202
-0.0195374
0.0642565
0.155435
0.253452
0.356465
0.461301
0.561246
0.637982
0.629609
0.43202
-0.0733693
-0.818713
-0.830173
-0.106801
0.398389
0.643405
0.73375
0.702966
-0.17161
-0.109568
-0.031606
0.053288
0.145918
0.245878
0.351304
0.459714
0.565417
0.653075
0.663706
0.470436
-0.23593
-1.67719
-1.87052
-0.54265
0.239211
0.504877
0.481086
0.411526
-0.189339
-0.122285
-0.0430559
0.0424207
0.136335
0.237998
0.345279
0.456886
0.56791
0.666262
0.698651
0.529508
-0.304284
-2.27642
-2.72644
-1.20411
-0.308282
-0.00553854
0.0621589
0.0717815
-0.208069
-0.132649
-0.0532595
0.0322849
0.127159
0.230079
0.33877
0.453061
0.568572
0.676588
0.730839
0.605269
-0.205327
-2.06646
-2.54907
-1.44997
-0.787264
-0.438614
-0.324548
-0.246023
0.275401
0.39018
0.50856
0.627369
0.728873
0.748115
0.497582
-0.577875
-0.195381
-0.170236
-0.116049
-0.0370377
0.0541651
0.154968
0.263828
0.379512
0.499852
0.622655
0.733328
0.776387
0.606643
-0.0734368
-0.754051
-0.900325
-0.839458
-0.772038
-0.720608
-0.21541
-0.19053
-0.130282
-0.0495489
0.0426819
0.1447
0.25456
0.371478
0.493627
0.619478
0.73615
0.796088
0.698889
0.291482
-0.242568
-0.537146
-0.70938
-0.808297
-0.871493
-0.246323
-0.21954
-0.151049
-0.0673966
0.0266534
0.130171
0.241584
0.359973
0.483923
0.611591
0.730182
0.798318
0.740452
0.463242
0.0457928
-0.336645
-0.64545
-0.882477
-1.06632
-0.279025
-0.249342
-0.174098
-0.0868954
0.00945383
0.114475
0.227218
0.346943
0.47173
0.599526
0.718581
0.786892
0.744934
0.52262
0.1656
-0.248262
-0.652971
-1.01908
-1.34554
-0.31048
-0.278632
-0.198452
-0.107798
-0.00905888
0.0976568
0.211923
0.332515
0.45754
0.58499
0.701378
0.765851
0.729857
0.535418
0.208232
-0.212096
-0.695419
-1.18256
-1.62576
-0.340947
-0.308009
-0.224172
-0.130549
-0.0293581
0.0794524
0.195016
0.316191
0.441693
0.568718
0.682506
0.742705
0.706934
0.536704
0.233068
-0.173568
-0.704637
-1.31904
-1.80176
-2.03466
-0.371171
-0.337881
-0.251494
-0.155246
-0.0517064
0.058961
0.175922
0.298503
0.424405
0.54981
0.659318
0.713131
0.67655
0.525271
0.242978
-0.139635
-0.646893
-1.28819
-1.76925
-1.8536
-0.401931
-0.368622
-0.280303
-0.181861
-0.0760972
0.0365288
0.155115
0.278085
0.403444
0.527585
0.634223
0.685238
0.653538
0.523056
0.281952
-0.0621273
-0.533225
-1.12154
-1.63676
-1.6873
-0.433917
-0.400226
-0.31042
-0.210087
-0.102452
0.0116827
0.131367
0.255374
0.381266
0.50423
0.608178
0.658699
0.636331
0.532249
0.349038
0.0799557
-0.3094
-0.771841
-1.14437
-1.16607
-0.466769
-0.432878
-0.342049
-0.240287
-0.130957
-0.0150009
0.106412
0.231294
0.356841
0.478837
0.581818
0.635435
0.62725
0.559841
0.437385
0.270904
0.0633823
-0.143547
-0.258638
-0.260427
-0.500686
-0.466683
-0.374978
-0.271803
-0.160826
-0.0433706
0.0792694
0.204967
0.330977
0.453154
0.556885
0.616583
0.626294
0.596853
0.541456
0.475936
0.416854
0.382868
0.391368
0.420917
-0.535953
-0.501887
-0.40966
-0.305246
-0.192712
-0.0735135
0.0506829
0.177577
0.304536
0.427744
0.534169
0.602551
0.631337
0.635844
0.630739
0.62904
0.640477
0.672433
0.71818
0.748358
-0.573545
-0.539331
-0.445995
-0.339921
-0.225656
-0.104727
0.0210259
0.149492
0.278104
0.403321
0.514439
0.59282
0.639727
0.670356
0.69677
0.726935
0.764131
0.807331
0.849051
0.873906
-0.613831
-0.579405
-0.484013
-0.375885
-0.259657
-0.136682
-0.00895591
0.121566
0.252362
0.380613
0.49761
0.586583
0.648913
0.697775
0.741667
0.784331
0.826346
0.866214
0.900928
0.922491
-0.656073
-0.620713
-0.522876
-0.412382
-0.293716
-0.168385
-0.0383992
0.0944273
0.227772
0.359724
0.483128
0.58239
0.657073
0.717979
0.771203
0.818899
0.861411
0.89839
0.929115
0.948575
-0.698242
-0.661592
-0.561301
-0.448066
-0.326757
-0.198957
-0.066561
0.0686654
0.204864
0.340941
0.470512
0.578608
0.662423
0.731298
0.789639
0.839615
0.882165
0.917972
0.947302
0.965813
-0.737457
-0.699892
-0.597368
-0.481412
-0.357522
-0.227332
-0.0926371
0.0449495
0.183973
0.323918
0.45932
0.574516
0.664727
0.738364
0.799527
0.850577
0.893052
0.928213
0.956743
0.974578
-0.771601
-0.732862
-0.628913
-0.51049
-0.384451
-0.252287
-0.115653
0.0239033
0.165297
0.30853
0.448564
0.568961
0.663248
0.739594
0.802191
0.853626
0.895911
0.93056
0.958466
0.975762
-0.79729
-0.757889
-0.653277
-0.533208
-0.405711
-0.27226
-0.134557
0.00615379
0.148991
0.294291
0.437298
0.560818
0.657416
0.735048
0.798121
0.849543
0.891494
0.925714
0.952827
0.969715
-0.810525
-0.771378
-0.667423
-0.546939
-0.419158
-0.285688
-0.148042
-0.00764025
0.13512
0.28082
0.424742
0.549184
0.646462
0.724288
0.787228
0.83833
0.879889
0.913757
0.940227
0.957071
-0.807889
-0.771088
-0.668024
-0.548445
-0.422069
-0.290441
-0.155016
-0.0168306
0.123755
0.267598
0.410082
0.533242
0.629515
0.706478
0.768698
0.819247
0.86038
0.893944
0.919918
0.936811
-0.785368
-0.751133
-0.65016
-0.533804
-0.41126
-0.284167
-0.15373
-0.0206476
0.11504
0.254219
0.392428
0.511884
0.605299
0.680178
0.740956
0.790561
0.831116
0.864394
0.88994
0.907156
-0.73393
-0.702598
-0.607854
-0.498157
-0.383217
-0.264493
-0.142727
-0.0182279
0.109186
0.240393
0.371004
0.48388
0.572202
0.643248
0.701317
0.749129
0.788549
0.821273
0.846459
0.864894
-0.644541
-0.618624
-0.533109
-0.436315
-0.334451
-0.229264
-0.120745
-0.00893167
0.106437
0.226028
0.345387
0.448327
0.528587
0.593083
0.646004
0.689956
0.726492
0.756769
0.782204
0.800549
-0.511546
-0.491214
-0.422746
-0.345206
-0.263753
-0.177913
-0.0875115
0.0075358
0.107241
0.211711
0.316222
0.405642
0.474276
0.528402
0.572072
0.607944
0.637447
0.6608
0.678668
0.691034
-0.30672
-0.296876
-0.264635
-0.222344
-0.171484
-0.112423
-0.0453444
0.0294186
0.111492
0.200352
0.29093
0.368535
0.427285
0.472331
0.506959
0.533484
0.554117
0.571047
0.584794
0.593627
-0.12768
-0.125604
-0.117118
-0.101335
-0.0770583
-0.043119
0.00105955
0.0554968
0.119674
0.192665
0.26926
0.335468
0.385053
0.42206
0.449464
0.469503
0.483491
0.492331
0.497202
0.499638
-0.0279041
-0.0279829
-0.02545
-0.0185035
-0.00582523
0.014084
0.0427438
0.0812436
0.129899
0.18816
0.251353
0.306571
0.347519
0.377264
0.398221
0.412356
0.42143
0.426962
0.429936
0.430969
0.0265087
0.026594
0.0278957
0.0318965
0.0398776
0.0531993
0.073207
0.10118
0.138034
0.183875
0.234989
0.280132
0.313427
0.337215
0.353678
0.364675
0.371652
0.37572
0.377773
0.378534
0.0619165
0.0621416
0.0632992
0.0661609
0.0716129
0.080802
0.0950566
0.115696
0.143761
0.179662
0.220572
0.257062
0.283924
0.302949
0.315931
0.324425
0.329712
0.332795
0.334403
0.335043
0.0854794
0.085661
0.0865883
0.0887324
0.0927399
0.0994696
0.109972
0.125413
0.146858
0.174885
0.207375
0.236606
0.258126
0.273283
0.28355
0.290235
0.294387
0.296804
0.298067
0.298571
0.100868
0.101042
0.101773
0.103405
0.106408
0.111437
0.119327
0.131044
0.147532
0.169398
0.195084
0.218368
0.235528
0.247589
0.255731
0.261013
0.264287
0.266192
0.267191
0.267592
0.11038
0.110521
0.11109
0.112341
0.114627
0.118448
0.124452
0.13342
0.146151
0.163214
0.183462
0.201928
0.215564
0.225142
0.231597
0.235779
0.238366
0.239871
0.240662
0.240978
0.115478
0.115589
0.116032
0.116996
0.11875
0.121678
0.126288
0.133198
0.143066
0.156391
0.172322
0.186925
0.19773
0.20532
0.210433
0.213743
0.215792
0.216984
0.217608
0.217856
0.117232
0.117319
0.117663
0.118408
0.119762
0.122022
0.125581
0.13093
0.1386
0.149012
0.161533
0.173058
0.181602
0.187608
0.191654
0.194272
0.19589
0.19683
0.197322
0.197518
0.116429
0.116495
0.116764
0.117342
0.118392
0.120142
0.122902
0.127057
0.133031
0.141173
0.151006
0.160086
0.16683
0.171574
0.17477
0.176838
0.178116
0.178857
0.179244
0.179397
0.113654
0.113707
0.113915
0.114364
0.11518
0.11654
0.118686
0.121921
0.126582
0.132953
0.140671
0.147818
0.153133
0.156875
0.159396
0.161026
0.162034
0.162619
0.162925
0.163046
0.109356
0.109397
0.10956
0.10991
0.110545
0.111604
0.113275
0.115798
0.119438
0.124423
0.130477
0.136096
0.14028
0.143227
0.145214
0.146501
0.147295
0.147755
0.147994
0.148087
0.103875
0.103907
0.104034
0.104306
0.104801
0.105627
0.106931
0.1089
0.111744
0.115645
0.120393
0.124805
0.128096
0.130415
0.131978
0.132989
0.133613
0.133974
0.134162
0.134236
0.0974743
0.0974994
0.0975981
0.0978109
0.0981966
0.0988408
0.099858
0.101395
0.103617
0.10667
0.11039
0.113852
0.116435
0.118257
0.119484
0.120278
0.120768
0.121053
0.1212
0.121258
0.0903562
0.0903759
0.0904527
0.0906186
0.0909192
0.0914212
0.0922151
0.0934151
0.0951518
0.0975377
0.100449
0.103161
0.105185
0.106612
0.107576
0.1082
0.108585
0.108807
0.108922
0.108967
0.0826807
0.0826953
0.0827552
0.0828841
0.0831186
0.0835102
0.0841287
0.0850641
0.0864182
0.0882805
0.0905551
0.0926768
0.0942611
0.0953793
0.0961333
0.09662
0.0969204
0.0970944
0.0971843
0.0972192
0.0745691
0.074581
0.0746275
0.0747279
0.07491
0.0752141
0.0756949
0.076422
0.077475
0.0789253
0.0806974
0.0823505
0.0835873
0.0844606
0.0850489
0.085429
0.085663
0.0857979
0.0858677
0.0858946
0.0661215
0.0661304
0.0661661
0.0662434
0.0663836
0.0666188
0.0669915
0.0675555
0.0683722
0.0694968
0.0708715
0.0721541
0.0731119
0.0737866
0.0742415
0.0745361
0.0747183
0.0748239
0.0748784
0.0748993
0.0574102
0.0574171
0.0574446
0.0575044
0.0576128
0.0577934
0.0580789
0.0585117
0.0591394
0.0600038
0.0610608
0.0620475
0.0627854
0.0633064
0.0636587
0.0638865
0.0640261
0.0641064
0.0641481
0.0641641
0.0484983
0.0485035
0.0485243
0.0485694
0.0486515
0.0487887
0.0490053
0.0493335
0.0498096
0.0504655
0.0512687
0.0520194
0.0525812
0.052978
0.0532443
0.0534154
0.0535212
0.0535822
0.0536132
0.0536249
0.0394346
0.0394386
0.0394541
0.0394873
0.0395473
0.0396484
0.0398098
0.0400542
0.040408
0.0408954
0.0414913
0.0420473
0.0424621
0.0427542
0.0429513
0.0430794
0.0431583
0.0432037
0.0432272
0.0432364
0.0302574
0.0302604
0.0302709
0.0302943
0.0303378
0.0304109
0.030526
0.0306998
0.0309518
0.0312988
0.0317234
0.03212
0.0324165
0.0326262
0.0327676
0.0328576
0.0329123
0.032944
0.0329602
0.032966
0.0209997
0.0210022
0.0210098
0.0210252
0.0210544
0.0211034
0.0211802
0.0212948
0.0214601
0.0216877
0.0219658
0.0222258
0.0224195
0.0225539
0.0226443
0.0227039
0.0227409
0.0227612
0.0227709
0.0227743
0.0116861
0.0116873
0.0116922
0.0117021
0.0117186
0.0117455
0.0117864
0.0118479
0.0119367
0.0120581
0.0122054
0.0123425
0.0124449
0.0125165
0.0125637
0.012593
0.0126106
0.0126219
0.0126288
0.0126326
0.0070169
0.00701812
0.0070215
0.00702924
0.00704367
0.00706478
0.00709545
0.00713965
0.00720139
0.00728308
0.00736922
0.00743962
0.00749104
0.00752547
0.00754648
0.00755948
0.00756795
0.00757327
0.00757581
0.00252788
-1.66869
-1.21036
-0.887339
-0.636832
-0.412683
-0.183691
0.0550804
0.293057
0.501489
0.579305
-0.939403
-0.687382
-0.477929
-0.292162
-0.111153
0.0641748
0.227603
0.370011
0.465043
0.488997
-0.475905
-0.309871
-0.165926
-0.0322533
0.0956345
0.214386
0.315849
0.393602
0.441611
0.459048
-0.151274
-0.042239
0.0554975
0.146842
0.231832
0.307528
0.369793
0.415753
0.445177
0.460705
0.0736469
0.145175
0.210364
0.271263
0.326936
0.375388
0.415275
0.44583
0.468408
0.484278
0.231793
0.278435
0.322171
0.364122
0.40084
0.433042
0.460352
0.482855
0.500778
0.514283
0.349116
0.378322
0.409426
0.436917
0.462734
0.486518
0.507557
0.524551
0.536213
0.542137
0.438854
0.459961
0.483034
0.505612
0.52782
0.5474
0.562621
0.572624
0.573652
0.56915
0.505807
0.524375
0.547168
0.568307
0.587919
0.605253
0.619799
0.629995
0.633944
0.625685
0.558398
0.582928
0.612434
0.643071
0.671855
0.696638
0.714808
0.725148
0.728308
0.721613
0.634184
0.678675
0.728357
0.768474
0.797815
0.818768
0.834007
0.845764
0.852676
0.857802
0.804493
0.845893
0.877747
0.902335
0.922632
0.941657
0.959688
0.975206
0.98822
0.99977
1.00373
1.02618
1.04209
1.05949
1.07631
1.09101
1.10346
1.11574
1.13118
1.14949
1.1964
1.20372
1.21484
1.2265
1.23666
1.24619
1.25657
1.26738
1.27828
1.28644
1.40963
1.41153
1.40386
1.3878
1.37665
1.37574
1.38763
1.41212
1.44594
1.47027
1.82922
1.6356
1.53459
1.47654
1.44722
1.44087
1.45595
1.49645
1.57226
1.71529
-0.163497
-0.164402
-0.10381
-0.0244593
0.0666708
0.167016
-0.571092
-1.61695
-1.42663
-0.990757
-0.721478
-0.579532
-0.712353
-0.918919
-1.21882
-1.69161
-2.30379
)
;

boundaryField
{
    wall-4
    {
        type            zeroGradient;
    }
    pressure-outlet-7
    {
        type            fixedValue;
        value           uniform 0;
    }
    velocity-inlet-6
    {
        type            zeroGradient;
    }
    velocity-inlet-5
    {
        type            zeroGradient;
    }
    frontAndBackPlanes
    {
        type            empty;
    }
}


// ************************************************************************* //
