/*--------------------------------*- C++ -*----------------------------------*\
  =========                 |
  \\      /  F ield         | OpenFOAM: The Open Source CFD Toolbox
   \\    /   O peration     | Website:  https://openfoam.org
    \\  /    A nd           | Version:  9
     \\/     M anipulation  |
\*---------------------------------------------------------------------------*/
FoamFile
{
    format      ascii;
    class       volScalarField;
    location    "73";
    object      p;
}
// * * * * * * * * * * * * * * * * * * * * * * * * * * * * * * * * * * * * * //

dimensions      [0 2 -2 0 0 0 0];

internalField   nonuniform List<scalar> 
8800
(
0.813284
0.765499
0.726814
0.697824
0.676967
0.662149
0.65157
0.644115
0.639332
0.637324
0.638645
0.64288
0.649559
0.6589
0.671697
0.689443
0.714228
0.748174
0.790728
0.84943
0.644525
0.652204
0.659686
0.662998
0.661501
0.656433
0.649961
0.643906
0.639215
0.636416
0.636191
0.638749
0.643279
0.649254
0.656044
0.662338
0.665989
0.665258
0.659846
0.651161
0.622916
0.629077
0.633208
0.636159
0.638218
0.638835
0.637748
0.635672
0.633696
0.632843
0.633865
0.636297
0.639134
0.641342
0.641969
0.640784
0.638453
0.635068
0.630512
0.626752
0.617085
0.619737
0.622494
0.624904
0.626549
0.627726
0.628489
0.628638
0.628387
0.628398
0.629217
0.630442
0.631324
0.63142
0.630833
0.629759
0.627955
0.625393
0.622996
0.621492
0.611675
0.613101
0.614886
0.616926
0.618723
0.620081
0.621095
0.621928
0.622594
0.623227
0.623954
0.624513
0.624661
0.62441
0.62374
0.622511
0.620831
0.618994
0.617692
0.61686
0.606562
0.607483
0.608731
0.610307
0.611953
0.613498
0.614812
0.61592
0.616944
0.617917
0.618695
0.619097
0.619112
0.618716
0.617867
0.616691
0.615383
0.614137
0.61332
0.612768
0.601609
0.60228
0.603248
0.604562
0.605987
0.607468
0.60894
0.61031
0.611577
0.612778
0.613703
0.614159
0.614143
0.613686
0.61292
0.612002
0.611013
0.610106
0.609528
0.609121
0.596769
0.597286
0.598076
0.599219
0.600515
0.601915
0.603399
0.604926
0.606433
0.607878
0.609007
0.609583
0.60964
0.609319
0.608765
0.608077
0.607333
0.606669
0.606242
0.605923
0.591968
0.592379
0.593042
0.594063
0.595289
0.596647
0.598136
0.599755
0.601467
0.603192
0.604582
0.605366
0.60563
0.605538
0.605215
0.604745
0.604211
0.603742
0.603427
0.603168
0.587118
0.587452
0.588027
0.588971
0.590152
0.591499
0.59303
0.594756
0.596668
0.598698
0.600427
0.601523
0.602079
0.602254
0.602171
0.601933
0.601601
0.601295
0.601065
0.600847
0.582129
0.582406
0.58292
0.583819
0.584987
0.586363
0.587974
0.58985
0.592006
0.594391
0.596544
0.598042
0.598949
0.599429
0.599611
0.599611
0.599479
0.599318
0.599156
0.598966
0.576909
0.577141
0.577617
0.578503
0.579696
0.581146
0.582881
0.584962
0.587427
0.590252
0.592925
0.594906
0.596224
0.597055
0.597535
0.597776
0.597853
0.597828
0.597723
0.597553
0.571364
0.571561
0.572017
0.572919
0.574179
0.575747
0.577662
0.580017
0.582875
0.58625
0.589552
0.592107
0.593908
0.595141
0.595958
0.596467
0.596766
0.596867
0.59681
0.596653
0.565387
0.565556
0.566011
0.566958
0.568327
0.570064
0.572226
0.574935
0.578289
0.582341
0.586405
0.589647
0.592018
0.593718
0.594919
0.59575
0.596271
0.596497
0.59648
0.596331
0.558857
0.559002
0.559471
0.560492
0.562016
0.563983
0.566469
0.569629
0.573605
0.578487
0.583471
0.587534
0.590582
0.592831
0.594473
0.595655
0.596434
0.596789
0.59681
0.596664
0.551632
0.551752
0.552249
0.553375
0.555106
0.557371
0.560272
0.564002
0.56875
0.574644
0.580739
0.585779
0.589627
0.592525
0.59469
0.596278
0.597345
0.597834
0.597889
0.597742
0.543518
0.543627
0.544163
0.545427
0.547421
0.550065
0.553494
0.557939
0.56364
0.570768
0.578197
0.584402
0.589193
0.592854
0.595645
0.597711
0.599101
0.599731
0.599817
0.599664
0.534286
0.534384
0.534981
0.536409
0.538738
0.541873
0.545969
0.551308
0.558186
0.566816
0.575844
0.583426
0.589332
0.593889
0.597422
0.600046
0.601801
0.602579
0.602692
0.602531
0.523612
0.523691
0.524375
0.526031
0.528799
0.532561
0.537496
0.543955
0.552288
0.562743
0.573681
0.582885
0.590099
0.595714
0.60009
0.603379
0.605542
0.606471
0.606608
0.606434
0.51111
0.511175
0.511961
0.513929
0.517255
0.52182
0.527829
0.535703
0.545845
0.558517
0.571719
0.58282
0.591545
0.59839
0.603754
0.607802
0.610405
0.611484
0.611635
0.611445
0.496212
0.496266
0.497195
0.49958
0.503648
0.509266
0.516671
0.526357
0.538757
0.554116
0.569985
0.583278
0.593727
0.601975
0.608481
0.613376
0.616439
0.617653
0.617807
0.617597
0.478126
0.478168
0.479313
0.482287
0.48737
0.494414
0.503677
0.515716
0.530952
0.549554
0.568526
0.584309
0.596706
0.606531
0.614284
0.620122
0.623636
0.624951
0.625092
0.624862
0.455666
0.455706
0.457203
0.461065
0.467611
0.476663
0.488474
0.503617
0.522418
0.544901
0.56743
0.585982
0.600521
0.612083
0.621189
0.627997
0.631906
0.633265
0.633372
0.633122
0.427044
0.427107
0.429201
0.434498
0.44333
0.455329
0.470733
0.489999
0.513251
0.540309
0.566831
0.588386
0.605206
0.618603
0.629157
0.636879
0.641058
0.642375
0.642426
0.64216
0.389157
0.389326
0.392653
0.400601
0.413286
0.42981
0.45034
0.475019
0.503714
0.536031
0.566907
0.591616
0.610798
0.626059
0.638067
0.646534
0.650779
0.651946
0.651922
0.651648
0.336062
0.337078
0.343706
0.357121
0.376515
0.400043
0.427649
0.459171
0.494272
0.532415
0.567856
0.595758
0.617294
0.634383
0.647696
0.656613
0.660649
0.661566
0.661465
0.661193
0.258651
0.266136
0.281491
0.305163
0.334549
0.367458
0.403709
0.443099
0.485282
0.529701
0.569988
0.601264
0.625311
0.644333
0.658824
0.667928
0.67158
0.672237
0.672087
0.671853
0.175489
0.193173
0.218048
0.252591
0.292374
0.334784
0.37971
0.427108
0.476699
0.527973
0.573871
0.609159
0.636116
0.657342
0.673036
0.681792
0.684641
0.685003
0.684877
0.684715
0.106122
0.126966
0.15969
0.20346
0.252399
0.303753
0.357085
0.412324
0.469155
0.52704
0.578214
0.617153
0.646624
0.66949
0.685531
0.693546
0.695858
0.696158
0.696086
0.695959
0.0493011
0.0718244
0.110147
0.16044
0.216606
0.275478
0.336241
0.398669
0.462291
0.526446
0.582574
0.624882
0.656562
0.680657
0.696868
0.70447
0.706527
0.706817
0.706785
0.706686
0.00203207
0.0257468
0.067907
0.123366
0.185339
0.250418
0.317556
0.386371
0.45621
0.526237
0.587067
0.632549
0.6663
0.691611
0.708164
0.715497
0.717417
0.717735
0.717743
0.717667
-0.0379583
-0.0135951
0.0314669
0.0910095
0.157866
0.228229
0.300912
0.375419
0.450947
0.526475
0.591803
0.640372
0.676195
0.702739
0.719685
0.727083
0.729055
0.729344
0.729376
0.729317
-0.072727
-0.0479563
-0.000619284
0.0622985
0.133287
0.208256
0.28587
0.36553
0.446315
0.527042
0.596714
0.648332
0.686226
0.714044
0.731621
0.739326
0.741293
0.741584
0.741615
0.741583
-0.103797
-0.0786822
-0.029495
0.0363022
0.110866
0.189882
0.27193
0.356313
0.442016
0.527714
0.601616
0.65625
0.696237
0.725424
0.74377
0.751786
0.753868
0.754141
0.754168
0.75414
-0.132169
-0.106754
-0.0559911
0.0122992
0.0900065
0.172623
0.258677
0.347415
0.437755
0.528235
0.606293
0.663932
0.706029
0.736578
0.755681
0.764068
0.766294
0.766568
0.766581
0.766566
-0.15867
-0.132917
-0.0807599
-0.0102697
0.0702517
0.156095
0.245787
0.338552
0.433269
0.528384
0.61056
0.671196
0.715349
0.747259
0.767088
0.775835
0.778212
0.778497
0.778474
0.778457
-0.183701
-0.157613
-0.104131
-0.0317868
0.0512646
0.140012
0.233012
0.329506
0.42837
0.528
0.614277
0.677911
0.724109
0.757286
0.77775
0.786799
0.789272
0.789543
0.789489
0.789461
-0.207737
-0.181229
-0.126713
-0.0524962
0.0328016
0.124162
0.220181
0.320127
0.42291
0.52693
0.617332
0.684017
0.732234
0.766594
0.78756
0.796771
0.799291
0.799539
0.799449
0.799407
-0.23092
-0.203953
-0.148499
-0.072596
0.014706
0.108418
0.207179
0.310307
0.416777
0.525073
0.619649
0.68949
0.739759
0.775182
0.796468
0.805741
0.808213
0.808424
0.808305
0.808247
-0.253408
-0.226051
-0.16957
-0.0922086
-0.00310697
0.092711
0.193939
0.299976
0.409901
0.522342
0.621151
0.69432
0.746743
0.78317
0.80461
0.813723
0.816101
0.816261
0.816113
0.816042
-0.275339
-0.247509
-0.190062
-0.111392
-0.0206901
0.0770062
0.180446
0.289122
0.402247
0.518664
0.621766
0.698504
0.75331
0.790744
0.812119
0.820871
0.823031
0.823128
0.822952
0.822872
-0.296793
-0.268382
-0.210059
-0.130168
-0.0380381
0.0613062
0.166716
0.277756
0.393805
0.513984
0.621419
0.702026
0.75956
0.798122
0.819251
0.827347
0.829128
0.829113
0.82893
0.828844
-0.317634
-0.288673
-0.229503
-0.148531
-0.0551422
0.045654
0.152783
0.265922
0.384603
0.508294
0.620019
0.704826
0.765553
0.805572
0.826365
0.833422
0.834519
0.834319
0.83414
0.834061
-0.337848
-0.308359
-0.248397
-0.166447
-0.071964
0.0300899
0.138719
0.253678
0.374695
0.501589
0.617494
0.706787
0.771279
0.813325
0.833969
0.839646
0.839515
0.838861
0.838715
0.838705
-0.357512
-0.327421
-0.266735
-0.183901
-0.0884545
0.0146823
0.124593
0.241108
0.364151
0.493909
0.613767
0.707746
0.776608
0.821459
0.842635
0.847028
0.844969
0.843151
0.84295
0.843302
-0.376474
-0.345848
-0.28447
-0.200848
-0.104566
-0.000496164
0.110491
0.228311
0.35307
0.485323
0.608793
0.707496
0.78128
0.829762
0.852641
0.856838
0.853004
0.848876
0.847357
0.847572
-0.394828
-0.36364
-0.301627
-0.217326
-0.120334
-0.0154896
0.0963574
0.215233
0.341389
0.475763
0.602434
0.705758
0.78502
0.837836
0.863672
0.869751
0.866019
0.858603
0.851318
0.838207
-0.412511
-0.380786
-0.318321
-0.233534
-0.136037
-0.0306159
0.0817944
0.201418
0.328609
0.464641
0.594108
0.701842
0.787407
0.845211
0.874446
0.884283
0.881015
0.866902
0.845556
0.835944
-0.429359
-0.397452
-0.33437
-0.249282
-0.151319
-0.0455392
0.0670169
0.187174
0.315008
0.452174
0.583796
0.695153
0.787417
0.850604
0.880944
0.890985
0.888844
0.862695
0.795784
0.76609
-0.444721
-0.414921
-0.34948
-0.264099
-0.165376
-0.0597566
0.0523451
0.172728
0.300799
0.438468
0.571382
0.68527
0.783361
0.853116
0.877575
0.882559
0.865771
0.808373
0.738871
0.696438
-0.499082
-0.430297
-0.363109
-0.279121
-0.179897
-0.0747799
0.0377021
0.157783
0.285589
0.423022
0.556184
0.671367
0.771062
0.848032
0.847191
0.84413
0.787178
0.712768
0.634717
0.591302
-0.460672
-0.444741
-0.383421
-0.298323
-0.20138
-0.0962832
0.0151786
0.134676
0.261619
0.397895
0.529576
0.643824
0.737063
0.820175
0.800088
0.678463
0.568307
0.491723
0.416499
0.444601
-0.49065
-0.461684
-0.399513
-0.315266
-0.218376
-0.113394
-0.00163309
0.117258
0.243186
0.377769
0.506828
0.616929
0.700247
0.744098
0.690275
0.533716
0.40116
0.306598
0.206297
0.254019
-0.513699
-0.481822
-0.418575
-0.334212
-0.237208
-0.132337
-0.0206493
0.0974199
0.221975
0.354201
0.479588
0.58336
0.657421
0.66615
0.553285
0.375244
0.218626
0.0968618
-0.035915
-0.0043492
-0.536167
-0.502838
-0.438495
-0.353246
-0.256178
-0.151473
-0.040322
0.0767812
0.199745
0.329188
0.449858
0.545367
0.603469
0.580373
0.415613
0.215049
0.0218488
-0.148114
-0.33763
-0.35789
-0.558024
-0.524298
-0.459128
-0.373144
-0.275969
-0.171512
-0.0610358
0.0549607
0.176049
0.302261
0.417407
0.504392
0.542455
0.481664
0.284299
0.0701465
-0.149325
-0.339955
-0.582374
-0.877335
-0.580158
-0.54646
-0.48081
-0.394392
-0.297071
-0.19282
-0.0829597
0.031877
0.150952
0.273617
0.382796
0.461162
0.476829
0.364087
0.169778
-0.0435092
-0.250033
-0.423723
-0.494491
-0.572409
-0.603508
-0.569788
-0.503886
-0.4173
-0.319975
-0.216032
-0.106891
0.00659615
0.123313
0.241848
0.34459
0.411522
0.401415
0.254763
0.0676934
-0.126531
-0.291896
-0.3864
-0.410842
-0.426605
-0.628379
-0.594571
-0.528526
-0.441941
-0.344807
-0.241356
-0.133186
-0.0213689
0.0925457
0.206257
0.302082
0.354065
0.325871
0.153008
-0.0250224
-0.19405
-0.322919
-0.362822
-0.37561
-0.376906
-0.654969
-0.620979
-0.554793
-0.46831
-0.371517
-0.268796
-0.161866
-0.0520692
0.0585831
0.166863
0.254781
0.291946
0.242627
0.0589928
-0.109962
-0.261357
-0.338984
-0.356119
-0.357548
-0.357375
-0.683334
-0.649074
-0.582717
-0.496408
-0.400123
-0.298343
-0.192934
-0.0855198
0.021437
0.123744
0.202815
0.227741
0.141524
-0.0269408
-0.18737
-0.312219
-0.349517
-0.347848
-0.346955
-0.346381
-0.713194
-0.67869
-0.612196
-0.526153
-0.430543
-0.329945
-0.226363
-0.121694
-0.0188509
0.0770191
0.147135
0.154545
0.0498639
-0.106515
-0.248661
-0.326692
-0.336972
-0.339555
-0.340213
-0.339943
-0.744
-0.709361
-0.642979
-0.557322
-0.462594
-0.363451
-0.262003
-0.16046
-0.0620901
0.0270553
0.0882144
0.0803222
-0.0323479
-0.173867
-0.293492
-0.325706
-0.334425
-0.33589
-0.335645
-0.335347
-0.775297
-0.74056
-0.674608
-0.589528
-0.495937
-0.398544
-0.299577
-0.201526
-0.107988
-0.0254344
0.0251714
0.00998394
-0.107595
-0.228702
-0.323757
-0.342139
-0.333323
-0.332284
-0.332239
-0.332014
-0.806185
-0.771591
-0.706251
-0.62217
-0.530038
-0.434758
-0.33864
-0.244417
-0.156062
-0.079783
-0.0391696
-0.054226
-0.173239
-0.270576
-0.326392
-0.335587
-0.332757
-0.331359
-0.330776
-0.33054
-0.835153
-0.801283
-0.736937
-0.65434
-0.564146
-0.471403
-0.378545
-0.288449
-0.205498
-0.135385
-0.0984477
-0.124311
-0.225427
-0.309609
-0.314471
-0.331053
-0.333738
-0.331599
-0.3308
-0.330316
-0.860588
-0.827773
-0.765565
-0.684893
-0.597238
-0.507559
-0.418439
-0.332777
-0.255171
-0.191339
-0.154414
-0.191003
-0.268055
-0.32911
-0.35006
-0.341212
-0.338047
-0.336626
-0.33576
-0.335172
-0.880386
-0.849309
-0.789955
-0.712443
-0.628045
-0.542114
-0.457248
-0.376385
-0.303954
-0.246288
-0.211576
-0.243833
-0.297611
-0.354358
-0.383969
-0.357821
-0.345
-0.342823
-0.341682
-0.341169
-0.892355
-0.863978
-0.808439
-0.735067
-0.655101
-0.57377
-0.493809
-0.418081
-0.350803
-0.298638
-0.266155
-0.286132
-0.305952
-0.341322
-0.336845
-0.337549
-0.339451
-0.340191
-0.340543
-0.340809
-0.893917
-0.869562
-0.818985
-0.751031
-0.676734
-0.601127
-0.526815
-0.456638
-0.394596
-0.347079
-0.311186
-0.321525
-0.308032
-0.297123
-0.310011
-0.32868
-0.33639
-0.339101
-0.340328
-0.340611
-0.882825
-0.863237
-0.819449
-0.75878
-0.691512
-0.622746
-0.554953
-0.490797
-0.434164
-0.390684
-0.349332
-0.355651
-0.344846
-0.33342
-0.34749
-0.351033
-0.352163
-0.35245
-0.352354
-0.352286
-0.857258
-0.842584
-0.808078
-0.757081
-0.698457
-0.637663
-0.577084
-0.519254
-0.468139
-0.428823
-0.383766
-0.385489
-0.400247
-0.438559
-0.420149
-0.386955
-0.37108
-0.365454
-0.363253
-0.362597
-0.819801
-0.810354
-0.785749
-0.746101
-0.697576
-0.645627
-0.592563
-0.540989
-0.494897
-0.459721
-0.428718
-0.405885
-0.39262
-0.419811
-0.40608
-0.372823
-0.356803
-0.351993
-0.349892
-0.348844
-0.777132
-0.771752
-0.757277
-0.728669
-0.690816
-0.647434
-0.60156
-0.555481
-0.513093
-0.479794
-0.449176
-0.399409
-0.321643
-0.277627
-0.290332
-0.308191
-0.313146
-0.316923
-0.3198
-0.320272
-0.738919
-0.735643
-0.728758
-0.710155
-0.681071
-0.644988
-0.605153
-0.563215
-0.522118
-0.487142
-0.45998
-0.399767
-0.318159
-0.18875
-0.0893236
-0.138987
-0.245274
-0.312263
-0.339123
-0.34745
-0.711593
-0.709549
-0.706035
-0.694783
-0.672156
-0.641353
-0.605405
-0.565516
-0.523396
-0.484232
-0.455495
-0.438743
-0.480651
-0.642834
-0.89507
-1.07555
-1.1455
-1.09652
-0.965359
-0.924307
-0.691119
-0.690372
-0.689222
-0.683647
-0.666715
-0.639161
-0.604306
-0.563946
-0.519217
-0.471301
-0.436865
-0.428153
-0.567551
-0.838996
-1.20267
-1.3437
-1.28203
-1.14377
-0.993406
-0.93695
-0.679286
-0.679016
-0.678409
-0.675855
-0.664125
-0.638402
-0.602807
-0.560475
-0.510921
-0.453952
-0.408165
-0.369333
-0.367452
-0.37428
-0.379009
-0.373358
-0.282872
-0.168978
-0.0684169
-0.0205684
-0.671373
-0.671187
-0.670618
-0.669709
-0.662785
-0.639151
-0.602393
-0.556351
-0.501437
-0.436938
-0.365924
-0.291112
-0.150158
0.103101
0.387313
0.675491
0.911531
1.04142
1.10522
1.12574
-0.666645
-0.66663
-0.666556
-0.666875
-0.662481
-0.641934
-0.603674
-0.553305
-0.493173
-0.417628
-0.325935
-0.234532
-0.0168671
0.354443
0.764429
1.16149
1.45546
1.60279
1.65493
1.66445
-0.662625
-0.662697
-0.66276
-0.662667
-0.661664
-0.64586
-0.607124
-0.55298
-0.486949
-0.404373
-0.303979
-0.198694
0.00440431
0.37076
0.75331
1.10808
1.37655
1.5064
1.54331
1.54741
-0.659578
-0.659669
-0.659576
-0.658711
-0.658043
-0.650205
-0.6128
-0.555983
-0.485911
-0.400688
-0.299472
-0.196686
-0.0374563
0.269387
0.567181
0.822895
1.00387
1.08942
1.12067
1.12875
-0.658365
-0.659381
-0.662134
-0.667054
-0.672233
-0.66165
-0.620228
-0.561565
-0.492237
-0.406539
-0.310529
-0.214079
-0.091813
0.143742
0.366316
0.537217
0.65429
0.716158
0.746982
0.758705
-0.658007
-0.659643
-0.663844
-0.673725
-0.685169
-0.668131
-0.623371
-0.571186
-0.50542
-0.419842
-0.330671
-0.246503
-0.153063
0.0302235
0.207555
0.344122
0.445569
0.504648
0.533623
0.542738
-0.682431
-0.682911
-0.677335
-0.649401
-0.611032
-0.599671
-0.606449
-0.585422
-0.523218
-0.437608
-0.354679
-0.278439
-0.203493
-0.0588774
0.0876556
0.205065
0.295999
0.351759
0.376593
0.382634
-0.73134
-0.729837
-0.715061
-0.664522
-0.600268
-0.588495
-0.629392
-0.616874
-0.547925
-0.457806
-0.37535
-0.309093
-0.251742
-0.135395
-0.0123755
0.0861935
0.164856
0.213325
0.233414
0.236622
-0.812295
-0.814399
-0.83867
-0.874985
-0.880562
-0.850283
-0.80588
-0.697448
-0.582769
-0.476371
-0.392445
-0.331602
-0.284416
-0.190475
-0.089918
-0.0109613
0.0511581
0.0876244
0.101467
0.103166
-0.976685
-1.00271
-1.06603
-1.1298
-1.1505
-1.10845
-0.983487
-0.784404
-0.616988
-0.488456
-0.399503
-0.341921
-0.297183
-0.227031
-0.149235
-0.0865878
-0.038763
-0.0118176
-0.000992564
-0.000631937
-1.0731
-1.1006
-1.14923
-1.19328
-1.20978
-1.16676
-1.02091
-0.79983
-0.61574
-0.480858
-0.394683
-0.341774
-0.302693
-0.249196
-0.192143
-0.144519
-0.109496
-0.089591
-0.0829672
-0.0836578
-0.97189
-0.994886
-1.03236
-1.07018
-1.08514
-1.0429
-0.895926
-0.713267
-0.559613
-0.445569
-0.372275
-0.328263
-0.298934
-0.263335
-0.222327
-0.188627
-0.164222
-0.151367
-0.147377
-0.148787
-0.68115
-0.700124
-0.736099
-0.778123
-0.802068
-0.774956
-0.675866
-0.561504
-0.462199
-0.386351
-0.334798
-0.30392
-0.285765
-0.262274
-0.238122
-0.220174
-0.208929
-0.204577
-0.203668
-0.204859
-0.3172
-0.328958
-0.353768
-0.388083
-0.421716
-0.432389
-0.417678
-0.38705
-0.351589
-0.31597
-0.287873
-0.26922
-0.259081
-0.249189
-0.242076
-0.240045
-0.241383
-0.244906
-0.24641
-0.24696
-0.0356881
-0.0417046
-0.0584328
-0.0889719
-0.131253
-0.176946
-0.213311
-0.236792
-0.247477
-0.245847
-0.238052
-0.228299
-0.221685
-0.224066
-0.231784
-0.242085
-0.252597
-0.259945
-0.26213
-0.262328
0.107876
0.104213
0.0920239
0.065607
0.0221347
-0.0334799
-0.0885948
-0.134498
-0.16724
-0.187114
-0.194209
-0.192068
-0.189293
-0.200335
-0.215641
-0.230114
-0.241927
-0.248467
-0.250164
-0.250444
0.148694
0.146186
0.136969
0.115816
0.0794971
0.0309305
-0.0219888
-0.0722157
-0.113409
-0.143849
-0.162603
-0.171652
-0.176781
-0.188638
-0.20014
-0.210551
-0.218538
-0.221827
-0.222696
-0.223149
0.140134
0.138373
0.131728
0.116244
0.089248
0.0519498
0.00851003
-0.0360415
-0.0772231
-0.113212
-0.142414
-0.167278
-0.182859
-0.185572
-0.188434
-0.190165
-0.191465
-0.191625
-0.191897
-0.192462
0.114933
0.113808
0.109297
0.0985829
0.0795627
0.0524539
0.018879
-0.0177938
-0.0544402
-0.0902248
-0.12535
-0.16211
-0.184725
-0.179566
-0.171247
-0.16709
-0.165141
-0.164361
-0.164552
-0.165159
0.0873002
0.0866886
0.0838134
0.0767163
0.0637473
0.044642
0.0199175
-0.00847111
-0.0388334
-0.0706837
-0.103824
-0.138568
-0.156014
-0.150692
-0.144451
-0.142792
-0.142362
-0.142811
-0.143281
-0.143761
0.0620207
0.0617114
0.0600145
0.0555614
0.0470878
0.034164
0.01681
-0.00371571
-0.0266239
-0.0510825
-0.0751796
-0.0974307
-0.106396
-0.10733
-0.110312
-0.115582
-0.12031
-0.123281
-0.12415
-0.124302
0.0402142
0.0400957
0.0392239
0.0366441
0.0314508
0.0232992
0.0120402
-0.00146333
-0.0167223
-0.0326098
-0.0458709
-0.0532528
-0.0545899
-0.0614702
-0.0725867
-0.0841785
-0.0928826
-0.0974806
-0.0984782
-0.0983136
0.0210969
0.0211518
0.0208338
0.0196108
0.0170511
0.0128033
0.00681413
-0.000406353
-0.00846073
-0.0163357
-0.0205252
-0.0154719
-0.00982043
-0.0234334
-0.0365699
-0.0478157
-0.0559022
-0.0598758
-0.0606508
-0.060323
0.00361934
0.00370237
0.00371237
0.00391893
0.00386172
0.00333823
0.00234966
0.00104297
-0.00053094
-0.00222031
-0.00300014
-0.00139449
0.00154331
0.000717713
-0.00405712
-0.00801418
-0.0106146
-0.0119499
-0.0123719
-0.0121827
-0.113729
0.0513397
0.243533
0.4112
0.54443
0.648422
0.733875
0.806708
0.840195
0.817013
0.183522
0.302697
0.430707
0.541006
0.63357
0.709817
0.771483
0.815335
0.83729
0.849542
0.398663
0.480241
0.567679
0.644671
0.710721
0.765936
0.809875
0.84204
0.865409
0.883511
0.557059
0.615528
0.675949
0.732213
0.781004
0.822469
0.856583
0.883861
0.906443
0.924815
0.680806
0.723265
0.768643
0.811824
0.850018
0.883404
0.912025
0.935896
0.956151
0.974029
0.78407
0.816564
0.85428
0.889441
0.921751
0.95075
0.976119
0.997474
1.01524
1.03261
0.875964
0.904436
0.938144
0.970054
0.99981
1.02683
1.05045
1.07009
1.08554
1.10263
0.964158
0.993224
1.02708
1.05898
1.08847
1.11496
1.13775
1.15619
1.16952
1.18655
1.05923
1.09236
1.12891
1.16241
1.19238
1.21851
1.24041
1.25766
1.2695
1.28689
1.17409
1.21186
1.25045
1.28465
1.31395
1.33866
1.359
1.37487
1.38632
1.40439
1.31895
1.35746
1.39357
1.42422
1.44987
1.47195
1.49098
1.5065
1.51891
1.53691
1.49397
1.52558
1.55174
1.57417
1.59412
1.61283
1.63054
1.64701
1.66235
1.68041
1.68255
1.69975
1.71477
1.73099
1.74689
1.76141
1.77461
1.78853
1.80607
1.82622
1.86426
1.87379
1.88532
1.89613
1.90541
1.91499
1.92576
1.93713
1.94848
1.96384
2.07147
2.07514
2.06019
2.04538
2.0391
2.04477
2.06325
2.09355
2.12573
2.15238
2.3778
2.24294
2.16629
2.1239
2.10647
2.11044
2.13783
2.19425
2.29686
2.52123
0.70388
0.701753
0.697271
0.68865
0.676432
0.664312
0.654097
0.646221
0.64063
0.637413
0.637104
0.639885
0.645022
0.652269
0.661674
0.673225
0.685883
0.696923
0.703038
0.706094
0.628322
0.634169
0.640505
0.645003
0.647479
0.647164
0.644441
0.640651
0.63717
0.634949
0.63485
0.637093
0.640791
0.645105
0.648929
0.650825
0.649898
0.646423
0.641263
0.634643
0.619877
0.622173
0.62558
0.628581
0.630664
0.632172
0.632943
0.632648
0.631654
0.630814
0.631041
0.632517
0.63437
0.635704
0.635904
0.635029
0.63349
0.631162
0.627904
0.624986
0.614337
0.615423
0.617259
0.619644
0.621677
0.623117
0.624155
0.624932
0.625369
0.62564
0.62619
0.627052
0.627693
0.627791
0.627402
0.626571
0.625114
0.62304
0.62096
0.61958
0.609095
0.609758
0.610869
0.612581
0.614374
0.61602
0.617336
0.618381
0.619305
0.620151
0.620948
0.621563
0.621807
0.621678
0.621139
0.620105
0.618693
0.617162
0.615851
0.615074
0.604071
0.60453
0.60532
0.606626
0.608126
0.60966
0.611149
0.61248
0.613664
0.614784
0.615779
0.616422
0.616626
0.616397
0.615734
0.614771
0.613666
0.612548
0.611642
0.611127
0.599181
0.599525
0.600139
0.601217
0.602525
0.603919
0.605385
0.60687
0.608298
0.609654
0.610858
0.611638
0.611886
0.611666
0.611109
0.610366
0.60954
0.608692
0.608031
0.607655
0.594371
0.594638
0.595135
0.596054
0.59724
0.59856
0.599986
0.60152
0.603124
0.604732
0.60619
0.607166
0.607555
0.607502
0.607162
0.606644
0.606027
0.605412
0.604933
0.604646
0.589557
0.589769
0.590183
0.590993
0.592101
0.593376
0.594798
0.596385
0.598131
0.59999
0.601752
0.603009
0.603653
0.603855
0.603756
0.603467
0.603065
0.602646
0.602309
0.602085
0.584649
0.584819
0.585174
0.585913
0.586978
0.588235
0.589691
0.59137
0.593284
0.595413
0.597539
0.599175
0.600161
0.600665
0.600832
0.600784
0.600603
0.600363
0.600145
0.599967
0.579556
0.579693
0.580007
0.580702
0.581754
0.58304
0.584568
0.586383
0.58852
0.590978
0.593549
0.595655
0.597052
0.597908
0.598379
0.59859
0.598628
0.598565
0.598448
0.598305
0.574186
0.574296
0.574582
0.575259
0.576332
0.577692
0.579339
0.581343
0.583773
0.586647
0.589765
0.592436
0.594317
0.595583
0.596397
0.596893
0.597167
0.59728
0.59725
0.597134
0.56844
0.568526
0.568797
0.56948
0.57061
0.572087
0.573906
0.57617
0.578971
0.582369
0.586155
0.589505
0.591963
0.593705
0.59491
0.595739
0.596275
0.596556
0.596606
0.596511
0.562204
0.562269
0.562533
0.563245
0.56447
0.566112
0.568167
0.570771
0.574044
0.578092
0.582693
0.586859
0.590002
0.592305
0.593962
0.595166
0.595991
0.596458
0.596584
0.596505
0.555346
0.55539
0.555655
0.556418
0.557779
0.559641
0.562008
0.565042
0.568912
0.573761
0.579352
0.584497
0.588454
0.59142
0.59361
0.59524
0.5964
0.597066
0.597267
0.597201
0.547709
0.547731
0.547997
0.548836
0.550377
0.552522
0.555285
0.558869
0.563481
0.569314
0.576104
0.582422
0.587343
0.591091
0.593916
0.59605
0.597591
0.598475
0.598749
0.598693
0.539061
0.539074
0.539357
0.540295
0.542069
0.544563
0.547836
0.552111
0.557646
0.564686
0.572925
0.580641
0.586705
0.591371
0.594942
0.597687
0.599664
0.600784
0.601132
0.601081
0.529124
0.529107
0.52944
0.530523
0.53259
0.535545
0.539463
0.544604
0.551288
0.559806
0.569794
0.57917
0.58658
0.59233
0.596777
0.600231
0.602713
0.604091
0.604512
0.604463
0.517579
0.517537
0.517919
0.519195
0.521631
0.525182
0.529918
0.536154
0.544272
0.554608
0.566696
0.578033
0.587014
0.594032
0.599506
0.603775
0.606836
0.608487
0.608975
0.608923
0.503928
0.503859
0.504321
0.505852
0.508776
0.513096
0.518891
0.52653
0.536456
0.549026
0.563628
0.577263
0.588056
0.596527
0.603202
0.608407
0.612104
0.614032
0.614576
0.614515
0.4875
0.487402
0.487993
0.489879
0.493455
0.498807
0.506004
0.515472
0.527697
0.543019
0.560611
0.576903
0.589763
0.599882
0.607906
0.61417
0.618552
0.620742
0.62132
0.621242
0.467329
0.467205
0.468002
0.470408
0.474905
0.48169
0.490801
0.502706
0.517882
0.536589
0.557702
0.577017
0.592193
0.604145
0.613641
0.621073
0.626149
0.628557
0.629136
0.629034
0.44196
0.441821
0.442958
0.446171
0.452066
0.46095
0.472779
0.487998
0.506981
0.529818
0.555016
0.577703
0.595396
0.60933
0.620424
0.629079
0.634783
0.637318
0.637855
0.637722
0.409022
0.408907
0.410667
0.415284
0.423505
0.435672
0.45149
0.471259
0.495112
0.522907
0.552738
0.579086
0.599435
0.615449
0.628193
0.638055
0.644227
0.64675
0.647193
0.647025
0.364263
0.364321
0.367459
0.375007
0.38755
0.405077
0.426813
0.452715
0.482631
0.516198
0.551122
0.581303
0.604373
0.622476
0.636862
0.647777
0.654126
0.656448
0.656752
0.656553
0.299719
0.300976
0.308659
0.322759
0.343225
0.369287
0.399362
0.433082
0.470168
0.510157
0.550438
0.584483
0.610217
0.630334
0.646172
0.657781
0.66397
0.665853
0.665983
0.665769
0.223258
0.225108
0.239828
0.264072
0.295632
0.331753
0.3709
0.412909
0.457619
0.504594
0.550958
0.589625
0.618635
0.641186
0.658619
0.670778
0.676523
0.678025
0.678101
0.677968
0.144434
0.150805
0.172546
0.2072
0.249283
0.295177
0.343348
0.393679
0.446066
0.500088
0.552622
0.595945
0.628172
0.653072
0.672175
0.684257
0.689051
0.69002
0.690038
0.68997
0.079905
0.0886683
0.115026
0.156809
0.207132
0.261339
0.317631
0.375738
0.435432
0.496209
0.554596
0.602223
0.637318
0.664075
0.68396
0.695732
0.700076
0.700937
0.700994
0.700979
0.0274306
0.0367979
0.0667585
0.113844
0.170378
0.231278
0.294431
0.359399
0.425755
0.492843
0.556756
0.608431
0.646177
0.674618
0.695185
0.706846
0.710915
0.711687
0.711788
0.711825
-0.0164283
-0.00677697
0.0256608
0.0767845
0.138416
0.204871
0.273842
0.344806
0.417162
0.490087
0.559225
0.614765
0.65505
0.685152
0.706553
0.718216
0.722048
0.722942
0.723076
0.723169
-0.0540492
-0.0442966
-0.0100134
0.0443367
0.110192
0.181389
0.255439
0.33173
0.409539
0.487889
0.561993
0.621296
0.664105
0.695869
0.718103
0.730012
0.734019
0.734958
0.735139
0.735254
-0.0871313
-0.0773621
-0.0416727
0.0153966
0.0847978
0.160092
0.238648
0.319749
0.402579
0.486027
0.564907
0.62789
0.673212
0.706682
0.729918
0.742352
0.746523
0.747501
0.747625
0.747765
-0.116985
-0.107202
-0.0703685
-0.0109529
0.0614932
0.140383
0.222959
0.308442
0.395938
0.484233
0.567737
0.634348
0.682184
0.717398
0.741707
0.754708
0.759148
0.760152
0.760277
0.760366
-0.144531
-0.134726
-0.0969177
-0.0354247
0.0397046
0.121788
0.207975
0.297466
0.38932
0.482237
0.570262
0.64048
0.690819
0.727757
0.753106
0.766673
0.771401
0.772432
0.772524
0.772583
-0.170359
-0.160506
-0.121805
-0.0585653
0.0189954
0.103942
0.193394
0.286558
0.382481
0.479832
0.572308
0.646122
0.698943
0.737549
0.763902
0.777964
0.782963
0.784002
0.784046
0.784069
-0.19497
-0.185018
-0.145444
-0.0806994
-0.000933132
0.0865763
0.178985
0.275519
0.375256
0.476859
0.573728
0.651173
0.706482
0.746697
0.773943
0.788378
0.793518
0.794564
0.794574
0.794563
-0.21868
-0.208543
-0.168226
-0.102022
-0.0202898
0.0695072
0.164596
0.264222
0.367512
0.473187
0.574413
0.655562
0.713404
0.755183
0.783181
0.797833
0.80303
0.804028
0.804002
0.803961
-0.241603
-0.23128
-0.190302
-0.122683
-0.0392188
0.0526378
0.150135
0.252575
0.35916
0.468715
0.574272
0.659247
0.719732
0.763059
0.791638
0.806354
0.811453
0.812404
0.812338
0.812272
-0.263946
-0.253371
-0.21168
-0.142797
-0.0577921
0.0359028
0.135554
0.240539
0.35016
0.463389
0.57322
0.662182
0.725514
0.770467
0.7995
0.814058
0.818928
0.819762
0.819657
0.819576
-0.285684
-0.274859
-0.232501
-0.162437
-0.0760377
0.0192869
0.120856
0.22812
0.340501
0.45716
0.571181
0.664311
0.73081
0.777571
0.806957
0.821101
0.825559
0.826219
0.826072
0.825973
-0.306875
-0.295787
-0.252723
-0.181606
-0.0939577
0.00279927
0.106059
0.21535
0.330205
0.450019
0.568094
0.665565
0.73563
0.784543
0.814316
0.82775
0.831492
0.831861
0.831666
0.831563
-0.327409
-0.316113
-0.272347
-0.200273
-0.111524
-0.0135077
0.0912088
0.202275
0.319321
0.441996
0.563907
0.665849
0.739933
0.791522
0.821943
0.834442
0.837007
0.836796
0.836524
0.836456
-0.347414
-0.335808
-0.291378
-0.218435
-0.128721
-0.0296096
0.0763824
0.188962
0.307917
0.433146
0.558599
0.66504
0.743592
0.798532
0.830213
0.841901
0.84279
0.841334
0.840788
0.840835
-0.366742
-0.354851
-0.309801
-0.236063
-0.145481
-0.0454325
0.0616492
0.175518
0.296088
0.423514
0.552185
0.663004
0.746407
0.805425
0.839296
0.850992
0.850227
0.846738
0.844828
0.844439
-0.385464
-0.3733
-0.327572
-0.253117
-0.161778
-0.0609149
0.0470846
0.162013
0.283934
0.413221
0.544707
0.659603
0.748106
0.811842
0.848856
0.862101
0.86124
0.85567
0.849592
0.842162
-0.403505
-0.391114
-0.344786
-0.26975
-0.177816
-0.0763183
0.0323709
0.148073
0.271039
0.40181
0.535692
0.65436
0.748302
0.817619
0.858518
0.875032
0.876512
0.869925
0.858411
0.85428
-0.42082
-0.408218
-0.361432
-0.285942
-0.19361
-0.091642
0.0175139
0.133671
0.257347
0.389145
0.524908
0.646835
0.746136
0.82195
0.866401
0.885978
0.889267
0.884665
0.846182
0.794754
-0.437143
-0.423828
-0.377364
-0.301625
-0.209269
-0.107056
0.00244879
0.118914
0.242898
0.375258
0.512238
0.63669
0.740364
0.824082
0.870082
0.886744
0.888743
0.865523
0.807919
0.746521
-0.452771
-0.438668
-0.392561
-0.316126
-0.224263
-0.122088
-0.0130474
0.103851
0.227838
0.360314
0.497689
0.623598
0.72961
0.824156
0.86702
0.897513
0.855162
0.80101
0.72741
0.660111
-0.438533
-0.420321
-0.369541
-0.288718
-0.190396
-0.0852563
0.0293022
0.149197
0.276755
0.413889
0.546843
0.6622
0.760845
0.859235
0.885124
0.797746
0.739466
0.668149
0.592514
0.543222
-0.462561
-0.445974
-0.409972
-0.338719
-0.247286
-0.14632
-0.0369209
0.0794518
0.202915
0.334559
0.470859
0.596232
0.701937
0.788816
0.861879
0.840213
0.70851
0.617862
0.550141
0.466084
-0.481676
-0.466053
-0.424357
-0.35172
-0.259801
-0.159253
-0.0509371
0.0645539
0.187143
0.317549
0.452516
0.576274
0.679106
0.754757
0.77873
0.689465
0.54161
0.440139
0.361386
0.272505
-0.501301
-0.488852
-0.44265
-0.368953
-0.276956
-0.175936
-0.0676454
0.0475832
0.16934
0.298357
0.430689
0.550021
0.643209
0.704616
0.678049
0.537308
0.378966
0.256983
0.155889
0.0198029
-0.524011
-0.511176
-0.462962
-0.388099
-0.295977
-0.19484
-0.0866882
0.0279871
0.148679
0.27586
0.404838
0.518473
0.601796
0.641583
0.577815
0.388373
0.202793
0.0470405
-0.0952742
-0.292247
-0.54568
-0.533238
-0.483917
-0.4078
-0.315295
-0.214233
-0.106504
0.00731766
0.126657
0.251555
0.376614
0.483687
0.559287
0.561943
0.4482
0.246224
0.0306741
-0.170745
-0.346479
-0.734523
-0.567449
-0.555377
-0.505599
-0.428591
-0.335777
-0.234731
-0.127449
-0.0145242
0.103306
0.225607
0.346251
0.445674
0.509183
0.478915
0.322804
0.119159
-0.0999243
-0.31215
-0.491218
-0.762707
-0.590142
-0.578225
-0.528274
-0.450742
-0.357746
-0.256715
-0.149854
-0.0378258
0.0783997
0.19786
0.31369
0.404818
0.452627
0.404856
0.210625
0.0141281
-0.185066
-0.353177
-0.426239
-0.465394
-0.614244
-0.602457
-0.552321
-0.47454
-0.381566
-0.280743
-0.174472
-0.0635931
0.0506676
0.166743
0.277004
0.3595
0.389643
0.305467
0.110565
-0.0737587
-0.240126
-0.347778
-0.386021
-0.394976
-0.63996
-0.628195
-0.577908
-0.500001
-0.407183
-0.30677
-0.201326
-0.0918826
0.0200117
0.13215
0.236057
0.309724
0.31209
0.198376
0.0188081
-0.151453
-0.292585
-0.348659
-0.360757
-0.365635
-0.667477
-0.655639
-0.605122
-0.527145
-0.434599
-0.3348
-0.230423
-0.122739
-0.0136058
0.0941128
0.190932
0.254851
0.232198
0.0983511
-0.0665544
-0.226343
-0.326833
-0.355591
-0.351843
-0.351939
-0.69651
-0.684871
-0.633937
-0.555943
-0.463785
-0.364792
-0.261752
-0.156151
-0.0501692
0.0526476
0.141934
0.193856
0.161914
0.00662208
-0.143659
-0.283782
-0.325301
-0.337712
-0.342663
-0.342924
-0.726908
-0.715256
-0.664141
-0.586231
-0.494614
-0.396649
-0.295226
-0.192041
-0.0896143
0.00793686
0.089284
0.129882
0.0912227
-0.0714574
-0.211104
-0.308518
-0.354328
-0.341135
-0.338138
-0.337823
-0.758148
-0.746487
-0.695437
-0.617696
-0.526801
-0.430125
-0.330618
-0.230201
-0.131724
-0.0396579
0.0334636
0.0653096
0.00577121
-0.139305
-0.264556
-0.318017
-0.332939
-0.334006
-0.334192
-0.333967
-0.789496
-0.777907
-0.726923
-0.649797
-0.559891
-0.464811
-0.367574
-0.270274
-0.176113
-0.089731
-0.024206
-0.00689444
-0.0749693
-0.197147
-0.297157
-0.320171
-0.327642
-0.33144
-0.331501
-0.331466
-0.819742
-0.808589
-0.757864
-0.681727
-0.593201
-0.500103
-0.405528
-0.311706
-0.222142
-0.141747
-0.0819063
-0.078037
-0.144328
-0.247173
-0.317806
-0.368252
-0.343538
-0.332794
-0.330748
-0.330308
-0.84743
-0.83677
-0.787105
-0.712257
-0.625801
-0.535163
-0.44372
-0.353762
-0.268964
-0.194683
-0.139345
-0.140157
-0.2066
-0.283555
-0.337983
-0.328828
-0.33284
-0.333806
-0.333072
-0.332551
-0.870873
-0.860898
-0.81275
-0.740214
-0.656461
-0.568901
-0.481156
-0.39551
-0.315591
-0.247132
-0.197113
-0.194888
-0.255726
-0.31294
-0.347917
-0.349606
-0.342962
-0.341472
-0.339751
-0.338891
-0.887737
-0.878667
-0.832887
-0.763664
-0.683664
-0.60009
-0.516665
-0.435825
-0.360969
-0.297876
-0.253479
-0.245191
-0.288464
-0.327713
-0.345497
-0.347373
-0.345841
-0.343859
-0.34304
-0.342559
-0.896012
-0.887721
-0.845446
-0.780697
-0.705649
-0.627215
-0.548998
-0.473417
-0.403944
-0.345803
-0.304989
-0.289406
-0.310358
-0.302445
-0.309884
-0.324951
-0.333984
-0.337092
-0.338689
-0.339406
-0.891257
-0.884552
-0.848782
-0.789478
-0.720777
-0.648751
-0.576737
-0.507108
-0.443245
-0.389822
-0.351344
-0.327983
-0.333899
-0.304196
-0.311267
-0.329764
-0.340194
-0.344094
-0.345332
-0.345649
-0.872453
-0.867834
-0.839882
-0.788702
-0.727793
-0.663458
-0.598644
-0.535593
-0.477567
-0.429196
-0.39391
-0.372509
-0.368887
-0.369705
-0.386062
-0.374549
-0.365504
-0.361789
-0.360168
-0.359448
-0.840063
-0.836741
-0.817866
-0.777418
-0.726194
-0.670774
-0.613931
-0.557786
-0.505593
-0.462161
-0.43473
-0.404688
-0.390848
-0.423956
-0.441836
-0.39995
-0.379112
-0.367367
-0.362711
-0.360878
-0.798779
-0.796667
-0.785965
-0.75778
-0.717108
-0.671206
-0.622564
-0.573134
-0.526185
-0.486688
-0.459759
-0.428677
-0.380241
-0.350251
-0.336723
-0.328588
-0.332635
-0.334228
-0.334939
-0.334839
-0.757148
-0.755899
-0.750581
-0.734184
-0.704183
-0.666624
-0.625499
-0.581964
-0.538711
-0.500426
-0.473012
-0.430593
-0.352476
-0.255644
-0.218225
-0.23425
-0.265767
-0.304264
-0.320455
-0.324993
-0.723892
-0.72323
-0.720509
-0.711141
-0.690375
-0.660336
-0.624782
-0.585396
-0.543967
-0.50408
-0.473383
-0.433418
-0.389983
-0.326935
-0.242122
-0.30295
-0.405173
-0.448902
-0.475822
-0.475104
-0.700481
-0.699764
-0.698326
-0.694571
-0.680348
-0.655478
-0.622923
-0.585398
-0.543632
-0.499227
-0.461226
-0.423972
-0.487586
-0.688989
-1.05013
-1.34977
-1.4313
-1.36077
-1.19946
-1.08664
-0.684651
-0.684408
-0.683831
-0.681907
-0.674113
-0.653179
-0.621804
-0.5836
-0.539249
-0.489705
-0.439499
-0.409212
-0.430128
-0.563193
-0.75001
-0.922988
-0.925859
-0.815592
-0.686669
-0.58971
-0.674868
-0.674807
-0.674425
-0.673713
-0.670007
-0.652777
-0.621599
-0.581107
-0.533344
-0.477443
-0.414271
-0.36951
-0.296719
-0.18637
-0.0249969
0.12489
0.292143
0.446424
0.539995
0.592696
-0.668674
-0.668648
-0.668388
-0.667979
-0.666443
-0.654069
-0.623048
-0.579682
-0.527476
-0.463738
-0.387507
-0.306615
-0.183104
0.0800387
0.442137
0.817411
1.15462
1.35842
1.45008
1.48102
-0.664612
-0.66468
-0.664767
-0.664905
-0.664145
-0.656557
-0.626668
-0.580681
-0.522495
-0.452347
-0.364201
-0.261131
-0.119702
0.18586
0.597329
0.998254
1.3472
1.56412
1.65118
1.66849
-0.660803
-0.66091
-0.660908
-0.660724
-0.66082
-0.657177
-0.632145
-0.583829
-0.521614
-0.446146
-0.352927
-0.244836
-0.124776
0.147953
0.499214
0.827313
1.10527
1.27148
1.33431
1.34879
-0.658749
-0.65908
-0.659638
-0.660456
-0.660667
-0.660986
-0.639655
-0.588688
-0.524949
-0.44716
-0.354751
-0.252192
-0.153556
0.0655957
0.344072
0.575543
0.750862
0.85305
0.900102
0.919529
-0.656725
-0.657951
-0.660684
-0.66787
-0.679546
-0.681268
-0.648935
-0.594765
-0.53377
-0.457188
-0.367615
-0.272508
-0.189479
-0.0256531
0.185715
0.360034
0.489564
0.571418
0.614079
0.633505
-0.665206
-0.666562
-0.668302
-0.667308
-0.661828
-0.653064
-0.63147
-0.599905
-0.548916
-0.472708
-0.385326
-0.301526
-0.230795
-0.102571
0.0695001
0.212597
0.323406
0.400888
0.441859
0.457694
-0.705791
-0.706037
-0.702959
-0.673603
-0.606636
-0.554515
-0.584123
-0.609913
-0.570733
-0.492448
-0.405244
-0.328559
-0.266357
-0.168068
-0.0301751
0.0922573
0.188623
0.259539
0.296004
0.308062
-0.763566
-0.760234
-0.75862
-0.748903
-0.724674
-0.6999
-0.702072
-0.685432
-0.609943
-0.515639
-0.423422
-0.35297
-0.29975
-0.222002
-0.106481
-0.00655745
0.0727229
0.130188
0.158112
0.166771
-0.893112
-0.892125
-0.927163
-0.991456
-1.03816
-1.02722
-0.967099
-0.825626
-0.670181
-0.539104
-0.437337
-0.367635
-0.317425
-0.256686
-0.163875
-0.0850009
-0.0217398
0.022157
0.0432999
0.0474921
-1.04637
-1.05465
-1.10176
-1.1636
-1.20273
-1.19229
-1.11356
-0.911822
-0.707085
-0.54921
-0.4392
-0.369429
-0.323193
-0.274719
-0.203746
-0.142685
-0.0948242
-0.0623233
-0.0471943
-0.0433784
-1.04806
-1.05883
-1.0927
-1.1347
-1.16427
-1.15446
-1.06878
-0.86775
-0.675109
-0.524714
-0.421894
-0.358817
-0.318661
-0.282272
-0.233195
-0.187713
-0.152095
-0.128864
-0.118404
-0.116705
-0.842203
-0.853996
-0.885161
-0.927534
-0.961816
-0.957717
-0.870226
-0.716954
-0.574203
-0.462388
-0.383152
-0.333718
-0.304577
-0.280769
-0.247411
-0.21761
-0.195435
-0.182191
-0.176974
-0.176875
-0.493562
-0.502861
-0.525987
-0.561695
-0.597463
-0.6101
-0.576637
-0.510607
-0.438717
-0.378049
-0.330162
-0.298419
-0.28015
-0.266803
-0.2487
-0.236296
-0.229246
-0.227059
-0.227542
-0.228001
-0.157551
-0.162843
-0.176712
-0.203419
-0.240644
-0.277761
-0.299112
-0.307623
-0.303581
-0.289422
-0.271222
-0.255322
-0.243913
-0.238953
-0.237735
-0.240324
-0.246274
-0.253206
-0.257562
-0.258124
0.0539408
0.0510192
0.0424381
0.0216253
-0.0150244
-0.0651576
-0.118483
-0.162319
-0.193723
-0.210682
-0.215925
-0.212378
-0.205183
-0.206099
-0.217369
-0.230437
-0.243833
-0.253935
-0.258542
-0.259044
0.138322
0.136476
0.130502
0.113879
0.0816684
0.0335765
-0.0223712
-0.0759695
-0.12027
-0.152339
-0.17158
-0.179131
-0.178933
-0.18537
-0.200372
-0.214659
-0.22644
-0.234415
-0.237209
-0.237703
0.14855
0.14736
0.142989
0.130464
0.105632
0.067658
0.0212581
-0.0278099
-0.0734623
-0.111655
-0.140508
-0.160762
-0.173751
-0.182663
-0.190407
-0.196893
-0.2028
-0.205969
-0.206867
-0.207399
0.128642
0.12797
0.124941
0.116127
0.0983988
0.070736
0.035116
-0.00510905
-0.0453157
-0.0831708
-0.117673
-0.150369
-0.179164
-0.186762
-0.182275
-0.180551
-0.178762
-0.177686
-0.177343
-0.177843
0.101061
0.100768
0.0988161
0.09292
0.0807779
0.061345
0.0352578
0.00412716
-0.0292903
-0.0631192
-0.0974724
-0.13405
-0.167909
-0.171955
-0.16313
-0.156559
-0.154034
-0.152926
-0.152885
-0.153432
0.0741561
0.0741194
0.0729962
0.0692792
0.0612957
0.0480772
0.0296348
0.00683055
-0.0188927
-0.0463277
-0.0754298
-0.104951
-0.128932
-0.130554
-0.12829
-0.128796
-0.130675
-0.132637
-0.133732
-0.134111
0.0506484
0.050694
0.0501099
0.0479114
0.0429248
0.0343691
0.0220526
0.00639496
-0.0117729
-0.0312635
-0.0508505
-0.0688006
-0.0792001
-0.0807093
-0.0880466
-0.0963302
-0.104356
-0.110053
-0.112382
-0.112547
0.0302854
0.0304324
0.0301891
0.0290965
0.0262813
0.0213599
0.0140568
0.00458735
-0.00653593
-0.0184212
-0.0291482
-0.0339539
-0.0314593
-0.0334302
-0.0472383
-0.0605215
-0.0713573
-0.0782163
-0.0808286
-0.0808704
0.00368736
0.00369336
0.00378177
0.00394955
0.00366141
0.00291306
0.00169303
0.000292461
-0.00132896
-0.00285479
-0.00265237
0.000406458
0.00264756
-0.00136252
-0.00614974
-0.0095403
-0.0114164
-0.0123179
-0.0122668
-0.0369041
-1.14032
-0.468699
-0.0209582
0.235746
0.419378
0.559178
0.666567
0.7526
0.845978
0.937298
-0.100487
0.0917898
0.267347
0.41502
0.537995
0.637599
0.718246
0.784288
0.825367
0.828888
0.226924
0.340713
0.452191
0.551213
0.636038
0.707327
0.765651
0.810023
0.838635
0.855998
0.433921
0.511338
0.588012
0.658161
0.719133
0.771165
0.814028
0.847718
0.873431
0.89235
0.586061
0.638407
0.696725
0.748867
0.794664
0.834507
0.868384
0.896558
0.919698
0.936582
0.706575
0.746951
0.792067
0.831622
0.86836
0.901192
0.929984
0.954634
0.975294
0.989466
0.808233
0.842344
0.878924
0.912782
0.944663
0.973971
1.00007
1.02248
1.04102
1.05271
0.900705
0.931515
0.965186
0.997529
1.02804
1.05618
1.08114
1.10229
1.11915
1.12864
0.99121
1.0236
1.05872
1.09256
1.12371
1.15186
1.17632
1.19654
1.21194
1.22012
1.09286
1.13026
1.16843
1.20458
1.23653
1.26431
1.28767
1.30661
1.32071
1.32917
1.21959
1.26189
1.30101
1.3368
1.36714
1.39276
1.41426
1.43184
1.44532
1.45547
1.38099
1.42241
1.45607
1.48558
1.51007
1.53155
1.55111
1.5685
1.58322
1.59591
1.57133
1.6021
1.62332
1.64242
1.66045
1.67766
1.69385
1.70965
1.72615
1.74307
1.76913
1.78052
1.79155
1.80563
1.81989
1.83272
1.84407
1.85491
1.86781
1.88468
1.9549
1.9648
1.97344
1.97588
1.97674
1.981
1.99178
2.00771
2.02533
2.02992
2.25593
2.20052
2.14969
2.10944
2.08704
2.08299
2.09648
2.13028
2.18671
2.26227
0.846097
0.787403
0.744927
0.711071
0.686419
0.668873
0.656374
0.647462
0.641373
0.637924
0.637574
0.640472
0.64594
0.653899
0.664837
0.679902
0.700919
0.73002
0.768787
0.816615
0.64764
0.656401
0.661938
0.662764
0.659286
0.653249
0.646828
0.641374
0.637562
0.635946
0.637159
0.640787
0.646093
0.652588
0.659368
0.664649
0.666281
0.663049
0.655719
0.648051
0.624661
0.626692
0.631298
0.634813
0.63733
0.638765
0.638487
0.636765
0.634597
0.633059
0.633115
0.63498
0.637733
0.640381
0.64188
0.641557
0.639713
0.636922
0.632878
0.628497
0.617727
0.618594
0.62108
0.623798
0.625815
0.627183
0.628179
0.628646
0.628527
0.628308
0.628704
0.629832
0.630962
0.63147
0.631188
0.630359
0.628962
0.626735
0.624104
0.622141
0.612044
0.612506
0.613905
0.615931
0.617878
0.619463
0.620619
0.621535
0.622282
0.622899
0.623582
0.624275
0.62464
0.624579
0.624134
0.623191
0.621702
0.619889
0.618252
0.617239
0.60682
0.607107
0.608028
0.609504
0.611138
0.612752
0.614191
0.615386
0.61644
0.61744
0.618338
0.618944
0.61915
0.618967
0.61834
0.617304
0.616036
0.614737
0.613661
0.613039
0.601803
0.602004
0.602696
0.603876
0.605269
0.606725
0.608215
0.609645
0.610955
0.61219
0.613285
0.613989
0.614207
0.613961
0.613328
0.61247
0.611515
0.610539
0.609766
0.60933
0.596919
0.597071
0.597621
0.598612
0.599853
0.601206
0.602651
0.604164
0.605688
0.607169
0.608494
0.609364
0.609666
0.609514
0.609062
0.60843
0.607711
0.606983
0.606419
0.606092
0.592086
0.592205
0.592656
0.593515
0.594658
0.595955
0.597376
0.598933
0.600607
0.602339
0.603943
0.605048
0.60555
0.605618
0.605398
0.604992
0.60448
0.603963
0.60356
0.603308
0.587211
0.587308
0.587689
0.588459
0.589541
0.590806
0.592243
0.593871
0.595694
0.597682
0.599617
0.601052
0.601857
0.602204
0.602236
0.602064
0.60177
0.601441
0.601166
0.600967
0.582202
0.582282
0.582614
0.583326
0.58438
0.585649
0.587139
0.58888
0.590896
0.59318
0.595517
0.597377
0.598558
0.599232
0.599549
0.599624
0.599554
0.599399
0.599232
0.599073
0.576966
0.577032
0.57733
0.578011
0.579068
0.580391
0.581975
0.583877
0.58615
0.588803
0.591633
0.594009
0.595636
0.59669
0.597332
0.597676
0.597831
0.597851
0.597779
0.597651
0.571406
0.571461
0.571738
0.572413
0.573509
0.574927
0.576657
0.578781
0.581384
0.584504
0.58794
0.590935
0.59309
0.594585
0.595594
0.596244
0.596644
0.596839
0.59685
0.596745
0.565417
0.565463
0.565728
0.566421
0.567593
0.569152
0.571086
0.573508
0.576529
0.580234
0.584408
0.588147
0.590929
0.592941
0.594371
0.595381
0.596048
0.596418
0.596507
0.596421
0.558875
0.558913
0.559176
0.559908
0.561194
0.562946
0.565153
0.567958
0.57151
0.575937
0.581009
0.585643
0.589172
0.591794
0.593717
0.595122
0.596097
0.596661
0.596825
0.596754
0.551634
0.551663
0.551933
0.552727
0.554167
0.556173
0.558732
0.562023
0.566242
0.571556
0.577718
0.583424
0.587839
0.591182
0.593688
0.595552
0.596882
0.597656
0.597895
0.597835
0.54351
0.543536
0.543822
0.544692
0.546335
0.548659
0.551669
0.555577
0.560623
0.567027
0.574507
0.581495
0.58696
0.591149
0.594346
0.596762
0.5985
0.599501
0.599815
0.599762
0.534259
0.534282
0.534596
0.535572
0.537473
0.540202
0.543787
0.548467
0.554543
0.562282
0.571355
0.579866
0.586573
0.591761
0.595769
0.598838
0.601046
0.602296
0.602684
0.602635
0.523567
0.523582
0.523934
0.525056
0.527289
0.530554
0.534864
0.540516
0.547873
0.557252
0.568241
0.578559
0.586723
0.593085
0.598044
0.601863
0.604618
0.606137
0.606596
0.606547
0.511045
0.511054
0.51145
0.512767
0.515433
0.519383
0.524621
0.53151
0.540476
0.551869
0.565158
0.577602
0.587456
0.595177
0.601251
0.605936
0.609304
0.611101
0.611623
0.611568
0.49612
0.496125
0.496584
0.498169
0.501412
0.506266
0.512718
0.521204
0.532205
0.546078
0.562111
0.577031
0.588827
0.598094
0.605458
0.611123
0.615158
0.61723
0.617799
0.617731
0.478002
0.478002
0.478557
0.480528
0.484568
0.490655
0.498736
0.509326
0.522929
0.539855
0.559138
0.576898
0.590889
0.601903
0.61067
0.617453
0.622186
0.624504
0.625094
0.625006
0.455495
0.455491
0.456214
0.458787
0.464001
0.471843
0.482189
0.495613
0.512568
0.533238
0.556322
0.577284
0.5937
0.606627
0.616938
0.624913
0.630321
0.632819
0.63339
0.633274
0.426808
0.426804
0.42782
0.431391
0.438478
0.448957
0.462578
0.479886
0.501156
0.526364
0.553812
0.578302
0.597315
0.612279
0.624223
0.633424
0.6394
0.641962
0.642467
0.642316
0.388813
0.388828
0.390486
0.396003
0.406412
0.421088
0.439577
0.462191
0.488921
0.519503
0.551831
0.580084
0.6018
0.618861
0.632473
0.642807
0.649144
0.651605
0.65199
0.651803
0.335543
0.335796
0.339592
0.349602
0.366213
0.387802
0.413377
0.442982
0.476356
0.513069
0.55065
0.58277
0.607199
0.62633
0.641532
0.652775
0.659153
0.661327
0.661558
0.661341
0.259222
0.261618
0.272751
0.292417
0.319402
0.35063
0.385242
0.423101
0.463955
0.507347
0.550523
0.58673
0.614036
0.635378
0.652191
0.664112
0.670293
0.672095
0.672189
0.671975
0.178024
0.18455
0.204321
0.234317
0.272182
0.313339
0.35702
0.403202
0.451761
0.502275
0.551755
0.592798
0.623485
0.647379
0.665965
0.6783
0.683728
0.684951
0.684951
0.684805
0.108344
0.115275
0.141789
0.180553
0.227655
0.277919
0.330282
0.384593
0.440694
0.498133
0.55363
0.599142
0.632849
0.658817
0.678497
0.690452
0.695135
0.69611
0.696131
0.696025
0.0513878
0.0585752
0.0891917
0.134199
0.188186
0.245904
0.305759
0.367404
0.43051
0.494496
0.55568
0.605358
0.641809
0.669486
0.689867
0.701601
0.705889
0.706757
0.706816
0.706744
0.00411007
0.0116088
0.0447521
0.0945072
0.153949
0.217729
0.283886
0.351941
0.421366
0.491424
0.557982
0.611604
0.650627
0.679936
0.70109
0.712794
0.716809
0.717655
0.717761
0.717718
-0.035915
-0.028257
0.006641
0.059957
0.123971
0.192875
0.264451
0.338146
0.413284
0.488963
0.560609
0.61804
0.659591
0.69056
0.712498
0.724342
0.728477
0.729261
0.729393
0.729364
-0.070726
-0.0629765
-0.0268295
0.0294399
0.097253
0.170561
0.246918
0.325669
0.40603
0.486962
0.563472
0.624622
0.66869
0.701323
0.72417
0.736456
0.74072
0.741502
0.74164
0.741626
-0.101837
-0.0940026
-0.0568485
0.00193813
0.0729777
0.150119
0.23073
0.314067
0.399268
0.485166
0.566371
0.631172
0.67775
0.712103
0.735992
0.748792
0.753265
0.754067
0.754176
0.75416
-0.130233
-0.122329
-0.084329
-0.0233563
0.0504856
0.13101
0.215432
0.302959
0.392669
0.483298
0.56907
0.637487
0.686579
0.722677
0.747594
0.760935
0.765639
0.766499
0.766588
0.766576
-0.156708
-0.148714
-0.109908
-0.047101
0.0292754
0.112826
0.200677
0.292042
0.385962
0.481116
0.571375
0.64339
0.694969
0.732751
0.758677
0.772572
0.777494
0.77844
0.778493
0.778463
-0.181746
-0.173641
-0.13407
-0.0697206
0.00898213
0.0952428
0.186203
0.281087
0.378945
0.478443
0.573121
0.648742
0.702807
0.742231
0.769071
0.783425
0.788511
0.789505
0.789521
0.78947
-0.20575
-0.197492
-0.157134
-0.0914301
-0.0106445
0.0780374
0.171816
0.269929
0.371473
0.475134
0.574184
0.65347
0.710034
0.751041
0.778705
0.793345
0.798522
0.799518
0.799496
0.79942
-0.228897
-0.220493
-0.179546
-0.112407
-0.0297782
0.061076
0.157396
0.258463
0.363432
0.471069
0.574465
0.657511
0.716656
0.759208
0.787525
0.802277
0.807455
0.808433
0.808362
0.808267
-0.25138
-0.242775
-0.201227
-0.132788
-0.0485245
0.0442736
0.142874
0.246621
0.35476
0.466175
0.573879
0.660824
0.7227
0.766828
0.795661
0.810353
0.815387
0.816278
0.816182
0.816066
-0.273269
-0.264516
-0.222262
-0.152665
-0.066935
0.0275974
0.128233
0.234393
0.345422
0.460396
0.572338
0.663361
0.728234
0.774063
0.803284
0.817682
0.822404
0.823168
0.823023
0.822902
-0.294608
-0.28567
-0.242765
-0.172077
-0.0850253
0.011043
0.113476
0.221788
0.335437
0.453714
0.569781
0.665062
0.733293
0.781079
0.810649
0.824483
0.828645
0.82919
0.82901
0.828877
-0.31536
-0.306261
-0.262667
-0.191002
-0.102775
-0.00536887
0.0986483
0.208852
0.324841
0.446125
0.566148
0.665846
0.737866
0.78804
0.818091
0.831079
0.834307
0.834445
0.834214
0.834094
-0.335513
-0.326237
-0.281979
-0.209422
-0.12016
-0.021584
0.0838002
0.19565
0.313686
0.43768
0.561398
0.665598
0.741869
0.795041
0.825998
0.838044
0.839831
0.839113
0.838751
0.838708
-0.355068
-0.345602
-0.300699
-0.227322
-0.137151
-0.0375444
0.0690067
0.182261
0.302054
0.428424
0.555538
0.664192
0.745137
0.802025
0.834679
0.846218
0.84621
0.843851
0.842898
0.843088
-0.373965
-0.364312
-0.318797
-0.244673
-0.15369
-0.0532067
0.0543405
0.168767
0.290043
0.418444
0.548576
0.661489
0.747435
0.808737
0.844083
0.85633
0.85526
0.850662
0.847854
0.847196
-0.392239
-0.382407
-0.336265
-0.261482
-0.16981
-0.0685866
0.0397804
0.15514
0.277632
0.407714
0.540446
0.65727
0.748471
0.814854
0.853763
0.868447
0.868515
0.86252
0.854692
0.83988
-0.409921
-0.399887
-0.353208
-0.277929
-0.185749
-0.083979
0.0249594
0.140937
0.264296
0.395635
0.530532
0.650912
0.747621
0.820037
0.86286
0.881011
0.883835
0.875105
0.865608
0.821582
-0.427271
-0.416366
-0.369531
-0.293892
-0.20143
-0.0993007
0.0100327
0.126358
0.250233
0.382369
0.518825
0.642124
0.743848
0.823331
0.868982
0.887805
0.889841
0.882048
0.830461
0.771321
-0.445269
-0.430799
-0.385008
-0.30922
-0.217065
-0.114789
-0.00527143
0.111397
0.235418
0.367883
0.505166
0.630513
0.735723
0.82433
0.869129
0.874569
0.877567
0.840367
0.773453
0.709226
-0.463028
-0.465811
-0.405759
-0.321595
-0.229368
-0.127486
-0.020321
0.0967162
0.220598
0.352964
0.490183
0.616265
0.722687
0.824315
0.832073
0.845746
0.817707
0.750292
0.673643
0.602875
-0.43893
-0.43754
-0.378489
-0.294616
-0.197295
-0.0921871
0.0199333
0.139687
0.266974
0.403732
0.536232
0.651381
0.748355
0.845401
0.848532
0.74373
0.655265
0.584781
0.510144
0.368153
-0.478755
-0.452772
-0.390837
-0.30609
-0.209232
-0.104165
0.00740123
0.126623
0.253125
0.388658
0.519143
0.631644
0.719539
0.782171
0.746807
0.609335
0.485547
0.400716
0.315373
0.154325
-0.502384
-0.471672
-0.408907
-0.324757
-0.22778
-0.122875
-0.0110678
0.10743
0.232701
0.366151
0.493516
0.600637
0.679492
0.706985
0.622995
0.455187
0.312879
0.207327
0.0911792
-0.140749
-0.525395
-0.492405
-0.428508
-0.343698
-0.246656
-0.141855
-0.0303884
0.087214
0.210997
0.34188
0.46502
0.564788
0.631746
0.623605
0.484165
0.294091
0.12095
-0.0224617
-0.182901
-0.562191
-0.547425
-0.513636
-0.448738
-0.363043
-0.265927
-0.161335
-0.0505226
0.0660424
0.188104
0.315983
0.433972
0.525165
0.573392
0.535515
0.348778
0.139492
-0.0745804
-0.253567
-0.499902
-1.03934
-0.569251
-0.53543
-0.469879
-0.383609
-0.28635
-0.182005
-0.0718496
0.0435621
0.163655
0.288108
0.4003
0.482929
0.510885
0.422213
0.224632
0.00886551
-0.208413
-0.408523
-0.574956
-1.1537
-0.592004
-0.558131
-0.492224
-0.405644
-0.308283
-0.204163
-0.0946457
0.0195595
0.137507
0.258193
0.36418
0.437105
0.439582
0.308106
0.11747
-0.0880301
-0.27581
-0.404671
-0.438442
-0.48504
-0.616106
-0.582194
-0.516084
-0.429425
-0.332154
-0.228435
-0.119744
-0.00704792
0.108316
0.224517
0.323871
0.383393
0.363466
0.202932
0.0203642
-0.160296
-0.305942
-0.367917
-0.390589
-0.396304
-0.641905
-0.607792
-0.541553
-0.454938
-0.357933
-0.254817
-0.147233
-0.0363868
0.0759578
0.187011
0.279001
0.323005
0.287371
0.104919
-0.0683664
-0.227004
-0.337176
-0.36383
-0.365005
-0.365389
-0.669491
-0.635074
-0.56868
-0.482172
-0.385591
-0.283314
-0.177113
-0.0684623
0.0403971
0.145748
0.229243
0.260579
0.192435
0.0150324
-0.149453
-0.289364
-0.336408
-0.350689
-0.35199
-0.351598
-0.698759
-0.663978
-0.597431
-0.51112
-0.415119
-0.313903
-0.209372
-0.103281
0.00166367
0.100799
0.175221
0.192265
0.0936558
-0.0680027
-0.218172
-0.32836
-0.341998
-0.341855
-0.34297
-0.342656
-0.72925
-0.694312
-0.627626
-0.541619
-0.446388
-0.346485
-0.243934
-0.140783
-0.0401285
0.0523805
0.117878
0.117075
0.00797092
-0.141317
-0.272819
-0.312407
-0.334315
-0.337603
-0.337937
-0.337698
-0.76062
-0.725367
-0.658912
-0.573374
-0.479142
-0.380835
-0.280588
-0.180748
-0.0847434
0.00105625
0.0569279
0.0444913
-0.0714153
-0.201948
-0.308531
-0.349428
-0.337877
-0.334529
-0.334059
-0.333851
-0.791937
-0.756723
-0.690748
-0.605891
-0.512946
-0.416561
-0.318975
-0.222803
-0.131816
-0.0524298
-0.0076634
-0.0220214
-0.142194
-0.248541
-0.327615
-0.325375
-0.33018
-0.331398
-0.331509
-0.331389
-0.822213
-0.787529
-0.722017
-0.638447
-0.547161
-0.453095
-0.35855
-0.266357
-0.180701
-0.107495
-0.0699334
-0.0885469
-0.200876
-0.290482
-0.315585
-0.33615
-0.333439
-0.331449
-0.330466
-0.330124
-0.849863
-0.816151
-0.751874
-0.669987
-0.5809
-0.489629
-0.398574
-0.310653
-0.230404
-0.16342
-0.126815
-0.159246
-0.247453
-0.318678
-0.327634
-0.331719
-0.333799
-0.333423
-0.332798
-0.332236
-0.873202
-0.840954
-0.778574
-0.699282
-0.613033
-0.525137
-0.438075
-0.354758
-0.279767
-0.219075
-0.183114
-0.219248
-0.284435
-0.339254
-0.372098
-0.353157
-0.342836
-0.340449
-0.339251
-0.338591
-0.889946
-0.859835
-0.800213
-0.724599
-0.642178
-0.558419
-0.475903
-0.39757
-0.327719
-0.272935
-0.24023
-0.266033
-0.303634
-0.355643
-0.360964
-0.347917
-0.344654
-0.343388
-0.342712
-0.342545
-0.897776
-0.870326
-0.814927
-0.744077
-0.66672
-0.588121
-0.510878
-0.437848
-0.373197
-0.323487
-0.290378
-0.304629
-0.303432
-0.312363
-0.317461
-0.329896
-0.335834
-0.338001
-0.339165
-0.339509
-0.893746
-0.870582
-0.820889
-0.755983
-0.685075
-0.61277
-0.541617
-0.474391
-0.41503
-0.369602
-0.331145
-0.338523
-0.319649
-0.29805
-0.316105
-0.335539
-0.342634
-0.344895
-0.345566
-0.345622
-0.874595
-0.857347
-0.816257
-0.759044
-0.695985
-0.631122
-0.566883
-0.505867
-0.452019
-0.410527
-0.374946
-0.372294
-0.366814
-0.366393
-0.37754
-0.369117
-0.363132
-0.360861
-0.359702
-0.359355
-0.841924
-0.830024
-0.799692
-0.75268
-0.698831
-0.64254
-0.585736
-0.531083
-0.4826
-0.445497
-0.413129
-0.400294
-0.403022
-0.437121
-0.415269
-0.38852
-0.371789
-0.364525
-0.361546
-0.360501
-0.80038
-0.792989
-0.774064
-0.738431
-0.694589
-0.647227
-0.597899
-0.549218
-0.505219
-0.471539
-0.442721
-0.407202
-0.359973
-0.34586
-0.331053
-0.329366
-0.334079
-0.334665
-0.334985
-0.33455
-0.758355
-0.754172
-0.74404
-0.720556
-0.686085
-0.64661
-0.603989
-0.560164
-0.518752
-0.484883
-0.455353
-0.399321
-0.300757
-0.226488
-0.222348
-0.24758
-0.288185
-0.314638
-0.323762
-0.325111
-0.724603
-0.722387
-0.717064
-0.702134
-0.676344
-0.642927
-0.605549
-0.564937
-0.52341
-0.487087
-0.460813
-0.413914
-0.367021
-0.277113
-0.24353
-0.363427
-0.429941
-0.467394
-0.475212
-0.480852
-0.70018
-0.699143
-0.697156
-0.688951
-0.669004
-0.640033
-0.604956
-0.564855
-0.521658
-0.478425
-0.447537
-0.442062
-0.560715
-0.853382
-1.23749
-1.4127
-1.41547
-1.28049
-1.13486
-1.0656
-0.684584
-0.68414
-0.683383
-0.679356
-0.665167
-0.638599
-0.603359
-0.562222
-0.515523
-0.462881
-0.423747
-0.402275
-0.488891
-0.647497
-0.85267
-0.946563
-0.877783
-0.749904
-0.631479
-0.570244
-0.674867
-0.674655
-0.674037
-0.672611
-0.663379
-0.638594
-0.602205
-0.558403
-0.506147
-0.445577
-0.388475
-0.330685
-0.248702
-0.108524
0.0515595
0.206081
0.375176
0.500423
0.571708
0.605127
-0.668687
-0.668546
-0.668142
-0.667963
-0.662368
-0.640512
-0.602677
-0.554751
-0.497247
-0.427263
-0.344089
-0.259862
-0.0729579
0.258646
0.626713
0.997652
1.27594
1.41364
1.47143
1.48618
-0.664646
-0.664714
-0.664841
-0.665061
-0.662644
-0.644109
-0.605275
-0.553044
-0.48962
-0.409647
-0.312694
-0.212724
0.00874297
0.387841
0.799555
1.18372
1.47518
1.6208
1.66493
1.67032
-0.660872
-0.660921
-0.660827
-0.6603
-0.65941
-0.648153
-0.610095
-0.554351
-0.485546
-0.401495
-0.299477
-0.194144
-0.0138598
0.325133
0.666134
0.97668
1.20503
1.31219
1.34503
1.35034
-0.658909
-0.659313
-0.660087
-0.660629
-0.661199
-0.654567
-0.616538
-0.558214
-0.488066
-0.40235
-0.303572
-0.203568
-0.0641506
0.208951
0.466128
0.671033
0.811446
0.881359
0.91242
0.923187
-0.657342
-0.658926
-0.663558
-0.673265
-0.684613
-0.670086
-0.622925
-0.565562
-0.49819
-0.412575
-0.319536
-0.228927
-0.122215
0.0821107
0.27871
0.429695
0.536731
0.596304
0.626366
0.637135
-0.665965
-0.667354
-0.668537
-0.664868
-0.659605
-0.643199
-0.617091
-0.577685
-0.513778
-0.428202
-0.342979
-0.263253
-0.17956
-0.0151146
0.145563
0.271207
0.367465
0.425249
0.452413
0.459963
-0.706037
-0.705578
-0.694466
-0.643683
-0.574422
-0.558135
-0.604004
-0.59673
-0.534465
-0.447757
-0.365356
-0.293888
-0.228159
-0.0997378
0.0344939
0.142971
0.228572
0.281651
0.30442
0.309197
-0.761973
-0.759156
-0.756854
-0.734863
-0.712473
-0.693197
-0.703694
-0.651414
-0.564006
-0.467411
-0.384672
-0.322109
-0.270804
-0.165535
-0.0534341
0.0351589
0.105186
0.147504
0.164146
0.166287
-0.88977
-0.905301
-0.956215
-1.01997
-1.04096
-1.00309
-0.906352
-0.745337
-0.602081
-0.483933
-0.397528
-0.337975
-0.292567
-0.211326
-0.122077
-0.0515694
0.00351079
0.0349455
0.0470994
0.0472645
-1.04458
-1.07472
-1.13395
-1.18712
-1.20601
-1.16156
-1.02356
-0.805222
-0.622536
-0.487801
-0.398857
-0.343426
-0.300729
-0.2386
-0.171904
-0.117016
-0.0763109
-0.0526744
-0.0445413
-0.0445659
-1.05112
-1.07267
-1.11368
-1.15227
-1.16645
-1.12388
-0.975278
-0.76693
-0.594546
-0.466762
-0.385723
-0.336598
-0.302117
-0.258186
-0.209389
-0.168531
-0.138679
-0.122309
-0.116632
-0.117832
-0.845657
-0.867354
-0.905698
-0.947297
-0.966583
-0.927518
-0.794539
-0.643288
-0.514204
-0.418178
-0.354899
-0.3173
-0.293676
-0.264384
-0.231724
-0.205503
-0.187507
-0.178792
-0.176388
-0.177786
-0.497049
-0.512561
-0.542796
-0.58044
-0.608242
-0.599924
-0.545421
-0.473998
-0.407094
-0.351885
-0.31221
-0.287905
-0.2743
-0.257433
-0.241761
-0.232238
-0.22748
-0.227278
-0.227706
-0.228578
-0.159857
-0.168346
-0.18826
-0.221227
-0.260014
-0.2905
-0.305287
-0.306579
-0.297616
-0.280121
-0.262855
-0.248982
-0.240927
-0.237591
-0.238477
-0.242967
-0.249837
-0.255989
-0.25809
-0.25841
0.052526
0.0478949
0.0338134
0.00533165
-0.0388574
-0.092278
-0.141766
-0.179594
-0.20366
-0.214577
-0.215076
-0.208843
-0.203662
-0.211032
-0.223934
-0.237332
-0.249431
-0.256988
-0.259019
-0.259218
0.137383
0.134434
0.12383
0.0998853
0.0593265
0.00594156
-0.0497935
-0.0994846
-0.137628
-0.163599
-0.176617
-0.179492
-0.180136
-0.192864
-0.207575
-0.220843
-0.231243
-0.236285
-0.237548
-0.237909
0.148
0.145882
0.137999
0.119741
0.088119
0.0451721
-0.00320634
-0.051306
-0.0934195
-0.127345
-0.151547
-0.168227
-0.178412
-0.186666
-0.193548
-0.19996
-0.204867
-0.206552
-0.207119
-0.207659
0.128383
0.126953
0.121447
0.108501
0.0857386
0.0537887
0.0153262
-0.02534
-0.0644556
-0.101005
-0.133981
-0.165939
-0.186385
-0.184013
-0.182078
-0.179373
-0.17816
-0.177368
-0.177532
-0.178127
0.100994
0.100131
0.0964979
0.087729
0.0719545
0.0491083
0.0201421
-0.0123941
-0.0461143
-0.0802102
-0.115545
-0.152967
-0.174505
-0.168161
-0.158489
-0.155197
-0.15331
-0.152793
-0.153122
-0.153719
0.0741607
0.0737834
0.0715621
0.0658972
0.0553494
0.039518
0.0186361
-0.00570749
-0.0324116
-0.0608605
-0.090096
-0.119169
-0.132245
-0.129708
-0.128075
-0.129662
-0.131695
-0.133328
-0.133962
-0.134294
0.0507441
0.0505203
0.0492779
0.0458259
0.0391091
0.0287073
0.01454
-0.00236128
-0.0214021
-0.0414304
-0.0603581
-0.0753328
-0.0806048
-0.0841752
-0.0919303
-0.100588
-0.107598
-0.111635
-0.112585
-0.112581
0.0303897
0.0303635
0.0297959
0.0279928
0.0241165
0.0180247
0.00952456
-0.000750751
-0.0124071
-0.0242399
-0.0324283
-0.0341113
-0.0282679
-0.0405399
-0.0540266
-0.0664453
-0.0753674
-0.0800162
-0.0809968
-0.0808021
0.0123086
0.0124531
0.0124069
0.0120348
0.0110192
0.00908334
0.00608538
0.00214601
-0.00242673
-0.00722928
-0.0107881
-0.00887378
0.000185634
-0.00244213
-0.0146439
-0.0245216
-0.0319395
-0.0359203
-0.0371159
-0.036823
-0.759893
-0.19917
0.119312
0.331803
0.493318
0.615424
0.712237
0.79499
0.902281
0.901373
0.0404966
0.186026
0.344404
0.479761
0.590605
0.679876
0.75319
0.809233
0.832205
0.836586
0.299853
0.397832
0.503602
0.595367
0.673326
0.73811
0.789759
0.826154
0.848973
0.866222
0.483951
0.551383
0.624332
0.689773
0.746279
0.793755
0.831994
0.861388
0.884664
0.903463
0.622246
0.672618
0.723591
0.772547
0.815329
0.852179
0.883165
0.908655
0.930127
0.948535
0.734417
0.771197
0.812076
0.850465
0.885278
0.91609
0.942847
0.965378
0.984366
1.00219
0.831072
0.861013
0.896105
0.929003
0.959685
0.987451
1.01177
1.03219
1.04879
1.06617
0.920036
0.948348
0.981583
1.01303
1.04246
1.0691
1.09223
1.11125
1.12562
1.14276
1.01011
1.04098
1.07596
1.10847
1.13821
1.16459
1.18699
1.20487
1.21739
1.23465
1.1135
1.14917
1.18701
1.22106
1.25096
1.27655
1.29771
1.31426
1.3258
1.34363
1.2425
1.28149
1.31959
1.35261
1.38049
1.404
1.42356
1.43901
1.45081
1.46905
1.40353
1.43953
1.47157
1.49831
1.52109
1.54156
1.56013
1.57614
1.58983
1.60769
1.58817
1.6132
1.63305
1.65154
1.66917
1.6859
1.70175
1.71773
1.73484
1.75397
1.77482
1.78566
1.79837
1.8129
1.82651
1.83857
1.84947
1.8608
1.8762
1.89563
1.95669
1.97012
1.97518
1.9762
1.97816
1.98552
1.99921
2.0168
2.03054
2.04188
2.22555
2.17496
2.1275
2.09592
2.08286
2.0874
2.11064
2.1557
2.22239
2.31651
0.702721
0.699713
0.693656
0.682734
0.67025
0.658948
0.649902
0.643165
0.638727
0.636869
0.638141
0.642163
0.648354
0.656659
0.667174
0.679502
0.691862
0.700578
0.705093
0.70726
0.631013
0.637661
0.642912
0.646535
0.647655
0.646029
0.64259
0.638818
0.635864
0.634592
0.63572
0.638798
0.642917
0.647165
0.650212
0.650753
0.648444
0.644073
0.63778
0.631957
0.620882
0.623846
0.627213
0.629709
0.631477
0.632672
0.632915
0.632191
0.631161
0.630754
0.631667
0.63345
0.635156
0.635971
0.635577
0.63434
0.632453
0.629592
0.626262
0.623975
0.614804
0.616229
0.618447
0.620727
0.622459
0.623667
0.624577
0.625189
0.625498
0.625862
0.626616
0.62743
0.627818
0.627651
0.627055
0.625937
0.624143
0.621932
0.620188
0.619104
0.6094
0.61022
0.611689
0.613473
0.615226
0.616718
0.617878
0.618852
0.619733
0.620563
0.621299
0.621735
0.62179
0.62147
0.620687
0.619436
0.617938
0.616435
0.615425
0.614758
0.604293
0.604848
0.605938
0.607362
0.608889
0.610414
0.611834
0.613082
0.614227
0.615318
0.61616
0.616578
0.616571
0.616118
0.615281
0.614233
0.613097
0.612041
0.61136
0.610891
0.599351
0.599767
0.600639
0.601862
0.603209
0.604643
0.606127
0.60759
0.608981
0.610299
0.61132
0.611828
0.611832
0.611422
0.610756
0.609959
0.609102
0.608323
0.607826
0.607468
0.594504
0.594831
0.595552
0.596628
0.597885
0.599257
0.600738
0.602314
0.603928
0.60551
0.606761
0.607428
0.607576
0.607362
0.606922
0.606341
0.605708
0.605147
0.60478
0.604494
0.589662
0.589927
0.590542
0.59152
0.59272
0.594065
0.595568
0.597237
0.599048
0.600921
0.60247
0.603398
0.603802
0.603837
0.603631
0.603276
0.602849
0.602464
0.602193
0.601956
0.584732
0.584953
0.585495
0.586414
0.587582
0.588935
0.590499
0.592295
0.594323
0.596522
0.598451
0.599739
0.600465
0.600784
0.60083
0.600712
0.600482
0.600251
0.600057
0.599854
0.579621
0.57981
0.580303
0.581193
0.582366
0.583769
0.585435
0.587407
0.589709
0.592302
0.594702
0.596432
0.597539
0.598184
0.598511
0.598632
0.598604
0.598514
0.598382
0.598203
0.574236
0.5744
0.574865
0.575757
0.576976
0.578474
0.58029
0.5825
0.58515
0.588237
0.591209
0.593464
0.595017
0.596038
0.59668
0.597051
0.597242
0.597283
0.597202
0.59704
0.568476
0.568622
0.569077
0.57
0.571307
0.572946
0.574974
0.577496
0.580589
0.584286
0.587951
0.590834
0.592912
0.594363
0.595363
0.596038
0.596447
0.596609
0.596572
0.59642
0.562228
0.56236
0.562821
0.563805
0.565243
0.567078
0.569391
0.572313
0.575963
0.58041
0.584912
0.588546
0.591246
0.593201
0.59461
0.59562
0.596272
0.596561
0.596562
0.596415
0.555356
0.555478
0.55596
0.557036
0.558653
0.56075
0.563429
0.56686
0.571203
0.576566
0.58208
0.58661
0.590047
0.592598
0.59448
0.595877
0.596799
0.597218
0.597256
0.597109
0.547711
0.547812
0.548328
0.549531
0.551382
0.553812
0.55696
0.56103
0.566231
0.572713
0.579444
0.585041
0.589347
0.592602
0.595055
0.596894
0.598121
0.598678
0.598747
0.598598
0.539042
0.539164
0.539722
0.541089
0.54323
0.546088
0.54983
0.554701
0.560961
0.568804
0.576997
0.58386
0.589192
0.593272
0.596412
0.598772
0.600339
0.601038
0.601137
0.60098
0.529088
0.529213
0.529863
0.531439
0.533958
0.537368
0.541859
0.547729
0.555297
0.564796
0.574737
0.583096
0.589639
0.59469
0.598628
0.601596
0.603549
0.604398
0.604522
0.604355
0.517523
0.517651
0.518421
0.520269
0.523269
0.527383
0.532821
0.539949
0.549139
0.560651
0.572673
0.582786
0.590739
0.596931
0.601785
0.605468
0.607844
0.608844
0.608987
0.608805
0.503849
0.503995
0.504927
0.507137
0.510763
0.515787
0.522448
0.531175
0.542385
0.556338
0.57082
0.582976
0.592544
0.60005
0.60598
0.610465
0.613292
0.614434
0.614586
0.614387
0.487393
0.487579
0.488745
0.491449
0.49591
0.502149
0.510417
0.521205
0.534945
0.551852
0.569216
0.583711
0.595118
0.60411
0.611245
0.61663
0.619914
0.621176
0.621323
0.621104
0.467187
0.467452
0.468971
0.472382
0.478012
0.485926
0.496364
0.509851
0.526771
0.547231
0.567924
0.585052
0.59851
0.609157
0.617601
0.623952
0.627666
0.629003
0.629126
0.628886
0.441774
0.442189
0.44427
0.448762
0.456137
0.466465
0.479925
0.496988
0.517899
0.542583
0.567058
0.587079
0.602754
0.615194
0.625047
0.632355
0.636408
0.637747
0.637825
0.637568
0.408783
0.409505
0.412572
0.418922
0.429113
0.443094
0.460848
0.48265
0.5085
0.538109
0.566771
0.589883
0.607887
0.622178
0.633507
0.641654
0.645881
0.647127
0.647139
0.64687
0.363983
0.365442
0.370631
0.380646
0.395749
0.415398
0.439218
0.467148
0.498939
0.534114
0.567258
0.593561
0.613931
0.630074
0.642814
0.651561
0.655693
0.656737
0.656672
0.656404
0.29946
0.304059
0.314917
0.332193
0.355674
0.383812
0.41573
0.451169
0.489769
0.530963
0.568712
0.598176
0.620849
0.638727
0.652597
0.661571
0.665303
0.666023
0.665885
0.665635
0.222778
0.231109
0.250934
0.279003
0.313227
0.350894
0.391471
0.434859
0.48076
0.528636
0.57177
0.605086
0.630577
0.650488
0.665513
0.674396
0.677623
0.678132
0.678037
0.677904
0.145876
0.159638
0.188781
0.227427
0.271824
0.318902
0.36814
0.419528
0.472789
0.527412
0.575995
0.613149
0.641375
0.663325
0.67927
0.687417
0.689788
0.690066
0.689997
0.689938
0.0819688
0.0996507
0.134548
0.181132
0.233811
0.289142
0.346342
0.405285
0.465588
0.526662
0.580353
0.621001
0.651567
0.674903
0.690972
0.698646
0.70072
0.700994
0.700986
0.700955
0.0295525
0.0493261
0.0887394
0.141197
0.20035
0.262487
0.326568
0.392294
0.459103
0.526248
0.58476
0.628674
0.661376
0.685955
0.702212
0.709601
0.711486
0.711759
0.711816
0.711809
-0.014334
0.00670873
0.049489
0.106611
0.171111
0.238947
0.308954
0.380697
0.453446
0.52627
0.589375
0.636404
0.671179
0.697009
0.713678
0.720804
0.72268
0.723042
0.723139
0.723169
-0.0519986
-0.0301635
0.0152941
0.0761958
0.145198
0.217955
0.293179
0.370328
0.448536
0.5267
0.594219
0.644318
0.681166
0.708244
0.725394
0.732671
0.734682
0.735085
0.735216
0.735265
-0.0851319
-0.0627555
-0.0151338
0.0489473
0.12179
0.198858
0.278752
0.360827
0.444114
0.527354
0.599155
0.652286
0.691216
0.719652
0.737499
0.745157
0.747241
0.747602
0.747719
0.747788
-0.114984
-0.0922328
-0.0427758
0.0240344
0.100223
0.181102
0.265205
0.351815
0.439873
0.527985
0.603973
0.66011
0.701152
0.730983
0.749593
0.757651
0.759874
0.760243
0.760325
0.760392
-0.142577
-0.119432
-0.0684117
0.000819356
0.0799722
0.164254
0.252173
0.342969
0.435529
0.528346
0.608468
0.667608
0.710734
0.74195
0.761301
0.769827
0.772146
0.772506
0.772552
0.772614
-0.168441
-0.144903
-0.0924569
-0.0211822
0.0606443
0.147984
0.23937
0.33404
0.430861
0.528248
0.612478
0.674608
0.719785
0.752329
0.772388
0.781287
0.783737
0.784051
0.784051
0.784097
-0.193055
-0.169069
-0.115454
-0.0422592
0.0419479
0.13204
0.226591
0.324847
0.4257
0.527543
0.615876
0.681025
0.728233
0.762001
0.782684
0.791788
0.794317
0.794602
0.794558
0.794584
-0.216725
-0.192274
-0.137661
-0.0626381
0.0236888
0.116262
0.213687
0.315261
0.419916
0.526092
0.618573
0.686819
0.736053
0.770952
0.792066
0.801287
0.803786
0.804052
0.803967
0.803971
-0.239646
-0.214724
-0.159095
-0.082478
0.00574569
0.100543
0.200572
0.305193
0.413424
0.523809
0.620494
0.691973
0.743296
0.779217
0.80059
0.809762
0.812198
0.812389
0.812288
0.812273
-0.261939
-0.236543
-0.179878
-0.101865
-0.011946
0.0848424
0.18721
0.294603
0.406163
0.520612
0.621563
0.696478
0.750057
0.786977
0.808402
0.817334
0.819603
0.819741
0.819599
0.819567
-0.283608
-0.257765
-0.200129
-0.120842
-0.0294089
0.0691395
0.173595
0.283492
0.398111
0.516441
0.621704
0.700335
0.756457
0.794421
0.815687
0.824142
0.82612
0.826164
0.826003
0.82596
-0.30471
-0.278406
-0.219855
-0.139409
-0.0466367
0.0534565
0.159758
0.271884
0.389287
0.511261
0.620845
0.703509
0.762574
0.801804
0.82276
0.830379
0.831859
0.831766
0.831596
0.831546
-0.325193
-0.298437
-0.23902
-0.157552
-0.0636058
0.0378447
0.145753
0.259834
0.379728
0.505058
0.618895
0.705908
0.768442
0.809382
0.830047
0.836436
0.836996
0.836626
0.836473
0.836444
-0.345099
-0.317832
-0.25764
-0.175236
-0.0802652
0.0223535
0.131651
0.247426
0.369488
0.49786
0.615777
0.707392
0.773994
0.817332
0.838119
0.843084
0.842069
0.840937
0.840768
0.840917
-0.364331
-0.336605
-0.27568
-0.192435
-0.0965738
0.00705131
0.117518
0.234722
0.35866
0.48972
0.61143
0.707773
0.779034
0.8256
0.847463
0.851543
0.848442
0.845533
0.844477
0.844688
-0.382972
-0.354736
-0.293101
-0.20911
-0.112466
-0.00798544
0.103465
0.221849
0.347355
0.48071
0.605827
0.70683
0.783245
0.833791
0.858
0.862821
0.858692
0.852652
0.846492
0.830618
-0.400961
-0.37222
-0.310041
-0.225461
-0.128229
-0.0230713
0.0890958
0.208376
0.335101
0.470362
0.598501
0.704087
0.786424
0.841687
0.869313
0.87712
0.874007
0.865611
0.851575
0.867122
-0.418422
-0.389049
-0.326443
-0.241465
-0.143785
-0.0381522
0.0744106
0.194324
0.321878
0.458551
0.589195
0.698856
0.787745
0.848184
0.878458
0.889206
0.887633
0.876084
0.815211
0.8005
-0.435931
-0.405858
-0.342071
-0.256805
-0.15855
-0.0527796
0.0596221
0.179946
0.307961
0.445455
0.577849
0.690602
0.786004
0.852274
0.880653
0.89082
0.880084
0.840929
0.773667
0.73359
-0.454146
-0.423605
-0.356522
-0.271218
-0.172158
-0.0668215
0.04512
0.165411
0.293418
0.431057
0.564249
0.678966
0.778505
0.852172
0.898415
0.866716
0.832201
0.763796
0.690821
0.646951
-0.0265877
0.0903016
0.214067
0.346223
0.482911
0.608438
0.714183
0.530051
-0.473763
-0.454873
-0.416715
-0.344945
-0.253342
-0.152793
-0.0440547
0.071757
0.194776
0.325822
0.461634
0.586645
0.691737
0.773709
0.824875
0.770715
0.621004
0.527897
0.45569
-0.490374
-0.477453
-0.433025
-0.359841
-0.267832
-0.167031
-0.0587907
0.0565525
0.178743
0.308491
0.44226
0.564046
0.662997
0.732072
0.726277
0.612931
0.461836
0.351169
0.259153
-0.512536
-0.499969
-0.452635
-0.378445
-0.286432
-0.185319
-0.0770428
0.0379731
0.159236
0.287399
0.418125
0.534734
0.622408
0.674171
0.631671
0.46265
0.292025
0.155058
0.0345395
-0.534811
-0.522133
-0.473297
-0.397837
-0.305539
-0.204442
-0.0964822
0.017792
0.137827
0.263916
0.391015
0.50146
0.581651
0.60457
0.513615
0.316085
0.115018
-0.0659402
-0.234091
-0.556281
-0.544133
-0.494566
-0.418011
-0.325363
-0.22431
-0.11682
-0.00345412
0.115144
0.238765
0.361655
0.465119
0.535473
0.518543
0.384007
0.179608
-0.0412184
-0.249437
-0.437333
-0.578341
-0.566483
-0.516673
-0.439435
-0.346524
-0.245462
-0.138382
-0.0258841
0.0911879
0.212142
0.330486
0.425843
0.481712
0.44288
0.265373
0.0648847
-0.14784
-0.346577
-0.46959
-0.509729
-0.601699
-0.58999
-0.539985
-0.462403
-0.369427
-0.268471
-0.161881
-0.0503884
0.0648996
0.182742
0.295897
0.382822
0.422181
0.358431
0.159211
-0.0325432
-0.214307
-0.351106
-0.397915
-0.421543
-0.626487
-0.614912
-0.564766
-0.487024
-0.394142
-0.29351
-0.187609
-0.0774104
0.035714
0.149891
0.257087
0.335394
0.352825
0.250963
0.0640647
-0.113113
-0.267096
-0.351239
-0.371699
-0.377015
-0.653023
-0.641452
-0.591135
-0.513314
-0.420656
-0.320534
-0.215585
-0.106986
0.0035796
0.113575
0.214026
0.283326
0.270957
0.147751
-0.0246619
-0.191058
-0.312227
-0.356905
-0.356608
-0.357742
-0.681213
-0.669742
-0.619135
-0.541279
-0.448968
-0.349545
-0.245807
-0.139116
-0.0315113
0.0738192
0.166929
0.225418
0.19564
0.0508028
-0.106473
-0.261023
-0.328116
-0.345932
-0.347035
-0.346772
-0.710906
-0.699441
-0.648665
-0.570836
-0.478992
-0.380493
-0.278221
-0.173778
-0.0695328
0.0306903
0.116083
0.162193
0.128445
-0.0333212
-0.180437
-0.297084
-0.347212
-0.340348
-0.340127
-0.340142
-0.741617
-0.73008
-0.679465
-0.60174
-0.510543
-0.4132
-0.312689
-0.210838
-0.110336
-0.015511
0.061775
0.0983337
0.0494469
-0.106698
-0.240653
-0.321378
-0.337524
-0.335845
-0.335786
-0.335509
-0.772824
-0.761236
-0.710918
-0.633587
-0.543249
-0.447338
-0.348919
-0.250012
-0.153646
-0.0643953
0.0048271
0.0303954
-0.0361242
-0.169458
-0.286913
-0.307514
-0.325252
-0.331646
-0.332313
-0.332148
-0.803555
-0.792016
-0.742217
-0.665694
-0.576548
-0.482415
-0.386453
-0.290845
-0.198949
-0.115528
-0.0530125
-0.043152
-0.110293
-0.22445
-0.305629
-0.354186
-0.338113
-0.332667
-0.33099
-0.33065
-0.832046
-0.821299
-0.772433
-0.697049
-0.609631
-0.517709
-0.424633
-0.332693
-0.245492
-0.168166
-0.110446
-0.110405
-0.176084
-0.268431
-0.3345
-0.344294
-0.336386
-0.332459
-0.33108
-0.330595
-0.857472
-0.847035
-0.800143
-0.72644
-0.641418
-0.552252
-0.462579
-0.374723
-0.292344
-0.221031
-0.168051
-0.168153
-0.233185
-0.300095
-0.34226
-0.33577
-0.337163
-0.337257
-0.336137
-0.335457
-0.877204
-0.867439
-0.823039
-0.75248
-0.670555
-0.584888
-0.499198
-0.415903
-0.338481
-0.272756
-0.225513
-0.220714
-0.273861
-0.325951
-0.356571
-0.356305
-0.347154
-0.343677
-0.342181
-0.341348
-0.889293
-0.880589
-0.839485
-0.77299
-0.695374
-0.614229
-0.533287
-0.455011
-0.382803
-0.322217
-0.279768
-0.268002
-0.300562
-0.320433
-0.326299
-0.335318
-0.33882
-0.339883
-0.340392
-0.340678
-0.891143
-0.884077
-0.847412
-0.786236
-0.714137
-0.638743
-0.563478
-0.490798
-0.424103
-0.368287
-0.328408
-0.308864
-0.322517
-0.295907
-0.306946
-0.323012
-0.333966
-0.338005
-0.339828
-0.340569
-0.880912
-0.875246
-0.844436
-0.790365
-0.725409
-0.656982
-0.588424
-0.522035
-0.461071
-0.410054
-0.372633
-0.346485
-0.350931
-0.340587
-0.354029
-0.350474
-0.351797
-0.352401
-0.352409
-0.352303
-0.855477
-0.851492
-0.828103
-0.783987
-0.728175
-0.668015
-0.607073
-0.54746
-0.492385
-0.446533
-0.412836
-0.379724
-0.383728
-0.429381
-0.438718
-0.402043
-0.377032
-0.367611
-0.364099
-0.362797
-0.818178
-0.815706
-0.800516
-0.767359
-0.722541
-0.67177
-0.618981
-0.566247
-0.516769
-0.475583
-0.447218
-0.417315
-0.393453
-0.405795
-0.417103
-0.386722
-0.363258
-0.35389
-0.350739
-0.349311
-0.775705
-0.77412
-0.766599
-0.744361
-0.710745
-0.66941
-0.624602
-0.578248
-0.533374
-0.494881
-0.467862
-0.428588
-0.360597
-0.289596
-0.280321
-0.303966
-0.310923
-0.314936
-0.318601
-0.320304
-0.73792
-0.736892
-0.733383
-0.721171
-0.696664
-0.663545
-0.625414
-0.584234
-0.542115
-0.503547
-0.47469
-0.430804
-0.361654
-0.258616
-0.124299
-0.0969664
-0.190597
-0.285738
-0.32847
-0.345386
-0.710981
-0.710414
-0.708073
-0.70202
-0.684697
-0.657597
-0.623926
-0.585703
-0.544647
-0.502655
-0.468973
-0.431382
-0.449401
-0.547731
-0.772216
-1.00027
-1.12152
-1.14075
-1.02704
-0.927194
-0.691261
-0.690829
-0.689944
-0.687575
-0.67682
-0.653986
-0.622421
-0.584783
-0.542002
-0.494906
-0.451158
-0.415517
-0.480933
-0.688853
-1.02256
-1.30579
-1.32604
-1.21917
-1.06856
-0.949326
-0.679312
-0.679192
-0.678786
-0.677291
-0.671979
-0.652722
-0.621624
-0.58244
-0.536355
-0.483852
-0.427123
-0.39475
-0.362076
-0.374836
-0.372273
-0.386829
-0.334847
-0.224734
-0.114201
-0.038434
-0.671361
-0.671321
-0.670983
-0.670568
-0.668117
-0.653097
-0.622177
-0.580143
-0.530249
-0.470512
-0.400912
-0.338098
-0.23725
-0.0327675
0.244899
0.534502
0.804208
0.988585
1.07928
1.1181
-0.666631
-0.666646
-0.666599
-0.666492
-0.665084
-0.655178
-0.624468
-0.579735
-0.524553
-0.457547
-0.374736
-0.280219
-0.141753
0.153915
0.561804
0.969007
1.32721
1.54413
1.63736
1.66105
-0.66257
-0.662665
-0.662739
-0.662754
-0.662907
-0.656996
-0.628854
-0.58166
-0.521369
-0.448514
-0.357057
-0.249541
-0.11596
0.178434
0.565359
0.936873
1.25899
1.45707
1.53202
1.54612
-0.659488
-0.659638
-0.659663
-0.659385
-0.658704
-0.657795
-0.635003
-0.585986
-0.522812
-0.445541
-0.352011
-0.246173
-0.139057
0.108836
0.423407
0.701578
0.925403
1.056
1.10933
1.12621
-0.658031
-0.658749
-0.660445
-0.664456
-0.668957
-0.670218
-0.644449
-0.592233
-0.528609
-0.451221
-0.360413
-0.261113
-0.169201
0.0196702
0.261322
0.458404
0.603519
0.690505
0.734298
0.75465
-0.657251
-0.658626
-0.661332
-0.667808
-0.680808
-0.682082
-0.647425
-0.598206
-0.540605
-0.464403
-0.375934
-0.286641
-0.211763
-0.066841
0.12374
0.280747
0.399881
0.479838
0.522074
0.539787
-0.681838
-0.682779
-0.682228
-0.665965
-0.628764
-0.596648
-0.604336
-0.602314
-0.558401
-0.482019
-0.39528
-0.315306
-0.247832
-0.135843
0.0175035
0.150241
0.253919
0.328344
0.367215
0.38103
-0.731653
-0.730473
-0.725876
-0.695498
-0.629911
-0.585486
-0.610406
-0.631826
-0.587259
-0.503793
-0.414653
-0.341353
-0.284726
-0.197365
-0.0712621
0.0399905
0.12812
0.193352
0.226025
0.236431
-0.815741
-0.810411
-0.825282
-0.854745
-0.885254
-0.867865
-0.833695
-0.755787
-0.639046
-0.527724
-0.431327
-0.36197
-0.310501
-0.241596
-0.137036
-0.0483392
0.0226232
0.072718
0.0966855
0.10339
-0.980466
-0.984068
-1.02997
-1.1021
-1.14724
-1.13641
-1.06395
-0.881627
-0.695227
-0.547318
-0.440327
-0.370109
-0.321606
-0.267473
-0.186033
-0.116067
-0.0606368
-0.0226636
-0.00492591
0.00024813
-1.07198
-1.0833
-1.12428
-1.17341
-1.20661
-1.19706
-1.11251
-0.90811
-0.700726
-0.542104
-0.433284
-0.366084
-0.322295
-0.279013
-0.219671
-0.166796
-0.125364
-0.0976821
-0.0850466
-0.0824602
-0.970294
-0.979189
-1.01238
-1.05264
-1.08249
-1.0742
-0.985792
-0.801307
-0.631515
-0.497622
-0.404938
-0.347828
-0.312546
-0.283108
-0.242436
-0.20424
-0.175119
-0.156492
-0.148423
-0.147762
-0.676667
-0.68835
-0.716388
-0.75774
-0.79459
-0.797638
-0.730621
-0.617998
-0.508378
-0.421631
-0.357905
-0.317295
-0.293919
-0.275433
-0.249261
-0.228547
-0.213698
-0.206095
-0.203866
-0.204106
-0.314292
-0.321522
-0.339715
-0.370024
-0.406257
-0.431716
-0.427005
-0.404185
-0.369319
-0.33345
-0.300892
-0.277354
-0.263069
-0.254484
-0.245039
-0.240674
-0.240101
-0.243163
-0.245988
-0.246548
-0.0338763
-0.0376695
-0.0484293
-0.0719009
-0.109141
-0.15437
-0.196895
-0.226583
-0.244274
-0.247805
-0.242504
-0.233159
-0.223994
-0.221969
-0.227685
-0.236314
-0.247813
-0.256795
-0.261617
-0.262124
0.109157
0.106696
0.099614
0.0809253
0.04594
-0.00493288
-0.0620041
-0.113132
-0.152752
-0.178952
-0.191982
-0.193981
-0.189617
-0.193523
-0.208055
-0.22303
-0.236443
-0.245949
-0.249743
-0.250259
0.149433
0.147928
0.142791
0.128218
0.0995628
0.0562148
0.00447874
-0.0480402
-0.0942806
-0.13021
-0.154531
-0.168175
-0.173837
-0.181973
-0.19472
-0.205792
-0.214966
-0.220646
-0.222411
-0.222914
0.140524
0.139611
0.135939
0.125349
0.104229
0.071613
0.0306665
-0.0140649
-0.0573299
-0.0960954
-0.128537
-0.155403
-0.176866
-0.185234
-0.186383
-0.189606
-0.190973
-0.191624
-0.191693
-0.192195
0.115086
0.114627
0.112167
0.104906
0.0901694
0.0669057
0.0362896
0.000635149
-0.0363383
-0.0724415
-0.107656
-0.14379
-0.177092
-0.183366
-0.175697
-0.168282
-0.165987
-0.164635
-0.164352
-0.164868
0.0872959
0.0871949
0.0856593
0.0809348
0.0710247
0.0549234
0.0328864
0.00607482
-0.023571
-0.0545055
-0.0868464
-0.12133
-0.151274
-0.153456
-0.146841
-0.143511
-0.142423
-0.142544
-0.143063
-0.143518
0.0619609
0.061943
0.0611154
0.0582313
0.0518826
0.0411783
0.025987
0.0068937
-0.0150097
-0.0386988
-0.0628221
-0.0871421
-0.103939
-0.106082
-0.108368
-0.11289
-0.118068
-0.122087
-0.123921
-0.124192
0.0401111
0.0402309
0.0398229
0.0382101
0.0344118
0.027751
0.0180273
0.00553174
-0.00899754
-0.0246249
-0.039821
-0.0501787
-0.0543267
-0.0574618
-0.0669544
-0.0786295
-0.0889512
-0.0957127
-0.0982914
-0.0983505
0.0209982
0.0211575
0.0210573
0.0203697
0.0185325
0.0151349
0.0100122
0.0033493
-0.0044329
-0.0125275
-0.0192455
-0.0195334
-0.0117345
-0.0165842
-0.0301833
-0.0424242
-0.0523417
-0.0583673
-0.0605378
-0.0604771
0.0124067
0.0124579
0.0122843
0.0116341
0.0101773
0.00773449
0.00417454
-6.1539e-05
-0.0047966
-0.00941203
-0.0109
-0.00413036
0.00314861
-0.00858492
-0.0198437
-0.0286452
-0.0343866
-0.0367988
-0.0370475
-0.0122082
-0.408893
-0.07039
0.144724
0.331096
0.480982
0.599372
0.692892
0.772187
0.830326
0.825547
0.080988
0.230194
0.368891
0.4881
0.589489
0.67355
0.742486
0.796136
0.828775
0.840748
0.338362
0.432986
0.524898
0.607581
0.679051
0.739681
0.789373
0.827375
0.854406
0.873069
0.514608
0.577621
0.644199
0.705124
0.757519
0.802652
0.840434
0.870995
0.895624
0.913403
0.649127
0.694654
0.745818
0.79085
0.831533
0.867304
0.898304
0.924533
0.946438
0.961815
0.758896
0.795878
0.835824
0.872176
0.905989
0.936683
0.963913
0.987302
1.00684
1.01959
0.855201
0.887179
0.921492
0.954351
0.985232
1.0137
1.03911
1.06079
1.07846
1.08885
0.945407
0.97642
1.01032
1.04333
1.07406
1.10213
1.12686
1.14755
1.16367
1.17221
1.03967
1.07429
1.11088
1.14611
1.17785
1.20595
1.23
1.24966
1.26439
1.27232
1.15217
1.19241
1.23151
1.2682
1.29989
1.32687
1.34936
1.36754
1.38117
1.39022
1.29582
1.33844
1.37601
1.40963
1.43757
1.46129
1.48186
1.49922
1.51304
1.52415
1.47355
1.51111
1.53908
1.56337
1.58435
1.6036
1.62182
1.63895
1.65482
1.66933
1.67116
1.69217
1.70705
1.72282
1.73907
1.75435
1.76805
1.7813
1.79678
1.81513
1.86173
1.8689
1.87943
1.89096
1.90087
1.91006
1.92029
1.93137
1.94298
1.95184
2.07474
2.07651
2.06857
2.05206
2.0409
2.04033
2.05247
2.07707
2.11118
2.13572
2.49438
2.3005
2.19944
2.14155
2.11241
2.10577
2.12097
2.16179
2.23764
2.38059
-0.438293
-0.442773
-0.403063
-0.330056
-0.237655
-0.136178
0.810127
0.87369
0.856377
0.767748
0.688407
0.611868
0.385078
0.166148
-0.101113
-0.454507
-0.79943
)
;

boundaryField
{
    wall-4
    {
        type            zeroGradient;
    }
    pressure-outlet-7
    {
        type            fixedValue;
        value           uniform 0;
    }
    velocity-inlet-6
    {
        type            zeroGradient;
    }
    velocity-inlet-5
    {
        type            zeroGradient;
    }
    frontAndBackPlanes
    {
        type            empty;
    }
}


// ************************************************************************* //
