/*--------------------------------*- C++ -*----------------------------------*\
  =========                 |
  \\      /  F ield         | OpenFOAM: The Open Source CFD Toolbox
   \\    /   O peration     | Website:  https://openfoam.org
    \\  /    A nd           | Version:  9
     \\/     M anipulation  |
\*---------------------------------------------------------------------------*/
FoamFile
{
    format      ascii;
    class       volScalarField;
    location    "9";
    object      p;
}
// * * * * * * * * * * * * * * * * * * * * * * * * * * * * * * * * * * * * * //

dimensions      [0 2 -2 0 0 0 0];

internalField   nonuniform List<scalar> 
8800
(
0.417666
0.369967
0.331476
0.302686
0.282066
0.267505
0.257214
0.250016
0.245381
0.243329
0.244302
0.248036
0.254166
0.262975
0.27532
0.292699
0.317184
0.350895
0.393198
0.451897
0.248585
0.256296
0.264105
0.267586
0.266316
0.261561
0.255453
0.24975
0.245326
0.2426
0.24216
0.24426
0.248195
0.253557
0.259766
0.265566
0.268837
0.267878
0.262122
0.253224
0.226475
0.232821
0.237401
0.240859
0.243389
0.244468
0.243771
0.24196
0.240064
0.239059
0.239752
0.241709
0.243991
0.245581
0.245565
0.243764
0.240822
0.236867
0.231907
0.228107
0.220409
0.223252
0.226653
0.229722
0.231835
0.233271
0.234254
0.234679
0.234655
0.234671
0.235014
0.235542
0.235732
0.235263
0.23422
0.232605
0.230096
0.226722
0.223767
0.222273
0.215498
0.216906
0.219814
0.22297
0.225705
0.227828
0.229234
0.230095
0.230585
0.230896
0.231247
0.231417
0.231141
0.230309
0.22874
0.226422
0.223556
0.220397
0.218282
0.217705
0.214386
0.214977
0.216486
0.218264
0.220015
0.221751
0.223326
0.224635
0.225608
0.22628
0.226569
0.226401
0.225755
0.224654
0.223243
0.22162
0.219946
0.218277
0.217259
0.21705
0.213383
0.213664
0.214468
0.215533
0.216702
0.217866
0.219094
0.22022
0.221192
0.221943
0.222327
0.222254
0.221787
0.221014
0.220075
0.219136
0.218163
0.217261
0.216758
0.216666
0.211447
0.211577
0.212
0.212664
0.21341
0.21434
0.215395
0.216456
0.217469
0.218335
0.218836
0.218875
0.218556
0.21799
0.217392
0.216816
0.216268
0.215786
0.215556
0.215512
0.208675
0.208742
0.209008
0.209466
0.210015
0.210683
0.211444
0.212329
0.213286
0.214227
0.214903
0.215193
0.215196
0.215041
0.214778
0.214468
0.214152
0.213885
0.213773
0.213753
0.20552
0.205563
0.205743
0.206075
0.206519
0.207094
0.207812
0.208679
0.20968
0.210756
0.211649
0.212178
0.212409
0.212447
0.212371
0.212241
0.212085
0.211957
0.211907
0.211894
0.201991
0.20202
0.20215
0.202399
0.202764
0.203268
0.203947
0.204828
0.205919
0.207184
0.208347
0.209154
0.209641
0.209907
0.21003
0.210066
0.210053
0.210029
0.210022
0.210013
0.198092
0.198119
0.198232
0.198452
0.198794
0.199298
0.200009
0.200976
0.202229
0.203762
0.20526
0.206381
0.207125
0.207604
0.207892
0.208057
0.208143
0.208186
0.208205
0.208198
0.193792
0.193814
0.193935
0.194161
0.194523
0.195073
0.195873
0.196993
0.198492
0.200381
0.202291
0.203772
0.204818
0.205516
0.205969
0.206252
0.20642
0.206514
0.206553
0.206547
0.18906
0.189084
0.189218
0.189476
0.189895
0.190538
0.191489
0.19284
0.194677
0.197034
0.19946
0.20139
0.202768
0.203709
0.204332
0.204732
0.204977
0.205117
0.205174
0.205167
0.183816
0.183844
0.184006
0.184317
0.184825
0.18561
0.186778
0.188449
0.190739
0.1937
0.196777
0.199243
0.201015
0.20224
0.203057
0.203586
0.203914
0.204101
0.204178
0.20417
0.177943
0.177977
0.178179
0.178568
0.179203
0.180185
0.181649
0.183748
0.186629
0.190364
0.194255
0.197381
0.199637
0.201199
0.202245
0.202924
0.203346
0.203588
0.203686
0.203677
0.171278
0.171321
0.17158
0.172075
0.172882
0.174129
0.175987
0.178648
0.182295
0.187017
0.19193
0.195873
0.198719
0.200692
0.202015
0.202874
0.203409
0.203715
0.20384
0.203828
0.163604
0.16366
0.163994
0.164631
0.165669
0.167271
0.169649
0.173044
0.17768
0.183656
0.189848
0.194805
0.198378
0.200854
0.202513
0.203591
0.204263
0.204648
0.204804
0.204789
0.154625
0.154701
0.155135
0.155964
0.157314
0.159391
0.162458
0.166813
0.172722
0.180288
0.188077
0.194285
0.198751
0.201844
0.203917
0.205263
0.206102
0.206582
0.206776
0.206757
0.143935
0.144038
0.144611
0.145704
0.147486
0.150206
0.154191
0.159807
0.16736
0.176934
0.186703
0.194449
0.200009
0.203858
0.20644
0.208115
0.209157
0.209751
0.209991
0.209967
0.130963
0.131103
0.131871
0.133346
0.135742
0.139364
0.144576
0.15186
0.161533
0.17363
0.185837
0.195454
0.202346
0.207121
0.210329
0.212412
0.213705
0.214437
0.214732
0.214703
0.114889
0.115083
0.116136
0.118177
0.121448
0.126303
0.133254
0.142779
0.155193
0.170439
0.185607
0.197478
0.205979
0.211886
0.215871
0.218471
0.220084
0.220991
0.221352
0.221313
0.0945197
0.094802
0.0962986
0.0992225
0.103804
0.11048
0.119841
0.132387
0.148332
0.167457
0.186161
0.2007
0.211126
0.218414
0.223376
0.226646
0.228694
0.229844
0.230292
0.230235
0.0679765
0.0684127
0.0706874
0.0750942
0.0817533
0.0911969
0.104043
0.120657
0.141067
0.164856
0.187678
0.205297
0.217983
0.226948
0.233147
0.237311
0.239975
0.241491
0.242076
0.241992
0.0319352
0.0327227
0.0366555
0.0438674
0.0541095
0.0679509
0.0858065
0.107786
0.133688
0.162907
0.190356
0.211414
0.226676
0.237643
0.245415
0.2508
0.254379
0.25648
0.257304
0.25719
-0.0200739
-0.0177656
-0.00957331
0.00340036
0.0200194
0.0406616
0.0654307
0.0942053
0.126594
0.161881
0.194325
0.219068
0.237151
0.250423
0.260151
0.267222
0.27222
0.275404
0.276753
0.276602
-0.0986695
-0.0872715
-0.0684735
-0.045201
-0.0190148
0.0106301
0.0438434
0.0804481
0.120047
0.161977
0.199889
0.228771
0.250173
0.266326
0.278709
0.288345
0.295861
0.301348
0.30432
0.304805
-0.182303
-0.157542
-0.127558
-0.0939797
-0.0580313
-0.0193234
0.022286
0.0667809
0.113917
0.163181
0.207559
0.241614
0.267294
0.2872
0.303041
0.315957
0.326641
0.336065
0.342377
0.343088
-0.245847
-0.218952
-0.18076
-0.138967
-0.0945665
-0.0476102
0.00192627
0.0539669
0.108286
0.164432
0.214699
0.253178
0.282193
0.304714
0.322604
0.337089
0.34891
0.358619
0.364317
0.365128
-0.29665
-0.267674
-0.224983
-0.177512
-0.126844
-0.0732863
-0.0170207
0.0417099
0.102558
0.164959
0.220336
0.262341
0.293682
0.317668
0.336406
0.351325
0.363368
0.373028
0.378779
0.37967
-0.33728
-0.307812
-0.261971
-0.210301
-0.154915
-0.0961564
-0.0343523
0.03011
0.0967239
0.164757
0.224743
0.26979
0.302962
0.327996
0.347272
0.362377
0.374383
0.383737
0.389468
0.390396
-0.371506
-0.341845
-0.293802
-0.238898
-0.179736
-0.116727
-0.0502549
0.0192205
0.0910654
0.164317
0.22855
0.276319
0.311081
0.336962
0.356609
0.37179
0.383717
0.392892
0.398528
0.399484
-0.401318
-0.371666
-0.322032
-0.264596
-0.202331
-0.135719
-0.0651919
0.00873042
0.0853083
0.163402
0.231702
0.282138
0.318466
0.345195
0.365242
0.380551
0.392437
0.401499
0.407007
0.407964
-0.428182
-0.398495
-0.347621
-0.288152
-0.223358
-0.153729
-0.0797031
-0.00181527
0.0791686
0.161979
0.234375
0.28758
0.325576
0.35324
0.373757
0.389248
0.401139
0.410122
0.415508
0.41647
-0.452967
-0.423197
-0.371353
-0.310223
-0.243323
-0.171126
-0.0940172
-0.0125195
0.0726121
0.160031
0.236621
0.292793
0.33265
0.361405
0.382504
0.398255
0.410216
0.4191
0.42437
0.425368
-0.476402
-0.446449
-0.39377
-0.331235
-0.262546
-0.188125
-0.108311
-0.0235547
0.0654633
0.157433
0.238402
0.297825
0.339824
0.369888
0.391718
0.407826
0.419903
0.428779
0.433877
0.434938
-0.498755
-0.468571
-0.415176
-0.351529
-0.281317
-0.204982
-0.122792
-0.0350739
0.0576212
0.154091
0.239637
0.302651
0.347138
0.378789
0.401552
0.418145
0.430415
0.439313
0.44427
0.44532
-0.520367
-0.489858
-0.435829
-0.371254
-0.299744
-0.221777
-0.137512
-0.0471408
0.0489945
0.149888
0.240189
0.307171
0.354545
0.388132
0.412082
0.429333
0.441906
0.450869
0.455707
0.456704
-0.541269
-0.51046
-0.455928
-0.390486
-0.317883
-0.238545
-0.152499
-0.0597758
0.0395311
0.144738
0.239925
0.311219
0.36192
0.397845
0.423305
0.441437
0.454463
0.463558
0.468312
0.469167
-0.561519
-0.530426
-0.475448
-0.409259
-0.335745
-0.255276
-0.167743
-0.0729768
0.0292176
0.138562
0.238691
0.314591
0.369049
0.407789
0.435162
0.454466
0.468131
0.477479
0.482177
0.482818
-0.581151
-0.549709
-0.494375
-0.427542
-0.353314
-0.271922
-0.183181
-0.0866951
0.0180752
0.131309
0.236349
0.31704
0.375665
0.417752
0.447533
0.468379
0.482882
0.492563
0.497256
0.497668
-0.600191
-0.568341
-0.512653
-0.445294
-0.370513
-0.288423
-0.198743
-0.10086
0.00614477
0.122964
0.232758
0.318304
0.381429
0.427405
0.460166
0.483033
0.498688
0.508847
0.513488
0.513656
-0.618441
-0.58636
-0.530239
-0.46248
-0.38728
-0.304693
-0.214344
-0.115376
-0.00649368
0.113573
0.227838
0.318169
0.385925
0.436222
0.472688
0.498213
0.515398
0.526081
0.530562
0.530463
-0.63592
-0.603618
-0.547108
-0.479033
-0.403535
-0.320653
-0.229878
-0.13015
-0.01974
0.103183
0.221588
0.316436
0.388708
0.443562
0.484524
0.51376
0.533134
0.544267
0.548232
0.547762
-0.652628
-0.620007
-0.563212
-0.494902
-0.419221
-0.336215
-0.24525
-0.14506
-0.0334872
0.0918996
0.214018
0.312958
0.389373
0.448705
0.494828
0.529193
0.552203
0.56385
0.566026
0.564869
-0.66843
-0.635566
-0.5785
-0.510017
-0.434284
-0.351302
-0.260362
-0.159992
-0.0475944
0.0798609
0.205206
0.307665
0.387658
0.450987
0.502335
0.543284
0.572778
0.587246
0.585416
0.58154
-0.683433
-0.650283
-0.592979
-0.524401
-0.448755
-0.365962
-0.275278
-0.175009
-0.0621406
0.0670012
0.19509
0.300345
0.383327
0.449571
0.505088
0.553232
0.592745
0.618244
0.617763
0.592799
-0.697607
-0.664203
-0.606751
-0.538223
-0.462877
-0.380489
-0.290386
-0.190599
-0.0776995
0.0526445
0.18305
0.290364
0.375571
0.443368
0.500038
0.553157
0.599975
0.628571
0.619658
0.589137
-0.710852
-0.677385
-0.61966
-0.551253
-0.476375
-0.394559
-0.305442
-0.206446
-0.0939802
0.0370971
0.169361
0.277884
0.363964
0.431988
0.483412
0.533508
0.571666
0.583
0.518395
0.470505
-0.722551
-0.690075
-0.63132
-0.562927
-0.488719
-0.407806
-0.32019
-0.222388
-0.110861
0.0204489
0.154088
0.262883
0.348455
0.416906
0.457633
0.484923
0.506488
0.466654
0.386722
0.333631
-0.77522
-0.698973
-0.642034
-0.574611
-0.50124
-0.421429
-0.334797
-0.238708
-0.128683
0.00225569
0.136828
0.245188
0.326819
0.397994
0.416205
0.412723
0.381984
0.311124
0.217005
0.165219
-0.725718
-0.712516
-0.655847
-0.590848
-0.518468
-0.440185
-0.356349
-0.262989
-0.155204
-0.0244785
0.110548
0.214726
0.285888
0.339113
0.344146
0.206385
0.07466
-0.0151226
-0.107995
-0.0537223
-0.751647
-0.72451
-0.66859
-0.60368
-0.532054
-0.455028
-0.372312
-0.281401
-0.176313
-0.0470549
0.0886254
0.189591
0.251181
0.275237
0.20633
0.0151404
-0.162044
-0.287113
-0.422836
-0.32875
-0.769799
-0.738374
-0.68286
-0.617615
-0.546563
-0.470751
-0.389791
-0.301611
-0.199951
-0.0729763
0.0627897
0.160925
0.209582
0.202822
0.0577831
-0.203946
-0.427074
-0.598011
-0.79679
-0.698342
-0.786382
-0.75312
-0.696822
-0.63116
-0.560621
-0.486061
-0.407322
-0.322494
-0.2246
-0.0992543
0.0375518
0.132465
0.164313
0.112325
-0.120898
-0.433401
-0.726037
-0.981499
-1.27314
-1.23179
-0.801051
-0.767554
-0.710681
-0.644784
-0.57481
-0.501627
-0.425391
-0.344275
-0.250713
-0.127861
0.0116235
0.104939
0.115281
0.00819795
-0.296896
-0.653332
-1.01671
-1.3543
-1.75074
-2.1192
-0.814855
-0.781611
-0.724525
-0.658653
-0.58929
-0.517583
-0.444079
-0.3673
-0.279033
-0.159751
-0.0175238
0.0764894
0.0643927
-0.0969634
-0.458786
-0.835561
-1.22364
-1.5606
-1.72441
-1.98654
-0.828326
-0.795287
-0.738388
-0.672725
-0.604113
-0.534098
-0.463759
-0.392187
-0.310787
-0.196131
-0.0485598
0.0479703
0.0148547
-0.216842
-0.605964
-0.981095
-1.30884
-1.53617
-1.59964
-1.64036
-0.841707
-0.808825
-0.752038
-0.686764
-0.619073
-0.550994
-0.484394
-0.419116
-0.346474
-0.239114
-0.0853216
0.0199539
-0.0375854
-0.342252
-0.736602
-1.11797
-1.38329
-1.4842
-1.51687
-1.53356
-0.855008
-0.822103
-0.76531
-0.700464
-0.633803
-0.567938
-0.505645
-0.448026
-0.388088
-0.291855
-0.131712
-0.00968237
-0.0962897
-0.467593
-0.86151
-1.26167
-1.54811
-1.51752
-1.5411
-1.55534
-0.867914
-0.834821
-0.7779
-0.713468
-0.647878
-0.584427
-0.526962
-0.478622
-0.434708
-0.359813
-0.199388
-0.0579984
-0.173897
-0.600425
-0.984602
-1.39585
-1.84021
-1.78722
-1.65297
-1.6153
-0.879926
-0.846524
-0.789375
-0.725272
-0.660711
-0.599737
-0.547619
-0.510445
-0.488849
-0.450479
-0.30936
-0.157122
-0.296605
-0.741118
-1.08535
-1.34883
-1.65178
-1.60934
-1.55792
-1.53431
-0.890378
-0.856485
-0.799221
-0.735268
-0.671576
-0.612997
-0.566583
-0.542562
-0.552153
-0.580446
-0.503273
-0.346908
-0.498127
-0.909809
-1.12288
-1.04876
-0.958676
-1.22369
-1.39401
-1.42761
-0.898867
-0.864308
-0.806722
-0.742739
-0.679599
-0.623059
-0.582605
-0.573073
-0.623823
-0.767968
-0.841433
-0.677956
-0.799191
-1.16447
-1.40453
-1.36933
-1.39631
-1.52336
-1.62899
-1.68052
-0.904729
-0.8693
-0.811182
-0.746875
-0.683822
-0.628557
-0.592608
-0.598489
-0.698018
-1.01325
-1.36516
-1.17339
-1.20166
-1.56737
-2.14295
-2.61953
-2.73586
-2.63252
-2.47343
-2.40827
-0.907206
-0.870872
-0.811963
-0.74692
-0.683273
-0.628176
-0.595065
-0.614172
-0.761723
-1.27995
-2.02541
-1.74006
-1.56715
-1.89015
-2.67416
-3.63045
-3.83451
-3.49427
-3.11162
-2.95298
-0.905738
-0.868422
-0.808469
-0.742235
-0.677126
-0.620543
-0.586979
-0.610355
-0.789892
-1.46217
-2.52708
-2.11309
-1.55965
-1.63665
-2.14892
-2.82862
-2.91588
-2.48364
-2.08833
-1.92536
-0.900146
-0.861621
-0.800382
-0.732464
-0.664935
-0.604861
-0.566311
-0.582929
-0.756438
-1.4298
-2.51308
-1.8266
-0.973609
-0.4675
-0.281289
-0.287979
-0.251112
-0.0486319
0.0859607
0.13211
-0.890501
-0.850658
-0.787731
-0.717659
-0.646841
-0.581417
-0.533209
-0.529405
-0.64747
-1.13045
-1.81383
-1.03084
-0.151505
0.495381
0.905797
1.16308
1.3162
1.38305
1.40683
1.41076
-0.876709
-0.835807
-0.770797
-0.698345
-0.623673
-0.551576
-0.490454
-0.457344
-0.49243
-0.68759
-0.821694
-0.183309
0.473793
0.969142
1.2964
1.51293
1.63627
1.69763
1.72175
1.72496
-0.857894
-0.816511
-0.750062
-0.675068
-0.596568
-0.517663
-0.443076
-0.380114
-0.338994
-0.311976
-0.140254
0.292038
0.745557
1.09203
1.31792
1.46811
1.56347
1.62087
1.6503
1.65619
-0.833661
-0.792353
-0.725154
-0.648241
-0.566485
-0.481855
-0.395965
-0.309505
-0.217485
-0.0861846
0.160557
0.484261
0.791549
1.0333
1.1996
1.31402
1.39289
1.44659
1.47627
1.48292
-0.801279
-0.761072
-0.694685
-0.61681
-0.533366
-0.445141
-0.351814
-0.250822
-0.132426
0.0338456
0.271261
0.526315
0.74931
0.924887
1.05371
1.14727
1.21551
1.2643
1.28966
1.29649
-0.75522
-0.717989
-0.656144
-0.578899
-0.495859
-0.406867
-0.310846
-0.203876
-0.0765549
0.0922997
0.301256
0.50407
0.674246
0.808547
0.911218
0.989053
1.0481
1.09127
1.11521
1.12269
-0.694678
-0.662341
-0.60347
-0.530998
-0.451484
-0.365575
-0.271462
-0.165779
-0.0412313
0.115587
0.292715
0.453841
0.585632
0.689901
0.771401
0.835075
0.88431
0.920467
0.943526
0.950993
-0.608698
-0.587337
-0.534479
-0.469201
-0.397012
-0.318268
-0.231157
-0.133014
-0.0188423
0.118994
0.264915
0.391134
0.491163
0.569438
0.630328
0.678175
0.716127
0.744587
0.761836
0.76648
-0.485705
-0.475082
-0.438433
-0.387497
-0.329116
-0.263559
-0.189111
-0.10378
-0.00414808
0.11401
0.236102
0.338988
0.419216
0.480584
0.526992
0.561758
0.587613
0.607369
0.620346
0.623461
-0.352728
-0.348596
-0.326674
-0.293048
-0.251936
-0.202674
-0.144031
-0.0743036
0.00884773
0.107815
0.209211
0.293228
0.357493
0.40552
0.44057
0.465538
0.482969
0.494427
0.500419
0.501816
-0.230505
-0.228315
-0.217718
-0.199004
-0.173566
-0.140192
-0.0975314
-0.0437368
0.0228028
0.103477
0.186012
0.253827
0.304845
0.341875
0.367955
0.385762
0.397214
0.403962
0.407185
0.40765
-0.130245
-0.130231
-0.126609
-0.118102
-0.104252
-0.0836161
-0.0542427
-0.0146071
0.036969
0.101325
0.16766
0.221668
0.261614
0.290107
0.309567
0.322073
0.329655
0.333813
0.335632
0.33566
-0.05835
-0.0591917
-0.0596953
-0.0575363
-0.0509423
-0.0385301
-0.0188337
0.00999962
0.0491432
0.0994306
0.15189
0.194544
0.22573
0.247345
0.261651
0.270681
0.2759
0.278469
0.279375
0.279314
-0.0123701
-0.0132416
-0.0149102
-0.015246
-0.0126141
-0.00549409
0.00766795
0.0284102
0.0582179
0.0971856
0.138189
0.171361
0.195363
0.21197
0.222887
0.229406
0.232935
0.23452
0.234994
0.234911
0.0153436
0.0147408
0.0133883
0.0127872
0.014196
0.0186543
0.0274557
0.0421337
0.0644028
0.0944521
0.126356
0.152209
0.170868
0.183592
0.1915
0.196184
0.198668
0.19969
0.199933
0.199858
0.0322725
0.0319174
0.0311059
0.0307356
0.0317235
0.0349478
0.0414028
0.0522025
0.0683835
0.0917628
0.116348
0.136212
0.150533
0.160018
0.165981
0.16946
0.171229
0.171901
0.172046
0.171985
0.0431643
0.0429577
0.0424764
0.0423028
0.0430582
0.0453823
0.0501004
0.0581798
0.0705214
0.0879286
0.107073
0.122425
0.133295
0.140538
0.145051
0.147642
0.148939
0.149418
0.149515
0.149466
0.0499687
0.0498493
0.0495646
0.0495213
0.0501715
0.0519809
0.055548
0.0616154
0.0709809
0.0842102
0.098719
0.110476
0.118781
0.12428
0.127694
0.129641
0.1306
0.130939
0.131003
0.130963
0.0537597
0.0536878
0.0535158
0.0535328
0.0540687
0.0554725
0.0582062
0.0628368
0.0699661
0.0800093
0.0910138
0.0999677
0.106314
0.110512
0.113105
0.114571
0.11528
0.115522
0.115563
0.11553
0.0552976
0.0552533
0.0551573
0.0552148
0.0556661
0.0567686
0.0588675
0.0623992
0.0678322
0.0754753
0.0838448
0.0906691
0.0955022
0.0986914
0.100653
0.101753
0.10228
0.102453
0.102478
0.10245
0.055175
0.0551461
0.0550945
0.055168
0.0555425
0.0564112
0.0580338
0.060741
0.0648849
0.0707016
0.077066
0.0822681
0.0859351
0.0883535
0.0898356
0.090663
0.0910533
0.0911756
0.0911892
0.0911661
0.0538065
0.0537863
0.0537579
0.0538311
0.0541352
0.0548155
0.0560683
0.0581422
0.0613057
0.0657401
0.0705909
0.0745368
0.0773225
0.0791544
0.080273
0.0808926
0.0811806
0.0812665
0.0812726
0.0812534
0.0514897
0.0514749
0.0514579
0.0515221
0.0517638
0.0522932
0.0532585
0.0548476
0.0572621
0.0606408
0.0643299
0.0673265
0.0694403
0.0708268
0.0716699
0.0721336
0.0723452
0.0724039
0.0724047
0.0723888
0.0484428
0.0484314
0.0484197
0.0484717
0.0486607
0.0490697
0.0498107
0.0510256
0.0528671
0.055439
0.0582437
0.0605169
0.0621183
0.0631652
0.0637987
0.0641442
0.0642989
0.0643387
0.0643366
0.0643236
0.0448325
0.0448234
0.0448142
0.0448544
0.0449995
0.0453127
0.0458791
0.0468057
0.0482078
0.0501632
0.0522908
0.0540122
0.0552228
0.0560122
0.0564876
0.0567446
0.0568572
0.056883
0.0568791
0.0568685
0.0407887
0.0407811
0.0407733
0.0408034
0.0409135
0.0411515
0.0415819
0.0422853
0.0433486
0.0448303
0.0464408
0.0477426
0.0486554
0.0492484
0.0496036
0.0497934
0.0498743
0.0498906
0.0498859
0.0498774
0.0364132
0.036407
0.0363999
0.0364213
0.0365033
0.0366821
0.0370062
0.037537
0.0383404
0.039459
0.0406728
0.0416522
0.0423379
0.0427813
0.0430449
0.0431838
0.0432411
0.0432501
0.0432448
0.043238
0.0317847
0.0317795
0.0317729
0.0317871
0.0318465
0.0319787
0.0322204
0.0326177
0.0332197
0.034058
0.0349661
0.0356976
0.036208
0.0365367
0.0367312
0.0368326
0.0368728
0.0368774
0.0368721
0.0368665
0.0269637
0.0269592
0.0269526
0.0269609
0.0270029
0.0270992
0.0272772
0.0275712
0.0280166
0.0286367
0.029309
0.029849
0.0302238
0.0304639
0.0306045
0.0306763
0.0307032
0.0307043
0.0306992
0.0306948
0.0219981
0.0219942
0.0219878
0.0219918
0.0220202
0.0220882
0.0222156
0.0224272
0.0227492
0.0231986
0.0236853
0.024076
0.0243469
0.0245192
0.0246185
0.0246675
0.0246839
0.0246819
0.0246767
0.0246733
0.0169249
0.0169215
0.0169151
0.0169153
0.0169327
0.0169782
0.0170654
0.0172118
0.0174358
0.0177494
0.0180893
0.0183612
0.0185486
0.0186665
0.0187331
0.0187648
0.0187738
0.0187701
0.0187652
0.0187624
0.0117733
0.0117705
0.0117643
0.0117621
0.0117713
0.0117989
0.0118542
0.0119483
0.012093
0.0122947
0.0125133
0.0126873
0.0128062
0.0128806
0.012922
0.0129403
0.0129435
0.0129386
0.0129341
0.0129321
0.00656504
0.00656296
0.00655774
0.0065544
0.0065579
0.00657171
0.00660034
0.00664952
0.00672532
0.0068324
0.00694786
0.00704054
0.00710384
0.00714282
0.00716354
0.0071714
0.00717082
0.00716549
0.00716162
0.00716022
0.00131848
0.00131807
0.00131623
0.00131423
0.00131259
0.00131381
0.00131764
0.00132494
0.00133681
0.00135485
0.00137777
0.00139934
0.00141483
0.00142458
0.00143004
0.00143253
0.00143241
0.00142979
0.00142751
0.00142658
-0.902828
-0.62713
-0.326222
-0.0851141
0.109739
0.268072
0.403536
0.518606
0.573796
0.54985
-0.415147
-0.233945
-0.0480119
0.110906
0.245816
0.359654
0.453131
0.520602
0.555831
0.565373
-0.0924028
0.0251463
0.147449
0.25619
0.350258
0.429417
0.492397
0.538167
0.569297
0.585132
0.126733
0.206014
0.291101
0.367601
0.434369
0.49069
0.536373
0.571789
0.598873
0.615793
0.288212
0.344973
0.404413
0.460614
0.510065
0.552702
0.58847
0.617375
0.640335
0.657319
0.414332
0.455906
0.501891
0.54564
0.585026
0.619777
0.649614
0.67409
0.693596
0.710474
0.520301
0.553778
0.593432
0.630459
0.664684
0.695304
0.721687
0.743286
0.759886
0.776758
0.617075
0.64926
0.686811
0.721891
0.754056
0.782817
0.807376
0.827035
0.841164
0.858157
0.717571
0.752627
0.791313
0.826752
0.858411
0.885895
0.908919
0.926966
0.939363
0.956788
0.835739
0.874501
0.914425
0.949792
0.980139
1.00573
1.02676
1.04314
1.05498
1.0731
0.982494
1.02181
1.05857
1.08992
1.11615
1.13875
1.15822
1.17407
1.18674
1.20481
1.15859
1.19081
1.21736
1.24014
1.26042
1.27943
1.29744
1.31413
1.32967
1.34779
1.34792
1.36536
1.38065
1.39711
1.41325
1.42793
1.44125
1.45533
1.473
1.49323
1.53021
1.53974
1.5514
1.56233
1.57176
1.58152
1.59242
1.60385
1.61523
1.6306
1.7375
1.7412
1.72632
1.71166
1.70556
1.71126
1.72982
1.76019
1.79237
1.81901
2.04398
1.90921
1.8327
1.7903
1.77276
1.77686
1.80424
1.86065
1.96339
2.1878
0.3082
0.306188
0.301761
0.293317
0.281339
0.269524
0.25965
0.252075
0.246698
0.243536
0.243028
0.245359
0.249953
0.256642
0.265512
0.276583
0.288869
0.299617
0.30561
0.308507
0.232106
0.238021
0.244557
0.249456
0.252317
0.252387
0.250039
0.246596
0.243358
0.241158
0.240818
0.242641
0.245769
0.249467
0.252705
0.25406
0.25263
0.248673
0.243112
0.236347
0.223376
0.225693
0.229502
0.233044
0.235602
0.237486
0.238601
0.238656
0.237911
0.237158
0.237159
0.238078
0.239302
0.239983
0.239569
0.238154
0.236045
0.233086
0.229274
0.22608
0.217511
0.21848
0.221026
0.224475
0.227398
0.229449
0.230823
0.231722
0.232226
0.232457
0.232722
0.233063
0.233146
0.232755
0.231851
0.230318
0.227942
0.224723
0.221548
0.219864
0.214674
0.215002
0.21658
0.219099
0.22155
0.223863
0.225825
0.227231
0.228148
0.228751
0.229157
0.229335
0.229095
0.228315
0.226882
0.224895
0.222616
0.220179
0.217993
0.217178
0.214
0.214138
0.214855
0.216083
0.217389
0.218772
0.220073
0.221349
0.222475
0.223343
0.223883
0.223973
0.2236
0.222846
0.221897
0.22075
0.219509
0.218337
0.217342
0.216996
0.212546
0.212608
0.213
0.213782
0.214739
0.215729
0.216877
0.218049
0.219111
0.220025
0.22067
0.220871
0.220639
0.220061
0.219227
0.218509
0.217712
0.216935
0.216387
0.216218
0.210124
0.21015
0.210339
0.210772
0.211309
0.212029
0.212849
0.213755
0.214739
0.215696
0.216466
0.216836
0.216821
0.216578
0.216259
0.215709
0.215374
0.214991
0.214742
0.214676
0.207143
0.207154
0.207282
0.2076
0.208055
0.208613
0.209294
0.210099
0.211022
0.212018
0.212942
0.213541
0.21379
0.213809
0.213685
0.213481
0.213248
0.213011
0.21287
0.212836
0.203802
0.203806
0.203892
0.204111
0.20445
0.204907
0.205514
0.206292
0.207251
0.208363
0.209492
0.210348
0.210844
0.211087
0.21117
0.211158
0.211096
0.211017
0.21097
0.210959
0.200092
0.200097
0.200159
0.200336
0.200622
0.201041
0.201629
0.202427
0.203464
0.204746
0.206148
0.207311
0.20809
0.20857
0.208851
0.208999
0.209065
0.209087
0.209097
0.209098
0.195995
0.195994
0.196065
0.196228
0.196507
0.196935
0.197562
0.198447
0.199643
0.201181
0.202933
0.204468
0.205538
0.206269
0.206736
0.207026
0.207197
0.207293
0.207342
0.207353
0.191484
0.191481
0.191555
0.191736
0.192043
0.192524
0.193243
0.19428
0.195714
0.197598
0.199799
0.201774
0.20321
0.204207
0.204872
0.205301
0.205568
0.205726
0.205806
0.205825
0.186509
0.186505
0.186592
0.186803
0.187166
0.187739
0.188605
0.189867
0.19163
0.193976
0.196752
0.199276
0.20114
0.202441
0.203323
0.203901
0.204266
0.204486
0.204598
0.204625
0.180968
0.180962
0.18107
0.18133
0.181777
0.182485
0.183559
0.18513
0.187334
0.19028
0.193784
0.196989
0.199362
0.201034
0.202171
0.20292
0.203397
0.203684
0.203831
0.203866
0.174724
0.174716
0.174853
0.175182
0.175747
0.17664
0.177995
0.179977
0.18276
0.18648
0.190906
0.194957
0.197958
0.200077
0.201521
0.202474
0.203081
0.203448
0.203635
0.20368
0.167588
0.167578
0.167755
0.168178
0.168902
0.170043
0.171772
0.174295
0.177831
0.182544
0.188135
0.193239
0.197015
0.199682
0.201499
0.202698
0.203463
0.203927
0.204163
0.204219
0.159303
0.159289
0.159522
0.160073
0.161012
0.162485
0.164709
0.167944
0.172458
0.178442
0.185499
0.191913
0.196646
0.199984
0.202258
0.20376
0.204719
0.2053
0.205596
0.205665
0.149517
0.149499
0.14981
0.150538
0.151768
0.153685
0.15657
0.160747
0.166535
0.174144
0.183043
0.191079
0.196988
0.20115
0.203985
0.205858
0.207057
0.207786
0.208157
0.208242
0.137748
0.137728
0.138152
0.139129
0.140757
0.143279
0.147053
0.152492
0.159944
0.169628
0.180826
0.190855
0.198203
0.203375
0.206898
0.209231
0.210729
0.211646
0.212113
0.212216
0.123325
0.123306
0.123903
0.125238
0.127422
0.13079
0.135831
0.142955
0.152579
0.164899
0.178938
0.191391
0.200482
0.206882
0.211252
0.214153
0.216027
0.217186
0.21778
0.217909
0.105255
0.105247
0.106122
0.107997
0.111005
0.115623
0.122412
0.131867
0.144365
0.160011
0.17751
0.19286
0.204035
0.211923
0.217335
0.220946
0.223293
0.224759
0.225522
0.22569
0.0819909
0.0820164
0.0833739
0.0861164
0.0904453
0.0969982
0.106377
0.119041
0.135293
0.155079
0.176707
0.195446
0.209066
0.218738
0.225441
0.22996
0.232921
0.234785
0.235771
0.235997
0.0510135
0.051154
0.0534015
0.0576873
0.0642984
0.0739696
0.0872034
0.104327
0.125446
0.150274
0.176707
0.199303
0.215723
0.2275
0.235806
0.241526
0.245352
0.2478
0.249107
0.249409
0.00780019
0.0082825
0.0125597
0.0200941
0.0309452
0.0457778
0.0647509
0.0879265
0.115133
0.145879
0.1777
0.204527
0.224044
0.238234
0.248494
0.255816
0.260924
0.264367
0.266258
0.266653
-0.0560039
-0.0537736
-0.0438111
-0.0292692
-0.0103841
0.0127013
0.039745
0.0706065
0.104982
0.142318
0.17989
0.211141
0.233916
0.250729
0.263235
0.272562
0.279473
0.284452
0.287467
0.287868
-0.132555
-0.128583
-0.110228
-0.0841097
-0.0546019
-0.0219712
0.0138409
0.0528544
0.0948906
0.139506
0.183804
0.220636
0.247854
0.268481
0.284431
0.296959
0.306975
0.314797
0.318387
0.320051
-0.210966
-0.200038
-0.172483
-0.136361
-0.0973325
-0.0556201
-0.0112496
0.0358201
0.0854626
0.137335
0.188373
0.230765
0.262271
0.286437
0.305473
0.320773
0.333201
0.343202
0.349415
0.352201
-0.268878
-0.256863
-0.224435
-0.181808
-0.135483
-0.0863203
-0.0345208
0.0197936
0.0764386
0.135048
0.192238
0.239394
0.27421
0.300713
0.321352
0.337674
0.350698
0.360996
0.36761
0.370527
-0.315037
-0.302708
-0.266911
-0.219785
-0.168328
-0.113555
-0.0557591
0.00475095
0.0675998
0.132254
0.194884
0.246083
0.283475
0.311554
0.33311
0.34993
0.363168
0.373516
0.380236
0.383028
-0.352619
-0.340451
-0.302709
-0.25221
-0.19676
-0.13752
-0.0748603
-0.00915848
0.0591027
0.129246
0.19693
0.251803
0.291403
0.320747
0.342957
0.36004
0.37331
0.38357
0.390274
0.392955
-0.384901
-0.372933
-0.333783
-0.280755
-0.222146
-0.159239
-0.0924345
-0.0221703
0.0509678
0.126136
0.198487
0.25677
0.298422
0.328917
0.351704
0.369024
0.382343
0.392558
0.399302
0.401918
-0.413431
-0.401629
-0.36151
-0.306495
-0.245336
-0.179369
-0.109022
-0.034787
0.0427231
0.122571
0.199466
0.261183
0.304937
0.336637
0.360057
0.377662
0.391068
0.401259
0.408043
0.410585
-0.439416
-0.427703
-0.386828
-0.330206
-0.266982
-0.198494
-0.125126
-0.0473475
0.0342046
0.118547
0.199966
0.265235
0.311244
0.344286
0.368442
0.386404
0.399953
0.410147
0.416971
0.419444
-0.463651
-0.451972
-0.410456
-0.352513
-0.287546
-0.216896
-0.140901
-0.0599732
0.0253032
0.113949
0.199928
0.268961
0.317481
0.35208
0.377128
0.395555
0.409307
0.419557
0.42636
0.428759
-0.486612
-0.474943
-0.432851
-0.37381
-0.307389
-0.234884
-0.156596
-0.072865
0.0158389
0.108648
0.199263
0.272343
0.323696
0.360134
0.386285
0.405314
0.419349
0.429698
0.436511
0.438854
-0.508709
-0.496941
-0.454315
-0.394362
-0.326721
-0.252638
-0.172366
-0.0861323
0.00573179
0.102543
0.19787
0.275289
0.329851
0.368481
0.396005
0.415817
0.430255
0.440759
0.447583
0.449881
-0.530089
-0.518169
-0.475012
-0.414331
-0.345621
-0.270206
-0.188239
-0.0998131
-0.00507402
0.0955476
0.195618
0.277654
0.335836
0.377066
0.406306
0.427145
0.44213
0.452882
0.45972
0.461991
-0.55077
-0.538694
-0.495059
-0.433754
-0.364147
-0.28762
-0.204225
-0.113918
-0.0166012
0.0876045
0.192379
0.279271
0.341467
0.385755
0.417118
0.439298
0.455034
0.46613
0.473021
0.475308
-0.570858
-0.558548
-0.514566
-0.45265
-0.382284
-0.304864
-0.220298
-0.128406
-0.0288322
0.0786979
0.188042
0.27994
0.346509
0.394322
0.428281
0.452178
0.468954
0.480582
0.487606
0.489789
-0.590247
-0.577786
-0.533433
-0.470963
-0.400001
-0.321871
-0.236385
-0.143215
-0.0417146
0.0688228
0.182556
0.27947
0.350673
0.402439
0.439543
0.465655
0.483803
0.496177
0.503424
0.505483
-0.608975
-0.596292
-0.551631
-0.488669
-0.417245
-0.338576
-0.252415
-0.158259
-0.0551676
0.0580248
0.17588
0.277693
0.353616
0.409728
0.450593
0.479574
0.499504
0.512769
0.520215
0.522105
-0.626861
-0.614074
-0.569063
-0.505714
-0.433949
-0.354896
-0.268298
-0.173441
-0.0691023
0.0463922
0.168006
0.27445
0.354997
0.415738
0.460954
0.49359
0.516008
0.530388
0.537877
0.53944
-0.644022
-0.631085
-0.585728
-0.522057
-0.450048
-0.370778
-0.283933
-0.188666
-0.0834072
0.0340174
0.15899
0.269651
0.354561
0.419883
0.469882
0.507157
0.533252
0.54919
0.556145
0.556895
-0.660307
-0.647239
-0.601568
-0.537646
-0.465466
-0.386135
-0.299238
-0.203808
-0.0979677
0.020997
0.148933
0.263347
0.352106
0.42147
0.476255
0.519196
0.550931
0.570265
0.575872
0.573734
-0.675781
-0.66254
-0.616544
-0.552421
-0.480174
-0.400904
-0.314129
-0.218782
-0.112658
0.00748981
0.137961
0.255588
0.347568
0.420074
0.47886
0.527877
0.567496
0.594622
0.602126
0.590946
-0.690382
-0.677001
-0.630751
-0.566506
-0.494348
-0.41534
-0.328929
-0.233999
-0.127979
-0.00707634
0.125512
0.2458
0.340292
0.415258
0.476336
0.530189
0.578434
0.617647
0.630818
0.626542
-0.704123
-0.690533
-0.644182
-0.579876
-0.507991
-0.429456
-0.343613
-0.249461
-0.143955
-0.0227682
0.111472
0.233767
0.329766
0.406356
0.466645
0.520347
0.569787
0.607889
0.60723
0.53754
-0.716848
-0.702709
-0.656726
-0.592622
-0.521241
-0.443381
-0.358216
-0.265051
-0.160501
-0.039465
0.0959362
0.219586
0.315761
0.393345
0.450435
0.491451
0.533089
0.54552
0.497179
0.421934
-0.728494
-0.715413
-0.668056
-0.604374
-0.533754
-0.456609
-0.372856
-0.280698
-0.17742
-0.0569585
0.0791855
0.203507
0.297946
0.376349
0.430174
0.468754
0.456741
0.427103
0.350206
0.266119
-0.707808
-0.692067
-0.648151
-0.582705
-0.509647
-0.430203
-0.342695
-0.247481
-0.138285
-0.00766471
0.126937
0.234637
0.313825
0.386574
0.459567
0.367891
0.311068
0.239708
0.149896
0.0897015
-0.730032
-0.711967
-0.681075
-0.622034
-0.552958
-0.477182
-0.394898
-0.305397
-0.204953
-0.0866344
0.0501566
0.174722
0.263704
0.331758
0.391347
0.385718
0.25974
0.154294
0.0786416
-0.0284863
-0.745178
-0.72864
-0.690947
-0.631296
-0.562823
-0.488139
-0.407855
-0.320575
-0.222762
-0.10651
0.0299925
0.154284
0.23933
0.29333
0.303274
0.218319
0.028776
-0.0987426
-0.198072
-0.31109
-0.760171
-0.747447
-0.70389
-0.643944
-0.575518
-0.501576
-0.422626
-0.337299
-0.242108
-0.127958
0.00818994
0.130188
0.206847
0.244393
0.203915
0.0236439
-0.198476
-0.36528
-0.507512
-0.680798
-0.777323
-0.76398
-0.718625
-0.657765
-0.589428
-0.51634
-0.438884
-0.35616
-0.264107
-0.152573
-0.0164407
0.105849
0.17203
0.186109
0.0867147
-0.177118
-0.453838
-0.680097
-0.886511
-1.16165
-0.792596
-0.779459
-0.73324
-0.671339
-0.603147
-0.531002
-0.455359
-0.375564
-0.28738
-0.179647
-0.0441232
0.079796
0.138567
0.121323
-0.0474044
-0.37765
-0.715932
-1.03654
-1.32097
-1.89343
-0.806592
-0.794032
-0.747419
-0.685068
-0.617117
-0.545948
-0.472288
-0.395751
-0.312071
-0.20893
-0.0732883
0.0526428
0.102716
0.0456451
-0.201273
-0.562385
-0.943856
-1.3214
-1.6596
-2.28551
-0.820157
-0.808017
-0.761337
-0.698919
-0.631337
-0.561219
-0.489734
-0.416889
-0.33868
-0.241158
-0.105646
0.0261464
0.0676769
-0.0373315
-0.344488
-0.72303
-1.09827
-1.43894
-1.61973
-1.6649
-0.833629
-0.821826
-0.775308
-0.712793
-0.645761
-0.576897
-0.507939
-0.439525
-0.368276
-0.278583
-0.143877
-0.00366458
0.0352293
-0.117228
-0.479486
-0.86612
-1.20543
-1.44054
-1.53476
-1.56566
-0.84698
-0.835483
-0.78896
-0.726449
-0.660058
-0.592642
-0.526596
-0.463524
-0.401163
-0.322499
-0.191082
-0.0363632
0.0019621
-0.20023
-0.607173
-0.995814
-1.34854
-1.47279
-1.48846
-1.52496
-0.860153
-0.848723
-0.802086
-0.739587
-0.673881
-0.608063
-0.545316
-0.488608
-0.437409
-0.375335
-0.252703
-0.0820873
-0.036467
-0.301816
-0.73652
-1.12163
-1.54434
-1.69399
-1.61737
-1.59815
-0.872688
-0.861292
-0.814027
-0.751838
-0.686763
-0.62259
-0.563439
-0.514045
-0.477027
-0.439716
-0.339095
-0.156976
-0.110984
-0.435551
-0.86722
-1.21991
-1.65552
-1.87004
-1.68454
-1.61286
-0.884019
-0.872617
-0.824797
-0.762642
-0.698105
-0.635516
-0.580137
-0.538954
-0.520217
-0.519765
-0.472799
-0.300181
-0.255251
-0.609185
-0.982076
-1.16502
-1.21163
-1.34232
-1.41312
-1.45389
-0.893583
-0.882152
-0.833806
-0.771416
-0.707179
-0.645936
-0.594239
-0.561829
-0.565461
-0.620531
-0.68651
-0.569476
-0.507745
-0.836935
-1.14529
-1.16003
-0.966178
-1.1235
-1.35502
-1.47363
-0.901044
-0.889441
-0.840024
-0.777377
-0.713156
-0.65277
-0.60413
-0.580768
-0.610091
-0.747202
-1.00837
-1.02485
-0.892348
-1.16128
-1.54471
-1.89512
-1.96968
-2.01614
-1.99382
-1.98932
-0.905407
-0.893363
-0.843097
-0.779819
-0.715157
-0.654904
-0.608205
-0.59234
-0.647773
-0.889247
-1.44447
-1.658
-1.36265
-1.58139
-2.08633
-2.89709
-3.36717
-3.35341
-3.05262
-2.8493
-0.906113
-0.893595
-0.842319
-0.778063
-0.712392
-0.651216
-0.604528
-0.593162
-0.667398
-1.00669
-1.90406
-2.28623
-1.71364
-1.68384
-2.18665
-3.17829
-3.76036
-3.55482
-3.04443
-2.73481
-0.902802
-0.889726
-0.837231
-0.771629
-0.704283
-0.640898
-0.591508
-0.577869
-0.658151
-1.03231
-2.09792
-2.53606
-1.62056
-1.18902
-1.1456
-1.41072
-1.61205
-1.40629
-1.09572
-0.923983
-0.895309
-0.881756
-0.827687
-0.760375
-0.690667
-0.623702
-0.568645
-0.545086
-0.604897
-0.921407
-1.8505
-2.04684
-0.970465
-0.202002
0.297025
0.553076
0.701432
0.827261
0.904208
0.926833
-0.883821
-0.869739
-0.814
-0.744543
-0.671931
-0.600331
-0.536968
-0.496621
-0.514465
-0.692062
-1.18627
-1.02299
-0.157948
0.517889
0.999331
1.31465
1.50576
1.6045
1.64152
1.64518
-0.868164
-0.853636
-0.796125
-0.724655
-0.648846
-0.572125
-0.499257
-0.438954
-0.407686
-0.437536
-0.510173
-0.182896
0.388664
0.881292
1.21405
1.43623
1.57757
1.66003
1.7019
1.71616
-0.847607
-0.833354
-0.774871
-0.700837
-0.622257
-0.540789
-0.459004
-0.380288
-0.307814
-0.235541
-0.0923482
0.222248
0.605212
0.944961
1.18021
1.33832
1.44463
1.51497
1.55825
1.57613
-0.82096
-0.808005
-0.748025
-0.672909
-0.59225
-0.507293
-0.418787
-0.326661
-0.227284
-0.103385
0.0941023
0.376266
0.65208
0.887133
1.06017
1.18286
1.27063
1.33348
1.37538
1.39279
-0.784323
-0.773192
-0.713977
-0.638795
-0.557631
-0.47132
-0.379415
-0.28001
-0.167204
-0.0245035
0.174558
0.410298
0.622097
0.795819
0.928558
1.02773
1.10232
1.15837
1.19856
1.21715
-0.732007
-0.723692
-0.668076
-0.595029
-0.51626
-0.431426
-0.339954
-0.239198
-0.123573
0.0192262
0.201023
0.39452
0.560218
0.693945
0.798366
0.878963
0.942202
0.992038
1.03043
1.04633
-0.657712
-0.649327
-0.603172
-0.537485
-0.464535
-0.385096
-0.298307
-0.201874
-0.0914742
0.0410302
0.198947
0.355397
0.484267
0.586928
0.667486
0.730738
0.781341
0.823599
0.85812
0.875629
-0.552639
-0.547274
-0.516199
-0.461857
-0.398811
-0.329354
-0.25235
-0.165806
-0.066664
0.0504289
0.183469
0.309807
0.410271
0.488399
0.548465
0.594514
0.629706
0.656457
0.676628
0.688419
-0.418866
-0.417752
-0.400139
-0.363155
-0.316925
-0.263433
-0.201438
-0.129498
-0.0453184
0.0541537
0.166985
0.271816
0.353952
0.416673
0.463666
0.498328
0.523519
0.541699
0.55397
0.558718
-0.289063
-0.288943
-0.280335
-0.258986
-0.229601
-0.192795
-0.147184
-0.0913037
-0.0232928
0.0587791
0.151752
0.237279
0.303302
0.352698
0.388574
0.413871
0.43124
0.4425
0.449038
0.451307
-0.17645
-0.177166
-0.173688
-0.163492
-0.147519
-0.124959
-0.0942112
-0.0534399
-0.0010597
0.0644192
0.139692
0.208813
0.261409
0.299823
0.326988
0.345532
0.357414
0.364553
0.368271
0.369464
-0.090211
-0.0910182
-0.0909444
-0.0881786
-0.0810563
-0.0683088
-0.0485051
-0.0197248
0.0195166
0.0705227
0.130282
0.18523
0.226656
0.256528
0.277018
0.290333
0.298558
0.303225
0.305401
0.305923
-0.0322575
-0.0329243
-0.0342949
-0.0350412
-0.0328821
-0.0262296
-0.0135964
0.00651041
0.0357802
0.0750072
0.121855
0.165092
0.197386
0.220184
0.235573
0.245586
0.251418
0.254434
0.255681
0.255923
0.00346351
0.00302887
0.00174351
0.000393949
0.000826833
0.00429317
0.0121649
0.0259931
0.0478165
0.0776845
0.114045
0.147691
0.172759
0.190495
0.202299
0.209511
0.213605
0.21563
0.21632
0.216432
0.0248893
0.0246148
0.023789
0.0228392
0.0230613
0.0254198
0.0309106
0.0407344
0.0563277
0.0791271
0.107322
0.133476
0.152827
0.166561
0.175094
0.18039
0.183359
0.18474
0.185164
0.185215
0.0384028
0.0382279
0.0377468
0.0371893
0.0373884
0.0390609
0.043057
0.0503749
0.0620157
0.078822
0.100847
0.120951
0.135966
0.14611
0.152734
0.156736
0.158914
0.159893
0.160172
0.160202
0.0470582
0.0469474
0.0466629
0.0463524
0.0465924
0.0478875
0.0508452
0.0562596
0.0650309
0.0779492
0.0944811
0.110045
0.121451
0.129254
0.134267
0.137269
0.138891
0.139605
0.1398
0.139818
0.0522313
0.0521589
0.0519876
0.0518168
0.0520607
0.0530961
0.055384
0.0595115
0.0661652
0.0759829
0.0885072
0.100326
0.10903
0.11498
0.118798
0.121071
0.122283
0.122802
0.122934
0.122944
0.0547995
0.054749
0.0546459
0.0545613
0.0547922
0.0556147
0.0573737
0.0605236
0.0655974
0.0730724
0.0825875
0.0915783
0.0982214
0.102763
0.105663
0.107379
0.108285
0.108666
0.108756
0.10876
0.0554383
0.0554011
0.0553408
0.0553115
0.0555264
0.0561902
0.0575598
0.0599776
0.0638492
0.0695403
0.0767776
0.0836197
0.0886795
0.0921276
0.0943248
0.0956187
0.0962955
0.0965733
0.0966336
0.0966327
0.0546442
0.0546159
0.0545789
0.0545768
0.0547644
0.0552939
0.0563593
0.0582189
0.0611785
0.0655179
0.0710284
0.0762427
0.0800786
0.0826954
0.0843583
0.0853331
0.0858388
0.0860414
0.0860809
0.0860774
0.0527657
0.0527439
0.0527195
0.0527283
0.0528849
0.0533028
0.054129
0.0555579
0.0578211
0.0611303
0.0653276
0.0692905
0.0722054
0.0741894
0.0754463
0.0761791
0.0765548
0.0767011
0.0767252
0.07672
0.0500564
0.0500393
0.0500219
0.050033
0.050159
0.0504855
0.0511232
0.0522188
0.0539485
0.0564705
0.0596655
0.062674
0.0648874
0.06639
0.0673382
0.0678879
0.0681667
0.0682716
0.0682854
0.0682797
0.0467068
0.0466934
0.0466801
0.0466898
0.0467879
0.0470395
0.0475285
0.0483666
0.0496853
0.0516061
0.0540346
0.0563191
0.0579947
0.0591302
0.0598447
0.0602563
0.0604622
0.0605368
0.0605435
0.0605377
0.0428641
0.0428537
0.0428431
0.0428499
0.0429244
0.0431161
0.0434889
0.0441272
0.0451305
0.0465895
0.0484323
0.0501613
0.0514286
0.0522843
0.0528206
0.0531279
0.0532794
0.0533318
0.0533339
0.0533284
0.0386428
0.0386347
0.0386258
0.0386297
0.038685
0.0388294
0.0391116
0.0395953
0.0403552
0.0414598
0.0428526
0.0441582
0.0451131
0.0457563
0.0461573
0.0463848
0.0464953
0.0465315
0.0465308
0.0465256
0.0341307
0.0341242
0.0341165
0.0341179
0.0341581
0.0342658
0.0344774
0.0348407
0.035412
0.0362432
0.0372905
0.0382718
0.0389875
0.0394675
0.0397648
0.0399318
0.0400111
0.040035
0.0400321
0.0400274
0.0293976
0.0293925
0.0293856
0.0293849
0.029413
0.0294914
0.0296476
0.0299175
0.0303436
0.0309628
0.0317426
0.0324715
0.0330024
0.0333573
0.0335762
0.0336982
0.0337546
0.0337699
0.0337659
0.0337617
0.0244987
0.0244947
0.0244886
0.024486
0.0245045
0.02456
0.0246728
0.0248693
0.0251809
0.0256351
0.0262076
0.0267417
0.0271298
0.0273879
0.0275458
0.0276321
0.0276705
0.0276791
0.0276743
0.0276706
0.0194748
0.0194718
0.0194662
0.0194622
0.0194731
0.0195105
0.0195891
0.019728
0.0199492
0.0202724
0.020681
0.0210619
0.0213379
0.0215204
0.0216305
0.0216892
0.0217136
0.0217169
0.0217112
0.0217078
0.0143585
0.0143562
0.014351
0.0143461
0.0143511
0.0143743
0.014426
0.0145192
0.0146686
0.0148872
0.0151626
0.0154195
0.0156041
0.015725
0.015797
0.0158344
0.0158486
0.0158485
0.0158428
0.0158398
0.00917627
0.00917459
0.00916979
0.00916426
0.00916534
0.00917793
0.00920774
0.0092624
0.00935117
0.00948208
0.0096468
0.00980018
0.00991018
0.00998232
0.0100248
0.0100458
0.0100521
0.0100493
0.0100434
0.0100407
0.00131827
0.00131748
0.0013152
0.00131308
0.00131289
0.00131535
0.00132077
0.00133023
0.00134482
0.00136642
0.00138932
0.00140792
0.00142033
0.00142775
0.00143159
0.00143285
0.00143113
0.00142865
0.00142689
0.00429013
-2.34168
-1.28818
-0.707008
-0.348606
-0.0822125
0.125374
0.292191
0.435576
0.576676
0.683708
-0.861991
-0.553623
-0.288568
-0.0734903
0.104489
0.252582
0.376486
0.479138
0.545642
0.558772
-0.344444
-0.174707
-0.0158944
0.125402
0.247217
0.350988
0.436886
0.502666
0.545577
0.568507
-0.0394999
0.0687718
0.174
0.270831
0.355927
0.428747
0.488444
0.534812
0.569003
0.591123
0.166756
0.240958
0.314753
0.383944
0.445091
0.497982
0.542237
0.578177
0.606433
0.625349
0.321051
0.370275
0.428007
0.479635
0.526044
0.566981
0.602225
0.631692
0.655509
0.671071
0.442815
0.482208
0.52748
0.568084
0.606157
0.640573
0.670689
0.696117
0.716649
0.729285
0.547466
0.581969
0.62077
0.657402
0.691656
0.722951
0.750434
0.773488
0.791647
0.801811
0.645839
0.680497
0.718644
0.755107
0.788518
0.818632
0.844652
0.866083
0.882328
0.891004
0.752364
0.791081
0.830876
0.868665
0.901993
0.930957
0.955323
0.975039
0.989706
0.998521
0.881964
0.925071
0.96499
1.0018
1.03302
1.05936
1.08142
1.09951
1.11337
1.12377
1.0451
1.08707
1.12124
1.15111
1.1761
1.19804
1.21796
1.2357
1.25068
1.26353
1.23632
1.26739
1.28904
1.30836
1.32658
1.34404
1.3605
1.37651
1.39318
1.41025
1.43472
1.44626
1.4575
1.47176
1.48616
1.49909
1.51057
1.52157
1.53461
1.55156
1.62082
1.63079
1.63953
1.64213
1.6431
1.64746
1.65838
1.67437
1.69199
1.6966
1.92209
1.8667
1.81584
1.77556
1.75337
1.74939
1.76295
1.79685
1.8533
1.92884
0.450474
0.39178
0.349502
0.315826
0.291394
0.274097
0.261875
0.253244
0.247368
0.243982
0.243442
0.245888
0.250821
0.258233
0.268673
0.283334
0.30402
0.332853
0.371374
0.419088
0.251719
0.260648
0.266453
0.267451
0.264249
0.258554
0.252501
0.247365
0.243741
0.242053
0.242926
0.246011
0.250703
0.256595
0.262831
0.267671
0.268997
0.265545
0.257799
0.250093
0.228191
0.230281
0.235257
0.23926
0.24227
0.244169
0.244328
0.242944
0.24095
0.239385
0.239187
0.24064
0.242874
0.24493
0.245799
0.244838
0.242391
0.23899
0.234441
0.229823
0.220982
0.221906
0.224888
0.228311
0.230895
0.232617
0.23383
0.234544
0.234699
0.234625
0.234799
0.235286
0.235708
0.235577
0.234797
0.233496
0.231474
0.228465
0.225103
0.222848
0.215668
0.216076
0.218222
0.221441
0.224408
0.226865
0.22862
0.229724
0.230381
0.230744
0.231066
0.231377
0.231337
0.230799
0.229619
0.227651
0.225039
0.221962
0.219101
0.217877
0.214442
0.214595
0.215641
0.217376
0.219148
0.220904
0.222563
0.224029
0.225165
0.225985
0.226477
0.226538
0.226135
0.225247
0.223979
0.222444
0.220784
0.219094
0.217632
0.217109
0.213408
0.213473
0.214009
0.214989
0.216106
0.217278
0.218489
0.219675
0.220732
0.221602
0.222186
0.222344
0.222061
0.221431
0.220546
0.219612
0.218646
0.217687
0.216938
0.216695
0.211459
0.211487
0.211751
0.212318
0.213011
0.213856
0.214876
0.215928
0.216977
0.217931
0.21864
0.218906
0.21875
0.218299
0.217673
0.217112
0.216549
0.215999
0.215635
0.21553
0.208679
0.208692
0.208846
0.209221
0.209728
0.210335
0.211045
0.211875
0.212805
0.213767
0.214606
0.215092
0.215221
0.21513
0.214926
0.214619
0.214314
0.214002
0.213809
0.213762
0.20552
0.205529
0.205632
0.205893
0.206284
0.206789
0.207434
0.208228
0.209166
0.210218
0.211236
0.211957
0.212323
0.212447
0.212419
0.212309
0.212164
0.212012
0.211923
0.211901
0.201987
0.201995
0.20207
0.202261
0.202566
0.202996
0.203584
0.204361
0.20535
0.206536
0.207793
0.208797
0.209431
0.209795
0.209982
0.210056
0.210063
0.210039
0.210024
0.21002
0.198086
0.198093
0.198163
0.198328
0.198605
0.199023
0.199625
0.200458
0.201566
0.202966
0.204531
0.20587
0.206796
0.207395
0.207767
0.207987
0.208107
0.208168
0.208198
0.208205
0.193785
0.19379
0.193862
0.194033
0.194322
0.194771
0.195437
0.196389
0.197694
0.199392
0.201355
0.2031
0.204336
0.205203
0.205768
0.206127
0.206347
0.206475
0.20654
0.206555
0.18905
0.189056
0.189136
0.18933
0.189661
0.190183
0.190969
0.192109
0.193695
0.195794
0.198266
0.200498
0.202148
0.203284
0.204054
0.204555
0.20487
0.205058
0.205154
0.205177
0.183803
0.183811
0.183907
0.184141
0.184542
0.185177
0.186139
0.187543
0.189512
0.192139
0.195257
0.198103
0.200208
0.201687
0.202691
0.203351
0.20377
0.204022
0.204152
0.204182
0.177926
0.177935
0.178056
0.178348
0.178849
0.179643
0.180847
0.182609
0.185084
0.188394
0.192332
0.195937
0.198608
0.200493
0.201776
0.202622
0.203161
0.203486
0.203653
0.203692
0.171257
0.171268
0.171423
0.171794
0.172432
0.17344
0.17497
0.177205
0.18034
0.184527
0.189503
0.194052
0.19742
0.1998
0.201422
0.202492
0.203174
0.203587
0.203797
0.203847
0.163576
0.163591
0.163792
0.164269
0.165091
0.166387
0.168348
0.171205
0.175198
0.180508
0.186792
0.192517
0.196747
0.199734
0.201769
0.203112
0.203968
0.204487
0.204751
0.204813
0.154589
0.15461
0.154872
0.155493
0.156562
0.158246
0.160782
0.164456
0.169564
0.176311
0.184238
0.191422
0.196714
0.200445
0.202988
0.204665
0.205734
0.20638
0.206709
0.206787
0.143889
0.143917
0.144264
0.145083
0.146496
0.14871
0.152018
0.156775
0.163333
0.171913
0.181897
0.190879
0.197473
0.202118
0.205282
0.207371
0.2087
0.209502
0.209909
0.210005
0.130902
0.13094
0.131406
0.132508
0.134413
0.137379
0.141741
0.147936
0.156393
0.167307
0.179845
0.191026
0.199203
0.204961
0.208889
0.211487
0.21314
0.214131
0.214631
0.21475
0.114807
0.11486
0.115497
0.117018
0.11964
0.123649
0.129485
0.137673
0.148625
0.162505
0.178182
0.192016
0.202101
0.209211
0.214081
0.217315
0.219379
0.220612
0.221228
0.221372
0.0944094
0.0944869
0.0953878
0.0975658
0.101284
0.106844
0.114791
0.125701
0.13995
0.157558
0.177034
0.194014
0.206364
0.215107
0.221142
0.225189
0.227798
0.229365
0.23014
0.230313
0.0678204
0.0679383
0.069301
0.0726157
0.0781159
0.0860865
0.0971701
0.111881
0.130423
0.152621
0.176578
0.197195
0.212176
0.222866
0.230342
0.235445
0.238802
0.24086
0.241881
0.242099
0.0316822
0.0318913
0.034275
0.03988
0.0485771
0.0605536
0.0763768
0.0963083
0.120307
0.147986
0.177052
0.201728
0.219668
0.232621
0.241872
0.248365
0.252787
0.2556
0.257028
0.257336
-0.0204791
-0.0198115
-0.0143577
-0.00354935
0.0112366
0.029845
0.0525604
0.0793727
0.110032
0.143996
0.178656
0.207681
0.228816
0.244303
0.25567
0.263977
0.269957
0.274033
0.276294
0.276817
-0.0975488
-0.0937562
-0.0787294
-0.0571282
-0.032484
-0.0045946
0.0268513
0.0618061
0.0999833
0.140862
0.181618
0.215448
0.240252
0.258806
0.272923
0.283825
0.292356
0.298882
0.303162
0.304857
-0.179306
-0.17024
-0.143214
-0.110959
-0.0762707
-0.0389658
0.0011912
0.0442655
0.0901387
0.13843
0.186161
0.225855
0.255321
0.277858
0.295558
0.309826
0.321562
0.331365
0.340219
0.342946
-0.243404
-0.234546
-0.200535
-0.160111
-0.117002
-0.0713211
-0.0230667
0.0277471
0.0809778
0.136287
0.190486
0.235375
0.268663
0.294143
0.314164
0.330227
0.343321
0.354002
0.36232
0.364953
-0.294142
-0.284663
-0.247137
-0.201603
-0.152453
-0.100316
-0.0453651
0.0121729
0.0720264
0.133748
0.193725
0.242953
0.279111
0.306454
0.327603
0.344284
0.357682
0.368479
0.376703
0.379521
-0.334897
-0.325345
-0.285936
-0.236557
-0.182943
-0.125827
-0.0654903
-0.00229279
0.0633289
0.130776
0.195979
0.249062
0.287594
0.316335
0.338251
0.355278
0.368732
0.379371
0.387351
0.390267
-0.369196
-0.359646
-0.319069
-0.266855
-0.209711
-0.148569
-0.0837686
-0.0157155
0.0550494
0.127761
0.197814
0.254402
0.29503
0.324948
0.347448
0.36468
0.378112
0.388628
0.396396
0.399376
-0.39909
-0.389592
-0.348289
-0.293895
-0.233921
-0.169419
-0.10078
-0.028464
0.0469076
0.124438
0.199061
0.259051
0.301741
0.332826
0.355922
0.373402
0.386869
0.397312
0.404891
0.407872
-0.426015
-0.416523
-0.374664
-0.318532
-0.256271
-0.188995
-0.117091
-0.0410464
0.0385248
0.120643
0.199798
0.263272
0.308126
0.340474
0.364247
0.382033
0.395586
0.405984
0.413411
0.416389
-0.450827
-0.441324
-0.399024
-0.341478
-0.27734
-0.207736
-0.133011
-0.0536167
0.0298342
0.116352
0.200041
0.267158
0.314385
0.348172
0.372752
0.390941
0.404645
0.415055
0.422343
0.425281
-0.474215
-0.464659
-0.42196
-0.36323
-0.297507
-0.225899
-0.148719
-0.066352
0.0206633
0.111408
0.199702
0.27072
0.320607
0.356086
0.381656
0.400371
0.414296
0.424744
0.431882
0.434816
-0.496556
-0.486913
-0.443846
-0.384139
-0.317085
-0.243763
-0.164452
-0.0794276
0.0108888
0.105711
0.198683
0.273896
0.326803
0.36429
0.39109
0.41049
0.42474
0.435278
0.442348
0.445224
-0.518118
-0.508354
-0.464898
-0.404387
-0.336199
-0.261422
-0.180269
-0.092905
0.000434745
0.0991706
0.196865
0.276571
0.332896
0.37277
0.401105
0.421402
0.436114
0.446824
0.453849
0.456625
-0.538959
-0.529101
-0.485215
-0.424089
-0.354911
-0.278915
-0.196203
-0.1068
-0.0107376
0.0917091
0.194124
0.278583
0.338736
0.381428
0.411665
0.433128
0.448489
0.459481
0.466519
0.469134
-0.559181
-0.549174
-0.50496
-0.443252
-0.373248
-0.296254
-0.212244
-0.121106
-0.0226192
0.0832805
0.190356
0.279751
0.344105
0.390086
0.422671
0.445651
0.461889
0.473317
0.480453
0.482862
-0.578794
-0.568684
-0.524137
-0.461868
-0.391182
-0.31339
-0.228333
-0.135765
-0.0351885
0.0738798
0.185462
0.279874
0.348732
0.398492
0.433953
0.458893
0.476291
0.48829
0.495559
0.49784
-0.597745
-0.587517
-0.542669
-0.47988
-0.408675
-0.330253
-0.244408
-0.150707
-0.0483731
0.0635433
0.179381
0.278755
0.352303
0.4063
0.445215
0.47265
0.491617
0.504408
0.511853
0.51396
-0.615952
-0.605579
-0.560462
-0.497267
-0.425661
-0.346783
-0.260374
-0.165839
-0.0620802
0.0523127
0.172099
0.276244
0.354527
0.413017
0.455991
0.486638
0.507699
0.521485
0.529055
0.53089
-0.633398
-0.6229
-0.57751
-0.513968
-0.44207
-0.362896
-0.276147
-0.181056
-0.0762221
0.0402884
0.16364
0.272254
0.355067
0.418078
0.465633
0.500496
0.524554
0.539636
0.547009
0.548321
-0.650052
-0.639498
-0.593767
-0.529942
-0.457838
-0.378517
-0.29163
-0.196251
-0.0906729
0.0275675
0.154084
0.266732
0.353667
0.420902
0.473298
0.513454
0.542093
0.559394
0.565768
0.565516
-0.665839
-0.655171
-0.609185
-0.545132
-0.47291
-0.39359
-0.306744
-0.21133
-0.10531
0.0142886
0.143544
0.259675
0.350134
0.421113
0.478055
0.524145
0.55962
0.582158
0.587765
0.582668
-0.68086
-0.669994
-0.623757
-0.559532
-0.487309
-0.408135
-0.321516
-0.226328
-0.120183
0.000406814
0.131981
0.250973
0.344323
0.418175
0.478435
0.530105
0.57437
0.607663
0.621072
0.607462
-0.695094
-0.684008
-0.637597
-0.57328
-0.501235
-0.422435
-0.336294
-0.241701
-0.135881
-0.0147733
0.118697
0.240028
0.335422
0.411404
0.472549
0.527105
0.578024
0.616717
0.63428
0.584515
-0.708873
-0.69687
-0.650618
-0.586312
-0.514631
-0.436428
-0.350914
-0.257225
-0.152153
-0.0309923
0.103897
0.227
0.323263
0.40036
0.459192
0.508333
0.555012
0.586839
0.556995
0.483582
-0.723036
-0.708399
-0.662658
-0.598784
-0.527745
-0.450235
-0.365563
-0.272894
-0.168949
-0.0481574
0.0876859
0.211804
0.307372
0.385268
0.440661
0.467647
0.501308
0.494289
0.428137
0.348443
-0.736037
-0.738516
-0.673411
-0.6083
-0.538185
-0.461481
-0.379684
-0.288124
-0.185601
-0.0655577
0.0708474
0.195081
0.287862
0.367531
0.411479
0.37797
0.403266
0.349322
0.265447
0.176352
-0.705192
-0.706653
-0.652883
-0.58785
-0.515123
-0.436234
-0.351281
-0.256911
-0.148449
-0.017999
0.116644
0.22297
0.298551
0.365947
0.4086
0.291679
0.195401
0.118594
0.028688
-0.16494
-0.741949
-0.718431
-0.661684
-0.596754
-0.524766
-0.447107
-0.363829
-0.271678
-0.165095
-0.0348011
0.100592
0.203004
0.269569
0.307619
0.273592
0.115063
-0.0414477
-0.148577
-0.257376
-0.473747
-0.761014
-0.731379
-0.675778
-0.610712
-0.539387
-0.462984
-0.381051
-0.291431
-0.187993
-0.0599999
0.0757787
0.175417
0.23085
0.240504
0.137338
-0.0929817
-0.289237
-0.433691
-0.596695
-0.903294
-0.778667
-0.745848
-0.689917
-0.624418
-0.553621
-0.478423
-0.39853
-0.311973
-0.21218
-0.0859686
0.0499502
0.146468
0.186912
0.160673
-0.0306495
-0.31865
-0.574252
-0.778517
-1.02067
-1.5458
-0.794194
-0.760513
-0.703775
-0.637934
-0.567675
-0.493782
-0.416262
-0.33323
-0.237391
-0.113192
0.0250764
0.118789
0.140025
0.0612566
-0.209846
-0.546181
-0.87868
-1.18144
-1.53127
-2.61625
-0.808313
-0.774761
-0.717642
-0.651702
-0.582027
-0.509571
-0.434674
-0.355647
-0.264583
-0.143401
-0.00285889
0.0907817
0.0898644
-0.045011
-0.380151
-0.750215
-1.13545
-1.49165
-1.84767
-3.20583
-0.821955
-0.78869
-0.7315
-0.665678
-0.596669
-0.525776
-0.453794
-0.379494
-0.29445
-0.177334
-0.0326263
0.0619886
0.0385327
-0.154707
-0.534477
-0.911788
-1.27775
-1.55872
-1.63987
-1.70961
-0.835416
-0.802224
-0.745292
-0.679773
-0.611599
-0.542522
-0.473978
-0.4054
-0.328071
-0.216573
-0.0660998
0.0338323
-0.00935411
-0.279666
-0.672336
-1.04838
-1.3372
-1.51058
-1.55858
-1.56968
-0.84884
-0.815696
-0.758759
-0.693684
-0.626497
-0.559491
-0.494984
-0.433341
-0.366554
-0.264194
-0.106933
0.00611223
-0.0672487
-0.405029
-0.798055
-1.18926
-1.45016
-1.46023
-1.50675
-1.53076
-0.862045
-0.828772
-0.771722
-0.707084
-0.640961
-0.576286
-0.516349
-0.463121
-0.410586
-0.323629
-0.161938
-0.0302395
-0.129974
-0.532169
-0.924456
-1.33093
-1.69644
-1.65773
-1.60618
-1.5954
-0.874654
-0.84128
-0.783842
-0.719561
-0.654497
-0.592287
-0.537443
-0.494428
-0.460704
-0.401533
-0.246876
-0.0996036
-0.227251
-0.668813
-1.04616
-1.41463
-1.86055
-1.7798
-1.63865
-1.59809
-0.886016
-0.852384
-0.794523
-0.730543
-0.666446
-0.606687
-0.557412
-0.526573
-0.519311
-0.509115
-0.392304
-0.23669
-0.388972
-0.820241
-1.09944
-1.19713
-1.21793
-1.37064
-1.44214
-1.45096
-0.895742
-0.861208
-0.803352
-0.739378
-0.67601
-0.618507
-0.575073
-0.558213
-0.587218
-0.666394
-0.649816
-0.491712
-0.631824
-1.02173
-1.20707
-1.05696
-1.02407
-1.24924
-1.43339
-1.49342
-0.903157
-0.867563
-0.809412
-0.745283
-0.682257
-0.626459
-0.58834
-0.586724
-0.661193
-0.884559
-1.07898
-0.905744
-0.989235
-1.34399
-1.74302
-1.93951
-2.00612
-2.00878
-1.98886
-2.00014
-0.907623
-0.871103
-0.812157
-0.747466
-0.68421
-0.629212
-0.594987
-0.607888
-0.732506
-1.14898
-1.69318
-1.46202
-1.4138
-1.77961
-2.4751
-3.20949
-3.415
-3.20628
-2.92683
-2.80935
-0.908384
-0.87081
-0.810898
-0.745213
-0.680946
-0.625341
-0.592544
-0.614724
-0.782008
-1.39004
-2.32744
-1.97001
-1.62572
-1.86252
-2.63729
-3.59563
-3.74085
-3.2925
-2.85632
-2.68019
-0.905153
-0.866349
-0.805177
-0.738005
-0.67181
-0.613731
-0.578263
-0.600024
-0.782434
-1.47719
-2.61097
-2.0444
-1.34481
-1.12033
-1.2513
-1.55877
-1.55098
-1.24328
-0.987898
-0.890766
-0.897794
-0.857498
-0.794842
-0.725701
-0.656588
-0.594052
-0.551226
-0.559184
-0.710935
-1.31117
-2.24256
-1.47462
-0.551203
0.0916807
0.449655
0.630348
0.766818
0.872552
0.921656
0.92863
-0.886448
-0.844698
-0.780138
-0.708546
-0.635842
-0.567166
-0.512752
-0.494911
-0.572517
-0.911801
-1.30906
-0.571873
0.201903
0.784964
1.17103
1.42557
1.56526
1.629
1.64611
1.64385
-0.870708
-0.828288
-0.761389
-0.687209
-0.610547
-0.534986
-0.466999
-0.41847
-0.412771
-0.481499
-0.424436
0.101851
0.650269
1.06524
1.33587
1.51587
1.62513
1.68508
1.712
1.71705
-0.850158
-0.807016
-0.738578
-0.66218
-0.581913
-0.499929
-0.419241
-0.343418
-0.273303
-0.181963
0.0473922
0.414633
0.785522
1.07468
1.26696
1.39677
1.48359
1.53976
1.57043
1.57734
-0.823689
-0.781318
-0.711569
-0.633307
-0.550422
-0.463629
-0.373461
-0.278554
-0.170629
-0.0159764
0.230157
0.517047
0.77651
0.980992
1.12674
1.23032
1.30479
1.35726
1.38686
1.3943
-0.7869
-0.74763
-0.677481
-0.598931
-0.515295
-0.426304
-0.331043
-0.226052
-0.101385
0.0687991
0.2929
0.520059
0.714024
0.866891
0.981706
1.06759
1.13253
1.18021
1.21136
1.21839
-0.734445
-0.701145
-0.63237
-0.556546
-0.474719
-0.386887
-0.291108
-0.183952
-0.0568569
0.107162
0.300228
0.481164
0.630926
0.749415
0.841336
0.912405
0.968634
1.01276
1.04134
1.04798
-0.660031
-0.630724
-0.571342
-0.502061
-0.42577
-0.342873
-0.251637
-0.148975
-0.0290039
0.119007
0.280283
0.423232
0.538598
0.629615
0.700945
0.757279
0.80331
0.842104
0.869596
0.877755
-0.551411
-0.535847
-0.490502
-0.431285
-0.365005
-0.292015
-0.21054
-0.11821
-0.0108466
0.117329
0.249735
0.363043
0.451821
0.520388
0.572991
0.613292
0.643987
0.6673
0.683983
0.690193
-0.419169
-0.411897
-0.383095
-0.341018
-0.291185
-0.23367
-0.166902
-0.0892285
0.00221944
0.11056
0.222322
0.315508
0.38748
0.441894
0.482337
0.511943
0.533347
0.548655
0.557336
0.558948
-0.289501
-0.286287
-0.270861
-0.245144
-0.212282
-0.171178
-0.120708
-0.0589961
0.0157806
0.105454
0.197019
0.27254
0.329863
0.372134
0.402368
0.423412
0.437566
0.44631
0.450612
0.451455
-0.177079
-0.176198
-0.169322
-0.156215
-0.137194
-0.110747
-0.0751882
-0.0288503
0.0299186
0.102174
0.176367
0.23703
0.282203
0.314627
0.337213
0.352191
0.361477
0.366824
0.369116
0.369334
-0.0906751
-0.0912119
-0.089986
-0.0852314
-0.0754597
-0.0594063
-0.0353101
-0.00152773
0.0434607
0.100436
0.159485
0.207514
0.242893
0.267819
0.284435
0.294979
0.301273
0.304573
0.305813
0.305788
-0.0325752
-0.033511
-0.0349107
-0.0343988
-0.0301985
-0.0207391
-0.00457719
0.0199527
0.0540693
0.0983918
0.144857
0.182534
0.20985
0.228671
0.241249
0.248934
0.253216
0.255229
0.255892
0.255809
0.00327498
0.00252711
0.00093311
0.000319774
0.00212054
0.0075947
0.0182557
0.0355203
0.0616161
0.095799
0.131957
0.161232
0.182444
0.197084
0.206383
0.21188
0.214831
0.216093
0.216426
0.216348
0.0247658
0.0242996
0.023238
0.0227485
0.0239254
0.0277156
0.0352033
0.0477208
0.0666874
0.0931782
0.121254
0.143963
0.16015
0.171297
0.178091
0.18212
0.184212
0.185032
0.185218
0.18515
0.0383171
0.0380463
0.0374219
0.0371559
0.0379984
0.0407164
0.0462434
0.0556004
0.06972
0.0901397
0.111579
0.128949
0.141526
0.14981
0.155014
0.158014
0.159524
0.160088
0.160206
0.160151
0.0469991
0.0468423
0.0464731
0.0463763
0.0470788
0.049119
0.0531952
0.0601746
0.0709314
0.0861116
0.102782
0.116242
0.125755
0.132061
0.135979
0.138223
0.139339
0.139743
0.139822
0.139778
0.0521896
0.0520974
0.0518754
0.0518665
0.0524574
0.0540534
0.0571806
0.062481
0.0706464
0.0821695
0.0947989
0.105056
0.112313
0.117119
0.120097
0.121787
0.122611
0.122897
0.122948
0.122912
0.0547687
0.0547125
0.0545825
0.0546223
0.055113
0.0563541
0.0587452
0.0627871
0.0690119
0.0777726
0.0873702
0.0951875
0.100729
0.10439
0.106646
0.107916
0.108527
0.108732
0.108765
0.108734
0.0554149
0.0553795
0.0553091
0.0553773
0.0557898
0.0567694
0.0586151
0.0617066
0.0664497
0.0731167
0.0804123
0.0863744
0.0905837
0.0933613
0.0950665
0.0960205
0.0964738
0.0966191
0.0966377
0.0966124
0.0546261
0.0546022
0.054564
0.0546387
0.054977
0.0557464
0.0571724
0.0595418
0.0631631
0.0682409
0.0738013
0.0783255
0.0815247
0.0836299
0.0849177
0.0856343
0.0859699
0.0860727
0.0860823
0.0860611
0.0527517
0.0527344
0.0527127
0.0527821
0.053054
0.0536547
0.054755
0.0565708
0.0593344
0.0632058
0.0674362
0.0708752
0.0733025
0.0748963
0.0758677
0.0764036
0.0766504
0.0767215
0.0767246
0.0767071
0.0500455
0.0500323
0.0500186
0.0500771
0.0502917
0.0507579
0.051604
0.0529937
0.0551026
0.0580507
0.0612669
0.0638777
0.0657187
0.0669239
0.0676548
0.0680552
0.0682361
0.0682846
0.0682838
0.0682695
0.0466982
0.0466879
0.046678
0.0467244
0.0468904
0.0472485
0.0478964
0.0489577
0.050565
0.0528079
0.055252
0.0572309
0.0586231
0.059533
0.0600822
0.0603803
0.0605123
0.0605444
0.0605412
0.0605296
0.0428575
0.0428493
0.0428412
0.0428761
0.0430025
0.0432755
0.0437692
0.0445769
0.0457985
0.047502
0.0493538
0.0508511
0.0519026
0.0525869
0.0529983
0.0532196
0.0533153
0.0533359
0.0533315
0.0533221
0.0386377
0.0386311
0.0386237
0.0386489
0.0387437
0.0389499
0.0393241
0.0399361
0.0408613
0.0421498
0.0435484
0.0446784
0.0454697
0.0459829
0.0462892
0.0464521
0.0465206
0.0465333
0.0465283
0.0465205
0.0341267
0.0341211
0.0341142
0.0341317
0.0342017
0.0343561
0.0346369
0.0350967
0.0357928
0.036762
0.037814
0.038662
0.0392541
0.0396357
0.0398619
0.0399804
0.0400284
0.040035
0.0400297
0.0400235
0.0293946
0.0293897
0.0293831
0.0293943
0.0294446
0.0295579
0.029766
0.0301085
0.0306274
0.0313492
0.0321315
0.032761
0.0331996
0.0334813
0.0336473
0.0337331
0.0337662
0.0337688
0.0337636
0.0337587
0.0244964
0.0244923
0.0244857
0.0244918
0.0245267
0.0246079
0.0247588
0.0250089
0.025389
0.0259189
0.0264928
0.0269536
0.0272733
0.0274777
0.0275964
0.0276562
0.0276776
0.0276773
0.0276722
0.0276683
0.0194731
0.0194696
0.0194631
0.0194652
0.0194878
0.0195437
0.0196498
0.019827
0.0200971
0.0204749
0.0208844
0.0212127
0.0214397
0.0215832
0.0216652
0.0217049
0.0217172
0.0217143
0.0217091
0.0217061
0.0143573
0.0143542
0.0143479
0.0143469
0.0143599
0.014396
0.0144666
0.014586
0.0147688
0.0150238
0.0153001
0.0155206
0.0156717
0.0157663
0.0158193
0.0158439
0.0158499
0.0158456
0.0158409
0.0158386
0.00917547
0.00917283
0.00916659
0.00916369
0.00916994
0.0091903
0.00923147
0.00930195
0.00941104
0.00956378
0.00972892
0.00986043
0.00995051
0.0100068
0.0100376
0.0100504
0.0100516
0.0100463
0.0100416
0.0100399
0.00394564
0.00394448
0.00394097
0.00393627
0.00393659
0.00394119
0.00395291
0.00397524
0.00401123
0.00406554
0.00413366
0.00419825
0.00424477
0.00427421
0.00429076
0.00429825
0.00429994
0.00429756
0.00429217
0.00428959
-1.66582
-0.945188
-0.513516
-0.208897
0.0264285
0.211598
0.366907
0.503518
0.648655
0.632372
-0.646348
-0.411809
-0.175595
0.0198419
0.182058
0.317136
0.430791
0.518671
0.558797
0.560934
-0.23744
-0.0933697
0.057381
0.188664
0.301303
0.396237
0.472545
0.526825
0.559864
0.574526
0.027217
0.122285
0.223926
0.314882
0.393938
0.460269
0.513263
0.553256
0.582413
0.599392
0.213722
0.279157
0.350362
0.415547
0.472614
0.521174
0.561211
0.593203
0.618079
0.635355
0.354791
0.403657
0.454361
0.50354
0.547217
0.58532
0.617684
0.644256
0.665379
0.682528
0.469191
0.505941
0.548028
0.587535
0.623875
0.656193
0.68402
0.706966
0.724944
0.741996
0.569244
0.601505
0.639376
0.674853
0.707732
0.737207
0.762553
0.783184
0.79849
0.815502
0.666034
0.699405
0.737252
0.772186
0.804039
0.83219
0.855969
0.874882
0.888059
0.905312
0.773743
0.810744
0.85031
0.88586
0.917041
0.943731
0.965778
0.982996
0.995016
1.01288
0.905274
0.945059
0.984076
1.01807
1.04675
1.0709
1.09098
1.10689
1.11899
1.13732
1.06788
1.10447
1.13691
1.16409
1.18736
1.20824
1.22716
1.24348
1.25737
1.27532
1.2533
1.27872
1.2989
1.31757
1.33541
1.35241
1.36851
1.38467
1.40195
1.42114
1.44046
1.45151
1.4644
1.47911
1.49282
1.505
1.51603
1.52754
1.54306
1.56252
1.62263
1.63616
1.64135
1.6425
1.64458
1.65203
1.66585
1.68347
1.69721
1.70857
1.89173
1.84114
1.79362
1.76211
1.74925
1.75382
1.77717
1.82229
1.88896
1.98308
0.307059
0.304181
0.298216
0.287515
0.275299
0.264332
0.255613
0.249138
0.244847
0.242922
0.243856
0.247373
0.253006
0.260762
0.270761
0.282661
0.294697
0.303181
0.307624
0.309651
0.234803
0.241576
0.247165
0.251179
0.252685
0.25144
0.248364
0.244903
0.242097
0.240704
0.241505
0.244074
0.24759
0.251231
0.253712
0.253733
0.250936
0.246085
0.239557
0.233652
0.224339
0.227548
0.231399
0.234418
0.236613
0.238155
0.238754
0.238339
0.237483
0.237033
0.237528
0.238703
0.239764
0.23993
0.238968
0.237191
0.234703
0.231212
0.227429
0.225115
0.21784
0.219538
0.222753
0.226037
0.228513
0.230202
0.23132
0.232018
0.232357
0.232574
0.232899
0.233159
0.233016
0.232375
0.231181
0.229259
0.226416
0.223019
0.220501
0.219533
0.214758
0.215587
0.217819
0.220328
0.222726
0.224899
0.226591
0.227735
0.228478
0.228973
0.229294
0.229277
0.228787
0.22769
0.225948
0.223786
0.221425
0.218967
0.217419
0.217091
0.21404
0.214398
0.215445
0.216719
0.218099
0.219429
0.220717
0.221935
0.22294
0.223667
0.22399
0.223847
0.223265
0.222388
0.221363
0.220109
0.218931
0.217779
0.217093
0.216953
0.212564
0.212744
0.213354
0.21425
0.215244
0.216257
0.217471
0.218593
0.219588
0.220398
0.220835
0.220805
0.220392
0.219662
0.218871
0.218107
0.217313
0.216618
0.216261
0.216197
0.210132
0.210212
0.210527
0.211043
0.211616
0.212465
0.213283
0.214242
0.215225
0.216126
0.21671
0.21687
0.216717
0.21644
0.215959
0.215538
0.215179
0.214843
0.214692
0.214664
0.207144
0.207196
0.207418
0.207815
0.208318
0.208939
0.20968
0.210546
0.211514
0.212516
0.213294
0.213702
0.213823
0.21376
0.213591
0.213369
0.213124
0.212925
0.212845
0.212829
0.203801
0.203834
0.203985
0.204267
0.204661
0.20519
0.20588
0.206749
0.20779
0.208951
0.209972
0.210635
0.210992
0.211144
0.211173
0.211132
0.211056
0.210988
0.210963
0.210952
0.200087
0.200116
0.200235
0.200464
0.200813
0.201311
0.201999
0.202914
0.204075
0.205463
0.206785
0.207742
0.208358
0.208732
0.208938
0.20904
0.20908
0.209092
0.209099
0.209091
0.195988
0.19602
0.196132
0.196352
0.196699
0.19722
0.197968
0.199003
0.200368
0.202067
0.203761
0.205059
0.205942
0.206529
0.206899
0.207124
0.207253
0.207323
0.207352
0.207345
0.191475
0.191506
0.191631
0.191872
0.192258
0.192849
0.193717
0.194942
0.196597
0.198704
0.200856
0.202546
0.20376
0.204575
0.205111
0.205451
0.205658
0.205775
0.205823
0.205816
0.186498
0.186535
0.186681
0.186963
0.187422
0.18813
0.18918
0.190679
0.192727
0.195366
0.198101
0.200288
0.20185
0.202927
0.203644
0.204105
0.204391
0.204554
0.204621
0.204614
0.180954
0.180999
0.18118
0.181527
0.182093
0.182969
0.184274
0.186144
0.188709
0.192033
0.195494
0.198272
0.200275
0.20166
0.202587
0.203187
0.20356
0.203774
0.203861
0.203852
0.174706
0.174763
0.174992
0.175431
0.176145
0.17725
0.178896
0.181257
0.184496
0.188694
0.193067
0.196579
0.199115
0.200872
0.202049
0.202813
0.20329
0.203562
0.203673
0.203663
0.167564
0.167639
0.167934
0.168497
0.169412
0.170822
0.17292
0.175923
0.180032
0.185343
0.190858
0.195281
0.198471
0.200681
0.202163
0.203126
0.203727
0.204071
0.20421
0.204197
0.159272
0.15937
0.159756
0.160487
0.16167
0.163488
0.166183
0.170025
0.175257
0.18198
0.188925
0.194473
0.198468
0.201235
0.20309
0.204296
0.20505
0.205482
0.205656
0.205638
0.149475
0.149607
0.150119
0.151082
0.152625
0.154987
0.158476
0.163421
0.170102
0.178614
0.18734
0.194277
0.199261
0.20271
0.205023
0.206528
0.207472
0.208014
0.20823
0.208206
0.137694
0.137875
0.138569
0.139851
0.141886
0.144983
0.14954
0.155944
0.164498
0.175267
0.186197
0.194834
0.201027
0.205313
0.208189
0.210066
0.21125
0.211933
0.212203
0.212171
0.123255
0.123517
0.124477
0.126209
0.12893
0.133073
0.139104
0.147428
0.158395
0.171992
0.185617
0.196315
0.203976
0.209284
0.212857
0.215197
0.216683
0.217551
0.217894
0.217852
0.105162
0.105561
0.106935
0.109338
0.113076
0.118713
0.126776
0.137712
0.15179
0.168886
0.185755
0.198912
0.208336
0.214894
0.219331
0.222251
0.22412
0.225226
0.22567
0.225619
0.0818654
0.0825172
0.0845748
0.0880523
0.0934009
0.101301
0.112267
0.126698
0.144745
0.166097
0.186788
0.202817
0.214329
0.222408
0.227932
0.231604
0.233971
0.235386
0.235965
0.235911
0.050856
0.0520096
0.0552978
0.0606618
0.0687104
0.0801119
0.0952514
0.114373
0.137399
0.163808
0.188881
0.208177
0.22211
0.232026
0.238943
0.243641
0.246726
0.248598
0.249364
0.249302
0.00763164
0.00995273
0.015972
0.0250449
0.0378425
0.0547232
0.0757923
0.101014
0.130063
0.162257
0.192173
0.215054
0.231702
0.243784
0.252471
0.25861
0.262831
0.265527
0.266608
0.266502
-0.0560841
-0.049494
-0.0370603
-0.0203816
0.000629751
0.0257003
0.0546691
0.0873295
0.123264
0.161757
0.196771
0.223398
0.242942
0.257435
0.268238
0.276281
0.282188
0.286274
0.287949
0.287636
-0.132066
-0.121005
-0.0977095
-0.0697985
-0.0387314
-0.00452896
0.0328819
0.073437
0.116823
0.162463
0.203673
0.235217
0.258844
0.276941
0.291055
0.302225
0.311222
0.317154
0.31935
0.320143
-0.208387
-0.188042
-0.154913
-0.117271
-0.0768821
-0.0338556
0.0118606
0.0602352
0.111043
0.163819
0.211224
0.247607
0.275097
0.296481
0.313515
0.327294
0.338526
0.346825
0.351312
0.352283
-0.266081
-0.242565
-0.203772
-0.159124
-0.11133
-0.060845
-0.00777783
0.0477256
0.105404
0.164776
0.217701
0.258036
0.288308
0.311641
0.329969
0.344539
0.356186
0.364855
0.369525
0.370631
-0.312355
-0.286911
-0.244105
-0.194599
-0.141438
-0.0851296
-0.0259459
0.0357806
0.0996021
0.164871
0.222592
0.266165
0.298465
0.323006
0.342018
0.356935
0.368673
0.377474
0.382084
0.383142
-0.350054
-0.323975
-0.278322
-0.225091
-0.167701
-0.106716
-0.0424954
0.0245444
0.0938403
0.164544
0.226702
0.273138
0.30712
0.332589
0.352035
0.367083
0.378786
0.387495
0.392078
0.39308
-0.382482
-0.35598
-0.308243
-0.252122
-0.191321
-0.126428
-0.0578439
0.0139306
0.088202
0.163907
0.230173
0.279269
0.314807
0.341103
0.360933
0.376108
0.387807
0.396485
0.401082
0.402035
-0.411105
-0.384389
-0.335065
-0.276654
-0.213047
-0.144848
-0.0725042
0.00344635
0.0822588
0.162725
0.233069
0.284871
0.322016
0.349198
0.369462
0.384808
0.39653
0.405192
0.409797
0.41068
-0.4371
-0.410248
-0.359655
-0.29939
-0.233493
-0.162531
-0.0869072
-0.00715891
0.0759297
0.161056
0.235532
0.29019
0.329088
0.357275
0.378063
0.393641
0.405432
0.414079
0.418716
0.419487
-0.46139
-0.434312
-0.382688
-0.320876
-0.253035
-0.179684
-0.101179
-0.0180026
0.069103
0.158797
0.237554
0.295313
0.336204
0.365584
0.387024
0.402918
0.414829
0.423478
0.428093
0.428713
-0.484402
-0.457074
-0.404576
-0.341496
-0.272005
-0.196586
-0.115546
-0.0292712
0.0616243
0.155844
0.239075
0.300252
0.343448
0.374265
0.396532
0.41285
0.424938
0.433613
0.438251
0.438756
-0.506473
-0.478855
-0.425599
-0.361481
-0.290595
-0.213409
-0.130136
-0.0410539
0.0533937
0.1521
0.23999
0.304938
0.350817
0.383389
0.406705
0.423593
0.435947
0.444678
0.449328
0.449737
-0.5278
-0.499869
-0.445969
-0.380954
-0.308865
-0.23018
-0.144989
-0.0533971
0.0443534
0.147437
0.240165
0.309245
0.358224
0.392931
0.417592
0.435244
0.447977
0.456846
0.461434
0.461818
-0.548474
-0.520198
-0.465767
-0.399949
-0.326867
-0.246932
-0.160107
-0.0663187
0.034475
0.141774
0.239441
0.312982
0.365506
0.402796
0.429162
0.447836
0.461094
0.47016
0.474732
0.475108
-0.568523
-0.539907
-0.485007
-0.418483
-0.344583
-0.263626
-0.175451
-0.0797847
0.0237427
0.135059
0.237654
0.315926
0.372419
0.412779
0.441286
0.461308
0.475336
0.484726
0.489252
0.489575
-0.587877
-0.558927
-0.503609
-0.436502
-0.361975
-0.280205
-0.190962
-0.0937329
0.0121904
0.127266
0.234687
0.317837
0.378651
0.422571
0.453778
0.47556
0.49063
0.500496
0.505015
0.505196
-0.606543
-0.577281
-0.521549
-0.453975
-0.378965
-0.296602
-0.206551
-0.108088
-9.72831e-05
0.118393
0.23046
0.31845
0.383816
0.431826
0.466388
0.490502
0.506877
0.517261
0.52175
0.521709
-0.624403
-0.594962
-0.538778
-0.470852
-0.395485
-0.312724
-0.222127
-0.122742
-0.0130469
0.108491
0.224886
0.317512
0.387519
0.440079
0.478682
0.505943
0.524102
0.535007
0.539247
0.538929
-0.641539
-0.611818
-0.555269
-0.487069
-0.41146
-0.328492
-0.237586
-0.137583
-0.0265546
0.0976454
0.217955
0.314889
0.389317
0.446581
0.489987
0.521552
0.54245
0.553724
0.557027
0.556285
-0.657738
-0.627817
-0.57097
-0.502563
-0.426842
-0.343826
-0.252848
-0.15252
-0.0404948
0.0859717
0.209748
0.310465
0.388843
0.450422
0.499092
0.536494
0.562327
0.57471
0.575081
0.572852
-0.673217
-0.642961
-0.585832
-0.517282
-0.441565
-0.358649
-0.267795
-0.167422
-0.0547322
0.073606
0.200373
0.304286
0.385843
0.450807
0.504466
0.548907
0.583043
0.601321
0.597761
0.576939
-0.687834
-0.65729
-0.599968
-0.5314
-0.455885
-0.373269
-0.282832
-0.182772
-0.0698399
0.0599641
0.189286
0.29572
0.379851
0.447023
0.5039
0.554929
0.599989
0.629468
0.622254
0.638516
-0.70178
-0.67082
-0.613337
-0.544873
-0.46974
-0.387614
-0.297925
-0.198519
-0.0857983
0.0449868
0.176376
0.284438
0.370285
0.438121
0.49338
0.546255
0.589737
0.621522
0.570669
0.532623
-0.71564
-0.683717
-0.625687
-0.557294
-0.482715
-0.401301
-0.312875
-0.214423
-0.102341
0.0288914
0.161861
0.270556
0.356736
0.424896
0.470967
0.514332
0.545711
0.529694
0.458154
0.405545
-0.729821
-0.695623
-0.636648
-0.568453
-0.494658
-0.41431
-0.327412
-0.230409
-0.119548
0.0116155
0.145779
0.254521
0.338628
0.408054
0.448097
0.459113
0.449778
0.391815
0.305372
0.25232
-0.385788
-0.295029
-0.193337
-0.0738091
0.0629264
0.18691
0.276986
0.0651681
-0.739415
-0.718732
-0.685766
-0.626532
-0.55787
-0.482717
-0.401513
-0.313228
-0.214102
-0.096861
0.0398702
0.164778
0.252391
0.313682
0.350006
0.308469
0.138899
0.0273467
-0.0591939
-0.751726
-0.738241
-0.697056
-0.637212
-0.568777
-0.494462
-0.41488
-0.328527
-0.232
-0.116746
0.0195398
0.142634
0.223997
0.270401
0.25644
0.122162
-0.0812884
-0.228281
-0.350945
-0.768795
-0.755711
-0.711218
-0.650891
-0.582487
-0.508963
-0.430708
-0.346604
-0.252884
-0.139948
-0.00382358
0.117901
0.189238
0.216374
0.146292
-0.0761163
-0.322599
-0.515981
-0.690757
-0.78503
-0.771675
-0.725974
-0.664556
-0.59628
-0.523659
-0.44708
-0.365788
-0.275598
-0.165812
-0.0298971
0.093231
0.155489
0.154484
0.023897
-0.278527
-0.585646
-0.855621
-1.11857
-0.799549
-0.786681
-0.740336
-0.678175
-0.610095
-0.538426
-0.463765
-0.385553
-0.299526
-0.194024
-0.0585901
0.0659969
0.121066
0.0843381
-0.12462
-0.473239
-0.836932
-1.19166
-1.51746
-0.813128
-0.800862
-0.754333
-0.691975
-0.62418
-0.553508
-0.480897
-0.406126
-0.324999
-0.224434
-0.0886994
0.0396182
0.0852045
0.00584882
-0.273459
-0.644781
-1.03054
-1.40716
-1.66516
-1.78401
-0.826637
-0.814728
-0.768282
-0.705871
-0.638545
-0.569023
-0.498759
-0.428026
-0.353064
-0.259155
-0.123928
0.011777
0.0517181
-0.0786295
-0.413429
-0.796835
-1.15206
-1.44283
-1.58241
-1.63201
-0.839931
-0.828447
-0.782028
-0.719676
-0.652941
-0.584784
-0.517225
-0.451364
-0.384295
-0.299636
-0.166005
-0.0197509
0.0191086
-0.157785
-0.543993
-0.931876
-1.26997
-1.45204
-1.50079
-1.52929
-0.853192
-0.841861
-0.795399
-0.733116
-0.667051
-0.600423
-0.535984
-0.475952
-0.418781
-0.347685
-0.219873
-0.0554949
-0.0150865
-0.247816
-0.670946
-1.06034
-1.44161
-1.5434
-1.52475
-1.55154
-0.866029
-0.854739
-0.808007
-0.745872
-0.680472
-0.615472
-0.55449
-0.501329
-0.456854
-0.405801
-0.291723
-0.114318
-0.0677518
-0.364719
-0.803793
-1.17695
-1.64
-1.86451
-1.69475
-1.62508
-0.877951
-0.866594
-0.819554
-0.757465
-0.692663
-0.629296
-0.572031
-0.526623
-0.498228
-0.477578
-0.39819
-0.216136
-0.171639
-0.515107
-0.926667
-1.21764
-1.49723
-1.69395
-1.5786
-1.54424
-0.888318
-0.876939
-0.829446
-0.767338
-0.702966
-0.641091
-0.587619
-0.550765
-0.542695
-0.567023
-0.567557
-0.414961
-0.365217
-0.715627
-1.04234
-1.10895
-0.979117
-1.09282
-1.3204
-1.41737
-0.896703
-0.885162
-0.837134
-0.774787
-0.710601
-0.649858
-0.599871
-0.571727
-0.588084
-0.680816
-0.83342
-0.772317
-0.684446
-0.987708
-1.30878
-1.42691
-1.33616
-1.45724
-1.58235
-1.6549
-0.902509
-0.890652
-0.841817
-0.779061
-0.714697
-0.654485
-0.606985
-0.587747
-0.630462
-0.817927
-1.21088
-1.32528
-1.12355
-1.36863
-1.83393
-2.44647
-2.70167
-2.70886
-2.54426
-2.42752
-0.904896
-0.892689
-0.842973
-0.779467
-0.714402
-0.653841
-0.607425
-0.594608
-0.65977
-0.954822
-1.68996
-1.99159
-1.57206
-1.68821
-2.22182
-3.20753
-3.823
-3.70605
-3.28306
-3.00682
-0.903306
-0.890763
-0.839984
-0.775394
-0.709014
-0.646908
-0.599248
-0.587613
-0.668294
-1.03474
-2.05193
-2.47688
-1.72787
-1.54496
-1.84641
-2.51505
-2.95631
-2.73394
-2.25617
-1.98512
-0.897482
-0.884583
-0.832559
-0.766511
-0.698148
-0.633126
-0.581268
-0.563666
-0.636815
-0.995078
-2.03549
-2.38502
-1.34552
-0.687742
-0.341264
-0.279702
-0.290655
-0.152313
0.0312201
0.115909
-0.887652
-0.874268
-0.82077
-0.752912
-0.681865
-0.612717
-0.553773
-0.522482
-0.563261
-0.816534
-1.55066
-1.56034
-0.556828
0.196202
0.724851
1.05355
1.24916
1.3566
1.39895
1.40852
-0.873556
-0.859624
-0.804878
-0.734926
-0.660866
-0.586715
-0.518641
-0.468428
-0.461586
-0.56211
-0.824371
-0.541343
0.165287
0.746739
1.14979
1.41786
1.58349
1.67287
1.7131
1.72459
-0.854312
-0.840331
-0.785227
-0.712995
-0.635936
-0.556731
-0.479244
-0.409309
-0.355887
-0.327883
-0.258321
0.0529601
0.526404
0.938204
1.21626
1.4012
1.52138
1.59598
1.63886
1.65544
-0.830442
-0.816412
-0.760995
-0.687308
-0.60768
-0.524253
-0.438784
-0.352665
-0.264979
-0.161742
0.0185331
0.322496
0.642888
0.923484
1.1242
1.26213
1.35716
1.42238
1.46477
1.4818
-0.798134
-0.784064
-0.730877
-0.656449
-0.575536
-0.489681
-0.399003
-0.302457
-0.194918
-0.0586191
0.143452
0.402324
0.643139
0.84369
0.994471
1.10421
1.18407
1.24233
1.27977
1.29509
-0.752257
-0.739389
-0.69055
-0.618186
-0.537988
-0.451944
-0.359747
-0.258986
-0.143625
0.000825462
0.192558
0.406527
0.5938
0.74586
0.863462
0.952861
1.02063
1.0722
1.10488
1.12163
-0.692165
-0.681943
-0.635618
-0.568064
-0.491876
-0.409256
-0.319538
-0.220273
-0.106339
0.0322775
0.202624
0.377024
0.523474
0.64102
0.73321
0.805244
0.861374
0.904058
0.933532
0.949738
-0.607146
-0.601839
-0.563659
-0.502743
-0.433689
-0.358438
-0.275756
-0.183541
-0.0783056
0.0468981
0.191873
0.331532
0.444125
0.532796
0.601815
0.655671
0.698312
0.731606
0.754698
0.765609
-0.486044
-0.483268
-0.459754
-0.413972
-0.359064
-0.297253
-0.227458
-0.147867
-0.0559132
0.0524274
0.175218
0.290645
0.381747
0.452039
0.50545
0.545669
0.575626
0.598146
0.615043
0.622905
-0.352556
-0.352181
-0.339779
-0.310942
-0.273352
-0.228378
-0.174534
-0.110624
-0.0344678
0.0563324
0.159074
0.253936
0.327635
0.383339
0.424487
0.454141
0.475069
0.489365
0.498115
0.501563
-0.229856
-0.23016
-0.224308
-0.209232
-0.187172
-0.157892
-0.12014
-0.0720671
-0.0121073
0.0614204
0.145211
0.222215
0.281286
0.324927
0.356098
0.377756
0.392164
0.401076
0.405969
0.407732
-0.129693
-0.130505
-0.129046
-0.122982
-0.111928
-0.0948753
-0.0700906
-0.0358135
0.00964972
0.0676189
0.13487
0.196591
0.243253
0.27713
0.30083
0.316551
0.326358
0.33209
0.334979
0.335806
-0.0579584
-0.0587152
-0.0596374
-0.0591077
-0.0548972
-0.0455535
-0.0297026
-0.00560013
0.0282185
0.0729591
0.125927
0.174769
0.211463
0.237597
0.255257
0.266723
0.273681
0.277443
0.279073
0.27944
-0.0121235
-0.0126727
-0.0140869
-0.0153702
-0.0144161
-0.00972872
0.000226764
0.0169751
0.0422451
0.0765867
0.11789
0.15602
0.184408
0.204474
0.218077
0.226592
0.231463
0.233913
0.234847
0.235009
0.0154927
0.0151498
0.0140853
0.0128962
0.0131655
0.0159572
0.0224078
0.0339527
0.0522685
0.0785066
0.110537
0.140254
0.162366
0.177944
0.188025
0.194166
0.197646
0.199319
0.199861
0.199932
0.0323759
0.032156
0.0315284
0.0307984
0.0309999
0.0329875
0.0376958
0.0461802
0.0595837
0.0793866
0.104128
0.127046
0.143988
0.155806
0.163361
0.167974
0.170513
0.171666
0.172004
0.172042
0.0432352
0.0430963
0.0427258
0.0423057
0.042523
0.0439714
0.0473752
0.0536542
0.0637672
0.078541
0.0975377
0.115375
0.128381
0.137309
0.143077
0.146539
0.148417
0.149253
0.149487
0.149511
0.0500183
0.0499293
0.0497098
0.0494804
0.0497292
0.0508931
0.0534966
0.0582136
0.0658396
0.0771038
0.0914939
0.105058
0.115025
0.121832
0.126203
0.128815
0.130217
0.130825
0.130985
0.130999
0.0537953
0.0537353
0.0536016
0.0534773
0.0537135
0.054633
0.0566362
0.0602432
0.0660551
0.0746199
0.0855306
0.095836
0.103442
0.108645
0.111975
0.113951
0.114999
0.115443
0.115552
0.115559
0.0553244
0.0552813
0.0552026
0.0551499
0.0553749
0.0561144
0.0576657
0.0604224
0.0648527
0.0713747
0.0796743
0.0875147
0.0933158
0.0972745
0.0997992
0.101289
0.102072
0.102397
0.102472
0.102473
0.0551956
0.0551632
0.0551163
0.0551033
0.0553054
0.0558991
0.0571073
0.0592282
0.0626133
0.0675818
0.0738949
0.0798684
0.0842762
0.0872796
0.0891912
0.0903148
0.0909003
0.0911377
0.0911866
0.0911842
0.0538225
0.0537976
0.0537679
0.0537728
0.0539452
0.0544162
0.0553548
0.0569849
0.0595726
0.0633624
0.068172
0.0727221
0.0760629
0.0783416
0.0797875
0.0806325
0.0810685
0.081241
0.0812723
0.0812679
0.051502
0.0514829
0.0514626
0.0514732
0.0516139
0.0519834
0.0527095
0.0539612
0.0559406
0.0588296
0.0624918
0.0659451
0.0684854
0.0702121
0.0713044
0.0719396
0.0722636
0.0723876
0.072406
0.0724003
0.0484524
0.0484375
0.0484224
0.0484326
0.0485438
0.0488308
0.0493899
0.0503487
0.051859
0.0540609
0.0568474
0.0594689
0.0613955
0.0627016
0.0635246
0.0640001
0.0642398
0.0643285
0.0643386
0.0643328
0.04484
0.0448283
0.0448163
0.0448243
0.0449099
0.0451298
0.0455575
0.0462897
0.0474408
0.0491157
0.0512314
0.0532191
0.0546767
0.0556629
0.0562822
0.0566378
0.0568147
0.0568774
0.0568815
0.0568757
0.0407946
0.0407852
0.0407753
0.0407807
0.0408454
0.0410125
0.0413376
0.0418936
0.0427671
0.0440367
0.0456392
0.0471431
0.048244
0.0489863
0.0494504
0.0497149
0.0498442
0.0498878
0.0498883
0.049883
0.0364178
0.0364104
0.0364021
0.0364048
0.0364524
0.0365776
0.0368221
0.0372414
0.0379009
0.03886
0.0400692
0.0412014
0.0420289
0.0425857
0.0429316
0.0431267
0.0432202
0.0432495
0.0432473
0.0432424
0.0317882
0.0317824
0.0317753
0.0317757
0.0318094
0.0319012
0.0320829
0.0323963
0.0328903
0.0336091
0.0345146
0.0353612
0.0359782
0.0363919
0.0366477
0.0367911
0.0368585
0.0368779
0.0368745
0.0368699
0.0269663
0.0269618
0.0269553
0.0269535
0.0269764
0.0270426
0.0271758
0.0274073
0.027773
0.0283046
0.0289746
0.0296007
0.0300555
0.0303583
0.0305444
0.0306472
0.030694
0.0307058
0.0307014
0.0306974
0.0220001
0.0219966
0.0219907
0.0219875
0.022002
0.022048
0.0221429
0.0223091
0.0225729
0.0229581
0.0234433
0.0238965
0.0242253
0.0244436
0.0245763
0.0246479
0.0246787
0.0246843
0.0246789
0.0246752
0.0169264
0.0169236
0.0169182
0.0169136
0.0169212
0.0169511
0.0170154
0.01713
0.0173131
0.0175813
0.0179206
0.0182365
0.0184647
0.018615
0.018705
0.0187523
0.0187714
0.0187728
0.0187671
0.0187639
0.0117743
0.0117723
0.0117674
0.0117621
0.0117648
0.0117823
0.0118224
0.0118956
0.0120137
0.0121866
0.0124046
0.0126075
0.012753
0.0128482
0.0129047
0.0129335
0.0129433
0.0129416
0.0129358
0.0129331
0.00656569
0.00656435
0.00656055
0.00655539
0.00655508
0.00656322
0.00658381
0.00662197
0.00668373
0.00677522
0.00689016
0.006998
0.00707562
0.00712596
0.00715508
0.00716873
0.00717191
0.0071684
0.00716308
0.00716088
0.00394506
0.00394328
0.00393819
0.00393601
0.00393822
0.00394597
0.00396255
0.00399136
0.00403509
0.00409985
0.00416842
0.00422411
0.00426138
0.00428386
0.00429543
0.00429967
0.00429941
0.00429471
0.00429077
0.00142673
-1.30989
-0.820167
-0.472022
-0.200388
0.01637
0.192421
0.338151
0.464237
0.556931
0.562163
-0.574476
-0.339124
-0.137257
0.0346536
0.181215
0.305186
0.409083
0.490742
0.542173
0.56164
-0.178669
-0.0411392
0.0877645
0.203679
0.305076
0.391729
0.46304
0.517358
0.555334
0.57816
0.0712473
0.160928
0.24918
0.330595
0.40226
0.463852
0.514857
0.555271
0.586322
0.606757
0.248561
0.30814
0.373469
0.433449
0.486199
0.532235
0.571445
0.603742
0.629626
0.646693
0.384791
0.428176
0.479001
0.524271
0.565906
0.602992
0.635338
0.662519
0.684525
0.698462
0.496405
0.53297
0.573953
0.612266
0.647973
0.680489
0.709062
0.733103
0.75235
0.763563
0.596527
0.630503
0.668259
0.704714
0.738365
0.768907
0.79567
0.817847
0.834973
0.844125
0.697027
0.733453
0.77225
0.809503
0.843084
0.872691
0.897982
0.918612
0.934002
0.942358
0.813336
0.854486
0.894818
0.932784
0.965561
0.99352
1.01679
1.03557
1.04965
1.059
0.959072
1.00241
1.04068
1.07499
1.10357
1.12784
1.1489
1.16664
1.18075
1.19206
1.13809
1.17601
1.20451
1.22917
1.2505
1.27005
1.28858
1.30596
1.32206
1.3367
1.33647
1.35765
1.3728
1.38882
1.40532
1.4208
1.43462
1.44802
1.46366
1.48212
1.52763
1.53483
1.54544
1.55711
1.56714
1.5765
1.5869
1.59807
1.60972
1.61861
1.74078
1.74254
1.73466
1.71824
1.70729
1.70682
1.71899
1.74369
1.77783
1.80235
2.16056
1.96671
1.86578
1.80801
1.77871
1.77212
1.78741
1.82818
1.90409
2.04715
-0.707083
-0.712998
-0.675509
-0.614777
-0.545174
-0.468815
0.350655
0.420157
0.420371
0.338949
0.255835
0.170061
-0.146576
-0.470095
-0.878999
-1.42771
-2.13907
)
;

boundaryField
{
    wall-4
    {
        type            zeroGradient;
    }
    pressure-outlet-7
    {
        type            fixedValue;
        value           uniform 0;
    }
    velocity-inlet-6
    {
        type            zeroGradient;
    }
    velocity-inlet-5
    {
        type            zeroGradient;
    }
    frontAndBackPlanes
    {
        type            empty;
    }
}


// ************************************************************************* //
