/*--------------------------------*- C++ -*----------------------------------*\
  =========                 |
  \\      /  F ield         | OpenFOAM: The Open Source CFD Toolbox
   \\    /   O peration     | Website:  https://openfoam.org
    \\  /    A nd           | Version:  9
     \\/     M anipulation  |
\*---------------------------------------------------------------------------*/
FoamFile
{
    format      ascii;
    class       volScalarField;
    location    "2";
    object      p;
}
// * * * * * * * * * * * * * * * * * * * * * * * * * * * * * * * * * * * * * //

dimensions      [0 2 -2 0 0 0 0];

internalField   nonuniform List<scalar> 
8800
(
1.16893
1.12232
1.08806
1.06209
1.04339
1.02987
1.0199
1.01255
1.00752
1.00513
1.00615
1.01017
1.01651
1.02519
1.03683
1.05272
1.07479
1.1051
1.14352
1.20241
1.0083
1.01562
1.02276
1.02542
1.02385
1.01911
1.01307
1.00717
1.0023
0.999089
0.998465
1.00079
1.00511
1.01071
1.01691
1.02257
1.026
1.02547
1.02091
1.01162
1.00124
1.00505
1.00765
1.00922
1.00918
1.0075
1.00461
1.00136
0.998558
0.997096
0.997803
1.0003
1.00364
1.00693
1.00938
1.01037
1.00956
1.00746
1.0045
1.00224
0.998438
0.998799
0.999395
0.999928
1.00005
0.999664
0.998677
0.997168
0.995619
0.994793
0.99533
0.996908
0.998738
1.00018
1.00096
1.00115
1.00084
1.00024
0.99976
0.999599
0.99011
0.99024
0.990329
0.990336
0.990182
0.989784
0.989108
0.988225
0.987351
0.986905
0.987353
0.988437
0.989615
0.990587
0.991241
0.991579
0.991677
0.991636
0.991532
0.991449
0.982421
0.982497
0.982562
0.982598
0.982565
0.982418
0.982128
0.981717
0.981312
0.981181
0.981585
0.982328
0.983075
0.983653
0.984014
0.98419
0.984238
0.984214
0.984163
0.984119
0.974763
0.974801
0.974831
0.974848
0.974837
0.974783
0.974674
0.974526
0.974414
0.974499
0.974913
0.975495
0.976033
0.976438
0.976698
0.976841
0.976903
0.976914
0.976899
0.976876
0.967204
0.967225
0.967249
0.967273
0.967293
0.967308
0.96732
0.967351
0.967437
0.967697
0.968163
0.968686
0.96913
0.969455
0.969667
0.969789
0.969849
0.969869
0.969866
0.969852
0.959657
0.959667
0.959689
0.959722
0.95977
0.959838
0.95994
0.960097
0.96035
0.960768
0.961327
0.961866
0.962291
0.962596
0.962795
0.962914
0.962978
0.963004
0.963009
0.962999
0.952053
0.952064
0.95209
0.952134
0.952208
0.952326
0.952506
0.952778
0.953182
0.953768
0.954457
0.955065
0.955532
0.955855
0.956067
0.956196
0.956267
0.956301
0.95631
0.956303
0.944354
0.944361
0.944393
0.944454
0.944558
0.944726
0.944987
0.945377
0.945941
0.94672
0.947588
0.948322
0.948862
0.949236
0.94948
0.94963
0.949716
0.949758
0.949774
0.949767
0.936508
0.936515
0.936554
0.936633
0.936772
0.936998
0.93735
0.937875
0.938624
0.939639
0.940739
0.941648
0.942308
0.942762
0.943057
0.94324
0.943345
0.943399
0.94342
0.943413
0.928455
0.928462
0.928513
0.928615
0.928796
0.929094
0.929557
0.930245
0.931222
0.932531
0.933931
0.935073
0.935897
0.936461
0.936828
0.937056
0.937187
0.937256
0.937283
0.937276
0.920129
0.920138
0.920203
0.920336
0.920571
0.920958
0.921559
0.922453
0.923716
0.925397
0.927183
0.928629
0.929668
0.930376
0.930837
0.931124
0.93129
0.931376
0.931411
0.931403
0.911444
0.911455
0.911539
0.911711
0.912017
0.912519
0.913299
0.914454
0.916082
0.91824
0.920519
0.922355
0.923669
0.924564
0.925146
0.925507
0.925717
0.925827
0.925872
0.925862
0.902289
0.902304
0.902414
0.902639
0.903036
0.903688
0.904699
0.906193
0.908291
0.911058
0.913966
0.916297
0.917963
0.919095
0.919831
0.920287
0.920552
0.92069
0.920746
0.920732
0.892519
0.89254
0.892685
0.892978
0.893497
0.894347
0.895661
0.897596
0.900301
0.903848
0.907556
0.910516
0.912624
0.914055
0.914984
0.91556
0.915894
0.916069
0.916139
0.916122
0.881941
0.88197
0.882162
0.882549
0.883231
0.884344
0.88606
0.888573
0.892065
0.896614
0.901335
0.905087
0.907752
0.909557
0.910729
0.911455
0.911875
0.912095
0.912183
0.912162
0.87029
0.870333
0.87059
0.871106
0.872011
0.873481
0.875733
0.87901
0.883527
0.889358
0.89536
0.900103
0.903464
0.905739
0.907214
0.908127
0.908657
0.908932
0.909043
0.909015
0.857199
0.857264
0.857615
0.858312
0.859529
0.86149
0.864472
0.868769
0.874625
0.882092
0.889699
0.895675
0.899899
0.902758
0.904614
0.905763
0.906429
0.906775
0.906914
0.906879
0.842146
0.842247
0.842739
0.843702
0.845366
0.848023
0.852014
0.857689
0.865299
0.874845
0.884443
0.891934
0.897225
0.900811
0.903145
0.904593
0.905434
0.905872
0.906047
0.906002
0.824353
0.82452
0.825232
0.826604
0.82894
0.832615
0.83804
0.845596
0.855505
0.867665
0.879694
0.889022
0.895619
0.900115
0.903058
0.904894
0.905965
0.906524
0.906748
0.906692
0.802602
0.802898
0.803985
0.806029
0.809436
0.814669
0.822187
0.832342
0.845245
0.860637
0.875568
0.887076
0.895254
0.900887
0.904623
0.906983
0.908376
0.909111
0.909409
0.909341
0.774856
0.775422
0.777215
0.780486
0.785743
0.793489
0.804131
0.817872
0.834615
0.853892
0.872171
0.886187
0.896242
0.903303
0.908107
0.911228
0.913121
0.914144
0.914569
0.914493
0.737395
0.738591
0.742004
0.74786
0.75658
0.768506
0.783802
0.802384
0.823875
0.847627
0.869596
0.88637
0.898575
0.907398
0.91366
0.917955
0.92073
0.922331
0.923036
0.922968
0.68233
0.685948
0.694168
0.705966
0.721214
0.739863
0.761746
0.786488
0.813513
0.842107
0.867878
0.88749
0.902007
0.912883
0.921043
0.92711
0.931489
0.934451
0.936034
0.936072
0.591043
0.612379
0.633155
0.656212
0.68149
0.709151
0.739043
0.770724
0.803619
0.837125
0.86664
0.889106
0.906119
0.919407
0.930041
0.938726
0.945954
0.951988
0.95702
0.960136
0.497758
0.540122
0.573536
0.607791
0.643165
0.679768
0.717434
0.755794
0.794323
0.832517
0.865637
0.890883
0.910342
0.926022
0.939076
0.950244
0.960003
0.968543
0.977356
0.983749
0.438865
0.48341
0.524124
0.566331
0.609666
0.65383
0.698375
0.742709
0.78611
0.82795
0.863317
0.889899
0.910359
0.926895
0.940644
0.952274
0.962233
0.970808
0.979057
0.984193
0.395247
0.442616
0.486877
0.533524
0.582134
0.631973
0.682107
0.731463
0.778862
0.823298
0.859598
0.886134
0.906251
0.922395
0.93576
0.947014
0.956605
0.964804
0.972619
0.977356
0.360502
0.409651
0.456858
0.507112
0.559891
0.614265
0.668973
0.722475
0.773027
0.81899
0.854895
0.880059
0.898714
0.913601
0.925978
0.936473
0.945475
0.953245
0.960537
0.964891
0.331342
0.382211
0.431844
0.485092
0.541422
0.599698
0.658384
0.71547
0.768563
0.815203
0.849535
0.872103
0.888259
0.901127
0.911994
0.921406
0.929634
0.936876
0.943646
0.947659
0.305819
0.358393
0.410203
0.466185
0.525715
0.58754
0.649868
0.710233
0.76553
0.812253
0.843975
0.862724
0.87529
0.885309
0.894102
0.902065
0.909328
0.915926
0.922148
0.925905
0.282428
0.336877
0.390736
0.44932
0.51189
0.577114
0.642951
0.706533
0.763958
0.810453
0.838705
0.85237
0.860121
0.866298
0.872323
0.878424
0.884473
0.890364
0.89582
0.899414
0.260579
0.316595
0.37258
0.433718
0.499268
0.567829
0.637197
0.704097
0.763833
0.810135
0.834277
0.841548
0.843021
0.844123
0.846488
0.850123
0.854586
0.859467
0.864432
0.867728
0.239099
0.297029
0.355094
0.418777
0.487277
0.559201
0.632188
0.702645
0.765089
0.811585
0.831293
0.830848
0.824303
0.818766
0.8163
0.816718
0.819159
0.822828
0.827127
0.830147
0.217985
0.277644
0.337855
0.404044
0.475513
0.550804
0.627536
0.701843
0.767586
0.815014
0.830426
0.82101
0.804378
0.790176
0.781368
0.777574
0.777436
0.779603
0.78312
0.785852
0.196622
0.258187
0.320492
0.389189
0.463605
0.542309
0.622887
0.701373
0.771083
0.820545
0.832337
0.812945
0.783802
0.758326
0.741154
0.731901
0.728479
0.728825
0.731405
0.733874
0.175009
0.238498
0.302862
0.374026
0.451335
0.533428
0.617932
0.700864
0.775234
0.828112
0.837661
0.807753
0.763335
0.723177
0.694964
0.678654
0.671252
0.669212
0.67096
0.673274
0.152704
0.218335
0.284806
0.358406
0.438559
0.523985
0.612406
0.69997
0.779652
0.837491
0.846896
0.806737
0.74403
0.684606
0.641677
0.616324
0.604195
0.600362
0.60119
0.603517
0.130016
0.197799
0.266338
0.342316
0.42522
0.51386
0.60614
0.6984
0.783875
0.848217
0.860283
0.811321
0.727295
0.642256
0.579359
0.542578
0.526127
0.521175
0.521747
0.524517
0.106954
0.17689
0.247474
0.325777
0.411309
0.503007
0.599
0.695889
0.787449
0.859664
0.877678
0.822994
0.715192
0.595351
0.503016
0.453641
0.434788
0.430991
0.433522
0.437888
0.0837841
0.15577
0.22832
0.308845
0.396882
0.491467
0.590913
0.692281
0.789969
0.871052
0.898499
0.842988
0.710533
0.543887
0.405492
0.338354
0.323356
0.329821
0.340139
0.348495
0.0606561
0.134566
0.209026
0.291653
0.382036
0.479294
0.581947
0.687473
0.791113
0.881579
0.92155
0.871913
0.717109
0.483576
0.269832
0.172935
0.180804
0.219914
0.252918
0.270262
0.0372335
0.113369
0.189738
0.274371
0.366888
0.466555
0.572125
0.681457
0.790669
0.89049
0.945209
0.909127
0.739797
0.417808
0.0559842
-0.104104
-0.022823
0.114057
0.206492
0.240446
0.0141466
0.092327
0.170618
0.257159
0.351598
0.453413
0.56156
0.674274
0.78847
0.897154
0.967595
0.952175
0.783017
0.349222
-0.337902
-0.690257
-0.379987
0.0365481
0.248592
0.285703
-0.00895873
0.0716192
0.151841
0.240035
0.336188
0.439954
0.550359
0.665943
0.78451
0.901213
0.987151
0.997552
0.849445
0.285098
-1.11669
-1.98616
-1.02063
-0.0744484
0.407504
0.565024
-0.0319449
0.0514198
0.133484
0.222936
0.320426
0.425877
0.538218
0.656192
0.778436
0.902148
1.00262
1.04123
0.936612
0.304014
-1.634
-3.09781
-1.84675
-0.559394
-0.0374451
0.0707894
-0.0544453
0.0323758
0.115796
0.206097
0.304666
0.41153
0.525234
0.645297
0.770467
0.899577
1.01147
1.07357
1.01528
0.507247
-1.08654
-2.16008
-1.58022
-0.941193
-0.508866
-0.246045
-0.0771079
0.0157578
0.0996257
0.190179
0.289643
0.397529
0.511811
0.633502
0.761006
0.89391
1.01301
1.08905
1.0613
0.729105
-0.211486
-0.866509
-0.75288
-0.54869
-0.421766
-0.310419
-0.189423
0.0021893
0.0840088
0.17405
0.273974
0.382542
0.498252
0.62101
0.749509
0.884193
1.00646
1.09049
1.09115
0.871038
0.3262
-0.109868
-0.311134
-0.318179
-0.300067
-0.276021
-0.0295769
-0.014397
0.0600721
0.149822
0.250663
0.360393
0.476922
0.600683
0.72941
0.863529
0.983245
1.0575
1.04854
0.891078
0.562882
0.21912
-0.0280377
-0.175658
-0.279326
-0.300953
-0.103039
-0.0363611
0.0398894
0.130605
0.232413
0.342835
0.460535
0.58408
0.71203
0.843864
0.95775
1.02164
1.00595
0.863768
0.588716
0.260885
-0.00980772
-0.209187
-0.367038
-0.397877
-0.143512
-0.0666394
0.0153542
0.108571
0.211672
0.322827
0.440837
0.564647
0.693796
0.825337
0.933428
0.985413
0.954726
0.81033
0.560699
0.230371
-0.0748248
-0.334902
-0.57862
-0.591638
-0.185167
-0.0986228
-0.0108893
0.0853864
0.189736
0.302319
0.422053
0.546894
0.673727
0.799163
0.898015
0.937542
0.895238
0.744667
0.496241
0.150027
-0.215796
-0.560738
-0.951586
-0.986132
-0.224455
-0.130947
-0.0386594
0.0605987
0.167196
0.281212
0.400769
0.524454
0.650731
0.77499
0.868521
0.898696
0.847479
0.697036
0.450074
0.10122
-0.349601
-0.810594
-1.37641
-1.80193
-0.261133
-0.163706
-0.0679514
0.0337861
0.142615
0.258115
0.379322
0.504372
0.629905
0.749626
0.835407
0.857733
0.801744
0.656232
0.406926
0.0763016
-0.405176
-1.00417
-1.41045
-1.89435
-0.296711
-0.197253
-0.098805
0.00590847
0.117133
0.234239
0.355964
0.480223
0.604042
0.721117
0.802646
0.821197
0.767218
0.634284
0.404084
0.0970629
-0.319282
-0.856186
-1.25963
-1.30636
-0.330734
-0.230691
-0.130589
-0.0242551
0.0885531
0.206944
0.329741
0.454604
0.578062
0.69285
0.770804
0.788185
0.741454
0.628268
0.448716
0.190747
-0.137612
-0.56081
-0.927131
-0.916037
-0.363412
-0.26422
-0.163796
-0.0558954
0.0586996
0.178595
0.30233
0.427418
0.55028
0.663578
0.740239
0.760538
0.726927
0.645552
0.523198
0.359621
0.155786
-0.061256
-0.175588
-0.154458
-0.397009
-0.298422
-0.197819
-0.0888936
0.0268885
0.148035
0.272958
0.398876
0.521997
0.634986
0.712577
0.739528
0.723856
0.67802
0.61578
0.549408
0.491595
0.46192
0.472946
0.498282
-0.433534
-0.334841
-0.233953
-0.123922
-0.0066279
0.116242
0.242641
0.369709
0.493494
0.607525
0.688257
0.725147
0.72935
0.715868
0.699029
0.690435
0.697639
0.724979
0.764705
0.783744
-0.474256
-0.373777
-0.271625
-0.160092
-0.0410839
0.0835929
0.211622
0.340117
0.465287
0.581742
0.667789
0.716496
0.739895
0.752245
0.764509
0.783105
0.809815
0.842514
0.874951
0.890092
-0.518372
-0.415382
-0.310871
-0.197297
-0.0762724
0.0504277
0.180307
0.310624
0.437938
0.557869
0.651152
0.711851
0.752047
0.783424
0.813224
0.844265
0.876352
0.907589
0.935014
0.948445
-0.564063
-0.458262
-0.35092
-0.234961
-0.111622
0.0172143
0.149186
0.281705
0.411808
0.536018
0.638148
0.710065
0.763698
0.808425
0.848721
0.886181
0.920696
0.951626
0.977688
0.98979
-0.609627
-0.500939
-0.390803
-0.272269
-0.146508
-0.015386
0.118893
0.253904
0.38722
0.516686
0.626711
0.709059
0.773227
0.827008
0.873723
0.914768
0.950565
0.981387
1.00667
1.01819
-0.652719
-0.541853
-0.429235
-0.30813
-0.179974
-0.0465488
0.0900555
0.227686
0.36444
0.499309
0.616582
0.707699
0.779687
0.839459
0.890102
0.933161
0.969638
1.00026
1.02488
1.03628
-0.692002
-0.579317
-0.464447
-0.341182
-0.210857
-0.0753343
0.0634219
0.203518
0.343529
0.483227
0.607099
0.704912
0.782418
0.846079
0.898999
0.943159
0.979859
1.01029
1.03416
1.04544
-0.725533
-0.61158
-0.494842
-0.369736
-0.237792
-0.100646
0.039768
0.18177
0.32439
0.468032
0.596992
0.699602
0.780851
0.846858
0.901069
0.94567
0.982364
1.01253
1.03559
1.04712
-0.750586
-0.636121
-0.518144
-0.392052
-0.259141
-0.121236
0.0198719
0.162846
0.306975
0.453084
0.585373
0.690929
0.774347
0.841627
0.896405
0.941129
0.977655
1.00751
1.02992
1.04162
-0.763943
-0.649872
-0.531787
-0.405719
-0.273101
-0.135789
0.00470292
0.14711
0.291086
0.437782
0.57129
0.677985
0.762174
0.829863
0.884738
0.929381
0.965716
0.995356
1.01736
1.02906
-0.762138
-0.648962
-0.532208
-0.407787
-0.277335
-0.142559
-0.00485323
0.134892
0.276565
0.421452
0.553792
0.659719
0.74335
0.810617
0.865174
0.909592
0.945764
0.975202
0.996804
1.00861
-0.738115
-0.629274
-0.515347
-0.394831
-0.269086
-0.13964
-0.00753263
0.126683
0.263232
0.403448
0.531894
0.634884
0.716429
0.782263
0.83594
0.879875
0.91586
0.945303
0.966883
0.97863
-0.683596
-0.582409
-0.475206
-0.362429
-0.245369
-0.125181
-0.00236515
0.122908
0.251024
0.383202
0.504611
0.602083
0.679472
0.742307
0.793987
0.836708
0.872087
0.90133
0.92287
0.935021
-0.590806
-0.499511
-0.405733
-0.306389
-0.203671
-0.0977442
0.0113527
0.123745
0.239785
0.360308
0.471195
0.559984
0.630315
0.687485
0.734774
0.774233
0.807206
0.834945
0.857373
0.869949
-0.440232
-0.374357
-0.301724
-0.224709
-0.143229
-0.0571239
0.0337652
0.12942
0.229801
0.335019
0.431733
0.508331
0.567946
0.615499
0.654148
0.685849
0.711492
0.731516
0.747237
0.755772
-0.217823
-0.195007
-0.161162
-0.118355
-0.0665868
-0.006028
0.0628765
0.139635
0.223579
0.31392
0.397795
0.463789
0.514114
0.552793
0.582604
0.60573
0.624171
0.63914
0.650247
0.655261
-0.0510588
-0.0462394
-0.035712
-0.0175446
0.00979444
0.0472855
0.0952404
0.153366
0.22087
0.296497
0.368207
0.424598
0.466767
0.498108
0.521066
0.537337
0.548063
0.554408
0.557684
0.558975
0.0332523
0.0350426
0.0404104
0.0506169
0.0670277
0.0911739
0.124408
0.167496
0.220376
0.282035
0.341741
0.388708
0.423227
0.448015
0.465248
0.476762
0.484106
0.488461
0.490637
0.491314
0.0833009
0.0846017
0.0879748
0.0944717
0.105375
0.122077
0.145956
0.17816
0.219242
0.268723
0.317576
0.356097
0.384097
0.403848
0.417332
0.426179
0.431671
0.434817
0.436388
0.436935
0.116041
0.117042
0.119469
0.124017
0.131649
0.143552
0.161032
0.185302
0.217153
0.256487
0.295953
0.327183
0.349751
0.36549
0.376081
0.382932
0.38715
0.389573
0.3908
0.39124
0.137154
0.13791
0.139693
0.143008
0.148584
0.157351
0.170399
0.188847
0.213554
0.244646
0.276257
0.30138
0.319485
0.332038
0.340432
0.345833
0.349146
0.351046
0.352011
0.352358
0.150146
0.150721
0.152061
0.154538
0.158701
0.165279
0.175158
0.189294
0.20849
0.232991
0.258168
0.278263
0.292735
0.30274
0.309408
0.313687
0.316307
0.31781
0.318574
0.318849
0.157195
0.157636
0.158654
0.160531
0.16369
0.168695
0.176251
0.187148
0.202092
0.221366
0.241338
0.257344
0.26888
0.276847
0.28215
0.285546
0.287624
0.288816
0.289422
0.289639
0.159809
0.160148
0.160929
0.162368
0.164788
0.168629
0.17445
0.182891
0.194547
0.209697
0.2255
0.238211
0.247382
0.253715
0.257927
0.260626
0.262278
0.263224
0.263703
0.263874
0.159061
0.159324
0.159926
0.161035
0.162903
0.165871
0.170379
0.176942
0.186048
0.197951
0.210432
0.220503
0.22778
0.232808
0.236152
0.238292
0.239599
0.240347
0.240728
0.240863
0.155743
0.155947
0.156414
0.157274
0.158721
0.161024
0.16453
0.169644
0.176767
0.186119
0.195964
0.203931
0.209694
0.213678
0.216327
0.218023
0.21906
0.219653
0.219953
0.220058
0.150443
0.150601
0.150964
0.151632
0.152758
0.154551
0.157283
0.161279
0.166857
0.174204
0.181962
0.188254
0.19281
0.195963
0.198061
0.199403
0.200222
0.200692
0.20093
0.201013
0.143607
0.143731
0.144014
0.144535
0.145413
0.146811
0.148945
0.152069
0.156439
0.162209
0.168318
0.173282
0.176881
0.179372
0.18103
0.182092
0.182742
0.183112
0.183299
0.183364
0.135579
0.135676
0.135896
0.136302
0.136988
0.138081
0.139749
0.142194
0.14562
0.150151
0.154957
0.158868
0.161707
0.163674
0.164982
0.165818
0.166327
0.166618
0.166766
0.166817
0.126621
0.126696
0.126869
0.127186
0.127722
0.128576
0.129881
0.131794
0.134479
0.138035
0.141813
0.14489
0.147126
0.148673
0.149703
0.150363
0.150767
0.150998
0.151114
0.151154
0.116937
0.116996
0.117131
0.117379
0.117797
0.118465
0.119486
0.120984
0.123088
0.125875
0.128841
0.131259
0.133015
0.134232
0.135044
0.135563
0.13588
0.136061
0.136153
0.136184
0.106688
0.106734
0.106838
0.107032
0.107359
0.107881
0.108678
0.109848
0.111493
0.113675
0.115999
0.117895
0.119275
0.120232
0.120868
0.121274
0.121522
0.121662
0.121733
0.121757
0.0959969
0.0960326
0.0961144
0.0962651
0.0965195
0.0969258
0.0975473
0.0984599
0.0997429
0.101447
0.103263
0.104746
0.105825
0.106572
0.10707
0.107388
0.107583
0.107693
0.107749
0.107769
0.0849617
0.0849893
0.0850528
0.0851694
0.0853664
0.0856817
0.0861647
0.0868742
0.0878714
0.0891959
0.0906069
0.0917589
0.092596
0.093176
0.0935629
0.0938109
0.0939631
0.0940501
0.0940931
0.0941076
0.07366
0.073681
0.0737295
0.07382
0.0739727
0.0742153
0.0745864
0.0751323
0.0759
0.0769205
0.0780092
0.0788996
0.0795481
0.0799988
0.0802993
0.0804905
0.080606
0.080672
0.0807056
0.0807169
0.0621512
0.0621678
0.0622056
0.0622745
0.0623902
0.062575
0.0628576
0.0632731
0.0638573
0.0646339
0.0654627
0.0661403
0.0666341
0.0669759
0.0672025
0.0673487
0.0674388
0.0674897
0.0675154
0.0675247
0.0504889
0.0505007
0.0505283
0.0505796
0.0506659
0.050804
0.0510148
0.051324
0.0517591
0.052337
0.0529531
0.0534563
0.0538222
0.0540762
0.0542458
0.0543541
0.0544202
0.0544581
0.0544766
0.0544827
0.0387081
0.0387171
0.0387375
0.0387748
0.0388369
0.0389355
0.0390855
0.0393058
0.0396155
0.0400271
0.0404669
0.0408276
0.041092
0.0412764
0.0413988
0.0414763
0.0415234
0.0415502
0.0415639
0.0415685
0.026848
0.0268561
0.0268703
0.0268953
0.0269363
0.0270016
0.0271007
0.027245
0.0274474
0.0277168
0.0280054
0.028242
0.0284131
0.0285318
0.0286126
0.0286659
0.0286985
0.0287165
0.0287252
0.0287284
0.0149358
0.0149395
0.0149485
0.0149622
0.0149861
0.0150217
0.0150746
0.0151518
0.01526
0.0154032
0.0155556
0.0156802
0.0157717
0.0158348
0.0158755
0.0159011
0.0159177
0.0159285
0.0159351
0.0159378
0.00298581
0.00298456
0.00298383
0.00298525
0.00298789
0.00299222
0.00299991
0.00301186
0.00302924
0.00305365
0.00308456
0.00311364
0.00313567
0.00315119
0.00316304
0.00317165
0.00317716
0.00318055
0.00318276
0.0031842
-0.822179
-0.62659
-0.444863
-0.329723
-0.243212
-0.167395
-0.0668108
0.105423
0.361625
0.352676
-0.502315
-0.37369
-0.269693
-0.175668
-0.0872347
0.00767335
0.11857
0.235901
0.326718
0.320177
-0.254688
-0.172535
-0.0943599
-0.0160916
0.0608897
0.138782
0.214326
0.276955
0.311788
0.323089
-0.0586231
-0.00151713
0.0570004
0.116726
0.174303
0.228306
0.275122
0.31022
0.333548
0.352835
0.0948492
0.135463
0.177954
0.220966
0.261381
0.297799
0.329029
0.353901
0.375101
0.395926
0.215574
0.243848
0.275676
0.306698
0.335604
0.362
0.385538
0.406219
0.425554
0.446002
0.314543
0.336165
0.35943
0.382712
0.404834
0.425676
0.44505
0.462867
0.479714
0.497859
0.400403
0.417136
0.435455
0.453987
0.472235
0.489804
0.505999
0.520737
0.53422
0.547082
0.479608
0.493015
0.509379
0.526453
0.543253
0.558381
0.571105
0.581032
0.586542
0.588913
0.547475
0.561765
0.578583
0.595221
0.610755
0.624222
0.63469
0.640361
0.640311
0.636925
0.607264
0.630171
0.656733
0.682172
0.704203
0.720774
0.730435
0.731478
0.724113
0.720726
0.69749
0.743676
0.780127
0.804744
0.821649
0.834009
0.843329
0.84932
0.849048
0.855752
0.854069
0.880619
0.899682
0.917487
0.934581
0.949607
0.96213
0.973616
0.988539
1.00745
1.05407
1.06583
1.07973
1.09231
1.10177
1.11006
1.11884
1.12887
1.13928
1.15397
1.26051
1.26488
1.25184
1.23814
1.23204
1.23779
1.25634
1.28551
1.31567
1.34177
1.56881
1.43458
1.3576
1.3148
1.29742
1.30139
1.32793
1.38391
1.48678
1.71088
1.05759
1.06016
1.05897
1.05201
1.04179
1.03146
1.02236
1.01488
1.00918
1.00552
1.00481
1.00741
1.01234
1.01908
1.02749
1.03736
1.04791
1.05705
1.06102
1.05839
1.0003
1.00439
1.00858
1.01043
1.01034
1.00855
1.00519
1.0011
0.997259
0.994606
0.994086
0.996069
0.999634
1.00386
1.00781
1.0105
1.01146
1.01067
1.00774
1.00295
1.00196
1.00294
1.00472
1.0062
1.00691
1.00658
1.00522
1.0032
1.00095
0.999261
0.998985
1.00039
1.00268
1.00507
1.00693
1.00791
1.00771
1.00662
1.00489
1.00337
0.993942
0.993967
0.994051
0.994158
0.994152
0.993894
0.993273
0.992241
0.991028
0.990055
0.989966
0.990958
0.992397
0.993744
0.994706
0.995209
0.995389
0.995342
0.995239
0.995189
0.986316
0.986389
0.98649
0.986567
0.986563
0.986413
0.986068
0.985523
0.984877
0.984377
0.984431
0.985147
0.986098
0.986953
0.987561
0.987905
0.988034
0.988023
0.98794
0.987852
0.978567
0.978597
0.978639
0.978671
0.978673
0.978617
0.978476
0.978243
0.977971
0.977809
0.977995
0.978566
0.979224
0.97978
0.980167
0.980392
0.980496
0.980523
0.980507
0.980478
0.97098
0.970995
0.971021
0.971045
0.971059
0.971054
0.971023
0.970971
0.97093
0.970998
0.971306
0.971826
0.972349
0.97277
0.973061
0.973237
0.973328
0.973364
0.973365
0.973351
0.963432
0.963437
0.963458
0.963483
0.963514
0.963552
0.963602
0.963676
0.963802
0.964047
0.96448
0.965021
0.965502
0.96587
0.966123
0.96628
0.966367
0.966408
0.966418
0.966413
0.955866
0.955872
0.955887
0.955916
0.955964
0.956039
0.956154
0.956328
0.956594
0.957
0.957576
0.958194
0.958695
0.959071
0.959325
0.959484
0.959575
0.959621
0.959638
0.959638
0.948217
0.948217
0.948238
0.948278
0.948347
0.94846
0.948637
0.948908
0.949308
0.949883
0.950631
0.951374
0.951958
0.952373
0.952654
0.952833
0.952938
0.952994
0.953017
0.95302
0.940453
0.940451
0.940474
0.940524
0.940617
0.940771
0.941017
0.941391
0.941939
0.942707
0.943671
0.944595
0.945298
0.945794
0.946127
0.946339
0.946465
0.946534
0.946566
0.946572
0.932511
0.932508
0.932536
0.932601
0.932721
0.932926
0.933252
0.933748
0.934471
0.935474
0.936712
0.937875
0.938747
0.93936
0.93977
0.940031
0.940188
0.940274
0.940314
0.940322
0.924331
0.924326
0.924362
0.924445
0.924603
0.924869
0.925295
0.925943
0.926883
0.928179
0.929763
0.931239
0.932336
0.933104
0.933616
0.933943
0.934139
0.934248
0.934299
0.934311
0.915837
0.915831
0.915877
0.915985
0.916189
0.916535
0.917087
0.917927
0.919143
0.920811
0.922839
0.924716
0.926105
0.927074
0.92772
0.928131
0.928378
0.928515
0.928581
0.928597
0.906933
0.906925
0.906984
0.907125
0.90739
0.907839
0.908557
0.909643
0.911212
0.913358
0.915953
0.918341
0.920102
0.921329
0.922146
0.922665
0.922977
0.923151
0.923234
0.923254
0.897492
0.897481
0.897559
0.897743
0.898089
0.898674
0.899606
0.901014
0.903041
0.905799
0.909117
0.912157
0.91439
0.915943
0.916975
0.91763
0.918024
0.918243
0.918348
0.918373
0.887346
0.887333
0.887436
0.887678
0.888131
0.888897
0.890113
0.891943
0.894565
0.898113
0.902353
0.906217
0.909046
0.911008
0.912311
0.913137
0.913635
0.913911
0.914043
0.914074
0.876269
0.876254
0.876392
0.876714
0.877313
0.878323
0.879918
0.882306
0.885707
0.890274
0.895689
0.900591
0.904168
0.906644
0.908285
0.909327
0.909953
0.9103
0.910465
0.910504
0.863953
0.863936
0.864124
0.864558
0.865359
0.866702
0.868811
0.871948
0.876373
0.882256
0.88916
0.895363
0.89987
0.902987
0.905053
0.906363
0.90715
0.907587
0.907794
0.907843
0.849959
0.849942
0.850204
0.850799
0.851889
0.853702
0.856523
0.860674
0.866458
0.87404
0.882819
0.890635
0.896293
0.900204
0.902799
0.904449
0.90544
0.90599
0.906251
0.906311
0.833655
0.833643
0.834021
0.83486
0.836376
0.838871
0.842702
0.848255
0.855852
0.865621
0.876736
0.886526
0.893593
0.898488
0.901748
0.903827
0.905082
0.905779
0.90611
0.906187
0.81408
0.814086
0.814657
0.815887
0.81807
0.8216
0.826915
0.83444
0.84447
0.857029
0.871002
0.883163
0.891931
0.898039
0.902142
0.904782
0.906387
0.907284
0.907713
0.907814
0.789669
0.789734
0.790667
0.792586
0.795893
0.801091
0.808669
0.819014
0.832295
0.848356
0.86574
0.880666
0.891442
0.899035
0.904223
0.907623
0.909727
0.910922
0.911504
0.91165
0.757566
0.757839
0.759605
0.762921
0.768331
0.776397
0.787526
0.801909
0.819463
0.839786
0.861087
0.879116
0.892187
0.901567
0.908162
0.912643
0.915527
0.917234
0.918111
0.918372
0.711864
0.712978
0.71725
0.723901
0.733581
0.746711
0.763359
0.783348
0.806283
0.831555
0.857132
0.878464
0.89403
0.905479
0.913864
0.919902
0.924099
0.926863
0.928516
0.92919
0.643192
0.646571
0.65829
0.672778
0.690838
0.712347
0.736903
0.764062
0.793282
0.823915
0.853843
0.878442
0.896534
0.910206
0.920698
0.9288
0.935051
0.939875
0.94374
0.945333
0.554046
0.564901
0.589572
0.616972
0.646446
0.677785
0.710839
0.745344
0.780845
0.816779
0.85103
0.879013
0.899926
0.91628
0.92947
0.940314
0.949354
0.956982
0.963237
0.965421
0.472296
0.493129
0.528638
0.566539
0.605718
0.645928
0.686946
0.728407
0.769772
0.810443
0.848245
0.878684
0.901446
0.919477
0.934296
0.946726
0.95719
0.965974
0.973159
0.976786
0.422064
0.44405
0.4833
0.526445
0.571852
0.618662
0.666128
0.713486
0.759856
0.804336
0.844472
0.87595
0.899149
0.917406
0.932341
0.944776
0.955159
0.963788
0.970769
0.974497
0.382384
0.405964
0.448288
0.495138
0.544863
0.596496
0.649026
0.701238
0.751731
0.799066
0.840302
0.871409
0.893724
0.911077
0.925239
0.937056
0.946965
0.955228
0.96196
0.965803
0.350202
0.374831
0.419539
0.469377
0.522677
0.578354
0.635144
0.691455
0.745354
0.794722
0.835939
0.865368
0.885627
0.901159
0.913883
0.924642
0.933801
0.941555
0.947969
0.951861
0.322353
0.348222
0.395096
0.447579
0.503998
0.563213
0.623791
0.683763
0.740634
0.791475
0.831743
0.858268
0.875325
0.888115
0.898751
0.908015
0.916167
0.923249
0.929273
0.933118
0.297493
0.324519
0.373462
0.428425
0.48773
0.550264
0.614372
0.677812
0.737477
0.789497
0.828129
0.850592
0.863225
0.872232
0.880024
0.887304
0.894128
0.900374
0.905903
0.90961
0.274444
0.302697
0.353576
0.410933
0.473055
0.538762
0.606353
0.673235
0.735754
0.788969
0.825549
0.84286
0.849701
0.853696
0.8577
0.862352
0.867468
0.872663
0.877566
0.8811
0.252502
0.28189
0.334706
0.394413
0.459288
0.528171
0.599235
0.669684
0.735298
0.790008
0.824472
0.835673
0.835189
0.832642
0.831647
0.832834
0.835712
0.839546
0.843699
0.846961
0.230841
0.261482
0.316255
0.37832
0.445933
0.517979
0.592605
0.666787
0.735895
0.792667
0.825382
0.829725
0.820221
0.809217
0.801661
0.798292
0.798263
0.800368
0.80358
0.806534
0.209251
0.241064
0.29787
0.362263
0.432605
0.50783
0.586052
0.6642
0.737241
0.796914
0.828678
0.82582
0.805471
0.783652
0.76747
0.758135
0.754325
0.754236
0.756275
0.758823
0.187449
0.220547
0.279313
0.345983
0.419029
0.497414
0.579295
0.661568
0.73903
0.802547
0.834723
0.824887
0.791852
0.75626
0.728735
0.711563
0.702952
0.70015
0.700787
0.702929
0.165326
0.199634
0.260384
0.329336
0.405037
0.486534
0.572048
0.658562
0.740864
0.809288
0.843637
0.827882
0.780544
0.727456
0.684933
0.657481
0.642846
0.63692
0.636106
0.637996
0.142622
0.178306
0.241033
0.312225
0.390529
0.475062
0.564146
0.65493
0.742358
0.816668
0.855364
0.835753
0.773033
0.697827
0.635139
0.594009
0.572409
0.563436
0.561727
0.563219
0.119662
0.15661
0.221305
0.294678
0.375502
0.462945
0.55546
0.650427
0.743155
0.824165
0.869526
0.849264
0.77121
0.668137
0.577244
0.518012
0.489401
0.47901
0.477465
0.479569
0.0963692
0.134598
0.201257
0.27678
0.359996
0.450183
0.545974
0.644966
0.742937
0.831169
0.885444
0.868811
0.777301
0.639786
0.507058
0.423024
0.387898
0.380445
0.383886
0.389679
0.0731766
0.112499
0.181039
0.258619
0.344137
0.436879
0.53566
0.638437
0.741469
0.837137
0.902098
0.894158
0.79382
0.614793
0.419645
0.293247
0.255011
0.265024
0.286275
0.302469
0.049786
0.0903658
0.160741
0.240318
0.327984
0.42311
0.524654
0.630856
0.738619
0.841564
0.918343
0.924187
0.823009
0.597556
0.302458
0.0927494
0.0602842
0.128906
0.201134
0.238223
0.0264205
0.0682995
0.140563
0.22205
0.311692
0.408982
0.513049
0.622331
0.73434
0.844106
0.932976
0.95676
0.865849
0.595335
0.131145
-0.271316
-0.276787
-0.049096
0.149842
0.235779
0.00319926
0.0464204
0.120694
0.204046
0.295436
0.394623
0.500914
0.612947
0.728734
0.844561
0.944923
0.988909
0.920432
0.617483
-0.144812
-1.07831
-1.00442
-0.285787
0.197882
0.379218
-0.0198855
0.0247741
0.101203
0.186204
0.279074
0.379915
0.488094
0.602448
0.721554
0.842769
0.953779
1.01893
0.98429
0.681949
-0.486372
-2.49175
-2.26157
-0.747197
0.110322
0.397447
-0.042736
0.00367202
0.0825212
0.16868
0.26264
0.364843
0.474678
0.590883
0.712679
0.838314
0.958361
1.04264
1.04394
0.788604
-0.383954
-2.4615
-2.44875
-1.36143
-0.601995
-0.255732
-0.0652646
-0.0159906
0.0648915
0.151513
0.246154
0.349375
0.460676
0.57848
0.70214
0.830814
0.957672
1.05624
1.08541
0.90913
0.0833359
-1.2209
-1.33653
-0.92857
-0.614347
-0.400171
-0.0911961
-0.0314283
0.0486582
0.134748
0.229844
0.334
0.445873
0.565284
0.69033
0.82093
0.951348
1.05708
1.1013
0.993663
0.498564
-0.21566
-0.496491
-0.459923
-0.364533
-0.324827
-0.0295366
-0.00419764
0.072823
0.162526
0.262785
0.371919
0.490183
0.613373
0.74223
0.876951
0.999219
1.08231
1.08519
0.903946
0.466078
0.0810181
-0.136809
-0.236216
-0.269999
-0.273473
-0.0580256
-0.0377265
0.025041
0.108006
0.203535
0.308759
0.422325
0.54275
0.669005
0.800995
0.931934
1.03618
1.08076
1.00908
0.740619
0.353296
0.0519594
-0.126005
-0.224844
-0.289172
-0.0824666
-0.0529966
0.0107349
0.0934135
0.189306
0.294863
0.407998
0.528666
0.655559
0.787573
0.91613
1.01334
1.04619
0.97053
0.744931
0.407758
0.110525
-0.104364
-0.249262
-0.364975
-0.112929
-0.0828025
-0.0129717
0.0727257
0.169898
0.276516
0.391085
0.512886
0.639287
0.768698
0.892618
0.982554
1.00569
0.9285
0.727788
0.417126
0.104095
-0.15143
-0.35527
-0.540276
-0.152125
-0.119178
-0.0409747
0.0485999
0.147944
0.25612
0.371839
0.493599
0.619585
0.748405
0.868345
0.945694
0.951785
0.86115
0.659399
0.362611
0.0181864
-0.292058
-0.586341
-0.899793
-0.191198
-0.155109
-0.0704449
0.0233267
0.125319
0.235046
0.35143
0.473332
0.598946
0.72544
0.839907
0.909001
0.904957
0.809817
0.604839
0.311132
-0.0825398
-0.48816
-0.896521
-1.54497
-0.2285
-0.190213
-0.100715
-0.00340622
0.100707
0.211834
0.329272
0.452132
0.577929
0.702745
0.812309
0.873012
0.860246
0.760982
0.555964
0.271402
-0.141755
-0.664401
-1.19731
-2.07143
-0.264813
-0.225149
-0.132393
-0.0322771
0.0744938
0.187809
0.307099
0.430509
0.555324
0.67775
0.782735
0.836976
0.820455
0.723209
0.532028
0.251167
-0.135126
-0.665172
-1.20087
-1.32649
-0.30046
-0.25983
-0.1647
-0.0621122
0.0466964
0.161449
0.281525
0.405267
0.530069
0.651234
0.752867
0.803347
0.787045
0.699082
0.537166
0.282968
-0.0385666
-0.466527
-0.968485
-1.18508
-0.333806
-0.29336
-0.198031
-0.0943548
0.0161271
0.132788
0.25448
0.379094
0.503733
0.623597
0.722656
0.771628
0.759925
0.690082
0.564234
0.382341
0.134686
-0.176221
-0.491782
-0.594438
-0.3665
-0.326849
-0.23162
-0.127087
-0.0151664
0.102902
0.225541
0.350866
0.475778
0.595159
0.69321
0.743996
0.741894
0.696235
0.617498
0.51578
0.397445
0.278003
0.208672
0.205494
-0.401295
-0.361935
-0.267059
-0.161796
-0.0486883
0.0709183
0.195013
0.321593
0.447172
0.566795
0.665547
0.721274
0.732405
0.713167
0.678311
0.642152
0.616228
0.611797
0.636637
0.67347
-0.440207
-0.399887
-0.30444
-0.198049
-0.0833967
0.0378732
0.163587
0.291525
0.418228
0.538971
0.640387
0.703523
0.729674
0.735272
0.733852
0.736758
0.750598
0.777591
0.813967
0.844142
-0.482912
-0.440887
-0.34393
-0.235686
-0.119187
0.00397462
0.131532
0.261106
0.38941
0.512236
0.618305
0.690234
0.731669
0.757827
0.7795
0.803276
0.831457
0.863074
0.894992
0.919771
-0.527827
-0.484847
-0.384955
-0.274319
-0.155605
-0.0303267
0.0992668
0.230795
0.361243
0.487108
0.598993
0.680613
0.736172
0.778035
0.814836
0.850011
0.884296
0.916889
0.946745
0.970451
-0.57382
-0.529533
-0.426373
-0.313187
-0.192017
-0.0644603
0.0673817
0.201143
0.334198
0.463824
0.581834
0.673872
0.740999
0.794675
0.841139
0.882787
0.92021
0.953465
0.982482
1.00568
-0.618435
-0.572883
-0.467016
-0.351228
-0.227552
-0.0976297
0.0365385
0.172723
0.30868
0.442471
0.566891
0.667921
0.744384
0.806685
0.85942
0.904896
0.9441
0.977724
1.00629
1.0292
-0.660202
-0.61361
-0.5054
-0.387067
-0.261045
-0.12885
0.00754872
0.14614
0.284978
0.422849
0.553584
0.662292
0.74598
0.813981
0.87066
0.918334
0.958459
0.992218
1.02044
1.04305
-0.697088
-0.649791
-0.539484
-0.419113
-0.291094
-0.157003
-0.0186817
0.121946
0.263322
0.404817
0.540842
0.65569
0.744592
0.81634
0.87538
0.924233
0.964787
0.998435
1.02641
1.0489
-0.727555
-0.679566
-0.567533
-0.445557
-0.316154
-0.180737
-0.0411873
0.100734
0.243896
0.387995
0.527911
0.646966
0.739318
0.813403
0.873722
0.923163
0.963789
0.997288
1.02511
1.04741
-0.747957
-0.699779
-0.586697
-0.464154
-0.33421
-0.198552
-0.0589419
0.0831877
0.226787
0.372037
0.513981
0.635268
0.729432
0.804653
0.865541
0.915133
0.955702
0.989068
1.01677
1.03889
-0.755525
-0.707667
-0.593845
-0.472027
-0.343043
-0.208727
-0.0706916
0.0698692
0.212089
0.35648
0.498225
0.619653
0.714039
0.789323
0.850153
0.899659
0.940145
0.973415
1.00117
1.02336
-0.745103
-0.69813
-0.585594
-0.46575
-0.339681
-0.208958
-0.0749084
0.0614873
0.199865
0.340839
0.479784
0.599073
0.69194
0.766169
0.826299
0.875403
0.915699
0.948871
0.976956
0.999224
-0.710407
-0.665263
-0.555838
-0.44071
-0.320684
-0.196875
-0.0701384
0.0589485
0.190349
0.324803
0.457831
0.572274
0.661585
0.733266
0.791743
0.839892
0.879772
0.912878
0.941296
0.96357
-0.641316
-0.599806
-0.4969
-0.391492
-0.282373
-0.170127
-0.0549596
0.0629455
0.183767
0.308202
0.431799
0.538218
0.621274
0.68812
0.743044
0.788855
0.827539
0.86032
0.889089
0.911471
-0.523733
-0.487012
-0.401597
-0.313653
-0.222494
-0.127634
-0.0289596
0.0736068
0.18018
0.291061
0.401627
0.496468
0.569877
0.628476
0.676342
0.716306
0.75065
0.781055
0.808542
0.830407
-0.338599
-0.312484
-0.262595
-0.205429
-0.141222
-0.0704551
0.00672477
0.0901387
0.179508
0.274471
0.370061
0.451584
0.513523
0.561577
0.59933
0.629071
0.652551
0.671725
0.688699
0.703579
-0.122427
-0.11765
-0.103261
-0.0800007
-0.0470991
-0.00413453
0.0488436
0.11146
0.182976
0.262438
0.344565
0.415176
0.468323
0.508523
0.538892
0.561825
0.578948
0.59111
0.598618
0.602346
-0.00221661
-0.0013225
0.00346886
0.0134127
0.030013
0.0549905
0.0896367
0.134569
0.189663
0.254061
0.32279
0.382497
0.426962
0.459686
0.483263
0.499637
0.510382
0.516996
0.520744
0.522435
0.0607972
0.061364
0.0640042
0.0699646
0.0805083
0.0970182
0.12092
0.153484
0.195436
0.246606
0.302838
0.35221
0.388729
0.415052
0.433476
0.445944
0.454034
0.458954
0.461613
0.462746
0.101267
0.101835
0.103744
0.107737
0.114795
0.126163
0.143206
0.167244
0.199274
0.239581
0.284953
0.325202
0.354873
0.376016
0.390589
0.400266
0.406404
0.410072
0.412068
0.412961
0.127656
0.128097
0.129506
0.132388
0.137456
0.145659
0.158136
0.176109
0.200642
0.232252
0.268514
0.300981
0.324903
0.341835
0.353395
0.361002
0.365799
0.368658
0.370218
0.370918
0.144395
0.14475
0.145805
0.147938
0.151679
0.157758
0.167086
0.180701
0.199585
0.22433
0.253138
0.279144
0.298322
0.311854
0.321051
0.327077
0.330865
0.33312
0.33435
0.334904
0.154219
0.154489
0.155292
0.156901
0.159718
0.164304
0.171378
0.181789
0.196386
0.215749
0.23855
0.259273
0.274585
0.285378
0.292698
0.297483
0.300484
0.302269
0.303244
0.303683
0.158914
0.159122
0.159736
0.160964
0.163111
0.166612
0.172032
0.180049
0.191375
0.206533
0.224533
0.240989
0.253175
0.261764
0.267584
0.271386
0.27377
0.275189
0.275962
0.276309
0.159748
0.159909
0.160382
0.161326
0.162977
0.165671
0.16985
0.176058
0.184873
0.196743
0.210935
0.223969
0.233642
0.240466
0.245089
0.248108
0.25
0.251124
0.251738
0.252012
0.157642
0.157768
0.158134
0.158864
0.160141
0.162226
0.165466
0.17029
0.177166
0.186469
0.197644
0.207949
0.215612
0.221023
0.224691
0.227085
0.228584
0.229474
0.229958
0.230175
0.153278
0.153375
0.153659
0.154226
0.155217
0.156837
0.159358
0.163118
0.168491
0.175785
0.184582
0.192718
0.19878
0.203063
0.205966
0.207861
0.209049
0.209755
0.21014
0.210311
0.147169
0.147245
0.147466
0.147907
0.148679
0.149941
0.151906
0.154842
0.159046
0.164768
0.171687
0.178103
0.18289
0.186276
0.188574
0.190075
0.191015
0.191572
0.191875
0.192009
0.139705
0.139764
0.139937
0.140281
0.140883
0.141868
0.143403
0.145699
0.14899
0.153479
0.158919
0.163974
0.167751
0.170424
0.172238
0.173422
0.174164
0.174604
0.174843
0.174949
0.131188
0.131234
0.131369
0.131637
0.132107
0.132877
0.134077
0.135872
0.13845
0.141971
0.146246
0.150224
0.1532
0.155308
0.156738
0.157671
0.158255
0.158602
0.158791
0.158874
0.121847
0.121883
0.121988
0.122198
0.122566
0.123167
0.124106
0.125511
0.127531
0.130291
0.133647
0.136773
0.139113
0.14077
0.141896
0.142632
0.143094
0.143366
0.143514
0.143579
0.111866
0.111894
0.111976
0.11214
0.112427
0.112897
0.113631
0.11473
0.11631
0.118471
0.121102
0.123556
0.125394
0.126696
0.127581
0.128158
0.12852
0.128735
0.128851
0.128902
0.101383
0.101405
0.101469
0.101597
0.101821
0.102188
0.10276
0.103617
0.10485
0.10654
0.108598
0.110518
0.111959
0.112982
0.113676
0.114129
0.114411
0.114579
0.114669
0.114709
0.0905123
0.0905293
0.0905789
0.0906777
0.0908511
0.0911361
0.0915819
0.0922501
0.0932109
0.0945273
0.0961317
0.0976294
0.0987524
0.0995474
0.100087
0.10044
0.100661
0.100792
0.100863
0.100894
0.0793353
0.0793485
0.0793872
0.0794642
0.0795987
0.0798187
0.0801629
0.0806797
0.0814234
0.0824423
0.0836844
0.0848443
0.0857142
0.0863313
0.0867517
0.087027
0.087199
0.087301
0.0873567
0.0873809
0.0679247
0.0679347
0.0679638
0.0680226
0.0681263
0.0682958
0.0685592
0.0689545
0.0695238
0.0703041
0.0712567
0.0721479
0.0728173
0.0732934
0.0736162
0.0738259
0.073957
0.0740347
0.0740765
0.0740943
0.056335
0.0563428
0.0563655
0.0564097
0.0564867
0.0566137
0.0568131
0.0571118
0.0575412
0.0581296
0.0588472
0.0595177
0.0600203
0.0603763
0.060618
0.0607772
0.0608773
0.0609358
0.0609676
0.0609826
0.0446091
0.0446147
0.0446309
0.0446635
0.0447215
0.0448161
0.0449622
0.0451802
0.045494
0.0459243
0.0464489
0.0469395
0.047308
0.0475703
0.0477489
0.0478644
0.0479362
0.0479799
0.048004
0.0480142
0.032786
0.03279
0.0328025
0.0328263
0.032867
0.0329327
0.033034
0.0331846
0.0334008
0.0336971
0.0340587
0.0343977
0.034653
0.0348336
0.0349565
0.0350382
0.0350895
0.0351185
0.0351331
0.0351391
0.0208959
0.0208985
0.0209075
0.0209248
0.0209505
0.0209899
0.0210506
0.0211419
0.0212729
0.021452
0.0216703
0.0218748
0.0220289
0.0221394
0.0222145
0.022263
0.0222925
0.0223105
0.0223211
0.0223266
0.00298513
0.00298362
0.00298409
0.00298662
0.00298969
0.00299559
0.0030053
0.0030198
0.00304039
0.00306891
0.00309992
0.00312538
0.00314397
0.00315747
0.00316774
0.00317472
0.00317905
0.00318184
0.00318334
0.0095517
-2.02523
-1.08048
-0.667303
-0.457672
-0.33935
-0.271625
-0.237081
-0.146214
0.097641
0.56595
-0.84094
-0.61418
-0.436568
-0.305813
-0.212049
-0.124946
-0.022974
0.108382
0.274434
0.354085
-0.469586
-0.344766
-0.229291
-0.136851
-0.0513961
0.0352947
0.126295
0.216135
0.289795
0.309656
-0.218661
-0.13079
-0.0515744
0.0195988
0.0884121
0.155279
0.218395
0.271405
0.306483
0.320379
-0.025728
0.0368325
0.0937449
0.146378
0.196544
0.243195
0.284004
0.316906
0.341272
0.357343
0.12409
0.168827
0.209107
0.247148
0.282889
0.315507
0.34392
0.368387
0.388805
0.404746
0.241881
0.27473
0.304209
0.332155
0.358398
0.382606
0.404717
0.424705
0.44272
0.458342
0.339671
0.364465
0.386889
0.40836
0.428752
0.448212
0.466671
0.483518
0.498893
0.511981
0.425219
0.444997
0.462928
0.480946
0.49859
0.515391
0.531073
0.54463
0.555734
0.562937
0.503694
0.519919
0.537262
0.55433
0.57049
0.585142
0.597816
0.60747
0.611065
0.60408
0.565767
0.583017
0.602719
0.621662
0.640481
0.65756
0.670454
0.677819
0.677769
0.66607
0.63185
0.664072
0.700029
0.732195
0.757689
0.776037
0.787584
0.792591
0.790285
0.77609
0.747835
0.790047
0.82381
0.846373
0.862442
0.876139
0.888937
0.900519
0.910194
0.921349
0.943707
0.960033
0.97566
0.993697
1.01174
1.02646
1.0371
1.04585
1.05748
1.07202
1.14881
1.15858
1.16786
1.17077
1.17083
1.17417
1.18443
1.19982
1.21567
1.21915
1.44443
1.38981
1.34008
1.301
1.27953
1.27538
1.28859
1.32172
1.37731
1.45226
1.20151
1.14263
1.10422
1.07393
1.05189
1.03604
1.02447
1.0159
1.00972
1.00592
1.0052
1.00787
1.01309
1.02057
1.03062
1.04421
1.06294
1.08893
1.12321
1.16982
1.01069
1.01998
1.02456
1.02512
1.02174
1.01615
1.01005
1.00458
1.00045
0.998395
0.999298
1.00274
1.00777
1.01378
1.0199
1.0247
1.02632
1.02368
1.01655
1.00923
1.00211
1.00349
1.00647
1.00858
1.00944
1.00852
1.00616
1.00297
0.999832
0.997582
0.997168
0.998906
1.00194
1.00534
1.00832
1.01008
1.01018
1.00863
1.00605
1.00312
0.998479
0.998592
0.999085
0.999698
1.00005
0.999924
0.999251
0.997966
0.996345
0.995059
0.99488
0.996055
0.997841
0.999537
1.00065
1.00111
1.00105
1.00055
0.999965
0.999646
0.990145
0.990189
0.990291
0.990346
0.990286
0.990017
0.989479
0.988679
0.987763
0.987035
0.987012
0.987861
0.98904
0.990137
0.990957
0.991445
0.991651
0.991669
0.991585
0.991485
0.982441
0.982466
0.982531
0.982586
0.982594
0.982509
0.982292
0.981932
0.981499
0.981189
0.981316
0.981939
0.982715
0.983391
0.983859
0.984121
0.984226
0.984231
0.984189
0.98414
0.974772
0.974785
0.974817
0.974842
0.974848
0.974817
0.974735
0.974602
0.974457
0.974418
0.974666
0.975201
0.975778
0.976254
0.976585
0.976782
0.97688
0.976913
0.976908
0.976888
0.967208
0.967215
0.967237
0.967261
0.967284
0.967302
0.967314
0.96733
0.967373
0.967538
0.967907
0.96843
0.968922
0.969308
0.969574
0.969737
0.969825
0.969863
0.96987
0.96986
0.959658
0.959661
0.959677
0.959704
0.959744
0.959801
0.959884
0.96001
0.960207
0.960534
0.961035
0.96161
0.962091
0.962458
0.962707
0.962863
0.962951
0.962994
0.963008
0.963006
0.952051
0.952056
0.952075
0.952109
0.952167
0.952261
0.952406
0.952628
0.952961
0.95345
0.954107
0.954776
0.955321
0.955709
0.955973
0.95614
0.956237
0.956288
0.956308
0.956309
0.944351
0.944353
0.944374
0.944419
0.944499
0.944632
0.944843
0.945163
0.945635
0.946302
0.947152
0.947979
0.948615
0.949067
0.949371
0.949565
0.949679
0.949741
0.949769
0.949773
0.936503
0.936505
0.93653
0.936588
0.936693
0.936872
0.937155
0.937587
0.938219
0.939098
0.940191
0.941226
0.942007
0.942558
0.942926
0.94316
0.9433
0.943377
0.943413
0.94342
0.928448
0.928451
0.928483
0.928556
0.928694
0.928928
0.929301
0.929868
0.930694
0.931835
0.933235
0.934545
0.935521
0.936207
0.936665
0.936956
0.937131
0.937228
0.937274
0.937284
0.92012
0.920123
0.920163
0.920259
0.920438
0.920742
0.921227
0.921964
0.923034
0.924505
0.926297
0.927961
0.929195
0.930058
0.930632
0.930998
0.931219
0.931341
0.931399
0.931413
0.911431
0.911436
0.911488
0.911612
0.911844
0.912238
0.912868
0.913823
0.915204
0.917097
0.91939
0.921508
0.923071
0.924162
0.924888
0.925349
0.925627
0.925782
0.925856
0.925874
0.902273
0.90228
0.902348
0.902509
0.902811
0.903324
0.904141
0.905377
0.907161
0.909593
0.912527
0.915222
0.917206
0.918586
0.919504
0.920088
0.920439
0.920633
0.920726
0.920748
0.892499
0.892508
0.892597
0.892808
0.893203
0.893873
0.894936
0.896541
0.898846
0.901973
0.905724
0.909152
0.911666
0.913412
0.914571
0.915308
0.915751
0.915997
0.916114
0.916142
0.881915
0.881927
0.882046
0.882325
0.882845
0.883724
0.885114
0.887204
0.890189
0.894214
0.899006
0.90336
0.906542
0.908747
0.910209
0.911137
0.911695
0.912005
0.912152
0.912187
0.870257
0.870273
0.870435
0.870807
0.871499
0.872662
0.874494
0.877229
0.881106
0.886289
0.892405
0.897922
0.901938
0.904717
0.90656
0.907728
0.90843
0.908819
0.909004
0.909048
0.857157
0.857182
0.857403
0.85791
0.858842
0.860399
0.862834
0.866439
0.871495
0.878174
0.885962
0.89293
0.897982
0.901475
0.90379
0.90526
0.906144
0.906633
0.906865
0.906919
0.842093
0.84213
0.842444
0.843147
0.844428
0.846549
0.849829
0.854623
0.861248
0.869855
0.87974
0.888495
0.894823
0.8992
0.902109
0.903959
0.905074
0.905692
0.905986
0.906054
0.824286
0.824346
0.824806
0.825817
0.827628
0.830583
0.835083
0.841535
0.85026
0.861342
0.873817
0.884742
0.892622
0.898092
0.901748
0.904089
0.905506
0.906294
0.906669
0.906757
0.802519
0.802624
0.803339
0.804861
0.807532
0.811794
0.818118
0.826926
0.838467
0.852685
0.868297
0.881794
0.891529
0.898344
0.902955
0.905945
0.907777
0.908808
0.909304
0.909423
0.77476
0.774954
0.776157
0.778631
0.782832
0.789277
0.798434
0.810624
0.825908
0.844011
0.863302
0.879749
0.891644
0.900096
0.905947
0.909846
0.912302
0.91372
0.914417
0.914596
0.737292
0.737677
0.740021
0.744595
0.751838
0.762133
0.775744
0.792721
0.812831
0.835559
0.858976
0.878652
0.892962
0.903353
0.910808
0.916022
0.919507
0.921656
0.922779
0.923096
0.682263
0.683474
0.689587
0.699631
0.713174
0.73014
0.750446
0.773829
0.799802
0.827711
0.855467
0.87845
0.895285
0.907838
0.917262
0.92431
0.929492
0.933132
0.935415
0.936256
0.595149
0.60323
0.62243
0.644476
0.668595
0.69507
0.723897
0.754758
0.787131
0.820413
0.852466
0.878707
0.898172
0.91316
0.925013
0.934602
0.942506
0.949129
0.954565
0.959422
0.505135
0.522851
0.556822
0.590602
0.625395
0.661394
0.698565
0.736642
0.775163
0.813575
0.849765
0.87917
0.901194
0.918582
0.932839
0.944873
0.955293
0.964441
0.972657
0.982338
0.446206
0.463918
0.503602
0.545157
0.587965
0.63176
0.676189
0.720715
0.764679
0.807354
0.846461
0.877585
0.900737
0.919046
0.934084
0.946704
0.957453
0.966698
0.974811
0.982986
0.402941
0.421792
0.464528
0.51001
0.557718
0.607061
0.65718
0.707074
0.755602
0.801617
0.842447
0.873906
0.896813
0.914739
0.929388
0.941633
0.952005
0.960894
0.968649
0.976181
0.368308
0.387853
0.432958
0.481715
0.533343
0.587066
0.641792
0.696114
0.748371
0.796798
0.838143
0.868561
0.889987
0.90654
0.920069
0.931444
0.941155
0.949512
0.956871
0.963776
0.339427
0.359608
0.406665
0.458126
0.513044
0.570525
0.629237
0.687414
0.742827
0.792977
0.833811
0.861932
0.880731
0.895009
0.906781
0.916872
0.925665
0.933379
0.940257
0.946598
0.313993
0.334861
0.383841
0.437796
0.495682
0.556567
0.618921
0.680634
0.738901
0.79034
0.829853
0.854479
0.869479
0.880515
0.889831
0.89819
0.905793
0.912715
0.919029
0.924881
0.290702
0.312346
0.363261
0.419576
0.480294
0.544412
0.610266
0.67541
0.736478
0.789072
0.826695
0.846705
0.856615
0.863284
0.869314
0.875381
0.881473
0.887457
0.892967
0.898393
0.268968
0.291402
0.343991
0.402641
0.466135
0.533432
0.602745
0.67139
0.735413
0.789309
0.82481
0.839164
0.842535
0.843467
0.845141
0.848187
0.852295
0.857007
0.861893
0.866748
0.247675
0.271044
0.325402
0.386378
0.452625
0.523082
0.595918
0.668207
0.735508
0.791158
0.824667
0.832502
0.827721
0.821203
0.817147
0.81621
0.817755
0.820899
0.8249
0.829217
0.22671
0.250806
0.307045
0.370345
0.439317
0.512953
0.589363
0.665507
0.736521
0.794623
0.826723
0.827468
0.812761
0.796672
0.785089
0.77894
0.777159
0.778315
0.781235
0.784946
0.205675
0.230413
0.288601
0.354181
0.425886
0.502691
0.582748
0.662934
0.738128
0.799601
0.831366
0.824933
0.798449
0.770143
0.748671
0.735678
0.729621
0.728309
0.729885
0.732965
0.184408
0.20979
0.269897
0.337745
0.41211
0.492058
0.575757
0.66015
0.739982
0.805824
0.838838
0.825844
0.785821
0.74198
0.707477
0.685517
0.674074
0.669912
0.669804
0.672308
0.162859
0.188686
0.250748
0.320861
0.397875
0.48089
0.568198
0.656854
0.7417
0.812949
0.84919
0.831169
0.776207
0.712681
0.660829
0.62705
0.608937
0.601535
0.600391
0.602379
0.140702
0.167202
0.231219
0.303536
0.383111
0.469103
0.559917
0.65281
0.74288
0.820459
0.862199
0.841786
0.771275
0.682891
0.60739
0.55743
0.532501
0.522776
0.520993
0.523028
0.118181
0.145333
0.211309
0.285796
0.367837
0.456675
0.550839
0.647839
0.74319
0.827773
0.877334
0.85831
0.773117
0.653628
0.543873
0.473575
0.441612
0.431688
0.43187
0.435609
0.0954521
0.123323
0.191152
0.267723
0.352122
0.443626
0.540955
0.641848
0.742381
0.834324
0.893762
0.880831
0.784122
0.626723
0.465041
0.363797
0.326597
0.325454
0.33507
0.344526
0.0726033
0.101231
0.170887
0.249464
0.33607
0.43004
0.530267
0.634811
0.740251
0.839584
0.910362
0.908719
0.80675
0.604765
0.365823
0.205301
0.168915
0.199507
0.238363
0.26314
0.0497433
0.0791525
0.150626
0.231186
0.319843
0.416063
0.518896
0.626722
0.736688
0.843129
0.925952
0.940344
0.842778
0.593987
0.225373
-0.0590716
-0.080897
0.0486627
0.167457
0.229908
0.0270316
0.0572249
0.130551
0.213022
0.303575
0.401835
0.507001
0.617711
0.7317
0.844634
0.93941
0.973136
0.89198
0.602742
0.0106009
-0.595399
-0.583134
-0.156697
0.172838
0.291748
0.00442537
0.0354893
0.110854
0.19511
0.287284
0.387364
0.494633
0.607837
0.725351
0.844014
0.94989
1.00451
0.951644
0.641703
-0.340216
-1.78959
-1.60812
-0.482359
0.211567
0.504724
-0.0180758
0.0140561
0.0917223
0.177409
0.270855
0.372422
0.48148
0.596824
0.717285
0.840817
0.956703
1.0321
1.01628
0.736613
-0.501323
-2.72426
-2.62151
-1.1299
-0.204466
0.0149879
-0.0407563
-0.00653251
0.0735661
0.16008
0.254454
0.357176
0.467752
0.58484
0.707704
0.834894
0.958488
1.05077
1.06815
0.855913
-0.174478
-1.88006
-1.93145
-1.24134
-0.698491
-0.368013
-0.0640468
-0.024551
0.0563916
0.142954
0.237833
0.341521
0.45335
0.571906
0.696391
0.826301
0.955271
1.05803
1.095
0.953085
0.317642
-0.660254
-0.849346
-0.643613
-0.479538
-0.369983
-0.0786389
-0.0379367
0.0430501
0.128398
0.223702
0.328294
0.438791
0.558885
0.684288
0.815641
0.947172
1.05398
1.10296
1.01667
0.615912
0.0596532
-0.239511
-0.324014
-0.306281
-0.289467
0.00710446
-0.010056
0.0651273
0.154712
0.255242
0.364702
0.481308
0.604971
0.733852
0.868348
0.990263
1.07027
1.06828
0.903998
0.536093
0.176481
-0.0536546
-0.181289
-0.260423
-0.338739
-0.078242
-0.023737
0.0509263
0.140967
0.242226
0.352282
0.469372
0.59316
0.721704
0.854674
0.970949
1.0392
1.0265
0.877999
0.580642
0.249679
-0.00981657
-0.183857
-0.310662
-0.469255
-0.123625
-0.0510548
0.027892
0.119709
0.222194
0.333004
0.450922
0.57412
0.702172
0.834211
0.946419
1.00568
0.983794
0.843043
0.584426
0.254725
-0.0321826
-0.257697
-0.453082
-0.734801
-0.16493
-0.0826506
0.00241628
0.0971503
0.200789
0.312432
0.431202
0.556157
0.68508
0.813538
0.915997
0.96061
0.922804
0.773984
0.526017
0.189258
-0.141636
-0.436665
-0.746482
-1.25931
-0.205774
-0.114787
-0.0246227
0.073216
0.178621
0.292168
0.412014
0.535764
0.661388
0.786075
0.882887
0.918099
0.871546
0.720995
0.47365
0.122686
-0.287152
-0.684597
-1.17058
-2.35288
-0.243565
-0.147315
-0.0530489
0.0474293
0.155101
0.269589
0.389692
0.514349
0.640964
0.763198
0.852416
0.877936
0.823273
0.674056
0.425226
0.0846986
-0.392979
-0.935123
-1.50194
-3.10179
-0.279646
-0.180566
-0.08337
0.0199126
0.130039
0.246593
0.368315
0.492876
0.617122
0.735185
0.818668
0.838818
0.783196
0.643451
0.399226
0.0783201
-0.381839
-0.965319
-1.3159
-1.42878
-0.314773
-0.21405
-0.114411
-0.00875468
0.103252
0.220809
0.342866
0.467422
0.591176
0.70716
0.786711
0.804197
0.753167
0.628569
0.421521
0.133939
-0.232948
-0.722078
-1.1432
-1.15112
-0.347734
-0.247635
-0.147235
-0.0400986
0.0736792
0.192966
0.316352
0.441286
0.56433
0.678183
0.755159
0.773489
0.73263
0.634223
0.482566
0.266912
-0.013089
-0.340848
-0.580281
-0.563674
-0.381206
-0.281254
-0.180546
-0.0720639
0.0431189
0.163547
0.287765
0.413211
0.536155
0.649155
0.726007
0.749188
0.724101
0.660594
0.569212
0.458312
0.336791
0.232019
0.200614
0.21961
-0.416151
-0.316557
-0.215741
-0.106276
0.0102387
0.132239
0.257905
0.384364
0.507728
0.621063
0.699982
0.731567
0.725725
0.696803
0.659583
0.627172
0.610203
0.619678
0.658324
0.679697
-0.455118
-0.354258
-0.252603
-0.141872
-0.0237475
0.0999917
0.227175
0.35492
0.479309
0.594369
0.677549
0.720218
0.73424
0.734586
0.734146
0.741956
0.762318
0.7951
0.831801
0.848794
-0.498337
-0.394579
-0.291167
-0.178619
-0.0586367
0.0670378
0.19596
0.325317
0.451463
0.569568
0.658887
0.71377
0.745933
0.768626
0.790794
0.816742
0.846911
0.879179
0.909404
0.922942
-0.544115
-0.437102
-0.330917
-0.216136
-0.093986
0.0337691
0.164664
0.296039
0.424684
0.546618
0.644398
0.710636
0.758056
0.796741
0.832484
0.867234
0.900815
0.93221
0.959898
0.973622
-0.590969
-0.479819
-0.371031
-0.253755
-0.129197
0.000769177
0.133878
0.267616
0.399279
0.52605
0.632187
0.70962
0.768825
0.81854
0.862429
0.901969
0.937323
0.968496
0.995234
1.00888
-0.63592
-0.521958
-0.410389
-0.290508
-0.163519
-0.0312335
0.104224
0.240548
0.375579
0.507789
0.621528
0.708469
0.776885
0.833996
0.882934
0.92519
0.961523
0.992618
1.01884
1.03238
-0.677841
-0.561314
-0.447505
-0.325184
-0.195853
-0.0613359
0.0763873
0.215294
0.353735
0.491114
0.611824
0.706553
0.78156
0.843501
0.895473
0.93921
0.976035
1.00698
1.03278
1.04617
-0.714611
-0.5964
-0.480533
-0.356197
-0.224971
-0.0885363
0.0511358
0.192288
0.333718
0.475542
0.602179
0.702635
0.782214
0.847218
0.900903
0.945434
0.982338
1.013
1.03876
1.05196
-0.744995
-0.62524
-0.507806
-0.381911
-0.24934
-0.111666
0.0292483
0.171902
0.315448
0.460545
0.591416
0.695731
0.778263
0.845035
0.899629
0.944419
0.981309
1.0117
1.0376
1.05039
-0.76485
-0.644837
-0.526668
-0.400262
-0.267255
-0.129439
0.0115904
0.154502
0.298814
0.445492
0.578685
0.685048
0.769025
0.836623
0.891546
0.936392
0.973166
1.00336
1.02936
1.0418
-0.771559
-0.65219
-0.534187
-0.408555
-0.276722
-0.140371
-0.000968624
0.140466
0.283609
0.429746
0.562994
0.669574
0.75367
0.821278
0.876125
0.920864
0.957562
0.987683
1.01384
1.02642
-0.759635
-0.643424
-0.526728
-0.403638
-0.275072
-0.142566
-0.00725157
0.130111
0.269629
0.412599
0.543396
0.648168
0.730996
0.797728
0.852034
0.896496
0.933071
0.963264
0.989644
1.00273
-0.724035
-0.611966
-0.499131
-0.38146
-0.259449
-0.134099
-0.0061419
0.124052
0.256818
0.393464
0.518828
0.619445
0.69925
0.763899
0.81692
0.860724
0.897072
0.927394
0.954055
0.967352
-0.654414
-0.54905
-0.444861
-0.33755
-0.226852
-0.11313
0.00339611
0.122706
0.245199
0.371956
0.488523
0.582075
0.65636
0.716826
0.766906
0.808949
0.84457
0.87497
0.9019
0.915556
-0.53908
-0.445297
-0.357945
-0.268709
-0.175728
-0.0789737
0.0216276
0.126157
0.234811
0.348095
0.452268
0.53532
0.60069
0.653516
0.697115
0.734018
0.76624
0.795055
0.820781
0.835052
-0.33085
-0.288869
-0.234849
-0.174247
-0.106764
-0.0327752
0.047526
0.133954
0.226157
0.323766
0.413708
0.484539
0.538989
0.581544
0.615073
0.641469
0.662511
0.680331
0.696656
0.707378
-0.121346
-0.111441
-0.0928195
-0.0647918
-0.0269134
0.021063
0.0789122
0.14606
0.221659
0.304609
0.382394
0.443584
0.489804
0.524758
0.551156
0.571033
0.585628
0.595439
0.600895
0.602983
-0.00212096
0.000534189
0.0077225
0.0207771
0.0413625
0.0710327
0.110772
0.160822
0.220692
0.289163
0.354785
0.40638
0.444602
0.472482
0.492249
0.505625
0.514125
0.519173
0.521813
0.522707
0.0609052
0.0623557
0.0665032
0.0745871
0.0879323
0.107954
0.136041
0.173239
0.219865
0.275182
0.329287
0.371893
0.40301
0.425123
0.440349
0.450457
0.456833
0.460521
0.462335
0.462938
0.101427
0.102582
0.105432
0.110817
0.119861
0.133889
0.154269
0.182202
0.218379
0.262536
0.306503
0.341229
0.366382
0.384014
0.395951
0.403709
0.408494
0.41124
0.412629
0.413126
0.127787
0.128654
0.130728
0.134599
0.141102
0.151289
0.166359
0.187494
0.21554
0.250531
0.285882
0.313914
0.334139
0.348194
0.357618
0.363695
0.367429
0.369571
0.370657
0.371048
0.144513
0.14517
0.146711
0.14957
0.154376
0.161955
0.173291
0.189426
0.2112
0.238808
0.267036
0.289519
0.305711
0.316919
0.324399
0.329204
0.33215
0.333839
0.334698
0.335007
0.154306
0.15481
0.155976
0.15813
0.161751
0.16748
0.176111
0.188514
0.205445
0.22718
0.249613
0.267555
0.280481
0.289412
0.295358
0.299169
0.301502
0.302839
0.303519
0.303764
0.158981
0.159368
0.160259
0.1619
0.164662
0.169044
0.17567
0.185255
0.198451
0.21554
0.23331
0.247579
0.257867
0.264971
0.269698
0.272725
0.274579
0.275641
0.276179
0.276372
0.1598
0.160099
0.160784
0.162046
0.16417
0.167544
0.172665
0.180104
0.190405
0.203834
0.217881
0.229198
0.23737
0.243015
0.246767
0.249171
0.250641
0.251483
0.25191
0.252062
0.157683
0.157914
0.158445
0.159421
0.161064
0.163678
0.167651
0.173443
0.181495
0.192046
0.203132
0.212091
0.218568
0.223044
0.226022
0.227928
0.229092
0.229757
0.230094
0.230214
0.153309
0.153489
0.153901
0.154658
0.155934
0.157966
0.16106
0.165579
0.171883
0.180172
0.188913
0.195994
0.20112
0.204664
0.20702
0.208529
0.209452
0.20998
0.210248
0.210342
0.147193
0.147333
0.147654
0.148244
0.149238
0.150821
0.153234
0.156767
0.161704
0.168215
0.1751
0.180689
0.184739
0.187542
0.189409
0.190603
0.191332
0.191749
0.19196
0.192033
0.139724
0.139833
0.140083
0.140543
0.141319
0.142555
0.144442
0.147206
0.151075
0.156188
0.161607
0.166014
0.169211
0.171424
0.172896
0.173839
0.174415
0.174744
0.17491
0.174968
0.131203
0.131288
0.131483
0.131842
0.132448
0.133414
0.134889
0.137052
0.140084
0.144099
0.148361
0.151831
0.154351
0.156097
0.157257
0.157999
0.158453
0.158712
0.158843
0.158888
0.121859
0.121925
0.122078
0.122358
0.122832
0.123587
0.124741
0.126435
0.128812
0.131961
0.135308
0.138036
0.140017
0.14139
0.142305
0.142892
0.143249
0.143453
0.143555
0.143591
0.111875
0.111927
0.112046
0.112265
0.112635
0.113225
0.114128
0.115453
0.117313
0.11978
0.122407
0.124549
0.126105
0.127184
0.127902
0.128361
0.128642
0.128803
0.128883
0.128911
0.10139
0.101431
0.101524
0.101695
0.101983
0.102444
0.103148
0.104181
0.105634
0.107563
0.109618
0.111295
0.112518
0.113365
0.113929
0.114288
0.114507
0.114632
0.114695
0.114716
0.0905179
0.0905492
0.0906209
0.0907532
0.0909771
0.0913355
0.091884
0.0926894
0.0938213
0.0953251
0.0969273
0.0982357
0.0991867
0.0998447
0.100283
0.100564
0.100736
0.100833
0.100882
0.1009
0.0793396
0.079364
0.07942
0.0795229
0.0796959
0.0799725
0.0803965
0.0810198
0.0818961
0.0830602
0.0843006
0.0853139
0.0860509
0.0865625
0.0869046
0.0871238
0.0872572
0.0873336
0.087372
0.087385
0.067928
0.0679464
0.0679887
0.0680677
0.0682014
0.0684138
0.0687377
0.0692146
0.0698855
0.0707774
0.0717298
0.0725089
0.0730771
0.0734719
0.0737333
0.0738995
0.0740013
0.0740594
0.0740878
0.0740975
0.0563376
0.0563519
0.0563844
0.0564432
0.0565426
0.0567028
0.0569482
0.0573083
0.0578141
0.0584863
0.0592034
0.0597891
0.0602147
0.0605089
0.060706
0.0608336
0.0609109
0.0609542
0.0609769
0.0609851
0.0446111
0.0446211
0.0446447
0.0446888
0.0447635
0.0448816
0.0450608
0.0453235
0.0456935
0.0461852
0.0467095
0.0471382
0.0474509
0.0476691
0.0478136
0.0479046
0.0479608
0.0479941
0.0480105
0.0480159
0.0327873
0.032795
0.0328128
0.032844
0.0328961
0.0329782
0.0331022
0.0332835
0.0335382
0.0338767
0.0342385
0.0345354
0.0347518
0.034901
0.0350017
0.0350672
0.0351064
0.0351272
0.0351369
0.0351404
0.0208966
0.020902
0.0209152
0.0209364
0.0209682
0.0210171
0.0210919
0.0212018
0.0213561
0.0215605
0.0217789
0.0219578
0.022089
0.0221809
0.0222418
0.0222796
0.0223026
0.0223164
0.0223244
0.0223278
0.00895945
0.00896053
0.00896585
0.00897039
0.00897895
0.00899378
0.00901831
0.00905496
0.00910697
0.00917859
0.00926791
0.00935255
0.00941687
0.00946427
0.00949624
0.00951796
0.00953352
0.00954345
0.00954908
0.00955261
-1.37685
-0.82546
-0.544562
-0.390123
-0.302109
-0.25188
-0.204758
-0.0505605
0.318905
0.629479
-0.659039
-0.491509
-0.358318
-0.257012
-0.168734
-0.0777113
0.0420438
0.192298
0.344522
0.33587
-0.370904
-0.269085
-0.180523
-0.0936512
-0.00863333
0.0803364
0.172575
0.261522
0.313839
0.317022
-0.151359
-0.0834339
-0.0148048
0.0545419
0.122097
0.187533
0.247116
0.292352
0.319604
0.335238
0.0229057
0.0705456
0.121298
0.172116
0.220362
0.264548
0.301729
0.330627
0.352979
0.373104
0.158831
0.192214
0.229229
0.265544
0.299607
0.330311
0.35672
0.379304
0.399578
0.420243
0.267255
0.29166
0.318867
0.345655
0.370745
0.393895
0.415057
0.434215
0.45228
0.472215
0.35875
0.377751
0.398197
0.418706
0.438543
0.457548
0.4753
0.491544
0.507017
0.523154
0.440574
0.45529
0.472219
0.489656
0.507092
0.523461
0.538032
0.5507
0.560889
0.56925
0.515952
0.529246
0.545668
0.562339
0.578088
0.591888
0.603006
0.610394
0.612795
0.610289
0.576037
0.592539
0.61191
0.631244
0.64946
0.664597
0.674997
0.67837
0.676176
0.67272
0.646048
0.681756
0.717015
0.745969
0.767673
0.782596
0.791066
0.792336
0.784485
0.782758
0.767326
0.808773
0.836476
0.854729
0.869482
0.882648
0.894939
0.905682
0.915126
0.931985
0.952296
0.967778
0.984184
1.00308
1.01962
1.03225
1.04144
1.05097
1.06535
1.08187
1.14993
1.16417
1.17003
1.17079
1.17174
1.17838
1.19172
1.20815
1.21983
1.23163
1.41482
1.36466
1.3185
1.28801
1.27538
1.27971
1.30244
1.3467
1.41269
1.50604
1.05748
1.06013
1.05618
1.04706
1.03655
1.02674
1.01843
1.01181
1.00707
1.00473
1.00574
1.00961
1.01548
1.02306
1.03224
1.04262
1.05287
1.05985
1.06106
1.0585
1.00198
1.00679
1.00976
1.01058
1.00966
1.00703
1.00318
0.999105
0.995738
0.994028
0.994801
0.997701
1.00171
1.00593
1.00936
1.0112
1.01132
1.00952
1.00535
1.00126
1.00228
1.00381
1.00554
1.00666
1.0069
1.00599
1.00429
1.00206
1
0.998902
0.999508
1.00146
1.0039
1.00609
1.00757
1.00795
1.00727
1.00581
1.00403
1.00305
0.993953
0.993999
0.994109
0.994181
0.994057
0.993636
0.9928
0.991642
0.990481
0.989867
0.990354
0.991651
0.993104
0.994286
0.995008
0.995338
0.995382
0.99529
0.995206
0.995173
0.986348
0.986438
0.986535
0.986578
0.986509
0.986267
0.985818
0.985203
0.984588
0.984312
0.984729
0.985619
0.986551
0.987292
0.987765
0.987992
0.988042
0.987987
0.987893
0.987818
0.97858
0.978617
0.978657
0.978677
0.978653
0.978558
0.978369
0.978106
0.977863
0.977846
0.97825
0.978899
0.979521
0.979996
0.980298
0.980457
0.980517
0.980519
0.980493
0.980463
0.970986
0.971008
0.971034
0.971054
0.97106
0.971042
0.970999
0.970946
0.970943
0.971119
0.971554
0.972095
0.972575
0.972931
0.973162
0.973292
0.973352
0.973368
0.973359
0.973341
0.963433
0.963447
0.96347
0.963498
0.963532
0.963575
0.963635
0.96373
0.963905
0.964244
0.964752
0.965275
0.965701
0.96601
0.966212
0.966331
0.966392
0.966416
0.966417
0.966405
0.955867
0.955878
0.9559
0.955937
0.955998
0.956091
0.956232
0.956447
0.956776
0.957275
0.957894
0.958457
0.958901
0.959211
0.959414
0.959536
0.959603
0.959633
0.95964
0.959632
0.948214
0.948226
0.948255
0.948308
0.948397
0.948539
0.948759
0.949089
0.949571
0.950249
0.951021
0.951689
0.952184
0.952529
0.952755
0.952893
0.952971
0.953009
0.953021
0.953014
0.940449
0.94046
0.940495
0.940564
0.940685
0.940881
0.941185
0.94164
0.942293
0.943183
0.94416
0.944974
0.945569
0.945979
0.946246
0.946411
0.946506
0.946554
0.946572
0.946566
0.932505
0.932518
0.932563
0.932653
0.932811
0.933071
0.933475
0.934078
0.934935
0.936088
0.937329
0.938346
0.939083
0.939587
0.939917
0.94012
0.940238
0.940298
0.940322
0.940315
0.924323
0.924339
0.924396
0.924513
0.92472
0.925059
0.925587
0.926372
0.927483
0.928967
0.930549
0.931832
0.932757
0.933388
0.933799
0.934054
0.934202
0.934279
0.93431
0.934302
0.915827
0.915847
0.915921
0.916073
0.916341
0.916781
0.917466
0.918482
0.919917
0.921822
0.923839
0.925468
0.926636
0.927432
0.92795
0.928271
0.928458
0.928555
0.928595
0.928586
0.906919
0.906946
0.907042
0.907239
0.907587
0.908159
0.909047
0.91036
0.912209
0.914652
0.917227
0.919295
0.920775
0.921781
0.922436
0.922843
0.923078
0.923202
0.923251
0.92324
0.897474
0.89751
0.897636
0.897892
0.898346
0.89909
0.900242
0.901942
0.904323
0.907456
0.91074
0.913368
0.915242
0.916515
0.917342
0.917854
0.918152
0.918307
0.91837
0.918355
0.887323
0.887371
0.887537
0.887873
0.888468
0.88944
0.89094
0.893144
0.896217
0.900234
0.904419
0.907752
0.910123
0.91173
0.912774
0.91342
0.913796
0.913991
0.91407
0.914052
0.87624
0.876305
0.876526
0.876972
0.877758
0.879035
0.880999
0.883867
0.887838
0.892988
0.898313
0.902533
0.905527
0.907554
0.908869
0.909683
0.910155
0.910401
0.9105
0.910476
0.863916
0.864005
0.864305
0.864903
0.865951
0.867646
0.870234
0.873984
0.879126
0.885725
0.892485
0.897812
0.901581
0.904132
0.905787
0.906811
0.907405
0.907714
0.907837
0.907806
0.849912
0.850039
0.850453
0.85127
0.85269
0.854967
0.858412
0.863345
0.870019
0.878464
0.887015
0.89371
0.89844
0.901642
0.903723
0.905013
0.90576
0.90615
0.906305
0.906265
0.833596
0.833785
0.834374
0.835518
0.837481
0.840596
0.84524
0.85178
0.860462
0.871243
0.881998
0.890366
0.896277
0.900293
0.902912
0.90454
0.905488
0.905982
0.906179
0.906129
0.814006
0.814304
0.815177
0.816839
0.819642
0.824007
0.830376
0.839126
0.850434
0.864129
0.877549
0.887924
0.895275
0.900306
0.903617
0.905693
0.906909
0.907546
0.907803
0.907741
0.789582
0.790098
0.791486
0.794037
0.798225
0.804553
0.813473
0.825277
0.839984
0.857235
0.873785
0.886506
0.895584
0.901889
0.906114
0.908812
0.910419
0.911276
0.91163
0.911559
0.757487
0.758558
0.761045
0.765329
0.772002
0.781556
0.794297
0.810288
0.829287
0.85073
0.870814
0.886179
0.897273
0.905166
0.910633
0.914259
0.916507
0.91776
0.918319
0.918261
0.711876
0.714864
0.72024
0.728324
0.739698
0.754586
0.772931
0.794447
0.81863
0.844778
0.868649
0.886842
0.900189
0.910001
0.91714
0.922204
0.925639
0.927814
0.928998
0.929039
0.643154
0.652012
0.665094
0.681343
0.701158
0.724234
0.750146
0.778404
0.808409
0.839487
0.867131
0.888135
0.903824
0.915786
0.925005
0.932125
0.937616
0.941889
0.945083
0.944866
0.557464
0.576432
0.602971
0.631406
0.661834
0.694046
0.72786
0.762924
0.798703
0.834665
0.866133
0.890154
0.908556
0.923201
0.935137
0.945027
0.953308
0.96039
0.964951
0.965515
0.478531
0.510216
0.547326
0.585911
0.625618
0.666267
0.707559
0.749044
0.790129
0.830286
0.864696
0.890785
0.910923
0.92721
0.940763
0.952177
0.961766
0.969824
0.975501
0.977231
0.428698
0.462807
0.504457
0.548833
0.595033
0.642254
0.689762
0.736739
0.782266
0.825554
0.86157
0.888308
0.908754
0.925211
0.938828
0.950192
0.959668
0.967544
0.973107
0.975002
0.389314
0.426205
0.471207
0.519606
0.570393
0.622603
0.675132
0.726663
0.775742
0.821072
0.85734
0.883349
0.902868
0.918478
0.931394
0.942222
0.951278
0.958826
0.964326
0.966334
0.357325
0.39625
0.443871
0.495561
0.550178
0.606574
0.663341
0.718694
0.770586
0.816989
0.852257
0.876279
0.893818
0.907791
0.919466
0.929397
0.937837
0.944954
0.950335
0.952405
0.329832
0.370632
0.420685
0.475258
0.533218
0.593311
0.653848
0.712605
0.766836
0.813583
0.846737
0.867559
0.882065
0.893621
0.903521
0.912215
0.919831
0.926406
0.931595
0.933646
0.305283
0.347903
0.400242
0.457485
0.518561
0.582104
0.646195
0.708174
0.764529
0.811166
0.841259
0.857634
0.867965
0.876203
0.883704
0.890766
0.897327
0.903232
0.908135
0.910094
0.282627
0.326973
0.381502
0.44135
0.505424
0.572315
0.639914
0.705137
0.763689
0.810069
0.836339
0.846981
0.851798
0.855614
0.859934
0.864864
0.870074
0.875166
0.879654
0.881572
0.260927
0.307072
0.363754
0.426155
0.493177
0.563427
0.634593
0.703233
0.764267
0.810605
0.832551
0.836141
0.833848
0.831856
0.83197
0.834097
0.83754
0.841615
0.845593
0.847415
0.239628
0.287555
0.346443
0.41137
0.48136
0.554964
0.629808
0.702155
0.766173
0.813019
0.830542
0.825767
0.814472
0.804894
0.799477
0.797921
0.799103
0.801884
0.80524
0.806988
0.218401
0.268079
0.329177
0.39662
0.469562
0.546559
0.625206
0.701563
0.769196
0.817497
0.830978
0.816692
0.794139
0.77468
0.76198
0.755634
0.753911
0.755061
0.757629
0.759294
0.197003
0.248502
0.311704
0.381628
0.45751
0.537911
0.620442
0.701129
0.77308
0.824057
0.834519
0.809911
0.773509
0.741196
0.718898
0.706334
0.700971
0.700123
0.701829
0.703436
0.175176
0.228549
0.293865
0.366256
0.444995
0.528771
0.615233
0.700468
0.777421
0.832577
0.841751
0.806627
0.753475
0.704362
0.669341
0.648782
0.639022
0.636013
0.636792
0.638545
0.152962
0.208176
0.275602
0.350391
0.431945
0.519
0.609366
0.699275
0.781799
0.842696
0.853048
0.808223
0.735245
0.663985
0.61187
0.581145
0.566626
0.561935
0.562297
0.564126
0.130421
0.187443
0.25692
0.334063
0.418315
0.508509
0.602668
0.697262
0.785758
0.853882
0.868479
0.816174
0.720529
0.619474
0.543143
0.500634
0.482509
0.477536
0.47828
0.480999
0.107608
0.166399
0.237907
0.317328
0.404116
0.497301
0.595054
0.694222
0.788858
0.865409
0.887704
0.831871
0.711734
0.570193
0.457825
0.400389
0.38194
0.381454
0.386802
0.392282
0.0847299
0.145218
0.218692
0.300274
0.389481
0.485419
0.586496
0.689996
0.790718
0.876468
0.909818
0.856309
0.712116
0.514365
0.344467
0.264536
0.256726
0.275716
0.295258
0.308008
0.0617553
0.123981
0.199361
0.283028
0.374512
0.472977
0.577107
0.684576
0.79106
0.886254
0.933409
0.889563
0.726115
0.451466
0.177048
0.0550231
0.0890867
0.168479
0.223932
0.248751
0.0388741
0.102848
0.180122
0.265723
0.359263
0.460053
0.566934
0.677973
0.789727
0.89408
0.956651
0.930129
0.758631
0.383624
-0.106554
-0.33035
-0.169209
0.0625133
0.207498
0.244731
0.0161048
0.0819707
0.161199
0.248586
0.343906
0.446756
0.556107
0.670307
0.786702
0.899423
0.977613
0.974521
0.812978
0.315824
-0.664564
-1.20974
-0.653118
-0.00817633
0.327589
0.33015
-0.00648221
0.0614191
0.142586
0.231473
0.328314
0.432936
0.544368
0.661268
0.781772
0.902044
0.995418
1.02001
0.89222
0.28166
-1.47639
-2.79513
-1.44831
-0.210829
0.30912
0.413608
-0.0289896
0.0416989
0.124507
0.214439
0.312519
0.418692
0.531767
0.650833
0.77474
0.901409
1.00793
1.05893
0.976694
0.384053
-1.46938
-2.80877
-1.89282
-0.912501
-0.403056
-0.122403
-0.0520349
0.0237009
0.10743
0.197934
0.296991
0.404466
0.518538
0.639381
0.765779
0.897199
1.01339
1.08395
1.04322
0.622989
-0.618719
-1.45134
-1.13122
-0.751293
-0.497585
-0.30156
-0.0737058
0.00861008
0.0922099
0.182567
0.282289
0.390465
0.505144
0.627511
0.755559
0.889382
1.01061
1.09119
1.07773
0.810801
0.112774
-0.420506
-0.512977
-0.406599
-0.34313
-0.296116
0.432719
0.553186
0.679089
0.810981
0.942177
1.04759
1.09503
-0.276122
-0.0711037
-0.0437788
0.018729
0.101093
0.196646
0.301927
0.415105
0.535447
0.661921
0.794085
0.924619
1.02631
1.06513
0.990121
0.746033
0.38955
0.0883775
-0.108634
-0.229809
-0.095617
-0.0662973
-0.000114834
0.0837785
0.18025
0.286276
0.399941
0.521297
0.648295
0.779052
0.904668
0.997956
1.02646
0.951969
0.741678
0.418148
0.117055
-0.11679
-0.290889
-0.131905
-0.100668
-0.0267402
0.0608849
0.159011
0.266352
0.381684
0.503449
0.629381
0.758477
0.881102
0.96541
0.980037
0.895663
0.696866
0.39688
0.0720649
-0.210024
-0.456797
-0.171667
-0.137118
-0.055533
0.0360677
0.136777
0.245776
0.361805
0.483708
0.609597
0.737276
0.854078
0.926415
0.926743
0.833322
0.628952
0.332009
-0.0374242
-0.387884
-0.749
-0.209679
-0.172489
-0.0854938
0.0102467
0.113336
0.223707
0.340457
0.462599
0.588277
0.714027
0.826271
0.891513
0.882866
0.785335
0.579976
0.291824
-0.118975
-0.585553
-1.05182
-0.246225
-0.20742
-0.116278
-0.017645
0.087677
0.199896
0.318372
0.441793
0.567215
0.690746
0.797756
0.854678
0.839368
0.740224
0.539416
0.256418
-0.146267
-0.701184
-1.24292
-1.56943
-0.282181
-0.242342
-0.14852
-0.0469782
0.0610272
0.175131
0.294752
0.418108
0.542753
0.664518
0.767817
0.820024
0.803193
0.709532
0.532126
0.258666
-0.0991468
-0.577673
-1.10298
-1.29532
-0.316569
-0.276459
-0.181172
-0.0780245
0.0315245
0.14717
0.268098
0.392384
0.517174
0.637635
0.737798
0.787136
0.772468
0.692566
0.547278
0.326119
0.0370675
-0.340199
-0.779254
-0.968286
-0.348853
-0.309571
-0.214714
-0.110615
0.000720872
0.118158
0.240332
0.365195
0.489869
0.609402
0.707775
0.757277
0.749785
0.691497
0.588487
0.446812
0.261318
0.045912
-0.135259
-0.176188
-0.382409
-0.343677
-0.248964
-0.144144
-0.0317059
0.0870877
0.210395
0.336339
0.461555
0.580961
0.679102
0.731986
0.736093
0.703681
0.64803
0.582386
0.518308
0.471772
0.462192
0.488091
-0.418743
-0.380036
-0.285424
-0.179749
-0.0658955
0.0545327
0.179423
0.306657
0.432724
0.552799
0.652621
0.711819
0.730362
0.723913
0.707077
0.693259
0.691814
0.709191
0.744578
0.778425
-0.458888
-0.419495
-0.323794
-0.216673
-0.101155
0.0210173
0.147625
0.276348
0.403788
0.525431
0.628984
0.696328
0.73031
0.746681
0.757956
0.77291
0.795595
0.825815
0.859435
0.88637
-0.502305
-0.46214
-0.36417
-0.254885
-0.137335
-0.0131407
0.115407
0.245915
0.375236
0.499477
0.60846
0.684964
0.733619
0.768295
0.798347
0.828602
0.860338
0.892296
0.922018
0.945075
-0.547569
-0.50642
-0.405524
-0.293741
-0.173836
-0.0474354
0.0832602
0.215879
0.347566
0.475235
0.590071
0.677116
0.738787
0.786854
0.829006
0.867861
0.903881
0.936685
0.965596
0.986651
-0.592561
-0.550353
-0.446767
-0.332333
-0.209931
-0.0811988
0.051799
0.186758
0.321249
0.45294
0.574139
0.670756
0.742819
0.801272
0.851191
0.894972
0.933355
0.966607
0.995015
1.01511
-0.635434
-0.592324
-0.486455
-0.369432
-0.244596
-0.113516
0.021786
0.159194
0.29661
0.432457
0.56011
0.665168
0.745497
0.810912
0.865856
0.912557
0.952214
0.985662
1.01364
1.03306
-0.674158
-0.63058
-0.522803
-0.403564
-0.276531
-0.143359
-0.00592926
0.133734
0.273902
0.413683
0.547204
0.659195
0.745715
0.815788
0.873796
0.922132
0.962397
0.995809
1.02334
1.04221
-0.707637
-0.663448
-0.554097
-0.43302
-0.304291
-0.169454
-0.0304262
0.110961
0.253356
0.396291
0.534462
0.65165
0.742486
0.815552
0.875326
0.924479
0.964959
0.998199
1.02523
1.04373
-0.732735
-0.688196
-0.577956
-0.455832
-0.326076
-0.19042
-0.0506583
0.0914979
0.235083
0.379964
0.52114
0.641551
0.735001
0.809785
0.870452
0.919933
0.960349
0.993344
1.01988
1.03811
-0.745979
-0.701284
-0.591786
-0.469455
-0.339842
-0.20464
-0.0655673
0.0760437
0.219183
0.364274
0.506413
0.628029
0.722496
0.797865
0.858767
0.908245
0.948517
0.981277
1.00751
1.02553
-0.74527
-0.699583
-0.591542
-0.470613
-0.342956
-0.210101
-0.0737188
0.06511
0.205754
0.348771
0.489445
0.610093
0.703932
0.778822
0.839346
0.88856
0.928635
0.961296
0.987059
1.00505
-0.720479
-0.677841
-0.572947
-0.455626
-0.332261
-0.204482
-0.0735879
0.0596079
0.194914
0.333036
0.469413
0.586614
0.677963
0.751106
0.810498
0.859037
0.898797
0.931408
0.957034
0.975292
-0.666718
-0.628847
-0.529104
-0.419257
-0.304103
-0.185379
-0.0638134
0.0602213
0.186836
0.316755
0.445531
0.556383
0.642926
0.712509
0.769434
0.816399
0.855256
0.887501
0.912929
0.931766
-0.576826
-0.541915
-0.453441
-0.356314
-0.25522
-0.150892
-0.0433759
0.0673562
0.181517
0.299658
0.417254
0.518388
0.597114
0.660354
0.71225
0.755432
0.791486
0.821632
0.846824
0.866777
-0.432246
-0.406806
-0.338621
-0.263678
-0.184372
-0.100607
-0.0120983
0.0811905
0.179225
0.282
0.384766
0.472588
0.539939
0.593034
0.635828
0.670805
0.699426
0.722174
0.739853
0.753204
-0.220458
-0.208395
-0.179158
-0.140873
-0.0935329
-0.0373004
0.0274994
0.100429
0.180881
0.268158
0.357057
0.433115
0.490649
0.534743
0.568677
0.594891
0.615443
0.632104
0.645211
0.653846
-0.0517181
-0.0492863
-0.0418377
-0.0276892
-0.00510619
0.0272579
0.0700012
0.123136
0.186107
0.257889
0.333287
0.398458
0.447238
0.483631
0.510517
0.529962
0.543317
0.55169
0.556336
0.558555
0.0331889
0.0337835
0.0371819
0.0448227
0.0579455
0.0780413
0.106606
0.144738
0.192808
0.250299
0.312592
0.366991
0.407347
0.436694
0.457453
0.471613
0.480865
0.486595
0.489775
0.491108
0.0831416
0.0837493
0.0859614
0.0907494
0.099279
0.112911
0.133044
0.16098
0.197627
0.243077
0.293662
0.338312
0.371269
0.394872
0.41126
0.422244
0.429271
0.43348
0.435756
0.436757
0.115895
0.116398
0.118036
0.121419
0.127373
0.136982
0.151514
0.172264
0.200279
0.235985
0.276586
0.312774
0.339436
0.358362
0.371331
0.379894
0.385308
0.388541
0.390303
0.391094
0.137037
0.137426
0.138644
0.141115
0.145456
0.152501
0.163267
0.178888
0.2004
0.228371
0.26071
0.289788
0.311221
0.326362
0.336673
0.343442
0.347701
0.350237
0.35162
0.352243
0.150046
0.150355
0.151274
0.153124
0.156364
0.161634
0.169745
0.181639
0.198233
0.220122
0.245761
0.268989
0.286132
0.298221
0.306425
0.311793
0.315164
0.31717
0.318265
0.318758
0.157119
0.157356
0.158057
0.15946
0.161916
0.165919
0.172104
0.181234
0.194087
0.211217
0.23148
0.249953
0.263618
0.27325
0.279778
0.284044
0.286718
0.288308
0.289177
0.289567
0.15975
0.159933
0.160471
0.161547
0.163429
0.166497
0.171252
0.178303
0.188291
0.201704
0.21769
0.232339
0.243199
0.250856
0.256044
0.259432
0.261558
0.262821
0.263509
0.263818
0.159015
0.159157
0.159573
0.160402
0.161854
0.164223
0.167901
0.173371
0.181155
0.191662
0.204257
0.215848
0.224459
0.230537
0.234657
0.237346
0.239029
0.240028
0.240574
0.240819
0.155707
0.155817
0.15614
0.156783
0.157908
0.159745
0.162602
0.166859
0.172935
0.181173
0.191089
0.200246
0.207065
0.211879
0.215142
0.217272
0.218608
0.219401
0.219832
0.220024
0.150415
0.150501
0.150751
0.151251
0.152125
0.153555
0.15578
0.159102
0.163855
0.170315
0.178117
0.185343
0.19073
0.194539
0.197123
0.19881
0.199865
0.200491
0.200834
0.200986
0.143586
0.143653
0.143848
0.144238
0.14492
0.146034
0.147771
0.150366
0.154086
0.159153
0.165289
0.170984
0.175238
0.178247
0.180288
0.181622
0.182458
0.182954
0.183224
0.183343
0.135562
0.135614
0.135767
0.13607
0.136602
0.137473
0.13883
0.140861
0.143775
0.14775
0.152573
0.157058
0.160411
0.162785
0.164397
0.165448
0.166105
0.166494
0.166706
0.1668
0.126608
0.126649
0.126768
0.127005
0.127421
0.128102
0.129163
0.13075
0.133032
0.13615
0.139938
0.143465
0.146104
0.147974
0.149243
0.150071
0.150591
0.1509
0.151067
0.151141
0.116927
0.116959
0.117052
0.117238
0.117563
0.118094
0.118923
0.120167
0.121954
0.124397
0.127369
0.13014
0.132214
0.133682
0.13468
0.135333
0.135742
0.135984
0.136116
0.136174
0.10668
0.106705
0.106777
0.106921
0.107175
0.107591
0.108239
0.10921
0.110606
0.112517
0.114845
0.117016
0.118644
0.119799
0.120584
0.121095
0.121414
0.121603
0.121704
0.121749
0.0959906
0.09601
0.0960664
0.096179
0.0963766
0.0966999
0.097205
0.0979621
0.0990508
0.100543
0.102361
0.104058
0.105332
0.106235
0.106847
0.107248
0.107498
0.107646
0.107727
0.107763
0.0849569
0.0849718
0.0850156
0.0851029
0.0852555
0.0855062
0.0858986
0.0864872
0.0873338
0.0884933
0.0899064
0.0912252
0.0922134
0.0929138
0.0933897
0.0937008
0.0938967
0.0940133
0.0940759
0.094103
0.0736563
0.0736677
0.073701
0.0737682
0.0738869
0.0740805
0.074382
0.0748344
0.0754859
0.076379
0.0774685
0.0784871
0.079252
0.079795
0.0801651
0.0804064
0.0805557
0.0806437
0.0806921
0.0807134
0.0621483
0.0621573
0.0621835
0.0622353
0.0623252
0.0624724
0.0627019
0.0630464
0.0635424
0.0642216
0.0650507
0.0658261
0.0664083
0.0668217
0.0671013
0.0672838
0.0673995
0.0674681
0.067505
0.0675217
0.0504869
0.0504931
0.0505121
0.0505503
0.0506174
0.0507272
0.0508988
0.0511553
0.0515244
0.0520305
0.0526472
0.0532234
0.0536552
0.0539612
0.0541696
0.0543062
0.0543914
0.054442
0.0544692
0.0544807
0.0387064
0.0387115
0.0387254
0.0387535
0.0388021
0.0388808
0.0390028
0.0391856
0.0394486
0.0398085
0.0402482
0.0406601
0.0409708
0.0411932
0.0413446
0.0414422
0.0415029
0.0415387
0.0415584
0.041567
0.0268466
0.0268512
0.0268624
0.0268812
0.0269133
0.0269654
0.0270463
0.0271663
0.0273383
0.0275739
0.027862
0.0281324
0.0283353
0.0284778
0.0285759
0.0286421
0.0286844
0.0287089
0.0287218
0.0287272
0.0149351
0.0149372
0.0149434
0.0149544
0.0149729
0.0150021
0.0150455
0.0151098
0.0152016
0.0153273
0.0154798
0.0156223
0.0157296
0.0158065
0.0158574
0.0158897
0.0159103
0.0159237
0.0159322
0.0159369
0.00895813
0.00896359
0.00896774
0.00897407
0.00898528
0.00900471
0.00903492
0.0090788
0.00914003
0.00922278
0.00931277
0.00938714
0.00944268
0.00948181
0.00950791
0.00952654
0.00953909
0.00954679
0.00955064
0.00318376
-1.1733
-0.778182
-0.544386
-0.384055
-0.283756
-0.205103
-0.125199
0.00713436
0.227487
0.42417
-0.629254
-0.471522
-0.330043
-0.221927
-0.131307
-0.0414083
0.0610149
0.172576
0.284082
0.319831
-0.334737
-0.230157
-0.136551
-0.0552664
0.0222466
0.0998453
0.177013
0.247669
0.295806
0.311258
-0.116485
-0.0405049
0.0250633
0.0865443
0.145752
0.201962
0.252752
0.293796
0.32176
0.337323
0.0538971
0.107443
0.154525
0.199193
0.241508
0.280247
0.314085
0.341956
0.363893
0.380209
0.186004
0.224481
0.258651
0.291049
0.321427
0.349127
0.374135
0.396199
0.41525
0.430958
0.292644
0.321169
0.346755
0.371048
0.393939
0.415462
0.435617
0.453832
0.470772
0.485316
0.383298
0.405475
0.425265
0.444661
0.463266
0.48114
0.498186
0.513537
0.527269
0.537809
0.46576
0.483477
0.500686
0.518083
0.535139
0.550953
0.565126
0.576576
0.583634
0.584679
0.536417
0.552594
0.570404
0.587269
0.603148
0.61772
0.629862
0.638459
0.640173
0.630611
0.596256
0.618039
0.643792
0.669636
0.693611
0.713398
0.726509
0.732115
0.729353
0.713851
0.679
0.721941
0.763188
0.793539
0.814014
0.828261
0.838989
0.846786
0.850211
0.8476
0.839326
0.868409
0.890319
0.908828
0.926172
0.942386
0.956174
0.967791
0.980255
0.997133
1.04987
1.06006
1.07283
1.08631
1.09735
1.10594
1.11429
1.12373
1.13427
1.14199
1.26461
1.26554
1.25927
1.2444
1.23385
1.23326
1.24565
1.26976
1.30199
1.32521
1.68492
1.49207
1.39097
1.33266
1.3032
1.29688
1.3115
1.35157
1.42735
1.57055
-0.0375415
-0.0319131
0.0344536
0.118491
0.214086
0.319217
1.01986
0.699032
0.255608
-0.0330411
-0.182573
-0.249685
-0.316107
-0.426756
-0.675516
-1.13358
-1.82212
)
;

boundaryField
{
    wall-4
    {
        type            zeroGradient;
    }
    pressure-outlet-7
    {
        type            fixedValue;
        value           uniform 0;
    }
    velocity-inlet-6
    {
        type            zeroGradient;
    }
    velocity-inlet-5
    {
        type            zeroGradient;
    }
    frontAndBackPlanes
    {
        type            empty;
    }
}


// ************************************************************************* //
