/*--------------------------------*- C++ -*----------------------------------*\
  =========                 |
  \\      /  F ield         | OpenFOAM: The Open Source CFD Toolbox
   \\    /   O peration     | Website:  https://openfoam.org
    \\  /    A nd           | Version:  9
     \\/     M anipulation  |
\*---------------------------------------------------------------------------*/
FoamFile
{
    format      ascii;
    class       volScalarField;
    location    "69";
    object      p;
}
// * * * * * * * * * * * * * * * * * * * * * * * * * * * * * * * * * * * * * //

dimensions      [0 2 -2 0 0 0 0];

internalField   nonuniform List<scalar> 
8800
(
0.890045
0.84226
0.803573
0.774582
0.753725
0.738904
0.728322
0.720863
0.716073
0.714057
0.71537
0.719598
0.72627
0.735607
0.748401
0.766145
0.790929
0.824874
0.867427
0.92613
0.721288
0.728967
0.736447
0.739758
0.73826
0.73319
0.726716
0.720657
0.71596
0.713153
0.71292
0.715469
0.719992
0.725962
0.732749
0.739041
0.742689
0.741957
0.736544
0.727858
0.699682
0.705842
0.709972
0.712922
0.714979
0.715594
0.714503
0.712422
0.710439
0.709577
0.710589
0.713013
0.715843
0.718047
0.71867
0.717482
0.715149
0.711762
0.707206
0.703446
0.693855
0.696507
0.699263
0.701671
0.703315
0.704488
0.705247
0.70539
0.705132
0.705133
0.70594
0.707156
0.70803
0.708121
0.70753
0.706453
0.704646
0.702083
0.699684
0.698181
0.688453
0.689879
0.691662
0.6937
0.695494
0.696848
0.697857
0.698684
0.699341
0.699963
0.700677
0.701225
0.701364
0.701107
0.700431
0.699199
0.697515
0.695676
0.694374
0.693542
0.683349
0.68427
0.685515
0.687089
0.688732
0.690273
0.691581
0.692681
0.693694
0.694654
0.695416
0.695805
0.69581
0.695406
0.694551
0.693371
0.692059
0.690809
0.689992
0.68944
0.678407
0.679077
0.680044
0.681355
0.682776
0.684252
0.685717
0.687078
0.688332
0.689517
0.690423
0.690864
0.690835
0.690369
0.689594
0.688671
0.687677
0.686767
0.686187
0.685781
0.673581
0.674097
0.674886
0.676025
0.677317
0.67871
0.680186
0.681702
0.683194
0.68462
0.685727
0.686283
0.686325
0.685992
0.685428
0.684732
0.683982
0.683314
0.682886
0.682568
0.668796
0.669207
0.669868
0.670885
0.672106
0.673456
0.674935
0.676541
0.678236
0.679937
0.681301
0.682061
0.682306
0.682199
0.681864
0.681384
0.680843
0.680369
0.680052
0.679793
0.663967
0.664301
0.664874
0.665813
0.666988
0.668326
0.669845
0.671555
0.673447
0.675448
0.677145
0.678213
0.678745
0.6789
0.678802
0.678553
0.67821
0.677899
0.677667
0.677449
0.659003
0.65928
0.659791
0.660685
0.661845
0.663211
0.664809
0.666666
0.668796
0.671147
0.673262
0.674725
0.675603
0.676058
0.676221
0.676205
0.676061
0.675894
0.67573
0.675541
0.653812
0.654045
0.654518
0.655398
0.656581
0.65802
0.659738
0.661798
0.664233
0.667018
0.669643
0.671581
0.672864
0.673665
0.674121
0.674345
0.674406
0.674371
0.674263
0.674094
0.648303
0.6485
0.648954
0.649849
0.651099
0.652653
0.654549
0.656878
0.6597
0.663026
0.666272
0.668775
0.670532
0.671729
0.672515
0.673
0.67328
0.673371
0.673311
0.673155
0.642369
0.642538
0.64299
0.643929
0.645286
0.647008
0.649148
0.651827
0.65514
0.659134
0.66313
0.666309
0.668626
0.670279
0.671443
0.672241
0.67274
0.672954
0.672934
0.672786
0.635891
0.636036
0.636501
0.637514
0.639025
0.640974
0.643435
0.64656
0.650488
0.655301
0.660205
0.66419
0.667172
0.669364
0.670959
0.672104
0.672852
0.673192
0.67321
0.673066
0.628726
0.628846
0.629339
0.630457
0.632174
0.634417
0.637291
0.640981
0.645673
0.651487
0.657485
0.662433
0.6662
0.669028
0.671134
0.672672
0.673704
0.674176
0.674229
0.674083
0.620684
0.620791
0.621325
0.622581
0.624563
0.627183
0.630579
0.634979
0.640614
0.647649
0.654964
0.661058
0.665751
0.669326
0.672044
0.674049
0.675395
0.676005
0.676088
0.675938
0.611542
0.611641
0.612233
0.613652
0.615964
0.619075
0.623135
0.628422
0.635224
0.643745
0.65264
0.660091
0.665878
0.670332
0.673774
0.676322
0.678024
0.67878
0.678892
0.678733
0.600977
0.601056
0.601737
0.603382
0.606131
0.609866
0.614762
0.621162
0.629409
0.639738
0.650519
0.659569
0.666641
0.67213
0.676396
0.679593
0.681694
0.6826
0.682735
0.682565
0.588607
0.588673
0.589454
0.59141
0.594717
0.599252
0.605217
0.613026
0.62307
0.635597
0.648618
0.659538
0.668095
0.674789
0.68002
0.683957
0.68649
0.687546
0.687698
0.687511
0.573866
0.57392
0.574845
0.577218
0.581267
0.586854
0.59421
0.603822
0.616111
0.631305
0.646965
0.660047
0.670302
0.678371
0.684717
0.689483
0.692471
0.693664
0.69382
0.693615
0.555977
0.55602
0.557159
0.560119
0.565181
0.572192
0.581401
0.593357
0.608466
0.62688
0.645615
0.661156
0.673328
0.682943
0.690513
0.696202
0.699641
0.700941
0.701088
0.700862
0.533761
0.533803
0.535291
0.539137
0.545661
0.554675
0.566424
0.581471
0.600129
0.622401
0.644663
0.662942
0.677222
0.688541
0.697442
0.704089
0.707929
0.709285
0.709402
0.709156
0.505448
0.50551
0.507594
0.512871
0.521672
0.533629
0.54896
0.568115
0.591204
0.618025
0.644247
0.665496
0.682026
0.695153
0.705475
0.713034
0.717165
0.718496
0.718561
0.718297
0.467963
0.46813
0.471438
0.479354
0.491996
0.508459
0.528898
0.553447
0.581955
0.614009
0.644554
0.668922
0.687782
0.702753
0.714504
0.722825
0.727057
0.728258
0.728251
0.727977
0.415413
0.416416
0.423001
0.436353
0.455675
0.479114
0.506602
0.537966
0.572855
0.610707
0.645791
0.673321
0.694501
0.711261
0.724314
0.733126
0.737198
0.738169
0.738084
0.737808
0.338763
0.346173
0.361416
0.384962
0.414232
0.447014
0.483114
0.52232
0.564274
0.608389
0.648302
0.67918
0.702829
0.721499
0.735742
0.744802
0.748552
0.749281
0.749147
0.748907
0.256423
0.273931
0.298624
0.332984
0.372605
0.414859
0.459612
0.506819
0.556186
0.607175
0.65273
0.687639
0.714193
0.735029
0.750542
0.759357
0.762374
0.762814
0.762709
0.762546
0.187763
0.208389
0.24088
0.284427
0.333171
0.384337
0.437482
0.49253
0.549156
0.606799
0.657686
0.696313
0.725446
0.748
0.763927
0.772127
0.77463
0.775011
0.774964
0.774841
0.131529
0.153825
0.19188
0.241918
0.29787
0.356541
0.41711
0.479354
0.542799
0.606775
0.66271
0.704802
0.736242
0.76013
0.776472
0.784435
0.786714
0.787062
0.787052
0.786959
0.0847482
0.108227
0.150097
0.205283
0.267027
0.331897
0.39884
0.467485
0.537185
0.6071
0.667843
0.71323
0.746889
0.7722
0.789095
0.79693
0.799192
0.799545
0.799562
0.799494
0.0451454
0.069274
0.114032
0.173285
0.239902
0.310051
0.382542
0.45689
0.532305
0.607783
0.673124
0.721729
0.757597
0.784315
0.801848
0.810022
0.812308
0.812634
0.812659
0.812612
0.010673
0.035214
0.0822394
0.144856
0.215595
0.290341
0.367758
0.447266
0.527967
0.608698
0.678459
0.730203
0.76825
0.796409
0.814823
0.823362
0.825759
0.826097
0.826128
0.826096
-0.0201852
0.00470937
0.0535809
0.119065
0.193367
0.272151
0.353998
0.438235
0.523867
0.609593
0.683634
0.738461
0.778692
0.808288
0.827546
0.836549
0.839142
0.83949
0.839519
0.8395
-0.048419
-0.023214
0.0272314
0.0951995
0.172631
0.255006
0.34085
0.429432
0.519696
0.61022
0.688443
0.746302
0.788644
0.819686
0.839747
0.849184
0.851992
0.852403
0.852413
0.8524
-0.0748498
-0.0492926
0.00256509
0.0727078
0.15294
0.238524
0.327988
0.420584
0.515222
0.610379
0.692719
0.753567
0.797978
0.830381
0.851197
0.861051
0.864024
0.864467
0.864458
0.864432
-0.0998684
-0.0739619
-0.0207833
0.0512168
0.133959
0.222429
0.315186
0.411496
0.51026
0.609908
0.696335
0.760169
0.806604
0.840286
0.861755
0.871883
0.874982
0.87543
0.87539
0.875351
-0.123932
-0.0976067
-0.0434111
0.0304857
0.115458
0.206524
0.30228
0.402014
0.504667
0.60868
0.69921
0.766079
0.814522
0.849373
0.871329
0.881647
0.884779
0.885212
0.885136
0.885082
-0.147182
-0.120369
-0.0652343
0.0103283
0.0972892
0.190687
0.289158
0.392047
0.498357
0.606609
0.70128
0.771286
0.821777
0.857703
0.880006
0.890338
0.893429
0.893843
0.893733
0.893663
-0.169771
-0.142545
-0.0863719
-0.00937204
0.0793752
0.174856
0.275771
0.381541
0.491268
0.603615
0.70248
0.775804
0.828469
0.865451
0.887928
0.898092
0.901069
0.901425
0.901291
0.901205
-0.191834
-0.164116
-0.10696
-0.0286647
0.0616694
0.159008
0.262112
0.370488
0.48337
0.59964
0.70275
0.779633
0.834715
0.872786
0.89527
0.905076
0.907806
0.908068
0.907914
0.907816
-0.213439
-0.18512
-0.127078
-0.0475636
0.0441834
0.143151
0.248199
0.358906
0.474668
0.59464
0.70202
0.782752
0.84061
0.879936
0.90227
0.911439
0.913746
0.913873
0.913695
0.913591
-0.234437
-0.205551
-0.146655
-0.0660609
0.0269307
0.127332
0.234077
0.34685
0.465198
0.588614
0.70021
0.785103
0.846202
0.887137
0.909282
0.91745
0.919025
0.918922
0.918733
0.918637
-0.254819
-0.225388
-0.165691
-0.0841197
0.00995424
0.111598
0.21982
0.334382
0.455019
0.581567
0.697254
0.786568
0.851461
0.894586
0.916791
0.923669
0.923971
0.923343
0.923148
0.923112
-0.274655
-0.244607
-0.184176
-0.101721
-0.00669266
0.0960205
0.205504
0.321591
0.444207
0.573546
0.693083
0.786989
0.856242
0.902319
0.92531
0.931062
0.929446
0.927545
0.927161
0.927465
-0.293789
-0.263194
-0.20206
-0.118816
-0.0229594
0.0806745
0.191216
0.30858
0.432867
0.564628
0.687663
0.786169
0.860283
0.910083
0.935026
0.940825
0.93753
0.933262
0.931364
0.931404
-0.312316
-0.281146
-0.219367
-0.135442
-0.0388816
0.0655166
0.176901
0.295294
0.420935
0.554742
0.680859
0.78383
0.863298
0.917446
0.945514
0.953512
0.950602
0.943362
0.935942
0.922526
-0.330169
-0.298451
-0.236211
-0.151797
-0.0547369
0.0502269
0.162159
0.281273
0.407905
0.543293
0.672073
0.779262
0.864832
0.923877
0.955379
0.967332
0.965347
0.95163
0.93077
0.920591
-0.347182
-0.315267
-0.252408
-0.16769
-0.070172
0.0351423
0.147207
0.266829
0.394062
0.530506
0.661309
0.771899
0.863915
0.928137
0.960587
0.972617
0.972204
0.946845
0.879706
0.849815
-0.362701
-0.332866
-0.267657
-0.18265
-0.0843848
0.0207636
0.132364
0.252189
0.379618
0.516491
0.648461
0.761352
0.858929
0.929386
0.95572
0.9627
0.94737
0.890758
0.821346
0.778864
-0.41728
-0.348373
-0.281431
-0.197805
-0.0990457
0.00559416
0.117556
0.237059
0.364187
0.500758
0.632865
0.74684
0.845757
0.923224
0.923885
0.922337
0.867151
0.793653
0.715876
0.672613
-0.37898
-0.363064
-0.301977
-0.217244
-0.120745
-0.0161369
0.094799
0.213692
0.33991
0.475237
0.605728
0.718571
0.810632
0.893979
0.875697
0.756033
0.646941
0.571091
0.496235
0.524944
-0.409165
-0.380175
-0.318218
-0.234335
-0.137883
-0.0333939
0.0778273
0.196099
0.321279
0.454869
0.582681
0.691371
0.77361
0.817784
0.765369
0.610614
0.479079
0.385199
0.285183
0.33352
-0.4324
-0.400496
-0.337431
-0.253429
-0.156861
-0.0524834
0.0586564
0.176097
0.299889
0.4311
0.555214
0.657613
0.730715
0.73985
0.628592
0.451718
0.295938
0.174808
0.0423322
0.0742319
-0.455078
-0.4217
-0.357523
-0.272625
-0.175991
-0.0717781
0.0388244
0.155295
0.277488
0.405909
0.525303
0.619604
0.676929
0.654209
0.491035
0.291419
0.0988046
-0.0707848
-0.260185
-0.27989
-0.477155
-0.443367
-0.378345
-0.292702
-0.195954
-0.0919836
0.0179473
0.133312
0.253631
0.378826
0.492724
0.578729
0.616082
0.556086
0.359939
0.14659
-0.0724838
-0.262935
-0.505426
-0.80138
-0.499521
-0.465751
-0.400231
-0.314139
-0.217236
-0.113463
-0.00414028
0.110071
0.228386
0.350055
0.458074
0.535462
0.550846
0.439113
0.245707
0.0331475
-0.17296
-0.346467
-0.416938
-0.495349
-0.523119
-0.489312
-0.423526
-0.337248
-0.240329
-0.136853
-0.0282379
0.0846363
0.200612
0.318191
0.419872
0.485897
0.475739
0.330185
0.144009
-0.0495114
-0.214372
-0.308564
-0.332947
-0.348754
-0.548254
-0.514344
-0.448399
-0.362104
-0.26536
-0.16236
-0.0547022
0.0565209
0.16972
0.282533
0.377369
0.428715
0.400565
0.228915
0.0517591
-0.116619
-0.245056
-0.284748
-0.297571
-0.298876
-0.575122
-0.541018
-0.474915
-0.388701
-0.292279
-0.189992
-0.0835531
0.0256738
0.135646
0.243096
0.330131
0.366756
0.318136
0.135405
-0.0326374
-0.183492
-0.261054
-0.27808
-0.279417
-0.279221
-0.603784
-0.569398
-0.503102
-0.41704
-0.321106
-0.219737
-0.114795
-0.0079196
0.0984019
0.199957
0.278268
0.302831
0.217627
0.0500716
-0.109518
-0.233919
-0.271187
-0.269507
-0.268568
-0.267967
-0.633955
-0.599312
-0.532859
-0.447038
-0.351756
-0.251544
-0.1484
-0.0442322
0.0580286
0.153232
0.222689
0.230084
0.126453
-0.0290091
-0.1702
-0.24778
-0.258188
-0.26079
-0.261449
-0.261171
-0.66509
-0.630304
-0.563932
-0.478471
-0.384045
-0.285259
-0.184216
-0.0831315
0.0147137
0.10328
0.163885
0.155981
0.0448081
-0.0959177
-0.214665
-0.246359
-0.255202
-0.256721
-0.256492
-0.256194
-0.696728
-0.661839
-0.595868
-0.510951
-0.417636
-0.320568
-0.221968
-0.12433
-0.0312511
0.0508094
0.100963
0.0858412
-0.0300253
-0.149958
-0.244818
-0.262401
-0.253703
-0.252799
-0.252761
-0.252524
-0.727973
-0.693209
-0.627824
-0.543879
-0.451992
-0.357002
-0.261211
-0.167352
-0.0793871
-0.00352621
0.0367433
0.0215256
-0.0953909
-0.190284
-0.246585
-0.256085
-0.252794
-0.251486
-0.250896
-0.250652
-0.757297
-0.723245
-0.658827
-0.576348
-0.486359
-0.393873
-0.301302
-0.211516
-0.128894
-0.0591175
-0.0222936
-0.0491254
-0.148299
-0.226362
-0.229607
-0.248282
-0.252531
-0.250945
-0.250362
-0.249958
-0.78309
-0.750103
-0.68776
-0.607198
-0.519715
-0.430261
-0.341387
-0.255983
-0.178651
-0.115066
-0.0782356
-0.116881
-0.194911
-0.245573
-0.263946
-0.259349
-0.257531
-0.256775
-0.256326
-0.255839
-0.803243
-0.771987
-0.712518
-0.635032
-0.550789
-0.46505
-0.380398
-0.299747
-0.22754
-0.170036
-0.135538
-0.171438
-0.233507
-0.292478
-0.310449
-0.287516
-0.274118
-0.270977
-0.269168
-0.268264
-0.815547
-0.786992
-0.731315
-0.657954
-0.578108
-0.496941
-0.417165
-0.341622
-0.274522
-0.222419
-0.19017
-0.215579
-0.254507
-0.31885
-0.301485
-0.285168
-0.279159
-0.276164
-0.27448
-0.274214
-0.817404
-0.792884
-0.742162
-0.6742
-0.599996
-0.524539
-0.450388
-0.38039
-0.318474
-0.270859
-0.234942
-0.246623
-0.240899
-0.270514
-0.263383
-0.260509
-0.260419
-0.260866
-0.261715
-0.261795
-0.806576
-0.786854
-0.7429
-0.682196
-0.615008
-0.546392
-0.478766
-0.414792
-0.358238
-0.314461
-0.271723
-0.258652
-0.206887
-0.166598
-0.191972
-0.229683
-0.249453
-0.257392
-0.26028
-0.260812
-0.781184
-0.766399
-0.731748
-0.680701
-0.622152
-0.561519
-0.501154
-0.443578
-0.392662
-0.353073
-0.305663
-0.283606
-0.22237
-0.13475
-0.183219
-0.247399
-0.276969
-0.288075
-0.291637
-0.293121
-0.743791
-0.73428
-0.709555
-0.669861
-0.621401
-0.569633
-0.516883
-0.465738
-0.420325
-0.385907
-0.357768
-0.350517
-0.386659
-0.458378
-0.488922
-0.427871
-0.383143
-0.362822
-0.356699
-0.355487
-0.70108
-0.695684
-0.681127
-0.652469
-0.614636
-0.571477
-0.525957
-0.480626
-0.439319
-0.40933
-0.387875
-0.420915
-0.514355
-0.671964
-0.656786
-0.507114
-0.40634
-0.360062
-0.346638
-0.343323
-0.662724
-0.659463
-0.652555
-0.633853
-0.60473
-0.568802
-0.529351
-0.488037
-0.448499
-0.416211
-0.395871
-0.37167
-0.300559
-0.196946
-0.0603742
-0.0355717
-0.117498
-0.196413
-0.218938
-0.221218
-0.635084
-0.63307
-0.629531
-0.618173
-0.595458
-0.56459
-0.528733
-0.48918
-0.447717
-0.408407
-0.386045
-0.326178
-0.243925
-0.169831
-0.225426
-0.390672
-0.534299
-0.538593
-0.458167
-0.441285
-0.613996
-0.613226
-0.612047
-0.606458
-0.589421
-0.561597
-0.526535
-0.486134
-0.441414
-0.395936
-0.361721
-0.33674
-0.314137
-0.373104
-0.468561
-0.570921
-0.69651
-0.730384
-0.679794
-0.645315
-0.601795
-0.601526
-0.600962
-0.598481
-0.586453
-0.559987
-0.523868
-0.480699
-0.432067
-0.375991
-0.330875
-0.294705
-0.283426
-0.33285
-0.467628
-0.609711
-0.624969
-0.53509
-0.421892
-0.363553
-0.593288
-0.593223
-0.592944
-0.592333
-0.584811
-0.559957
-0.521832
-0.475153
-0.419351
-0.35209
-0.283617
-0.20145
-0.105681
-0.0244378
0.0528983
0.130611
0.26894
0.453511
0.586676
0.643673
-0.586736
-0.586757
-0.586693
-0.58697
-0.582069
-0.560982
-0.521787
-0.470465
-0.407103
-0.331134
-0.234103
-0.130068
0.0700857
0.35271
0.672679
0.98954
1.27827
1.48165
1.58914
1.6237
-0.581777
-0.58158
-0.580868
-0.57932
-0.577619
-0.563246
-0.524302
-0.468099
-0.399339
-0.311764
-0.204753
-0.0975608
0.122236
0.463197
0.880761
1.27367
1.58821
1.7812
1.86493
1.88562
-0.580659
-0.580919
-0.581422
-0.581452
-0.581349
-0.571355
-0.529896
-0.470809
-0.398019
-0.305716
-0.198021
-0.0845761
0.0774571
0.421837
0.795393
1.13197
1.39234
1.54144
1.60241
1.61633
-0.581219
-0.582565
-0.586452
-0.594345
-0.601714
-0.584149
-0.537641
-0.479569
-0.405089
-0.310445
-0.206582
-0.101034
0.0208405
0.292952
0.593297
0.849082
1.03885
1.14206
1.18221
1.19041
-0.594248
-0.595102
-0.592296
-0.580594
-0.567727
-0.558047
-0.539421
-0.494841
-0.419681
-0.324136
-0.224475
-0.128486
-0.0371051
0.158504
0.378263
0.557617
0.68776
0.755005
0.779978
0.783661
-0.637697
-0.636154
-0.618493
-0.568287
-0.517524
-0.522707
-0.552781
-0.520504
-0.440353
-0.340339
-0.245428
-0.162556
-0.0912513
0.0469825
0.192728
0.307486
0.387543
0.427134
0.440631
0.442765
-0.709845
-0.708635
-0.716625
-0.72502
-0.719256
-0.699444
-0.670023
-0.574169
-0.466126
-0.356972
-0.266179
-0.19239
-0.132237
-0.0399764
0.0509644
0.116493
0.153546
0.17015
0.177067
0.178282
-0.854799
-0.876881
-0.931885
-0.988661
-1.00045
-0.956407
-0.824595
-0.644856
-0.490949
-0.368963
-0.280819
-0.219514
-0.171765
-0.105
-0.0505835
-0.017655
-0.00383833
-0.000267994
0.00430924
0.00655169
-0.959096
-0.985444
-1.03364
-1.07422
-1.08235
-1.03157
-0.874531
-0.664235
-0.491587
-0.365805
-0.285353
-0.237448
-0.205141
-0.151192
-0.107302
-0.0825961
-0.0708283
-0.0651848
-0.0601348
-0.0591457
-0.880735
-0.902257
-0.938554
-0.972577
-0.980068
-0.928422
-0.770947
-0.594424
-0.446546
-0.338092
-0.273275
-0.243096
-0.221863
-0.175892
-0.134341
-0.105279
-0.0865483
-0.0778158
-0.0731183
-0.0723489
-0.611292
-0.630487
-0.665722
-0.704202
-0.720352
-0.67986
-0.573028
-0.458273
-0.360092
-0.286575
-0.242904
-0.226966
-0.214801
-0.170822
-0.129187
-0.0973275
-0.0756589
-0.0624343
-0.0585189
-0.0591145
-0.254087
-0.266389
-0.291549
-0.324865
-0.352367
-0.356766
-0.334537
-0.29695
-0.257387
-0.220361
-0.195655
-0.186232
-0.176256
-0.14106
-0.108223
-0.0828144
-0.0640174
-0.0537222
-0.0509325
-0.051789
0.0327867
0.0267806
0.0098358
-0.0206796
-0.0616561
-0.101704
-0.132722
-0.151781
-0.156517
-0.149394
-0.138966
-0.128693
-0.115481
-0.095518
-0.0773041
-0.0629201
-0.051749
-0.0455591
-0.0442144
-0.0452899
0.181454
0.177794
0.165548
0.139024
0.0960189
0.0423197
-0.00872816
-0.0489086
-0.0744523
-0.0850073
-0.0816971
-0.0700712
-0.0564291
-0.0505646
-0.0470712
-0.0428563
-0.0381832
-0.0355226
-0.0352932
-0.0365904
0.224056
0.221702
0.212699
0.191696
0.155807
0.109174
0.0596939
0.0154659
-0.016986
-0.0337839
-0.0334568
-0.0216924
-0.0112892
-0.0164203
-0.023384
-0.027389
-0.0292753
-0.0305987
-0.0318576
-0.0330636
0.213978
0.21246
0.206255
0.191332
0.165229
0.129979
0.0899618
0.0520078
0.0213272
0.00342435
0.00196684
0.0106256
0.0156096
0.00468514
-0.00782996
-0.0181694
-0.0257269
-0.0314949
-0.0341033
-0.0348602
0.184293
0.183426
0.179447
0.169555
0.151805
0.126987
0.0972031
0.0674894
0.0423621
0.0273518
0.0263811
0.0324712
0.0326272
0.0195337
0.00379991
-0.0100196
-0.0213881
-0.0295259
-0.0324414
-0.0327372
0.149752
0.149361
0.146974
0.140724
0.129134
0.112354
0.0913736
0.0696857
0.0506816
0.0396372
0.0410155
0.0488692
0.0482452
0.0326113
0.0155668
0.00116509
-0.0102652
-0.0175417
-0.0198343
-0.0200218
0.11594
0.115744
0.114417
0.11064
0.103362
0.0924466
0.0783351
0.0633214
0.0498538
0.0423578
0.0458918
0.0562958
0.0587432
0.0413239
0.0245603
0.0130391
0.00502969
0.000735649
-0.000634625
-0.00098521
0.0846417
0.084592
0.0838939
0.0817477
0.0773541
0.0705113
0.0613976
0.0514096
0.0422008
0.036808
0.0387153
0.0465899
0.049443
0.0362836
0.0255207
0.0197406
0.0167642
0.0157351
0.0150864
0.0145218
0.0558874
0.0559279
0.0556526
0.054586
0.0522212
0.0482776
0.0428496
0.0366255
0.0304627
0.0257098
0.0223188
0.0180207
0.0150934
0.0132584
0.0143759
0.0174411
0.0192898
0.0204063
0.0201289
0.0194264
0.0296324
0.0297106
0.0296544
0.0293048
0.0282347
0.026396
0.0237119
0.0204769
0.0169378
0.0130913
0.00501407
-0.0129558
-0.0250048
-0.0147861
-0.000785772
0.00831168
0.0123188
0.0132228
0.0129797
0.0124147
0.0053838
0.00544856
0.00541974
0.00553663
0.00577288
0.00573367
0.00534537
0.00479729
0.00409804
0.0030747
0.000989429
-0.00560831
-0.0140161
-0.0105528
-0.00368836
-0.00240709
-0.00211879
-0.00143993
-0.000167584
0.000497234
-0.0349579
0.130676
0.32368
0.49203
0.625982
0.730763
0.817002
0.890494
0.92421
0.901
0.263844
0.383467
0.51201
0.622838
0.715939
0.792714
0.854829
0.898986
0.921093
0.933306
0.480017
0.561939
0.649748
0.727104
0.793518
0.849049
0.893235
0.925568
0.94903
0.967104
0.639063
0.697775
0.758492
0.814979
0.864001
0.905656
0.939913
0.967292
0.989929
1.00828
0.763263
0.805895
0.851427
0.894781
0.933111
0.966611
0.995319
1.01925
1.03954
1.05741
0.866809
0.899405
0.937229
0.972493
1.00489
1.03396
1.05938
1.08078
1.09857
1.11593
0.958878
0.987411
1.02119
1.05316
1.08297
1.11003
1.13369
1.15335
1.16882
1.1859
1.04718
1.07628
1.11018
1.14212
1.17164
1.19816
1.22097
1.23942
1.25277
1.2698
1.14232
1.17547
1.21204
1.24556
1.27556
1.3017
1.32362
1.34087
1.35272
1.37012
1.25722
1.295
1.33361
1.36782
1.39713
1.42185
1.4422
1.45808
1.46953
1.4876
1.40209
1.44062
1.47673
1.5074
1.53306
1.55513
1.57418
1.5897
1.60211
1.62011
1.57713
1.60875
1.63491
1.65734
1.67731
1.69602
1.71373
1.7302
1.74554
1.76361
1.76572
1.78292
1.79795
1.81417
1.83007
1.8446
1.85779
1.87172
1.88925
1.90941
1.94743
1.95696
1.9685
1.97931
1.98859
1.99817
2.00895
2.02031
2.03167
2.04702
2.15465
2.15832
2.14337
2.12856
2.12228
2.12795
2.14643
2.17674
2.20891
2.23557
2.46098
2.32611
2.24947
2.20708
2.18965
2.19362
2.22102
2.27743
2.38005
2.60441
0.780642
0.778514
0.774032
0.76541
0.753191
0.741069
0.730851
0.722971
0.717375
0.714151
0.713833
0.716606
0.721736
0.728978
0.738379
0.749928
0.762585
0.773623
0.779737
0.782793
0.705086
0.710933
0.717268
0.721765
0.72424
0.723923
0.721197
0.717403
0.713916
0.711687
0.711579
0.713812
0.717503
0.721812
0.725633
0.727526
0.726597
0.723121
0.71796
0.71134
0.696645
0.698941
0.702347
0.705347
0.707429
0.708933
0.709701
0.709402
0.708402
0.707553
0.70777
0.709236
0.711081
0.712409
0.712605
0.711726
0.710185
0.707855
0.704596
0.701677
0.691111
0.692197
0.694033
0.696415
0.698446
0.699884
0.700918
0.70169
0.70212
0.702381
0.702919
0.70377
0.704401
0.704493
0.704099
0.703264
0.701804
0.699727
0.697646
0.696265
0.685877
0.68654
0.68765
0.689361
0.69115
0.692793
0.694105
0.695144
0.696059
0.696894
0.697677
0.698279
0.698512
0.698375
0.697829
0.696791
0.695375
0.693841
0.692529
0.691751
0.680862
0.681322
0.682111
0.683415
0.684912
0.686442
0.687925
0.689249
0.690423
0.69153
0.692508
0.693135
0.693327
0.693088
0.692417
0.691448
0.690338
0.689217
0.688309
0.687793
0.675985
0.676329
0.676943
0.678018
0.679323
0.680711
0.682171
0.683647
0.685063
0.686403
0.687588
0.688349
0.688582
0.688349
0.687783
0.687031
0.6862
0.685348
0.684684
0.684307
0.671191
0.671458
0.671954
0.67287
0.674052
0.675365
0.676784
0.678307
0.679897
0.681486
0.682921
0.683874
0.684243
0.684176
0.683823
0.683295
0.682671
0.682051
0.681569
0.681282
0.666395
0.666607
0.66702
0.667827
0.66893
0.670198
0.671611
0.673186
0.674915
0.676751
0.678485
0.679714
0.680334
0.680517
0.680403
0.680102
0.67969
0.679265
0.678924
0.6787
0.66151
0.66168
0.662034
0.662769
0.663828
0.665077
0.666522
0.668186
0.67008
0.672182
0.674275
0.675877
0.676833
0.677314
0.677461
0.677398
0.677205
0.676957
0.676734
0.676556
0.656444
0.656582
0.656894
0.657585
0.658629
0.659906
0.661422
0.663219
0.665333
0.667759
0.670289
0.672353
0.673714
0.674541
0.674988
0.67518
0.675203
0.675129
0.675007
0.674863
0.651107
0.651217
0.651502
0.652174
0.653239
0.654588
0.65622
0.658204
0.660605
0.663441
0.66651
0.66913
0.670968
0.672198
0.672983
0.673455
0.673709
0.673808
0.673773
0.673657
0.645399
0.645486
0.645755
0.646433
0.647554
0.649018
0.65082
0.653061
0.655828
0.659181
0.662909
0.666198
0.668602
0.6703
0.671467
0.672266
0.672776
0.673042
0.673086
0.67299
0.63921
0.639276
0.639538
0.640245
0.64146
0.643087
0.645123
0.647699
0.650934
0.654928
0.65946
0.663552
0.666629
0.668877
0.670488
0.671654
0.672449
0.672895
0.673014
0.672935
0.632406
0.632452
0.632716
0.633474
0.634824
0.636669
0.639013
0.642017
0.645842
0.650628
0.656136
0.661193
0.665071
0.667969
0.670102
0.671682
0.672804
0.673447
0.673639
0.673573
0.624835
0.624859
0.625126
0.625957
0.627485
0.629615
0.632353
0.6359
0.640461
0.646221
0.652913
0.659126
0.663951
0.667616
0.670368
0.672442
0.673937
0.674792
0.675057
0.675001
0.61627
0.616284
0.616563
0.617495
0.619258
0.621733
0.624979
0.629213
0.634689
0.641644
0.649768
0.657359
0.663308
0.667874
0.671356
0.674026
0.675944
0.67703
0.677369
0.677319
0.606432
0.606416
0.606748
0.607823
0.609875
0.61281
0.616697
0.621793
0.628409
0.636831
0.646684
0.655913
0.663186
0.668815
0.673153
0.676514
0.678926
0.680265
0.680676
0.680629
0.595006
0.594966
0.595345
0.596614
0.599036
0.602563
0.607265
0.61345
0.621493
0.631717
0.64365
0.654814
0.663633
0.670505
0.675849
0.680004
0.682982
0.68459
0.685069
0.685019
0.581499
0.581431
0.581891
0.583413
0.586322
0.590619
0.596377
0.603959
0.613799
0.626242
0.640667
0.654101
0.664705
0.673003
0.67952
0.684591
0.688191
0.690074
0.690611
0.690553
0.565246
0.56515
0.565737
0.567614
0.571176
0.576503
0.583659
0.593064
0.605191
0.620369
0.637758
0.653819
0.666461
0.676379
0.684217
0.690322
0.694596
0.696743
0.697319
0.697246
0.545295
0.545171
0.545963
0.548359
0.552841
0.559598
0.568665
0.580498
0.595563
0.614106
0.634989
0.654043
0.668967
0.680687
0.689968
0.697223
0.702184
0.704556
0.70514
0.705044
0.5202
0.520061
0.521191
0.524392
0.530268
0.539121
0.550898
0.566034
0.584891
0.607544
0.632483
0.654877
0.672283
0.685956
0.696806
0.705264
0.710858
0.713374
0.713924
0.713798
0.487614
0.487499
0.489248
0.493847
0.502042
0.514167
0.52992
0.54959
0.573298
0.600884
0.630429
0.656448
0.676481
0.692199
0.704676
0.714328
0.720413
0.722942
0.723409
0.723249
0.443323
0.443377
0.446491
0.454005
0.466505
0.483967
0.505616
0.531397
0.561144
0.594478
0.629087
0.658907
0.681626
0.699408
0.713496
0.724208
0.730511
0.732874
0.73321
0.733017
0.379431
0.380669
0.388287
0.402312
0.422694
0.448652
0.478606
0.512171
0.549061
0.588792
0.628735
0.662393
0.68774
0.707501
0.72302
0.734454
0.74066
0.742616
0.742779
0.742568
0.303739
0.305558
0.320145
0.344243
0.375656
0.411639
0.450635
0.492471
0.536976
0.583694
0.629726
0.668008
0.696624
0.718781
0.735883
0.747933
0.753773
0.755382
0.755495
0.755366
0.225697
0.232002
0.253541
0.287986
0.329878
0.375597
0.42359
0.473735
0.525919
0.579705
0.631945
0.674929
0.706781
0.731296
0.750144
0.762206
0.767189
0.768283
0.768342
0.768286
0.16183
0.170492
0.196626
0.238155
0.288258
0.342265
0.398364
0.456282
0.515787
0.576365
0.634525
0.681897
0.71672
0.743202
0.76287
0.774797
0.779401
0.780397
0.780501
0.780505
0.109895
0.119157
0.148871
0.195677
0.251973
0.31266
0.375612
0.440391
0.50658
0.573519
0.637292
0.688816
0.726392
0.754682
0.775301
0.78735
0.791709
0.79262
0.792778
0.792831
0.0664778
0.0760207
0.108197
0.159024
0.220403
0.286633
0.355401
0.426187
0.498398
0.571219
0.6403
0.695817
0.736072
0.766195
0.787838
0.800045
0.804355
0.805448
0.805636
0.805729
0.029202
0.0388471
0.0728618
0.126904
0.192495
0.263458
0.337302
0.413415
0.491094
0.569382
0.643509
0.702888
0.745787
0.777708
0.800396
0.813161
0.817754
0.818889
0.819071
0.819178
-0.00362377
0.00604248
0.0414609
0.0982151
0.167338
0.242388
0.320729
0.401654
0.48437
0.567789
0.646739
0.709869
0.755367
0.789111
0.813005
0.826401
0.831265
0.8325
0.832679
0.832763
-0.0333025
-0.0236153
0.012949
0.0720441
0.144195
0.222831
0.305186
0.39049
0.477871
0.566142
0.649746
0.716554
0.764612
0.800161
0.825146
0.839233
0.84446
0.845756
0.845916
0.845982
-0.0607412
-0.051026
-0.0134793
0.0476767
0.122506
0.204323
0.290275
0.379571
0.471299
0.564199
0.652336
0.722756
0.773324
0.810597
0.836692
0.851364
0.856981
0.858335
0.858463
0.858499
-0.0865235
-0.0767577
-0.0383073
0.0245906
0.101839
0.186501
0.275699
0.368654
0.464443
0.561762
0.654336
0.728345
0.781384
0.820321
0.847417
0.862615
0.868505
0.869895
0.869987
0.869986
-0.111146
-0.101265
-0.0619258
0.00245809
0.081902
0.169109
0.261247
0.357554
0.457131
0.558673
0.65562
0.733246
0.788756
0.829296
0.857304
0.872855
0.878887
0.880299
0.88037
0.880338
-0.134904
-0.124822
-0.0847625
-0.018893
0.062496
0.151975
0.246772
0.346144
0.449245
0.55483
0.656105
0.73741
0.795442
0.837532
0.866281
0.882062
0.888127
0.889496
0.889554
0.889493
-0.157914
-0.147644
-0.106908
-0.0396167
0.043487
0.135008
0.232189
0.334349
0.440715
0.550142
0.655703
0.740808
0.80148
0.845143
0.874508
0.890345
0.896299
0.897612
0.897622
0.897547
-0.180375
-0.16984
-0.128365
-0.0598254
0.0248093
0.11815
0.217462
0.322142
0.431507
0.54456
0.654344
0.743409
0.806937
0.852276
0.882151
0.897847
0.903565
0.904748
0.904713
0.904616
-0.202245
-0.191456
-0.149298
-0.0795778
0.00644154
0.101393
0.202602
0.309532
0.421618
0.538051
0.651968
0.745161
0.811866
0.859092
0.889431
0.904758
0.910046
0.911024
0.910931
0.910815
-0.223595
-0.21253
-0.169649
-0.0988738
-0.0116141
0.0847526
0.187631
0.296559
0.411082
0.530616
0.648515
0.745996
0.816274
0.865752
0.896626
0.911319
0.915859
0.916503
0.916343
0.916223
-0.244289
-0.233011
-0.189412
-0.117678
-0.0293261
0.0682857
0.172602
0.283278
0.399953
0.522291
0.643947
0.745826
0.82011
0.872367
0.904084
0.91797
0.921325
0.921327
0.921046
0.920952
-0.264463
-0.252866
-0.208591
-0.135984
-0.0466733
0.0520212
0.157596
0.26976
0.388306
0.513139
0.638251
0.744532
0.823242
0.878933
0.912132
0.925397
0.92713
0.925827
0.925168
0.92514
-0.283965
-0.272074
-0.227166
-0.153759
-0.0635848
0.0360366
0.142685
0.256114
0.376238
0.503211
0.631451
0.741992
0.825469
0.885278
0.920871
0.934396
0.934634
0.931228
0.929119
0.928538
-0.302862
-0.29069
-0.24509
-0.17096
-0.0800321
0.020395
0.127947
0.242414
0.363855
0.492632
0.623594
0.738077
0.82653
0.89103
0.929905
0.945247
0.945561
0.940304
0.934078
0.926327
-0.321075
-0.308671
-0.262457
-0.187742
-0.0962205
0.00483296
0.113061
0.228282
0.350734
0.480937
0.614196
0.732291
0.82601
0.895974
0.938775
0.957567
0.960581
0.954668
0.943472
0.939061
-0.338561
-0.325941
-0.279256
-0.204081
-0.112163
-0.0106465
0.0980356
0.213692
0.33682
0.467992
0.603033
0.724208
0.823069
0.899312
0.945577
0.967471
0.972537
0.96908
0.93081
0.879262
-0.355044
-0.341719
-0.295337
-0.219908
-0.127963
-0.0262095
0.0828089
0.198753
0.322159
0.453838
0.589999
0.713518
0.816498
0.900336
0.947957
0.966532
0.970566
0.948551
0.891239
0.829594
-0.370831
-0.356691
-0.310653
-0.23455
-0.1431
-0.0413888
0.0671582
0.183516
0.306896
0.438641
0.575104
0.699917
0.804956
0.899295
0.943292
0.975929
0.935164
0.882229
0.809135
0.74187
-0.356708
-0.338552
-0.28795
-0.207465
-0.109595
-0.00493701
0.109085
0.228393
0.355257
0.4915
0.623354
0.737434
0.835181
0.933561
0.961839
0.875786
0.818813
0.748416
0.673153
0.62406
-0.380801
-0.364295
-0.328335
-0.25735
-0.166329
-0.0658268
0.0430638
0.158878
0.281697
0.412545
0.547812
0.671924
0.776256
0.862917
0.936519
0.917256
0.786985
0.697235
0.630138
0.546293
-0.400088
-0.384482
-0.342868
-0.27051
-0.179
-0.0789147
0.0288888
0.143811
0.265736
0.395309
0.529172
0.651594
0.753002
0.828276
0.853015
0.766008
0.61941
0.518807
0.440573
0.351867
-0.419886
-0.407435
-0.361313
-0.287898
-0.19631
-0.0957548
0.0120185
0.126667
0.247743
0.375901
0.507087
0.625065
0.716927
0.778002
0.752231
0.613327
0.456129
0.334938
0.234369
0.0982621
-0.442792
-0.429955
-0.381793
-0.307204
-0.215483
-0.114813
-0.00718029
0.106909
0.226912
0.353218
0.481032
0.593352
0.675481
0.715022
0.652353
0.464271
0.279575
0.124438
-0.0174788
-0.214299
-0.464683
-0.452215
-0.402934
-0.32708
-0.234969
-0.134371
-0.0271577
0.0860788
0.204725
0.328747
0.452645
0.558444
0.632921
0.635775
0.523203
0.322224
0.107328
-0.0937316
-0.269244
-0.658057
-0.48668
-0.474571
-0.424819
-0.348062
-0.255631
-0.155041
-0.0482691
0.0640755
0.181216
0.302649
0.42216
0.520422
0.582939
0.55287
0.398132
0.195377
-0.0231883
-0.23515
-0.414146
-0.686559
-0.509614
-0.497655
-0.447709
-0.370416
-0.277789
-0.177204
-0.0708426
0.0406143
0.15616
0.274773
0.389521
0.479701
0.526637
0.479246
0.286282
0.0906778
-0.107996
-0.275721
-0.348523
-0.38755
-0.533971
-0.522139
-0.471988
-0.39443
-0.30181
-0.20142
-0.0956351
0.014687
0.128285
0.243546
0.352791
0.434449
0.464049
0.380719
0.186625
0.00316923
-0.16263
-0.26989
-0.307993
-0.317012
-0.559959
-0.548143
-0.497825
-0.42012
-0.32764
-0.227643
-0.122668
-0.0137619
0.0974934
0.208859
0.311832
0.384755
0.38698
0.274128
0.0954014
-0.0740767
-0.214743
-0.270644
-0.282682
-0.287556
-0.587764
-0.575867
-0.525305
-0.447509
-0.355281
-0.255878
-0.151949
-0.0447774
0.0637487
0.170746
0.266724
0.330008
0.307331
0.174636
0.0106527
-0.148473
-0.248711
-0.277583
-0.273652
-0.273685
-0.617102
-0.605398
-0.554402
-0.476565
-0.384703
-0.286084
-0.183467
-0.0783467
0.027067
0.129222
0.217776
0.269276
0.237427
0.0834094
-0.0659033
-0.205334
-0.246741
-0.25919
-0.264113
-0.264346
-0.647817
-0.636106
-0.584902
-0.507124
-0.415778
-0.318162
-0.217134
-0.114395
-0.012488
0.0844679
0.165199
0.205367
0.16734
0.0058326
-0.132867
-0.229415
-0.275163
-0.262113
-0.259165
-0.258859
-0.679393
-0.667666
-0.616499
-0.538869
-0.448222
-0.351867
-0.252723
-0.152713
-0.0546998
0.0368399
0.10945
0.14088
0.0823079
-0.0614293
-0.185965
-0.238504
-0.253549
-0.254679
-0.254864
-0.25464
-0.711092
-0.699427
-0.648326
-0.571255
-0.481578
-0.386787
-0.289881
-0.192946
-0.0991903
-0.0132584
0.0518649
0.0687586
0.00169084
-0.118406
-0.217721
-0.24155
-0.248246
-0.251886
-0.251868
-0.25181
-0.741694
-0.730467
-0.679592
-0.603506
-0.515162
-0.422319
-0.328042
-0.234543
-0.145327
-0.0652947
-0.00577256
-0.00250824
-0.0681416
-0.167235
-0.235645
-0.288362
-0.262778
-0.252584
-0.250533
-0.25014
-0.769741
-0.759008
-0.709174
-0.634353
-0.54804
-0.457623
-0.366444
-0.276769
-0.192263
-0.11826
-0.0631769
-0.0644078
-0.132244
-0.203771
-0.249977
-0.243683
-0.251053
-0.252695
-0.25254
-0.252269
-0.793542
-0.783497
-0.735172
-0.662618
-0.578976
-0.491609
-0.404094
-0.318697
-0.239012
-0.170766
-0.120968
-0.119604
-0.184735
-0.242104
-0.261771
-0.270913
-0.266546
-0.264251
-0.262738
-0.261949
-0.810755
-0.801619
-0.755648
-0.686374
-0.60646
-0.523045
-0.43982
-0.359204
-0.284526
-0.221585
-0.177362
-0.170635
-0.222835
-0.278672
-0.308834
-0.294689
-0.283994
-0.278846
-0.275941
-0.274231
-0.819352
-0.811005
-0.768525
-0.703709
-0.628723
-0.550415
-0.472369
-0.396999
-0.327662
-0.269596
-0.228858
-0.214383
-0.24533
-0.272725
-0.291568
-0.279144
-0.273102
-0.270039
-0.269077
-0.268936
-0.814908
-0.808138
-0.77215
-0.712768
-0.644109
-0.57219
-0.500327
-0.430903
-0.367175
-0.313726
-0.274589
-0.247308
-0.242552
-0.208575
-0.233077
-0.239619
-0.249841
-0.255424
-0.258023
-0.258842
-0.796311
-0.79166
-0.76352
-0.712225
-0.651345
-0.587116
-0.522454
-0.459618
-0.401792
-0.353309
-0.316472
-0.285088
-0.236462
-0.149142
-0.139245
-0.200329
-0.24312
-0.263031
-0.268768
-0.270944
-0.76404
-0.760695
-0.741683
-0.701118
-0.649919
-0.594608
-0.537946
-0.482085
-0.430237
-0.387097
-0.358661
-0.326954
-0.297999
-0.265118
-0.259268
-0.294786
-0.316253
-0.321051
-0.322092
-0.322853
-0.722761
-0.720641
-0.709876
-0.681579
-0.640918
-0.59513
-0.546696
-0.497724
-0.451408
-0.413234
-0.388455
-0.383926
-0.425714
-0.579309
-0.675011
-0.591508
-0.470571
-0.404186
-0.381356
-0.37543
-0.681043
-0.679794
-0.674471
-0.65798
-0.627949
-0.590457
-0.549592
-0.5065
-0.46443
-0.428158
-0.40747
-0.398516
-0.419448
-0.437074
-0.414286
-0.326608
-0.27541
-0.288137
-0.296562
-0.292127
-0.647583
-0.646933
-0.64424
-0.634779
-0.613916
-0.583865
-0.548411
-0.509484
-0.468791
-0.430489
-0.403521
-0.359361
-0.296616
-0.163523
-0.0191848
0.00738594
-0.101304
-0.173072
-0.205229
-0.208527
-0.62367
-0.622958
-0.621513
-0.617722
-0.603432
-0.578518
-0.545722
-0.508309
-0.466928
-0.423324
-0.384512
-0.354443
-0.301942
-0.283898
-0.333839
-0.477598
-0.631475
-0.706091
-0.650625
-0.594414
-0.607299
-0.607038
-0.606427
-0.604531
-0.59671
-0.575457
-0.543723
-0.505246
-0.461301
-0.411716
-0.365272
-0.340401
-0.316224
-0.342713
-0.438954
-0.546779
-0.663218
-0.711985
-0.666768
-0.603249
-0.597197
-0.597159
-0.596882
-0.596358
-0.592614
-0.574608
-0.542528
-0.501585
-0.452413
-0.396322
-0.333908
-0.28488
-0.225944
-0.208497
-0.242581
-0.337516
-0.338462
-0.221379
-0.0631452
0.0417983
-0.589778
-0.589844
-0.589795
-0.589733
-0.588161
-0.574522
-0.542682
-0.498032
-0.443991
-0.379638
-0.299884
-0.218149
-0.0894643
0.0929106
0.30499
0.514857
0.720648
0.944111
1.10927
1.18799
-0.583843
-0.583886
-0.583688
-0.583125
-0.581453
-0.574095
-0.544349
-0.496917
-0.4376
-0.363443
-0.271076
-0.165673
-0.0147782
0.258932
0.629094
1.01737
1.38061
1.64058
1.78584
1.83945
-0.580713
-0.580718
-0.580418
-0.579461
-0.578255
-0.575195
-0.549383
-0.499066
-0.434735
-0.355082
-0.256463
-0.139654
-0.00458976
0.267764
0.664699
1.05399
1.39403
1.62823
1.74622
1.78456
-0.580669
-0.581359
-0.582863
-0.586501
-0.590751
-0.589226
-0.558473
-0.505228
-0.439683
-0.356898
-0.25581
-0.143496
-0.0417821
0.189593
0.537071
0.854001
1.12199
1.29545
1.37883
1.40483
-0.583429
-0.584712
-0.586622
-0.589363
-0.59387
-0.590588
-0.561252
-0.515155
-0.451888
-0.365917
-0.266177
-0.1637
-0.0684543
0.0911562
0.360884
0.597535
0.788462
0.90773
0.962246
0.978562
-0.612324
-0.612862
-0.609904
-0.586278
-0.543367
-0.515173
-0.538889
-0.530427
-0.47114
-0.382088
-0.283115
-0.188793
-0.106556
0.00561717
0.193681
0.356784
0.485636
0.562631
0.596264
0.604524
-0.668289
-0.666113
-0.659816
-0.636242
-0.595245
-0.574751
-0.593177
-0.576388
-0.500217
-0.401023
-0.301204
-0.216169
-0.144502
-0.0628717
0.0618964
0.165248
0.237753
0.277601
0.294113
0.299639
-0.778723
-0.776059
-0.802136
-0.849302
-0.880799
-0.865384
-0.810625
-0.681824
-0.543718
-0.419612
-0.316424
-0.23819
-0.177334
-0.114333
-0.0387886
0.0218836
0.0548133
0.0695523
0.0757484
0.0791737
-0.92641
-0.933081
-0.977059
-1.03641
-1.06915
-1.0503
-0.962881
-0.763144
-0.574875
-0.42785
-0.322935
-0.255828
-0.208722
-0.160533
-0.105521
-0.0677644
-0.0508149
-0.0453896
-0.0416282
-0.0379909
-0.944596
-0.954939
-0.988226
-1.02947
-1.05288
-1.03444
-0.93629
-0.736167
-0.551825
-0.409816
-0.313937
-0.260034
-0.227947
-0.190967
-0.143824
-0.110102
-0.0884279
-0.0785086
-0.0724284
-0.0703801
-0.762737
-0.774086
-0.804258
-0.843475
-0.871536
-0.857523
-0.756936
-0.603917
-0.465045
-0.35654
-0.283518
-0.246427
-0.231883
-0.200078
-0.155378
-0.11818
-0.0919207
-0.0752293
-0.0674142
-0.0659098
-0.429097
-0.438752
-0.462519
-0.49781
-0.529572
-0.534292
-0.489248
-0.416384
-0.341707
-0.280374
-0.235263
-0.213285
-0.20752
-0.178929
-0.138076
-0.103797
-0.0785954
-0.0619777
-0.055162
-0.0540829
-0.0924379
-0.098058
-0.112748
-0.138966
-0.174589
-0.204576
-0.22158
-0.224067
-0.214177
-0.195439
-0.175504
-0.162785
-0.155324
-0.132644
-0.105681
-0.0829798
-0.0651498
-0.0532233
-0.0483404
-0.0480894
0.125384
0.122422
0.113768
0.0927626
0.0563543
0.00718612
-0.0413402
-0.08001
-0.10552
-0.115913
-0.113734
-0.10527
-0.0925
-0.0781255
-0.0660039
-0.0568149
-0.0484114
-0.0421377
-0.0396589
-0.0402377
0.213214
0.211406
0.205525
0.188892
0.156726
0.109703
0.0566434
0.00740405
-0.0299885
-0.0524912
-0.0584873
-0.050341
-0.0370009
-0.0318823
-0.0334501
-0.0345309
-0.0337176
-0.0323451
-0.0321129
-0.0331896
0.223514
0.222427
0.21834
0.206168
0.18177
0.144918
0.101177
0.0568266
0.0190386
-0.0067258
-0.0157868
-0.00939914
0.00199286
0.000280917
-0.0096184
-0.0189859
-0.0249439
-0.0291021
-0.0320316
-0.0333631
0.200542
0.200015
0.197372
0.189177
0.172313
0.146182
0.113472
0.0782268
0.0466704
0.023532
0.0145163
0.0187627
0.0254836
0.0194441
0.00481124
-0.00870942
-0.0197262
-0.0282676
-0.0334197
-0.0346142
0.167216
0.167047
0.165465
0.160247
0.149175
0.131504
0.108436
0.0824122
0.0579696
0.0397654
0.0333344
0.0380698
0.0430329
0.0344329
0.0177161
0.00209831
-0.0112212
-0.0213548
-0.0267794
-0.0276078
0.132472
0.132511
0.131691
0.128569
0.121615
0.110112
0.0945267
0.0763476
0.0586908
0.0454532
0.0419474
0.049069
0.0567479
0.0475638
0.0290924
0.0137861
0.00192404
-0.00616213
-0.00989385
-0.0105573
0.0998723
0.100013
0.0995328
0.0977525
0.0935411
0.086314
0.0761934
0.0640412
0.0518755
0.0426314
0.0408259
0.0483175
0.0584693
0.0508762
0.0330848
0.0213671
0.0141196
0.00996976
0.00846021
0.00788563
0.0698315
0.0700034
0.0698057
0.0688787
0.0665426
0.0622559
0.0560259
0.04831
0.0402961
0.0336929
0.03103
0.032217
0.03543
0.0307939
0.0232274
0.0203703
0.0196628
0.01955
0.0194147
0.018813
0.0423924
0.0425524
0.0425262
0.0421315
0.0410166
0.038801
0.0353742
0.0309729
0.0261013
0.0214383
0.0168717
0.00789026
-0.00668079
-0.00625238
0.00294139
0.0103752
0.0153552
0.0177212
0.0179987
0.0174491
0.0054415
0.00542561
0.005453
0.00568436
0.00579947
0.00559539
0.00507202
0.00444649
0.00381975
0.00221858
-0.00127699
-0.0113704
-0.0120159
-0.00731514
-0.00228981
-0.00219273
-0.00197608
-0.00080059
0.000316786
0.00690731
-1.06433
-0.390397
0.0580446
0.315503
0.499951
0.640585
0.748886
0.835925
0.930104
1.02152
-0.0214988
0.171568
0.347808
0.496096
0.61969
0.719944
0.801236
0.867815
0.909217
0.912831
0.307499
0.421759
0.533701
0.633161
0.718438
0.790161
0.848861
0.893512
0.922295
0.939726
0.515466
0.593176
0.670199
0.740631
0.801907
0.85421
0.897288
0.931137
0.956952
0.975912
0.668194
0.720802
0.779239
0.831655
0.87763
0.917638
0.951645
0.979913
1.00311
1.02003
0.789122
0.829606
0.874871
0.914569
0.951429
0.98436
1.01323
1.03794
1.05864
1.07283
0.891018
0.925202
0.961886
0.995827
1.02778
1.05715
1.0833
1.10575
1.12432
1.13601
0.983651
1.01451
1.04824
1.08063
1.11118
1.13937
1.16436
1.18553
1.20241
1.21191
1.07425
1.10667
1.14183
1.1757
1.20688
1.23505
1.25952
1.27976
1.29517
1.30336
1.17596
1.21338
1.25157
1.28773
1.3197
1.34749
1.37087
1.38982
1.40392
1.41239
1.30272
1.34504
1.38416
1.41997
1.45032
1.47594
1.49745
1.51504
1.52852
1.53867
1.46415
1.50557
1.53924
1.56875
1.59325
1.61473
1.63429
1.65169
1.66642
1.67911
1.65449
1.68527
1.70649
1.7256
1.74363
1.76084
1.77703
1.79284
1.80934
1.82626
1.85231
1.86369
1.87472
1.88881
1.90307
1.9159
1.92726
1.9381
1.95099
1.96787
2.03808
2.04798
2.05662
2.05906
2.05992
2.06418
2.07496
2.0909
2.10851
2.11311
2.33911
2.2837
2.23287
2.19262
2.17022
2.16617
2.17967
2.21346
2.2699
2.34545
0.922858
0.864164
0.821687
0.78783
0.763177
0.745629
0.733128
0.724212
0.718118
0.714661
0.714303
0.717193
0.722654
0.730608
0.741543
0.756605
0.777621
0.80672
0.845487
0.893314
0.724403
0.733163
0.738699
0.739524
0.736044
0.730005
0.72358
0.718123
0.714304
0.71268
0.713884
0.717504
0.722804
0.729295
0.736072
0.74135
0.742981
0.739748
0.732416
0.724748
0.701426
0.703457
0.708063
0.711577
0.714092
0.715524
0.715243
0.713517
0.711343
0.709797
0.709844
0.7117
0.714445
0.717087
0.718583
0.718256
0.71641
0.713618
0.709572
0.705191
0.694498
0.695364
0.69785
0.700567
0.702581
0.703947
0.70494
0.705402
0.705276
0.705048
0.705433
0.706551
0.707672
0.708174
0.707887
0.707054
0.705655
0.703425
0.700794
0.69883
0.688822
0.689284
0.690681
0.692706
0.694651
0.696232
0.697385
0.698295
0.699034
0.699641
0.700311
0.700992
0.701347
0.701278
0.700828
0.699881
0.698388
0.696573
0.694934
0.69392
0.683607
0.683894
0.684814
0.686287
0.687919
0.689529
0.690964
0.692151
0.693197
0.694184
0.695067
0.695659
0.695853
0.695661
0.695027
0.693986
0.692714
0.691411
0.690333
0.68971
0.678601
0.678802
0.679493
0.68067
0.68206
0.683512
0.684996
0.686417
0.687717
0.688938
0.690015
0.690701
0.690905
0.690647
0.690006
0.689142
0.688181
0.687201
0.686426
0.685989
0.673731
0.673883
0.674432
0.675421
0.676657
0.678005
0.679442
0.680946
0.682457
0.683921
0.685225
0.686074
0.686359
0.686193
0.685729
0.68509
0.684364
0.68363
0.683063
0.682736
0.668914
0.669034
0.669484
0.67034
0.671477
0.672768
0.674181
0.675726
0.677385
0.679097
0.680675
0.681754
0.682235
0.682285
0.682052
0.681636
0.681115
0.680592
0.680186
0.679933
0.66406
0.664157
0.664537
0.665303
0.666381
0.667637
0.669064
0.670679
0.672483
0.674447
0.676352
0.677755
0.678534
0.67886
0.678875
0.678689
0.678384
0.678047
0.677769
0.677569
0.659076
0.659156
0.659487
0.660195
0.661243
0.662503
0.663981
0.665706
0.6677
0.669955
0.672255
0.674076
0.675225
0.675873
0.676169
0.676227
0.676141
0.675978
0.675807
0.675647
0.65387
0.653936
0.654232
0.65491
0.655959
0.657271
0.658842
0.660725
0.662972
0.66559
0.668375
0.670705
0.672293
0.673314
0.673929
0.674253
0.674391
0.674398
0.67432
0.674191
0.648346
0.648401
0.648676
0.649347
0.650434
0.65184
0.653554
0.655656
0.658228
0.661307
0.664689
0.667628
0.669735
0.67119
0.672166
0.672789
0.673167
0.673346
0.673352
0.673247
0.6424
0.642446
0.64271
0.643397
0.644559
0.646104
0.64802
0.650416
0.653402
0.657058
0.661167
0.66484
0.667563
0.669524
0.670913
0.671888
0.672528
0.67288
0.672962
0.672876
0.635909
0.635947
0.636209
0.636935
0.63821
0.639946
0.642132
0.644907
0.648419
0.652788
0.657784
0.662337
0.665794
0.668354
0.670225
0.671588
0.672528
0.67307
0.673227
0.673155
0.628729
0.628759
0.629026
0.629813
0.631243
0.633233
0.635766
0.639024
0.643195
0.648442
0.654514
0.660123
0.664451
0.667718
0.67016
0.671969
0.673257
0.674004
0.674235
0.674175
0.620677
0.620701
0.620985
0.621851
0.62348
0.62579
0.628772
0.632641
0.637633
0.643958
0.651333
0.658205
0.663565
0.667663
0.67078
0.673129
0.674813
0.675783
0.676087
0.676035
0.611516
0.611539
0.611852
0.61282
0.614708
0.617416
0.620973
0.62561
0.631623
0.639271
0.64822
0.656595
0.663177
0.668253
0.672164
0.67515
0.677291
0.678506
0.678883
0.678836
0.600933
0.600948
0.601299
0.602414
0.604632
0.607874
0.612151
0.617755
0.625042
0.634316
0.645161
0.655319
0.663334
0.669563
0.674403
0.67812
0.680796
0.682273
0.682723
0.682676
0.588542
0.588552
0.588946
0.590255
0.592906
0.596831
0.602034
0.608869
0.617755
0.629029
0.642152
0.654409
0.664089
0.671649
0.67758
0.682143
0.685417
0.68717
0.687684
0.687632
0.573775
0.57378
0.574237
0.575815
0.579042
0.583871
0.590284
0.59871
0.60962
0.623357
0.6392
0.653904
0.665497
0.674577
0.681769
0.68729
0.691219
0.693246
0.69381
0.693747
0.555853
0.555854
0.556407
0.558368
0.562392
0.568451
0.57649
0.587013
0.600513
0.617284
0.636351
0.653865
0.667622
0.678418
0.686989
0.6936
0.698219
0.700496
0.701087
0.701004
0.533592
0.533589
0.534307
0.536868
0.542064
0.549875
0.560174
0.573521
0.590358
0.610854
0.633694
0.654379
0.670525
0.683205
0.69329
0.701076
0.706367
0.708836
0.709416
0.709307
0.505213
0.50521
0.50622
0.509775
0.516836
0.527281
0.540846
0.558063
0.579199
0.60421
0.631385
0.655564
0.674276
0.688962
0.700652
0.709647
0.71552
0.718074
0.718596
0.718454
0.467621
0.467635
0.469283
0.474772
0.485146
0.49977
0.518185
0.54069
0.567263
0.597624
0.629651
0.657559
0.678941
0.695697
0.709028
0.719152
0.725417
0.727901
0.728313
0.728133
0.414896
0.415146
0.418912
0.428866
0.445409
0.46692
0.492393
0.521861
0.555053
0.591518
0.628772
0.660518
0.684578
0.703372
0.718265
0.729317
0.735674
0.737908
0.738172
0.73796
0.339324
0.341695
0.352736
0.37228
0.399141
0.430251
0.464725
0.502417
0.543068
0.586199
0.629033
0.664845
0.691748
0.712716
0.72921
0.740979
0.74721
0.749112
0.749246
0.749034
0.258921
0.265385
0.284993
0.3148
0.35249
0.393494
0.43701
0.483012
0.531364
0.581629
0.630794
0.67147
0.701765
0.725251
0.743543
0.755804
0.761384
0.762734
0.762776
0.76264
0.189956
0.196805
0.223101
0.261625
0.30852
0.358596
0.410773
0.464895
0.520799
0.57802
0.633251
0.678462
0.711841
0.73747
0.756913
0.768927
0.77383
0.774933
0.775
0.774908
0.133591
0.140699
0.171059
0.215797
0.269553
0.327066
0.386723
0.44818
0.511105
0.574916
0.635918
0.685387
0.721611
0.749047
0.769349
0.781384
0.785998
0.786983
0.787072
0.787014
0.086802
0.0942198
0.127088
0.176552
0.235748
0.29931
0.365264
0.433135
0.502407
0.57234
0.638799
0.692335
0.731256
0.760506
0.781803
0.79397
0.798459
0.799464
0.79957
0.799539
0.0471658
0.0547442
0.0893568
0.142368
0.206124
0.274801
0.346173
0.41969
0.49469
0.570287
0.641917
0.699379
0.740965
0.772017
0.794305
0.806912
0.811638
0.812543
0.812668
0.812655
0.0126522
0.020325
0.0561833
0.112142
0.179683
0.252754
0.3289
0.407473
0.487714
0.568603
0.645163
0.706429
0.75063
0.783476
0.80687
0.820098
0.825046
0.826005
0.826127
0.826118
-0.0182453
-0.010483
0.026384
0.0848549
0.155607
0.232499
0.312893
0.396053
0.481143
0.567015
0.648307
0.713285
0.760069
0.794743
0.819312
0.833093
0.83836
0.839396
0.839519
0.839511
-0.0465025
-0.038666
-0.000944961
0.0597031
0.133245
0.21351
0.297704
0.385045
0.474634
0.565243
0.651126
0.719746
0.769064
0.805488
0.83112
0.845573
0.851113
0.852299
0.85242
0.852405
-0.0729041
-0.0649717
-0.0264358
0.0360279
0.112105
0.19538
0.282986
0.374149
0.467941
0.563073
0.653439
0.725653
0.777459
0.815578
0.842223
0.857276
0.863072
0.864366
0.864471
0.864438
-0.0979265
-0.089876
-0.0505637
0.0134426
0.0918269
0.177794
0.268492
0.36316
0.460872
0.560324
0.65509
0.7309
0.785173
0.824925
0.852515
0.868005
0.873981
0.87534
0.875421
0.875363
-0.121959
-0.113744
-0.0736207
-0.00828465
0.07217
0.160542
0.254041
0.351913
0.453282
0.556868
0.655984
0.735439
0.7922
0.833521
0.861932
0.877689
0.883759
0.88514
0.885181
0.885101
-0.145176
-0.136788
-0.0961265
-0.0293046
0.0529707
0.143499
0.239515
0.340314
0.445079
0.552609
0.656033
0.739222
0.798553
0.841423
0.870505
0.886377
0.892434
0.893778
0.893792
0.89369
-0.167755
-0.159188
-0.117866
-0.0497659
0.0341314
0.126585
0.224858
0.328312
0.436214
0.547477
0.65516
0.742223
0.804291
0.848777
0.878416
0.894225
0.900123
0.901383
0.901356
0.90124
-0.189767
-0.181042
-0.139
-0.069748
0.015607
0.109775
0.210063
0.315902
0.426656
0.541428
0.653296
0.744404
0.809479
0.855729
0.885842
0.901398
0.906955
0.90806
0.907991
0.907857
-0.211244
-0.202337
-0.159625
-0.0892797
-0.00261255
0.0930736
0.195136
0.303099
0.416435
0.534459
0.650388
0.745707
0.814149
0.862448
0.89304
0.90809
0.913063
0.913908
0.913779
0.913635
-0.232158
-0.22308
-0.179661
-0.108337
-0.0205034
0.076505
0.180132
0.289958
0.405595
0.526572
0.64638
0.746054
0.818283
0.869075
0.900319
0.914622
0.91864
0.919026
0.918814
0.91868
-0.252475
-0.243213
-0.199117
-0.126899
-0.0380372
0.0601281
0.165103
0.27655
0.394196
0.517823
0.641244
0.745336
0.82179
0.875676
0.908039
0.921558
0.924151
0.923614
0.923202
0.923126
-0.272199
-0.262742
-0.217988
-0.144944
-0.0551788
0.0440052
0.150131
0.262958
0.382322
0.508268
0.634996
0.743434
0.824499
0.882166
0.916444
0.92968
0.930595
0.928315
0.927201
0.927279
-0.291268
-0.281619
-0.236239
-0.162442
-0.0718696
0.0281823
0.135288
0.249264
0.370078
0.497997
0.62765
0.740221
0.826182
0.888272
0.925419
0.939637
0.939632
0.935186
0.932045
0.93111
-0.309714
-0.299879
-0.253861
-0.179399
-0.0881392
0.0126439
0.120556
0.235445
0.357439
0.486983
0.619143
0.735477
0.826546
0.89365
0.934455
0.95134
0.952718
0.947248
0.939352
0.924425
-0.327566
-0.317525
-0.270956
-0.195993
-0.104228
-0.00290632
0.105565
0.221051
0.343879
0.474621
0.608846
0.728563
0.824943
0.897915
0.94261
0.963081
0.967582
0.959733
0.950574
0.906499
-0.345085
-0.334173
-0.287431
-0.212102
-0.120055
-0.0183807
0.0904726
0.206287
0.329599
0.461082
0.596766
0.71922
0.820377
0.900154
0.947534
0.968497
0.972415
0.966101
0.914535
0.855144
-0.363256
-0.348768
-0.303052
-0.227574
-0.13583
-0.0340146
0.0750111
0.191148
0.314577
0.446335
0.582751
0.70708
0.811449
0.900025
0.946255
0.953866
0.958465
0.922429
0.855934
0.79163
-0.381188
-0.383755
-0.323843
-0.240082
-0.14829
-0.046871
0.0598069
0.176296
0.299557
0.431166
0.56743
0.692344
0.797654
0.898941
0.908655
0.922908
0.896946
0.830828
0.754731
0.684055
-0.35714
-0.355802
-0.296957
-0.213449
-0.11657
-0.0119476
0.0996478
0.218807
0.345385
0.481225
0.612583
0.726373
0.82225
0.919316
0.924838
0.821501
0.734194
0.664525
0.590285
0.448144
-0.397177
-0.371172
-0.30947
-0.225088
-0.128671
-0.0240945
0.0869389
0.205548
0.331312
0.465871
0.595133
0.706215
0.792983
0.855943
0.822
0.686574
0.563825
0.479693
0.394668
0.233416
-0.42099
-0.390253
-0.327685
-0.243899
-0.147359
-0.0429463
0.0683158
0.186189
0.310704
0.443148
0.569249
0.674971
0.75279
0.780602
0.698274
0.53182
0.390468
0.285588
0.169738
-0.0624753
-0.444199
-0.411171
-0.347448
-0.262993
-0.166388
-0.0620787
0.0488383
0.16581
0.288825
0.418687
0.540549
0.639007
0.705091
0.697376
0.5595
0.370487
0.198052
0.0551699
-0.105017
-0.484793
-0.466445
-0.432598
-0.367858
-0.282509
-0.185825
-0.0817224
0.0285428
0.144475
0.265766
0.392623
0.509343
0.599446
0.646928
0.609523
0.424304
0.215882
0.00228418
-0.176449
-0.422761
-0.9645
-0.488496
-0.454607
-0.389197
-0.30326
-0.206424
-0.102562
0.00705197
0.121834
0.241161
0.364606
0.475584
0.557288
0.584656
0.497035
0.300403
0.0854
-0.131496
-0.331491
-0.497937
-1.08026
-0.51149
-0.477537
-0.411751
-0.32549
-0.228541
-0.124894
-0.0159081
0.0976763
0.214871
0.33458
0.439462
0.511409
0.51375
0.383312
0.193581
-0.0112057
-0.198519
-0.327079
-0.360601
-0.407311
-0.535848
-0.50184
-0.435837
-0.349479
-0.252606
-0.149347
-0.0411736
0.0709168
0.185551
0.300824
0.399153
0.457907
0.437951
0.2786
0.096902
-0.0830723
-0.228217
-0.289921
-0.312617
-0.318344
-0.561918
-0.527697
-0.461548
-0.375213
-0.27859
-0.175916
-0.0688318
0.0414296
0.153074
0.263263
0.354315
0.397764
0.362444
0.181067
0.00868287
-0.149366
-0.259216
-0.285836
-0.286938
-0.28731
-0.589792
-0.555254
-0.488931
-0.402681
-0.306463
-0.204609
-0.0988842
0.00920981
0.117407
0.221967
0.304643
0.335412
0.268284
0.0917363
-0.0718487
-0.211294
-0.258346
-0.272552
-0.273758
-0.273334
-0.619365
-0.584452
-0.517952
-0.431877
-0.336216
-0.235399
-0.131317
-0.0257486
0.078581
0.177009
0.250723
0.267698
0.169978
0.00924196
-0.139991
-0.249757
-0.263537
-0.263314
-0.264403
-0.264071
-0.650178
-0.615084
-0.548432
-0.462634
-0.367719
-0.268189
-0.166056
-0.0633845
0.0367082
0.128598
0.193486
0.192695
0.0848405
-0.0636175
-0.194032
-0.233153
-0.255247
-0.258624
-0.258972
-0.258733
-0.681885
-0.646479
-0.580018
-0.494657
-0.400717
-0.302753
-0.20289
-0.103482
-0.00797678
0.0772901
0.132661
0.120235
0.00597214
-0.123706
-0.229592
-0.270077
-0.258533
-0.255186
-0.254733
-0.25452
-0.713553
-0.678166
-0.612167
-0.527454
-0.434771
-0.338698
-0.241459
-0.145672
-0.0551099
0.0238249
0.0681836
0.053839
-0.0644315
-0.169222
-0.2484
-0.246059
-0.250618
-0.251786
-0.251862
-0.251728
-0.744183
-0.709313
-0.643749
-0.560301
-0.469243
-0.375455
-0.281222
-0.189365
-0.104058
-0.0312345
0.00602758
-0.0129767
-0.123149
-0.208901
-0.233219
-0.254842
-0.252942
-0.251188
-0.250281
-0.249965
-0.772191
-0.738291
-0.67392
-0.592143
-0.503243
-0.412217
-0.321439
-0.233804
-0.153844
-0.0871489
-0.050666
-0.0843989
-0.171655
-0.233846
-0.241896
-0.248951
-0.252456
-0.252663
-0.252423
-0.251982
-0.79589
-0.76345
-0.700965
-0.621724
-0.535639
-0.447956
-0.361138
-0.278062
-0.203306
-0.142811
-0.10705
-0.145859
-0.215125
-0.262877
-0.28848
-0.274791
-0.265426
-0.263353
-0.262301
-0.261574
-0.812981
-0.782681
-0.722935
-0.647335
-0.565049
-0.481466
-0.399172
-0.321041
-0.251367
-0.196686
-0.164259
-0.194821
-0.246698
-0.312275
-0.310167
-0.2887
-0.28112
-0.277226
-0.274818
-0.274047
-0.821135
-0.793505
-0.737954
-0.667107
-0.58985
-0.511401
-0.434352
-0.361514
-0.296965
-0.247221
-0.214362
-0.23347
-0.251932
-0.300102
-0.28504
-0.274964
-0.271272
-0.269397
-0.268943
-0.269012
-0.817409
-0.794061
-0.744195
-0.679283
-0.608453
-0.536279
-0.465311
-0.398273
-0.338951
-0.293288
-0.254577
-0.254808
-0.222954
-0.218335
-0.227915
-0.243966
-0.253014
-0.257042
-0.25862
-0.25874
-0.798465
-0.78109
-0.739817
-0.68257
-0.619585
-0.554847
-0.490801
-0.430011
-0.376215
-0.334383
-0.295749
-0.268832
-0.195905
-0.107774
-0.160991
-0.225188
-0.255306
-0.266231
-0.270219
-0.271211
-0.765908
-0.753926
-0.723432
-0.676378
-0.622609
-0.56645
-0.509885
-0.455544
-0.40745
-0.370461
-0.337008
-0.312446
-0.283522
-0.228952
-0.275551
-0.309058
-0.319396
-0.321869
-0.322495
-0.323249
-0.724369
-0.71694
-0.697912
-0.66222
-0.618444
-0.571244
-0.522218
-0.474087
-0.430979
-0.399332
-0.377332
-0.397303
-0.487616
-0.655763
-0.651235
-0.52221
-0.431181
-0.388668
-0.377623
-0.374564
-0.682255
-0.678074
-0.667893
-0.644318
-0.609876
-0.570553
-0.52825
-0.485187
-0.445222
-0.415215
-0.394281
-0.411741
-0.424115
-0.439582
-0.377438
-0.290364
-0.280029
-0.296465
-0.294485
-0.290154
-0.648293
-0.646109
-0.640759
-0.625698
-0.59988
-0.566485
-0.529371
-0.489228
-0.449336
-0.413479
-0.394215
-0.340931
-0.231639
-0.087631
0.0228367
-0.0407252
-0.146214
-0.193329
-0.206877
-0.214697
-0.623371
-0.622339
-0.62033
-0.612061
-0.592069
-0.562951
-0.527705
-0.488223
-0.445121
-0.402738
-0.374091
-0.32938
-0.283284
-0.297442
-0.401191
-0.554955
-0.688157
-0.688216
-0.619537
-0.5903
-0.607226
-0.606752
-0.605978
-0.601982
-0.58765
-0.560705
-0.52516
-0.483821
-0.437185
-0.386987
-0.347969
-0.33074
-0.316509
-0.386582
-0.498205
-0.603319
-0.703173
-0.694585
-0.626378
-0.595193
-0.597198
-0.597049
-0.596592
-0.595345
-0.585687
-0.559973
-0.522865
-0.478057
-0.426029
-0.363682
-0.308579
-0.24694
-0.211198
-0.215013
-0.28878
-0.354197
-0.293786
-0.140693
0.000514707
0.065563
-0.589828
-0.589832
-0.589713
-0.589773
-0.583562
-0.560407
-0.521743
-0.472689
-0.41265
-0.341773
-0.257757
-0.158678
-0.000725242
0.19331
0.41452
0.611815
0.835327
1.03709
1.15882
1.20221
-0.583892
-0.583816
-0.583482
-0.582948
-0.580123
-0.561848
-0.522467
-0.468536
-0.402546
-0.32035
-0.216204
-0.112788
0.108979
0.43285
0.819769
1.2099
1.52506
1.72725
1.82194
1.84747
-0.580746
-0.580611
-0.580051
-0.578392
-0.577007
-0.566078
-0.526314
-0.468388
-0.397729
-0.306966
-0.199077
-0.0856726
0.106414
0.458429
0.862987
1.23343
1.52684
1.70036
1.77275
1.78976
-0.581001
-0.581925
-0.584395
-0.588793
-0.592323
-0.577806
-0.533479
-0.474446
-0.400604
-0.307001
-0.200674
-0.0913494
0.0489786
0.361736
0.700188
0.997383
1.22184
1.34689
1.39702
1.40775
-0.584145
-0.585506
-0.587818
-0.591365
-0.595043
-0.578441
-0.540044
-0.486324
-0.411436
-0.316393
-0.215065
-0.113498
-0.0084725
0.223893
0.484584
0.699995
0.857817
0.941772
0.973792
0.978598
-0.612761
-0.612548
-0.601659
-0.566668
-0.527953
-0.52827
-0.540909
-0.505642
-0.42945
-0.332234
-0.234449
-0.145251
-0.0648864
0.0991827
0.279442
0.42604
0.531017
0.583456
0.602226
0.604921
-0.667253
-0.664039
-0.651212
-0.614814
-0.580589
-0.580164
-0.594693
-0.5427
-0.452505
-0.348698
-0.256495
-0.178323
-0.113501
0.00054552
0.11765
0.204934
0.261509
0.288015
0.298072
0.299433
-0.775453
-0.7854
-0.823556
-0.870171
-0.878453
-0.843571
-0.753497
-0.61128
-0.479877
-0.36411
-0.274156
-0.206169
-0.15137
-0.0745531
-0.00674802
0.0410895
0.0634297
0.0733867
0.0777798
0.0794288
-0.92409
-0.951633
-1.00805
-1.05718
-1.06742
-1.01957
-0.867873
-0.66476
-0.495837
-0.370087
-0.284955
-0.230135
-0.190209
-0.131067
-0.0834929
-0.0570009
-0.0474427
-0.0435273
-0.0395547
-0.0374288
-0.947293
-0.968658
-1.00795
-1.04426
-1.05055
-0.998499
-0.839382
-0.640093
-0.475449
-0.355321
-0.281441
-0.24206
-0.216068
-0.166474
-0.124596
-0.0993665
-0.0825949
-0.0749127
-0.0711216
-0.0703766
-0.765722
-0.787125
-0.823571
-0.860487
-0.871544
-0.82172
-0.680257
-0.53215
-0.406869
-0.314752
-0.260416
-0.238142
-0.222048
-0.177435
-0.135808
-0.103625
-0.0829373
-0.0705939
-0.0660289
-0.0662333
-0.432683
-0.44878
-0.47939
-0.515124
-0.537009
-0.517713
-0.454152
-0.37799
-0.309569
-0.254875
-0.221078
-0.209493
-0.199455
-0.158351
-0.119789
-0.0902419
-0.068959
-0.0575628
-0.0541462
-0.054856
-0.0948488
-0.103905
-0.124131
-0.156311
-0.190939
-0.214668
-0.224747
-0.220271
-0.205589
-0.184667
-0.168017
-0.158621
-0.147177
-0.119568
-0.0935517
-0.0734607
-0.0582862
-0.0499829
-0.0478061
-0.0488212
0.123943
0.119272
0.105038
0.0765236
0.0327977
-0.0179076
-0.0618783
-0.0945035
-0.112303
-0.115838
-0.109873
-0.0988059
-0.0842229
-0.071795
-0.0614914
-0.0524888
-0.0448332
-0.040442
-0.0396831
-0.040876
0.212279
0.209414
0.198866
0.174871
0.134717
0.0833737
0.0310797
-0.0128905
-0.0430326
-0.0574691
-0.0558424
-0.0438262
-0.0318657
-0.0318407
-0.0342993
-0.0344149
-0.0328946
-0.0320588
-0.0324996
-0.0338003
0.222991
0.221075
0.213525
0.195632
0.164664
0.123628
0.0786072
0.0369036
0.00444801
-0.0135746
-0.0140492
-0.00349339
0.00402336
-0.00418266
-0.0147404
-0.0222995
-0.0271735
-0.0308046
-0.0328237
-0.0338266
0.200331
0.19916
0.19416
0.18194
0.16029
0.130529
0.0957023
0.0618179
0.0337763
0.0169887
0.0156138
0.022467
0.0245675
0.0124153
-0.0020857
-0.0144959
-0.0242622
-0.0314782
-0.0343693
-0.0348768
0.167202
0.166554
0.163444
0.155533
0.141115
0.120607
0.0954693
0.0698876
0.0478126
0.0347753
0.0348837
0.0410185
0.0403978
0.0263385
0.00963563
-0.00489739
-0.0167583
-0.0248282
-0.0275109
-0.0277047
0.13252
0.132307
0.130513
0.125638
0.11642
0.102823
0.0855302
0.0673883
0.0512284
0.0421721
0.0445725
0.0538026
0.054716
0.0380387
0.0209744
0.00742316
-0.00264463
-0.00857274
-0.0103966
-0.0106502
0.0999999
0.0998581
0.0988752
0.0960009
0.0903083
0.0816213
0.0702125
0.0578872
0.0467227
0.040495
0.0435588
0.0542717
0.0581097
0.0411341
0.0264705
0.0173334
0.0116011
0.00904717
0.00812941
0.00770367
0.0699502
0.0699658
0.0694774
0.0679239
0.0646516
0.0593888
0.0522654
0.0442814
0.0367592
0.0317332
0.0311485
0.0341045
0.034563
0.0260954
0.021276
0.0199195
0.0195195
0.0195498
0.0191463
0.0185113
0.0424988
0.042562
0.0423911
0.0416916
0.040059
0.037249
0.0332589
0.0285612
0.0237409
0.0191781
0.012947
-0.00127722
-0.00808295
-0.00161375
0.00676417
0.0132107
0.0169034
0.0180457
0.0177667
0.0171019
0.0173754
0.017498
0.0175027
0.0173763
0.0170752
0.0163438
0.0150586
0.013411
0.0115544
0.00889311
0.00499918
-0.00588217
-0.0265942
-0.0264512
-0.00809373
0.000909235
0.00452471
0.00655867
0.0070961
0.00663052
-0.682349
-0.120431
0.198678
0.411976
0.57428
0.697273
0.795052
0.87877
0.986534
0.985316
0.120076
0.266154
0.425178
0.561144
0.672621
0.762551
0.836467
0.892956
0.916115
0.920457
0.380756
0.47911
0.585328
0.677542
0.755948
0.821142
0.873122
0.909739
0.932679
0.949894
0.565665
0.63338
0.706662
0.772395
0.829195
0.876915
0.915341
0.944865
0.968211
0.98699
0.704494
0.755087
0.806269
0.855425
0.898382
0.935379
0.966477
0.992046
1.01356
1.03196
0.81704
0.853945
0.89495
0.933477
0.968399
0.999299
1.02612
1.04871
1.06772
1.08553
0.913911
0.943927
0.979109
1.01209
1.04284
1.07066
1.09502
1.11547
1.13209
1.14947
1.00301
1.03137
1.06466
1.09616
1.12562
1.1523
1.17546
1.1945
1.20888
1.22602
1.09317
1.12407
1.15908
1.19162
1.22138
1.24778
1.2702
1.28809
1.30063
1.31788
1.19661
1.2323
1.27016
1.30422
1.33413
1.35974
1.38091
1.39747
1.40901
1.42685
1.32564
1.36464
1.40275
1.43578
1.46367
1.48718
1.50676
1.52222
1.53401
1.55226
1.48669
1.52269
1.55474
1.58149
1.60427
1.62474
1.64332
1.65933
1.67302
1.69089
1.67134
1.69637
1.71623
1.73472
1.75235
1.76908
1.78494
1.80092
1.81803
1.83717
1.85799
1.86883
1.88154
1.89608
1.90969
1.92175
1.93265
1.94399
1.95939
1.97882
2.03987
2.0533
2.05836
2.05938
2.06134
2.0687
2.08239
2.09999
2.11373
2.12506
2.30873
2.25815
2.21068
2.1791
2.16604
2.17058
2.19383
2.23888
2.30557
2.39969
0.779482
0.776475
0.770417
0.759494
0.747008
0.735704
0.726655
0.719913
0.715469
0.713603
0.714865
0.71888
0.725065
0.733366
0.743878
0.756204
0.768563
0.777278
0.781792
0.783959
0.707777
0.714425
0.719675
0.723296
0.724414
0.722787
0.719343
0.715567
0.712606
0.711326
0.712444
0.715514
0.719627
0.723871
0.726914
0.727454
0.725143
0.72077
0.714478
0.708654
0.69765
0.700614
0.70398
0.706474
0.70824
0.709432
0.709671
0.708942
0.707905
0.707488
0.70839
0.710165
0.711864
0.712674
0.712276
0.711037
0.709147
0.706285
0.702954
0.700667
0.691578
0.693003
0.695219
0.697497
0.699227
0.700432
0.701337
0.701944
0.702244
0.702597
0.703339
0.704143
0.704523
0.70435
0.70375
0.702628
0.700831
0.698618
0.696874
0.69579
0.686182
0.687001
0.68847
0.690251
0.692001
0.693489
0.694644
0.69561
0.696482
0.697299
0.698022
0.698446
0.698491
0.698164
0.697375
0.696119
0.694619
0.693114
0.692102
0.691435
0.681085
0.68164
0.682728
0.68415
0.685673
0.687193
0.688607
0.689846
0.69098
0.692055
0.692882
0.693285
0.693266
0.692805
0.691961
0.690907
0.689767
0.688708
0.688026
0.687557
0.676155
0.676571
0.677442
0.678661
0.680004
0.681432
0.682909
0.684362
0.685739
0.687039
0.68804
0.688531
0.68852
0.6881
0.687425
0.686621
0.685759
0.684976
0.684479
0.684121
0.671324
0.67165
0.67237
0.673442
0.674693
0.676059
0.677531
0.679095
0.680693
0.682253
0.68348
0.684126
0.684256
0.684029
0.683578
0.682989
0.682349
0.681784
0.681415
0.681129
0.6665
0.666765
0.667379
0.668352
0.669546
0.670883
0.672376
0.67403
0.675821
0.677669
0.679189
0.680091
0.680473
0.680491
0.680272
0.679906
0.67947
0.67908
0.678808
0.678571
0.661593
0.661814
0.662354
0.663267
0.664428
0.665772
0.667324
0.669102
0.671106
0.673275
0.675169
0.676425
0.677125
0.677422
0.677451
0.67732
0.67708
0.676842
0.676646
0.676443
0.656509
0.656698
0.657188
0.658073
0.659237
0.66063
0.66228
0.664232
0.666506
0.669063
0.67142
0.673111
0.674185
0.674804
0.67511
0.675213
0.675173
0.675074
0.67494
0.674762
0.651157
0.651321
0.651783
0.652668
0.653878
0.655363
0.657161
0.659347
0.661966
0.665007
0.667928
0.670136
0.671649
0.672637
0.673253
0.673601
0.673776
0.673807
0.673724
0.673563
0.645436
0.645582
0.646034
0.64695
0.648246
0.64987
0.651877
0.654372
0.657426
0.66107
0.664673
0.667499
0.669528
0.670939
0.671905
0.672552
0.672939
0.673091
0.673051
0.6729
0.639234
0.639366
0.639824
0.6408
0.642226
0.644045
0.646334
0.649224
0.652829
0.657213
0.661641
0.665205
0.667845
0.669749
0.671116
0.672091
0.672717
0.672993
0.672992
0.672846
0.632418
0.63254
0.633019
0.634086
0.63569
0.637767
0.64042
0.643814
0.648104
0.653394
0.65882
0.663265
0.666629
0.669117
0.670947
0.672297
0.673189
0.673593
0.673627
0.673483
0.624836
0.624942
0.625454
0.626646
0.628484
0.630893
0.634011
0.638038
0.643178
0.649573
0.6562
0.661695
0.665912
0.669089
0.671476
0.673262
0.67445
0.674987
0.675054
0.674907
0.616252
0.616372
0.616926
0.618286
0.62041
0.623245
0.626954
0.631776
0.637965
0.645707
0.653777
0.66052
0.665744
0.669729
0.672786
0.675079
0.676598
0.677277
0.677373
0.67722
0.606397
0.606522
0.607168
0.608732
0.611234
0.614619
0.619072
0.624887
0.632375
0.641757
0.651553
0.659769
0.666182
0.671119
0.674956
0.67784
0.679737
0.680564
0.680686
0.680522
0.594952
0.59508
0.595844
0.597681
0.600663
0.604748
0.610145
0.617211
0.626309
0.637686
0.64954
0.659485
0.667283
0.673338
0.678068
0.681651
0.683963
0.684939
0.685082
0.684904
0.581422
0.581567
0.582493
0.584692
0.588299
0.593293
0.599908
0.608565
0.619671
0.633469
0.647758
0.659718
0.669104
0.676446
0.682227
0.686594
0.689349
0.690469
0.690622
0.690427
0.565141
0.565325
0.566485
0.569178
0.57362
0.579826
0.588044
0.598753
0.612374
0.629105
0.646247
0.660516
0.671713
0.680512
0.687473
0.69272
0.69593
0.697173
0.697324
0.697109
0.545153
0.545417
0.546928
0.550327
0.555936
0.563814
0.574195
0.587593
0.604378
0.624639
0.645081
0.661952
0.675167
0.685588
0.693834
0.700034
0.703675
0.705002
0.705133
0.704898
0.520015
0.520426
0.522497
0.526975
0.534326
0.544613
0.558006
0.574968
0.595726
0.620186
0.644377
0.664109
0.679507
0.691695
0.701324
0.70847
0.712465
0.713809
0.713899
0.713645
0.487377
0.488092
0.491145
0.497474
0.507629
0.52156
0.539233
0.560915
0.586592
0.61595
0.644297
0.667087
0.684781
0.698792
0.709872
0.717867
0.722062
0.723332
0.723361
0.723093
0.443043
0.444489
0.449646
0.459625
0.474673
0.494249
0.517966
0.545753
0.577345
0.612243
0.645043
0.670988
0.691018
0.706855
0.719327
0.727951
0.732094
0.733184
0.733136
0.732866
0.379172
0.383723
0.394507
0.411708
0.435091
0.46312
0.494901
0.530167
0.568543
0.609435
0.646816
0.675894
0.698184
0.715731
0.72933
0.738235
0.74203
0.742808
0.742685
0.742431
0.303261
0.311497
0.331177
0.359101
0.393183
0.430708
0.471123
0.514325
0.559997
0.607576
0.650348
0.683275
0.708365
0.727903
0.742683
0.751585
0.754935
0.755515
0.755435
0.7553
0.227122
0.240746
0.26967
0.308114
0.352331
0.399234
0.448291
0.499486
0.552531
0.606888
0.655152
0.691951
0.719789
0.741406
0.757177
0.765453
0.768005
0.768355
0.768311
0.768256
0.163865
0.181375
0.216022
0.262361
0.314836
0.369971
0.426981
0.485735
0.545846
0.606708
0.660154
0.700543
0.730828
0.753917
0.769914
0.777844
0.780129
0.780485
0.780503
0.780486
0.111989
0.131575
0.170714
0.222903
0.281836
0.343767
0.407653
0.473201
0.539852
0.606853
0.665223
0.708976
0.74151
0.765984
0.782506
0.790286
0.792355
0.792733
0.792811
0.792825
0.0685443
0.0893887
0.13188
0.188715
0.252984
0.320606
0.39042
0.462001
0.534625
0.607368
0.670437
0.717442
0.752198
0.778121
0.795223
0.802902
0.805123
0.805576
0.80569
0.80574
0.0312258
0.05286
0.0980181
0.158622
0.227381
0.29992
0.374949
0.451942
0.530051
0.608196
0.675769
0.725955
0.762907
0.790255
0.808097
0.816187
0.818554
0.819018
0.819134
0.819198
-0.00164953
0.0205283
0.0678447
0.131617
0.204205
0.281044
0.36074
0.442667
0.525879
0.609138
0.681056
0.734346
0.773487
0.802331
0.821038
0.829566
0.832141
0.832629
0.832724
0.832795
-0.0313251
-0.00876428
0.0403815
0.106875
0.182794
0.263437
0.347337
0.433796
0.52178
0.609929
0.686073
0.742425
0.783715
0.814022
0.833534
0.842668
0.845365
0.845881
0.845946
0.846015
-0.0588091
-0.0358461
0.0148693
0.083765
0.162637
0.246669
0.334369
0.425002
0.517485
0.610349
0.690638
0.749994
0.793375
0.825094
0.845432
0.855046
0.857948
0.858443
0.858474
0.858531
-0.0846292
-0.0612612
-0.0091189
0.0618153
0.143342
0.230413
0.321564
0.416059
0.512793
0.610212
0.694598
0.756935
0.802361
0.835399
0.856482
0.86645
0.869511
0.869991
0.86997
0.870014
-0.109249
-0.0854217
-0.03213
0.040739
0.124628
0.214435
0.308734
0.406793
0.50753
0.609379
0.697852
0.763195
0.810634
0.844908
0.866596
0.876784
0.879917
0.880392
0.880341
0.880354
-0.132966
-0.108663
-0.054373
0.0203193
0.106313
0.198582
0.295731
0.397079
0.50159
0.607742
0.700336
0.768756
0.818211
0.853598
0.875724
0.886019
0.889147
0.889585
0.88951
0.889496
-0.155973
-0.131178
-0.0758597
0.000406045
0.0882817
0.182754
0.282481
0.386849
0.494902
0.605219
0.70198
0.773618
0.825171
0.86162
0.884022
0.894241
0.897279
0.897674
0.897573
0.897539
-0.178375
-0.153093
-0.0967242
-0.019081
0.0704773
0.166918
0.268961
0.376071
0.487411
0.60174
0.702724
0.77779
0.831626
0.869137
0.89163
0.901622
0.904466
0.904779
0.904648
0.904599
-0.200176
-0.174438
-0.117085
-0.0381742
0.0528833
0.151064
0.255171
0.364751
0.479105
0.597259
0.702501
0.781269
0.837689
0.876351
0.898771
0.908287
0.910817
0.911014
0.910857
0.910792
-0.221427
-0.195215
-0.136938
-0.05687
0.0355117
0.135219
0.241147
0.352923
0.470017
0.59175
0.701245
0.784017
0.843431
0.883499
0.905726
0.914431
0.916412
0.916441
0.916265
0.916195
-0.242076
-0.215391
-0.156242
-0.0751528
0.0183903
0.119438
0.226951
0.34065
0.460188
0.585206
0.698872
0.785943
0.848867
0.890805
0.91292
0.920456
0.92147
0.921162
0.920976
0.920928
-0.262146
-0.23494
-0.175007
-0.0929822
0.00157489
0.103777
0.212657
0.328019
0.449677
0.577667
0.695316
0.78691
0.853912
0.898408
0.920881
0.927115
0.926515
0.925372
0.925106
0.925211
-0.281549
-0.253871
-0.193195
-0.110329
-0.0148898
0.0883054
0.198335
0.315097
0.438585
0.56919
0.690523
0.786734
0.858362
0.90621
0.930018
0.935554
0.932945
0.929928
0.928674
0.928754
-0.300362
-0.272163
-0.210766
-0.127151
-0.0309362
0.0731031
0.184099
0.302014
0.427027
0.559853
0.684478
0.785212
0.861902
0.913785
0.940156
0.946728
0.943256
0.937243
0.930836
0.914696
-0.318522
-0.289807
-0.227856
-0.143651
-0.0468524
0.0578529
0.169549
0.288334
0.414521
0.549176
0.676695
0.781839
0.864286
0.920851
0.95075
0.960544
0.958512
0.950559
0.936422
0.951795
-0.336151
-0.306792
-0.244408
-0.159801
-0.0625612
0.0426099
0.154688
0.274079
0.401052
0.537041
0.666933
0.775942
0.864711
0.926304
0.958799
0.971633
0.971747
0.96068
0.899824
0.884835
-0.35383
-0.32374
-0.26018
-0.175284
-0.077481
0.027821
0.139727
0.259504
0.386896
0.523631
0.655142
0.767015
0.862033
0.929184
0.959511
0.971774
0.96256
0.924229
0.856883
0.816648
-0.372219
-0.341618
-0.274769
-0.189835
-0.0912414
0.0136218
0.125055
0.244779
0.372124
0.508933
0.641123
0.754736
0.853661
0.927826
0.975233
0.945895
0.912903
0.845363
0.772604
0.728799
0.0534547
0.16979
0.292921
0.424296
0.559985
0.684288
0.788771
0.610608
-0.392087
-0.373253
-0.335154
-0.263653
-0.172461
-0.0723734
0.035854
0.151102
0.273467
0.403698
0.538438
0.662146
0.765823
0.847431
0.899302
0.847562
0.699156
0.606929
0.535282
-0.40887
-0.39595
-0.35161
-0.278709
-0.18711
-0.0867734
0.0209526
0.135721
0.257239
0.38614
0.518779
0.639213
0.736757
0.805491
0.800571
0.689141
0.539295
0.429468
0.337946
-0.431217
-0.418649
-0.37138
-0.297468
-0.205861
-0.105215
0.00254325
0.116975
0.237553
0.364848
0.494415
0.609684
0.696127
0.747571
0.705893
0.538578
0.368963
0.232711
0.112697
-0.453703
-0.441008
-0.39222
-0.317027
-0.225128
-0.124496
-0.0170542
0.0966337
0.215977
0.341189
0.467123
0.576277
0.655297
0.678149
0.588472
0.392011
0.191707
0.0112441
-0.156666
-0.475397
-0.463215
-0.413683
-0.337385
-0.245126
-0.144533
-0.0375568
0.0752256
0.193133
0.315879
0.437619
0.539829
0.609112
0.592473
0.459155
0.255707
0.0354439
-0.172493
-0.360229
-0.49769
-0.485793
-0.435999
-0.359006
-0.266471
-0.16586
-0.0592855
0.0526354
0.169023
0.289117
0.406351
0.500668
0.555599
0.516897
0.340862
0.141257
-0.070959
-0.269402
-0.392194
-0.432147
-0.521296
-0.509543
-0.459535
-0.382183
-0.289569
-0.189052
-0.0829568
0.0279704
0.142588
0.259598
0.371701
0.457742
0.496367
0.433289
0.235054
0.0442
-0.137025
-0.273403
-0.320002
-0.343678
-0.546348
-0.534725
-0.484555
-0.407027
-0.314491
-0.214283
-0.108861
0.000788205
0.113263
0.226646
0.332862
0.410377
0.427547
0.326469
0.140376
-0.0359674
-0.189409
-0.273304
-0.293636
-0.298983
-0.573164
-0.561538
-0.511183
-0.433554
-0.341224
-0.241508
-0.137019
-0.0289478
0.0809977
0.190246
0.289804
0.358416
0.345959
0.223776
0.0522329
-0.11342
-0.234269
-0.278864
-0.2785
-0.279595
-0.601648
-0.590119
-0.539457
-0.461771
-0.369767
-0.270728
-0.167427
-0.0612371
0.0457844
0.150423
0.242739
0.300732
0.270918
0.127353
-0.0289914
-0.182869
-0.24988
-0.267664
-0.26868
-0.268368
-0.631652
-0.620132
-0.569275
-0.491594
-0.400032
-0.301893
-0.200032
-0.0960567
0.00764844
0.107244
0.191957
0.237658
0.204257
0.0437061
-0.102423
-0.218304
-0.268338
-0.261576
-0.261362
-0.261375
-0.662689
-0.651096
-0.600374
-0.522774
-0.431835
-0.334825
-0.234694
-0.133274
-0.0332611
0.0610056
0.137722
0.173845
0.125826
-0.0291045
-0.162276
-0.242046
-0.258216
-0.256663
-0.256627
-0.256358
-0.69424
-0.682587
-0.632151
-0.554903
-0.464802
-0.369195
-0.271121
-0.172604
-0.0766732
0.0120909
0.0808474
0.106027
0.0405355
-0.0911828
-0.208008
-0.228321
-0.24573
-0.252131
-0.252838
-0.252664
-0.72533
-0.71371
-0.663783
-0.587313
-0.498372
-0.40451
-0.308858
-0.213594
-0.122078
-0.0390659
0.0230942
0.0324705
-0.0337657
-0.145115
-0.22538
-0.275562
-0.258468
-0.252932
-0.251122
-0.250764
-0.754167
-0.743359
-0.694332
-0.618985
-0.531733
-0.440047
-0.347244
-0.255601
-0.168728
-0.0917243
-0.0342751
-0.0346777
-0.10075
-0.188055
-0.250552
-0.260004
-0.254532
-0.251605
-0.250553
-0.250213
-0.779951
-0.76945
-0.722394
-0.6487
-0.563798
-0.474837
-0.385402
-0.2978
-0.215693
-0.144626
-0.0918619
-0.0926201
-0.160373
-0.223225
-0.25262
-0.251919
-0.256611
-0.25713
-0.256517
-0.256127
-0.800039
-0.790209
-0.745643
-0.675033
-0.593211
-0.507724
-0.422239
-0.339158
-0.261959
-0.196424
-0.149361
-0.145747
-0.205172
-0.264665
-0.290138
-0.289541
-0.277369
-0.272354
-0.269945
-0.268611
-0.812465
-0.803697
-0.762414
-0.695852
-0.618314
-0.537314
-0.456553
-0.378458
-0.306432
-0.245992
-0.203659
-0.19361
-0.23659
-0.284811
-0.310444
-0.290751
-0.281583
-0.277454
-0.275156
-0.27418
-0.814614
-0.80749
-0.770645
-0.709389
-0.637346
-0.562074
-0.486975
-0.414455
-0.347913
-0.292199
-0.252098
-0.231918
-0.247609
-0.246932
-0.274568
-0.262704
-0.260926
-0.260468
-0.26137
-0.261855
-0.804654
-0.798942
-0.767959
-0.713781
-0.648855
-0.580546
-0.512157
-0.445941
-0.38513
-0.334117
-0.295304
-0.26203
-0.235862
-0.180243
-0.19452
-0.219429
-0.241835
-0.254401
-0.259218
-0.260746
-0.779395
-0.775377
-0.75184
-0.707615
-0.651816
-0.591779
-0.531035
-0.471654
-0.41686
-0.370978
-0.336083
-0.293196
-0.253838
-0.194829
-0.156575
-0.220028
-0.265448
-0.284047
-0.2903
-0.292474
-0.742161
-0.739676
-0.724375
-0.69113
-0.646314
-0.595675
-0.543124
-0.490762
-0.441821
-0.401433
-0.373233
-0.352288
-0.359914
-0.426451
-0.485156
-0.460801
-0.40257
-0.36992
-0.359011
-0.355676
-0.699645
-0.698057
-0.690501
-0.668176
-0.634537
-0.593334
-0.548799
-0.502946
-0.458994
-0.422189
-0.399657
-0.397895
-0.461876
-0.597735
-0.682075
-0.597916
-0.449249
-0.378087
-0.351429
-0.344474
-0.66172
-0.660697
-0.657212
-0.644909
-0.620328
-0.587256
-0.549379
-0.50867
-0.467664
-0.430669
-0.408816
-0.378491
-0.341977
-0.254824
-0.132956
-0.0275927
-0.0744153
-0.164647
-0.211643
-0.221433
-0.634472
-0.633918
-0.631593
-0.625463
-0.608025
-0.58085
-0.547174
-0.509251
-0.468285
-0.427647
-0.394023
-0.352051
-0.292529
-0.199907
-0.173738
-0.306554
-0.477657
-0.554793
-0.497103
-0.434567
-0.614139
-0.613699
-0.61278
-0.6104
-0.599594
-0.576641
-0.54465
-0.506774
-0.464337
-0.417991
-0.375736
-0.35447
-0.312657
-0.33632
-0.4179
-0.516543
-0.638468
-0.725431
-0.711486
-0.656147
-0.601828
-0.601699
-0.601304
-0.59988
-0.594536
-0.574731
-0.542867
-0.503264
-0.457034
-0.404334
-0.351123
-0.315309
-0.287737
-0.299446
-0.39127
-0.554652
-0.632564
-0.587795
-0.475734
-0.382453
-0.593256
-0.59328
-0.593141
-0.593094
-0.590632
-0.57452
-0.542172
-0.49939
-0.447916
-0.388218
-0.316582
-0.252289
-0.151792
-0.0662585
0.0187584
0.0883828
0.188188
0.364132
0.5281
0.623828
-0.58668
-0.58676
-0.586734
-0.586625
-0.585039
-0.574523
-0.543099
-0.497219
-0.440763
-0.371048
-0.284113
-0.188471
-0.0434876
0.205336
0.512327
0.832976
1.14238
1.39195
1.54634
1.61232
-0.581748
-0.581729
-0.58132
-0.580191
-0.578812
-0.573796
-0.54626
-0.498112
-0.435455
-0.357932
-0.261741
-0.149318
0.000109778
0.276337
0.676655
1.08214
1.44476
1.70002
1.83386
1.87918
-0.580536
-0.580772
-0.581132
-0.58157
-0.581717
-0.580192
-0.553952
-0.502048
-0.436121
-0.354896
-0.254776
-0.13828
-0.0245157
0.235513
0.612862
0.969348
1.27553
1.47984
1.58024
1.61228
-0.580655
-0.581755
-0.584002
-0.590169
-0.598715
-0.596899
-0.563169
-0.509859
-0.444902
-0.360478
-0.259513
-0.152484
-0.0542788
0.140073
0.449974
0.726523
0.955022
1.09986
1.16792
1.1885
-0.593557
-0.594742
-0.594817
-0.587158
-0.573365
-0.562209
-0.551172
-0.521307
-0.4606
-0.373408
-0.274488
-0.175791
-0.0861761
0.0461195
0.273995
0.472671
0.63102
0.727916
0.77114
0.782834
-0.6377
-0.636994
-0.630756
-0.597165
-0.53804
-0.509186
-0.543756
-0.545454
-0.484192
-0.391311
-0.292021
-0.20284
-0.126872
-0.0307747
0.123339
0.253942
0.353352
0.411562
0.435825
0.443266
-0.712587
-0.707767
-0.712585
-0.719122
-0.727715
-0.709123
-0.694494
-0.625498
-0.520343
-0.410767
-0.309728
-0.22777
-0.160597
-0.089921
0.00750561
0.0876997
0.138298
0.163355
0.17463
0.178306
-0.858329
-0.860467
-0.901041
-0.964162
-1.00274
-0.983912
-0.90706
-0.731964
-0.564095
-0.426037
-0.321089
-0.247882
-0.19423
-0.138663
-0.0759252
-0.0313408
-0.00898601
-0.0018806
0.00209493
0.00595581
-0.958609
-0.968635
-1.0089
-1.05659
-1.08442
-1.06556
-0.97128
-0.765867
-0.571735
-0.423101
-0.321032
-0.260226
-0.219839
-0.177829
-0.127707
-0.0924406
-0.0750876
-0.0676328
-0.0623698
-0.0592761
-0.879239
-0.888022
-0.919453
-0.957372
-0.981606
-0.965053
-0.861693
-0.679599
-0.515311
-0.387228
-0.301215
-0.255235
-0.232766
-0.198761
-0.153824
-0.118231
-0.0942955
-0.0818551
-0.0747656
-0.0722748
-0.606946
-0.618599
-0.646613
-0.686036
-0.717527
-0.709546
-0.630234
-0.514543
-0.405624
-0.320226
-0.261343
-0.232334
-0.223685
-0.193255
-0.148929
-0.111607
-0.0856041
-0.0674107
-0.0598336
-0.0584172
-0.251078
-0.258644
-0.277434
-0.307674
-0.340711
-0.358875
-0.348032
-0.316919
-0.276882
-0.2382
-0.206202
-0.189642
-0.18408
-0.158154
-0.123747
-0.0946541
-0.0725323
-0.057751
-0.0516828
-0.0510041
0.0346185
0.0307861
0.0202058
-0.00374722
-0.0405252
-0.0825069
-0.118791
-0.143934
-0.1562
-0.154113
-0.144335
-0.134033
-0.123841
-0.10514
-0.0854971
-0.0697431
-0.0568221
-0.0479802
-0.044409
-0.0446289
0.182749
0.180271
0.173186
0.154372
0.119482
0.0695609
0.0156607
-0.0307168
-0.0637281
-0.0818644
-0.0847675
-0.0772957
-0.0630333
-0.053707
-0.0487225
-0.0450899
-0.0404459
-0.0365464
-0.0350886
-0.0359521
0.224781
0.223349
0.218418
0.204029
0.175564
0.13321
0.084258
0.0363051
-0.00267066
-0.0276875
-0.0354846
-0.0283135
-0.0150518
-0.0136318
-0.0204283
-0.0256194
-0.0284757
-0.0299159
-0.0312641
-0.032515
0.21433
0.213546
0.210227
0.200143
0.179683
0.148401
0.110213
0.0702735
0.0353464
0.0103632
0.000830109
0.00570556
0.0150667
0.0108906
-0.00178022
-0.0134744
-0.0222254
-0.0289017
-0.033167
-0.034492
0.184399
0.184082
0.182014
0.175428
0.161693
0.140111
0.112493
0.0819589
0.0539364
0.0331914
0.0252443
0.0293997
0.0346025
0.0271426
0.0112312
-0.00325694
-0.0161025
-0.0259642
-0.0315757
-0.0325769
0.149711
0.14974
0.148532
0.144467
0.135637
0.121311
0.102247
0.080346
0.0594154
0.0437913
0.0388111
0.045159
0.0510923
0.0416339
0.0235599
0.00807635
-0.00499433
-0.014472
-0.0192279
-0.0199465
0.115834
0.115884
0.115326
0.112917
0.107478
0.0983211
0.0857027
0.0707752
0.0560857
0.044958
0.0426928
0.0509036
0.0604726
0.0512487
0.0324212
0.0183012
0.00859646
0.00238544
-0.000213924
-0.000849896
0.0845196
0.084686
0.0843765
0.0830546
0.0798514
0.0742205
0.0661943
0.0564197
0.0464981
0.0387017
0.0368653
0.0420462
0.0496826
0.0439768
0.0301213
0.0221145
0.0179996
0.016123
0.015389
0.0147766
0.0557768
0.0559391
0.0558374
0.0552583
0.0535899
0.0504347
0.0457207
0.0397886
0.0334125
0.0278058
0.0241313
0.0204639
0.0162799
0.0133044
0.0133957
0.0160649
0.0184295
0.0200278
0.0203932
0.0197741
0.0295418
0.0296849
0.0297132
0.0295598
0.028859
0.0274175
0.0251311
0.0221529
0.0188357
0.0150057
0.0102998
-0.00333577
-0.0209157
-0.020196
-0.00753587
0.00451697
0.0107746
0.0129968
0.0131703
0.0127272
0.0174622
0.0175044
0.0174803
0.0172441
0.0167767
0.0157833
0.0142629
0.0124627
0.0104095
0.0072988
0.00100495
-0.0157939
-0.0308511
-0.0174321
-0.00150589
0.00273215
0.00582672
0.0069478
0.00707262
0.000524737
-0.331044
0.00846216
0.224493
0.411578
0.562165
0.681307
0.775632
0.855674
0.914291
0.909586
0.160833
0.310686
0.449933
0.569666
0.671588
0.756188
0.825622
0.879654
0.912521
0.924578
0.419462
0.51446
0.606805
0.689826
0.761671
0.822644
0.872619
0.910829
0.937991
0.956706
0.596478
0.659808
0.726541
0.787775
0.840404
0.88575
0.923698
0.954381
0.979088
0.996901
0.731489
0.777186
0.828501
0.873728
0.91456
0.950457
0.981558
1.00786
1.02981
1.04521
0.841576
0.878643
0.918719
0.955178
0.989087
1.01986
1.04715
1.07059
1.09015
1.10292
0.938077
0.970112
1.0045
1.03743
1.06837
1.09688
1.12233
1.14405
1.16173
1.17213
1.02841
1.05946
1.0934
1.12645
1.15722
1.18532
1.21007
1.23078
1.24691
1.25545
1.12274
1.15738
1.194
1.22926
1.26102
1.28914
1.31321
1.33287
1.34761
1.35554
1.23529
1.27554
1.31466
1.35136
1.38306
1.41005
1.43256
1.45074
1.46438
1.47343
1.37896
1.42159
1.45918
1.4928
1.52075
1.54448
1.56505
1.58242
1.59624
1.60735
1.55671
1.59427
1.62225
1.64654
1.66753
1.68679
1.70501
1.72214
1.73802
1.75252
1.75433
1.77534
1.79022
1.806
1.82225
1.83753
1.85124
1.86449
1.87997
1.89832
1.94491
1.95207
1.96261
1.97414
1.98405
1.99324
2.00347
2.01456
2.02617
2.03502
2.15792
2.15968
2.15175
2.13524
2.12408
2.12351
2.13566
2.16025
2.19437
2.2189
2.57756
2.38368
2.28262
2.22474
2.19559
2.18896
2.20415
2.24497
2.32082
2.46377
-0.356476
-0.360966
-0.321338
-0.24862
-0.156644
-0.0556315
0.88445
0.948927
0.933772
0.84651
0.768229
0.692276
0.464915
0.245083
-0.0228819
-0.377102
-0.723311
)
;

boundaryField
{
    wall-4
    {
        type            zeroGradient;
    }
    pressure-outlet-7
    {
        type            fixedValue;
        value           uniform 0;
    }
    velocity-inlet-6
    {
        type            zeroGradient;
    }
    velocity-inlet-5
    {
        type            zeroGradient;
    }
    frontAndBackPlanes
    {
        type            empty;
    }
}


// ************************************************************************* //
