/*--------------------------------*- C++ -*----------------------------------*\
  =========                 |
  \\      /  F ield         | OpenFOAM: The Open Source CFD Toolbox
   \\    /   O peration     | Website:  https://openfoam.org
    \\  /    A nd           | Version:  9
     \\/     M anipulation  |
\*---------------------------------------------------------------------------*/
FoamFile
{
    format      ascii;
    class       volScalarField;
    location    "21";
    object      p;
}
// * * * * * * * * * * * * * * * * * * * * * * * * * * * * * * * * * * * * * //

dimensions      [0 2 -2 0 0 0 0];

internalField   nonuniform List<scalar> 
8800
(
0.411874
0.364091
0.325405
0.296413
0.275549
0.260714
0.250107
0.242603
0.237731
0.235569
0.236683
0.240709
0.247207
0.256403
0.269094
0.286765
0.311497
0.345405
0.387924
0.446622
0.243121
0.2508
0.258282
0.261594
0.260094
0.255019
0.248533
0.242444
0.237682
0.234759
0.234342
0.236669
0.240993
0.246802
0.25346
0.259654
0.263236
0.262465
0.256997
0.24828
0.221518
0.227685
0.231827
0.234789
0.236853
0.237466
0.236356
0.234233
0.232161
0.231129
0.23192
0.234116
0.236742
0.238779
0.239269
0.237975
0.235553
0.232099
0.22751
0.223741
0.215714
0.218372
0.221149
0.223583
0.225246
0.226425
0.227171
0.227268
0.226904
0.22672
0.227277
0.228242
0.228885
0.228775
0.228018
0.226803
0.224883
0.222227
0.219773
0.218267
0.210342
0.211774
0.213603
0.215693
0.217533
0.218917
0.219921
0.220698
0.221251
0.221677
0.222095
0.222329
0.22219
0.22169
0.220798
0.219375
0.217526
0.21555
0.214173
0.213346
0.205305
0.206229
0.207549
0.209224
0.210962
0.212575
0.213915
0.214975
0.215856
0.216577
0.216997
0.217027
0.216696
0.21597
0.214813
0.213357
0.211801
0.210353
0.209445
0.208908
0.200516
0.201184
0.202247
0.203693
0.205247
0.206838
0.208386
0.209767
0.210917
0.211825
0.212326
0.212308
0.211809
0.210895
0.209719
0.208435
0.207119
0.205957
0.205273
0.20489
0.195936
0.19643
0.19735
0.198702
0.200187
0.201726
0.203297
0.204823
0.206184
0.207282
0.207907
0.207922
0.207408
0.206536
0.205475
0.204314
0.203123
0.202112
0.201569
0.201295
0.191677
0.192045
0.192833
0.194082
0.195508
0.196976
0.198465
0.199994
0.201513
0.202856
0.203621
0.203712
0.203347
0.202697
0.201836
0.200823
0.199764
0.198905
0.198481
0.198282
0.18768
0.187939
0.188655
0.189878
0.191301
0.192807
0.194398
0.195998
0.197569
0.199034
0.200073
0.200472
0.200338
0.19979
0.199002
0.198085
0.197105
0.196328
0.195992
0.195863
0.184161
0.184314
0.184917
0.186032
0.187339
0.18873
0.190234
0.1919
0.193672
0.195424
0.196736
0.197365
0.197457
0.197213
0.196718
0.196042
0.195256
0.194638
0.194409
0.194342
0.181111
0.181195
0.181625
0.182517
0.183641
0.184921
0.18638
0.188036
0.189885
0.191879
0.193592
0.194676
0.195194
0.195301
0.195131
0.194774
0.194313
0.193967
0.193859
0.193823
0.178059
0.178117
0.178417
0.17909
0.180045
0.181223
0.182681
0.184467
0.186597
0.189003
0.19118
0.192663
0.193547
0.194
0.19418
0.194176
0.194062
0.193981
0.193952
0.193916
0.174391
0.174449
0.174698
0.175225
0.17604
0.17714
0.178626
0.180541
0.182948
0.185829
0.188599
0.190672
0.192078
0.192978
0.193552
0.193915
0.194123
0.194228
0.194238
0.194196
0.169831
0.169894
0.170164
0.170715
0.171524
0.172726
0.174425
0.176689
0.179587
0.183118
0.186608
0.189285
0.191154
0.192474
0.193354
0.193963
0.194385
0.19458
0.194612
0.194569
0.164305
0.164354
0.164666
0.165321
0.166319
0.167769
0.16976
0.172461
0.175978
0.180343
0.184721
0.188158
0.19062
0.192322
0.193562
0.194466
0.194996
0.195233
0.195293
0.195252
0.157914
0.157954
0.158315
0.159193
0.160384
0.162168
0.164638
0.167962
0.172297
0.177692
0.183171
0.187521
0.190674
0.192915
0.19448
0.195567
0.196191
0.196495
0.196597
0.196561
0.150604
0.150636
0.151053
0.15207
0.153705
0.155852
0.158919
0.163024
0.168386
0.175086
0.181913
0.187369
0.191362
0.194205
0.196202
0.197504
0.198296
0.198705
0.198848
0.198809
0.142151
0.142177
0.142683
0.143852
0.145813
0.148599
0.152386
0.157489
0.164159
0.172495
0.180989
0.187802
0.192801
0.196361
0.198853
0.200498
0.201517
0.202063
0.202246
0.2022
0.132127
0.132169
0.132787
0.134209
0.136593
0.140027
0.144768
0.151178
0.159543
0.16994
0.18048
0.188913
0.195082
0.199528
0.20262
0.204703
0.206018
0.206724
0.206948
0.206887
0.119862
0.119914
0.120694
0.122502
0.12548
0.12981
0.135829
0.143957
0.154487
0.16745
0.180478
0.190842
0.198455
0.203896
0.207707
0.210303
0.211961
0.212838
0.21311
0.213033
0.104565
0.104638
0.10568
0.108045
0.111918
0.117509
0.12527
0.13566
0.148958
0.165098
0.181116
0.193771
0.203025
0.209654
0.214321
0.217527
0.219585
0.220655
0.220984
0.220887
0.0850834
0.0851976
0.0866392
0.0898728
0.0950948
0.102523
0.112716
0.126137
0.142973
0.162992
0.182532
0.197832
0.208995
0.217012
0.222689
0.226624
0.229173
0.230502
0.230884
0.230758
0.0596349
0.0598251
0.0619564
0.0666328
0.0739878
0.0842044
0.0978825
0.115368
0.136656
0.161306
0.184899
0.203194
0.216525
0.226149
0.233024
0.237838
0.240972
0.242589
0.243039
0.242879
0.0251859
0.0255711
0.029092
0.0364804
0.0474458
0.0620237
0.0806838
0.103513
0.130268
0.160296
0.188414
0.209997
0.225729
0.237178
0.24547
0.251372
0.255252
0.257232
0.257746
0.257536
-0.0241021
-0.0226848
-0.0155624
-0.00264744
0.0146016
0.0359038
0.0614338
0.0910257
0.124232
0.160263
0.193243
0.21831
0.236607
0.250067
0.260002
0.267244
0.272103
0.274584
0.27518
0.274895
-0.0976118
-0.0891664
-0.0727453
-0.0498
-0.0230971
0.00717461
0.0411223
0.0785235
0.118914
0.161533
0.199854
0.228839
0.250141
0.266069
0.27816
0.287338
0.293773
0.297252
0.298195
0.298063
-0.176267
-0.1571
-0.130784
-0.097466
-0.0610486
-0.0216712
0.0207845
0.0662061
0.114225
0.164215
0.208972
0.24301
0.268352
0.287674
0.302736
0.314557
0.323323
0.328604
0.330431
0.330472
-0.239773
-0.217955
-0.183554
-0.141873
-0.0969289
-0.0490916
0.00149523
0.0546693
0.110064
0.167068
0.217777
0.256314
0.285123
0.307242
0.324581
0.33821
0.348516
0.354875
0.35637
0.356615
-0.291447
-0.267625
-0.228293
-0.180623
-0.128984
-0.0741713
-0.0165077
0.0436576
0.105838
0.169328
0.225403
0.267775
0.29931
0.323418
0.342243
0.357066
0.368187
0.374931
0.376762
0.377105
-0.333922
-0.309197
-0.266348
-0.214094
-0.157191
-0.0966995
-0.0330487
0.0332376
0.101482
0.170811
0.231623
0.277206
0.310833
0.336322
0.356072
0.371527
0.382968
0.389964
0.392143
0.392487
-0.370163
-0.344918
-0.299514
-0.243576
-0.182339
-0.11707
-0.0482942
0.0233471
0.0970168
0.17161
0.23667
0.284996
0.320286
0.346749
0.367016
0.382683
0.3942
0.401223
0.403547
0.40385
-0.402104
-0.376566
-0.329189
-0.270219
-0.205352
-0.135954
-0.0626641
0.0137627
0.0923631
0.171821
0.240804
0.291662
0.328435
0.355672
0.376256
0.391979
0.403447
0.410452
0.412901
0.413187
-0.431195
-0.405388
-0.356399
-0.294855
-0.226863
-0.153859
-0.0765608
0.00420619
0.0873624
0.171426
0.244219
0.297522
0.335678
0.363637
0.384537
0.400315
0.411747
0.4187
0.421247
0.421513
-0.458286
-0.432236
-0.381854
-0.318097
-0.247377
-0.171194
-0.0903027
-0.00556937
0.0818541
0.170329
0.246856
0.302647
0.342293
0.371087
0.392388
0.40831
0.41977
0.426548
0.429105
0.429459
-0.484072
-0.457719
-0.406059
-0.340395
-0.26724
-0.188225
-0.104099
-0.0157411
0.0756677
0.168402
0.248741
0.307236
0.348577
0.378346
0.400164
0.416311
0.427819
0.4345
0.436982
0.437327
-0.508835
-0.482148
-0.429363
-0.362005
-0.286674
-0.205137
-0.118103
-0.0264255
0.0687299
0.165661
0.24994
0.311323
0.354583
0.385536
0.408036
0.424533
0.436159
0.442793
0.445133
0.445407
-0.532913
-0.505832
-0.452108
-0.38311
-0.305845
-0.222052
-0.132386
-0.0376651
0.06102
0.162031
0.250322
0.314859
0.36032
0.39272
0.416096
0.433077
0.444886
0.451491
0.453665
0.453843
-0.556351
-0.528795
-0.474278
-0.403804
-0.324821
-0.239007
-0.146977
-0.0494821
0.0524684
0.15739
0.249786
0.317771
0.365777
0.399893
0.424353
0.441956
0.45401
0.460587
0.462623
0.462657
-0.57923
-0.551266
-0.495893
-0.424129
-0.343615
-0.256011
-0.161882
-0.061906
0.0430357
0.151698
0.248234
0.319917
0.370835
0.407005
0.432781
0.451141
0.463483
0.469982
0.471858
0.471762
-0.601622
-0.573186
-0.516997
-0.444087
-0.362227
-0.273041
-0.177064
-0.0748902
0.0327613
0.144925
0.24554
0.321136
0.37533
0.413957
0.441336
0.460583
0.47322
0.479569
0.481223
0.481015
-0.623544
-0.594573
-0.537608
-0.463651
-0.380593
-0.290037
-0.192452
-0.0883595
0.0216931
0.137043
0.241607
0.321242
0.37907
0.420622
0.449988
0.470275
0.483145
0.48923
0.490595
0.490289
-0.64483
-0.615359
-0.557659
-0.482777
-0.398668
-0.306921
-0.207968
-0.102227
0.00989394
0.128087
0.23635
0.320037
0.381791
0.426804
0.458722
0.480299
0.493229
0.498774
0.499743
0.499344
-0.665426
-0.63549
-0.577118
-0.501405
-0.416387
-0.323628
-0.223515
-0.116408
-0.00253728
0.11811
0.229729
0.317348
0.383189
0.432186
0.467464
0.490922
0.503714
0.508094
0.50839
0.507931
-0.68541
-0.65493
-0.59595
-0.519494
-0.433682
-0.34007
-0.239002
-0.130785
-0.0154893
0.107198
0.221734
0.31304
0.38294
0.436284
0.475922
0.502531
0.515518
0.517682
0.516349
0.515882
-0.704602
-0.67366
-0.6141
-0.536978
-0.450491
-0.356165
-0.254329
-0.145241
-0.0288326
0.0954783
0.212414
0.307016
0.380748
0.438416
0.483312
0.51509
0.530374
0.530271
0.525111
0.523478
-0.723094
-0.691675
-0.631588
-0.553882
-0.46685
-0.371961
-0.269555
-0.159836
-0.0426368
0.0828812
0.201653
0.299039
0.376318
0.437768
0.488141
0.527272
0.548972
0.551834
0.54178
0.521781
-0.740825
-0.708979
-0.648539
-0.570394
-0.483044
-0.387783
-0.285091
-0.175057
-0.0574508
0.0687393
0.18875
0.288238
0.368884
0.433169
0.487277
0.534126
0.562427
0.562091
0.546575
0.5236
-0.757639
-0.72574
-0.664778
-0.586261
-0.498786
-0.403292
-0.300709
-0.190567
-0.072942
0.053373
0.173909
0.274412
0.358026
0.424073
0.47576
0.523577
0.551118
0.541535
0.470506
0.431662
-0.772928
-0.743021
-0.679954
-0.600915
-0.513382
-0.418022
-0.316124
-0.206151
-0.0888928
0.0369347
0.15716
0.257473
0.343
0.410903
0.453226
0.483846
0.496992
0.451213
0.376566
0.328684
-0.827149
-0.757801
-0.693767
-0.615718
-0.528226
-0.433328
-0.331402
-0.222061
-0.105628
0.019044
0.13804
0.237107
0.321213
0.395438
0.402807
0.415237
0.385103
0.32001
0.238245
0.192091
-0.788152
-0.772859
-0.71362
-0.636756
-0.549624
-0.455206
-0.354454
-0.246226
-0.131456
-0.00922982
0.10633
0.201892
0.277664
0.348194
0.351455
0.239262
0.128236
0.0510612
-0.0284908
0.0121556
-0.817604
-0.789438
-0.729829
-0.653014
-0.566314
-0.472314
-0.371547
-0.264238
-0.150938
-0.0310918
0.0809413
0.172071
0.240383
0.27859
0.23016
0.075233
-0.0659491
-0.16767
-0.280763
-0.215087
-0.840159
-0.808864
-0.748474
-0.671302
-0.584738
-0.490966
-0.390515
-0.284311
-0.172784
-0.0558364
0.0519954
0.137426
0.196267
0.205669
0.092874
-0.105042
-0.278187
-0.413151
-0.577038
-0.519415
-0.861909
-0.829147
-0.7678
-0.689914
-0.603273
-0.509723
-0.409963
-0.304977
-0.195394
-0.0816556
0.021275
0.100367
0.146735
0.117703
-0.055259
-0.285589
-0.507646
-0.707448
-0.938117
-0.93582
-0.882695
-0.849791
-0.787736
-0.709241
-0.622501
-0.529234
-0.430262
-0.326593
-0.219172
-0.108972
-0.0115192
0.0606182
0.0893945
0.0238065
-0.198325
-0.449343
-0.712065
-0.948195
-1.2453
-1.60554
-0.903582
-0.870926
-0.808504
-0.729641
-0.642799
-0.549773
-0.451514
-0.349176
-0.243997
-0.137524
-0.0457227
0.0186656
0.0312528
-0.0861541
-0.324345
-0.576421
-0.832639
-1.05139
-1.1377
-1.26987
-0.925285
-0.892888
-0.830377
-0.751405
-0.664575
-0.571876
-0.474413
-0.373563
-0.270921
-0.168628
-0.0829409
-0.027736
-0.0390764
-0.204861
-0.435367
-0.667791
-0.874192
-0.996531
-1.02097
-1.04631
-0.948133
-0.915965
-0.853477
-0.774555
-0.687894
-0.595664
-0.499207
-0.400118
-0.300408
-0.202916
-0.123889
-0.079449
-0.117843
-0.314139
-0.53591
-0.742377
-0.902609
-0.964088
-0.978661
-0.982939
-0.972309
-0.940227
-0.877829
-0.79902
-0.712641
-0.621066
-0.525819
-0.428785
-0.332416
-0.240347
-0.168448
-0.13712
-0.198149
-0.41773
-0.629846
-0.815904
-0.939933
-0.956077
-0.957767
-0.957754
-0.997727
-0.965579
-0.903379
-0.824729
-0.738749
-0.647972
-0.554138
-0.459443
-0.366801
-0.280705
-0.216632
-0.198215
-0.286579
-0.514114
-0.718315
-0.881532
-0.929397
-0.943751
-0.946376
-0.946158
-1.0241
-0.991876
-0.929978
-0.85152
-0.766037
-0.676208
-0.583987
-0.491884
-0.403373
-0.323634
-0.268266
-0.260951
-0.39046
-0.603967
-0.799537
-0.929993
-0.948327
-0.942398
-0.940465
-0.939775
-1.05082
-1.01886
-0.957168
-0.879104
-0.794224
-0.705484
-0.61505
-0.525761
-0.441729
-0.368711
-0.322378
-0.330534
-0.49422
-0.691627
-0.86281
-0.95612
-0.951716
-0.943103
-0.938044
-0.935967
-1.07752
-1.04594
-0.984559
-0.907031
-0.822872
-0.735338
-0.646847
-0.560548
-0.481197
-0.415381
-0.377529
-0.404987
-0.593333
-0.783241
-0.898499
-0.939239
-0.943438
-0.934246
-0.9265
-0.925221
-1.10326
-1.07225
-1.01156
-0.934696
-0.851358
-0.765155
-0.678692
-0.595503
-0.520793
-0.462658
-0.43305
-0.478307
-0.686901
-0.892785
-0.922833
-0.871122
-0.939931
-0.971475
-0.979485
-0.976837
-1.12707
-1.09675
-1.03755
-0.961282
-0.878928
-0.794095
-0.70967
-0.629576
-0.559303
-0.508808
-0.488693
-0.554554
-0.787218
-1.03544
-1.32645
-1.33438
-1.22328
-1.20156
-1.19543
-1.18223
-1.14763
-1.11866
-1.06082
-0.98581
-0.904603
-0.821158
-0.738643
-0.661342
-0.595304
-0.551429
-0.544043
-0.628086
-0.913584
-1.16606
-1.38553
-1.41685
-1.41934
-1.45091
-1.43062
-1.42252
-1.1636
-1.13645
-1.08065
-1.00707
-0.927152
-0.845124
-0.76433
-0.689099
-0.626761
-0.588002
-0.594873
-0.688047
-1.00732
-1.02739
-0.694884
-0.829965
-1.27688
-1.46908
-1.47571
-1.48004
-1.1736
-1.14889
-1.09569
-1.02387
-0.945347
-0.864674
-0.785122
-0.711133
-0.650521
-0.61608
-0.633951
-0.754303
-1.11653
-1.4563
-1.65812
-2.07252
-2.14605
-1.89316
-1.68715
-1.67987
-1.17605
-1.15462
-1.10475
-1.03511
-0.958041
-0.878468
-0.799549
-0.725609
-0.663862
-0.62994
-0.649513
-0.816033
-1.34721
-2.2316
-3.16771
-3.68415
-3.68539
-3.27119
-2.79821
-2.56376
-1.17034
-1.15256
-1.10683
-1.03992
-0.964325
-0.885548
-0.806382
-0.730713
-0.664949
-0.621342
-0.632068
-0.770445
-1.27952
-1.95884
-2.69322
-3.08877
-3.0599
-2.76852
-2.43934
-2.28304
-1.15541
-1.14115
-1.10121
-1.03798
-0.963876
-0.885457
-0.805132
-0.725945
-0.651775
-0.590529
-0.563552
-0.550304
-0.69261
-0.771197
-0.778424
-0.650203
-0.392673
-0.136585
0.0550648
0.144095
-1.13226
-1.12194
-1.08815
-1.02947
-0.956955
-0.878525
-0.796542
-0.712282
-0.626672
-0.54169
-0.451142
-0.34983
-0.0957899
0.340918
0.848839
1.36084
1.75958
2.0139
2.14112
2.17807
-1.1031
-1.09663
-1.06966
-1.01573
-0.944521
-0.866035
-0.782395
-0.69391
-0.599143
-0.490159
-0.369141
-0.229686
0.0687344
0.645459
1.30517
1.89904
2.33763
2.59545
2.71492
2.75191
-1.07076
-1.06735
-1.04804
-0.998047
-0.92787
-0.849597
-0.765646
-0.675735
-0.576014
-0.458208
-0.328872
-0.18169
0.014089
0.455412
1.025
1.51725
1.88257
2.09686
2.20234
2.23933
-1.03654
-1.03532
-1.02196
-0.976302
-0.907197
-0.829415
-0.747784
-0.660489
-0.563379
-0.448902
-0.325263
-0.208846
-0.0965274
0.133729
0.513876
0.853851
1.11541
1.27659
1.35752
1.38388
-0.983867
-0.984893
-0.975841
-0.936878
-0.873602
-0.801657
-0.727405
-0.648299
-0.559511
-0.453473
-0.341329
-0.255695
-0.188883
-0.0642684
0.197895
0.435566
0.611901
0.72216
0.781871
0.795912
-0.898983
-0.899371
-0.892805
-0.865204
-0.817943
-0.762149
-0.702495
-0.636714
-0.558564
-0.461243
-0.356479
-0.28148
-0.244447
-0.163063
0.0209198
0.172415
0.280441
0.343945
0.372594
0.379724
-0.803988
-0.803118
-0.798018
-0.782618
-0.754165
-0.717875
-0.676193
-0.626532
-0.561875
-0.4724
-0.370344
-0.291012
-0.251443
-0.194951
-0.088046
0.00324756
0.0661603
0.101242
0.116905
0.119178
-0.734214
-0.732625
-0.729101
-0.721593
-0.706173
-0.685511
-0.659538
-0.625798
-0.5753
-0.494782
-0.38767
-0.288815
-0.21655
-0.170221
-0.121967
-0.0799573
-0.0522527
-0.033624
-0.024562
-0.0242513
-0.703444
-0.702014
-0.699676
-0.695712
-0.688187
-0.677292
-0.663806
-0.64586
-0.615283
-0.550334
-0.442964
-0.3203
-0.222035
-0.178887
-0.162423
-0.141159
-0.118985
-0.103626
-0.0955147
-0.0963266
-0.703058
-0.702262
-0.70126
-0.699938
-0.697811
-0.695966
-0.696429
-0.700125
-0.702256
-0.683573
-0.596027
-0.450732
-0.329686
-0.284687
-0.263859
-0.227659
-0.188834
-0.159062
-0.145103
-0.146598
-0.718432
-0.718495
-0.719373
-0.721492
-0.726028
-0.736003
-0.75655
-0.795743
-0.862112
-0.942865
-0.914296
-0.722641
-0.553383
-0.496293
-0.435574
-0.355743
-0.280566
-0.227222
-0.205229
-0.209133
-0.734387
-0.735591
-0.738812
-0.745042
-0.757665
-0.782501
-0.830142
-0.922276
-1.09831
-1.35358
-1.42911
-1.15068
-0.867904
-0.736968
-0.624578
-0.497037
-0.386938
-0.313883
-0.292935
-0.297186
-0.734107
-0.736517
-0.741824
-0.751141
-0.772096
-0.811863
-0.887978
-1.03982
-1.34881
-1.8405
-2.05113
-1.68718
-1.25228
-1.0179
-0.847216
-0.676299
-0.541922
-0.467631
-0.455153
-0.459736
-0.702233
-0.705221
-0.71151
-0.724093
-0.749403
-0.798359
-0.893631
-1.07691
-1.47303
-2.08111
-2.41153
-2.02947
-1.51976
-1.24754
-1.0403
-0.873477
-0.774171
-0.729299
-0.717065
-0.717875
-0.632118
-0.635001
-0.641041
-0.653184
-0.677632
-0.724681
-0.815949
-1.00202
-1.3815
-1.96505
-2.20822
-1.87466
-1.51536
-1.29498
-1.11
-1.02216
-0.993214
-0.975844
-0.957465
-0.950802
-0.529373
-0.531506
-0.535997
-0.545126
-0.563947
-0.600331
-0.670986
-0.814689
-1.10753
-1.5504
-1.7196
-1.51883
-1.30426
-1.11661
-1.01239
-0.987409
-1.00801
-1.00422
-0.991687
-0.984915
-0.409541
-0.410621
-0.412995
-0.418111
-0.429218
-0.451046
-0.493491
-0.579181
-0.754437
-1.03358
-1.16032
-1.06766
-0.919827
-0.800586
-0.76719
-0.808251
-0.836354
-0.839219
-0.83521
-0.831919
-0.291071
-0.291206
-0.291758
-0.293365
-0.297609
-0.306446
-0.323851
-0.358837
-0.430256
-0.557328
-0.627104
-0.565383
-0.49579
-0.478232
-0.535924
-0.58999
-0.611039
-0.61537
-0.616061
-0.615208
-0.188425
-0.187971
-0.187424
-0.186887
-0.18675
-0.187184
-0.188625
-0.192131
-0.199166
-0.201625
-0.193674
-0.188413
-0.202205
-0.275233
-0.346337
-0.386343
-0.401717
-0.408559
-0.411345
-0.411798
-0.108753
-0.108081
-0.107151
-0.105834
-0.103857
-0.100566
-0.0950578
-0.0858704
-0.0704114
-0.0447544
-0.0168717
-0.0199437
-0.0828758
-0.153281
-0.203919
-0.231533
-0.244314
-0.250406
-0.253867
-0.254859
-0.0525572
-0.051917
-0.051057
-0.0498272
-0.0476917
-0.0437897
-0.0370544
-0.0259847
-0.00885296
0.0140651
0.028024
0.0139923
-0.0322536
-0.0803813
-0.113926
-0.132925
-0.141628
-0.146276
-0.149073
-0.149989
-0.0163267
-0.015831
-0.015221
-0.0144175
-0.0128711
-0.0097895
-0.00436178
0.00435524
0.0168861
0.0309118
0.0342759
0.0184514
-0.0118253
-0.0415162
-0.0625136
-0.074545
-0.0805282
-0.0836613
-0.0855208
-0.0861425
0.00485464
0.00519102
0.00555037
0.0058933
0.00672795
0.00866049
0.0122208
0.0178537
0.0253832
0.0322476
0.0303533
0.0168004
-0.00279723
-0.0208956
-0.0337749
-0.0413404
-0.0452073
-0.0472141
-0.0483562
-0.0487323
0.0156017
0.0158086
0.0159723
0.015985
0.0162546
0.0172124
0.0191784
0.0223132
0.0261948
0.0286812
0.0249017
0.0144973
0.00177376
-0.00940781
-0.0173824
-0.0222159
-0.0247778
-0.026085
-0.0267828
-0.0270053
0.0195472
0.0196636
0.0197004
0.0195201
0.0194413
0.019729
0.0205818
0.0220172
0.0236099
0.0238082
0.0198616
0.0122956
0.00399376
-0.00304515
-0.00808201
-0.0112327
-0.0129642
-0.0138347
-0.0142708
-0.0144054
0.019268
0.0193282
0.0192986
0.0190464
0.0187882
0.0186973
0.0188927
0.0193395
0.0196913
0.0188986
0.0154858
0.0101582
0.00472945
0.000239544
-0.00298987
-0.00506741
-0.00624618
-0.00683296
-0.00710419
-0.00718664
0.0164618
0.0164902
0.0164358
0.0161822
0.0158688
0.0156132
0.0154864
0.0154448
0.0152405
0.0142034
0.0115733
0.00796472
0.0044678
0.00162209
-0.000437896
-0.00179476
-0.0025828
-0.00296766
-0.00313625
-0.00318903
0.0121838
0.0121956
0.0121397
0.0119228
0.0116359
0.011361
0.0111419
0.0109428
0.0106029
0.00972408
0.00793467
0.00567055
0.00354702
0.00183443
0.000583747
-0.000259787
-0.000761945
-0.00100561
-0.00110932
-0.00113931
0.00706204
0.00706539
0.00702229
0.00686884
0.00666708
0.00647475
0.00630983
0.00614959
0.00590763
0.00538393
0.00441686
0.00324874
0.00217539
0.00131361
0.000677942
0.000237455
-3.29674e-05
-0.000163708
-0.000220546
-0.000239192
0.00148202
0.00149075
0.00153845
0.00158022
0.00155069
0.00149232
0.00142892
0.00136602
0.00128972
0.0011714
0.000970832
0.00070211
0.000440998
0.000220467
5.16244e-05
-6.56543e-05
-0.000121764
-0.000103665
-5.83671e-05
-3.56323e-05
-0.666917
-0.456661
-0.217491
-0.0185648
0.142693
0.272198
0.381102
0.472893
0.514337
0.491783
-0.288982
-0.14313
0.00985679
0.141943
0.253985
0.347663
0.423751
0.47796
0.505939
0.517446
-0.0273062
0.0703384
0.17334
0.264862
0.343786
0.409981
0.462592
0.501024
0.528237
0.545577
0.158165
0.225594
0.297815
0.363482
0.420563
0.468918
0.508424
0.539652
0.564549
0.582438
0.299232
0.348099
0.400142
0.449473
0.492936
0.530669
0.562716
0.5891
0.610795
0.628387
0.413329
0.449822
0.491599
0.530758
0.566434
0.598182
0.625725
0.648668
0.667383
0.684621
0.511913
0.542665
0.579216
0.613535
0.645398
0.674165
0.699176
0.719828
0.735927
0.752979
0.604234
0.634734
0.670327
0.70373
0.734522
0.762125
0.785807
0.804902
0.818692
0.835747
0.701882
0.735804
0.773438
0.807884
0.838684
0.865519
0.887999
0.905672
0.91784
0.93528
0.818404
0.856476
0.895765
0.9306
0.960417
0.985566
1.00627
1.02242
1.03409
1.0522
0.96432
1.00319
1.03948
1.07047
1.09643
1.11877
1.13803
1.15372
1.16628
1.18431
1.1396
1.17161
1.19799
1.22058
1.24072
1.25959
1.27742
1.29399
1.30942
1.32752
1.32853
1.34588
1.36111
1.37747
1.39347
1.40808
1.42136
1.43534
1.45294
1.47312
1.51067
1.52011
1.53171
1.54256
1.55188
1.56154
1.57242
1.58384
1.59523
1.6106
1.71785
1.72156
1.70663
1.69185
1.68564
1.69137
1.70987
1.74021
1.77242
1.79908
2.0242
1.88934
1.81275
1.77048
1.75308
1.75705
1.78449
1.8409
1.94353
2.16791
0.30247
0.300344
0.295859
0.287237
0.275018
0.262892
0.25266
0.244748
0.23909
0.235754
0.235256
0.237813
0.242748
0.249832
0.259111
0.270567
0.283154
0.294143
0.300236
0.303271
0.226913
0.232761
0.239105
0.243607
0.246085
0.245768
0.243035
0.239217
0.235665
0.233309
0.233007
0.235019
0.238507
0.242641
0.246321
0.248107
0.247097
0.243555
0.238346
0.231708
0.218491
0.220788
0.224206
0.227224
0.22932
0.230831
0.231592
0.231261
0.230192
0.229213
0.22922
0.230437
0.232053
0.233185
0.233218
0.232208
0.230559
0.22814
0.224819
0.221873
0.212979
0.214064
0.215923
0.218345
0.220414
0.22188
0.222921
0.223666
0.224024
0.224138
0.224439
0.225007
0.22537
0.225224
0.224627
0.223614
0.222003
0.219796
0.21762
0.216209
0.20779
0.208446
0.209592
0.211372
0.213231
0.214932
0.216275
0.217295
0.218128
0.218805
0.219319
0.219575
0.219484
0.21906
0.218253
0.216975
0.215347
0.213627
0.212186
0.211378
0.202886
0.203333
0.20417
0.205586
0.207207
0.208847
0.210413
0.211769
0.212881
0.213802
0.214457
0.214684
0.214474
0.21384
0.212797
0.211492
0.210075
0.208692
0.207613
0.207069
0.19819
0.19851
0.199178
0.200407
0.201882
0.203424
0.205008
0.206549
0.207921
0.209047
0.209846
0.210134
0.209861
0.209121
0.208075
0.206888
0.20566
0.204464
0.203588
0.203191
0.19377
0.193997
0.194545
0.195662
0.197073
0.198557
0.200066
0.201612
0.203145
0.204525
0.205517
0.205854
0.205595
0.204944
0.204073
0.20305
0.20193
0.200859
0.20013
0.199837
0.189637
0.189793
0.190247
0.191268
0.192624
0.19408
0.195588
0.197115
0.198632
0.200108
0.201296
0.201868
0.20187
0.201462
0.200748
0.199844
0.198839
0.197891
0.197286
0.197073
0.185845
0.185929
0.186306
0.187278
0.188608
0.190038
0.191568
0.193202
0.194907
0.196577
0.198007
0.198846
0.199026
0.198745
0.198162
0.197409
0.19653
0.195672
0.195162
0.195026
0.182602
0.182635
0.182903
0.183688
0.184825
0.186082
0.187461
0.188988
0.190693
0.192545
0.194288
0.195483
0.196052
0.196187
0.195998
0.195571
0.194995
0.194402
0.194079
0.19401
0.17963
0.179639
0.179821
0.180396
0.181331
0.182476
0.183826
0.185429
0.187296
0.189394
0.191522
0.193152
0.194106
0.194529
0.194639
0.194529
0.194288
0.19402
0.193894
0.193859
0.176327
0.176342
0.176491
0.176904
0.177631
0.178628
0.179894
0.181516
0.183557
0.186013
0.188637
0.190798
0.192231
0.193148
0.193632
0.193924
0.194049
0.194099
0.194113
0.19409
0.172233
0.172246
0.172394
0.172767
0.173416
0.174382
0.175728
0.177535
0.17988
0.182801
0.186054
0.18886
0.190843
0.192165
0.193073
0.193677
0.194092
0.194347
0.194429
0.194413
0.167186
0.167189
0.167351
0.167792
0.168534
0.169623
0.17118
0.173303
0.176129
0.179693
0.183732
0.187285
0.189848
0.191652
0.192935
0.193762
0.194408
0.19478
0.194903
0.194902
0.161222
0.161207
0.161389
0.161917
0.162849
0.16417
0.166055
0.168652
0.172086
0.17647
0.181499
0.185989
0.189288
0.191641
0.193289
0.194494
0.195273
0.195689
0.19585
0.195866
0.154385
0.154354
0.15455
0.155201
0.156358
0.158091
0.160375
0.16358
0.16782
0.173243
0.179494
0.185131
0.189309
0.192305
0.194425
0.195904
0.196832
0.197357
0.197587
0.197622
0.146536
0.146489
0.146732
0.14749
0.148892
0.15105
0.153963
0.157884
0.163135
0.169868
0.177646
0.184678
0.189924
0.19371
0.196378
0.198213
0.199386
0.200074
0.200385
0.200433
0.137366
0.137309
0.137605
0.138546
0.140249
0.142836
0.146434
0.151372
0.157945
0.166343
0.176016
0.18475
0.191277
0.195975
0.199319
0.201608
0.203113
0.204018
0.204419
0.204475
0.126274
0.126204
0.126602
0.127788
0.129882
0.133063
0.1376
0.14384
0.152112
0.162625
0.174645
0.185439
0.193466
0.1993
0.203416
0.206262
0.208167
0.209325
0.209825
0.209892
0.112579
0.112497
0.113048
0.11457
0.117235
0.121288
0.127082
0.135039
0.145529
0.158719
0.173617
0.186876
0.196722
0.203839
0.208879
0.212384
0.214755
0.216201
0.216819
0.216897
0.0953117
0.0952204
0.0960052
0.0980538
0.101567
0.106891
0.114464
0.124762
0.138143
0.154679
0.173049
0.189213
0.201148
0.209778
0.215912
0.220202
0.223123
0.224903
0.225661
0.225746
0.0730119
0.0729217
0.0740988
0.0769897
0.0818437
0.0891192
0.0992838
0.112805
0.129946
0.15062
0.173102
0.192613
0.206941
0.217315
0.224729
0.229958
0.233546
0.235728
0.236638
0.236736
0.0433807
0.0433401
0.0452298
0.049594
0.0567102
0.0670806
0.0810972
0.0990702
0.121061
0.146748
0.173975
0.197241
0.214243
0.226592
0.235497
0.241852
0.246257
0.24893
0.250025
0.250128
0.00224803
0.00241594
0.00589831
0.0133163
0.0245887
0.0400715
0.0598044
0.0837926
0.111832
0.143382
0.1759
0.20324
0.223134
0.237665
0.24828
0.25599
0.261436
0.264728
0.266021
0.266118
-0.0581777
-0.0567016
-0.0482824
-0.0343404
-0.0153725
0.00826658
0.0360091
0.0676474
0.102831
0.140926
0.179089
0.210669
0.23357
0.250405
0.262896
0.272178
0.278867
0.28296
0.284518
0.284619
-0.130465
-0.128067
-0.112227
-0.0879308
-0.0583801
-0.0252318
0.0112936
0.0511418
0.0940495
0.13946
0.184309
0.221332
0.248425
0.268686
0.284065
0.295824
0.304607
0.30987
0.311504
0.311837
-0.204837
-0.197118
-0.17377
-0.139464
-0.100228
-0.0578792
-0.0126469
0.0353949
0.0860313
0.138801
0.190453
0.233025
0.264345
0.288054
0.306412
0.320768
0.331735
0.337926
0.340701
0.341468
-0.263363
-0.254034
-0.225864
-0.184838
-0.138117
-0.0880485
-0.0351145
0.0204764
0.0783824
0.138081
0.196033
0.243559
0.278464
0.304881
0.325329
0.34132
0.353518
0.361065
0.364867
0.365832
-0.310869
-0.300997
-0.269379
-0.223566
-0.171177
-0.114985
-0.0556374
0.00649895
0.0709221
0.13694
0.200582
0.252397
0.290185
0.318596
0.340463
0.357528
0.370577
0.379045
0.383204
0.384229
-0.350407
-0.340399
-0.306636
-0.257067
-0.200156
-0.138981
-0.0742587
-0.00648343
0.063675
0.135363
0.204101
0.259645
0.299765
0.329628
0.352398
0.370008
0.383396
0.39226
0.396541
0.397636
-0.384741
-0.374715
-0.339348
-0.286796
-0.226162
-0.160785
-0.091437
-0.0187203
0.0565652
0.133387
0.206789
0.265675
0.307812
0.338843
0.362221
0.38007
0.393504
0.402473
0.406716
0.407886
-0.415425
-0.405426
-0.368853
-0.313819
-0.250089
-0.181099
-0.107678
-0.0305517
0.0493989
0.130971
0.208759
0.270849
0.314893
0.346951
0.370807
0.388831
0.402283
0.411277
0.415538
0.416617
-0.443663
-0.433658
-0.396087
-0.338944
-0.272559
-0.200407
-0.123398
-0.0422925
0.0419473
0.12801
0.210039
0.275253
0.321177
0.354297
0.378689
0.396939
0.410453
0.419435
0.423732
0.424628
-0.470217
-0.460176
-0.421733
-0.362786
-0.294042
-0.219105
-0.138893
-0.054177
0.0340308
0.124341
0.210513
0.278931
0.326897
0.361241
0.38629
0.404842
0.418457
0.42743
0.431712
0.432516
-0.495551
-0.485473
-0.446245
-0.385713
-0.314857
-0.23743
-0.154352
-0.0663706
0.0255024
0.11986
0.210199
0.282032
0.332241
0.367977
0.393842
0.412826
0.426634
0.43562
0.439864
0.440644
-0.520074
-0.509868
-0.46982
-0.407959
-0.3352
-0.255567
-0.169917
-0.0789674
0.0163103
0.114561
0.209074
0.284482
0.337207
0.374588
0.401471
0.421041
0.435144
0.444196
0.448323
0.449091
-0.543949
-0.533541
-0.492828
-0.429661
-0.35521
-0.273607
-0.185641
-0.0919964
0.006427
0.10837
0.207001
0.286184
0.341742
0.381082
0.409209
0.429527
0.444021
0.45317
0.457186
0.457911
-0.567207
-0.556603
-0.515299
-0.450879
-0.374931
-0.29157
-0.201544
-0.10548
-0.0041974
0.101189
0.203894
0.287052
0.345755
0.387387
0.417031
0.438276
0.453258
0.462523
0.466406
0.467019
-0.589986
-0.579126
-0.537162
-0.471653
-0.39438
-0.309464
-0.217619
-0.119411
-0.0155565
0.0930324
0.199683
0.286933
0.349115
0.393412
0.42489
0.447254
0.462795
0.472158
0.475868
0.476341
-0.612196
-0.601087
-0.558505
-0.491989
-0.413529
-0.327246
-0.233805
-0.133724
-0.0275866
0.0839088
0.194293
0.285678
0.351621
0.399016
0.43272
0.456431
0.472574
0.481955
0.485424
0.485731
-0.633853
-0.622485
-0.579277
-0.511852
-0.432333
-0.344857
-0.250037
-0.148332
-0.0402148
0.0738437
0.187687
0.283144
0.353046
0.403977
0.440428
0.465831
0.482596
0.491799
0.494872
0.494997
-0.654815
-0.643246
-0.599424
-0.531185
-0.450733
-0.362219
-0.266237
-0.163154
-0.0533613
0.0629167
0.179857
0.279204
0.353158
0.408014
0.447864
0.475544
0.493008
0.501646
0.504
0.503895
-0.675168
-0.663319
-0.61892
-0.549955
-0.468686
-0.379282
-0.282308
-0.1781
-0.0669179
0.0512309
0.170838
0.273767
0.35171
0.41074
0.454707
0.485669
0.504334
0.51184
0.512658
0.512143
-0.694786
-0.682662
-0.637737
-0.568106
-0.486108
-0.395958
-0.298164
-0.193043
-0.0807601
0.0388746
0.160709
0.266787
0.348507
0.41169
0.460349
0.496011
0.517462
0.523895
0.52153
0.519406
-0.71369
-0.701337
-0.655823
-0.585587
-0.50296
-0.412181
-0.31372
-0.207895
-0.094768
0.0260055
0.149588
0.258248
0.343416
0.410406
0.463781
0.505527
0.5326
0.541032
0.535263
0.524067
-0.731816
-0.719283
-0.673287
-0.602544
-0.519447
-0.428231
-0.329315
-0.223069
-0.109413
0.0120833
0.136878
0.247496
0.335775
0.406216
0.46345
0.511951
0.547524
0.562153
0.5578
0.547267
-0.749132
-0.736396
-0.690138
-0.618939
-0.535558
-0.444109
-0.344924
-0.238572
-0.124718
-0.00297338
0.122448
0.234262
0.324998
0.398508
0.456968
0.509219
0.54907
0.567545
0.539422
0.4798
-0.765407
-0.751949
-0.706286
-0.634741
-0.551426
-0.459938
-0.360587
-0.254281
-0.140606
-0.0190692
0.106304
0.218484
0.310373
0.387069
0.443698
0.486631
0.524419
0.523732
0.468002
0.398067
-0.780866
-0.767016
-0.72156
-0.649417
-0.566729
-0.475254
-0.376508
-0.270131
-0.156924
-0.0360182
0.0885168
0.2001
0.291106
0.373058
0.424501
0.47487
0.454865
0.421685
0.350742
0.276618
-0.766161
-0.748407
-0.700899
-0.625725
-0.538422
-0.443564
-0.339908
-0.230922
-0.115002
0.00893946
0.127064
0.225358
0.307446
0.3922
0.454765
0.369013
0.324344
0.260867
0.182982
0.130682
-0.790137
-0.773098
-0.738767
-0.672644
-0.590272
-0.499447
-0.400765
-0.29528
-0.183267
-0.0642067
0.0576097
0.166275
0.252981
0.329414
0.398843
0.402248
0.280878
0.192138
0.125648
0.0344315
-0.808877
-0.793284
-0.752858
-0.685382
-0.602805
-0.512602
-0.415175
-0.310765
-0.200008
-0.0827798
0.0367082
0.142491
0.225793
0.289659
0.315424
0.245104
0.0906488
-0.0151377
-0.0983966
-0.196914
-0.828027
-0.815836
-0.770818
-0.702064
-0.619454
-0.529207
-0.431972
-0.328107
-0.218544
-0.10324
0.0129152
0.113747
0.19034
0.238801
0.214529
0.0748695
-0.0970107
-0.229365
-0.344235
-0.499115
-0.850145
-0.837392
-0.790549
-0.720743
-0.637964
-0.547748
-0.450772
-0.347707
-0.239535
-0.126516
-0.0141888
0.0811198
0.150066
0.180563
0.115451
-0.0901327
-0.299703
-0.474659
-0.642414
-0.873867
-0.871092
-0.858606
-0.810784
-0.739915
-0.656783
-0.566667
-0.47019
-0.36816
-0.261615
-0.151232
-0.0431194
0.0461849
0.106624
0.110848
-0.0115831
-0.247491
-0.496839
-0.741619
-0.947853
-1.42516
-0.891678
-0.879736
-0.831602
-0.759961
-0.676562
-0.586506
-0.490537
-0.389548
-0.284739
-0.177219
-0.0736601
0.00900841
0.0601607
0.0257047
-0.145028
-0.38792
-0.65101
-0.911585
-1.13994
-1.53084
-0.912848
-0.901336
-0.853162
-0.7811
-0.697546
-0.60755
-0.512054
-0.412085
-0.30907
-0.204574
-0.10581
-0.0301968
0.00958598
-0.0550329
-0.266889
-0.502622
-0.745653
-0.958867
-1.04999
-1.08838
-0.935142
-0.923891
-0.875762
-0.803573
-0.720048
-0.63026
-0.535381
-0.436646
-0.33574
-0.234753
-0.141405
-0.0736284
-0.0490105
-0.137863
-0.377519
-0.600019
-0.800697
-0.945908
-0.984304
-1.00075
-0.958593
-0.947657
-0.899545
-0.827343
-0.743955
-0.65453
-0.560455
-0.463187
-0.364742
-0.267778
-0.180493
-0.121102
-0.112649
-0.243935
-0.47763
-0.686114
-0.861596
-0.945017
-0.966972
-0.968522
-0.983405
-0.972547
-0.924581
-0.852359
-0.769195
-0.680283
-0.587187
-0.491638
-0.395993
-0.303494
-0.223025
-0.171986
-0.191208
-0.351506
-0.572026
-0.768929
-0.906749
-0.955915
-0.951372
-0.951857
-1.00934
-0.998552
-0.950822
-0.878531
-0.795654
-0.707379
-0.615447
-0.521841
-0.429325
-0.34173
-0.268719
-0.226134
-0.273208
-0.454334
-0.660802
-0.845635
-0.927357
-0.941314
-0.942608
-0.942744
-1.03603
-1.02535
-0.977587
-0.90562
-0.823118
-0.7356
-0.645
-0.553548
-0.464462
-0.382202
-0.316946
-0.284278
-0.353611
-0.554009
-0.740627
-0.904559
-0.943964
-0.941363
-0.940611
-0.938853
-1.06289
-1.05254
-1.00483
-0.93328
-0.851225
-0.764585
-0.675453
-0.586352
-0.500898
-0.424401
-0.366995
-0.345163
-0.431012
-0.652619
-0.811165
-0.941124
-0.989379
-0.954109
-0.935662
-0.93193
-1.08933
-1.07927
-1.03213
-0.960835
-0.87946
-0.793802
-0.706268
-0.619657
-0.53793
-0.467459
-0.418347
-0.405281
-0.516186
-0.752051
-0.883319
-0.885187
-0.908227
-0.932647
-0.938823
-0.936963
-1.11448
-1.10475
-1.05832
-0.987818
-0.907096
-0.822553
-0.736683
-0.652598
-0.574636
-0.510041
-0.469977
-0.464047
-0.610234
-0.849933
-1.02863
-0.988336
-1.02265
-1.04805
-1.06028
-1.0595
-1.13711
-1.12792
-1.08246
-1.01303
-0.933315
-0.849924
-0.765747
-0.68404
-0.609799
-0.550463
-0.520106
-0.521213
-0.718654
-0.969755
-1.30772
-1.66942
-1.4069
-1.36295
-1.35269
-1.33179
-1.15609
-1.14753
-1.10356
-1.03535
-0.956989
-0.874867
-0.79225
-0.712656
-0.641618
-0.586963
-0.565198
-0.578097
-0.825385
-1.06999
-1.07834
-0.897851
-1.16726
-1.46508
-1.46989
-1.46408
-1.16987
-1.16205
-1.12023
-1.05378
-0.976842
-0.896089
-0.814915
-0.736919
-0.667837
-0.617214
-0.601259
-0.633311
-0.895514
-1.09569
-1.02181
-0.925602
-1.24346
-1.48736
-1.49101
-1.49897
-1.17717
-1.1702
-1.13113
-1.067
-0.991736
-0.912311
-0.832277
-0.755123
-0.686427
-0.637113
-0.625026
-0.679155
-0.991568
-1.55019
-2.28676
-2.87725
-3.15151
-2.91283
-2.45133
-2.12532
-1.17581
-1.16996
-1.13561
-1.07399
-1.0006
-0.922445
-0.843027
-0.765615
-0.695531
-0.642218
-0.627751
-0.683165
-1.05742
-1.80507
-2.79996
-3.44268
-3.66634
-3.48565
-3.12027
-2.84302
-1.16544
-1.16128
-1.13232
-1.07418
-1.00269
-0.925782
-0.846377
-0.767422
-0.693103
-0.631041
-0.598356
-0.623369
-0.841499
-1.22147
-1.63709
-1.97153
-1.98115
-1.74814
-1.44992
-1.21957
-1.14601
-1.14292
-1.12021
-1.06763
-0.99824
-0.922299
-0.842258
-0.760533
-0.679651
-0.602568
-0.532109
-0.489296
-0.399231
-0.270287
0.00236765
0.35787
0.724855
1.04706
1.25665
1.36037
-1.1192
-1.11717
-1.10095
-1.0548
-0.988077
-0.91257
-0.831749
-0.747024
-0.658595
-0.563374
-0.465555
-0.351091
-0.151436
0.302465
0.90513
1.51799
2.03687
2.38947
2.58312
2.65452
-1.08785
-1.08672
-1.07583
-1.03766
-0.97348
-0.898036
-0.816834
-0.729997
-0.636404
-0.531887
-0.410685
-0.268705
-0.108637
0.288629
0.904755
1.51723
2.01221
2.33994
2.51142
2.57506
-1.05443
-1.05402
-1.04809
-1.01602
-0.954842
-0.879469
-0.798874
-0.712982
-0.619607
-0.513111
-0.387574
-0.257274
-0.113602
0.0978274
0.538348
0.9913
1.36078
1.61683
1.76593
1.83851
-1.01447
-1.01442
-1.01212
-0.986736
-0.92861
-0.855192
-0.777824
-0.696982
-0.609042
-0.507924
-0.39219
-0.281883
-0.189515
-0.0915366
0.17071
0.474078
0.725884
0.898413
0.997552
1.05062
-0.944613
-0.94571
-0.944445
-0.925373
-0.878188
-0.816247
-0.750059
-0.680377
-0.603036
-0.510749
-0.402166
-0.303331
-0.241009
-0.200266
-0.0116922
0.200926
0.365834
0.479302
0.540431
0.56422
-0.849966
-0.850582
-0.848434
-0.835999
-0.805764
-0.763119
-0.71477
-0.660818
-0.59772
-0.517439
-0.414685
-0.3208
-0.266805
-0.239173
-0.112039
0.0224917
0.123712
0.187322
0.219666
0.232279
-0.764303
-0.764119
-0.761592
-0.754351
-0.738825
-0.713773
-0.68297
-0.64566
-0.597558
-0.529462
-0.429261
-0.327989
-0.256665
-0.215551
-0.143537
-0.0774169
-0.0238081
0.0118307
0.0303336
0.0366117
-0.714171
-0.713524
-0.7112
-0.707452
-0.699701
-0.686252
-0.668863
-0.646505
-0.613694
-0.557436
-0.465828
-0.350477
-0.246768
-0.184593
-0.151027
-0.12212
-0.0989036
-0.0806248
-0.069675
-0.0661898
-0.700542
-0.699955
-0.69846
-0.69642
-0.692697
-0.686807
-0.68004
-0.672863
-0.661273
-0.630348
-0.56263
-0.43862
-0.30747
-0.232822
-0.2144
-0.192246
-0.164372
-0.138764
-0.122734
-0.117694
-0.709836
-0.709448
-0.709125
-0.709202
-0.709717
-0.711681
-0.717872
-0.732101
-0.75708
-0.78652
-0.779814
-0.657285
-0.489461
-0.399361
-0.372368
-0.317512
-0.260272
-0.210492
-0.180208
-0.174738
-0.727431
-0.727567
-0.728801
-0.731696
-0.737609
-0.749685
-0.773711
-0.82
-0.906986
-1.05257
-1.17529
-1.04618
-0.793437
-0.642322
-0.572908
-0.475673
-0.373692
-0.293692
-0.249021
-0.245226
-0.737103
-0.737865
-0.740965
-0.746816
-0.758569
-0.782056
-0.827034
-0.914016
-1.08826
-1.40778
-1.74028
-1.61665
-1.21405
-0.940547
-0.804214
-0.656614
-0.514287
-0.409228
-0.363247
-0.363347
-0.722359
-0.723796
-0.727971
-0.73626
-0.75277
-0.785397
-0.84812
-0.97097
-1.22469
-1.70812
-2.23807
-2.162
-1.64495
-1.25798
-1.05953
-0.857233
-0.706131
-0.610402
-0.578885
-0.577156
-0.671243
-0.673072
-0.677575
-0.686526
-0.704621
-0.740233
-0.808476
-0.943014
-1.22288
-1.75304
-2.31139
-2.23979
-1.74891
-1.40546
-1.19116
-1.01768
-0.925039
-0.881874
-0.860947
-0.850865
-0.583323
-0.585034
-0.588799
-0.596422
-0.612001
-0.642735
-0.7017
-0.818713
-1.06171
-1.51628
-1.95356
-1.87128
-1.55696
-1.32783
-1.13814
-1.05116
-1.02681
-1.02837
-1.01249
-0.999189
-0.469819
-0.471079
-0.473428
-0.478363
-0.488823
-0.509845
-0.550373
-0.630554
-0.795956
-1.10967
-1.41762
-1.39074
-1.21985
-1.04595
-0.926563
-0.892748
-0.927552
-0.93988
-0.932656
-0.925138
-0.348659
-0.349344
-0.350197
-0.352276
-0.357283
-0.367872
-0.388587
-0.429463
-0.513128
-0.677209
-0.861915
-0.849802
-0.755616
-0.651275
-0.625421
-0.674175
-0.715315
-0.727873
-0.728313
-0.726576
-0.236896
-0.2371
-0.236845
-0.236886
-0.237821
-0.24051
-0.246253
-0.257849
-0.281489
-0.326853
-0.38212
-0.377403
-0.329877
-0.339539
-0.399804
-0.465446
-0.495605
-0.50487
-0.508403
-0.509314
-0.145439
-0.145354
-0.144537
-0.143626
-0.142464
-0.140867
-0.138481
-0.134735
-0.128643
-0.116926
-0.093028
-0.0658367
-0.0954486
-0.168825
-0.240768
-0.287686
-0.310043
-0.319912
-0.324448
-0.326611
-0.077834
-0.0776334
-0.0767236
-0.0756694
-0.0739902
-0.0710541
-0.0659823
-0.0574288
-0.0434237
-0.0213671
0.00511585
0.0141937
-0.02139
-0.0832092
-0.134844
-0.167096
-0.181861
-0.189617
-0.193913
-0.196149
-0.0322342
-0.0320302
-0.0312741
-0.030482
-0.0291223
-0.026481
-0.0217077
-0.013675
-0.0011172
0.0163572
0.0320005
0.0287632
0.000486215
-0.0397378
-0.0726741
-0.0932595
-0.103925
-0.109157
-0.112146
-0.113745
-0.0041626
-0.00400269
-0.00347565
-0.00305099
-0.00224463
-0.000481002
0.00292773
0.00867582
0.017276
0.0279778
0.0346056
0.0268869
0.00615636
-0.0187293
-0.0388378
-0.0516268
-0.058461
-0.0618779
-0.0638002
-0.0648053
0.0112778
0.0113858
0.0117039
0.0118437
0.012142
0.0130495
0.0150601
0.018546
0.0235753
0.0290681
0.0304813
0.0223925
0.0078391
-0.00766151
-0.0199348
-0.0278962
-0.0323008
-0.0345333
-0.0357364
-0.0363372
0.0182391
0.0183043
0.0184712
0.01843
0.0183848
0.0186653
0.0196065
0.0213842
0.0238877
0.0261374
0.0251029
0.0181788
0.00819716
-0.0016023
-0.00922984
-0.0142767
-0.01718
-0.0186776
-0.0194453
-0.0198082
0.0198114
0.0198469
0.0199202
0.0197927
0.0195533
0.0194632
0.0197246
0.0204126
0.0213702
0.0218468
0.019952
0.0145567
0.0077933
0.0015144
-0.00331811
-0.00657534
-0.00851926
-0.00953911
-0.0100395
-0.0102634
0.0181021
0.0181194
0.0181421
0.0179883
0.0176826
0.0174172
0.0173173
0.01741
0.0175557
0.0172281
0.0152891
0.0113305
0.00681626
0.00278466
-0.0002992
-0.00241268
-0.00371282
-0.00440163
-0.00472284
-0.00486275
0.014458
0.0144649
0.0144647
0.0143207
0.0140262
0.0137194
0.0134817
0.0133205
0.0131315
0.0125748
0.0109957
0.00829426
0.00540111
0.00288174
0.000957897
-0.000382235
-0.00122867
-0.00168068
-0.00188312
-0.00197155
0.00969592
0.00969714
0.00968925
0.00957419
0.00933565
0.0090813
0.00885761
0.00866616
0.00843927
0.00797962
0.00694001
0.00532494
0.00366326
0.00223835
0.00114806
0.00037397
-0.000130461
-0.000403081
-0.000521446
-0.000571834
0.0014813
0.00151074
0.00156668
0.00157443
0.0015246
0.00146035
0.00139854
0.00133054
0.00123799
0.00108333
0.000841218
0.000568492
0.000324629
0.000129884
-1.31606e-05
-0.000102261
-0.000120422
-7.93848e-05
-4.45352e-05
-5.49204e-05
-1.85964
-1.02715
-0.529369
-0.232606
-0.0131357
0.157344
0.292955
0.40668
0.521804
0.616503
-0.642147
-0.401398
-0.187447
-0.0105401
0.137127
0.259228
0.360034
0.442569
0.494399
0.502358
-0.233612
-0.0958314
0.0363035
0.154325
0.256022
0.342293
0.413208
0.46717
0.502322
0.522668
0.0158635
0.107267
0.19663
0.278893
0.350979
0.412575
0.463181
0.502762
0.532618
0.553304
0.192117
0.254742
0.32002
0.380041
0.43299
0.478891
0.517637
0.549543
0.57525
0.59331
0.328019
0.372901
0.424035
0.468933
0.510292
0.546942
0.578823
0.605854
0.628129
0.64312
0.439334
0.476137
0.516747
0.553794
0.588588
0.62033
0.648377
0.672309
0.691898
0.704161
0.537728
0.570414
0.606437
0.640808
0.673088
0.702764
0.728972
0.751094
0.768648
0.778561
0.632036
0.665583
0.702069
0.737143
0.7694
0.798515
0.823767
0.844631
0.860492
0.868977
0.736031
0.774031
0.812978
0.849941
0.882597
0.910982
0.934854
0.954206
0.968611
0.977292
0.864294
0.906941
0.946405
0.98269
1.01346
1.03945
1.06125
1.0791
1.09279
1.10308
1.02638
1.06819
1.1022
1.1318
1.15653
1.17823
1.19797
1.21553
1.23038
1.24315
1.21705
1.24799
1.26954
1.28882
1.30698
1.32431
1.34061
1.35651
1.37309
1.39006
1.41526
1.42674
1.43788
1.45205
1.46639
1.47928
1.49072
1.50164
1.51459
1.5315
1.60123
1.61116
1.61986
1.62231
1.62316
1.62747
1.63836
1.65437
1.67202
1.67664
1.90232
1.84695
1.79616
1.75592
1.7336
1.72962
1.7431
1.77691
1.83338
1.90895
0.444687
0.385994
0.343519
0.309662
0.285005
0.267448
0.254928
0.245977
0.239823
0.236258
0.235721
0.238402
0.243674
0.25147
0.262283
0.277258
0.298214
0.327269
0.366
0.413808
0.246236
0.254996
0.260535
0.261359
0.257876
0.251829
0.245386
0.239882
0.235975
0.234203
0.235193
0.2386
0.243721
0.250066
0.25673
0.261927
0.263504
0.260237
0.25284
0.245168
0.223262
0.225295
0.229911
0.233438
0.235963
0.237399
0.237108
0.235354
0.233118
0.231445
0.231289
0.232914
0.235442
0.237898
0.239245
0.238799
0.236856
0.233984
0.229889
0.225485
0.216354
0.217223
0.219724
0.222466
0.224504
0.225884
0.226873
0.227309
0.22711
0.22674
0.226901
0.227759
0.228639
0.228923
0.228453
0.22747
0.225946
0.223612
0.220903
0.218911
0.210706
0.211169
0.212597
0.214674
0.216668
0.218289
0.219456
0.220339
0.221005
0.221468
0.221887
0.222251
0.222306
0.221979
0.221299
0.220148
0.218478
0.21651
0.21476
0.213715
0.205555
0.20584
0.206803
0.208371
0.210102
0.211799
0.213289
0.214476
0.215436
0.216243
0.21683
0.217057
0.216904
0.216384
0.215436
0.214106
0.212574
0.211046
0.209815
0.209164
0.200698
0.200894
0.201637
0.202939
0.204467
0.206044
0.207629
0.209108
0.210374
0.211408
0.212133
0.212377
0.212113
0.211392
0.210325
0.209081
0.207777
0.206505
0.205543
0.205079
0.196066
0.196205
0.196812
0.197988
0.199436
0.200954
0.202513
0.204077
0.205536
0.206775
0.207661
0.207985
0.207718
0.207001
0.206018
0.204901
0.203719
0.202579
0.201775
0.201434
0.191769
0.191868
0.192363
0.193417
0.194787
0.196242
0.19772
0.199228
0.200764
0.202227
0.203323
0.203734
0.20357
0.203049
0.202287
0.201341
0.200288
0.199292
0.198636
0.198384
0.187736
0.187799
0.188217
0.189223
0.19058
0.192045
0.193598
0.195205
0.196795
0.198326
0.19962
0.200345
0.200463
0.200102
0.199413
0.198554
0.19759
0.19667
0.196106
0.195931
0.184184
0.184215
0.184539
0.185431
0.186677
0.188026
0.189468
0.191048
0.192781
0.194569
0.19615
0.197129
0.197459
0.197369
0.19699
0.196396
0.195649
0.194904
0.194478
0.19438
0.181115
0.181131
0.181349
0.182025
0.183063
0.18426
0.185629
0.187188
0.188938
0.190874
0.192792
0.19421
0.194995
0.195291
0.195243
0.194968
0.194547
0.194109
0.19389
0.193845
0.178057
0.178073
0.178225
0.178709
0.179539
0.180609
0.181911
0.183532
0.185495
0.187778
0.190143
0.192009
0.193172
0.193807
0.194119
0.194197
0.194124
0.194012
0.193964
0.193938
0.174386
0.174402
0.174544
0.174927
0.175595
0.176546
0.177838
0.179526
0.181683
0.18434
0.187257
0.189733
0.19144
0.192586
0.193295
0.193762
0.194032
0.194187
0.194241
0.194222
0.169823
0.169839
0.169997
0.170401
0.171076
0.172072
0.173504
0.175483
0.178059
0.181282
0.184904
0.188059
0.190304
0.191877
0.192958
0.193681
0.194202
0.194508
0.194608
0.194599
0.164289
0.164302
0.164467
0.164972
0.16578
0.166977
0.168693
0.171014
0.174114
0.178064
0.182576
0.18658
0.189495
0.191556
0.192979
0.194057
0.194776
0.195143
0.195277
0.195284
0.157888
0.157896
0.158081
0.158673
0.159738
0.161175
0.163309
0.166185
0.169998
0.174872
0.180476
0.18551
0.189231
0.191891
0.193766
0.195099
0.195919
0.196374
0.196565
0.196593
0.150565
0.150567
0.150783
0.151479
0.152851
0.154676
0.157268
0.160826
0.165543
0.171579
0.178549
0.184849
0.189532
0.192906
0.195291
0.196934
0.197955
0.198537
0.198803
0.198846
0.1421
0.142101
0.142361
0.143165
0.144742
0.14709
0.150352
0.154757
0.16062
0.168132
0.176805
0.184646
0.190507
0.194739
0.197726
0.199765
0.201074
0.20184
0.20219
0.202244
0.132063
0.132068
0.132389
0.133386
0.13528
0.138167
0.14221
0.147746
0.15511
0.164506
0.175293
0.185011
0.192248
0.197495
0.201218
0.20377
0.205442
0.206438
0.206882
0.206943
0.119777
0.119784
0.120195
0.121454
0.123834
0.127463
0.132581
0.13961
0.148919
0.160692
0.174079
0.18605
0.194953
0.201414
0.205976
0.209136
0.211235
0.212486
0.213031
0.213102
0.104453
0.104464
0.105015
0.10668
0.109785
0.114479
0.121088
0.130118
0.141949
0.156715
0.173269
0.187925
0.198776
0.206623
0.212198
0.216082
0.218685
0.22023
0.220887
0.220973
0.0849343
0.0849542
0.0857202
0.0880155
0.0922291
0.098502
0.107243
0.119012
0.134146
0.152646
0.17299
0.190772
0.203867
0.213343
0.220101
0.224846
0.228057
0.229976
0.230777
0.230865
0.0594279
0.0594641
0.0605992
0.0639631
0.0699735
0.0787014
0.090589
0.106154
0.125576
0.148645
0.173422
0.194763
0.210398
0.221737
0.229882
0.235658
0.2396
0.241954
0.242917
0.24301
0.0248769
0.0249567
0.0268677
0.0323038
0.0415408
0.0542508
0.0708459
0.0916083
0.116465
0.14498
0.174792
0.200062
0.218488
0.231913
0.241665
0.248688
0.253551
0.256462
0.257615
0.2577
-0.02458
-0.0241994
-0.0198895
-0.00975946
0.005517
0.0247405
0.0481746
0.0757825
0.107267
0.142022
0.177333
0.206781
0.228172
0.243853
0.255416
0.26393
0.269969
0.273628
0.275043
0.275105
-0.0969219
-0.0942021
-0.081942
-0.0618284
-0.0368239
-0.00838053
0.0237528
0.0594808
0.0984629
0.140097
0.181417
0.215495
0.240288
0.258672
0.272526
0.28309
0.290913
0.295884
0.29795
0.298195
-0.173916
-0.166766
-0.145049
-0.114577
-0.0795333
-0.041675
-0.000748912
0.0432269
0.0900207
0.139131
0.187432
0.227302
0.256582
0.278648
0.295665
0.309027
0.319365
0.326409
0.329921
0.330473
-0.237684
-0.230615
-0.20198
-0.163143
-0.119684
-0.0732711
-0.0240385
0.027883
0.0822388
0.138535
0.193395
0.238521
0.271722
0.296891
0.316433
0.331837
0.34374
0.352418
0.355966
0.356546
-0.289337
-0.281783
-0.249455
-0.204955
-0.155145
-0.101843
-0.045564
0.0134107
0.0746674
0.137614
0.198487
0.248234
0.284656
0.312148
0.333402
0.350125
0.36303
0.372355
0.376186
0.377019
-0.331868
-0.324074
-0.289431
-0.240866
-0.18603
-0.127249
-0.0651131
-5.89357e-05
0.0673107
0.136235
0.202493
0.25623
0.295242
0.324431
0.346815
0.364291
0.377744
0.387154
0.391469
0.392404
-0.36814
-0.360214
-0.324077
-0.272327
-0.213397
-0.150053
-0.0829487
-0.0126353
0.0601501
0.134451
0.205567
0.262814
0.303968
0.334438
0.357546
0.375367
0.388969
0.398347
0.402832
0.403793
-0.40013
-0.392142
-0.354941
-0.300576
-0.238289
-0.171052
-0.0996084
-0.0246303
0.053033
0.13227
0.207877
0.268372
0.311479
0.343044
0.366671
0.384644
0.398261
0.407536
0.412132
0.413155
-0.429257
-0.421198
-0.383134
-0.326558
-0.261423
-0.190809
-0.115546
-0.0363862
0.0457484
0.129591
0.209517
0.27317
0.318131
0.350711
0.37483
0.392991
0.406586
0.415857
0.420428
0.421503
-0.456365
-0.448238
-0.409396
-0.350959
-0.283359
-0.209782
-0.131131
-0.04818
0.0380824
0.126295
0.210402
0.277196
0.324103
0.357808
0.382523
0.400937
0.414592
0.423756
0.428239
0.429436
-0.482109
-0.47389
-0.434396
-0.374319
-0.304484
-0.228272
-0.146591
-0.0602048
0.0298685
0.122222
0.210466
0.280576
0.329646
0.364649
0.390084
0.408854
0.422633
0.431772
0.436136
0.437331
-0.506862
-0.498526
-0.458379
-0.396882
-0.325047
-0.246488
-0.162095
-0.0725945
0.0210088
0.11733
0.209764
0.283357
0.334795
0.371323
0.397665
0.416934
0.430936
0.440108
0.444354
0.445436
-0.530899
-0.52241
-0.481524
-0.418853
-0.345217
-0.264576
-0.177738
-0.0854088
0.0114735
0.1116
0.208178
0.285446
0.339539
0.377868
0.405344
0.425276
0.439606
0.448837
0.452982
0.453901
-0.554291
-0.545633
-0.504295
-0.440303
-0.365084
-0.282577
-0.193555
-0.0986648
0.0012236
0.104916
0.205592
0.286747
0.343837
0.38427
0.413127
0.433893
0.448651
0.457966
0.462017
0.462762
-0.577151
-0.568311
-0.526422
-0.461304
-0.38467
-0.300512
-0.20955
-0.112379
-0.00977298
0.0972428
0.201945
0.287135
0.347545
0.390459
0.420976
0.44276
0.458035
0.467426
0.471327
0.471927
-0.599489
-0.59051
-0.547991
-0.481864
-0.403978
-0.318358
-0.225689
-0.12651
-0.0214839
0.0885961
0.197148
0.286466
0.350497
0.396292
0.428826
0.451837
0.467691
0.477117
0.480792
0.481225
-0.621299
-0.612139
-0.569039
-0.501973
-0.422965
-0.336062
-0.241913
-0.140986
-0.0338249
0.0789998
0.191151
0.284588
0.352494
0.401603
0.436607
0.461118
0.477583
0.486939
0.490282
0.490533
-0.642492
-0.633184
-0.589485
-0.52158
-0.441577
-0.353565
-0.258136
-0.155717
-0.0467228
0.0684911
0.183931
0.281365
0.353292
0.406143
0.444205
0.47066
0.48776
0.496766
0.499578
0.499615
-0.663045
-0.653569
-0.609295
-0.540642
-0.459759
-0.37079
-0.274284
-0.170613
-0.0600902
0.05717
0.175496
0.276684
0.352652
0.409575
0.451395
0.480575
0.498534
0.506687
0.508448
0.508194
-0.68291
-0.673276
-0.628448
-0.55911
-0.477459
-0.38766
-0.290262
-0.18557
-0.0738078
0.0451294
0.165914
0.270477
0.350347
0.411473
0.457733
0.490872
0.510653
0.517506
0.516985
0.516
-0.702053
-0.692248
-0.646902
-0.576936
-0.494606
-0.40412
-0.305986
-0.200488
-0.0877529
0.0324958
0.155264
0.262715
0.346211
0.411354
0.462412
0.501012
0.524895
0.531692
0.527407
0.523849
-0.720477
-0.710527
-0.664653
-0.594121
-0.511227
-0.420192
-0.321481
-0.215402
-0.10196
0.0192348
0.143489
0.25321
0.339989
0.408741
0.464225
0.509423
0.540609
0.552599
0.547481
0.529687
-0.73822
-0.728079
-0.681823
-0.61083
-0.52755
-0.436186
-0.337122
-0.230777
-0.116984
0.00469217
0.12988
0.241196
0.330825
0.402841
0.46105
0.512093
0.551585
0.564133
0.563846
0.515472
-0.755555
-0.74451
-0.698352
-0.626939
-0.543483
-0.452005
-0.352728
-0.246385
-0.132577
-0.0108798
0.114601
0.226706
0.318236
0.393274
0.451103
0.500859
0.54056
0.555962
0.508884
0.441009
-0.773368
-0.75897
-0.714079
-0.642394
-0.559321
-0.46782
-0.368541
-0.262214
-0.148737
-0.0274695
0.0975854
0.209605
0.301338
0.380253
0.434958
0.463767
0.495473
0.47978
0.414604
0.342742
-0.790713
-0.794002
-0.732542
-0.654843
-0.5723
-0.480957
-0.383987
-0.277635
-0.16476
-0.0443245
0.0794692
0.190307
0.280163
0.366389
0.400347
0.385904
0.406009
0.354811
0.280248
0.202972
-0.766519
-0.765548
-0.708634
-0.632506
-0.545319
-0.45066
-0.349238
-0.240589
-0.125216
-0.00207775
0.114944
0.212141
0.291138
0.3737
0.409907
0.310426
0.227271
0.160574
0.082972
-0.0793389
-0.80595
-0.780804
-0.721169
-0.644277
-0.557365
-0.463167
-0.362441
-0.254649
-0.140557
-0.0194386
0.0944251
0.18793
0.260211
0.314134
0.290483
0.1612
0.03244
-0.0565278
-0.149344
-0.334342
-0.8291
-0.79909
-0.739054
-0.662117
-0.575517
-0.48166
-0.380982
-0.274211
-0.161773
-0.0433422
0.0666819
0.155063
0.218773
0.243308
0.165909
-0.014428
-0.168722
-0.284637
-0.419527
-0.681336
-0.851514
-0.819092
-0.758113
-0.680573
-0.593977
-0.500306
-0.400163
-0.294557
-0.183983
-0.0686064
0.0368481
0.119152
0.171863
0.163045
0.0182361
-0.196263
-0.392365
-0.553909
-0.750542
-1.18836
-0.872663
-0.839562
-0.77771
-0.699455
-0.612765
-0.519347
-0.419984
-0.315647
-0.207117
-0.0951091
0.00513561
0.0807893
0.118689
0.0716995
-0.127917
-0.37074
-0.620593
-0.842441
-1.12813
-1.89054
-0.893355
-0.860458
-0.798056
-0.719313
-0.632516
-0.539378
-0.440776
-0.33778
-0.231476
-0.12314
-0.0285168
0.0397572
0.0605146
-0.0290449
-0.264063
-0.518062
-0.782763
-1.03187
-1.25295
-2.15257
-0.914653
-0.881965
-0.819346
-0.740356
-0.653492
-0.560612
-0.462736
-0.361105
-0.257149
-0.152693
-0.063895
-0.00398136
-0.0013567
-0.146657
-0.38149
-0.626366
-0.860036
-1.02426
-1.05892
-1.11918
-0.936951
-0.90449
-0.841835
-0.762827
-0.67605
-0.58357
-0.48658
-0.386574
-0.285355
-0.185387
-0.102989
-0.0533055
-0.0782504
-0.260446
-0.486226
-0.705668
-0.884942
-0.977807
-0.991626
-1.00312
-0.960535
-0.928187
-0.865578
-0.78665
-0.7001
-0.608176
-0.512297
-0.414205
-0.316112
-0.221264
-0.145765
-0.107749
-0.157685
-0.366554
-0.58352
-0.778887
-0.92198
-0.961311
-0.967615
-0.968137
-0.985427
-0.953075
-0.890568
-0.811745
-0.725539
-0.634348
-0.539785
-0.443887
-0.349331
-0.260191
-0.192149
-0.167838
-0.240034
-0.46716
-0.674289
-0.850165
-0.933506
-0.948472
-0.951472
-0.951517
-1.01146
-0.978931
-0.916655
-0.838031
-0.752263
-0.661949
-0.568898
-0.475468
-0.384848
-0.301891
-0.242167
-0.229357
-0.337765
-0.559837
-0.759305
-0.905538
-0.943735
-0.942914
-0.942857
-0.942457
-1.03812
-1.00568
-0.943717
-0.865265
-0.780044
-0.69075
-0.599405
-0.508685
-0.422384
-0.345963
-0.295254
-0.294708
-0.44342
-0.648419
-0.831158
-0.945214
-0.941946
-0.941014
-0.939733
-0.938228
-1.06508
-1.0329
-0.97103
-0.89308
-0.808528
-0.720384
-0.630911
-0.543094
-0.461406
-0.391927
-0.350024
-0.367964
-0.544777
-0.735803
-0.885724
-0.954316
-0.953399
-0.939995
-0.933043
-0.931204
-1.09144
-1.05986
-0.998351
-0.920992
-0.837182
-0.75031
-0.662832
-0.578078
-0.501081
-0.439065
-0.405456
-0.441301
-0.640615
-0.833647
-0.895936
-0.902392
-0.92522
-0.937031
-0.938142
-0.935556
-1.11659
-1.08562
-1.02502
-0.948256
-0.865301
-0.77981
-0.694371
-0.612749
-0.540292
-0.486024
-0.461073
-0.516423
-0.733851
-0.953025
-1.04074
-0.998974
-1.03856
-1.05619
-1.06132
-1.05575
-1.13917
-1.10932
-1.04972
-0.973967
-0.892074
-0.807934
-0.724507
-0.645877
-0.577747
-0.53071
-0.51667
-0.593196
-0.849234
-1.12031
-1.49797
-1.5398
-1.36744
-1.36124
-1.34119
-1.32772
-1.15797
-1.1297
-1.07138
-0.997016
-0.916341
-0.833623
-0.752001
-0.675857
-0.611808
-0.57067
-0.570659
-0.659824
-0.974107
-1.10999
-1.00812
-1.01992
-1.33577
-1.48688
-1.46718
-1.46342
-1.17156
-1.14528
-1.08897
-1.01618
-0.936864
-0.855552
-0.775446
-0.70095
-0.639848
-0.603337
-0.616635
-0.718762
-1.03872
-1.09712
-0.870893
-1.05459
-1.39082
-1.51212
-1.48204
-1.50349
-1.1786
-1.15473
-1.10114
-1.0303
-0.952444
-0.872371
-0.793254
-0.719443
-0.658629
-0.625372
-0.64558
-0.793911
-1.23827
-1.90258
-2.59411
-3.10221
-3.07793
-2.68003
-2.25744
-2.11491
-1.17782
-1.15699
-1.10695
-1.03832
-0.962008
-0.882902
-0.803988
-0.729463
-0.666002
-0.62869
-0.646275
-0.813589
-1.38411
-2.28633
-3.18099
-3.62432
-3.61101
-3.31699
-2.95081
-2.79787
-1.16718
-1.15076
-1.10585
-1.03955
-0.964881
-0.886399
-0.806774
-0.729515
-0.660264
-0.608284
-0.605152
-0.679397
-1.03322
-1.4156
-1.84831
-2.02021
-1.88202
-1.59767
-1.31984
-1.15416
-1.14745
-1.13521
-1.09697
-1.03424
-0.961068
-0.882781
-0.801696
-0.720144
-0.640081
-0.568097
-0.507002
-0.42295
-0.358919
-0.148394
0.174716
0.542861
0.89601
1.16753
1.32109
1.38263
-1.1204
-1.11208
-1.08144
-1.0231
-0.951158
-0.872886
-0.789981
-0.703259
-0.612687
-0.514559
-0.405529
-0.296801
0.0487491
0.594677
1.21415
1.79575
2.23497
2.50473
2.63141
2.66553
-1.08888
-1.08372
-1.06067
-1.00776
-0.936665
-0.858233
-0.774195
-0.684609
-0.586505
-0.470716
-0.34368
-0.193438
0.0439989
0.582472
1.219
1.78326
2.19816
2.4429
2.55381
2.58447
-1.05524
-1.05296
-1.03623
-0.987965
-0.91821
-0.840059
-0.756973
-0.667712
-0.568349
-0.451269
-0.322228
-0.185542
-0.0352213
0.295507
0.773646
1.18768
1.50438
1.70278
1.81084
1.85121
-1.01417
-1.01457
-1.00358
-0.96064
-0.89314
-0.816987
-0.73808
-0.654187
-0.560903
-0.450437
-0.333855
-0.236044
-0.148947
0.0143927
0.326295
0.608633
0.823013
0.955465
1.02867
1.0594
-0.944921
-0.946017
-0.938306
-0.904588
-0.848246
-0.783321
-0.715509
-0.642498
-0.558636
-0.457204
-0.348333
-0.269997
-0.221882
-0.121604
0.0977498
0.290178
0.429611
0.515485
0.556367
0.566453
-0.85043
-0.850111
-0.844132
-0.823042
-0.785424
-0.739605
-0.688984
-0.631152
-0.559573
-0.466114
-0.364435
-0.289075
-0.255385
-0.189072
-0.0418199
0.0779238
0.160462
0.206496
0.228016
0.232429
-0.764499
-0.763177
-0.758748
-0.747859
-0.727062
-0.699214
-0.665834
-0.624291
-0.56697
-0.480602
-0.376593
-0.289091
-0.236269
-0.184379
-0.110826
-0.0488024
-0.00355986
0.0229577
0.0348192
0.0359308
-0.714116
-0.712496
-0.709634
-0.704208
-0.693398
-0.678039
-0.658512
-0.63239
-0.591037
-0.515922
-0.407658
-0.296279
-0.210527
-0.163004
-0.137045
-0.109965
-0.088793
-0.074289
-0.0670138
-0.0672584
-0.700401
-0.699269
-0.697546
-0.694865
-0.689973
-0.683393
-0.676341
-0.667974
-0.651116
-0.604509
-0.50251
-0.369174
-0.257573
-0.219406
-0.204594
-0.178226
-0.15091
-0.129366
-0.11852
-0.119803
-0.709639
-0.709247
-0.709119
-0.709394
-0.710391
-0.714022
-0.723588
-0.74287
-0.771933
-0.794459
-0.731683
-0.568204
-0.429143
-0.382128
-0.345062
-0.289247
-0.23328
-0.192583
-0.174898
-0.177097
-0.727391
-0.728008
-0.729994
-0.734149
-0.742612
-0.75975
-0.793146
-0.856828
-0.972376
-1.12871
-1.14821
-0.91636
-0.699079
-0.611216
-0.525835
-0.422687
-0.330035
-0.265503
-0.242085
-0.24693
-0.737262
-0.739229
-0.743447
-0.751654
-0.768426
-0.801026
-0.863347
-0.986044
-1.22961
-1.60928
-1.73757
-1.41666
-1.05706
-0.877869
-0.734479
-0.582579
-0.455952
-0.378613
-0.361752
-0.366099
-0.722774
-0.725515
-0.731431
-0.743065
-0.766463
-0.811807
-0.899265
-1.07366
-1.43504
-2.01036
-2.29467
-1.91461
-1.41597
-1.1479
-0.953679
-0.776451
-0.650104
-0.586813
-0.576325
-0.579995
-0.671913
-0.67493
-0.681285
-0.694075
-0.719622
-0.768919
-0.864408
-1.05681
-1.45348
-2.07441
-2.36949
-2.00315
-1.54891
-1.30235
-1.09242
-0.960991
-0.897876
-0.870395
-0.854208
-0.85088
-0.584013
-0.586586
-0.59198
-0.60284
-0.624936
-0.667502
-0.750148
-0.918662
-1.26188
-1.7813
-1.97865
-1.7058
-1.43164
-1.2305
-1.08456
-1.03083
-1.03048
-1.02135
-1.00468
-0.997071
-0.470413
-0.47203
-0.475475
-0.482621
-0.497643
-0.526864
-0.58362
-0.698643
-0.933435
-1.29487
-1.4449
-1.30844
-1.13184
-0.968903
-0.89737
-0.909135
-0.937176
-0.936621
-0.9284
-0.92339
-0.349078
-0.349652
-0.351037
-0.354261
-0.361689
-0.37656
-0.40557
-0.463949
-0.583456
-0.783376
-0.881836
-0.808509
-0.69904
-0.627204
-0.645203
-0.699243
-0.724207
-0.728603
-0.727559
-0.725543
-0.237141
-0.23693
-0.236836
-0.237183
-0.23889
-0.242889
-0.251058
-0.267642
-0.301033
-0.359262
-0.392117
-0.347073
-0.332879
-0.363439
-0.436338
-0.483974
-0.501625
-0.507251
-0.509092
-0.508989
-0.145558
-0.144955
-0.14414
-0.143068
-0.141737
-0.139802
-0.136821
-0.132086
-0.123878
-0.105809
-0.0763227
-0.0704031
-0.128607
-0.20699
-0.26839
-0.301225
-0.316327
-0.322507
-0.325846
-0.326657
-0.0778794
-0.0772012
-0.0762689
-0.0749236
-0.0727218
-0.0688519
-0.0622397
-0.0512555
-0.033541
-0.00742612
0.0135323
0.00325761
-0.0521668
-0.111564
-0.153275
-0.175779
-0.186386
-0.192041
-0.195317
-0.19634
-0.0322457
-0.0316711
-0.0309275
-0.0298908
-0.0280056
-0.0244189
-0.0181741
-0.00802968
0.00708549
0.0255661
0.0335051
0.0178059
-0.0197812
-0.0577724
-0.0844234
-0.0996147
-0.10698
-0.110832
-0.113142
-0.113911
-0.00416277
-0.00374873
-0.00327001
-0.00270721
-0.00152436
0.000979909
0.00546975
0.0126117
0.0225161
0.0326057
0.0327865
0.0178457
-0.00650871
-0.0296735
-0.0461245
-0.0556459
-0.0604538
-0.0629626
-0.0644269
-0.0649146
0.0112792
0.011546
0.0118003
0.0119596
0.0124847
0.0138948
0.0166031
0.0208896
0.0264093
0.0307672
0.0276285
0.015647
-0.000135077
-0.0143276
-0.0244395
-0.0304681
-0.0336069
-0.0352215
-0.0361131
-0.0364024
0.0182391
0.0183959
0.0184877
0.0183866
0.0184581
0.019041
0.0203879
0.0225736
0.0251581
0.0262947
0.022296
0.0133811
0.00311098
-0.00574058
-0.0120625
-0.0159566
-0.0180592
-0.0191236
-0.0196748
-0.0198473
0.0198098
0.0198943
0.019892
0.0196643
0.0194771
0.0195434
0.0200179
0.0208832
0.0217482
0.0213289
0.0176004
0.0112284
0.00451297
-0.00110384
-0.0051329
-0.00769047
-0.00911947
-0.00983179
-0.0101826
-0.0102872
0.0180996
0.0181412
0.0180961
0.0178375
0.0175387
0.0173433
0.0173434
0.0174959
0.0175037
0.0165217
0.013485
0.00907322
0.00470052
0.00111651
-0.00146933
-0.00315339
-0.00412001
-0.00459476
-0.00481207
-0.00487781
0.0144551
0.0144736
0.0144179
0.0141799
0.0138713
0.0135907
0.0133951
0.0132431
0.0129318
0.011939
0.0097295
0.00683246
0.00407532
0.00184317
0.000220202
-0.000861668
-0.00149677
-0.00180411
-0.00194
-0.0019813
0.00969281
0.00969961
0.00965062
0.0094626
0.00920954
0.00896513
0.00876067
0.00856549
0.00825699
0.00754209
0.00616999
0.00447983
0.00291237
0.00165129
0.000724852
9.03063e-05
-0.00029255
-0.000475681
-0.000552055
-0.000579516
0.00429263
0.00429294
0.00429868
0.0042459
0.00411717
0.00398639
0.00386906
0.00376638
0.00364659
0.00342751
0.00297451
0.00230505
0.00163414
0.00106481
0.000628893
0.000314665
0.000105199
-9.583e-08
-3.45396e-05
-6.06073e-05
-1.36073
-0.725972
-0.368824
-0.117975
0.0762353
0.227723
0.352624
0.461053
0.582129
0.573581
-0.469445
-0.286962
-0.0948474
0.0668778
0.201251
0.311932
0.403803
0.473774
0.503884
0.507982
-0.145994
-0.0282213
0.0974798
0.207161
0.301057
0.379709
0.442509
0.486906
0.514622
0.53105
0.0731479
0.153005
0.23905
0.316245
0.383121
0.439272
0.484312
0.518729
0.544978
0.563158
0.233289
0.290449
0.350909
0.407406
0.456834
0.499144
0.534416
0.563095
0.586355
0.604403
0.358958
0.401112
0.446693
0.490198
0.529215
0.563475
0.592961
0.61752
0.637649
0.655274
0.464066
0.497066
0.535541
0.571526
0.60489
0.634841
0.660893
0.68261
0.699971
0.717283
0.558268
0.58847
0.623882
0.657227
0.688309
0.716339
0.740585
0.76044
0.775343
0.792478
0.651594
0.683653
0.719943
0.753624
0.784397
0.811657
0.834781
0.853211
0.86611
0.883398
0.757027
0.793288
0.831976
0.86679
0.897341
0.923493
0.945111
0.962021
0.973823
0.991704
0.887408
0.926688
0.965235
0.998721
1.027
1.05085
1.07069
1.08639
1.09835
1.11664
1.04895
1.08564
1.11772
1.14465
1.16767
1.18833
1.20708
1.22324
1.23703
1.25493
1.23394
1.25928
1.27938
1.298
1.31576
1.3326
1.34855
1.36462
1.38181
1.40097
1.42098
1.43194
1.44474
1.45937
1.47304
1.48517
1.49615
1.50756
1.523
1.54246
1.603
1.61652
1.62161
1.62261
1.6246
1.63204
1.64583
1.66348
1.67725
1.6886
1.87197
1.82143
1.77398
1.74243
1.72946
1.73403
1.75726
1.80235
1.86906
1.96319
0.301311
0.298304
0.292244
0.281321
0.268833
0.257521
0.24845
0.241663
0.237134
0.235119
0.236179
0.239986
0.245993
0.254155
0.26456
0.276806
0.289106
0.297782
0.302285
0.304433
0.229604
0.236256
0.241515
0.24514
0.24626
0.24463
0.241173
0.237355
0.2343
0.232858
0.233761
0.236616
0.24054
0.244625
0.247545
0.247991
0.245608
0.241176
0.234855
0.229021
0.219495
0.222465
0.225847
0.228358
0.230136
0.231328
0.23155
0.230773
0.229639
0.22905
0.229715
0.231248
0.232733
0.233364
0.23282
0.231462
0.229475
0.226535
0.223158
0.220867
0.213444
0.214879
0.217129
0.219446
0.221211
0.222436
0.223331
0.223891
0.224086
0.224244
0.224717
0.225243
0.225367
0.224976
0.224187
0.2229
0.220962
0.218633
0.216824
0.21574
0.208088
0.208919
0.210444
0.212298
0.214112
0.215648
0.216812
0.217728
0.218483
0.219089
0.219491
0.219576
0.219316
0.218716
0.217677
0.216194
0.214494
0.212824
0.211731
0.211074
0.203098
0.203664
0.204838
0.206383
0.208026
0.209644
0.211119
0.212348
0.213362
0.214179
0.214633
0.214633
0.214215
0.213367
0.212169
0.210795
0.209367
0.20808
0.2073
0.20685
0.198345
0.198765
0.199748
0.201137
0.202643
0.204211
0.205788
0.207259
0.208513
0.209503
0.210067
0.210067
0.209545
0.208629
0.207495
0.206276
0.205037
0.203961
0.203353
0.203028
0.19388
0.194197
0.195049
0.196352
0.197809
0.199304
0.200833
0.202385
0.20386
0.205098
0.205776
0.205789
0.205309
0.204533
0.203581
0.202497
0.201368
0.200432
0.199951
0.199718
0.189712
0.189951
0.190697
0.191924
0.193343
0.194827
0.196348
0.19787
0.199381
0.200772
0.201671
0.20193
0.201713
0.201138
0.200316
0.199351
0.198339
0.19753
0.197152
0.196987
0.185884
0.186049
0.186724
0.18792
0.189312
0.190786
0.192372
0.194048
0.195748
0.197356
0.198522
0.199008
0.198937
0.198484
0.197805
0.196986
0.196078
0.195359
0.195069
0.194974
0.182614
0.182714
0.18323
0.184233
0.185437
0.186753
0.188199
0.189818
0.191606
0.193473
0.194977
0.195836
0.196165
0.196132
0.195809
0.195302
0.194681
0.194197
0.19403
0.193982
0.179627
0.179694
0.180052
0.180832
0.181877
0.183125
0.184592
0.186325
0.188316
0.190501
0.192436
0.193706
0.194368
0.194617
0.194607
0.194423
0.194144
0.193938
0.193873
0.193838
0.176324
0.176393
0.176657
0.177233
0.178098
0.179217
0.180656
0.182481
0.184733
0.187361
0.18982
0.19159
0.192759
0.193419
0.1938
0.194002
0.194079
0.194112
0.194105
0.194066
0.172227
0.172298
0.172549
0.173058
0.173858
0.175004
0.176566
0.178634
0.181266
0.184455
0.187569
0.189946
0.191568
0.192663
0.193404
0.1939
0.194243
0.194408
0.194428
0.194385
0.167175
0.167242
0.167534
0.168122
0.169028
0.170335
0.172163
0.174622
0.177815
0.181737
0.185642
0.188675
0.190828
0.19236
0.193388
0.194107
0.194633
0.194865
0.194913
0.194872
0.1612
0.161263
0.161602
0.162342
0.163441
0.165034
0.167253
0.170256
0.174154
0.179004
0.183903
0.187775
0.190565
0.192536
0.193934
0.194939
0.195521
0.195794
0.195873
0.195834
0.154351
0.154415
0.154812
0.155706
0.157214
0.159116
0.16186
0.165555
0.170376
0.176389
0.182509
0.187384
0.190937
0.193462
0.19523
0.196424
0.197143
0.197502
0.197624
0.197587
0.14649
0.14656
0.147027
0.148114
0.149866
0.152404
0.155768
0.160329
0.166306
0.173781
0.181398
0.187502
0.191976
0.195158
0.197399
0.198865
0.199785
0.200271
0.200434
0.200393
0.137306
0.137399
0.137988
0.1393
0.141418
0.144495
0.148714
0.154435
0.161904
0.171212
0.180677
0.188265
0.193822
0.197798
0.200577
0.202446
0.203635
0.204275
0.204479
0.204426
0.126197
0.12633
0.12708
0.128717
0.131321
0.135142
0.140484
0.147699
0.157077
0.168685
0.180409
0.189765
0.196621
0.201543
0.204975
0.207317
0.208835
0.209649
0.209898
0.209832
0.112481
0.112674
0.113674
0.115754
0.119064
0.123939
0.130762
0.139944
0.151778
0.166251
0.180711
0.192178
0.20058
0.206581
0.210795
0.213694
0.21559
0.216604
0.216905
0.216821
0.0951848
0.0954792
0.0968599
0.0996126
0.103977
0.110363
0.11924
0.131044
0.146011
0.164001
0.181713
0.195646
0.20582
0.213112
0.218253
0.221814
0.224153
0.225398
0.22576
0.225654
0.0728465
0.0733215
0.0753182
0.079148
0.0851536
0.093804
0.105594
0.120903
0.139841
0.16208
0.183583
0.200339
0.212552
0.221338
0.227576
0.231935
0.234811
0.236325
0.236756
0.236623
0.0431694
0.0440081
0.0470939
0.0527804
0.0614662
0.0736012
0.0895631
0.10955
0.133446
0.160698
0.186503
0.206409
0.220912
0.231412
0.238948
0.244275
0.247812
0.249653
0.250158
0.249991
0.00199941
0.00369181
0.00915115
0.0184363
0.0318021
0.049386
0.0712457
0.0972945
0.127169
0.160135
0.190655
0.213965
0.230963
0.243387
0.252447
0.258974
0.263362
0.265593
0.266163
0.265956
-0.0583832
-0.0532828
-0.0419095
-0.0255074
-0.00410948
0.0216043
0.0513123
0.0847735
0.121502
0.160695
0.196169
0.223008
0.242616
0.257105
0.267884
0.27583
0.281269
0.284015
0.284684
0.284422
-0.130573
-0.121675
-0.100853
-0.073702
-0.0422836
-0.00745266
0.0307407
0.072159
0.116394
0.162738
0.204321
0.235886
0.259261
0.276888
0.290331
0.300599
0.307775
0.311049
0.311734
0.311814
-0.203025
-0.18746
-0.157462
-0.120339
-0.0794987
-0.0357036
0.0109375
0.06031
0.112078
0.165645
0.213451
0.249814
0.276975
0.297788
0.314029
0.326671
0.335507
0.339583
0.341294
0.341553
-0.261227
-0.242104
-0.206424
-0.162019
-0.113558
-0.0620291
-0.00774411
0.0490468
0.107918
0.168246
0.221727
0.262273
0.292537
0.315725
0.333811
0.347871
0.357987
0.363357
0.36562
0.36593
-0.30869
-0.287595
-0.247691
-0.198005
-0.143603
-0.0858034
-0.0250157
0.0383271
0.103637
0.170123
0.228644
0.272691
0.305343
0.330205
0.349513
0.364561
0.375493
0.381572
0.384025
0.384318
-0.348276
-0.326236
-0.283169
-0.229317
-0.17015
-0.107164
-0.0408527
0.0281965
0.0992332
0.171257
0.234245
0.281244
0.315736
0.341744
0.361756
0.377225
0.388476
0.39489
0.397401
0.39769
-0.382681
-0.359999
-0.314506
-0.257252
-0.194123
-0.126709
-0.0556029
0.0184995
0.0946889
0.171767
0.238813
0.288415
0.324454
0.351321
0.371734
0.387324
0.398627
0.405094
0.407602
0.407911
-0.41342
-0.390319
-0.342876
-0.282798
-0.216309
-0.145042
-0.069684
0.00896675
0.0898901
0.171673
0.242581
0.294678
0.332138
0.35972
0.38044
0.396095
0.40739
0.413961
0.416339
0.416618
-0.441655
-0.418249
-0.369151
-0.306665
-0.237261
-0.162611
-0.0834671
-0.000669014
0.084659
0.170954
0.245616
0.300148
0.339036
0.367387
0.388461
0.404248
0.415541
0.422159
0.424466
0.424567
-0.468251
-0.44443
-0.393995
-0.329387
-0.257409
-0.179765
-0.0972105
-0.010619
0.0788305
0.169453
0.247861
0.304972
0.345454
0.374718
0.396247
0.41222
0.423546
0.430158
0.432405
0.432423
-0.493627
-0.469417
-0.417767
-0.351308
-0.277028
-0.196711
-0.111093
-0.0210362
0.0722762
0.167114
0.24942
0.309325
0.351582
0.381921
0.404052
0.420325
0.431757
0.438315
0.440545
0.440534
-0.518128
-0.493509
-0.440789
-0.372641
-0.296312
-0.213615
-0.125226
-0.0319921
0.064957
0.163953
0.250225
0.313153
0.357466
0.389107
0.412019
0.428719
0.440329
0.446829
0.448998
0.448952
-0.541949
-0.516915
-0.463263
-0.39353
-0.315378
-0.230541
-0.139659
-0.0435137
0.0568391
0.159829
0.25016
0.316387
0.363084
0.396298
0.420183
0.43744
0.449291
0.455763
0.457811
0.457755
-0.565195
-0.539718
-0.485155
-0.414032
-0.334258
-0.247521
-0.154408
-0.0556317
0.0478511
0.154665
0.249134
0.318935
0.368349
0.40345
0.428532
0.446484
0.458631
0.465062
0.466953
0.466847
-0.587914
-0.561989
-0.506506
-0.434172
-0.352963
-0.26454
-0.169455
-0.0683422
0.0379916
0.148437
0.247026
0.320642
0.373146
0.410492
0.437029
0.455806
0.46827
0.474624
0.476328
0.476133
-0.610056
-0.583702
-0.52737
-0.453936
-0.371456
-0.281559
-0.184749
-0.0815774
0.0273118
0.141113
0.24372
0.321327
0.377301
0.417324
0.445635
0.465372
0.478118
0.484312
0.485778
0.485494
-0.631617
-0.604854
-0.547708
-0.473283
-0.389682
-0.29851
-0.20021
-0.0952575
0.015872
0.132692
0.239138
0.320803
0.380563
0.42378
0.454334
0.475212
0.488122
0.493951
0.495104
0.494734
-0.65252
-0.625355
-0.567465
-0.492168
-0.407588
-0.315313
-0.215751
-0.109295
0.0037466
0.123214
0.233205
0.318879
0.382666
0.429613
0.463089
0.485487
0.498351
0.503398
0.504062
0.503622
-0.67279
-0.645163
-0.586616
-0.51053
-0.425101
-0.331894
-0.231277
-0.12358
-0.00896352
0.112758
0.225896
0.315396
0.383281
0.43443
0.471752
0.496558
0.50932
0.512719
0.512389
0.511919
-0.692291
-0.664277
-0.60511
-0.528318
-0.442161
-0.348172
-0.246705
-0.138018
-0.0221299
0.101428
0.21723
0.310239
0.382092
0.437646
0.479825
0.508701
0.522414
0.523218
0.520158
0.519146
-0.71114
-0.682669
-0.622902
-0.545477
-0.458697
-0.364065
-0.261912
-0.152471
-0.0356152
0.0893521
0.207281
0.303335
0.378852
0.438509
0.486172
0.521268
0.5392
0.539469
0.530287
0.511626
-0.729231
-0.700344
-0.640133
-0.562202
-0.474998
-0.379902
-0.277317
-0.16741
-0.0499579
0.0759575
0.195434
0.293985
0.372976
0.436022
0.488794
0.531839
0.558051
0.562171
0.545994
0.558159
-0.746718
-0.717306
-0.656755
-0.578434
-0.491013
-0.39562
-0.292906
-0.182798
-0.065143
0.0611822
0.181557
0.281706
0.363885
0.429182
0.483272
0.53175
0.560705
0.566051
0.50568
0.479805
-0.76414
-0.734123
-0.67252
-0.593762
-0.506274
-0.410789
-0.308479
-0.198376
-0.0808789
0.0452627
0.165757
0.266305
0.351073
0.417914
0.465335
0.509725
0.530336
0.502357
0.430216
0.383158
-0.782105
-0.751422
-0.686965
-0.607928
-0.520403
-0.425286
-0.323683
-0.213976
-0.0970726
0.028252
0.147992
0.247816
0.333251
0.403418
0.447676
0.454511
0.444773
0.388133
0.311135
0.263287
-0.390564
-0.284473
-0.171948
-0.0520809
0.0706098
0.180063
0.267801
0.111619
-0.801194
-0.78198
-0.745342
-0.67886
-0.596394
-0.506012
-0.408083
-0.30324
-0.191866
-0.0737078
0.0470901
0.154675
0.24025
0.311111
0.361125
0.3308
0.181852
0.087652
0.013466
-0.817376
-0.804637
-0.761403
-0.693222
-0.610616
-0.520399
-0.423133
-0.319008
-0.208833
-0.0925407
0.0253655
0.128827
0.209017
0.265187
0.265917
0.158779
-0.00111781
-0.119505
-0.220793
-0.839015
-0.826573
-0.780546
-0.711322
-0.628661
-0.538424
-0.441271
-0.337753
-0.228853
-0.11464
-0.000351535
0.0977694
0.170682
0.210661
0.165384
-0.00794193
-0.196897
-0.348266
-0.487588
-0.860587
-0.84793
-0.800548
-0.73024
-0.647292
-0.557127
-0.460385
-0.35782
-0.250448
-0.13871
-0.0284298
0.0639786
0.129074
0.147659
0.0560462
-0.170219
-0.400745
-0.608823
-0.812695
-0.881175
-0.869043
-0.821035
-0.749791
-0.666533
-0.576444
-0.480237
-0.378739
-0.273054
-0.164094
-0.0582387
0.027811
0.0840381
0.0682273
-0.0799771
-0.320877
-0.582237
-0.835857
-1.067
-0.90183
-0.890275
-0.842166
-0.770342
-0.686856
-0.596809
-0.501068
-0.400572
-0.296621
-0.19055
-0.0892976
-0.010043
0.0360513
-0.0154338
-0.20696
-0.447414
-0.704769
-0.953963
-1.1092
-1.15911
-0.923548
-0.912301
-0.864205
-0.792148
-0.708613
-0.618696
-0.52349
-0.424106
-0.322105
-0.219298
-0.123146
-0.0513285
-0.0187476
-0.0937871
-0.323973
-0.553046
-0.775036
-0.952932
-1.00653
-1.0382
-0.946296
-0.935395
-0.887367
-0.815272
-0.731824
-0.642205
-0.547693
-0.449664
-0.349946
-0.250908
-0.160486
-0.0967647
-0.0797923
-0.189152
-0.428629
-0.644428
-0.830834
-0.94598
-0.984844
-0.98327
-0.970392
-0.959627
-0.911765
-0.839664
-0.756407
-0.667225
-0.57361
-0.477179
-0.380087
-0.285301
-0.201307
-0.145929
-0.150586
-0.298501
-0.52519
-0.728303
-0.889354
-0.947357
-0.955527
-0.958322
-0.995721
-0.98497
-0.937424
-0.865261
-0.782279
-0.693665
-0.601132
-0.506523
-0.412401
-0.322301
-0.245482
-0.198244
-0.232358
-0.402983
-0.617295
-0.810085
-0.924311
-0.950071
-0.946537
-0.946443
-1.02202
-1.01127
-0.963918
-0.891929
-0.80927
-0.721362
-0.630071
-0.537511
-0.446683
-0.361698
-0.29254
-0.25432
-0.313578
-0.504409
-0.702092
-0.881668
-0.925827
-0.937783
-0.940551
-0.94016
-1.04875
-1.03805
-0.990945
-0.919338
-0.83711
-0.750021
-0.660131
-0.569828
-0.482534
-0.403102
-0.341746
-0.314316
-0.391951
-0.601832
-0.778677
-0.925056
-0.976821
-0.950782
-0.94057
-0.936738
-1.07506
-1.06495
-1.01827
-0.94697
-0.865362
-0.779197
-0.690846
-0.602974
-0.519368
-0.445857
-0.392485
-0.37507
-0.472974
-0.701778
-0.84639
-0.936421
-0.952365
-0.9416
-0.928769
-0.92612
-1.10056
-1.09076
-1.04527
-0.974309
-0.893392
-0.808281
-0.721564
-0.636222
-0.556367
-0.488869
-0.444103
-0.434406
-0.562761
-0.800496
-0.943618
-0.828029
-0.905229
-0.958902
-0.977743
-0.978835
-1.12435
-1.11485
-1.07038
-1.00058
-0.920429
-0.836468
-0.751434
-0.668567
-0.592488
-0.530602
-0.495384
-0.492418
-0.661111
-0.908893
-1.18004
-1.43099
-1.26594
-1.20431
-1.20021
-1.18786
-1.14495
-1.13598
-1.09308
-1.02446
-0.945535
-0.862777
-0.779378
-0.698771
-0.626251
-0.569288
-0.543508
-0.549408
-0.772017
-1.03595
-1.30057
-1.40015
-1.39124
-1.44662
-1.43735
-1.42401
-1.16092
-1.15267
-1.11196
-1.04503
-0.967441
-0.886028
-0.804126
-0.725411
-0.655549
-0.603035
-0.584487
-0.605779
-0.865533
-1.05043
-0.898874
-0.681491
-1.06431
-1.42192
-1.47486
-1.47932
-1.17104
-1.16378
-1.12576
-1.06106
-0.984956
-0.904904
-0.824333
-0.746868
-0.678176
-0.628785
-0.614752
-0.656799
-0.934563
-1.29446
-1.57304
-1.84039
-2.17249
-2.02997
-1.76969
-1.65944
-1.17373
-1.16776
-1.13328
-1.07134
-0.996966
-0.918202
-0.838519
-0.761409
-0.692282
-0.641685
-0.629956
-0.687967
-1.04442
-1.75106
-2.76786
-3.46614
-3.74853
-3.51062
-3.01162
-2.63595
-1.16888
-1.16394
-1.13349
-1.07504
-1.00258
-0.924999
-0.84563
-0.767582
-0.695856
-0.638629
-0.617805
-0.665407
-0.993448
-1.60386
-2.35149
-2.93157
-3.11988
-2.9318
-2.60401
-2.33543
-1.1541
-1.15039
-1.12505
-1.07158
-1.00154
-0.924899
-0.845203
-0.764991
-0.687492
-0.619146
-0.568215
-0.559548
-0.615618
-0.74583
-0.779994
-0.739359
-0.526996
-0.259628
-0.0285542
0.110235
-1.13113
-1.1287
-1.10883
-1.06124
-0.994137
-0.918152
-0.83768
-0.754422
-0.669842
-0.583042
-0.497448
-0.416841
-0.252012
0.109648
0.588071
1.11698
1.57667
1.90443
2.09148
2.16595
-1.10208
-1.10068
-1.08697
-1.04557
-0.981443
-0.905815
-0.824686
-0.738674
-0.647064
-0.546192
-0.43558
-0.298051
-0.109457
0.336602
0.979049
1.61662
2.14124
2.48699
2.66818
2.74062
-1.06979
-1.06914
-1.0613
-1.02672
-0.964495
-0.889359
-0.80817
-0.72138
-0.627264
-0.520884
-0.395085
-0.257925
-0.10237
0.200179
0.746673
1.28393
1.71923
2.00634
2.15969
2.22794
-1.03585
-1.03568
-1.03191
-1.00353
-0.94353
-0.868496
-0.788767
-0.70474
-0.613376
-0.508778
-0.387686
-0.267721
-0.151233
-0.00639775
0.323339
0.692553
0.996591
1.20772
1.32475
1.37751
-0.983773
-0.984537
-0.983127
-0.960821
-0.906955
-0.837901
-0.765086
-0.689076
-0.605845
-0.508813
-0.396969
-0.293309
-0.217785
-0.153964
0.0680448
0.323007
0.531733
0.674758
0.757182
0.794301
-0.898476
-0.899378
-0.897874
-0.882076
-0.843317
-0.790602
-0.732921
-0.670756
-0.600322
-0.513776
-0.40822
-0.312887
-0.25855
-0.228894
-0.0694696
0.10263
0.231252
0.317563
0.361708
0.378089
-0.803667
-0.803881
-0.801386
-0.792035
-0.769811
-0.736646
-0.697439
-0.651892
-0.596182
-0.522058
-0.421072
-0.325131
-0.264029
-0.232798
-0.135817
-0.0392842
0.038483
0.0866289
0.110946
0.119594
-0.734153
-0.733679
-0.731174
-0.726085
-0.71535
-0.696506
-0.673076
-0.643519
-0.602772
-0.53954
-0.443594
-0.334705
-0.250183
-0.196272
-0.14661
-0.0980125
-0.065172
-0.0417401
-0.0279556
-0.023361
-0.703561
-0.702899
-0.700935
-0.698045
-0.692483
-0.683098
-0.67102
-0.655856
-0.632424
-0.586071
-0.503264
-0.382166
-0.264073
-0.19066
-0.171214
-0.151963
-0.129405
-0.110426
-0.0985889
-0.0948385
-0.703198
-0.702725
-0.701765
-0.700685
-0.698946
-0.69672
-0.695903
-0.698295
-0.702395
-0.69584
-0.651907
-0.528447
-0.382936
-0.305678
-0.280025
-0.246693
-0.207912
-0.172471
-0.14992
-0.144054
-0.718555
-0.718395
-0.718804
-0.720225
-0.723303
-0.730048
-0.744529
-0.773351
-0.825683
-0.90533
-0.952577
-0.828523
-0.626105
-0.515014
-0.471519
-0.39603
-0.315777
-0.250564
-0.211952
-0.207342
-0.734337
-0.734784
-0.736942
-0.741361
-0.750236
-0.76801
-0.802434
-0.868552
-0.997065
-1.22391
-1.44479
-1.31309
-0.991534
-0.784636
-0.682073
-0.562094
-0.43827
-0.344531
-0.296792
-0.295025
-0.733798
-0.734982
-0.738696
-0.74625
-0.759929
-0.788756
-0.84356
-0.950253
-1.16886
-1.57872
-2.02334
-1.91947
-1.4451
-1.10841
-0.935549
-0.756524
-0.60437
-0.496915
-0.456798
-0.456632
-0.701716
-0.703364
-0.707881
-0.716628
-0.734567
-0.769836
-0.837729
-0.972263
-1.24386
-1.76855
-2.34709
-2.27946
-1.74733
-1.36294
-1.14749
-0.947767
-0.814694
-0.744884
-0.721451
-0.716154
-0.631428
-0.633244
-0.637497
-0.646
-0.663316
-0.697309
-0.762456
-0.891578
-1.16016
-1.66506
-2.16915
-2.08342
-1.67596
-1.38939
-1.18918
-1.05829
-1.00229
-0.985382
-0.965683
-0.952282
-0.528716
-0.530233
-0.533338
-0.53972
-0.552919
-0.579154
-0.629579
-0.729536
-0.936488
-1.32484
-1.69621
-1.63901
-1.40627
-1.21436
-1.04948
-0.989614
-0.99989
-1.00877
-0.997778
-0.98704
-0.40903
-0.410002
-0.411576
-0.415028
-0.422673
-0.438319
-0.468638
-0.528509
-0.651534
-0.88858
-1.13357
-1.12363
-0.995711
-0.846949
-0.773944
-0.783345
-0.826821
-0.83969
-0.837291
-0.83344
-0.290743
-0.291167
-0.291402
-0.292325
-0.295057
-0.301261
-0.313656
-0.338187
-0.388211
-0.487423
-0.61054
-0.600147
-0.53298
-0.476707
-0.501896
-0.567711
-0.60327
-0.613836
-0.616
-0.615807
-0.18825
-0.188284
-0.187679
-0.187118
-0.186767
-0.186873
-0.187731
-0.190005
-0.195166
-0.203092
-0.19713
-0.190471
-0.189625
-0.237465
-0.313307
-0.37078
-0.396015
-0.406147
-0.410197
-0.411906
-0.108677
-0.108515
-0.107608
-0.10655
-0.104977
-0.102424
-0.098169
-0.0910532
-0.0791761
-0.0590165
-0.0303256
-0.010726
-0.0476996
-0.119501
-0.181593
-0.219506
-0.239388
-0.247783
-0.252396
-0.254715
-0.0525327
-0.0523207
-0.0514691
-0.0505172
-0.0489384
-0.0460217
-0.040867
-0.0321753
-0.018274
0.00224334
0.0235413
0.0252881
-0.00688511
-0.0574662
-0.0991227
-0.12511
-0.13796
-0.144255
-0.147867
-0.149801
-0.0163227
-0.016138
-0.0154949
-0.0148902
-0.0137991
-0.0115724
-0.00743255
-0.000472082
0.0101708
0.0241808
0.0348228
0.0285839
0.00419907
-0.0274568
-0.0532469
-0.0694904
-0.0780486
-0.0823014
-0.0847217
-0.0860049
0.00485332
0.00498686
0.00540324
0.00567245
0.00620717
0.00752044
0.0102006
0.0147631
0.0214552
0.0292888
0.0328829
0.0246744
0.00723676
-0.0123703
-0.0280575
-0.0381201
-0.0436005
-0.0463519
-0.0478703
-0.0486476
0.0156008
0.015686
0.0159207
0.0159559
0.0160632
0.0166236
0.0180507
0.0206038
0.0242389
0.0278928
0.0278161
0.0202102
0.00813222
-0.00416921
-0.0138192
-0.0201427
-0.0237092
-0.0255323
-0.0264903
-0.026955
0.0195479
0.0195969
0.0197105
0.0196162
0.0194551
0.0195216
0.0200767
0.0212371
0.0228571
0.0240688
0.0224648
0.0163014
0.00807449
0.000240124
-0.00581909
-0.00986603
-0.0122385
-0.0134731
-0.0140903
-0.0143746
0.01927
0.0192954
0.0193388
0.0191916
0.0189063
0.0187088
0.0187561
0.0190951
0.0195731
0.0195549
0.0175668
0.0129097
0.00736746
0.00233058
-0.00153183
-0.00415736
-0.0057499
-0.00659221
-0.0069952
-0.00716735
0.0164643
0.0164761
0.0164843
0.016331
0.0160241
0.0157246
0.0155327
0.0154631
0.0153935
0.0148971
0.0131046
0.00979691
0.0061539
0.00294612
0.000496252
-0.00119573
-0.00225037
-0.00281192
-0.00306769
-0.00317594
0.0121865
0.0121907
0.0121844
0.0120511
0.0117797
0.0114904
0.011244
0.0110453
0.010809
0.0102714
0.00894782
0.00680719
0.0045659
0.00263136
0.00115345
0.000115473
-0.000549394
-0.00090801
-0.00106857
-0.00113082
0.00706477
0.00706463
0.00705534
0.00695903
0.00676649
0.00656672
0.00638854
0.00623208
0.00604837
0.00570076
0.00495602
0.00383095
0.0026889
0.00171489
0.000968855
0.000435164
8.19532e-05
-0.000111829
-0.000197211
-0.00023364
0.0042895
0.00429801
0.00428383
0.00418645
0.00405204
0.0039256
0.00381753
0.00371211
0.00355678
0.00323388
0.00265278
0.00196227
0.00133366
0.000830431
0.000458116
0.000197087
4.00526e-05
-2.2355e-05
-4.50796e-05
-3.76201e-05
-1.01067
-0.609477
-0.335687
-0.113996
0.065548
0.210562
0.328719
0.429709
0.502231
0.501199
-0.415447
-0.229892
-0.0639121
0.0785096
0.200406
0.302974
0.387998
0.454104
0.49501
0.510774
-0.0987234
0.0145037
0.122956
0.220711
0.305897
0.378494
0.438061
0.483501
0.515711
0.536669
0.109886
0.185666
0.261676
0.33175
0.393099
0.445841
0.489763
0.52498
0.552818
0.572076
0.264157
0.315366
0.373797
0.425545
0.471931
0.512504
0.547401
0.576588
0.60053
0.616881
0.386255
0.425926
0.471101
0.511555
0.549073
0.582812
0.612505
0.637772
0.658605
0.672055
0.489596
0.523712
0.561219
0.596662
0.62981
0.660208
0.687184
0.710065
0.72858
0.73947
0.584648
0.616999
0.65273
0.68735
0.719484
0.748767
0.774497
0.795964
0.812641
0.821546
0.681868
0.71724
0.754878
0.791133
0.823753
0.852622
0.877321
0.897478
0.912581
0.920772
0.796249
0.836824
0.876459
0.913853
0.946104
0.973559
0.996452
1.01495
1.02884
1.03806
0.941005
0.984124
1.0218
1.0557
1.08398
1.10799
1.1288
1.14636
1.16034
1.17156
1.11916
1.15688
1.18525
1.2097
1.23086
1.25028
1.26864
1.28588
1.30186
1.31643
1.3171
1.33821
1.35329
1.36924
1.38561
1.40098
1.41476
1.42808
1.44363
1.46203
1.5081
1.51524
1.52578
1.53738
1.54732
1.55656
1.5669
1.57806
1.58971
1.5986
1.72112
1.7229
1.71501
1.69851
1.68741
1.68691
1.69908
1.72371
1.75786
1.78241
2.14079
1.9469
1.84586
1.78809
1.75901
1.75239
1.76761
1.80845
1.8843
2.02726
-0.765933
-0.770489
-0.732011
-0.66335
-0.580842
-0.489587
0.349031
0.421293
0.422845
0.346656
0.276183
0.200946
-0.0624778
-0.324781
-0.651569
-1.07316
-1.54181
)
;

boundaryField
{
    wall-4
    {
        type            zeroGradient;
    }
    pressure-outlet-7
    {
        type            fixedValue;
        value           uniform 0;
    }
    velocity-inlet-6
    {
        type            zeroGradient;
    }
    velocity-inlet-5
    {
        type            zeroGradient;
    }
    frontAndBackPlanes
    {
        type            empty;
    }
}


// ************************************************************************* //
