/*--------------------------------*- C++ -*----------------------------------*\
  =========                 |
  \\      /  F ield         | OpenFOAM: The Open Source CFD Toolbox
   \\    /   O peration     | Website:  https://openfoam.org
    \\  /    A nd           | Version:  9
     \\/     M anipulation  |
\*---------------------------------------------------------------------------*/
FoamFile
{
    format      ascii;
    class       volScalarField;
    location    "47";
    object      p;
}
// * * * * * * * * * * * * * * * * * * * * * * * * * * * * * * * * * * * * * //

dimensions      [0 2 -2 0 0 0 0];

internalField   nonuniform List<scalar> 
8800
(
0.852966
0.805178
0.766486
0.737488
0.71662
0.701782
0.691177
0.683686
0.678852
0.676775
0.678021
0.682193
0.688824
0.698129
0.7109
0.728628
0.753401
0.787339
0.829886
0.888588
0.684221
0.6919
0.69937
0.702676
0.701169
0.696086
0.689593
0.683505
0.678768
0.675907
0.675605
0.678089
0.68256
0.688491
0.69525
0.701522
0.705158
0.704419
0.698994
0.690301
0.662634
0.668793
0.672918
0.675857
0.6779
0.678497
0.677381
0.675263
0.673229
0.6723
0.673237
0.675597
0.678378
0.680545
0.681141
0.679934
0.677586
0.674188
0.669628
0.665866
0.656844
0.659493
0.662241
0.664638
0.666266
0.667418
0.668147
0.668249
0.667934
0.667859
0.668583
0.669728
0.670546
0.670594
0.669971
0.668869
0.667045
0.664468
0.662061
0.660557
0.65149
0.652913
0.654687
0.656713
0.658488
0.659818
0.660793
0.661571
0.662162
0.662696
0.663314
0.66378
0.663852
0.663543
0.662828
0.661566
0.659859
0.658002
0.65669
0.655859
0.646448
0.647367
0.648603
0.650161
0.651783
0.653294
0.654562
0.655606
0.656542
0.657399
0.658048
0.658337
0.658262
0.657795
0.656891
0.655673
0.65433
0.653059
0.652231
0.651681
0.641585
0.642254
0.64321
0.644502
0.645898
0.64734
0.648759
0.650055
0.651219
0.652282
0.653052
0.653371
0.653244
0.652699
0.651862
0.65089
0.649858
0.648919
0.648328
0.647924
0.636855
0.637371
0.638149
0.639268
0.64053
0.641885
0.643306
0.644746
0.646132
0.647413
0.648356
0.648764
0.648683
0.64825
0.647607
0.646849
0.646047
0.645346
0.644906
0.64459
0.632191
0.632601
0.63325
0.634244
0.635432
0.636736
0.638152
0.639669
0.64124
0.642769
0.643934
0.644511
0.644602
0.64437
0.643934
0.643376
0.64277
0.642254
0.641923
0.641667
0.627508
0.627842
0.628402
0.629315
0.630452
0.631738
0.633182
0.634788
0.63653
0.638328
0.639783
0.640626
0.64097
0.640969
0.640744
0.640393
0.639968
0.639605
0.639357
0.639144
0.622723
0.623
0.623498
0.624363
0.62548
0.626785
0.628294
0.630026
0.631978
0.634083
0.635907
0.637099
0.637745
0.638006
0.63801
0.637863
0.637616
0.637385
0.637204
0.637021
0.61775
0.617982
0.61844
0.61929
0.620425
0.621793
0.62341
0.625322
0.627547
0.630036
0.632312
0.63392
0.634919
0.635478
0.635733
0.635793
0.63572
0.635607
0.635481
0.63532
0.612506
0.612702
0.613141
0.614003
0.6152
0.616675
0.618454
0.620612
0.62319
0.626164
0.628991
0.631092
0.632499
0.633394
0.633928
0.634201
0.63431
0.634309
0.634229
0.634083
0.606897
0.607065
0.607501
0.608405
0.609703
0.611335
0.613343
0.615827
0.618857
0.62244
0.625935
0.628623
0.630508
0.631786
0.632632
0.633165
0.633452
0.633553
0.633511
0.633376
0.600813
0.600957
0.601404
0.602379
0.603825
0.605672
0.607982
0.610882
0.614477
0.618809
0.623117
0.626515
0.628971
0.630702
0.631903
0.63271
0.633199
0.633408
0.633404
0.633276
0.594129
0.594246
0.594719
0.595797
0.597441
0.599575
0.602275
0.605703
0.610005
0.615252
0.620552
0.624805
0.627942
0.630204
0.631818
0.63294
0.633654
0.633976
0.634006
0.633881
0.586679
0.586772
0.587287
0.588501
0.5904
0.592895
0.596094
0.600196
0.605389
0.611771
0.618271
0.62354
0.627477
0.630368
0.632478
0.633963
0.634927
0.635366
0.63543
0.635305
0.578241
0.578336
0.578902
0.58027
0.582498
0.585465
0.589303
0.594255
0.600555
0.608331
0.616281
0.622767
0.627653
0.63128
0.633982
0.635898
0.637143
0.63771
0.637807
0.637679
0.568535
0.56861
0.569263
0.570847
0.573497
0.577067
0.58171
0.587729
0.595408
0.604897
0.614597
0.622533
0.628549
0.633054
0.636446
0.638869
0.64044
0.641147
0.641277
0.641142
0.557189
0.557245
0.557992
0.559887
0.56308
0.567425
0.573103
0.580481
0.589883
0.601459
0.613271
0.62293
0.630273
0.635814
0.640001
0.643027
0.644967
0.645825
0.645986
0.645841
0.543674
0.543716
0.544608
0.546907
0.550817
0.556184
0.563219
0.572357
0.583949
0.598106
0.612416
0.624067
0.63294
0.639683
0.644809
0.648525
0.650873
0.651887
0.652075
0.651916
0.527235
0.527264
0.528369
0.531242
0.536138
0.542891
0.551731
0.563149
0.577477
0.594752
0.612027
0.626012
0.636652
0.644775
0.650987
0.655491
0.658286
0.659457
0.659663
0.659485
0.506774
0.506801
0.508237
0.51196
0.518268
0.526966
0.538289
0.552738
0.570555
0.591613
0.612313
0.62891
0.641533
0.651204
0.65862
0.664027
0.667292
0.668606
0.668817
0.668617
0.480514
0.480561
0.482576
0.487692
0.496201
0.507783
0.522618
0.541105
0.563284
0.58882
0.613414
0.632904
0.647692
0.659073
0.667798
0.674168
0.677892
0.679313
0.679505
0.679277
0.445429
0.445577
0.448788
0.456482
0.468733
0.484718
0.504556
0.528342
0.555864
0.586588
0.615486
0.638084
0.655155
0.668336
0.678505
0.685832
0.689942
0.691397
0.691536
0.691278
0.395768
0.39673
0.403147
0.416162
0.434937
0.457753
0.484509
0.515014
0.54886
0.585368
0.618827
0.644609
0.663997
0.67899
0.690595
0.698774
0.703115
0.704498
0.704557
0.704267
0.322604
0.329808
0.344723
0.36772
0.396228
0.428193
0.463413
0.501666
0.542554
0.585388
0.623822
0.653109
0.675077
0.692132
0.705302
0.714322
0.718874
0.720212
0.720233
0.719978
0.243683
0.260758
0.284974
0.318593
0.35726
0.398547
0.44235
0.488611
0.537018
0.586968
0.631413
0.665189
0.690537
0.710203
0.725385
0.735343
0.739947
0.741137
0.74119
0.741058
0.177979
0.198124
0.230072
0.272644
0.320285
0.370363
0.422486
0.476591
0.532362
0.589223
0.639414
0.677397
0.705863
0.727888
0.744609
0.755087
0.759598
0.760892
0.761035
0.760982
0.124161
0.145976
0.183426
0.232399
0.287104
0.344579
0.404064
0.465369
0.528063
0.591498
0.647133
0.689043
0.720354
0.744434
0.76251
0.773806
0.779015
0.780243
0.780386
0.780375
0.0792605
0.102266
0.143501
0.197558
0.257955
0.321533
0.387327
0.455023
0.524034
0.593583
0.654306
0.699874
0.733804
0.759852
0.779353
0.791649
0.797283
0.798576
0.798779
0.798798
0.0410029
0.0646998
0.108783
0.166882
0.232054
0.30082
0.37209
0.445456
0.520203
0.595396
0.660859
0.709804
0.746149
0.773963
0.794692
0.807806
0.813888
0.815426
0.815715
0.815765
0.00738382
0.0315548
0.0779115
0.139315
0.208522
0.281791
0.357914
0.436385
0.516388
0.596833
0.66672
0.718791
0.75731
0.786653
0.808389
0.8221
0.828549
0.830433
0.830792
0.830843
-0.0230622
0.00152855
0.0497524
0.113988
0.186669
0.263876
0.344342
0.427464
0.512334
0.597711
0.671776
0.726757
0.767237
0.797922
0.820462
0.834597
0.841367
0.843474
0.843865
0.843901
-0.0512597
-0.0262782
0.0235717
0.0902137
0.165961
0.246655
0.331019
0.418396
0.507809
0.597867
0.675941
0.733704
0.776011
0.807849
0.830915
0.845345
0.852306
0.854568
0.854985
0.855
-0.0779747
-0.0525593
-0.00120493
0.0675367
0.146003
0.229808
0.317693
0.408979
0.502644
0.597179
0.67917
0.739691
0.78378
0.816613
0.84008
0.854647
0.861735
0.86412
0.864522
0.864505
-0.103529
-0.077673
-0.0251701
0.0456429
0.126521
0.213115
0.304188
0.399071
0.496722
0.595572
0.681465
0.744799
0.790679
0.824452
0.848279
0.862972
0.870133
0.872526
0.87293
0.872882
-0.128318
-0.101889
-0.0483212
0.0243051
0.107333
0.196433
0.290399
0.388586
0.489969
0.592992
0.68283
0.749095
0.796835
0.831556
0.855727
0.870517
0.877678
0.880021
0.880406
0.880342
-0.152457
-0.12558
-0.0708295
0.00338902
0.0883398
0.179687
0.276268
0.377484
0.482354
0.589416
0.683265
0.75263
0.802359
0.838091
0.862635
0.877488
0.884598
0.886871
0.887175
0.887064
-0.176052
-0.148625
-0.0928383
-0.0171751
0.0695037
0.162857
0.261788
0.365755
0.473865
0.584821
0.682743
0.755417
0.807338
0.844215
0.869175
0.88404
0.890972
0.893089
0.893303
0.893146
-0.199217
-0.17119
-0.114404
-0.0374108
0.0508099
0.145954
0.246988
0.353436
0.464524
0.579192
0.681214
0.75743
0.811836
0.850065
0.875473
0.890234
0.896865
0.898732
0.898846
0.898659
-0.221953
-0.193245
-0.135516
-0.0573048
0.0322983
0.129018
0.231921
0.340579
0.45437
0.57252
0.678619
0.758604
0.815864
0.855777
0.881711
0.896181
0.902294
0.903825
0.903835
0.90363
-0.244098
-0.21475
-0.156117
-0.0768191
0.0140101
0.112121
0.216653
0.327265
0.443471
0.564834
0.674891
0.758837
0.819374
0.861466
0.888158
0.902135
0.90737
0.90839
0.908285
0.908079
-0.265627
-0.235673
-0.176189
-0.0958999
-0.00399148
0.0953277
0.201281
0.313578
0.431909
0.556164
0.669981
0.757995
0.822245
0.867163
0.895156
0.908599
0.912416
0.912506
0.912209
0.912055
-0.286604
-0.255972
-0.195699
-0.114512
-0.0216418
0.078723
0.185893
0.299623
0.41978
0.546576
0.663844
0.755935
0.824269
0.87272
0.902966
0.916418
0.918396
0.916622
0.915709
0.915816
-0.306851
-0.275621
-0.214588
-0.132588
-0.0388793
0.0623906
0.170586
0.285513
0.407201
0.536167
0.656473
0.752497
0.825159
0.877728
0.911421
0.92649
0.927446
0.922944
0.919868
0.919253
-0.326462
-0.294611
-0.232872
-0.150155
-0.0557365
0.0462852
0.155301
0.271187
0.3941
0.524858
0.647731
0.747407
0.824587
0.881588
0.9197
0.938855
0.941703
0.936105
0.927135
0.912283
-0.34536
-0.312929
-0.250672
-0.167413
-0.0725045
0.03007
0.13962
0.256159
0.379935
0.512006
0.636961
0.73986
0.821926
0.883417
0.925769
0.950666
0.956411
0.944765
0.925396
0.912351
-0.363365
-0.330714
-0.267791
-0.184133
-0.0888539
0.0140933
0.123771
0.240757
0.365016
0.497876
0.624259
0.729436
0.816468
0.882081
0.92506
0.949577
0.958755
0.936866
0.868535
0.83753
-0.379815
-0.349198
-0.283894
-0.199749
-0.104039
-0.0011394
0.108061
0.225207
0.34956
0.482596
0.609578
0.715878
0.806948
0.877009
0.912899
0.930873
0.924473
0.872001
0.802731
0.759979
-0.436215
-0.365484
-0.298612
-0.215331
-0.119628
-0.0170724
0.0924251
0.20923
0.333203
0.465721
0.592336
0.698639
0.789705
0.866539
0.872621
0.879334
0.834703
0.766604
0.690531
0.648085
-0.397566
-0.381332
-0.320477
-0.236875
-0.142405
-0.0399871
0.0685258
0.184692
0.307674
0.43867
0.563026
0.667209
0.749995
0.830021
0.820526
0.71151
0.608355
0.536542
0.463812
0.495639
-0.429083
-0.39944
-0.337564
-0.25472
-0.160195
-0.058004
0.0507845
0.166325
0.288264
0.417451
0.538889
0.638771
0.713124
0.755286
0.708503
0.56323
0.43747
0.347311
0.249007
0.300305
-0.453429
-0.42084
-0.357678
-0.27458
-0.179957
-0.0778492
0.0308827
0.145619
0.266205
0.393012
0.510692
0.604561
0.669934
0.678754
0.57441
0.403359
0.252027
0.134243
0.00349577
0.0369989
-0.477291
-0.443142
-0.378776
-0.294763
-0.199953
-0.097945
0.0103092
0.124129
0.243185
0.367263
0.480321
0.567188
0.617146
0.594983
0.438679
0.243661
0.0540687
-0.113474
-0.302213
-0.319501
-0.500533
-0.465953
-0.400676
-0.315873
-0.220825
-0.118977
-0.0113191
0.101477
0.218762
0.339758
0.44756
0.527037
0.558449
0.500608
0.309614
0.100107
-0.116841
-0.30616
-0.548728
-0.849947
-0.524085
-0.489508
-0.423672
-0.338336
-0.243032
-0.14129
-0.0341486
0.0776047
0.193034
0.310728
0.413054
0.484193
0.495934
0.387323
0.197497
-0.0115387
-0.215514
-0.38778
-0.456348
-0.53696
-0.548878
-0.514266
-0.448117
-0.362502
-0.267081
-0.165529
-0.0589876
0.0515657
0.164844
0.278749
0.375238
0.435666
0.42303
0.280783
0.0981439
-0.0919863
-0.254221
-0.346688
-0.370635
-0.386682
-0.575236
-0.54054
-0.474186
-0.388461
-0.293104
-0.191905
-0.086194
0.0228725
0.133604
0.243111
0.333276
0.380243
0.350028
0.18201
0.00822059
-0.156817
-0.282872
-0.321685
-0.33473
-0.33601
-0.603364
-0.568497
-0.501939
-0.4162
-0.321046
-0.22042
-0.115785
-0.00852548
0.0992449
0.203811
0.286832
0.319833
0.271202
0.0906946
-0.0741042
-0.221847
-0.29807
-0.314944
-0.316264
-0.316051
-0.633313
-0.598163
-0.531394
-0.445709
-0.350917
-0.251061
-0.147763
-0.0426442
0.0617738
0.16092
0.235929
0.257508
0.173453
0.00721381
-0.149554
-0.271346
-0.307632
-0.306183
-0.305197
-0.304595
-0.664791
-0.629428
-0.56244
-0.476897
-0.382624
-0.283769
-0.182094
-0.0794606
0.0212144
0.11454
0.181419
0.187026
0.0837064
-0.0706511
-0.209279
-0.284979
-0.29506
-0.297387
-0.297965
-0.297573
-0.697222
-0.661736
-0.594821
-0.509534
-0.415975
-0.318382
-0.218627
-0.118847
-0.0222831
0.0649839
0.12366
0.114857
0.00304174
-0.137068
-0.253248
-0.283808
-0.29237
-0.293913
-0.293523
-0.293041
-0.73015
-0.694564
-0.628051
-0.543218
-0.450615
-0.354575
-0.257082
-0.160525
-0.0684743
0.0129019
0.0617819
0.0469814
-0.070636
-0.192774
-0.284637
-0.300338
-0.291789
-0.290271
-0.28999
-0.289631
-0.76269
-0.727269
-0.661268
-0.577306
-0.485992
-0.391863
-0.297008
-0.204034
-0.116907
-0.0412306
-0.00154877
-0.0148737
-0.13251
-0.240092
-0.293341
-0.299794
-0.29295
-0.287539
-0.285498
-0.284957
-0.793235
-0.758612
-0.693512
-0.610875
-0.521322
-0.429527
-0.337737
-0.248722
-0.16679
-0.0969831
-0.0597592
-0.08424
-0.176322
-0.278008
-0.303806
-0.306495
-0.294696
-0.283688
-0.279602
-0.278155
-0.820238
-0.786634
-0.723647
-0.642767
-0.555542
-0.466593
-0.378377
-0.293738
-0.217097
-0.153651
-0.11567
-0.153003
-0.20474
-0.261082
-0.329663
-0.310319
-0.299554
-0.295301
-0.29271
-0.290882
-0.841573
-0.809747
-0.749469
-0.671519
-0.587312
-0.50188
-0.41778
-0.337993
-0.266863
-0.210285
-0.174393
-0.219359
-0.220754
-0.179918
-0.225112
-0.290205
-0.343828
-0.366051
-0.366254
-0.363174
-0.855009
-0.825881
-0.769268
-0.695187
-0.615055
-0.533951
-0.454616
-0.380137
-0.315007
-0.266022
-0.232677
-0.303832
-0.306825
-0.158605
-0.212262
-0.369155
-0.4651
-0.488561
-0.484739
-0.483978
-0.857865
-0.832781
-0.78097
-0.711905
-0.636961
-0.561178
-0.487275
-0.418573
-0.360012
-0.319084
-0.288019
-0.430426
-0.643816
-0.733625
-0.678584
-0.632178
-0.592779
-0.56833
-0.559106
-0.558934
-0.848223
-0.82789
-0.782392
-0.720018
-0.651434
-0.581853
-0.514013
-0.451348
-0.399631
-0.367248
-0.352399
-0.558964
-0.928159
-1.52889
-1.45417
-0.970915
-0.691274
-0.596926
-0.571646
-0.564458
-0.823788
-0.808246
-0.771709
-0.718152
-0.657258
-0.594654
-0.533076
-0.476141
-0.430228
-0.403855
-0.405731
-0.507186
-0.655793
-0.936428
-0.984343
-0.638145
-0.43501
-0.375626
-0.365014
-0.362427
-0.78661
-0.77643
-0.74935
-0.706307
-0.654191
-0.598993
-0.543316
-0.490975
-0.447485
-0.421679
-0.406684
-0.279108
0.063301
0.550107
0.636605
0.341706
0.0268892
-0.090469
-0.109838
-0.100734
-0.7427
-0.736919
-0.719789
-0.686998
-0.643981
-0.595452
-0.54484
-0.494748
-0.451066
-0.42097
-0.405377
-0.227817
0.0805084
0.36564
0.225544
-0.154477
-0.265345
-0.234465
-0.179664
-0.190783
-0.701065
-0.697667
-0.688837
-0.665354
-0.629577
-0.586319
-0.538817
-0.489353
-0.441536
-0.407889
-0.403237
-0.434039
-0.68379
-1.1882
-1.72404
-2.13187
-2.1111
-1.86358
-1.58719
-1.41846
-0.668778
-0.666652
-0.662108
-0.646195
-0.615825
-0.57507
-0.527931
-0.475209
-0.420696
-0.369607
-0.345118
-0.416476
-0.769193
-1.24872
-1.58425
-1.58834
-1.37637
-1.09046
-0.861536
-0.753523
-0.642351
-0.64149
-0.640064
-0.631344
-0.605664
-0.56555
-0.515393
-0.457193
-0.390858
-0.312797
-0.235278
-0.159308
-0.167853
-0.118747
0.00790823
0.217663
0.533956
0.801614
0.963278
1.02199
-0.625567
-0.625058
-0.624518
-0.620564
-0.599878
-0.55873
-0.503849
-0.437293
-0.358106
-0.261279
-0.136331
0.0392962
0.257855
0.569233
0.961418
1.41216
1.79879
2.05045
2.17341
2.21019
-0.614657
-0.614343
-0.613813
-0.612677
-0.597026
-0.5556
-0.495487
-0.421063
-0.330083
-0.21863
-0.0824515
0.0555792
0.296715
0.717906
1.26306
1.75959
2.13532
2.35138
2.44644
2.47089
-0.607877
-0.607143
-0.605398
-0.604484
-0.595697
-0.557719
-0.492879
-0.410676
-0.31238
-0.197925
-0.0687168
0.0695199
0.245081
0.643557
1.11549
1.54401
1.85613
2.02744
2.09945
2.11665
-0.61355
-0.610621
-0.60493
-0.603205
-0.602969
-0.569036
-0.496283
-0.404871
-0.302588
-0.187827
-0.0698779
0.0507843
0.173085
0.459588
0.829965
1.14125
1.37293
1.49743
1.54881
1.56037
-0.64673
-0.643901
-0.643224
-0.646803
-0.646648
-0.595427
-0.502917
-0.398539
-0.29256
-0.181554
-0.0778328
0.0185679
0.107377
0.300221
0.552546
0.766
0.921424
1.00492
1.03918
1.04605
-0.69755
-0.703952
-0.719505
-0.727159
-0.705943
-0.620224
-0.500566
-0.384015
-0.277905
-0.176379
-0.0908768
-0.0179843
0.0436407
0.18034
0.347094
0.48296
0.579515
0.630277
0.650538
0.65408
-0.684329
-0.69685
-0.71708
-0.723202
-0.689282
-0.588121
-0.463835
-0.351314
-0.255117
-0.169593
-0.102902
-0.0525426
-0.0102477
0.0801297
0.190998
0.280067
0.337452
0.366688
0.379192
0.380851
-0.529395
-0.541688
-0.55792
-0.562065
-0.532874
-0.459456
-0.374851
-0.292851
-0.219329
-0.154246
-0.106137
-0.0751417
-0.0490677
0.0205208
0.0905588
0.14284
0.177399
0.195253
0.20228
0.202721
-0.291699
-0.29785
-0.307553
-0.315577
-0.309978
-0.287512
-0.254121
-0.214296
-0.172167
-0.130264
-0.101614
-0.0895613
-0.0814257
-0.0285286
0.0259306
0.0621951
0.0814621
0.0897233
0.0925985
0.0925859
-0.086746
-0.0896764
-0.0973768
-0.111032
-0.12793
-0.140363
-0.143706
-0.137212
-0.122262
-0.101903
-0.0877949
-0.0855214
-0.0829917
-0.0461557
-0.0103827
0.0132784
0.0266082
0.0324781
0.0344848
0.0342404
0.0349193
0.0331344
0.0261496
0.009822
-0.0157036
-0.0426675
-0.0638323
-0.0756725
-0.0773019
-0.070756
-0.0635361
-0.0625758
-0.0586989
-0.0315746
-0.00775743
0.00444523
0.00886469
0.0102724
0.0107439
0.0104284
0.085783
0.0844648
0.0785747
0.0638405
0.0397248
0.0121774
-0.0127563
-0.0311469
-0.0406242
-0.0407085
-0.0347831
-0.0283783
-0.0201526
0.000172401
0.0100405
0.0141008
0.0149062
0.0151046
0.0153237
0.0147911
0.0966304
0.0956641
0.0912938
0.0801325
0.0614212
0.0388091
0.0164566
-0.00197206
-0.0134445
-0.0152196
-0.0063305
0.00901212
0.0270985
0.0390373
0.0384074
0.0357963
0.0339845
0.0339967
0.0334107
0.0326152
0.0896325
0.0890009
0.086048
0.0783272
0.065012
0.048135
0.0304363
0.0150087
0.00486376
0.00387002
0.0159311
0.0387193
0.0625589
0.0675109
0.0608211
0.0557453
0.0544654
0.0543745
0.0542002
0.0530614
0.0760253
0.075657
0.0737793
0.0687035
0.0596592
0.0477268
0.0345738
0.0225343
0.0143572
0.0141444
0.0272908
0.0514305
0.075299
0.0751446
0.0670936
0.0640855
0.0644671
0.0663227
0.0663039
0.0648685
0.060651
0.0604762
0.0593257
0.0560938
0.050119
0.0418938
0.0324199
0.023312
0.0166363
0.0159974
0.0265488
0.0461317
0.0632674
0.0594647
0.0535739
0.0540346
0.0578244
0.0608873
0.0610227
0.0595218
0.0456378
0.0455126
0.0448313
0.0428482
0.0390039
0.033417
0.0265979
0.0194596
0.0133321
0.0106115
0.0152067
0.0253956
0.0326019
0.0266981
0.0244391
0.0279883
0.0331428
0.0359952
0.0360594
0.0348104
0.0320379
0.0319399
0.0315157
0.0303136
0.0278696
0.0240566
0.0189868
0.0129977
0.00654161
0.000449841
-0.00345263
-0.00588404
-0.0104372
-0.017548
-0.0163754
-0.00884323
-0.00247447
-4.0651e-05
-2.60835e-06
-0.000913358
0.0204617
0.0203656
0.020061
0.0193462
0.0178265
0.0151849
0.0112186
0.00575707
-0.00152467
-0.011448
-0.0246364
-0.0405057
-0.0587098
-0.0665718
-0.0580435
-0.0474628
-0.0408415
-0.0388551
-0.0387184
-0.0391806
0.0114135
0.0112995
0.0110556
0.0105941
0.00963528
0.00773423
0.00446519
-0.000723124
-0.00882775
-0.0220612
-0.0429555
-0.0717683
-0.096309
-0.100024
-0.088185
-0.0769364
-0.0716965
-0.0701134
-0.0698266
-0.0700047
0.0050427
0.00491069
0.00468898
0.0043452
0.00372243
0.00225547
-0.000514359
-0.00527298
-0.0135187
-0.0283817
-0.0533363
-0.0859551
-0.116147
-0.11398
-0.100424
-0.0908851
-0.0876905
-0.0872629
-0.0868845
-0.0868485
0.00119491
0.0010832
0.000883041
0.000610078
0.000115655
-0.00101627
-0.00328876
-0.00748584
-0.0149512
-0.0289632
-0.0533215
-0.0860114
-0.108562
-0.102775
-0.0921858
-0.086701
-0.086366
-0.0868453
-0.086427
-0.0862902
-0.000597762
-0.000703351
-0.00087366
-0.00109139
-0.00144546
-0.00224635
-0.00390769
-0.00709766
-0.0129042
-0.0239748
-0.0429048
-0.0669447
-0.0802392
-0.0739215
-0.0676405
-0.0672201
-0.0685529
-0.0693677
-0.0691337
-0.0691107
-0.000887184
-0.000973553
-0.00109288
-0.00121144
-0.00140991
-0.00185346
-0.00282582
-0.00466487
-0.00805962
-0.0145847
-0.0252604
-0.0376719
-0.0424113
-0.037009
-0.0368012
-0.0381653
-0.0399396
-0.0405672
-0.0405098
-0.0406898
-9.46107e-05
-0.000120652
-0.000132923
-0.000195081
-0.000292641
-0.000329006
-0.000425423
-0.000661452
-0.00118198
-0.0020185
-0.00351795
-0.00561109
-0.00711133
-0.00628253
-0.00809574
-0.01011
-0.0112109
-0.0102026
-0.00958573
-0.0091323
-0.0709968
0.0971479
0.293788
0.465293
0.602701
0.711365
0.801446
0.877964
0.91259
0.889282
0.234974
0.356657
0.487615
0.600951
0.696646
0.775975
0.840198
0.885737
0.908538
0.920571
0.455933
0.539453
0.628959
0.708137
0.776282
0.833309
0.878642
0.911742
0.935635
0.953583
0.618041
0.677693
0.740073
0.797612
0.84771
0.890247
0.925171
0.953015
0.97591
0.99419
0.7444
0.787877
0.834165
0.878284
0.91726
0.951291
0.980408
1.00463
1.02508
1.04291
0.849281
0.882372
0.920701
0.956449
0.989253
1.01865
1.04432
1.0659
1.08379
1.10114
0.942181
0.970997
1.00511
1.03738
1.06743
1.0947
1.11852
1.1383
1.15383
1.17091
1.03098
1.06027
1.09436
1.12648
1.15616
1.1828
1.20571
1.22424
1.23763
1.25466
1.12643
1.15969
1.19638
1.23001
1.2601
1.28632
1.3083
1.3256
1.33749
1.35489
1.2415
1.27936
1.31804
1.35231
1.38168
1.40645
1.42685
1.44275
1.45423
1.4723
1.38649
1.42505
1.46122
1.49192
1.51761
1.53972
1.55879
1.57433
1.58677
1.60476
1.5616
1.59323
1.61942
1.64188
1.66187
1.6806
1.69832
1.71481
1.73016
1.74823
1.75024
1.76744
1.78248
1.79872
1.81463
1.82917
1.84238
1.85631
1.87385
1.89401
1.93196
1.9415
1.95305
1.96386
1.97315
1.98273
1.99352
2.00489
2.01625
2.03161
2.13921
2.14287
2.12793
2.11312
2.10684
2.11252
2.131
2.16131
2.19349
2.22015
2.44553
2.31066
2.23403
2.19165
2.17423
2.17819
2.20559
2.26201
2.36463
2.58899
0.743566
0.741436
0.736952
0.728324
0.716095
0.70396
0.693723
0.685814
0.680179
0.676902
0.676518
0.679227
0.684307
0.691511
0.700885
0.712415
0.725059
0.736089
0.742199
0.745251
0.668027
0.673873
0.680205
0.684693
0.687158
0.686827
0.68408
0.680257
0.676728
0.674443
0.674265
0.67643
0.680067
0.684335
0.688127
0.689999
0.689055
0.685567
0.6804
0.673779
0.659615
0.661911
0.665312
0.668303
0.670372
0.67186
0.672603
0.672271
0.671226
0.670315
0.670455
0.671846
0.673632
0.674914
0.675077
0.674172
0.672613
0.670269
0.667
0.664077
0.654123
0.655209
0.657039
0.659411
0.661427
0.662844
0.663851
0.664585
0.664963
0.665154
0.665604
0.66637
0.666933
0.666971
0.666536
0.66567
0.664187
0.662093
0.66
0.658614
0.648944
0.649607
0.650712
0.65241
0.654182
0.655802
0.657081
0.658076
0.65893
0.659682
0.660364
0.660866
0.661017
0.660815
0.66022
0.659143
0.657698
0.656141
0.654814
0.654032
0.643999
0.64446
0.645243
0.646533
0.648009
0.649512
0.650958
0.652231
0.653333
0.654344
0.655201
0.655708
0.6558
0.655482
0.654749
0.653731
0.652582
0.651433
0.650507
0.649987
0.63921
0.639555
0.640162
0.641222
0.642503
0.64386
0.645277
0.646694
0.648027
0.649253
0.650292
0.650908
0.651018
0.650686
0.650042
0.649228
0.648347
0.647459
0.646773
0.646393
0.634523
0.634791
0.635281
0.636181
0.637336
0.638613
0.639981
0.641435
0.642928
0.644383
0.645644
0.64642
0.646637
0.646445
0.645994
0.645386
0.644698
0.64403
0.643523
0.643233
0.62986
0.630073
0.63048
0.631268
0.632342
0.633567
0.634921
0.636415
0.638029
0.639706
0.641233
0.642244
0.642677
0.642705
0.642467
0.642064
0.64157
0.641086
0.640715
0.640487
0.625136
0.625308
0.625656
0.626371
0.627396
0.628597
0.629973
0.631541
0.633298
0.635209
0.637052
0.638389
0.639117
0.639407
0.639399
0.639207
0.638909
0.638586
0.638328
0.638147
0.620268
0.620407
0.620713
0.621383
0.622389
0.62361
0.625047
0.62673
0.62868
0.630878
0.633106
0.634852
0.635934
0.636527
0.636778
0.636806
0.636698
0.63653
0.636365
0.636219
0.615171
0.615283
0.615561
0.616211
0.617233
0.61852
0.620061
0.621913
0.624124
0.626688
0.629395
0.631632
0.633129
0.634068
0.634608
0.63487
0.634955
0.634938
0.634855
0.634737
0.609757
0.609846
0.610107
0.610761
0.611836
0.61323
0.61493
0.617019
0.61957
0.622606
0.625905
0.628728
0.630713
0.632049
0.63291
0.633445
0.633738
0.633861
0.633849
0.633753
0.603925
0.603992
0.604246
0.604927
0.606093
0.607642
0.609563
0.611966
0.614947
0.618571
0.622596
0.62613
0.628697
0.630501
0.631731
0.632564
0.633086
0.633358
0.633413
0.633336
0.597556
0.597603
0.597858
0.598589
0.599885
0.601643
0.603857
0.606662
0.61019
0.614544
0.619456
0.62385
0.627115
0.629472
0.631132
0.6323
0.633085
0.633516
0.633638
0.633576
0.590511
0.590539
0.590798
0.5916
0.59307
0.5951
0.59769
0.601008
0.605226
0.610479
0.616475
0.621911
0.626013
0.629025
0.631193
0.632749
0.633834
0.634439
0.634627
0.634579
0.582603
0.582619
0.582877
0.583779
0.585475
0.587844
0.59092
0.594898
0.59999
0.606373
0.613695
0.620371
0.625453
0.629232
0.632001
0.63403
0.635452
0.636244
0.636502
0.636465
0.573544
0.573527
0.573846
0.574879
0.576857
0.579671
0.583368
0.588171
0.594349
0.602119
0.611054
0.619228
0.625489
0.630182
0.633663
0.636255
0.638068
0.639072
0.639401
0.639374
0.56306
0.563017
0.563379
0.564601
0.566938
0.570324
0.57481
0.580666
0.588213
0.597701
0.608597
0.618562
0.626212
0.631985
0.636306
0.639548
0.641819
0.64306
0.643466
0.643445
0.550678
0.550608
0.551046
0.552509
0.555321
0.559455
0.564965
0.572175
0.581463
0.593089
0.60636
0.618451
0.627722
0.634753
0.640068
0.644064
0.64686
0.648361
0.648844
0.648826
0.535767
0.535668
0.536225
0.538033
0.541482
0.546621
0.553495
0.562486
0.574006
0.588293
0.604415
0.618983
0.630138
0.638616
0.645081
0.64995
0.653336
0.655113
0.655669
0.655649
0.517417
0.517289
0.518039
0.520347
0.524686
0.531214
0.539946
0.551301
0.565683
0.583243
0.602766
0.62022
0.63353
0.643671
0.651443
0.65731
0.661358
0.663423
0.664041
0.664011
0.494226
0.49408
0.495159
0.498245
0.503928
0.512496
0.52388
0.53848
0.556602
0.578218
0.601717
0.622398
0.638074
0.650044
0.659253
0.666239
0.670987
0.673328
0.673984
0.673933
0.46386
0.463735
0.465418
0.469862
0.47781
0.489565
0.50484
0.523884
0.546767
0.573241
0.601294
0.625577
0.643832
0.657769
0.668541
0.676744
0.682173
0.684736
0.68539
0.685305
0.422194
0.422231
0.425258
0.432556
0.444695
0.46167
0.482719
0.507769
0.536617
0.568795
0.601898
0.629982
0.650911
0.666881
0.67928
0.688707
0.69471
0.697367
0.697959
0.69783
0.361534
0.362716
0.37016
0.383814
0.403646
0.428934
0.458117
0.490817
0.526718
0.565262
0.603731
0.635721
0.659333
0.677301
0.691273
0.701756
0.708164
0.710703
0.711125
0.710955
0.289189
0.290941
0.305223
0.32878
0.359422
0.394537
0.432626
0.473532
0.517061
0.562707
0.607503
0.644435
0.671661
0.692353
0.70833
0.720126
0.72695
0.729484
0.729927
0.729864
0.214389
0.220538
0.241657
0.27536
0.316312
0.360997
0.40798
0.45716
0.50842
0.561303
0.612635
0.654718
0.685682
0.709311
0.727587
0.740637
0.747629
0.749869
0.750137
0.750149
0.153252
0.16168
0.187402
0.22811
0.27707
0.329905
0.384903
0.441819
0.500451
0.560304
0.617893
0.664833
0.699257
0.725443
0.745533
0.759626
0.766723
0.768988
0.769595
0.769689
0.103478
0.112498
0.141771
0.1877
0.242759
0.302159
0.363927
0.427671
0.493026
0.559383
0.62287
0.674359
0.711987
0.740532
0.762325
0.777518
0.785282
0.78812
0.788853
0.788974
0.0616866
0.0709931
0.102726
0.152654
0.212696
0.277547
0.345044
0.414747
0.48613
0.558453
0.627419
0.683145
0.723731
0.754448
0.777917
0.794188
0.802828
0.806065
0.806915
0.807034
0.0255194
0.0349529
0.068548
0.121674
0.185826
0.255317
0.327807
0.40278
0.479607
0.557412
0.631483
0.691141
0.734446
0.767106
0.791971
0.809192
0.818516
0.822092
0.823063
0.823189
-0.00667032
0.00282008
0.0378497
0.0936846
0.161285
0.234765
0.311666
0.391376
0.473181
0.556075
0.634932
0.698268
0.74405
0.778442
0.80446
0.822426
0.832286
0.836202
0.837207
0.837334
-0.0361257
-0.0265743
0.00963018
0.0678019
0.138382
0.215351
0.296165
0.380164
0.466556
0.554224
0.637626
0.70445
0.75254
0.788473
0.815449
0.833907
0.844148
0.848282
0.849334
0.849446
-0.063673
-0.0540615
-0.0167921
0.0433699
0.116609
0.196666
0.280976
0.36887
0.45951
0.551687
0.639458
0.709673
0.759997
0.797344
0.825071
0.84381
0.85421
0.858519
0.859658
0.85975
-0.0898562
-0.0801511
-0.0418904
0.0199657
0.0956003
0.178404
0.265862
0.357308
0.451887
0.548337
0.640361
0.713964
0.766535
0.805235
0.833585
0.852578
0.863073
0.867457
0.868581
0.868666
-0.115128
-0.10523
-0.0661205
-0.00263709
0.0751066
0.160366
0.250665
0.34535
0.443588
0.544093
0.640303
0.71737
0.772259
0.812314
0.84126
0.860466
0.871053
0.875419
0.876503
0.876517
-0.139705
-0.129572
-0.089683
-0.0246284
0.0549744
0.142429
0.23529
0.332931
0.434549
0.538913
0.639269
0.719918
0.777259
0.818728
0.848291
0.867692
0.878305
0.882616
0.883642
0.883652
-0.163675
-0.153316
-0.112576
-0.0461584
0.0351204
0.124545
0.219702
0.320021
0.424754
0.532764
0.637232
0.721619
0.781597
0.824612
0.85486
0.874461
0.885043
0.889221
0.890148
0.890116
-0.187166
-0.176486
-0.134991
-0.067279
0.0155114
0.106694
0.203902
0.306634
0.414214
0.525652
0.634161
0.722443
0.785309
0.830084
0.861126
0.880884
0.891318
0.895279
0.896053
0.895968
-0.210145
-0.19917
-0.15691
-0.0880091
-0.00384689
0.0888992
0.187935
0.292818
0.402969
0.517585
0.630023
0.722324
0.788386
0.835238
0.867237
0.887084
0.897179
0.900777
0.901373
0.901242
-0.23265
-0.221353
-0.178282
-0.108314
-0.0229218
0.071203
0.171851
0.278641
0.391083
0.508598
0.624786
0.721183
0.790761
0.840128
0.873385
0.893268
0.902748
0.905768
0.906138
0.90597
-0.254498
-0.242951
-0.199097
-0.128146
-0.0416563
0.0536858
0.155726
0.264181
0.378637
0.498756
0.618433
0.718926
0.792324
0.844741
0.879781
0.89981
0.908306
0.910348
0.910366
0.910169
-0.275824
-0.26392
-0.21933
-0.14748
-0.0600141
0.0363924
0.139654
0.249525
0.365725
0.488144
0.610975
0.715447
0.792909
0.848939
0.886537
0.907254
0.914529
0.914886
0.914118
0.913867
-0.296459
-0.28423
-0.238946
-0.166264
-0.0779124
0.0194101
0.12372
0.234796
0.35246
0.47683
0.602456
0.710653
0.792315
0.852444
0.893501
0.916118
0.922753
0.92073
0.917972
0.916845
-0.31646
-0.303922
-0.257887
-0.18444
-0.0953097
0.00281074
0.108009
0.220077
0.338955
0.464953
0.592949
0.704459
0.790323
0.854836
0.900054
0.926241
0.934421
0.931256
0.924487
0.915564
-0.335742
-0.322952
-0.27625
-0.202166
-0.112417
-0.013688
0.0921811
0.204958
0.324752
0.451995
0.581905
0.696275
0.786383
0.855627
0.905313
0.93656
0.949592
0.947728
0.937576
0.9311
-0.35425
-0.341236
-0.294027
-0.219401
-0.129228
-0.0300868
0.0762537
0.189422
0.309807
0.437844
0.569139
0.68574
0.779766
0.854033
0.90711
0.942168
0.957807
0.960775
0.923253
0.870892
-0.371696
-0.357984
-0.311096
-0.236068
-0.145848
-0.0465327
0.0601792
0.173588
0.294182
0.422561
0.554586
0.672657
0.769438
0.849543
0.903273
0.933053
0.949029
0.93345
0.876953
0.814141
-0.388404
-0.373787
-0.327326
-0.251462
-0.161878
-0.0625487
0.0437278
0.15751
0.278022
0.406317
0.538267
0.65682
0.754251
0.843011
0.891465
0.939429
0.902601
0.856998
0.786749
0.719628
-0.374508
-0.356095
-0.305899
-0.225493
-0.130524
-0.0278974
0.0836011
0.200202
0.323883
0.455979
0.582125
0.68816
0.777619
0.871907
0.913161
0.832298
0.783069
0.718034
0.645072
0.597137
-0.399016
-0.382592
-0.346256
-0.275882
-0.186681
-0.0880448
0.0184942
0.131749
0.251637
0.378883
0.509177
0.626138
0.721138
0.802425
0.875814
0.870238
0.746927
0.662201
0.598676
0.51622
-0.419421
-0.403602
-0.361549
-0.289782
-0.200168
-0.101891
0.0035126
0.115884
0.234861
0.360782
0.489441
0.604236
0.696092
0.765886
0.791885
0.715862
0.576661
0.480863
0.405505
0.317905
-0.440253
-0.427559
-0.38097
-0.307869
-0.218136
-0.119558
-0.0141543
0.0979485
0.21609
0.340581
0.466449
0.576668
0.659934
0.715449
0.692248
0.56187
0.410859
0.293982
0.196258
0.0603854
-0.464319
-0.451176
-0.402462
-0.328152
-0.238106
-0.139441
-0.0341107
0.0774648
0.194578
0.317255
0.43975
0.544569
0.619538
0.653781
0.59532
0.413625
0.233397
0.0814941
-0.0583034
-0.254203
-0.487401
-0.474604
-0.424659
-0.349103
-0.258511
-0.159852
-0.0548634
0.0559213
0.171757
0.292243
0.410932
0.509665
0.576551
0.577639
0.469538
0.273128
0.0614833
-0.137596
-0.31183
-0.704166
-0.51057
-0.498129
-0.447659
-0.371166
-0.280126
-0.181402
-0.0767648
0.0332136
0.147655
0.265703
0.380228
0.472051
0.527559
0.49653
0.346942
0.148157
-0.067788
-0.278225
-0.456484
-0.732834
-0.534696
-0.522398
-0.471707
-0.394614
-0.303253
-0.204458
-0.100128
0.00906999
0.12206
0.237492
0.347589
0.432106
0.473333
0.425548
0.237313
0.0456776
-0.15038
-0.316004
-0.387174
-0.42544
-0.560277
-0.54811
-0.497191
-0.419765
-0.328288
-0.229592
-0.125723
-0.0175298
0.0936892
0.206028
0.311051
0.387631
0.413173
0.331438
0.139885
-0.0396403
-0.202516
-0.307744
-0.345179
-0.354448
-0.587492
-0.575371
-0.524277
-0.446636
-0.355175
-0.256757
-0.153569
-0.0466389
0.0624456
0.171199
0.270449
0.338893
0.338743
0.227421
0.0510733
-0.11483
-0.252678
-0.307585
-0.319609
-0.32454
-0.616556
-0.604423
-0.55304
-0.47524
-0.383907
-0.285955
-0.183668
-0.0782999
0.0282897
0.133027
0.225854
0.285418
0.26069
0.130204
-0.0316577
-0.187651
-0.28558
-0.314435
-0.310411
-0.310447
-0.647206
-0.635261
-0.583446
-0.505535
-0.414444
-0.317137
-0.216007
-0.112499
-0.00876972
0.0915156
0.177527
0.226242
0.192377
0.0406015
-0.106817
-0.243549
-0.283592
-0.295949
-0.30076
-0.300851
-0.679238
-0.667237
-0.615273
-0.537349
-0.446648
-0.350196
-0.250491
-0.149161
-0.0486815
0.0468247
0.125653
0.163861
0.12451
-0.0362465
-0.172784
-0.26733
-0.31251
-0.299267
-0.295793
-0.29542
-0.712127
-0.700126
-0.648278
-0.570364
-0.480223
-0.384875
-0.286886
-0.18808
-0.0912468
-0.000750631
0.0706415
0.10091
0.0417116
-0.103589
-0.225998
-0.275711
-0.290305
-0.291947
-0.292309
-0.291874
-0.745094
-0.733228
-0.681335
-0.604024
-0.514691
-0.42075
-0.324827
-0.228907
-0.136102
-0.0509093
0.0138128
0.0301844
-0.035637
-0.16233
-0.2615
-0.282566
-0.287633
-0.28957
-0.288533
-0.288051
-0.776973
-0.765534
-0.713898
-0.637437
-0.549345
-0.457196
-0.363729
-0.271091
-0.182639
-0.103216
-0.043195
-0.0403017
-0.100186
-0.209564
-0.295547
-0.337882
-0.307983
-0.290021
-0.283267
-0.281775
-0.806251
-0.795301
-0.744732
-0.669446
-0.583215
-0.493332
-0.402799
-0.313874
-0.230072
-0.156699
-0.100593
-0.102608
-0.158529
-0.228392
-0.323359
-0.310325
-0.300333
-0.289954
-0.283748
-0.281266
-0.831241
-0.820998
-0.771925
-0.698779
-0.615054
-0.528003
-0.440988
-0.356268
-0.277448
-0.210092
-0.159233
-0.160516
-0.210677
-0.211871
-0.234545
-0.282453
-0.30711
-0.317684
-0.319589
-0.317819
-0.84962
-0.840294
-0.79353
-0.723482
-0.643245
-0.559892
-0.476993
-0.397047
-0.323634
-0.262424
-0.21801
-0.221771
-0.275905
-0.176506
-0.0578161
-0.240076
-0.359976
-0.421834
-0.431048
-0.426254
-0.859305
-0.850818
-0.807456
-0.741615
-0.66593
-0.587335
-0.509375
-0.434714
-0.367242
-0.312499
-0.277118
-0.293592
-0.416599
-0.433386
-0.365203
-0.43388
-0.50942
-0.53351
-0.528125
-0.524026
-0.85618
-0.849124
-0.811963
-0.751219
-0.681348
-0.608614
-0.536424
-0.467568
-0.406436
-0.358902
-0.337799
-0.383373
-0.638078
-1.01234
-1.1529
-0.94204
-0.731434
-0.620889
-0.588742
-0.580538
-0.838618
-0.833819
-0.80423
-0.750939
-0.688048
-0.622244
-0.556456
-0.493697
-0.438589
-0.398729
-0.390757
-0.449347
-0.709004
-1.22948
-1.56733
-1.18676
-0.753039
-0.561089
-0.513932
-0.499998
-0.806985
-0.803491
-0.782897
-0.739592
-0.685405
-0.627322
-0.568292
-0.511182
-0.46063
-0.425447
-0.416773
-0.41565
-0.336133
-0.170347
-0.171673
-0.156367
-0.173266
-0.192475
-0.198756
-0.202356
-0.765342
-0.763126
-0.750896
-0.719067
-0.674301
-0.62416
-0.571553
-0.518941
-0.47113
-0.434547
-0.417119
-0.345991
-0.0211416
0.512448
1.10028
0.820194
0.337746
0.0104439
-0.0805655
-0.0976377
-0.721323
-0.720047
-0.713665
-0.693479
-0.658128
-0.61443
-0.567198
-0.517669
-0.46925
-0.429539
-0.408692
-0.373326
-0.301439
-0.39663
-0.660037
-1.10095
-1.24229
-1.11922
-0.887647
-0.719913
-0.683642
-0.682959
-0.679905
-0.66725
-0.640183
-0.602203
-0.557835
-0.508667
-0.457769
-0.408954
-0.383163
-0.397237
-0.625527
-1.15766
-1.77908
-2.1936
-2.25547
-2.06877
-1.74288
-1.60555
-0.654825
-0.654
-0.65237
-0.646753
-0.626121
-0.591365
-0.546639
-0.494847
-0.436522
-0.374547
-0.313064
-0.251697
-0.385357
-0.569167
-0.722394
-0.677244
-0.464222
-0.174738
0.0585997
0.184432
-0.633096
-0.632708
-0.631937
-0.62984
-0.616518
-0.58368
-0.536712
-0.479319
-0.412189
-0.333907
-0.234996
-0.129272
0.0464152
0.207907
0.450595
0.735133
1.10098
1.42285
1.62542
1.71376
-0.619691
-0.619464
-0.618971
-0.618072
-0.610678
-0.579887
-0.529574
-0.46567
-0.387812
-0.293788
-0.173509
-0.0309823
0.159436
0.469259
0.928167
1.44566
1.89724
2.20888
2.374
2.43503
-0.610626
-0.610516
-0.609906
-0.609389
-0.605646
-0.579532
-0.526886
-0.456056
-0.369532
-0.26577
-0.143578
-0.00171254
0.150767
0.468028
0.963614
1.46779
1.89033
2.15814
2.2906
2.33569
-0.60809
-0.607463
-0.60459
-0.601314
-0.601257
-0.584819
-0.530783
-0.45223
-0.359083
-0.251229
-0.132219
-0.00187776
0.122777
0.355399
0.774826
1.17265
1.49985
1.7077
1.80737
1.84057
-0.627212
-0.625119
-0.620133
-0.617486
-0.620083
-0.606701
-0.542975
-0.452041
-0.350472
-0.242418
-0.129076
-0.0183029
0.0875835
0.232573
0.532024
0.82092
1.05076
1.19622
1.2651
1.288
-0.674419
-0.672397
-0.675425
-0.684241
-0.686387
-0.65376
-0.559321
-0.448143
-0.338581
-0.232755
-0.129939
-0.0403842
0.0405172
0.142391
0.342654
0.533124
0.681257
0.775336
0.819078
0.833796
-0.70615
-0.709897
-0.727215
-0.743363
-0.736894
-0.673577
-0.550994
-0.427271
-0.317587
-0.219945
-0.133116
-0.0652686
-0.00901707
0.0588196
0.196697
0.322769
0.414523
0.470089
0.494552
0.502916
-0.622395
-0.627868
-0.647234
-0.661509
-0.650443
-0.586157
-0.479366
-0.37405
-0.280381
-0.200057
-0.132036
-0.0843914
-0.0457287
0.00258969
0.0916999
0.172379
0.228587
0.262344
0.278049
0.282995
-0.410889
-0.416794
-0.428744
-0.439731
-0.435441
-0.400789
-0.345507
-0.28491
-0.225254
-0.169119
-0.122139
-0.0929636
-0.0745535
-0.0396495
0.0270627
0.0792493
0.112396
0.130375
0.137925
0.139865
-0.178402
-0.181511
-0.187694
-0.197923
-0.20818
-0.210095
-0.20319
-0.185879
-0.161325
-0.131691
-0.104929
-0.0917177
-0.0898224
-0.0658573
-0.0183364
0.0196873
0.0424944
0.0536436
0.0581151
0.0592527
-0.0142594
-0.0160766
-0.0202952
-0.0315259
-0.0512776
-0.0752037
-0.0938468
-0.103384
-0.102818
-0.0934888
-0.0808564
-0.0756417
-0.0778913
-0.0595006
-0.0251835
-0.00258302
0.00989272
0.0155094
0.0176433
0.0181468
0.067951
0.0667269
0.0634057
0.0525891
0.0313054
0.00307121
-0.0238204
-0.044453
-0.0558976
-0.0576294
-0.0522417
-0.0476048
-0.0461467
-0.032457
-0.00713084
0.00514008
0.00945358
0.010519
0.0108296
0.010768
0.0949698
0.0941743
0.0916047
0.0829067
0.0652888
0.0410127
0.0157057
-0.00630148
-0.0215809
-0.0280105
-0.0245419
-0.0149691
-0.00378534
0.0102894
0.0215292
0.0240656
0.0233654
0.0226797
0.0231204
0.0228225
0.0946987
0.0942237
0.0924185
0.0862348
0.0734282
0.0551548
0.0348122
0.0157771
0.00132993
-0.00542917
-0.000832582
0.0152665
0.0375873
0.0554618
0.0532796
0.0488236
0.0457559
0.0452393
0.0448974
0.0440981
0.0833531
0.0831168
0.0819513
0.0778548
0.0691259
0.0562283
0.0411006
0.0261948
0.0143842
0.00889098
0.0148223
0.0345718
0.0612401
0.0791413
0.0708202
0.0634381
0.0608971
0.0612318
0.0619489
0.0610272
0.0684211
0.0683391
0.0676332
0.0650355
0.0593002
0.0505013
0.0397362
0.0286173
0.019352
0.0148386
0.0205467
0.039126
0.0631321
0.0752169
0.0652506
0.0614042
0.062569
0.0654915
0.0668447
0.0656891
0.0529892
0.0529948
0.0525892
0.0510008
0.0473342
0.041461
0.0339325
0.0257081
0.0183285
0.0138656
0.0168514
0.0292867
0.044921
0.0495419
0.042175
0.04159
0.0450954
0.0491186
0.0505131
0.0497183
0.0385944
0.0386092
0.0383449
0.0373748
0.035096
0.0312378
0.0259474
0.019676
0.0131978
0.00763798
0.00563898
0.00847294
0.0123783
0.0101552
0.00201723
0.00787453
0.0137133
0.0180968
0.0190826
0.0183482
0.0259321
0.0259435
0.0257312
0.0251405
0.0237688
0.0212508
0.0174332
0.0123467
0.00608922
-0.0013094
-0.00962195
-0.0187123
-0.0296461
-0.041231
-0.042055
-0.0334371
-0.0248406
-0.0205301
-0.0194907
-0.0198836
0.0155875
0.0155712
0.015392
0.0150022
0.0141696
0.012504
0.00962603
0.00523373
-0.00117391
-0.0105756
-0.0248357
-0.0454137
-0.068676
-0.0848869
-0.0808484
-0.069108
-0.0599996
-0.0563405
-0.0556838
-0.0556246
0.00790108
0.00785736
0.00766942
0.00736786
0.00679923
0.00571041
0.00343118
-0.00043492
-0.00690188
-0.0176802
-0.0357315
-0.0646971
-0.0987252
-0.11274
-0.103685
-0.090756
-0.0833037
-0.0809216
-0.0806417
-0.0802864
0.00286717
0.00281044
0.00261742
0.00235315
0.00196499
0.00110865
-0.000710089
-0.00413003
-0.0101228
-0.0208271
-0.0403264
-0.0709562
-0.106049
-0.11618
-0.104999
-0.0935915
-0.0896214
-0.0891528
-0.0891516
-0.0886875
9.86981e-05
3.05841e-05
-0.000125091
-0.000338544
-0.000638347
-0.0012675
-0.00266939
-0.00542033
-0.0104163
-0.019603
-0.0367661
-0.0635181
-0.0909038
-0.0944715
-0.0845487
-0.0788121
-0.078572
-0.0794471
-0.0796184
-0.0792955
-0.000874819
-0.000944318
-0.00106943
-0.00122713
-0.00143229
-0.00184213
-0.00279211
-0.00461356
-0.00805483
-0.0144246
-0.0262921
-0.0444957
-0.0604606
-0.0590101
-0.0534342
-0.0524579
-0.0543941
-0.0557685
-0.0558698
-0.0557833
-0.000112191
-0.000124459
-0.000152557
-0.000251918
-0.000312723
-0.000352337
-0.000518178
-0.000876229
-0.00155189
-0.00269045
-0.00464
-0.00649955
-0.00663938
-0.00666643
-0.00852321
-0.0112099
-0.0107864
-0.00981838
-0.00930358
-0.0243677
-1.11294
-0.42862
0.0228464
0.283659
0.471884
0.616572
0.729405
0.821449
0.919257
1.01084
-0.05648
0.140157
0.31948
0.4706
0.597128
0.70055
0.784967
0.854049
0.896869
0.900924
0.279833
0.396282
0.510284
0.611837
0.699297
0.773106
0.833579
0.879512
0.90908
0.926825
0.492292
0.571456
0.649966
0.721838
0.784569
0.838142
0.882226
0.916805
0.943098
0.962246
0.647767
0.701567
0.760791
0.814344
0.861195
0.901969
0.936576
0.965287
0.988773
1.00582
0.770687
0.811666
0.857676
0.898035
0.935461
0.968853
0.998089
1.02308
1.04396
1.05824
0.873709
0.908242
0.945416
0.979747
1.01205
1.04171
1.06808
1.09071
1.10939
1.12115
0.967099
0.998169
1.03218
1.06482
1.09558
1.12394
1.14908
1.17036
1.18731
1.19686
1.05816
1.0907
1.12602
1.16004
1.19135
1.21963
1.24419
1.26451
1.27997
1.28819
1.16013
1.19763
1.23592
1.27216
1.30421
1.33207
1.35551
1.3745
1.38864
1.39713
1.28705
1.32942
1.3686
1.40445
1.43485
1.46052
1.48206
1.49968
1.51318
1.52335
1.44858
1.49002
1.52372
1.55327
1.57779
1.59931
1.61889
1.63631
1.65105
1.66374
1.63898
1.66978
1.69101
1.71013
1.72819
1.74541
1.76162
1.77744
1.79395
1.81087
1.83683
1.84822
1.85926
1.87335
1.88763
1.90047
1.91183
1.92268
1.93558
1.95246
2.02263
2.03253
2.04117
2.04361
2.04448
2.04873
2.05953
2.07547
2.09309
2.09769
2.32367
2.26826
2.21743
2.17718
2.15479
2.15074
2.16424
2.19804
2.25447
2.33003
0.885779
0.827085
0.784602
0.75074
0.726078
0.708517
0.695996
0.687052
0.680921
0.677412
0.676988
0.679814
0.685227
0.693145
0.704053
0.719095
0.740098
0.769189
0.807949
0.855773
0.687336
0.696091
0.701619
0.702437
0.698947
0.692892
0.686445
0.680952
0.677086
0.675399
0.676535
0.680096
0.685351
0.691808
0.698562
0.703824
0.705445
0.702206
0.69486
0.687191
0.664379
0.666409
0.671012
0.674518
0.677021
0.678438
0.678135
0.676378
0.674161
0.672556
0.672529
0.674314
0.677003
0.679603
0.681067
0.680718
0.678854
0.676048
0.671994
0.667611
0.657487
0.658353
0.660832
0.663539
0.665541
0.666889
0.667856
0.668283
0.668109
0.667815
0.668118
0.669156
0.670214
0.670666
0.670342
0.669482
0.668062
0.665816
0.663173
0.661205
0.651859
0.65232
0.653712
0.655726
0.657654
0.659215
0.660339
0.661208
0.661891
0.662421
0.662996
0.663586
0.663866
0.663739
0.663243
0.662262
0.660742
0.658906
0.657254
0.656236
0.646707
0.646994
0.647908
0.649368
0.650981
0.652566
0.653966
0.655106
0.656085
0.656984
0.657756
0.658238
0.658342
0.658079
0.65739
0.656305
0.654999
0.65367
0.652576
0.65195
0.641779
0.641981
0.642665
0.643828
0.645196
0.646619
0.648063
0.649429
0.650653
0.651768
0.652712
0.653267
0.653361
0.653015
0.652303
0.651384
0.65038
0.649366
0.648571
0.64813
0.637007
0.637159
0.637702
0.638674
0.639886
0.6412
0.642592
0.644031
0.645453
0.646792
0.647937
0.648625
0.648775
0.648498
0.647946
0.647236
0.646453
0.645676
0.645086
0.644756
0.63231
0.63243
0.632874
0.633711
0.634821
0.636073
0.637432
0.638902
0.640456
0.642021
0.64341
0.644292
0.644604
0.644516
0.64417
0.643665
0.643073
0.642495
0.642061
0.641804
0.627603
0.627699
0.628074
0.62882
0.629866
0.631078
0.632442
0.633968
0.635648
0.637437
0.639114
0.640277
0.640848
0.641003
0.640877
0.640578
0.640181
0.639774
0.639463
0.63926
0.622798
0.622877
0.623202
0.623889
0.624901
0.62611
0.627515
0.629134
0.630979
0.633024
0.635049
0.636581
0.637478
0.637914
0.638033
0.637947
0.637745
0.637495
0.637285
0.637123
0.617809
0.617875
0.618164
0.618819
0.619829
0.621083
0.622569
0.624329
0.626399
0.628768
0.631223
0.633203
0.634484
0.635243
0.635636
0.635777
0.635768
0.635666
0.635542
0.635411
0.612551
0.612606
0.612873
0.61352
0.614565
0.615906
0.617523
0.619484
0.621852
0.624636
0.627623
0.63014
0.63187
0.632999
0.633699
0.63409
0.634273
0.63432
0.634274
0.634168
0.606929
0.606975
0.60723
0.607893
0.609008
0.61048
0.612287
0.614522
0.617274
0.620588
0.624231
0.627392
0.629653
0.63121
0.632254
0.632937
0.633335
0.633522
0.633542
0.633457
0.600833
0.600871
0.601123
0.601822
0.603046
0.6047
0.606763
0.609353
0.61259
0.616559
0.621005
0.624948
0.627847
0.629914
0.631359
0.632356
0.632992
0.633334
0.633423
0.633354
0.594133
0.594162
0.594418
0.595176
0.596551
0.598448
0.600846
0.60389
0.607741
0.612517
0.617943
0.622834
0.626499
0.629167
0.63108
0.632436
0.633348
0.633858
0.634014
0.63396
0.586677
0.586692
0.586958
0.587798
0.589368
0.591573
0.594397
0.598023
0.602651
0.608438
0.615064
0.621091
0.625658
0.629035
0.631509
0.63329
0.634512
0.635204
0.635428
0.635386
0.578216
0.57824
0.578536
0.579467
0.581289
0.583888
0.587263
0.591627
0.59723
0.604267
0.612354
0.619747
0.625391
0.629602
0.632731
0.635027
0.636607
0.637499
0.637795
0.637764
0.568493
0.568506
0.568842
0.569914
0.572055
0.575166
0.579239
0.584532
0.591352
0.599936
0.609805
0.618833
0.625759
0.630965
0.634872
0.637765
0.639767
0.640885
0.641256
0.641234
0.557126
0.557133
0.557501
0.558768
0.561337
0.565108
0.570078
0.576561
0.584921
0.595412
0.607438
0.618428
0.626862
0.633239
0.638062
0.641645
0.64414
0.645508
0.645958
0.64594
0.543585
0.543587
0.54402
0.545547
0.548673
0.55332
0.55947
0.567505
0.577841
0.59073
0.605362
0.618637
0.628813
0.636542
0.642441
0.646828
0.649877
0.651516
0.652042
0.652025
0.527112
0.527108
0.527639
0.529543
0.533446
0.539288
0.547022
0.5571
0.569951
0.58578
0.60353
0.619498
0.631701
0.640983
0.648126
0.653434
0.65711
0.659033
0.659628
0.659607
0.506606
0.506597
0.507287
0.509762
0.514794
0.522333
0.53227
0.545111
0.561242
0.58073
0.602168
0.621188
0.635657
0.646683
0.655195
0.661568
0.665931
0.668138
0.668787
0.668751
0.480282
0.480274
0.481246
0.484691
0.491526
0.501636
0.51477
0.531412
0.55177
0.575705
0.601409
0.623852
0.640804
0.653746
0.663756
0.671291
0.676359
0.67882
0.679489
0.679424
0.445091
0.4451
0.446696
0.45203
0.462094
0.476281
0.49416
0.515989
0.541698
0.570922
0.601446
0.627611
0.647203
0.66216
0.673783
0.682548
0.688278
0.690911
0.691545
0.691438
0.395256
0.395494
0.399161
0.408871
0.424956
0.445882
0.47068
0.499356
0.531607
0.566899
0.602658
0.632687
0.654968
0.671964
0.68521
0.695146
0.701396
0.704062
0.704599
0.704439
0.323131
0.325435
0.336226
0.355349
0.381525
0.411846
0.445471
0.48225
0.521898
0.563874
0.605321
0.639579
0.664842
0.684122
0.699212
0.710366
0.717104
0.719807
0.720288
0.720124
0.246076
0.25239
0.2716
0.300831
0.337624
0.377662
0.42022
0.465274
0.512679
0.561957
0.610046
0.649589
0.678724
0.700974
0.718385
0.731052
0.738213
0.740795
0.741215
0.741137
0.180092
0.186754
0.212579
0.250381
0.296189
0.345156
0.396277
0.449415
0.504419
0.560827
0.615322
0.659866
0.692598
0.717572
0.736952
0.750656
0.757943
0.760459
0.761036
0.761033
0.126152
0.133093
0.162916
0.206875
0.259411
0.315685
0.374201
0.43464
0.496716
0.559881
0.620466
0.669716
0.705773
0.733182
0.754246
0.76903
0.77704
0.779934
0.780361
0.78039
0.0812476
0.0885091
0.120817
0.169451
0.227352
0.289574
0.354301
0.421115
0.48956
0.55896
0.625234
0.678878
0.718015
0.747684
0.770404
0.786411
0.795191
0.798222
0.798726
0.79879
0.0429637
0.0504055
0.0844815
0.136655
0.198997
0.266242
0.336302
0.408709
0.482874
0.557988
0.629547
0.687273
0.729248
0.760975
0.785244
0.802209
0.811581
0.814984
0.815637
0.81574
0.0093111
0.0168721
0.0522401
0.107337
0.173377
0.24492
0.319671
0.39707
0.476433
0.556823
0.63332
0.694844
0.739413
0.77297
0.798485
0.816239
0.826059
0.829833
0.830707
0.830819
-0.0211648
-0.0134864
0.0229354
0.0805446
0.149722
0.224989
0.303895
0.385796
0.469938
0.555251
0.636404
0.701501
0.748452
0.783638
0.810195
0.828555
0.838733
0.842786
0.843772
0.843885
-0.0493741
-0.0415929
-0.00421195
0.0554562
0.127428
0.205976
0.288579
0.374567
0.463121
0.553072
0.638675
0.707201
0.75641
0.793063
0.820458
0.839174
0.849586
0.853826
0.854881
0.854999
-0.0760425
-0.0681252
-0.0298594
0.0315743
0.106068
0.18753
0.273447
0.363155
0.4558
0.550139
0.640047
0.71195
0.763391
0.80142
0.829478
0.848388
0.858971
0.863319
0.864437
0.864523
-0.101588
-0.0935001
-0.0543334
0.00859471
0.0853362
0.169395
0.258304
0.351406
0.447845
0.546346
0.640469
0.71579
0.769508
0.808884
0.837542
0.85668
0.867322
0.871725
0.872845
0.872921
-0.126346
-0.118054
-0.0782181
-0.0136789
0.0650303
0.151413
0.243024
0.339219
0.439179
0.541638
0.639924
0.718765
0.77486
0.815613
0.844867
0.864195
0.874873
0.879244
0.880318
0.880404
-0.150451
-0.141934
-0.1014
-0.0354288
0.0450393
0.133505
0.22754
0.326553
0.429761
0.535973
0.63839
0.72089
0.779522
0.821743
0.851643
0.87116
0.881822
0.886126
0.887132
0.88714
-0.173994
-0.165335
-0.123987
-0.0567532
0.0253078
0.115632
0.21184
0.313399
0.419591
0.52934
0.635841
0.722156
0.783543
0.827408
0.858042
0.87774
0.888289
0.892417
0.893295
0.89324
-0.19705
-0.188202
-0.146115
-0.0776845
0.00581842
0.0978041
0.19595
0.299792
0.408685
0.521742
0.632237
0.722514
0.786942
0.83271
0.864205
0.884028
0.89434
0.898165
0.898872
0.898767
-0.21965
-0.210603
-0.167741
-0.0982105
-0.0134099
0.080052
0.179911
0.285781
0.397107
0.513214
0.627551
0.721895
0.789678
0.837729
0.870308
0.890183
0.900027
0.903389
0.903894
0.903742
-0.241713
-0.232459
-0.188818
-0.118287
-0.0323242
0.0624279
0.1638
0.271446
0.384932
0.503789
0.621757
0.72021
0.791665
0.842487
0.876555
0.896485
0.905533
0.908146
0.908373
0.908186
-0.263172
-0.25371
-0.20933
-0.13788
-0.0508756
0.04501
0.147689
0.256877
0.372239
0.49355
0.614846
0.717353
0.792763
0.846918
0.883128
0.9034
0.911299
0.912616
0.912338
0.912125
-0.284029
-0.274348
-0.22925
-0.156947
-0.0690167
0.0278725
0.131671
0.242174
0.359133
0.48257
0.606853
0.713227
0.792784
0.850815
0.890032
0.91151
0.918317
0.91753
0.915982
0.915689
-0.304209
-0.294315
-0.248531
-0.175438
-0.0866768
0.011071
0.115831
0.227429
0.345729
0.470955
0.597821
0.707742
0.791519
0.853822
0.896901
0.921094
0.928149
0.925186
0.921074
0.919255
-0.323734
-0.313639
-0.26716
-0.193355
-0.103879
-0.00541099
0.100144
0.21261
0.331994
0.458669
0.587677
0.700678
0.788669
0.855498
0.902966
0.931537
0.941783
0.939415
0.931564
0.915246
-0.342632
-0.332319
-0.285242
-0.210872
-0.120864
-0.02189
0.0842277
0.197248
0.317373
0.445067
0.575745
0.69132
0.78348
0.855196
0.906815
0.940237
0.955559
0.952378
0.944549
0.899674
-0.361174
-0.349959
-0.302699
-0.227848
-0.137529
-0.0382701
0.0682597
0.181562
0.302094
0.430359
0.562102
0.679542
0.775167
0.852181
0.906065
0.939469
0.955309
0.95549
0.904096
0.843397
-0.380391
-0.365477
-0.319318
-0.244133
-0.15413
-0.0547581
0.0519781
0.165555
0.286143
0.414526
0.546618
0.665081
0.762496
0.846434
0.898202
0.917238
0.931278
0.902203
0.837436
0.772684
-0.399398
-0.401044
-0.340497
-0.257204
-0.16764
-0.0684717
0.035977
0.149886
0.270251
0.398341
0.52991
0.648202
0.74523
0.839911
0.858538
0.867974
0.860254
0.801694
0.728918
0.658861
-0.374986
-0.373702
-0.31503
-0.232433
-0.137873
-0.0353231
0.0738315
0.190276
0.313646
0.445248
0.570689
0.67614
0.762962
0.855261
0.873244
0.777984
0.696665
0.631589
0.559714
0.417182
-0.416528
-0.38991
-0.328395
-0.245138
-0.150641
-0.0483398
0.0602664
0.176143
0.298661
0.428842
0.551826
0.654109
0.732187
0.792967
0.764999
0.640525
0.523747
0.443445
0.360278
0.198371
-0.441454
-0.410057
-0.347466
-0.264631
-0.170049
-0.0679271
0.0409083
0.156061
0.277348
0.405382
0.525057
0.622034
0.692355
0.718482
0.643151
0.483661
0.347527
0.246271
0.132165
-0.10101
-0.465822
-0.432058
-0.368184
-0.284621
-0.189909
-0.0878409
0.0206952
0.134986
0.254825
0.380306
0.495767
0.586175
0.644476
0.637238
0.506137
0.322322
0.153564
0.0134565
-0.145316
-0.526988
-0.489247
-0.454607
-0.389643
-0.305164
-0.210237
-0.1083
-0.00034747
0.112972
0.231172
0.353746
0.464235
0.547417
0.588196
0.551623
0.372968
0.168695
-0.0424264
-0.21966
-0.465732
-1.01792
-0.512474
-0.477777
-0.412078
-0.326944
-0.231757
-0.129972
-0.0225879
0.0896779
0.20604
0.325387
0.430442
0.505853
0.528254
0.443879
0.251112
0.039755
-0.175096
-0.374239
-0.540276
-1.13956
-0.536658
-0.501889
-0.43576
-0.350209
-0.254811
-0.153143
-0.0462875
0.064905
0.179304
0.295176
0.394617
0.460544
0.459971
0.332669
0.146529
-0.0548337
-0.239746
-0.36652
-0.398531
-0.445741
-0.562223
-0.527413
-0.461018
-0.375278
-0.27985
-0.178455
-0.0722956
0.037554
0.149602
0.261377
0.354765
0.408564
0.386269
0.2305
0.052225
-0.124379
-0.266901
-0.327262
-0.350039
-0.355785
-0.589543
-0.554536
-0.487945
-0.402136
-0.306842
-0.205901
-0.100696
0.00750244
0.11681
0.2239
0.31058
0.350079
0.313603
0.135277
-0.0337517
-0.188603
-0.296378
-0.323008
-0.323952
-0.324275
-0.61869
-0.58338
-0.516583
-0.430761
-0.33575
-0.235484
-0.131487
-0.0252555
0.0808877
0.182801
0.261817
0.289279
0.222941
0.048047
-0.112531
-0.249068
-0.295023
-0.309281
-0.310506
-0.310092
-0.649564
-0.613873
-0.546884
-0.461138
-0.366554
-0.267174
-0.164652
-0.0607283
0.0418558
0.138135
0.208934
0.223451
0.126514
-0.0328891
-0.179628
-0.287003
-0.300332
-0.300082
-0.300946
-0.300564
-0.681677
-0.645916
-0.578665
-0.493092
-0.399117
-0.300864
-0.200112
-0.0988587
-0.000195834
0.09009
0.152774
0.15047
0.0425456
-0.104882
-0.232865
-0.270274
-0.292037
-0.295479
-0.295609
-0.295213
-0.714682
-0.678544
-0.611544
-0.526323
-0.433172
-0.336319
-0.237656
-0.139438
-0.0450763
0.039188
0.0930304
0.0801043
-0.035519
-0.165257
-0.268306
-0.307662
-0.295802
-0.292646
-0.292069
-0.291684
-0.747632
-0.711571
-0.644979
-0.560307
-0.468264
-0.373135
-0.276918
-0.182108
-0.0924657
-0.0139414
0.0294723
0.0163429
-0.104001
-0.21508
-0.289656
-0.286007
-0.289115
-0.288982
-0.288217
-0.287954
-0.779511
-0.744028
-0.677814
-0.594286
-0.503732
-0.410719
-0.317342
-0.226303
-0.14175
-0.068947
-0.0318335
-0.048421
-0.156506
-0.261724
-0.29226
-0.307243
-0.294949
-0.28561
-0.28224
-0.281361
-0.808754
-0.774233
-0.709213
-0.6272
-0.53865
-0.448226
-0.358159
-0.271281
-0.191989
-0.125313
-0.0880302
-0.119023
-0.191469
-0.279221
-0.32007
-0.306858
-0.294611
-0.286317
-0.282183
-0.280236
-0.833629
-0.800601
-0.737385
-0.657772
-0.571843
-0.484561
-0.398343
-0.316066
-0.242157
-0.18216
-0.145026
-0.185693
-0.212416
-0.220225
-0.306207
-0.302324
-0.312622
-0.319596
-0.318818
-0.316454
-0.851869
-0.821006
-0.760391
-0.68422
-0.601824
-0.518443
-0.436636
-0.359448
-0.291238
-0.238461
-0.20464
-0.258162
-0.243742
-0.118912
-0.163458
-0.306352
-0.400049
-0.430734
-0.428199
-0.425991
-0.861128
-0.832965
-0.776353
-0.704609
-0.62686
-0.548315
-0.471615
-0.399966
-0.33802
-0.29313
-0.26074
-0.362071
-0.444872
-0.37679
-0.386713
-0.476921
-0.527559
-0.532338
-0.525143
-0.524786
-0.858679
-0.834532
-0.783324
-0.717083
-0.645228
-0.572468
-0.501538
-0.435874
-0.380709
-0.343543
-0.319184
-0.504886
-0.812735
-1.12509
-1.07327
-0.825088
-0.661453
-0.598956
-0.583166
-0.579876
-0.840787
-0.822669
-0.779548
-0.720262
-0.655459
-0.589335
-0.524645
-0.464893
-0.416507
-0.387759
-0.38993
-0.56132
-0.933335
-1.48861
-1.46595
-0.931773
-0.62962
-0.530023
-0.504718
-0.497067
-0.808833
-0.796198
-0.763322
-0.71339
-0.656692
-0.597926
-0.53936
-0.484953
-0.440656
-0.416085
-0.413401
-0.400652
-0.245888
-0.129145
-0.174599
-0.158714
-0.184978
-0.194998
-0.201546
-0.200633
-0.766927
-0.758931
-0.73731
-0.697721
-0.64963
-0.598138
-0.545163
-0.494227
-0.45087
-0.42329
-0.404697
-0.208362
0.205588
0.836845
1.01343
0.574039
0.138
-0.054292
-0.0915595
-0.0960587
-0.722541
-0.718078
-0.705584
-0.677249
-0.637012
-0.59141
-0.542611
-0.493164
-0.44799
-0.415827
-0.407614
-0.325984
-0.325576
-0.495714
-0.864635
-1.23614
-1.19798
-1.01049
-0.779943
-0.718787
-0.684385
-0.682101
-0.675246
-0.65534
-0.622369
-0.580631
-0.533864
-0.483173
-0.432421
-0.393071
-0.381459
-0.480636
-0.853063
-1.48769
-2.01975
-2.2709
-2.18198
-1.9325
-1.64585
-1.58495
-0.654447
-0.653354
-0.650782
-0.638443
-0.610216
-0.569994
-0.521621
-0.466566
-0.406716
-0.341326
-0.289303
-0.2897
-0.482032
-0.661236
-0.723942
-0.592278
-0.318052
-0.045883
0.135721
0.21444
-0.632976
-0.632313
-0.631458
-0.625362
-0.602251
-0.56169
-0.50943
-0.447163
-0.374057
-0.286221
-0.183954
-0.0332491
0.112262
0.326067
0.581284
0.912917
1.27458
1.54084
1.68206
1.72863
-0.619618
-0.619227
-0.618726
-0.616548
-0.598203
-0.556727
-0.499135
-0.428482
-0.343318
-0.237495
-0.101463
0.0505375
0.301691
0.676262
1.18991
1.68493
2.07311
2.30783
2.41501
2.44416
-0.610624
-0.61026
-0.60948
-0.608763
-0.596174
-0.555876
-0.493401
-0.415107
-0.319667
-0.206209
-0.073207
0.0671056
0.274208
0.703008
1.21972
1.69474
2.04469
2.23842
2.32155
2.34176
-0.607998
-0.606311
-0.602584
-0.601115
-0.597143
-0.561759
-0.493801
-0.407462
-0.307114
-0.191997
-0.0680128
0.0625948
0.20969
0.554771
0.980783
1.34789
1.6204
1.76856
1.83012
1.84469
-0.626452
-0.622957
-0.618045
-0.618398
-0.618665
-0.579924
-0.499632
-0.402228
-0.297939
-0.184569
-0.073071
0.0358077
0.138794
0.372934
0.682829
0.943837
1.13545
1.23839
1.28066
1.28993
-0.672818
-0.673131
-0.680436
-0.686346
-0.678097
-0.611158
-0.504385
-0.392815
-0.285978
-0.178829
-0.0840422
0.000538503
0.0762758
0.238109
0.441907
0.61265
0.736219
0.802235
0.829154
0.834974
-0.705799
-0.71705
-0.736736
-0.744064
-0.714591
-0.615343
-0.487894
-0.370591
-0.267944
-0.173623
-0.0975238
-0.0364836
0.0134013
0.12572
0.263157
0.372752
0.44749
0.485459
0.499873
0.502921
-0.623442
-0.637774
-0.656038
-0.660538
-0.626475
-0.534095
-0.425929
-0.325505
-0.238769
-0.163292
-0.105854
-0.0649602
-0.029635
0.0470405
0.133759
0.203298
0.248289
0.271969
0.281643
0.282603
-0.41318
-0.422257
-0.434948
-0.440466
-0.422385
-0.374295
-0.315555
-0.254804
-0.19683
-0.142945
-0.10469
-0.0837301
-0.0679602
-0.00562005
0.0557695
0.0978395
0.123331
0.135168
0.139351
0.139495
-0.179922
-0.184058
-0.192436
-0.203527
-0.210142
-0.207953
-0.19563
-0.17431
-0.146888
-0.116528
-0.0962115
-0.0898923
-0.0870822
-0.0424405
0.00254272
0.0328949
0.0492562
0.0564537
0.0590105
0.0588253
-0.0152975
-0.0175422
-0.0248767
-0.040411
-0.0633771
-0.0854305
-0.0998301
-0.104241
-0.0989196
-0.0864891
-0.076585
-0.0759678
-0.073179
-0.0418874
-0.0125257
0.00477494
0.0133468
0.0168676
0.0180525
0.0178354
0.0672049
0.065685
0.0591744
0.0432242
0.0175376
-0.0108166
-0.035061
-0.0513272
-0.0577759
-0.0552706
-0.0493826
-0.0464059
-0.040788
-0.0171923
-5.23883e-05
0.00796651
0.0102047
0.0106948
0.0108835
0.0103917
0.0945192
0.0933789
0.0882362
0.0752142
0.0536436
0.0282508
0.00412353
-0.0148525
-0.0259186
-0.0274916
-0.0200342
-0.00954926
0.00330177
0.0197259
0.0235021
0.0237444
0.0229866
0.0228969
0.0230163
0.0224116
0.0944563
0.0936638
0.090039
0.080682
0.0647746
0.045068
0.0249753
0.00786586
-0.00317877
-0.00452697
0.00584584
0.0257975
0.0470531
0.0553902
0.0513096
0.0470681
0.0451806
0.0450928
0.0445658
0.0435224
0.0832494
0.0827593
0.0803889
0.0741021
0.0630851
0.0488292
0.0334752
0.0197739
0.0106408
0.0101016
0.023125
0.0473798
0.0722171
0.0742789
0.0663963
0.0616183
0.0609878
0.0617825
0.0616449
0.0604055
0.0683987
0.0681288
0.0666554
0.0625941
0.0552211
0.0452948
0.034111
0.0236295
0.0163082
0.016084
0.0284056
0.0510093
0.0720539
0.0699902
0.0623745
0.0613877
0.0640397
0.0664539
0.0665104
0.0649483
0.0529999
0.0528858
0.0520027
0.0494584
0.0446437
0.0378566
0.0298411
0.021838
0.0155465
0.0140695
0.0220237
0.037365
0.0496564
0.0447814
0.0410015
0.0429617
0.0473679
0.0502364
0.0503843
0.0490506
0.0386314
0.0385256
0.0379831
0.0364306
0.0333555
0.028752
0.0228968
0.0164164
0.0102364
0.00595974
0.006517
0.0106631
0.012752
0.00550795
0.00616941
0.010698
0.0162972
0.0188136
0.0188521
0.0177789
0.0259609
0.025872
0.0254998
0.0245815
0.0226619
0.0195028
0.0150406
0.00937185
0.00254327
-0.00549094
-0.0140832
-0.0236441
-0.0350225
-0.0432912
-0.0380873
-0.0286591
-0.0220733
-0.0197026
-0.0196413
-0.0203391
0.0156023
0.0154995
0.0152332
0.0146631
0.0134662
0.0112329
0.0076431
0.00230844
-0.00538632
-0.0171146
-0.0345027
-0.0570994
-0.0790453
-0.0850321
-0.0749593
-0.0637976
-0.0577174
-0.0557816
-0.0555994
-0.0559331
0.00789995
0.00777699
0.0075359
0.00713689
0.0064274
0.00472841
0.0017313
-0.00320108
-0.0116282
-0.0260845
-0.0493091
-0.0812864
-0.109175
-0.11006
-0.0969123
-0.0861468
-0.0815996
-0.0807836
-0.0804018
-0.0804605
0.00285572
0.00272904
0.00249161
0.00218953
0.00162471
0.000352581
-0.00217247
-0.00678904
-0.0146363
-0.0294006
-0.0546356
-0.0884812
-0.11544
-0.111242
-0.0984618
-0.0908783
-0.0891505
-0.0892622
-0.0888566
-0.0887652
7.87675e-05
-3.87323e-05
-0.000225677
-0.000468866
-0.00089099
-0.00183831
-0.00384445
-0.00757031
-0.0143008
-0.0271097
-0.0492507
-0.078504
-0.0967032
-0.0895706
-0.0808511
-0.0785487
-0.0789599
-0.0796776
-0.0794094
-0.0793441
-0.000903102
-0.00100084
-0.00114457
-0.00132097
-0.00158918
-0.00223003
-0.00356731
-0.00608439
-0.0107388
-0.0196958
-0.0348793
-0.0539168
-0.0620107
-0.0557401
-0.0517155
-0.0535136
-0.0552501
-0.0558983
-0.0557963
-0.0558345
-0.00062672
-0.000683853
-0.000747094
-0.000825688
-0.000911936
-0.00108324
-0.00147159
-0.00227678
-0.00384671
-0.00665176
-0.0116863
-0.0191375
-0.0251028
-0.0227404
-0.0205579
-0.022556
-0.0247221
-0.0251507
-0.0244554
-0.0244116
-0.723987
-0.156749
0.165075
0.382039
0.548083
0.675455
0.778044
0.866437
0.975909
0.973419
0.087774
0.236327
0.398276
0.53709
0.651617
0.744762
0.821558
0.880059
0.90404
0.908216
0.354566
0.454677
0.562927
0.657316
0.737874
0.805025
0.858549
0.896182
0.919679
0.936741
0.543269
0.612269
0.687145
0.754347
0.812522
0.861384
0.900676
0.930804
0.954479
0.973161
0.684643
0.736224
0.788529
0.838557
0.882349
0.92003
0.951646
0.977587
0.999298
1.01764
0.798963
0.83649
0.878082
0.917241
0.952673
0.983985
1.01113
1.03395
1.05309
1.07087
0.896858
0.927235
0.962839
0.996187
1.02726
1.05534
1.0799
1.1005
1.1172
1.13457
0.986602
1.01518
1.04873
1.08046
1.11012
1.13695
1.16024
1.17937
1.19381
1.21094
1.07715
1.10818
1.14335
1.17603
1.20591
1.23241
1.25491
1.27287
1.28544
1.30269
1.18082
1.2166
1.25455
1.2887
1.31868
1.34435
1.36557
1.38217
1.39374
1.41158
1.30999
1.34905
1.38722
1.42029
1.44823
1.47178
1.49138
1.50687
1.51868
1.53693
1.47113
1.50716
1.53924
1.56602
1.58883
1.60933
1.62793
1.64395
1.65766
1.67553
1.65584
1.68088
1.70075
1.71926
1.73692
1.75366
1.76953
1.78552
1.80264
1.82178
1.84252
1.85337
1.86608
1.88064
1.89425
1.90632
1.91723
1.92858
1.94398
1.96341
2.02442
2.03786
2.04291
2.04393
2.0459
2.05326
2.06696
2.08456
2.0983
2.10965
2.29329
2.24271
2.19524
2.16366
2.1506
2.15516
2.1784
2.22345
2.29015
2.38427
0.742406
0.739396
0.733335
0.722404
0.709906
0.698587
0.689514
0.682738
0.678248
0.67632
0.677516
0.681474
0.687615
0.695884
0.706373
0.718685
0.731033
0.739741
0.744252
0.746416
0.670717
0.677364
0.682608
0.686219
0.687326
0.685681
0.682213
0.678402
0.675392
0.674047
0.675094
0.678103
0.682169
0.686378
0.689396
0.689919
0.687594
0.683211
0.676918
0.671093
0.660621
0.663581
0.666941
0.669424
0.671176
0.672348
0.672558
0.67179
0.6707
0.670212
0.671036
0.672744
0.67439
0.675161
0.674733
0.673473
0.671567
0.668694
0.665355
0.663067
0.654591
0.656013
0.658221
0.660486
0.662199
0.66338
0.664253
0.664815
0.665055
0.665326
0.66598
0.666707
0.667026
0.666805
0.66617
0.665021
0.663205
0.660977
0.659224
0.65814
0.649249
0.650066
0.651526
0.653292
0.655022
0.656482
0.6576
0.658514
0.659314
0.660037
0.660656
0.660989
0.660961
0.660578
0.659746
0.658456
0.656929
0.655405
0.654384
0.653717
0.644223
0.644776
0.645853
0.647258
0.648758
0.650246
0.651616
0.652795
0.653845
0.65481
0.655512
0.655805
0.655698
0.655166
0.654267
0.65317
0.651997
0.650914
0.650221
0.649753
0.639381
0.639795
0.640654
0.641855
0.64317
0.644561
0.645988
0.64737
0.64865
0.649817
0.650669
0.651025
0.650904
0.650396
0.649651
0.648791
0.647887
0.647074
0.646564
0.646208
0.634657
0.634982
0.63569
0.63674
0.637961
0.639283
0.640696
0.642178
0.643662
0.645065
0.646112
0.646592
0.646584
0.646246
0.645707
0.645046
0.64435
0.643747
0.643366
0.643083
0.629966
0.63023
0.630831
0.63178
0.632938
0.634225
0.635649
0.637207
0.638862
0.640523
0.641825
0.642524
0.642734
0.642614
0.642282
0.641824
0.641318
0.640882
0.640594
0.640361
0.625221
0.62544
0.625967
0.626854
0.627974
0.62926
0.630731
0.632394
0.634236
0.636181
0.63781
0.638819
0.639309
0.639434
0.639321
0.639072
0.638742
0.638448
0.638235
0.638038
0.620335
0.620521
0.620998
0.621854
0.622972
0.624298
0.625854
0.627669
0.629749
0.632035
0.634075
0.635466
0.636283
0.636688
0.636815
0.636767
0.636615
0.636447
0.636294
0.636123
0.615223
0.615385
0.615833
0.616686
0.617844
0.619254
0.620943
0.62297
0.625361
0.628078
0.630617
0.632463
0.633658
0.63438
0.634769
0.634926
0.634956
0.634904
0.634802
0.634649
0.609796
0.609939
0.610376
0.611257
0.612496
0.614035
0.615919
0.618232
0.621024
0.624288
0.627432
0.629814
0.631451
0.632529
0.633212
0.633614
0.633819
0.633872
0.63381
0.633671
0.603951
0.60408
0.604522
0.605461
0.606824
0.608548
0.610695
0.613377
0.616674
0.620612
0.624494
0.627521
0.629682
0.631177
0.632188
0.632855
0.633254
0.633411
0.633388
0.633257
0.597569
0.597688
0.59815
0.599178
0.600712
0.602683
0.605175
0.608325
0.612257
0.617025
0.621804
0.625609
0.628392
0.630376
0.631766
0.632735
0.633345
0.633612
0.633623
0.633498
0.590511
0.590622
0.591114
0.592264
0.594022
0.596313
0.599244
0.602991
0.607713
0.613498
0.61937
0.624113
0.627638
0.6302
0.632032
0.633348
0.634198
0.634578
0.634623
0.634499
0.582588
0.582698
0.583224
0.584538
0.586581
0.58928
0.592781
0.597288
0.603009
0.610055
0.617244
0.623092
0.627485
0.630724
0.633095
0.634815
0.635928
0.636429
0.636508
0.636382
0.57351
0.57363
0.574249
0.575757
0.578163
0.581395
0.585611
0.591068
0.59802
0.606609
0.615394
0.622576
0.628005
0.632051
0.635061
0.637258
0.638672
0.639305
0.639416
0.639286
0.563007
0.563123
0.563859
0.565632
0.568503
0.572413
0.577543
0.584204
0.592697
0.603178
0.613886
0.622647
0.629301
0.634301
0.63805
0.640808
0.642569
0.643347
0.64349
0.643351
0.550601
0.550737
0.551622
0.553745
0.557225
0.562018
0.568328
0.576532
0.586966
0.599768
0.61278
0.6234
0.631477
0.637594
0.642214
0.645622
0.64777
0.648702
0.648874
0.648723
0.535662
0.535834
0.536943
0.539547
0.543843
0.549817
0.557692
0.5679
0.580787
0.596431
0.612161
0.624938
0.63466
0.642059
0.647697
0.651843
0.65442
0.655508
0.655702
0.655535
0.517276
0.517519
0.518966
0.522252
0.527678
0.535278
0.545259
0.558085
0.574051
0.59313
0.612064
0.627324
0.638936
0.647805
0.65459
0.659587
0.662627
0.663866
0.664072
0.663885
0.494041
0.494426
0.496416
0.500743
0.507854
0.517807
0.530741
0.547076
0.566965
0.590178
0.612764
0.630767
0.644445
0.654952
0.66299
0.668929
0.672438
0.673807
0.674006
0.673794
0.463623
0.464304
0.46725
0.473378
0.483225
0.496735
0.513862
0.534827
0.559549
0.587594
0.614303
0.635332
0.651245
0.663507
0.672938
0.679843
0.683781
0.685228
0.685393
0.685155
0.421914
0.42331
0.428327
0.438008
0.452634
0.471667
0.494722
0.521701
0.55228
0.585838
0.616994
0.641176
0.659398
0.67347
0.684363
0.692176
0.696404
0.697833
0.697935
0.697672
0.361268
0.365698
0.376225
0.39295
0.415723
0.443029
0.473994
0.508337
0.545639
0.585191
0.620986
0.648368
0.668879
0.684735
0.696954
0.705516
0.709843
0.711068
0.711068
0.710802
0.288716
0.296743
0.316024
0.343271
0.376524
0.413156
0.452655
0.494907
0.539565
0.585982
0.627452
0.659018
0.682673
0.700862
0.714786
0.724199
0.728643
0.729845
0.729914
0.729797
0.215769
0.229105
0.257445
0.295051
0.338254
0.384125
0.432195
0.482446
0.534582
0.588026
0.635386
0.6713
0.698236
0.719058
0.734824
0.744899
0.749206
0.750085
0.750151
0.750142
0.155212
0.172386
0.206427
0.251772
0.303061
0.357052
0.413007
0.470821
0.530131
0.590337
0.643295
0.683279
0.713187
0.736193
0.753403
0.764046
0.768179
0.769434
0.769663
0.769721
0.105498
0.124718
0.163216
0.214347
0.271976
0.332662
0.395432
0.460039
0.525975
0.592534
0.650762
0.694537
0.727182
0.752213
0.770855
0.782277
0.787081
0.788656
0.788934
0.789029
0.063683
0.0841566
0.125989
0.181724
0.244583
0.310869
0.379498
0.450114
0.522066
0.594495
0.657633
0.704925
0.740087
0.767028
0.787027
0.799499
0.804879
0.806687
0.806988
0.807088
0.0274795
0.0487719
0.0932726
0.152718
0.219975
0.291084
0.364857
0.440843
0.518276
0.596144
0.663857
0.714397
0.751858
0.780438
0.801579
0.814844
0.820783
0.822809
0.823148
0.82324
-0.00475012
0.0171333
0.0638055
0.126372
0.197366
0.272681
0.351041
0.431894
0.514379
0.597327
0.669331
0.722881
0.762402
0.792425
0.81453
0.828328
0.834777
0.836946
0.837302
0.837375
-0.0341943
-0.0118691
0.036641
0.101898
0.176151
0.255165
0.337634
0.422935
0.510117
0.597865
0.673953
0.730335
0.771739
0.803015
0.825794
0.839958
0.846783
0.849054
0.849428
0.849466
-0.0617819
-0.0389857
0.0111867
0.0787238
0.155867
0.238169
0.32434
0.413717
0.505292
0.597615
0.677655
0.736794
0.779994
0.812336
0.835579
0.849954
0.856976
0.859333
0.859744
0.859751
-0.0880016
-0.0646877
-0.0132022
0.0564768
0.136182
0.221425
0.310945
0.404071
0.499764
0.596475
0.680418
0.742333
0.787313
0.820612
0.844245
0.858798
0.865866
0.868266
0.868669
0.86864
-0.113244
-0.0893844
-0.0367756
0.0348893
0.116868
0.204753
0.297314
0.393886
0.493434
0.594391
0.682248
0.747028
0.793827
0.828066
0.852049
0.866744
0.873848
0.876213
0.876553
0.876468
-0.137767
-0.113414
-0.0596095
0.0137785
0.0977906
0.188051
0.283359
0.383098
0.486255
0.591318
0.683152
0.750943
0.799655
0.834867
0.859208
0.873998
0.881076
0.883375
0.883696
0.883579
-0.161715
-0.136808
-0.0818764
-0.00695275
0.0788821
0.171264
0.269053
0.371683
0.478208
0.587235
0.683114
0.754105
0.804897
0.841179
0.86592
0.880771
0.887749
0.889926
0.890173
0.890027
-0.18514
-0.159662
-0.103675
-0.0273471
0.0601188
0.154397
0.254412
0.359656
0.46929
0.582124
0.682097
0.75651
0.809631
0.84715
0.872324
0.88714
0.893918
0.895893
0.896041
0.895866
-0.208018
-0.182039
-0.125022
-0.0474149
0.0415144
0.137473
0.239471
0.347062
0.459533
0.575976
0.68004
0.758114
0.813897
0.852915
0.878566
0.893196
0.899582
0.901276
0.90133
0.901133
-0.23041
-0.203877
-0.145883
-0.06712
0.023109
0.120546
0.224295
0.333964
0.449001
0.568797
0.676891
0.758835
0.817677
0.858606
0.884872
0.899105
0.904822
0.906114
0.906067
0.90586
-0.252203
-0.225135
-0.16622
-0.0864239
0.00495544
0.103695
0.208966
0.32045
0.437762
0.560609
0.67258
0.758549
0.820888
0.864304
0.891551
0.905231
0.909821
0.910446
0.910263
0.910071
-0.273411
-0.245769
-0.186018
-0.105272
-0.0128759
0.0869886
0.193576
0.306626
0.4259
0.551472
0.66706
0.757119
0.823367
0.869965
0.898941
0.912247
0.91515
0.914454
0.913934
0.913823
-0.293937
-0.265771
-0.205223
-0.123616
-0.0303291
0.0705096
0.178207
0.292571
0.413529
0.541464
0.660304
0.754388
0.824863
0.875317
0.90714
0.921106
0.922322
0.919151
0.917213
0.916873
-0.313844
-0.285112
-0.223785
-0.141399
-0.0473265
0.0543437
0.162981
0.278424
0.400773
0.53068
0.652327
0.750202
0.825068
0.879812
0.915615
0.932338
0.933721
0.928146
0.920638
0.903545
-0.333067
-0.303783
-0.241843
-0.158824
-0.064167
0.0381551
0.147475
0.263718
0.387111
0.518583
0.642571
0.743945
0.823539
0.882826
0.923275
0.945169
0.950096
0.944325
0.929148
0.943052
-0.351727
-0.321763
-0.259335
-0.175846
-0.0807817
0.0220032
0.131696
0.248479
0.372537
0.505074
0.63084
0.735017
0.81957
0.883167
0.92654
0.95221
0.961493
0.953088
0.891955
0.875474
-0.370431
-0.339642
-0.276001
-0.192087
-0.0966432
0.00634011
0.115854
0.23297
0.357335
0.490355
0.617155
0.723031
0.812316
0.880018
0.920269
0.9448
0.945314
0.910059
0.842069
0.801082
-0.389888
-0.358366
-0.291427
-0.207171
-0.111381
-0.00868068
0.100332
0.217363
0.341589
0.474445
0.601381
0.707835
0.799677
0.872564
0.923664
0.908999
0.884419
0.822138
0.750503
0.706979
0.0291893
0.142953
0.263163
0.390956
0.521768
0.639111
0.734669
0.582244
-0.410868
-0.39195
-0.353411
-0.282646
-0.193254
-0.094947
0.010894
0.12359
0.243011
0.369613
0.499255
0.615553
0.709699
0.785815
0.838061
0.798893
0.657944
0.570514
0.502003
-0.428714
-0.415549
-0.370773
-0.298291
-0.2086
-0.110165
-0.00483109
0.107387
0.22596
0.351195
0.478557
0.591257
0.679248
0.742826
0.740357
0.637874
0.495113
0.38994
0.301162
-0.452147
-0.439312
-0.39154
-0.317906
-0.228064
-0.129427
-0.024008
0.0878895
0.205551
0.32919
0.453425
0.561027
0.639988
0.685563
0.646736
0.487427
0.323042
0.190613
0.0732812
-0.475815
-0.462809
-0.413411
-0.33851
-0.248202
-0.149546
-0.044369
0.0668324
0.183322
0.304945
0.425599
0.527482
0.598997
0.618203
0.533565
0.342063
0.145568
-0.0322715
-0.198821
-0.498704
-0.486188
-0.435961
-0.35995
-0.269144
-0.170453
-0.0656577
0.0447129
0.15986
0.279141
0.395771
0.491124
0.552913
0.535488
0.406678
0.207533
-0.0099039
-0.216227
-0.402916
-0.522167
-0.509936
-0.459414
-0.382654
-0.291446
-0.192664
-0.0881737
0.0214321
0.135187
0.251992
0.364395
0.452702
0.501269
0.461244
0.290808
0.0951005
-0.114517
-0.311309
-0.432604
-0.471168
-0.546983
-0.534897
-0.48413
-0.406946
-0.315534
-0.216761
-0.112642
-0.00391099
0.108234
0.222185
0.329843
0.410517
0.444198
0.381958
0.18718
0.000329119
-0.178134
-0.312284
-0.357666
-0.381537
-0.573252
-0.561318
-0.510378
-0.43295
-0.341493
-0.242923
-0.139354
-0.0317594
0.0784348
0.189042
0.29128
0.36401
0.378159
0.278534
0.0948434
-0.0777228
-0.228179
-0.310781
-0.33068
-0.336137
-0.601312
-0.58942
-0.538276
-0.460676
-0.369302
-0.271102
-0.168327
-0.062148
0.0457388
0.152541
0.248656
0.313135
0.298578
0.178264
0.00901415
-0.153285
-0.271613
-0.315451
-0.315318
-0.316443
-0.63109
-0.619308
-0.567846
-0.490121
-0.398948
-0.301293
-0.199556
-0.0950748
0.0101332
0.1127
0.202158
0.256805
0.225197
0.0838425
-0.0705333
-0.221488
-0.286697
-0.304608
-0.30534
-0.304994
-0.662404
-0.6506
-0.598986
-0.521193
-0.430337
-0.333437
-0.232981
-0.130516
-0.0283673
0.0695705
0.15206
0.195445
0.160357
0.00132054
-0.142827
-0.256397
-0.305313
-0.298395
-0.297889
-0.29783
-0.694759
-0.682863
-0.631457
-0.553636
-0.463273
-0.367348
-0.268456
-0.168341
-0.0696316
0.0234031
0.0985319
0.133099
0.0841631
-0.0709834
-0.202182
-0.279821
-0.295303
-0.293708
-0.293769
-0.293293
-0.7276
-0.715684
-0.664543
-0.587044
-0.497365
-0.402685
-0.30568
-0.208268
-0.113403
-0.0255078
0.0424099
0.0668022
0.00137877
-0.133723
-0.249455
-0.265998
-0.28307
-0.289445
-0.290172
-0.289802
-0.759909
-0.748145
-0.69744
-0.620671
-0.532029
-0.438938
-0.344183
-0.249851
-0.159185
-0.0768335
-0.0146153
-0.00567502
-0.0688341
-0.188369
-0.277595
-0.31901
-0.299196
-0.29038
-0.286256
-0.285157
-0.790037
-0.778996
-0.729269
-0.653502
-0.566424
-0.475354
-0.383281
-0.29244
-0.206273
-0.129879
-0.0715434
-0.0725461
-0.130115
-0.223653
-0.319232
-0.322921
-0.303325
-0.288203
-0.280958
-0.278932
-0.817042
-0.806335
-0.758555
-0.684356
-0.599443
-0.510911
-0.422052
-0.335165
-0.253805
-0.183421
-0.129492
-0.131936
-0.186018
-0.224411
-0.304344
-0.304243
-0.303219
-0.297141
-0.293778
-0.291927
-0.838327
-0.828313
-0.782977
-0.71168
-0.629683
-0.54438
-0.459318
-0.376915
-0.300753
-0.23638
-0.188442
-0.190019
-0.238874
-0.196309
-0.122728
-0.247278
-0.320811
-0.358834
-0.367657
-0.364287
-0.851889
-0.842925
-0.800843
-0.733393
-0.655354
-0.574254
-0.493706
-0.416329
-0.345847
-0.287795
-0.246936
-0.256356
-0.326715
-0.236503
-0.153476
-0.299
-0.42587
-0.483298
-0.486903
-0.483472
-0.85505
-0.847741
-0.81004
-0.747607
-0.674632
-0.598822
-0.523639
-0.451812
-0.387504
-0.336291
-0.307347
-0.335084
-0.534039
-0.737893
-0.715023
-0.651428
-0.612763
-0.578517
-0.562082
-0.558261
-0.846314
-0.840402
-0.808289
-0.752421
-0.685916
-0.616433
-0.54737
-0.481552
-0.423524
-0.380009
-0.367193
-0.421495
-0.709685
-1.2339
-1.58022
-1.19735
-0.805795
-0.628187
-0.580917
-0.566753
-0.822015
-0.817788
-0.792888
-0.746329
-0.688029
-0.625843
-0.563395
-0.503617
-0.450938
-0.413823
-0.404957
-0.443484
-0.570194
-0.794666
-1.02262
-0.812704
-0.516796
-0.393204
-0.368101
-0.36355
-0.785023
-0.782425
-0.765474
-0.729336
-0.680894
-0.626698
-0.570918
-0.516224
-0.467439
-0.432299
-0.419858
-0.365022
-0.128478
0.297996
0.687826
0.513855
0.163928
-0.0523648
-0.106077
-0.1059
-0.741279
-0.739666
-0.73077
-0.704918
-0.666555
-0.62
-0.570146
-0.519352
-0.471535
-0.433463
-0.414423
-0.347055
-0.0781152
0.242006
0.3513
0.0279902
-0.243762
-0.25771
-0.204873
-0.171269
-0.700037
-0.698993
-0.694861
-0.679067
-0.648758
-0.608329
-0.562979
-0.513941
-0.464782
-0.421583
-0.398196
-0.406344
-0.516413
-0.923806
-1.45406
-1.98702
-2.16062
-2.00583
-1.72367
-1.46485
-0.668094
-0.667497
-0.66498
-0.656268
-0.63252
-0.596457
-0.552234
-0.502164
-0.447837
-0.392553
-0.35458
-0.328977
-0.586173
-0.994136
-1.45892
-1.61982
-1.49912
-1.23363
-0.963992
-0.791454
-0.642559
-0.642004
-0.640949
-0.637619
-0.620723
-0.587098
-0.541414
-0.487033
-0.424653
-0.35523
-0.272085
-0.189499
-0.155106
-0.149493
-0.0657945
0.0973524
0.372848
0.680873
0.895976
1.00253
-0.62566
-0.62536
-0.624762
-0.623351
-0.613307
-0.58136
-0.532656
-0.472062
-0.399629
-0.312957
-0.201378
-0.0689003
0.13859
0.400422
0.756939
1.1878
1.62037
1.94214
2.12531
2.19847
-0.614693
-0.614548
-0.61409
-0.613633
-0.608174
-0.579206
-0.527471
-0.460223
-0.377575
-0.277679
-0.154729
-0.012267
0.161632
0.483321
0.992436
1.5216
1.967
2.26143
2.41055
2.46334
-0.607869
-0.607659
-0.606361
-0.60488
-0.602937
-0.580971
-0.527969
-0.453471
-0.363659
-0.257382
-0.136521
0.00181562
0.135487
0.4213
0.883946
1.33848
1.71882
1.95667
2.07284
2.11159
-0.613894
-0.61255
-0.607826
-0.603057
-0.604375
-0.592497
-0.535953
-0.452003
-0.354881
-0.246532
-0.130122
-0.00928968
0.107587
0.289366
0.650889
0.993598
1.27055
1.44641
1.52986
1.55742
-0.647992
-0.645447
-0.642463
-0.644697
-0.649829
-0.629381
-0.551636
-0.451208
-0.345265
-0.237936
-0.128943
-0.0288227
0.0646726
0.185377
0.42928
0.666008
0.85251
0.970795
1.02652
1.04502
-0.698942
-0.699258
-0.711513
-0.725297
-0.72288
-0.672013
-0.560909
-0.440862
-0.329651
-0.226889
-0.131604
-0.052732
0.0152626
0.09922
0.266458
0.420284
0.536507
0.609643
0.643342
0.65358
-0.682952
-0.688721
-0.707684
-0.72348
-0.713808
-0.646682
-0.52493
-0.405437
-0.301435
-0.211248
-0.13354
-0.0762007
-0.0293343
0.0264884
0.137085
0.239968
0.312575
0.354722
0.374586
0.381075
-0.527339
-0.534336
-0.550282
-0.562785
-0.553426
-0.499573
-0.417089
-0.332927
-0.254794
-0.185835
-0.128195
-0.0897727
-0.0606542
-0.0184055
0.0570521
0.119239
0.162284
0.188169
0.199764
0.203157
-0.289824
-0.294177
-0.302504
-0.312445
-0.315331
-0.300325
-0.272064
-0.234574
-0.193409
-0.150787
-0.114246
-0.0939713
-0.0851763
-0.0571571
0.000534332
0.0463975
0.0736653
0.0864755
0.0915939
0.0929544
-0.085485
-0.0877964
-0.0927719
-0.103501
-0.119534
-0.135173
-0.143312
-0.141679
-0.130799
-0.112499
-0.0938238
-0.0856559
-0.0873608
-0.0658298
-0.0265534
0.00288181
0.0210474
0.0301949
0.0337988
0.0346419
0.0358224
0.0343358
0.0306315
0.0193267
-0.0020957
-0.0296934
-0.0543385
-0.0711087
-0.0778159
-0.075014
-0.0667303
-0.0626395
-0.0637246
-0.0477619
-0.01765
-0.000295519
0.00721976
0.00975479
0.0105757
0.0107352
0.0863634
0.0853804
0.082424
0.0725233
0.0527012
0.0258552
-0.000966856
-0.0230601
-0.0371695
-0.0419055
-0.0380932
-0.0315014
-0.025866
-0.0135165
0.00572038
0.0129373
0.0146796
0.0149807
0.0153
0.0151868
0.0969681
0.0963413
0.0941588
0.0867397
0.071558
0.0502875
0.0273151
0.00646255
-0.00880975
-0.0158003
-0.0118816
0.00103418
0.0186173
0.0348686
0.038374
0.0370911
0.0347405
0.0339303
0.0336215
0.0330954
0.089797
0.0894531
0.0879897
0.0829222
0.0722829
0.0568376
0.0391625
0.0221889
0.00902391
0.00283477
0.00816071
0.0267219
0.0518418
0.0706075
0.0644833
0.0577771
0.0546608
0.0542945
0.0544917
0.0536623
0.0760816
0.0759335
0.0750214
0.0717435
0.0646397
0.0539538
0.0411506
0.0282209
0.0177282
0.012807
0.0189323
0.0387238
0.0648725
0.0805663
0.0710832
0.0649725
0.0640716
0.0655154
0.0666109
0.0655506
0.0606466
0.0606487
0.0600917
0.0580427
0.0534406
0.0462324
0.037216
0.0276693
0.0194757
0.0151448
0.0197843
0.0358183
0.0562851
0.0650534
0.0555598
0.0533867
0.0556887
0.0596576
0.061294
0.0602466
0.0456097
0.0456101
0.0452834
0.044054
0.0411659
0.0364096
0.0301118
0.0229717
0.0161555
0.0112597
0.0119738
0.0200685
0.0301997
0.0318314
0.0246484
0.0258263
0.0306426
0.0348691
0.0362636
0.0354354
0.0320034
0.0320237
0.0317933
0.0310428
0.0292639
0.026137
0.0216625
0.0160731
0.00976156
0.00335768
-0.00172887
-0.00467047
-0.00793529
-0.0153194
-0.0192964
-0.0129167
-0.00522049
-0.000585575
0.000250888
-0.000388004
0.020439
0.0204369
0.0202447
0.0197781
0.0187138
0.0166621
0.0133793
0.00869254
0.00235858
-0.00605576
-0.0174594
-0.0323846
-0.0498746
-0.0648282
-0.0633518
-0.0526599
-0.043561
-0.0396782
-0.0387114
-0.0388164
0.011407
0.0113758
0.0111955
0.0108658
0.0101993
0.00883455
0.00629758
0.00218969
-0.00433711
-0.0145316
-0.0311093
-0.0566221
-0.0860612
-0.101336
-0.0945705
-0.0819841
-0.073576
-0.070424
-0.0700009
-0.0697696
0.00505188
0.00499219
0.00480806
0.00454292
0.00411866
0.00311967
0.00107535
-0.00259537
-0.00876861
-0.0197689
-0.039048
-0.0696343
-0.107063
-0.118013
-0.107354
-0.0947384
-0.0887582
-0.0873427
-0.0871487
-0.0867304
0.00121563
0.00115114
0.000990172
0.000759571
0.000411171
-0.000339354
-0.00197188
-0.00506243
-0.0106672
-0.0207755
-0.0395106
-0.0692528
-0.100748
-0.107895
-0.0972859
-0.0881023
-0.0863546
-0.0866966
-0.0867042
-0.0862523
-0.000573466
-0.000640473
-0.000782911
-0.000975788
-0.0012335
-0.0017682
-0.00293301
-0.00524315
-0.00955388
-0.0174756
-0.0322152
-0.0548209
-0.0764892
-0.0776099
-0.0708616
-0.066845
-0.0677953
-0.0691672
-0.0692774
-0.0690712
-0.000860054
-0.000924567
-0.00103235
-0.00115149
-0.00128951
-0.00158285
-0.0022467
-0.00359916
-0.00609781
-0.0107569
-0.0193506
-0.0315311
-0.0418713
-0.0402845
-0.0369375
-0.0372898
-0.0391227
-0.0404752
-0.0404959
-0.0406167
-0.000655352
-0.000714094
-0.000783707
-0.000870514
-0.000975944
-0.00124735
-0.00180692
-0.00293581
-0.00505922
-0.00888783
-0.0153675
-0.0225556
-0.024672
-0.0202731
-0.0209995
-0.0239767
-0.0251504
-0.0247549
-0.0243675
-0.00912189
-0.371228
-0.0272409
0.192894
0.38323
0.537104
0.659909
0.758195
0.841813
0.902483
0.898108
0.129793
0.282618
0.424334
0.546517
0.650988
0.738198
0.810017
0.865807
0.899702
0.91215
0.394225
0.491026
0.585191
0.669942
0.743593
0.806191
0.8575
0.896664
0.924431
0.943389
0.574809
0.639599
0.70735
0.769816
0.823596
0.869926
0.908649
0.939896
0.964968
0.982941
0.712165
0.758631
0.810765
0.856869
0.898398
0.934887
0.966458
0.993109
1.01529
1.0308
0.823775
0.86124
0.901943
0.938899
0.973257
1.00439
1.03197
1.05563
1.07534
1.08819
0.921195
0.953504
0.988267
1.0215
1.05271
1.08146
1.10708
1.12894
1.14672
1.15717
1.01211
1.04333
1.07748
1.11072
1.14166
1.1699
1.19476
1.21556
1.23175
1.24034
1.1068
1.14154
1.17828
1.21365
1.24551
1.27372
1.29786
1.31758
1.33236
1.34032
1.21955
1.25985
1.29906
1.33583
1.36758
1.39463
1.41718
1.4354
1.44906
1.45814
1.36334
1.406
1.44364
1.4773
1.50529
1.52905
1.54965
1.56704
1.58089
1.59201
1.54117
1.57875
1.60674
1.63107
1.65208
1.67136
1.6896
1.70674
1.72263
1.73714
1.73884
1.75986
1.77475
1.79054
1.80681
1.82211
1.83582
1.84907
1.86457
1.88292
1.92943
1.93661
1.94715
1.95869
1.9686
1.9778
1.98804
1.99914
2.01075
2.01961
2.14247
2.14424
2.13631
2.11979
2.10864
2.10807
2.12023
2.14483
2.17894
2.20348
2.56211
2.36822
2.26717
2.2093
2.18016
2.17353
2.18873
2.22955
2.3054
2.44835
-0.37435
-0.378775
-0.33898
-0.266072
-0.176587
-0.0775867
0.823699
0.891635
0.888114
0.807314
0.73532
0.662856
0.433098
0.209246
-0.0616896
-0.419277
-0.770529
)
;

boundaryField
{
    wall-4
    {
        type            zeroGradient;
    }
    pressure-outlet-7
    {
        type            fixedValue;
        value           uniform 0;
    }
    velocity-inlet-6
    {
        type            zeroGradient;
    }
    velocity-inlet-5
    {
        type            zeroGradient;
    }
    frontAndBackPlanes
    {
        type            empty;
    }
}


// ************************************************************************* //
