/*--------------------------------*- C++ -*----------------------------------*\
  =========                 |
  \\      /  F ield         | OpenFOAM: The Open Source CFD Toolbox
   \\    /   O peration     | Website:  https://openfoam.org
    \\  /    A nd           | Version:  9
     \\/     M anipulation  |
\*---------------------------------------------------------------------------*/
FoamFile
{
    format      ascii;
    class       volScalarField;
    location    "40";
    object      p;
}
// * * * * * * * * * * * * * * * * * * * * * * * * * * * * * * * * * * * * * //

dimensions      [0 2 -2 0 0 0 0];

internalField   nonuniform List<scalar> 
8800
(
0.840445
0.792656
0.753962
0.724962
0.704089
0.689245
0.67863
0.671127
0.666276
0.664175
0.665391
0.669537
0.676148
0.685438
0.698198
0.715918
0.740686
0.774621
0.817165
0.875867
0.671705
0.679383
0.686848
0.690153
0.688643
0.683555
0.677054
0.670956
0.666202
0.663318
0.66299
0.665444
0.66989
0.675804
0.68255
0.688813
0.692441
0.691698
0.686269
0.677573
0.650124
0.656282
0.660405
0.663341
0.665379
0.665969
0.664843
0.662713
0.66066
0.659701
0.660607
0.662936
0.665695
0.667844
0.668427
0.66721
0.664854
0.66145
0.656887
0.653126
0.644346
0.646994
0.64974
0.652134
0.653757
0.654902
0.65562
0.655706
0.655369
0.655262
0.65595
0.657063
0.657855
0.657882
0.657243
0.656128
0.654295
0.65171
0.649299
0.647795
0.639009
0.640432
0.642204
0.644226
0.645996
0.647318
0.64828
0.649041
0.649606
0.650106
0.650682
0.651108
0.65115
0.650816
0.650081
0.648802
0.647082
0.645216
0.643899
0.643068
0.633989
0.634908
0.636142
0.637697
0.639314
0.640818
0.642073
0.643098
0.644005
0.64482
0.645419
0.645662
0.645549
0.645049
0.64412
0.64288
0.64152
0.640236
0.639402
0.638852
0.629155
0.629823
0.630778
0.632068
0.63346
0.634894
0.6363
0.637574
0.638706
0.639719
0.64043
0.640693
0.640517
0.63993
0.63906
0.63806
0.637005
0.63605
0.635452
0.635048
0.624462
0.624977
0.625754
0.626872
0.628132
0.629479
0.630887
0.632305
0.633655
0.63488
0.635751
0.636088
0.635944
0.635457
0.63477
0.633974
0.633141
0.632418
0.631971
0.631657
0.619844
0.620253
0.620903
0.621897
0.623083
0.624381
0.625782
0.627275
0.628803
0.630266
0.631345
0.631834
0.631846
0.631545
0.631054
0.630447
0.629801
0.629258
0.628919
0.628665
0.61522
0.615552
0.616113
0.61703
0.618167
0.619446
0.620874
0.622448
0.624141
0.625861
0.627211
0.627947
0.628195
0.628111
0.627815
0.627402
0.626924
0.626527
0.626271
0.62606
0.610512
0.610787
0.611287
0.612157
0.613276
0.614575
0.616065
0.617758
0.619646
0.621654
0.623354
0.624421
0.624954
0.625114
0.625029
0.624803
0.624488
0.624217
0.624026
0.623847
0.605641
0.60587
0.606331
0.607187
0.608325
0.609688
0.611285
0.613156
0.61531
0.617684
0.619813
0.621269
0.622127
0.622557
0.622697
0.622656
0.622501
0.622338
0.6222
0.622046
0.600528
0.60072
0.60116
0.602031
0.603234
0.604705
0.606463
0.608576
0.611074
0.613916
0.616567
0.618484
0.619717
0.620452
0.620841
0.62099
0.620994
0.620933
0.620841
0.620704
0.595089
0.59525
0.595686
0.5966
0.597908
0.599534
0.601515
0.603943
0.606877
0.610308
0.613594
0.616062
0.617741
0.618832
0.619505
0.619878
0.620036
0.62007
0.620018
0.619894
0.589226
0.58936
0.589807
0.590791
0.592242
0.594076
0.596347
0.599174
0.60265
0.606796
0.610867
0.61402
0.61624
0.617749
0.618748
0.619368
0.619701
0.619832
0.619817
0.619703
0.582821
0.582927
0.583396
0.584479
0.586124
0.588236
0.590891
0.594236
0.5984
0.603435
0.608464
0.612432
0.615295
0.61729
0.61865
0.619551
0.620088
0.620325
0.620349
0.620241
0.575727
0.575817
0.576313
0.577521
0.579415
0.581878
0.585014
0.589016
0.594057
0.600207
0.606397
0.611338
0.614957
0.617548
0.619366
0.620588
0.621345
0.621694
0.621755
0.62165
0.567721
0.567801
0.568359
0.569709
0.571901
0.574806
0.578552
0.583364
0.589468
0.596971
0.604584
0.610726
0.615277
0.618581
0.620962
0.622585
0.623607
0.624083
0.624182
0.624078
0.558514
0.558566
0.559194
0.560755
0.563351
0.566833
0.571355
0.577212
0.584675
0.593862
0.603202
0.610761
0.616395
0.620541
0.6236
0.625708
0.627044
0.627666
0.627806
0.627699
0.547773
0.547806
0.54853
0.55037
0.553467
0.557685
0.563206
0.570393
0.57956
0.590826
0.60224
0.611491
0.618441
0.623599
0.627432
0.630129
0.63185
0.632639
0.632816
0.6327
0.534929
0.534951
0.535805
0.538011
0.541765
0.546942
0.553761
0.562653
0.573953
0.587759
0.601686
0.612953
0.621438
0.627802
0.632579
0.635997
0.638167
0.639143
0.639353
0.639221
0.51915
0.519166
0.520225
0.522974
0.527662
0.534179
0.542777
0.553945
0.568001
0.584937
0.601803
0.615357
0.62559
0.633323
0.639191
0.643417
0.646085
0.647254
0.647488
0.647332
0.499249
0.499272
0.50067
0.504259
0.51033
0.518761
0.529809
0.543979
0.561491
0.582203
0.602516
0.618716
0.630932
0.640215
0.647289
0.652438
0.655635
0.656987
0.657232
0.657045
0.473418
0.473475
0.475473
0.48047
0.488743
0.50004
0.514595
0.532803
0.554692
0.579907
0.604133
0.623234
0.637611
0.648573
0.656953
0.663079
0.666791
0.668294
0.668531
0.66831
0.438642
0.438822
0.442056
0.44967
0.461704
0.477418
0.496988
0.520509
0.547773
0.578213
0.606783
0.629011
0.645682
0.658434
0.668202
0.675318
0.679482
0.681075
0.68128
0.681023
0.389168
0.390196
0.396709
0.409698
0.428279
0.450829
0.477323
0.507584
0.541208
0.577487
0.610692
0.63617
0.65519
0.669758
0.681
0.689044
0.693564
0.695155
0.695295
0.695001
0.316056
0.323415
0.338554
0.361617
0.389924
0.421627
0.456612
0.49467
0.535394
0.578083
0.616359
0.645433
0.66713
0.683822
0.696745
0.705845
0.710797
0.712469
0.712607
0.712359
0.237304
0.254589
0.279111
0.312812
0.35127
0.3923
0.435889
0.481992
0.530301
0.580221
0.62467
0.658429
0.683703
0.703253
0.71854
0.729122
0.734544
0.736217
0.736398
0.736303
0.171934
0.192245
0.224597
0.26717
0.314525
0.364343
0.416253
0.47023
0.525971
0.582922
0.633283
0.671423
0.700008
0.722162
0.739328
0.750763
0.756424
0.758524
0.758759
0.758752
0.118403
0.140417
0.178201
0.227149
0.281497
0.338646
0.397897
0.459083
0.521792
0.585398
0.641317
0.683513
0.715062
0.739421
0.758052
0.770562
0.77725
0.779152
0.779431
0.779468
0.0737099
0.0968646
0.138357
0.192335
0.252343
0.315528
0.381057
0.448619
0.517658
0.587422
0.648485
0.694383
0.728574
0.754839
0.774776
0.788198
0.795401
0.79753
0.797942
0.798001
0.035479
0.0592823
0.103588
0.161532
0.226277
0.294599
0.365574
0.438783
0.51355
0.588958
0.654762
0.704019
0.740522
0.768287
0.789094
0.803151
0.810793
0.813373
0.813903
0.813984
0.00174109
0.0259659
0.0724875
0.133732
0.202471
0.275265
0.35106
0.429348
0.509347
0.589989
0.660202
0.712521
0.750997
0.77991
0.801384
0.81589
0.823912
0.826876
0.827527
0.827615
-0.028922
-0.00433362
0.044001
0.108089
0.180287
0.257003
0.337108
0.420023
0.504877
0.59045
0.664831
0.719974
0.760172
0.790059
0.812053
0.826961
0.835248
0.838439
0.839145
0.839212
-0.0573733
-0.0324521
0.0173846
0.0839384
0.159218
0.239422
0.323407
0.410571
0.499974
0.59025
0.668644
0.726479
0.768263
0.799004
0.821403
0.83657
0.845019
0.848346
0.849066
0.849099
-0.0843211
-0.0590335
-0.00772616
0.0608822
0.138901
0.222224
0.309732
0.400813
0.494496
0.5893
0.671633
0.732124
0.775474
0.807061
0.829903
0.845248
0.853794
0.857199
0.857943
0.857943
-0.110073
-0.0843947
-0.0319146
0.0386511
0.119088
0.205209
0.295916
0.390619
0.488339
0.587526
0.67378
0.736981
0.781973
0.814468
0.837777
0.85333
0.861916
0.865251
0.866016
0.866013
-0.134997
-0.108811
-0.055358
0.0170076
0.0996053
0.188238
0.281858
0.379902
0.481417
0.584848
0.675056
0.741102
0.787879
0.821398
0.845228
0.860971
0.869564
0.872859
0.873518
0.873465
-0.159194
-0.132606
-0.0780926
-0.00415977
0.0803467
0.171235
0.267497
0.368612
0.473678
0.581212
0.675426
0.744512
0.793282
0.827972
0.852395
0.868332
0.876871
0.880049
0.880611
0.880486
-0.182779
-0.155687
-0.100219
-0.0249199
0.0612805
0.15418
0.252815
0.35673
0.465096
0.576565
0.674828
0.747193
0.798231
0.834287
0.859371
0.875462
0.883851
0.886824
0.887256
0.887076
-0.205882
-0.178207
-0.121839
-0.0453014
0.0423931
0.13708
0.237838
0.344278
0.455672
0.570869
0.673188
0.749085
0.802738
0.840423
0.866248
0.882419
0.89054
0.893206
0.893501
0.893283
-0.228518
-0.20019
-0.142961
-0.0652993
0.023719
0.119967
0.222613
0.331299
0.44543
0.564098
0.67043
0.750092
0.806766
0.846456
0.873163
0.889274
0.896906
0.899159
0.899302
0.899057
-0.250536
-0.221586
-0.163527
-0.0848847
0.00529167
0.102912
0.207201
0.317869
0.434431
0.556276
0.666484
0.750094
0.810213
0.852431
0.880328
0.896235
0.903011
0.904636
0.904606
0.904352
-0.271917
-0.242373
-0.183536
-0.104008
-0.0128286
0.0859753
0.191693
0.304065
0.422753
0.547433
0.661302
0.748946
0.812909
0.858302
0.888013
0.903772
0.909147
0.909667
0.909366
0.909164
-0.292737
-0.262522
-0.202964
-0.122641
-0.0305794
0.0692405
0.176177
0.289992
0.410491
0.53764
0.654845
0.746496
0.814607
0.863847
0.89638
0.912696
0.916299
0.91471
0.913624
0.913673
-0.312823
-0.282015
-0.221757
-0.140723
-0.047903
0.0527901
0.160748
0.275762
0.397766
0.526999
0.647117
0.742594
0.815004
0.86859
0.905148
0.923787
0.926631
0.922143
0.918633
0.917904
-0.332274
-0.300844
-0.239937
-0.158287
-0.0648349
0.0365769
0.145347
0.261314
0.384506
0.515438
0.637985
0.736972
0.813762
0.87186
0.913357
0.936859
0.942229
0.937195
0.927423
0.911694
-0.351019
-0.319005
-0.257627
-0.175533
-0.0816685
0.0202617
0.129551
0.246156
0.370165
0.502306
0.626784
0.728805
0.810231
0.87266
0.918719
0.948595
0.957575
0.946483
0.927467
0.91291
-0.368879
-0.336621
-0.274638
-0.192244
-0.0980759
0.00419353
0.113589
0.23062
0.35506
0.487881
0.613634
0.717701
0.803778
0.869867
0.91636
0.945879
0.958537
0.937644
0.868466
0.83666
-0.385191
-0.354903
-0.290645
-0.207883
-0.113307
-0.0111273
0.0977657
0.214934
0.339411
0.472296
0.598504
0.703435
0.793221
0.863101
0.901932
0.924155
0.920958
0.869401
0.799406
0.756021
-0.441151
-0.371039
-0.305286
-0.223529
-0.12891
-0.0271459
0.0820157
0.19882
0.322859
0.455121
0.580837
0.685541
0.774999
0.852023
0.857997
0.867945
0.82699
0.760267
0.684037
0.641331
-0.402864
-0.3869
-0.326974
-0.24491
-0.151761
-0.0501768
0.0579984
0.174091
0.297028
0.427625
0.550918
0.653396
0.734405
0.81341
0.806756
0.699985
0.5975
0.526021
0.453218
0.486089
-0.434164
-0.404868
-0.344038
-0.262735
-0.169601
-0.0682691
0.0401315
0.155575
0.277412
0.406112
0.526402
0.624732
0.697779
0.739334
0.694148
0.550333
0.424467
0.334359
0.23562
0.287962
-0.458346
-0.426108
-0.364025
-0.282531
-0.189358
-0.0881731
0.0201254
0.134723
0.255144
0.381404
0.497902
0.590482
0.654176
0.663364
0.560436
0.389101
0.236845
0.11829
-0.0128087
0.0213073
-0.482055
-0.448248
-0.384978
-0.302638
-0.209361
-0.10833
-0.000541182
0.11309
0.231915
0.355408
0.467295
0.553372
0.601835
0.579745
0.424417
0.228547
0.0373717
-0.133063
-0.324319
-0.339391
-0.505181
-0.470915
-0.406758
-0.3237
-0.230257
-0.129429
-0.0222648
0.090294
0.207291
0.327674
0.434372
0.513239
0.543799
0.486598
0.29514
0.0843052
-0.134867
-0.327745
-0.574066
-0.881954
-0.528627
-0.494347
-0.429649
-0.346123
-0.252485
-0.151804
-0.0451874
0.0662815
0.181367
0.298436
0.399775
0.470217
0.482271
0.374465
0.18302
-0.0275464
-0.233756
-0.408413
-0.476379
-0.561407
-0.553339
-0.518989
-0.453995
-0.370239
-0.276543
-0.176096
-0.0701155
0.0401038
0.152988
0.266267
0.361849
0.422007
0.40954
0.26789
0.0839663
-0.107444
-0.271172
-0.364419
-0.388277
-0.404654
-0.579631
-0.545161
-0.479972
-0.396145
-0.302567
-0.202513
-0.0974014
0.0112778
0.121569
0.230449
0.319811
0.366986
0.33627
0.168988
-0.00548753
-0.171326
-0.298898
-0.337489
-0.351154
-0.35244
-0.607708
-0.573038
-0.507646
-0.423835
-0.330503
-0.231056
-0.127058
-0.0202423
0.087043
0.190985
0.273347
0.306747
0.258973
0.0771368
-0.0880543
-0.23616
-0.314574
-0.330962
-0.332274
-0.332122
-0.63763
-0.602665
-0.537039
-0.453298
-0.360361
-0.261709
-0.159083
-0.0544644
0.04942
0.147962
0.22244
0.24492
0.161957
-0.00717534
-0.164291
-0.285698
-0.320875
-0.321496
-0.321498
-0.320934
-0.669114
-0.633899
-0.568043
-0.484443
-0.392045
-0.294405
-0.193433
-0.0913533
0.00872413
0.101478
0.167795
0.174702
0.0711806
-0.0856673
-0.224877
-0.302105
-0.311782
-0.313965
-0.314355
-0.314147
-0.701598
-0.666246
-0.600399
-0.51704
-0.425357
-0.328976
-0.229946
-0.130767
-0.0348781
0.0518246
0.110109
0.102075
-0.00977041
-0.153822
-0.272777
-0.299082
-0.309594
-0.310328
-0.309384
-0.308865
-0.734634
-0.699181
-0.633651
-0.550689
-0.459941
-0.365086
-0.268328
-0.172414
-0.0811015
-0.000384262
0.0486987
0.033273
-0.0836015
-0.212587
-0.308494
-0.328567
-0.313621
-0.308597
-0.306841
-0.305752
-0.767357
-0.732045
-0.666939
-0.58477
-0.495239
-0.40224
-0.308107
-0.215813
-0.129468
-0.0546335
-0.0145592
-0.0296796
-0.145896
-0.257415
-0.327778
-0.322158
-0.313873
-0.307156
-0.303819
-0.30261
-0.798183
-0.763642
-0.69934
-0.618355
-0.530466
-0.439708
-0.34859
-0.260265
-0.179196
-0.110478
-0.0734563
-0.0995657
-0.188645
-0.284988
-0.33113
-0.333608
-0.314364
-0.297965
-0.293401
-0.292015
-0.825627
-0.792085
-0.729758
-0.650291
-0.564557
-0.476497
-0.38885
-0.304856
-0.229201
-0.167372
-0.129061
-0.174874
-0.222017
-0.235372
-0.304565
-0.318041
-0.320669
-0.318191
-0.315614
-0.313599
-0.84761
-0.815815
-0.755977
-0.679173
-0.596178
-0.511389
-0.427689
-0.348417
-0.278355
-0.224294
-0.187193
-0.253938
-0.279857
-0.160096
-0.201909
-0.324711
-0.429294
-0.461348
-0.451115
-0.443733
-0.861993
-0.83284
-0.776407
-0.703076
-0.623741
-0.542921
-0.463681
-0.38949
-0.325372
-0.279389
-0.247361
-0.355579
-0.463356
-0.374366
-0.374622
-0.502358
-0.582686
-0.59801
-0.588702
-0.586365
-0.866174
-0.840985
-0.789041
-0.720194
-0.645464
-0.569432
-0.495114
-0.426311
-0.368449
-0.33036
-0.306905
-0.479014
-0.816352
-1.33166
-1.35758
-0.937762
-0.710348
-0.645349
-0.634802
-0.632784
-0.858358
-0.837861
-0.791774
-0.728881
-0.659735
-0.589178
-0.520133
-0.456676
-0.404863
-0.374456
-0.366985
-0.547073
-0.844414
-1.26476
-1.30679
-0.872842
-0.66898
-0.613854
-0.607581
-0.605122
-0.836314
-0.82047
-0.782882
-0.727864
-0.665382
-0.600795
-0.536995
-0.478096
-0.43062
-0.404642
-0.405502
-0.419065
-0.243345
0.128548
0.23503
-0.0932164
-0.404288
-0.493949
-0.499322
-0.490603
-0.801813
-0.7913
-0.762662
-0.717154
-0.662176
-0.603662
-0.544541
-0.488553
-0.442745
-0.4164
-0.416046
-0.342408
-0.153871
0.0925427
-0.102898
-0.536114
-0.633652
-0.584165
-0.517875
-0.52971
-0.760313
-0.754303
-0.735251
-0.699043
-0.651675
-0.598349
-0.542549
-0.487656
-0.439143
-0.40972
-0.42137
-0.514435
-0.866578
-1.5087
-2.0554
-2.4076
-2.33716
-2.01338
-1.68547
-1.52105
-0.719926
-0.7165
-0.706067
-0.678411
-0.636819
-0.58701
-0.532263
-0.475095
-0.420515
-0.378242
-0.374409
-0.489067
-0.820973
-1.28133
-1.68527
-1.80361
-1.64879
-1.37751
-1.1387
-1.00864
-0.68747
-0.685367
-0.680086
-0.660039
-0.622575
-0.573141
-0.516344
-0.452863
-0.38515
-0.310817
-0.24252
-0.163906
-0.0922214
0.0984518
0.356303
0.680341
1.00832
1.24283
1.36992
1.41823
-0.65985
-0.658979
-0.657616
-0.645747
-0.61198
-0.560998
-0.499167
-0.427124
-0.34436
-0.247521
-0.123039
0.0493014
0.343462
0.760055
1.24552
1.71493
2.0945
2.34755
2.47687
2.51482
-0.64155
-0.641067
-0.640948
-0.63484
-0.605303
-0.551825
-0.483596
-0.403978
-0.310108
-0.199323
-0.0654872
0.0766251
0.329895
0.78737
1.34282
1.85884
2.2553
2.48843
2.59362
2.62277
-0.627554
-0.627132
-0.62707
-0.625466
-0.600982
-0.545455
-0.471135
-0.385416
-0.287974
-0.174235
-0.0493804
0.0912385
0.269429
0.664254
1.14908
1.58266
1.90961
2.09485
2.17659
2.19839
-0.61826
-0.616649
-0.615583
-0.616643
-0.598031
-0.540217
-0.459867
-0.369603
-0.272026
-0.161635
-0.045745
0.0762401
0.201382
0.464931
0.836794
1.15322
1.39464
1.53153
1.59019
1.60459
-0.620799
-0.619828
-0.62184
-0.624229
-0.601369
-0.532841
-0.444733
-0.351561
-0.25601
-0.152831
-0.0528959
0.0400211
0.126051
0.29434
0.543885
0.763985
0.92788
1.02086
1.06122
1.06918
-0.620572
-0.624922
-0.632877
-0.630912
-0.595342
-0.512173
-0.418511
-0.326647
-0.238158
-0.148463
-0.0685829
-0.00167153
0.0574671
0.168781
0.33544
0.477501
0.580409
0.637502
0.660604
0.664213
-0.562254
-0.569417
-0.579388
-0.574936
-0.534696
-0.45631
-0.371649
-0.291304
-0.216614
-0.143526
-0.0806019
-0.0344532
0.00607403
0.0773184
0.185623
0.276772
0.338181
0.371159
0.38367
0.385138
-0.413863
-0.420315
-0.427501
-0.424656
-0.398036
-0.350873
-0.297173
-0.241767
-0.187025
-0.131995
-0.0873031
-0.0587751
-0.0352164
0.0165916
0.0859435
0.141509
0.177136
0.195081
0.20183
0.201784
-0.233277
-0.236649
-0.242184
-0.246415
-0.243309
-0.231258
-0.210974
-0.184562
-0.152873
-0.117421
-0.0888871
-0.0716458
-0.0570461
-0.0225568
0.0219104
0.0560025
0.0770733
0.0868554
0.0900623
0.0895524
-0.0919942
-0.0937262
-0.0988503
-0.109373
-0.122837
-0.133354
-0.136824
-0.132124
-0.119038
-0.0995553
-0.0817992
-0.0712756
-0.0631115
-0.0374733
-0.00890986
0.0110759
0.0215514
0.0257501
0.0268895
0.0261447
-0.0138339
-0.0148857
-0.0197447
-0.0319011
-0.0507386
-0.0698164
-0.084099
-0.0909972
-0.0897129
-0.0811206
-0.0708944
-0.0640592
-0.0586099
-0.03907
-0.0201932
-0.00969662
-0.00489537
-0.00318189
-0.00292375
-0.00378733
0.017448
0.0166674
0.0126861
0.00219146
-0.0148402
-0.0336764
-0.0502866
-0.0619522
-0.0668621
-0.0645654
-0.0578473
-0.0507196
-0.0438123
-0.0313444
-0.0203802
-0.015183
-0.0127047
-0.0118999
-0.0119843
-0.0129383
0.0231057
0.0225428
0.0196818
0.0119819
-0.00101554
-0.0164445
-0.0312963
-0.0431812
-0.0502261
-0.0509533
-0.045109
-0.0356601
-0.0249941
-0.0163029
-0.0129347
-0.0117299
-0.010888
-0.0104429
-0.0106602
-0.0116952
0.0175024
0.0171018
0.0151864
0.0100261
0.00102396
-0.0103103
-0.0221005
-0.0324551
-0.0395859
-0.0411606
-0.035482
-0.0237231
-0.0105253
-0.00568728
-0.00705649
-0.00737269
-0.00680783
-0.00583794
-0.00579472
-0.00694197
0.00831663
0.00802
0.00677829
0.00351247
-0.00237768
-0.010244
-0.0190216
-0.0273787
-0.0339396
-0.0364805
-0.0318294
-0.0200357
-0.00683595
-0.00566854
-0.00833866
-0.00815841
-0.00592997
-0.00376234
-0.00360533
-0.00491649
-0.000734803
-0.000974882
-0.00178419
-0.00377834
-0.00749001
-0.0128077
-0.0192389
-0.0260152
-0.0322972
-0.0362729
-0.0347716
-0.0268328
-0.0180428
-0.0199309
-0.0222177
-0.0197966
-0.0152484
-0.0118273
-0.0110533
-0.0123326
-0.00800391
-0.0082223
-0.00879897
-0.0100558
-0.0124166
-0.0160488
-0.0208928
-0.0266738
-0.0330073
-0.0394591
-0.0437178
-0.0442564
-0.0440181
-0.0476925
-0.0469555
-0.040648
-0.034153
-0.0301616
-0.0294931
-0.0306876
-0.012858
-0.0130649
-0.0135326
-0.0144226
-0.0160391
-0.0187039
-0.0226132
-0.0278643
-0.0347516
-0.0440664
-0.0558808
-0.0682984
-0.080244
-0.0852444
-0.0778072
-0.067717
-0.0601113
-0.056543
-0.0559811
-0.0568368
-0.0153296
-0.0155224
-0.0159337
-0.0166782
-0.0179139
-0.0200435
-0.0234123
-0.0283666
-0.0356092
-0.0476277
-0.0664063
-0.0903877
-0.114654
-0.11684
-0.103726
-0.0913469
-0.0845416
-0.0819413
-0.0815892
-0.0820392
-0.0158026
-0.0159809
-0.0163596
-0.0170603
-0.0181192
-0.0199147
-0.0227557
-0.0272834
-0.0347516
-0.0472842
-0.0693344
-0.101818
-0.131521
-0.129781
-0.11347
-0.101926
-0.0970255
-0.0961304
-0.0959606
-0.0960975
-0.0147297
-0.0148903
-0.0152139
-0.0158406
-0.0168326
-0.0182853
-0.0208029
-0.0246533
-0.0308386
-0.0420859
-0.0619348
-0.0915569
-0.116421
-0.111645
-0.0995927
-0.0933225
-0.0922274
-0.0926916
-0.0926981
-0.0927746
-0.0125031
-0.012654
-0.0129168
-0.0134549
-0.0142578
-0.0155054
-0.0173566
-0.0203361
-0.0250403
-0.0324858
-0.0447798
-0.0626994
-0.0754891
-0.071282
-0.0678566
-0.0697666
-0.0724144
-0.073975
-0.0743474
-0.074422
-0.00954246
-0.00964417
-0.00978203
-0.0101178
-0.0108005
-0.0118622
-0.0130298
-0.0149324
-0.0173719
-0.0204718
-0.023281
-0.0258457
-0.0271864
-0.0247774
-0.0300926
-0.0382455
-0.042926
-0.0445427
-0.0453559
-0.045658
-0.00645637
-0.0065285
-0.00658752
-0.00674842
-0.00714877
-0.00775524
-0.00876721
-0.0094963
-0.0102944
-0.00946676
-0.00386917
0.00873144
0.0206207
0.017788
0.00318231
-0.0092634
-0.0143704
-0.0161078
-0.0172102
-0.0176243
-0.00350987
-0.00359536
-0.00360624
-0.00357282
-0.00377123
-0.00416153
-0.00460992
-0.0051873
-0.00498543
-0.00227715
0.00645978
0.0267599
0.0497933
0.0401028
0.0180814
0.0069895
0.00500562
0.00459748
0.00262432
0.00193992
-0.000471172
-0.000567154
-0.000705877
-0.000925424
-0.00109184
-0.00116901
-0.00132647
-0.00128921
-0.00096399
-0.000127445
0.00197577
0.00657472
0.0188412
0.0191165
0.0123592
0.00940863
0.00625922
0.0026785
0.00200383
0.00188593
-0.0902788
0.081322
0.281952
0.45597
0.595661
0.70647
0.798492
0.876379
0.911321
0.88805
0.22216
0.345937
0.478865
0.593997
0.691305
0.772061
0.837395
0.883649
0.906856
0.918828
0.446716
0.531517
0.622228
0.702659
0.771869
0.829766
0.875758
0.909323
0.933512
0.951404
0.610881
0.671199
0.734798
0.792979
0.843761
0.886842
0.922185
0.950339
0.973424
0.99167
0.738698
0.782765
0.829569
0.87415
0.913552
0.94793
0.977322
1.00175
1.02232
1.04013
0.844406
0.877863
0.916527
0.9526
0.985677
1.01529
1.04115
1.06286
1.08084
1.09817
0.937859
0.966878
1.00123
1.03369
1.06393
1.09134
1.11528
1.13514
1.15073
1.16781
1.027
1.05641
1.09065
1.1229
1.15269
1.17943
1.20241
1.22099
1.23443
1.25147
1.12265
1.156
1.19278
1.22649
1.25665
1.28293
1.30496
1.3223
1.33422
1.35162
1.23786
1.27578
1.31451
1.34883
1.37825
1.40306
1.42348
1.43941
1.45091
1.46898
1.38293
1.42153
1.45773
1.48846
1.51418
1.53632
1.55541
1.57096
1.58341
1.60141
1.55811
1.58974
1.61596
1.63844
1.65844
1.67719
1.69492
1.71142
1.72678
1.74485
1.74677
1.76398
1.77903
1.79528
1.81121
1.82575
1.83897
1.85291
1.87046
1.89061
1.9285
1.93805
1.94961
1.96043
1.96971
1.97931
1.9901
2.00148
2.01284
2.0282
2.13578
2.13944
2.12449
2.10968
2.10341
2.1091
2.12758
2.1579
2.19008
2.21673
2.44208
2.30722
2.23059
2.18823
2.17081
2.17478
2.20218
2.25859
2.36121
2.58558
0.731043
0.728912
0.724426
0.715797
0.703565
0.691427
0.681183
0.673265
0.667614
0.664314
0.663902
0.666582
0.671639
0.678825
0.688186
0.699708
0.712345
0.723371
0.729478
0.732527
0.655507
0.661352
0.667687
0.672173
0.674633
0.674297
0.671544
0.66771
0.664166
0.661857
0.66165
0.663784
0.667396
0.671646
0.675423
0.677285
0.676334
0.67284
0.667669
0.661046
0.647109
0.649405
0.652804
0.655793
0.657858
0.659341
0.660077
0.659733
0.65867
0.657734
0.657839
0.659199
0.660957
0.662217
0.662362
0.661446
0.659877
0.657526
0.654252
0.651327
0.641632
0.642718
0.644546
0.646916
0.648928
0.65034
0.651338
0.652057
0.652414
0.652577
0.652991
0.653718
0.65425
0.654262
0.653806
0.652925
0.65143
0.649326
0.647226
0.645839
0.636473
0.637136
0.638239
0.639935
0.641703
0.643317
0.644587
0.645566
0.646397
0.647117
0.647756
0.648213
0.648325
0.648092
0.647472
0.646374
0.644913
0.643343
0.642008
0.641223
0.631554
0.632014
0.632796
0.634085
0.635558
0.637055
0.638491
0.639747
0.640824
0.641796
0.642603
0.643055
0.643101
0.642743
0.641977
0.640932
0.639762
0.638595
0.637658
0.637136
0.626797
0.627141
0.627748
0.628807
0.630086
0.631437
0.632844
0.634244
0.635549
0.636732
0.637711
0.638261
0.638312
0.637928
0.63724
0.63639
0.63548
0.63457
0.633871
0.633489
0.622152
0.62242
0.62291
0.623809
0.624963
0.626235
0.627593
0.629029
0.630493
0.631899
0.633089
0.633782
0.633923
0.633665
0.633159
0.632505
0.63178
0.631081
0.630558
0.630266
0.617542
0.617755
0.618161
0.618951
0.620024
0.621245
0.622589
0.624062
0.625641
0.62726
0.628702
0.629614
0.629954
0.629901
0.629593
0.62913
0.628588
0.628065
0.627675
0.627446
0.612886
0.613057
0.613405
0.614122
0.61515
0.616347
0.617711
0.619254
0.620966
0.622807
0.624546
0.625765
0.626383
0.626576
0.626482
0.626213
0.625852
0.62548
0.625199
0.625017
0.608106
0.608243
0.608549
0.609223
0.610235
0.611454
0.612879
0.614533
0.61643
0.618543
0.620648
0.622253
0.623202
0.623674
0.623819
0.62375
0.623562
0.623333
0.623141
0.622995
0.603123
0.603232
0.603509
0.604165
0.605196
0.606482
0.608011
0.609835
0.611987
0.614452
0.617012
0.619081
0.620416
0.621203
0.621608
0.621753
0.621734
0.621639
0.621526
0.621408
0.597858
0.597942
0.598202
0.598864
0.599951
0.601346
0.603032
0.605087
0.607573
0.6105
0.613631
0.616248
0.618033
0.619184
0.619881
0.620261
0.620422
0.620454
0.620408
0.620316
0.59222
0.592283
0.592533
0.593223
0.594399
0.595946
0.597845
0.600199
0.603094
0.606579
0.610405
0.613707
0.616049
0.617642
0.61868
0.619332
0.619691
0.619858
0.619877
0.619804
0.5861
0.586141
0.586389
0.587125
0.588429
0.590181
0.592367
0.595114
0.598541
0.602735
0.607417
0.611542
0.614545
0.616651
0.618079
0.619026
0.619622
0.619929
0.620012
0.619958
0.579379
0.579392
0.579639
0.580445
0.581916
0.583932
0.586482
0.58973
0.593833
0.598903
0.604637
0.609771
0.613569
0.616291
0.61818
0.619473
0.620339
0.620803
0.620954
0.620918
0.571852
0.571857
0.572117
0.573006
0.57469
0.577028
0.580046
0.583927
0.588879
0.595061
0.602093
0.60842
0.613165
0.616623
0.619084
0.62081
0.621983
0.622622
0.622843
0.622821
0.563265
0.563234
0.563538
0.564554
0.566502
0.569254
0.572858
0.57753
0.583525
0.591038
0.599648
0.607475
0.613382
0.617725
0.620875
0.623144
0.624687
0.625533
0.625834
0.625827
0.55333
0.553274
0.553619
0.554807
0.557093
0.560391
0.564757
0.570462
0.577822
0.58706
0.597609
0.607167
0.614413
0.619797
0.623761
0.626661
0.628644
0.629737
0.630123
0.630127
0.541595
0.541512
0.541929
0.543345
0.546058
0.550046
0.55538
0.562386
0.571429
0.582753
0.595657
0.607353
0.61624
0.622886
0.627829
0.63149
0.634018
0.635399
0.635877
0.635886
0.527362
0.527253
0.527789
0.529524
0.532821
0.537749
0.544397
0.553149
0.564407
0.578384
0.594134
0.60829
0.61904
0.627126
0.633218
0.637769
0.640932
0.642639
0.643209
0.643214
0.509634
0.509503
0.510236
0.512457
0.516615
0.522889
0.531367
0.542465
0.556577
0.573832
0.592976
0.610012
0.622901
0.632642
0.640047
0.64559
0.649455
0.651503
0.652155
0.652148
0.486941
0.486797
0.487868
0.49087
0.496366
0.504659
0.515763
0.530081
0.547907
0.569202
0.592345
0.612644
0.627925
0.63948
0.648325
0.65499
0.659603
0.661982
0.662697
0.662667
0.456941
0.456825
0.45852
0.46292
0.470698
0.482188
0.497186
0.515961
0.538577
0.564772
0.592497
0.616398
0.634261
0.647772
0.65814
0.665999
0.671341
0.674
0.674747
0.674687
0.415531
0.415587
0.418675
0.425976
0.43797
0.454697
0.475478
0.500264
0.528862
0.560792
0.593622
0.62139
0.64196
0.657503
0.669491
0.678589
0.684579
0.687415
0.688141
0.688045
0.354995
0.35621
0.363803
0.377547
0.397268
0.422321
0.451245
0.483706
0.519402
0.557757
0.596027
0.627771
0.651089
0.668676
0.682263
0.69251
0.699064
0.701915
0.702504
0.702367
0.282731
0.284579
0.299071
0.322806
0.353403
0.388265
0.42611
0.466818
0.510196
0.555735
0.60045
0.637287
0.664373
0.684893
0.70067
0.712452
0.719798
0.722831
0.723513
0.7235
0.208132
0.214449
0.235824
0.269722
0.310574
0.354997
0.401748
0.450749
0.501904
0.554772
0.606173
0.648352
0.679362
0.703002
0.721422
0.73502
0.743042
0.745746
0.746253
0.74634
0.14736
0.155879
0.181928
0.222825
0.271565
0.324083
0.378821
0.435569
0.494133
0.554052
0.611839
0.65902
0.69366
0.720052
0.740484
0.755326
0.763699
0.766882
0.767916
0.768075
0.0978447
0.106949
0.136513
0.182553
0.237361
0.296383
0.357834
0.421394
0.486695
0.553159
0.616921
0.668744
0.706659
0.735468
0.757665
0.773661
0.782939
0.786823
0.788073
0.788254
0.0561744
0.0655453
0.097507
0.14749
0.207235
0.271645
0.338787
0.408276
0.479598
0.552042
0.621308
0.677387
0.718259
0.749144
0.772751
0.789674
0.799782
0.804177
0.805614
0.805796
0.0199543
0.0294306
0.0631889
0.116329
0.180164
0.249163
0.321268
0.395996
0.472741
0.55065
0.625009
0.685
0.728501
0.761081
0.785665
0.803223
0.813994
0.818828
0.82042
0.82064
-0.012412
-0.0029044
0.0322182
0.0880646
0.155337
0.228292
0.304779
0.384212
0.465911
0.548894
0.628029
0.691665
0.737498
0.771487
0.79685
0.814967
0.826182
0.831388
0.833066
0.833301
-0.0421142
-0.0325707
0.00365404
0.0618384
0.13208
0.20853
0.288908
0.372607
0.458883
0.546645
0.630333
0.697419
0.7454
0.780617
0.806641
0.825145
0.836613
0.842094
0.84384
0.844072
-0.0699246
-0.0603374
-0.0230964
0.0370276
0.109929
0.189487
0.273356
0.360947
0.451478
0.543776
0.631869
0.702314
0.752359
0.788732
0.815363
0.834174
0.845799
0.851406
0.853154
0.853405
-0.0963245
-0.0866802
-0.0485459
0.0132944
0.0885654
0.170884
0.257908
0.349061
0.443557
0.540182
0.632583
0.706378
0.75851
0.796073
0.823339
0.842478
0.854255
0.859894
0.861629
0.861753
-0.121759
-0.111963
-0.0730064
-0.00963171
0.0677528
0.152537
0.24241
0.336826
0.435025
0.535774
0.632417
0.709632
0.763958
0.802818
0.830786
0.850257
0.862155
0.867747
0.869424
0.869549
-0.146429
-0.136407
-0.096746
-0.0319085
0.0473397
0.134322
0.226774
0.324175
0.425808
0.530487
0.63132
0.712074
0.76878
0.809091
0.837859
0.857691
0.869682
0.875215
0.876785
0.876885
-0.170419
-0.160193
-0.11978
-0.0536338
0.0272456
0.116189
0.210957
0.311071
0.415874
0.524265
0.629233
0.713684
0.773011
0.814985
0.844673
0.864892
0.876914
0.8823
0.883732
0.883768
-0.193873
-0.183351
-0.142226
-0.0748833
0.00743997
0.0981232
0.194954
0.297517
0.40522
0.517089
0.626095
0.714399
0.776648
0.820567
0.851324
0.871925
0.883893
0.889048
0.890275
0.890235
-0.216764
-0.205957
-0.164129
-0.0956924
-0.0120738
0.0801418
0.178806
0.283553
0.393872
0.508948
0.621851
0.714128
0.779638
0.825871
0.857914
0.878884
0.890623
0.895388
0.896377
0.896274
-0.239152
-0.228031
-0.185442
-0.116036
-0.0312726
0.0622824
0.16256
0.26924
0.381884
0.499865
0.616461
0.712777
0.78188
0.830892
0.864575
0.885931
0.897185
0.901322
0.902005
0.90184
-0.26086
-0.249492
-0.206163
-0.135872
-0.0501058
0.0446202
0.146286
0.254652
0.369331
0.489901
0.609908
0.710247
0.783228
0.835546
0.871443
0.89339
0.903831
0.906888
0.907108
0.906886
-0.282032
-0.270308
-0.22628
-0.155185
-0.0685396
0.0271984
0.130078
0.239872
0.356303
0.47914
0.602208
0.706434
0.783491
0.839638
0.878549
0.901747
0.911223
0.912446
0.911703
0.911381
-0.302507
-0.290458
-0.245765
-0.17393
-0.0864963
0.0101025
0.114017
0.225022
0.342915
0.467655
0.593411
0.701249
0.782457
0.842835
0.885646
0.911407
0.920668
0.919442
0.9164
0.915096
-0.322348
-0.309985
-0.264567
-0.192056
-0.103939
-0.00659765
0.0981891
0.210185
0.32928
0.45559
0.583602
0.694619
0.779917
0.844686
0.892025
0.922046
0.933499
0.931358
0.924224
0.914818
-0.341473
-0.328853
-0.282787
-0.209723
-0.121082
-0.0231878
0.0822488
0.194947
0.314936
0.442422
0.572223
0.685938
0.775303
0.844643
0.896654
0.932378
0.949507
0.949492
0.939298
0.931668
-0.359835
-0.346985
-0.300418
-0.226897
-0.137925
-0.0396678
0.0662145
0.179291
0.299842
0.428044
0.5591
0.674861
0.767912
0.841927
0.897201
0.937097
0.956958
0.962157
0.924749
0.871788
-0.377138
-0.363609
-0.317338
-0.243506
-0.154568
-0.0561833
0.0500387
0.163336
0.28406
0.412522
0.544181
0.661218
0.756738
0.836122
0.891565
0.925457
0.946104
0.932649
0.875798
0.812011
-0.39372
-0.379266
-0.333411
-0.258867
-0.1706
-0.0722555
0.0334985
0.147142
0.267738
0.396031
0.527492
0.644847
0.740668
0.828277
0.877699
0.928298
0.895372
0.852056
0.782124
0.714318
-0.37994
-0.361954
-0.31254
-0.233609
-0.13976
-0.0379846
0.0731535
0.18973
0.313438
0.445228
0.570422
0.674801
0.762508
0.855965
0.900863
0.820832
0.773882
0.710179
0.637323
0.589219
-0.404369
-0.388155
-0.35227
-0.283098
-0.195315
-0.0978406
0.0081395
0.121214
0.241108
0.36823
0.497867
0.613508
0.706452
0.787247
0.860056
0.858207
0.736296
0.652503
0.589512
0.506684
-0.424555
-0.408951
-0.3675
-0.297013
-0.208862
-0.11178
-0.00695783
0.105222
0.224167
0.349885
0.477773
0.591184
0.681109
0.749782
0.776531
0.703596
0.564697
0.469044
0.393788
0.305569
-0.445246
-0.432673
-0.38679
-0.315072
-0.226856
-0.129486
-0.0247158
0.0871634
0.205225
0.329438
0.454461
0.563306
0.645378
0.699141
0.677023
0.548264
0.397001
0.279706
0.181757
0.0449325
-0.46915
-0.456155
-0.408116
-0.33523
-0.246799
-0.149399
-0.0447505
0.0665611
0.183536
0.305874
0.427494
0.531004
0.605125
0.638118
0.580677
0.399249
0.218079
0.064637
-0.076731
-0.273705
-0.4921
-0.47941
-0.430159
-0.356073
-0.26719
-0.169853
-0.0655803
0.0449011
0.16054
0.280634
0.398449
0.495996
0.561763
0.563313
0.45573
0.258222
0.0452859
-0.156402
-0.334378
-0.733187
-0.515163
-0.502803
-0.45302
-0.378055
-0.288804
-0.19145
-0.0875592
0.0220772
0.136266
0.253875
0.367552
0.45847
0.513046
0.482165
0.33323
0.133022
-0.0849578
-0.298158
-0.479317
-0.764441
-0.539199
-0.526974
-0.476943
-0.401424
-0.311923
-0.214545
-0.110995
-0.00218048
0.110504
0.225457
0.334755
0.418536
0.459342
0.411592
0.22355
0.0309134
-0.167137
-0.334523
-0.405967
-0.443147
-0.564701
-0.552601
-0.502314
-0.426492
-0.336937
-0.239708
-0.136654
-0.0288897
0.0819704
0.193794
0.298071
0.374016
0.399924
0.319439
0.126127
-0.0539063
-0.218204
-0.324484
-0.361718
-0.371467
-0.591859
-0.579791
-0.529304
-0.453287
-0.363802
-0.266893
-0.164551
-0.058098
0.0505723
0.158779
0.257339
0.325313
0.326517
0.215256
0.0375028
-0.128761
-0.267562
-0.323355
-0.335452
-0.34074
-0.620894
-0.608777
-0.557993
-0.481823
-0.392508
-0.296098
-0.194687
-0.0898426
0.0162749
0.120443
0.212623
0.272102
0.248173
0.117795
-0.0461776
-0.201795
-0.300202
-0.33114
-0.326665
-0.326641
-0.651521
-0.639599
-0.588353
-0.512062
-0.423014
-0.327273
-0.22704
-0.124102
-0.0209063
0.0787974
0.164202
0.213187
0.178378
0.026962
-0.121989
-0.25893
-0.29936
-0.311993
-0.316931
-0.317394
-0.683577
-0.671607
-0.620167
-0.543832
-0.455183
-0.360302
-0.261506
-0.160789
-0.0609056
0.0339832
0.112315
0.150382
0.11171
-0.0510173
-0.189221
-0.284742
-0.330589
-0.316125
-0.312363
-0.311843
-0.716543
-0.704567
-0.653154
-0.576811
-0.488717
-0.394926
-0.297843
-0.199684
-0.103501
-0.0137211
0.0573234
0.0872669
0.0300619
-0.119285
-0.245953
-0.301415
-0.31092
-0.310231
-0.30865
-0.307777
-0.749657
-0.737805
-0.686349
-0.610455
-0.523141
-0.430711
-0.335672
-0.240419
-0.14831
-0.0639608
0.000429885
0.0178676
-0.0484196
-0.177486
-0.288177
-0.303912
-0.308422
-0.309557
-0.307438
-0.305721
-0.781762
-0.770331
-0.719049
-0.643958
-0.557747
-0.467024
-0.374391
-0.282412
-0.194704
-0.116247
-0.0568233
-0.0533593
-0.114272
-0.220754
-0.316885
-0.367625
-0.33207
-0.309074
-0.300514
-0.29891
-0.8114
-0.800447
-0.750165
-0.676076
-0.591567
-0.502979
-0.413184
-0.32487
-0.241849
-0.169605
-0.114295
-0.117883
-0.177286
-0.22948
-0.324893
-0.330081
-0.318252
-0.304339
-0.296536
-0.295129
-0.836932
-0.826675
-0.777787
-0.705634
-0.623362
-0.537414
-0.450963
-0.366751
-0.288713
-0.22272
-0.173205
-0.179911
-0.246606
-0.215122
-0.180482
-0.275956
-0.338129
-0.368717
-0.370505
-0.365783
-0.856091
-0.846736
-0.800041
-0.730698
-0.651554
-0.568977
-0.486384
-0.406748
-0.334018
-0.274375
-0.233573
-0.246475
-0.344804
-0.276745
-0.0632495
-0.281022
-0.461267
-0.545837
-0.544958
-0.533084
-0.866881
-0.858364
-0.814911
-0.749385
-0.674314
-0.596006
-0.517936
-0.443223
-0.376143
-0.323145
-0.294432
-0.320202
-0.5267
-0.754177
-0.807483
-0.7382
-0.665474
-0.623742
-0.612646
-0.61123
-0.865395
-0.858272
-0.82073
-0.75981
-0.68989
-0.616772
-0.543837
-0.474343
-0.412999
-0.366925
-0.351844
-0.397663
-0.682943
-1.23399
-1.75856
-1.32301
-0.867678
-0.695822
-0.659555
-0.646276
-0.84997
-0.845131
-0.814961
-0.760613
-0.69682
-0.629765
-0.562388
-0.498011
-0.441839
-0.401872
-0.395111
-0.438278
-0.537852
-0.543343
-0.552334
-0.489915
-0.516866
-0.542875
-0.540391
-0.540521
-0.820913
-0.817353
-0.79593
-0.750828
-0.694571
-0.634098
-0.572322
-0.51234
-0.459613
-0.422384
-0.414044
-0.398709
-0.238437
0.146567
0.709683
0.392651
-0.0957965
-0.397568
-0.455679
-0.471919
-0.781953
-0.779688
-0.766517
-0.732071
-0.683957
-0.630036
-0.573202
-0.516455
-0.464343
-0.42584
-0.413503
-0.415521
-0.434518
-0.614397
-1.02887
-1.54775
-1.66496
-1.49639
-1.18101
-0.974057
-0.739771
-0.738516
-0.731336
-0.708175
-0.668167
-0.619188
-0.566005
-0.51025
-0.456236
-0.410719
-0.395932
-0.44772
-0.747189
-1.31406
-1.91235
-2.31466
-2.38149
-2.21857
-1.8987
-1.73657
-0.702578
-0.701872
-0.698574
-0.683236
-0.650579
-0.605432
-0.553137
-0.495138
-0.434398
-0.375584
-0.329144
-0.290212
-0.416235
-0.551196
-0.678779
-0.627738
-0.413197
-0.150743
0.0780823
0.215765
-0.673107
-0.672205
-0.670622
-0.663394
-0.636821
-0.593169
-0.538227
-0.474756
-0.402922
-0.323785
-0.22651
-0.124104
0.0821415
0.362545
0.755658
1.17277
1.56425
1.85964
2.04343
2.13104
-0.650003
-0.649466
-0.648825
-0.646389
-0.627267
-0.584168
-0.524618
-0.454511
-0.372133
-0.275892
-0.157627
-0.0144594
0.197479
0.572834
1.07941
1.61478
2.07796
2.40433
2.58127
2.64792
-0.634418
-0.634102
-0.633896
-0.633445
-0.620919
-0.578339
-0.514195
-0.436893
-0.347893
-0.243084
-0.123943
0.0174949
0.166179
0.497183
1.00302
1.52107
1.95912
2.24571
2.3913
2.44448
-0.621835
-0.621254
-0.620179
-0.620585
-0.614459
-0.574763
-0.505891
-0.42258
-0.329841
-0.225658
-0.108509
0.0198285
0.153842
0.374121
0.790766
1.19679
1.52937
1.74998
1.86043
1.90019
-0.618888
-0.617379
-0.616046
-0.617751
-0.613551
-0.572282
-0.496536
-0.407742
-0.313312
-0.21236
-0.102486
0.0057948
0.112566
0.245588
0.526859
0.819527
1.05678
1.21466
1.29191
1.31937
-0.624423
-0.623414
-0.627043
-0.630904
-0.62224
-0.568061
-0.480044
-0.386557
-0.293805
-0.19945
-0.103754
-0.0192828
0.0577375
0.143192
0.331037
0.525448
0.679968
0.782838
0.83217
0.849812
-0.602283
-0.605039
-0.614918
-0.620562
-0.601838
-0.535925
-0.44414
-0.353545
-0.268793
-0.187485
-0.10936
-0.0464039
0.0078911
0.0607504
0.187581
0.315503
0.411862
0.47347
0.502195
0.511818
-0.495646
-0.499912
-0.509731
-0.513695
-0.495492
-0.442414
-0.372932
-0.302298
-0.234901
-0.170321
-0.109751
-0.0641684
-0.0300699
0.0035191
0.0883533
0.169746
0.228061
0.263181
0.279209
0.283855
-0.320828
-0.324313
-0.330308
-0.33493
-0.328949
-0.305874
-0.272674
-0.233781
-0.191985
-0.14779
-0.105601
-0.0754911
-0.057016
-0.0378506
0.0234429
0.0736844
0.108742
0.128836
0.137183
0.139117
-0.153903
-0.155901
-0.159548
-0.16641
-0.173965
-0.178157
-0.175791
-0.165295
-0.147154
-0.122749
-0.0963196
-0.0772922
-0.0673697
-0.0506325
-0.014497
0.0176194
0.0382374
0.0489
0.0528299
0.0534901
-0.0449831
-0.0461453
-0.0486906
-0.0569035
-0.0722856
-0.0902114
-0.103744
-0.110058
-0.10778
-0.0977214
-0.0828523
-0.0717127
-0.0655301
-0.0538793
-0.0270233
-0.00737208
0.00263604
0.00706338
0.00851311
0.00844191
0.00675494
0.00598804
0.00383933
-0.00390634
-0.0194038
-0.0392078
-0.0576373
-0.0710222
-0.0772715
-0.076005
-0.0684522
-0.0606904
-0.0549414
-0.0459495
-0.0283138
-0.0170515
-0.0118914
-0.00976591
-0.0092623
-0.00965241
0.0226931
0.0222204
0.0206017
0.0146117
0.00217287
-0.0145984
-0.0316822
-0.0460292
-0.0554057
-0.0585018
-0.054558
-0.0470591
-0.0384091
-0.0291104
-0.0200179
-0.0153333
-0.0131379
-0.0120947
-0.0118621
-0.0124138
0.0212602
0.0209813
0.0198418
0.0157073
0.00692284
-0.00552134
-0.0192084
-0.0317956
-0.0412176
-0.0458065
-0.0433238
-0.0344209
-0.0223247
-0.0122842
-0.00926572
-0.00952399
-0.00924636
-0.0084181
-0.00808287
-0.00872507
0.0131376
0.0129688
0.0121909
0.00952
0.00374727
-0.00483967
-0.0149133
-0.0249145
-0.0332229
-0.0380484
-0.0364707
-0.0272959
-0.0131163
-0.00353584
-0.00525791
-0.00635378
-0.00576077
-0.00469288
-0.00384128
-0.00454361
0.00368233
0.00356
0.00301746
0.0013494
-0.00226307
-0.00792579
-0.0150362
-0.0226726
-0.0297701
-0.0348974
-0.0351134
-0.0277389
-0.0157237
-0.00894849
-0.0127013
-0.0138577
-0.0110967
-0.00747635
-0.00580467
-0.00643632
-0.00461025
-0.00472116
-0.00512838
-0.00618371
-0.00840602
-0.0120837
-0.0170929
-0.0230367
-0.0293506
-0.0352982
-0.0387776
-0.0370129
-0.0315151
-0.0300109
-0.0334603
-0.0313632
-0.0262185
-0.0212961
-0.0189734
-0.0195051
-0.0107018
-0.0108243
-0.0111707
-0.0119128
-0.013357
-0.015841
-0.0195169
-0.0243645
-0.0304143
-0.0376222
-0.04555
-0.0527662
-0.0589176
-0.0648455
-0.0654929
-0.0583
-0.049988
-0.0444174
-0.0422459
-0.0426592
-0.0143276
-0.0144565
-0.014766
-0.0153691
-0.0164197
-0.0182765
-0.0211873
-0.0254278
-0.0314587
-0.0401839
-0.0531636
-0.0704776
-0.090263
-0.102789
-0.097886
-0.0860845
-0.0762258
-0.0712464
-0.069509
-0.0696589
-0.0157371
-0.0158656
-0.0161408
-0.0166735
-0.0175503
-0.0190716
-0.0215691
-0.0254599
-0.0313575
-0.040663
-0.0568215
-0.0830135
-0.115311
-0.130345
-0.119408
-0.104325
-0.094994
-0.0912705
-0.0908033
-0.0907084
-0.0153866
-0.0155145
-0.0157557
-0.0162475
-0.0170693
-0.0183239
-0.0204704
-0.0238134
-0.029375
-0.0385393
-0.0545213
-0.0822335
-0.116841
-0.129957
-0.117155
-0.10351
-0.0978355
-0.0967637
-0.0968603
-0.0965963
-0.0136937
-0.013822
-0.0140217
-0.0144379
-0.0151689
-0.0163063
-0.017986
-0.0207102
-0.0248738
-0.0321351
-0.044876
-0.0657691
-0.0911168
-0.0971803
-0.0886951
-0.0828556
-0.0832827
-0.0847255
-0.0853609
-0.0852724
-0.0109719
-0.0110855
-0.0112407
-0.0115706
-0.0122293
-0.0131388
-0.0144676
-0.0164456
-0.0194468
-0.0237147
-0.0301262
-0.0393131
-0.0492284
-0.04954
-0.0482643
-0.0512764
-0.0564004
-0.0596439
-0.0609115
-0.0611093
-0.00790739
-0.00801741
-0.00812277
-0.00826986
-0.00866241
-0.00925602
-0.0103825
-0.0113142
-0.0128143
-0.0142985
-0.0144859
-0.0104307
-0.00546825
-0.00150443
-0.00890458
-0.0182637
-0.0253092
-0.0285312
-0.0299904
-0.030802
-0.00492871
-0.00504884
-0.00510698
-0.00510819
-0.00519209
-0.00561815
-0.00601716
-0.00690564
-0.00743539
-0.00679734
-0.00195779
0.0110327
0.0316591
0.04045
0.0227087
0.0061009
-0.00151881
-0.00344245
-0.00474182
-0.0059928
-0.00052278
-0.000624852
-0.000801808
-0.00102677
-0.0011392
-0.00125277
-0.00141549
-0.00113887
-0.000522453
0.000629472
0.00361439
0.0120007
0.0212865
0.0146841
0.01078
0.00826431
0.00414597
0.00203051
0.00208611
0.0067254
-1.14434
-0.447269
0.0076953
0.271398
0.462368
0.609576
0.724823
0.819253
0.918559
1.00991
-0.0746165
0.125671
0.308054
0.461544
0.590096
0.695385
0.781457
0.851775
0.895265
0.8996
0.267991
0.386273
0.501894
0.604977
0.693859
0.768892
0.830354
0.876988
0.907025
0.925001
0.483701
0.563941
0.64347
0.716354
0.780023
0.834362
0.879048
0.914077
0.940692
0.959989
0.640998
0.695623
0.755385
0.809707
0.857128
0.898389
0.93338
0.962388
0.986081
1.00323
0.765275
0.806538
0.853071
0.893874
0.931668
0.965368
0.994852
1.02004
1.04106
1.05541
0.868985
0.90375
0.941271
0.975866
1.00841
1.03827
1.0648
1.08756
1.10633
1.11814
0.962873
0.994089
1.0283
1.06112
1.09203
1.12052
1.14576
1.16712
1.18414
1.19372
1.05424
1.08688
1.12232
1.15644
1.18785
1.21621
1.24084
1.26121
1.27671
1.28496
1.15641
1.19397
1.23232
1.26863
1.30074
1.32865
1.35213
1.37116
1.38533
1.39384
1.28344
1.32584
1.36507
1.40096
1.4314
1.4571
1.47867
1.49631
1.50984
1.52002
1.44504
1.48651
1.52023
1.5498
1.57435
1.59589
1.61549
1.63292
1.64767
1.66038
1.6355
1.66631
1.68754
1.70668
1.72475
1.74199
1.75821
1.77404
1.79055
1.80748
1.83337
1.84477
1.85581
1.86991
1.8842
1.89704
1.90841
1.91927
1.93218
1.94906
2.01919
2.0291
2.03774
2.04018
2.04104
2.0453
2.0561
2.07205
2.08968
2.09428
2.32023
2.26483
2.214
2.17375
2.15136
2.14732
2.16082
2.19462
2.25106
2.32662
0.873258
0.814564
0.772079
0.738215
0.71355
0.695983
0.683454
0.6745
0.668354
0.664825
0.664371
0.66717
0.672561
0.680461
0.691355
0.706389
0.727386
0.756473
0.795229
0.843051
0.67482
0.683572
0.689096
0.689913
0.686419
0.680357
0.673901
0.668396
0.66451
0.662798
0.663903
0.667437
0.672671
0.679114
0.685857
0.691111
0.692726
0.689484
0.682132
0.674463
0.651868
0.653899
0.6585
0.662003
0.664502
0.665913
0.665602
0.663835
0.661602
0.659973
0.659915
0.661668
0.66433
0.66691
0.668359
0.667998
0.666125
0.663312
0.659255
0.65487
0.644989
0.645855
0.648333
0.651037
0.653035
0.654377
0.655335
0.655749
0.655556
0.655235
0.655503
0.656506
0.657536
0.657964
0.657621
0.656747
0.655316
0.653062
0.650413
0.648443
0.639378
0.639839
0.64123
0.643241
0.645165
0.646719
0.647833
0.648687
0.649349
0.649849
0.650385
0.650933
0.651178
0.651024
0.650505
0.649506
0.647972
0.646125
0.644465
0.643444
0.634248
0.634535
0.635447
0.636906
0.638515
0.640094
0.641485
0.642609
0.643564
0.644428
0.645153
0.645585
0.645647
0.645349
0.64463
0.643523
0.642197
0.640853
0.639748
0.63912
0.629349
0.62955
0.630234
0.631395
0.63276
0.634177
0.635611
0.636961
0.638157
0.639232
0.640121
0.640616
0.640657
0.640266
0.639517
0.638567
0.637537
0.636503
0.635697
0.635254
0.624613
0.624764
0.625307
0.626279
0.627489
0.628799
0.63018
0.631603
0.632996
0.63429
0.635369
0.635984
0.636066
0.635731
0.635129
0.634379
0.633562
0.632758
0.632154
0.631821
0.619963
0.620082
0.620526
0.621364
0.622474
0.623721
0.625071
0.626522
0.628043
0.629556
0.630866
0.631657
0.631886
0.631724
0.631316
0.630759
0.630122
0.62951
0.629058
0.6288
0.615314
0.61541
0.615784
0.616533
0.617581
0.61879
0.620143
0.621646
0.623286
0.625014
0.626597
0.62765
0.628119
0.628184
0.627981
0.627617
0.627161
0.626711
0.626378
0.626175
0.610587
0.610666
0.61099
0.611681
0.612697
0.613904
0.615297
0.616888
0.618683
0.620649
0.62256
0.623964
0.624742
0.625071
0.625094
0.624925
0.624647
0.624343
0.624109
0.623946
0.605699
0.605764
0.606053
0.606713
0.607729
0.608982
0.610456
0.612187
0.614202
0.61648
0.618801
0.620626
0.62176
0.622385
0.622656
0.622691
0.622587
0.622416
0.622264
0.622133
0.600571
0.600624
0.60089
0.601543
0.602597
0.60394
0.605545
0.607474
0.609782
0.612462
0.615292
0.617623
0.619172
0.620135
0.620682
0.620938
0.621006
0.620967
0.620888
0.620784
0.595119
0.595162
0.595415
0.596083
0.597209
0.598685
0.600476
0.602671
0.605348
0.608541
0.612
0.61494
0.616988
0.618347
0.619212
0.619727
0.619977
0.620064
0.62005
0.619968
0.589243
0.589278
0.589525
0.590229
0.591463
0.593114
0.595151
0.597687
0.60083
0.604648
0.60888
0.612574
0.615233
0.61707
0.618301
0.619112
0.619563
0.619787
0.619836
0.619774
0.582822
0.582846
0.583096
0.583856
0.585236
0.587124
0.589488
0.592471
0.596213
0.600817
0.605996
0.610603
0.613986
0.616387
0.618034
0.619157
0.619862
0.620237
0.620355
0.620311
0.575717
0.575741
0.575992
0.576819
0.578389
0.580576
0.583352
0.586897
0.591402
0.597003
0.603354
0.609053
0.613295
0.616363
0.61854
0.620042
0.621021
0.621562
0.621748
0.621721
0.56769
0.567707
0.567998
0.568917
0.570717
0.573262
0.576563
0.580812
0.586248
0.593054
0.600833
0.607874
0.61318
0.617064
0.61987
0.621855
0.62317
0.623902
0.624164
0.624151
0.558467
0.558474
0.558784
0.559835
0.561942
0.564979
0.568949
0.574101
0.580736
0.589064
0.598596
0.607252
0.613793
0.618628
0.622189
0.624756
0.626471
0.62743
0.627776
0.627776
0.547704
0.547704
0.548053
0.549284
0.551776
0.555435
0.560263
0.566573
0.574722
0.584948
0.596615
0.607191
0.615223
0.621216
0.625662
0.628907
0.631113
0.632341
0.632776
0.632785
0.534835
0.53483
0.535241
0.536705
0.539704
0.544177
0.550122
0.557928
0.567998
0.580566
0.594828
0.607714
0.617503
0.62485
0.630373
0.634441
0.637242
0.638778
0.639307
0.639317
0.519024
0.519016
0.519525
0.521349
0.52508
0.530698
0.538189
0.548022
0.560615
0.576147
0.59352
0.609057
0.620839
0.629726
0.636483
0.641488
0.644952
0.646822
0.64744
0.647442
0.49908
0.499071
0.499747
0.502145
0.506983
0.514263
0.523926
0.536493
0.552334
0.571501
0.592568
0.611195
0.625256
0.635885
0.644023
0.65009
0.654287
0.656496
0.657189
0.657173
0.473188
0.473184
0.47416
0.477548
0.484199
0.494034
0.506885
0.523249
0.543324
0.56696
0.59232
0.614376
0.630931
0.643454
0.653074
0.660294
0.665242
0.667759
0.668499
0.668457
0.438309
0.438328
0.439959
0.445283
0.455185
0.469116
0.486725
0.508288
0.533736
0.562696
0.592916
0.618726
0.637935
0.652472
0.663676
0.672102
0.677765
0.680524
0.681266
0.681187
0.388662
0.388921
0.39268
0.402442
0.41842
0.43909
0.463623
0.492043
0.524065
0.559135
0.594657
0.624405
0.646353
0.66294
0.675776
0.685443
0.691733
0.694628
0.695311
0.695181
0.316603
0.31896
0.329939
0.349232
0.375347
0.405409
0.438781
0.475345
0.514816
0.556642
0.597942
0.632016
0.657039
0.676001
0.690743
0.701795
0.708814
0.711924
0.712625
0.712509
0.239622
0.246083
0.265583
0.295054
0.331764
0.371535
0.413859
0.458726
0.506001
0.555218
0.603298
0.642844
0.671934
0.69408
0.711408
0.7245
0.732414
0.735698
0.736386
0.736366
0.174038
0.180725
0.20692
0.244981
0.290581
0.339257
0.390139
0.443107
0.498028
0.554464
0.6091
0.653818
0.686686
0.711773
0.731364
0.745837
0.754208
0.757813
0.758729
0.75876
0.120405
0.127401
0.157531
0.201713
0.253983
0.309907
0.368133
0.428399
0.490418
0.553674
0.614499
0.664049
0.700366
0.728016
0.749445
0.765121
0.774547
0.778639
0.779366
0.779454
0.0757017
0.0830038
0.115599
0.164332
0.221941
0.283754
0.348143
0.414759
0.483148
0.552666
0.619236
0.673229
0.712664
0.742565
0.765575
0.782298
0.792508
0.796926
0.797816
0.797975
0.0374449
0.0449113
0.0792124
0.131424
0.193448
0.260225
0.329915
0.402093
0.476188
0.551418
0.623271
0.681344
0.723568
0.75535
0.779523
0.796938
0.807704
0.812553
0.813737
0.813954
0.00367244
0.0112375
0.0467614
0.101872
0.16758
0.238611
0.312964
0.390101
0.469368
0.549854
0.626631
0.688473
0.733171
0.766486
0.791499
0.809476
0.820654
0.825863
0.827334
0.827585
-0.0270216
-0.019361
0.017144
0.074759
0.143601
0.218345
0.296823
0.378435
0.462463
0.547865
0.629297
0.694675
0.741598
0.776219
0.801942
0.820362
0.831863
0.837325
0.838942
0.839197
-0.0554898
-0.0477465
-0.0103446
0.0493222
0.120934
0.198976
0.281138
0.366823
0.455262
0.545318
0.631221
0.699992
0.749008
0.784807
0.811144
0.829856
0.84156
0.847158
0.848878
0.849105
-0.0823989
-0.0745461
-0.036324
0.0250651
0.0992044
0.180177
0.265656
0.355065
0.447611
0.542095
0.632352
0.704467
0.755546
0.792506
0.819458
0.838469
0.850291
0.855982
0.85776
0.857976
-0.108147
-0.10015
-0.0611491
0.00176567
0.078135
0.161716
0.250195
0.343015
0.439391
0.538101
0.63263
0.708121
0.761332
0.799529
0.827141
0.846472
0.858409
0.864067
0.865794
0.86607
-0.133037
-0.124875
-0.0851719
-0.0208257
0.0575304
0.143442
0.234633
0.330575
0.430521
0.53326
0.632004
0.710971
0.766459
0.806024
0.834382
0.854047
0.866062
0.871698
0.873352
0.873539
-0.157212
-0.1488
-0.108542
-0.0428162
0.0372787
0.125269
0.218906
0.317697
0.420947
0.527508
0.630417
0.713001
0.770983
0.812095
0.841311
0.861349
0.873411
0.878947
0.880494
0.880583
-0.180755
-0.17222
-0.13121
-0.0643004
0.0173291
0.107165
0.20299
0.304363
0.410653
0.520809
0.627812
0.71417
0.774919
0.817827
0.848031
0.868452
0.880485
0.885822
0.887189
0.887197
-0.203755
-0.195031
-0.153346
-0.0853336
-0.00233581
0.0891363
0.186909
0.290599
0.399639
0.513144
0.624123
0.714401
0.778241
0.823266
0.854634
0.875431
0.887331
0.892341
0.893481
0.893419
-0.226253
-0.217338
-0.174935
-0.105918
-0.0217026
0.07121
0.170699
0.276446
0.38796
0.504532
0.619309
0.713602
0.780871
0.828433
0.861241
0.882403
0.893953
0.898466
0.899332
0.899199
-0.248189
-0.239071
-0.195933
-0.126015
-0.0407282
0.0534321
0.154433
0.26198
0.37568
0.494999
0.613337
0.711675
0.782687
0.833286
0.86799
0.889603
0.900502
0.904191
0.904685
0.90449
-0.2695
-0.260175
-0.216339
-0.145598
-0.0593668
0.0358776
0.138179
0.247285
0.362876
0.484624
0.606204
0.708514
0.78352
0.837691
0.874985
0.897442
0.907399
0.90966
0.909511
0.909257
-0.2902
-0.280655
-0.236134
-0.164634
-0.0775746
0.0186191
0.12203
0.23246
0.349651
0.473483
0.597951
0.704025
0.78316
0.841386
0.882141
0.906424
0.915617
0.915641
0.913984
0.913566
-0.310218
-0.300458
-0.255282
-0.18308
-0.0952863
0.00171042
0.106067
0.217595
0.336119
0.461688
0.588627
0.698124
0.781398
0.84397
0.889
0.916687
0.926663
0.924592
0.920013
0.917933
-0.329583
-0.319618
-0.273769
-0.200941
-0.112529
-0.0148679
0.0902667
0.202659
0.322251
0.449204
0.578167
0.690598
0.77794
0.84497
0.894687
0.927433
0.941334
0.940442
0.932284
0.915263
-0.348325
-0.338139
-0.291706
-0.218397
-0.129549
-0.0314337
0.07424
0.187176
0.307484
0.435382
0.565886
0.680716
0.77202
0.843678
0.897606
0.935749
0.95543
0.953996
0.94647
0.900988
-0.366715
-0.355641
-0.309015
-0.235313
-0.146243
-0.0478901
0.0581676
0.17137
0.292052
0.42044
0.551881
0.668383
0.762893
0.839431
0.895288
0.933391
0.953862
0.956129
0.904495
0.842925
-0.385777
-0.371047
-0.325483
-0.251545
-0.162859
-0.0644416
0.0417886
0.155244
0.275942
0.404365
0.536029
0.65337
0.749347
0.832338
0.885649
0.908835
0.926263
0.899443
0.834535
0.768922
-0.404591
-0.406032
-0.346341
-0.264635
-0.176375
-0.0782226
0.0257104
0.139462
0.259887
0.387933
0.51895
0.635984
0.731207
0.824594
0.846236
0.853079
0.851153
0.794925
0.722644
0.652068
-0.380436
-0.37934
-0.321514
-0.240453
-0.147141
-0.0454539
0.063362
0.179742
0.303097
0.434354
0.558803
0.662571
0.747396
0.838797
0.860375
0.766652
0.686422
0.622272
0.550465
0.406467
-0.421695
-0.395405
-0.334896
-0.253168
-0.160037
-0.058571
0.0496749
0.165469
0.287915
0.417649
0.539517
0.640142
0.716913
0.776777
0.750768
0.628456
0.511878
0.431723
0.348298
0.184643
-0.446454
-0.415403
-0.353883
-0.27262
-0.179454
-0.0782227
0.0302
0.145237
0.266391
0.393905
0.51241
0.607975
0.67669
0.702704
0.629302
0.470003
0.333425
0.231849
0.1174
-0.118362
-0.470659
-0.437242
-0.374454
-0.292531
-0.199312
-0.0981948
0.00989123
0.124019
0.24366
0.368572
0.482849
0.572213
0.628798
0.622006
0.491983
0.307604
0.137478
-0.00419041
-0.164015
-0.550283
-0.49395
-0.459635
-0.39578
-0.313012
-0.219657
-0.11872
-0.0112454
0.10186
0.2198
0.341776
0.451119
0.533677
0.573254
0.536567
0.35862
0.153206
-0.0595303
-0.240714
-0.489997
-1.05967
-0.517065
-0.482672
-0.418104
-0.334751
-0.241201
-0.140457
-0.0335808
0.0784242
0.194469
0.313198
0.417207
0.491922
0.514015
0.430845
0.236596
0.0237394
-0.193463
-0.395705
-0.564682
-1.19268
-0.541156
-0.506667
-0.441684
-0.357972
-0.264271
-0.163686
-0.0573717
0.0535118
0.167541
0.28279
0.381288
0.446716
0.44647
0.31976
0.132162
-0.0705902
-0.257398
-0.385494
-0.416347
-0.464224
-0.566648
-0.53208
-0.466846
-0.382989
-0.289314
-0.189044
-0.0834648
0.0260246
0.137653
0.248803
0.341329
0.395156
0.372677
0.217643
0.0381588
-0.139356
-0.28327
-0.3439
-0.367068
-0.372822
-0.593907
-0.559113
-0.493685
-0.409796
-0.316304
-0.216525
-0.111938
-0.00415472
0.104687
0.211148
0.297108
0.336952
0.300273
0.122015
-0.0474852
-0.202689
-0.311964
-0.339763
-0.340231
-0.340491
-0.623016
-0.587897
-0.522249
-0.438374
-0.345203
-0.246129
-0.142786
-0.0370265
0.068607
0.169891
0.248344
0.276273
0.211422
0.0341102
-0.126899
-0.263332
-0.310041
-0.32504
-0.326605
-0.326305
-0.653878
-0.618366
-0.552499
-0.468706
-0.37599
-0.277819
-0.175985
-0.0725892
0.029435
0.125112
0.195371
0.211285
0.114346
-0.0474446
-0.195135
-0.301635
-0.317231
-0.316419
-0.317378
-0.317149
-0.686021
-0.650368
-0.584247
-0.500619
-0.408522
-0.311483
-0.211447
-0.110772
-0.0127393
0.0769943
0.139147
0.137957
0.0298515
-0.120514
-0.250228
-0.288721
-0.310664
-0.312183
-0.31199
-0.31172
-0.719106
-0.6831
-0.617131
-0.53381
-0.44253
-0.346877
-0.248945
-0.151352
-0.0577018
0.0259881
0.0796737
0.0669778
-0.0483286
-0.183362
-0.290193
-0.325496
-0.314071
-0.309563
-0.308105
-0.307468
-0.752199
-0.716238
-0.650606
-0.567773
-0.477554
-0.383586
-0.2881
-0.193953
-0.105084
-0.0272928
0.0166437
0.00148083
-0.117129
-0.234703
-0.319892
-0.309888
-0.309751
-0.308528
-0.306469
-0.305182
-0.784302
-0.748892
-0.68355
-0.601752
-0.512932
-0.421007
-0.328332
-0.237977
-0.154252
-0.0824281
-0.045165
-0.0632031
-0.169502
-0.274726
-0.330546
-0.334273
-0.315024
-0.303356
-0.299336
-0.298349
-0.813904
-0.779423
-0.715161
-0.634692
-0.547738
-0.458278
-0.368842
-0.282633
-0.20425
-0.138884
-0.101707
-0.136784
-0.20356
-0.27596
-0.319289
-0.324367
-0.311019
-0.299359
-0.295379
-0.294164
-0.839314
-0.806289
-0.743668
-0.665347
-0.580784
-0.494285
-0.408563
-0.32688
-0.253977
-0.195962
-0.15788
-0.212402
-0.240564
-0.188544
-0.270634
-0.3144
-0.356643
-0.37189
-0.368004
-0.363539
-0.858334
-0.827429
-0.767182
-0.691975
-0.6106
-0.5277
-0.446164
-0.3694
-0.302276
-0.2523
-0.217726
-0.30102
-0.344191
-0.175794
-0.170107
-0.378665
-0.517659
-0.552721
-0.537624
-0.531384
-0.86871
-0.840455
-0.783911
-0.712683
-0.635456
-0.556949
-0.480119
-0.408582
-0.347612
-0.305701
-0.278049
-0.415813
-0.641941
-0.799587
-0.777758
-0.69815
-0.63788
-0.615964
-0.61143
-0.612267
-0.867886
-0.843517
-0.791955
-0.725664
-0.653632
-0.580277
-0.508587
-0.442482
-0.387727
-0.353366
-0.337972
-0.535777
-0.901423
-1.5671
-1.61316
-1.0373
-0.754785
-0.675035
-0.65071
-0.644586
-0.852135
-0.833777
-0.789747
-0.729492
-0.663656
-0.596092
-0.529711
-0.468726
-0.419279
-0.391779
-0.396871
-0.506026
-0.544916
-0.52736
-0.524892
-0.492738
-0.537071
-0.540439
-0.540781
-0.539158
-0.822733
-0.809811
-0.77552
-0.72361
-0.664737
-0.603348
-0.542
-0.484795
-0.438635
-0.41305
-0.411246
-0.34929
-0.0789873
0.426746
0.577322
0.138628
-0.288836
-0.439565
-0.466248
-0.470672
-0.783496
-0.775197
-0.751779
-0.709101
-0.657478
-0.601945
-0.544729
-0.489514
-0.443028
-0.414755
-0.420227
-0.415663
-0.491398
-0.794368
-1.29555
-1.66309
-1.61294
-1.34325
-1.04434
-0.974171
-0.740984
-0.736367
-0.722072
-0.689721
-0.644482
-0.593225
-0.538358
-0.482843
-0.43164
-0.398847
-0.407932
-0.563293
-1.00442
-1.63827
-2.13193
-2.39406
-2.32711
-2.06787
-1.78682
-1.71692
-0.703352
-0.701029
-0.692959
-0.668798
-0.62932
-0.580108
-0.524771
-0.465032
-0.405113
-0.347648
-0.316428
-0.334129
-0.487662
-0.623082
-0.678927
-0.536434
-0.281091
-0.0278933
0.159606
0.254251
-0.672665
-0.671601
-0.668717
-0.652606
-0.61673
-0.566744
-0.507755
-0.43989
-0.364204
-0.277216
-0.176317
-0.0222855
0.201301
0.549015
0.964553
1.37543
1.72663
1.9649
2.0982
2.14731
-0.649786
-0.649085
-0.648455
-0.639766
-0.608197
-0.556081
-0.49104
-0.415011
-0.325886
-0.22055
-0.0855781
0.0647221
0.367026
0.812455
1.34983
1.86052
2.26066
2.51018
2.62566
2.65831
-0.634285
-0.63395
-0.634033
-0.630283
-0.603045
-0.548367
-0.476978
-0.394168
-0.297686
-0.184373
-0.0551953
0.0877646
0.292634
0.738766
1.26524
1.75539
2.12296
2.33348
2.42688
2.45203
-0.621652
-0.620723
-0.620086
-0.620258
-0.599279
-0.542817
-0.46563
-0.377426
-0.279759
-0.167125
-0.0463102
0.0875
0.24047
0.56729
1.00265
1.37293
1.65622
1.81667
1.8872
1.90534
-0.618255
-0.616519
-0.616498
-0.618243
-0.598639
-0.537009
-0.453197
-0.361184
-0.264203
-0.156888
-0.0479228
0.0594943
0.16214
0.372195
0.678275
0.94582
1.14766
1.2615
1.31041
1.32182
-0.623483
-0.624515
-0.629334
-0.630105
-0.601845
-0.525665
-0.433583
-0.340195
-0.247329
-0.150024
-0.0602761
0.0191228
0.0905721
0.227677
0.431481
0.60848
0.739181
0.812927
0.843953
0.85107
-0.602562
-0.609635
-0.618895
-0.615846
-0.574848
-0.49078
-0.398256
-0.310554
-0.228203
-0.146812
-0.0756905
-0.0197633
0.0298181
0.118354
0.253946
0.36813
0.447817
0.490906
0.508923
0.511355
-0.496721
-0.504642
-0.513182
-0.508373
-0.472936
-0.408344
-0.337606
-0.268249
-0.202817
-0.138344
-0.0841896
-0.0472897
-0.016062
0.0440245
0.129854
0.201986
0.248695
0.272996
0.282686
0.283044
-0.322323
-0.327086
-0.333255
-0.333825
-0.319287
-0.290159
-0.253747
-0.213256
-0.170215
-0.124987
-0.0892711
-0.0673539
-0.0491478
-0.00546581
0.049997
0.0932378
0.120677
0.134078
0.138752
0.138398
-0.155009
-0.15734
-0.162605
-0.170407
-0.176552
-0.178021
-0.171444
-0.157189
-0.135618
-0.108854
-0.0862255
-0.0725845
-0.061897
-0.0324093
0.00272441
0.0294371
0.0447621
0.051438
0.0534676
0.0528211
-0.0457892
-0.0469313
-0.0519288
-0.0638232
-0.0814193
-0.0976739
-0.107849
-0.109994
-0.103595
-0.0901564
-0.0766763
-0.0685397
-0.0622722
-0.0396644
-0.0158427
-0.0015106
0.0053865
0.00806127
0.0086271
0.00782233
0.00626525
0.00535556
0.000858171
-0.010748
-0.0291581
-0.0488001
-0.0650519
-0.0750779
-0.0775063
-0.0725761
-0.0645051
-0.0580346
-0.0521779
-0.0360463
-0.021752
-0.0140037
-0.0105163
-0.00937572
-0.00934714
-0.0102587
0.0224135
0.0217452
0.0183217
0.00918353
-0.00593571
-0.0232766
-0.0392727
-0.051416
-0.0577692
-0.0572716
-0.051343
-0.0431255
-0.0344144
-0.0239129
-0.0170525
-0.0140714
-0.0124955
-0.0118786
-0.0120302
-0.0130367
0.0211164
0.0206381
0.0182742
0.0119084
0.0010106
-0.0123392
-0.0257231
-0.0369629
-0.0442309
-0.0455503
-0.0395714
-0.0288547
-0.016665
-0.0102914
-0.00955065
-0.00946022
-0.00882076
-0.0081636
-0.00826431
-0.00935495
0.013067
0.0127236
0.0111765
0.00704778
-0.000271072
-0.00977592
-0.0200012
-0.029333
-0.0361872
-0.0381962
-0.0328484
-0.0204784
-0.0068743
-0.00393531
-0.00622864
-0.00613558
-0.00512076
-0.00415734
-0.003996
-0.0051977
0.00364157
0.00337623
0.0023756
-0.000182912
-0.00487178
-0.0113459
-0.0188523
-0.0263423
-0.0327101
-0.0359105
-0.0325044
-0.0220777
-0.0106305
-0.0109901
-0.0138563
-0.0128962
-0.009118
-0.006356
-0.00582942
-0.00714345
-0.00464412
-0.0048711
-0.00554653
-0.00712135
-0.0100649
-0.0144372
-0.0199736
-0.026188
-0.032429
-0.037532
-0.0386621
-0.0344323
-0.0293862
-0.0323568
-0.033236
-0.0289911
-0.0235002
-0.0197542
-0.0189488
-0.0201941
-0.0107445
-0.0109605
-0.0114802
-0.0125211
-0.0144575
-0.0175313
-0.0217932
-0.0272586
-0.0338372
-0.0416708
-0.0496252
-0.0556427
-0.0613139
-0.0660114
-0.0623774
-0.0539583
-0.0467256
-0.042984
-0.0422434
-0.0432662
-0.0143769
-0.0145821
-0.0150229
-0.0158216
-0.0172208
-0.0195923
-0.0231326
-0.0281892
-0.0353536
-0.0462134
-0.0617923
-0.0804831
-0.0985461
-0.10231
-0.0920069
-0.0806361
-0.0731733
-0.0699524
-0.0694636
-0.0701236
-0.0157905
-0.0159777
-0.0163712
-0.0170569
-0.0182157
-0.0201639
-0.0233254
-0.0280889
-0.0353288
-0.0479147
-0.068951
-0.0985798
-0.12663
-0.126935
-0.111422
-0.0987439
-0.0926281
-0.0909159
-0.0906992
-0.090976
-0.0154436
-0.0156137
-0.0159624
-0.0166138
-0.0176534
-0.0192717
-0.0219408
-0.0262292
-0.0333456
-0.0454637
-0.0669784
-0.0997198
-0.128041
-0.124762
-0.109242
-0.0999439
-0.0969264
-0.0968675
-0.0966913
-0.0967087
-0.013755
-0.0139068
-0.0141891
-0.0147682
-0.0156538
-0.0170306
-0.0191923
-0.0225716
-0.0279915
-0.0376811
-0.0542405
-0.0789984
-0.0981103
-0.0929879
-0.0850202
-0.0827848
-0.0839671
-0.0852291
-0.0852996
-0.0853251
-0.0110306
-0.011151
-0.0113711
-0.0118745
-0.012606
-0.0137904
-0.0153296
-0.0177665
-0.0213872
-0.0266272
-0.0343277
-0.0446462
-0.0508829
-0.0477248
-0.0491592
-0.0540627
-0.0582052
-0.0605071
-0.0610496
-0.0611286
-0.00796624
-0.00806802
-0.0081859
-0.00840173
-0.00901289
-0.00976554
-0.0108386
-0.0120478
-0.013622
-0.0147789
-0.0129821
-0.00753713
-0.00216794
-0.00391845
-0.0132542
-0.0224454
-0.0272638
-0.0293776
-0.0305078
-0.0309285
-0.00499423
-0.00508749
-0.00510753
-0.00513008
-0.00535987
-0.00577663
-0.00647191
-0.00729983
-0.00738129
-0.00493504
0.0030434
0.0217442
0.0400544
0.032323
0.0135144
0.000838691
-0.00273744
-0.00399163
-0.00556911
-0.00615384
-0.00206277
-0.00216798
-0.00222032
-0.0022867
-0.00229358
-0.00251563
-0.00293931
-0.0030874
-0.00291485
-0.00205054
0.00260987
0.0154816
0.0366915
0.0442578
0.0225054
0.0127423
0.0076722
0.00830539
0.00787653
0.0064246
-0.745897
-0.173296
0.151289
0.371174
0.539816
0.669661
0.774672
0.865174
0.975159
0.971869
0.0719705
0.223402
0.3881
0.529075
0.645536
0.740462
0.818732
0.878193
0.902583
0.906732
0.34383
0.445498
0.555297
0.651194
0.733073
0.801339
0.855709
0.893914
0.91777
0.93477
0.535195
0.605154
0.681156
0.749356
0.808379
0.857925
0.897739
0.928253
0.952164
0.970801
0.678282
0.730566
0.783689
0.834196
0.87854
0.916654
0.948607
0.974806
0.996665
1.01498
0.793736
0.83172
0.873699
0.913273
0.949041
0.980629
1.008
1.03099
1.05022
1.06799
0.892301
0.922935
0.958827
0.992431
1.02372
1.05198
1.07669
1.0974
1.11416
1.13153
0.982474
1.0112
1.04494
1.07683
1.10663
1.13358
1.15697
1.17617
1.19066
1.20779
1.07328
1.10442
1.1397
1.17248
1.20245
1.22903
1.25159
1.26959
1.2822
1.29946
1.17713
1.21296
1.25098
1.2852
1.31524
1.34096
1.36222
1.37885
1.39044
1.40829
1.3064
1.3455
1.38371
1.41682
1.44479
1.46837
1.488
1.50351
1.51534
1.5336
1.46761
1.50365
1.53576
1.56257
1.5854
1.60591
1.62453
1.64057
1.65429
1.67216
1.65236
1.67742
1.6973
1.71582
1.73349
1.75024
1.76612
1.78212
1.79925
1.81839
1.83906
1.84992
1.86264
1.8772
1.89082
1.9029
1.91381
1.92517
1.94057
1.96001
2.02098
2.03442
2.03948
2.04049
2.04246
2.04983
2.06354
2.08115
2.09489
2.10623
2.28986
2.23928
2.19181
2.16022
2.14718
2.15174
2.17498
2.22004
2.28673
2.38085
0.729883
0.726871
0.720808
0.709875
0.697374
0.68605
0.67697
0.670181
0.665672
0.663718
0.664886
0.668818
0.674938
0.683191
0.69367
0.705974
0.718317
0.72702
0.731531
0.733693
0.658198
0.664845
0.670089
0.673697
0.674799
0.673149
0.669673
0.665848
0.662819
0.661448
0.662464
0.665443
0.669488
0.673681
0.676687
0.677201
0.67487
0.670482
0.664186
0.658359
0.648115
0.651074
0.654431
0.656912
0.65866
0.659825
0.660026
0.659244
0.658133
0.657614
0.658404
0.660082
0.661703
0.662455
0.662013
0.660741
0.658828
0.655947
0.652606
0.650317
0.6421
0.643521
0.645727
0.647989
0.649697
0.650872
0.651733
0.652277
0.652493
0.652732
0.653346
0.654039
0.654329
0.654086
0.653433
0.65227
0.650443
0.648206
0.646449
0.645365
0.636778
0.637595
0.639052
0.640815
0.64254
0.643993
0.645099
0.645994
0.646767
0.647451
0.648025
0.648316
0.648253
0.647841
0.646986
0.645679
0.644137
0.642602
0.641575
0.64091
0.631777
0.63233
0.633406
0.634809
0.636304
0.637785
0.639142
0.6403
0.641319
0.642237
0.642885
0.643128
0.642978
0.64241
0.641481
0.640359
0.639167
0.638069
0.63737
0.636903
0.626968
0.627381
0.62824
0.629439
0.63075
0.632134
0.633547
0.634908
0.636153
0.637268
0.638054
0.638348
0.638171
0.637615
0.636831
0.635939
0.635008
0.634177
0.63366
0.633305
0.622286
0.622611
0.623319
0.624369
0.625586
0.626901
0.628301
0.629759
0.631205
0.632547
0.633515
0.633916
0.633836
0.633438
0.632848
0.632145
0.631416
0.630788
0.630398
0.630117
0.617648
0.617911
0.618513
0.619463
0.620619
0.621899
0.623307
0.624839
0.626449
0.628038
0.629244
0.629845
0.629969
0.629774
0.629378
0.628865
0.628316
0.627849
0.627552
0.627322
0.61297
0.613189
0.613717
0.614608
0.615727
0.617005
0.618458
0.620087
0.621871
0.623729
0.625245
0.626139
0.626525
0.626558
0.626365
0.626045
0.625658
0.625327
0.625104
0.624911
0.608172
0.608357
0.608836
0.609697
0.610817
0.612137
0.613674
0.615449
0.617461
0.619642
0.621545
0.622799
0.623489
0.623781
0.623806
0.623668
0.623445
0.623232
0.623068
0.622902
0.603173
0.603333
0.603783
0.604645
0.605808
0.607212
0.608881
0.610866
0.61318
0.615773
0.61815
0.61983
0.620867
0.621445
0.621709
0.621757
0.621691
0.621585
0.62147
0.621325
0.597894
0.598034
0.598474
0.599367
0.600613
0.602146
0.604007
0.606271
0.60898
0.612104
0.615056
0.617232
0.618676
0.61958
0.620105
0.620359
0.62045
0.62044
0.620369
0.620239
0.592244
0.592368
0.592812
0.593763
0.595131
0.596843
0.598957
0.601572
0.604758
0.608526
0.612187
0.614985
0.616927
0.618219
0.619047
0.619535
0.619797
0.619884
0.61985
0.619731
0.58611
0.586222
0.586682
0.587719
0.589255
0.59121
0.59366
0.596732
0.600537
0.605107
0.609632
0.613169
0.615697
0.617437
0.618603
0.619359
0.619809
0.619995
0.619999
0.619889
0.57938
0.579465
0.579955
0.581111
0.582864
0.585129
0.588006
0.591663
0.596239
0.601798
0.607381
0.611822
0.615046
0.617326
0.618885
0.619956
0.620618
0.620913
0.620954
0.620848
0.571831
0.571937
0.572464
0.573764
0.575783
0.578438
0.581863
0.586253
0.591806
0.598607
0.605468
0.610972
0.615034
0.617964
0.620019
0.621465
0.622366
0.622776
0.622854
0.62275
0.563226
0.563326
0.563934
0.56542
0.56778
0.570935
0.575042
0.580343
0.587078
0.59537
0.603815
0.610648
0.615722
0.619429
0.622105
0.624005
0.625194
0.62574
0.625858
0.625753
0.55327
0.553373
0.554083
0.555817
0.558618
0.562424
0.567419
0.573912
0.582192
0.592374
0.602694
0.61105
0.617306
0.621929
0.625333
0.627766
0.629299
0.630001
0.630157
0.630047
0.541512
0.541634
0.542485
0.544539
0.547893
0.552525
0.558646
0.566626
0.576789
0.589255
0.601878
0.612111
0.619804
0.625538
0.629805
0.632896
0.634849
0.635728
0.635919
0.635798
0.527252
0.527413
0.528478
0.530971
0.53508
0.540835
0.548477
0.558436
0.571041
0.586339
0.601674
0.614039
0.623369
0.630383
0.635667
0.639532
0.641965
0.643036
0.643255
0.643113
0.509491
0.509729
0.511131
0.514281
0.519485
0.526825
0.536552
0.549117
0.564799
0.583537
0.602066
0.616905
0.628107
0.636587
0.643026
0.647751
0.650701
0.651963
0.652199
0.652031
0.486756
0.487144
0.489097
0.493286
0.500161
0.50983
0.522485
0.538532
0.558113
0.580987
0.6032
0.620821
0.63409
0.644192
0.651899
0.65758
0.661061
0.662495
0.662733
0.662533
0.456707
0.457403
0.460339
0.466362
0.475991
0.489218
0.506073
0.52677
0.551224
0.578966
0.605319
0.625959
0.641465
0.653295
0.662355
0.66902
0.672986
0.674548
0.674769
0.674536
0.415255
0.416693
0.421761
0.43137
0.445797
0.46456
0.487349
0.514069
0.544404
0.577701
0.608565
0.632412
0.650244
0.663884
0.674378
0.68201
0.686355
0.687962
0.688143
0.687883
0.354737
0.359252
0.369938
0.386637
0.409242
0.436286
0.466999
0.501121
0.538228
0.577589
0.613167
0.640276
0.660462
0.675892
0.687807
0.696296
0.7009
0.702389
0.702475
0.702208
0.282327
0.29045
0.309994
0.337303
0.370387
0.406757
0.446035
0.488113
0.532641
0.578968
0.620358
0.651804
0.675304
0.6933
0.707029
0.716758
0.721763
0.723348
0.723536
0.723438
0.209564
0.223128
0.25173
0.289415
0.332387
0.378006
0.425866
0.475974
0.528047
0.581523
0.628974
0.664964
0.691922
0.712779
0.728875
0.73981
0.744935
0.74609
0.746326
0.74634
0.149336
0.166731
0.20107
0.246433
0.297392
0.351095
0.406829
0.464523
0.523829
0.584174
0.637362
0.677579
0.707687
0.730935
0.748635
0.760427
0.765653
0.76762
0.768032
0.768114
0.0998837
0.119291
0.158035
0.209127
0.26639
0.326714
0.389234
0.453716
0.519677
0.586432
0.644983
0.689072
0.721982
0.747309
0.766485
0.779206
0.785322
0.78771
0.788206
0.788312
0.0581883
0.0787929
0.120831
0.17646
0.238906
0.304771
0.37312
0.443592
0.515569
0.58822
0.651701
0.699324
0.734711
0.761768
0.782086
0.795599
0.8025
0.805179
0.80574
0.805853
0.0219279
0.0433073
0.0879719
0.147261
0.21407
0.284719
0.358181
0.433997
0.511438
0.58951
0.657557
0.70838
0.745911
0.774266
0.795347
0.809483
0.816994
0.819918
0.82058
0.820688
-0.0104822
0.0114359
0.0582231
0.120642
0.191156
0.265985
0.343999
0.424655
0.507128
0.59027
0.662594
0.716351
0.75571
0.78512
0.80682
0.82142
0.829404
0.832542
0.833249
0.833332
-0.0401783
-0.0178691
0.0306766
0.0958168
0.169591
0.248113
0.330209
0.415297
0.502465
0.590415
0.666818
0.723319
0.764319
0.794637
0.816801
0.831738
0.840038
0.843289
0.844033
0.84408
-0.068027
-0.0453011
0.00484226
0.0722505
0.148943
0.230758
0.316549
0.405715
0.497291
0.589854
0.670224
0.729385
0.771947
0.803103
0.825701
0.84086
0.849258
0.852609
0.853367
0.853386
-0.0944722
-0.0713059
-0.0198292
0.0496491
0.12891
0.213676
0.302824
0.395755
0.49149
0.588502
0.672797
0.73463
0.778786
0.810812
0.833868
0.849262
0.857732
0.861109
0.861769
0.861702
-0.119888
-0.0962129
-0.0436659
0.0277384
0.109284
0.196698
0.288902
0.385311
0.484959
0.58629
0.674513
0.739114
0.784977
0.817966
0.841517
0.857125
0.86562
0.868921
0.869575
0.869471
-0.144509
-0.120383
-0.0667742
0.00634731
0.0899265
0.179724
0.274699
0.374315
0.477636
0.58314
0.675344
0.742883
0.790624
0.824706
0.848815
0.864631
0.87313
0.876337
0.876916
0.876784
-0.168487
-0.143859
-0.089211
-0.0146058
0.0707693
0.162696
0.260178
0.362731
0.469483
0.579005
0.67524
0.745934
0.795797
0.831141
0.85588
0.871882
0.8803
0.883342
0.883821
0.883651
-0.191882
-0.166707
-0.111088
-0.035171
0.0517947
0.145619
0.245348
0.350562
0.460479
0.573837
0.674133
0.74823
0.800526
0.837358
0.862796
0.878926
0.887177
0.889973
0.890311
0.890105
-0.214679
-0.189026
-0.132468
-0.0553615
0.0330134
0.128508
0.23024
0.337841
0.450638
0.567608
0.67194
0.749692
0.804804
0.843435
0.869672
0.88582
0.893709
0.896163
0.896369
0.896135
-0.236955
-0.210773
-0.153315
-0.0751535
0.0144581
0.111415
0.214913
0.324625
0.440013
0.560312
0.6686
0.750216
0.808559
0.849438
0.876683
0.892692
0.899938
0.901897
0.901951
0.9017
-0.25861
-0.231907
-0.173602
-0.0945135
-0.00382407
0.0944127
0.199445
0.310996
0.428666
0.551969
0.664043
0.749664
0.811657
0.855376
0.884075
0.899861
0.905999
0.907148
0.907002
0.906758
-0.279663
-0.252396
-0.193327
-0.113393
-0.0217644
0.07757
0.183924
0.297054
0.416679
0.542642
0.658226
0.747886
0.813889
0.861127
0.892101
0.907973
0.912453
0.91207
0.911482
0.911299
-0.30003
-0.272247
-0.212441
-0.13175
-0.0393101
0.0609672
0.16843
0.282881
0.404168
0.532415
0.651131
0.744726
0.814976
0.86635
0.900752
0.917916
0.920852
0.917738
0.91553
0.915076
-0.319774
-0.291427
-0.230903
-0.149533
-0.0563872
0.0446894
0.153086
0.268613
0.391261
0.52139
0.642783
0.740046
0.814605
0.870433
0.909373
0.930038
0.933613
0.928173
0.920091
0.902749
-0.338839
-0.309938
-0.248854
-0.166949
-0.0732973
0.028397
0.137464
0.253781
0.377431
0.509025
0.632613
0.733211
0.812298
0.872647
0.916689
0.943268
0.951197
0.946091
0.930146
0.943171
-0.357345
-0.327759
-0.266237
-0.183959
-0.0899732
0.0121498
0.121572
0.238411
0.362675
0.495227
0.62044
0.72363
0.807387
0.871738
0.918823
0.949454
0.962162
0.954657
0.893187
0.875777
-0.375898
-0.345454
-0.282799
-0.200201
-0.105887
-0.00360112
0.105618
0.222767
0.347283
0.480208
0.606304
0.710945
0.799105
0.866976
0.910479
0.939773
0.943986
0.90928
0.840438
0.798771
-0.395185
-0.363977
-0.298138
-0.215336
-0.120662
-0.018711
0.0899809
0.207022
0.331341
0.463992
0.590088
0.695052
0.785444
0.858071
0.908495
0.900264
0.878535
0.817603
0.745588
0.701595
0.0188809
0.132477
0.252717
0.380417
0.510613
0.62665
0.720235
0.573812
-0.416104
-0.397432
-0.359403
-0.289847
-0.20191
-0.104793
0.000479477
0.112991
0.2324
0.358839
0.487766
0.602704
0.694827
0.770203
0.822577
0.78697
0.64675
0.559863
0.491519
-0.433778
-0.420764
-0.376668
-0.305527
-0.217318
-0.120078
-0.0153493
0.096664
0.215182
0.340174
0.466722
0.578033
0.664383
0.726453
0.725352
0.624823
0.482183
0.376946
0.288068
-0.45706
-0.444357
-0.39728
-0.325049
-0.236772
-0.139369
-0.0346092
0.0770445
0.194597
0.317927
0.441298
0.547554
0.625623
0.669536
0.631384
0.473426
0.308377
0.174954
0.0572425
-0.480584
-0.4677
-0.418988
-0.345529
-0.256884
-0.159523
-0.0550467
0.0558706
0.172192
0.293448
0.413225
0.51386
0.584296
0.603093
0.519705
0.327389
0.129741
-0.0501625
-0.220071
-0.503344
-0.490921
-0.441393
-0.366879
-0.277821
-0.180477
-0.0764134
0.0336344
0.148557
0.26742
0.383185
0.477485
0.538154
0.521403
0.392892
0.192465
-0.0267073
-0.236057
-0.425855
-0.526714
-0.514558
-0.464714
-0.389505
-0.300121
-0.202732
-0.0990049
0.0102386
0.123715
0.24006
0.351635
0.439142
0.486965
0.446545
0.277129
0.080057
-0.131581
-0.330894
-0.453369
-0.490676
-0.551445
-0.539428
-0.48931
-0.413715
-0.324193
-0.226864
-0.123542
-0.0152172
0.0965964
0.210051
0.316932
0.39692
0.430477
0.36916
0.173416
-0.0142472
-0.19439
-0.32984
-0.375102
-0.399369
-0.577647
-0.565771
-0.515452
-0.43964
-0.35013
-0.253049
-0.150312
-0.0431706
0.0666382
0.176718
0.278231
0.350387
0.365597
0.266531
0.0812104
-0.0917522
-0.243331
-0.327684
-0.346844
-0.352579
-0.605664
-0.593806
-0.543263
-0.467294
-0.377914
-0.281242
-0.17933
-0.0736515
0.0337924
0.140044
0.235484
0.299646
0.286333
0.165979
-0.00493944
-0.167301
-0.286613
-0.330382
-0.33118
-0.332517
-0.635411
-0.623661
-0.572777
-0.496677
-0.407533
-0.311434
-0.210585
-0.106651
-0.00194755
0.100052
0.188889
0.243727
0.211959
0.0709663
-0.0853958
-0.235927
-0.303022
-0.320562
-0.32141
-0.321319
-0.666727
-0.654963
-0.603881
-0.527701
-0.438889
-0.343561
-0.244009
-0.142136
-0.040556
0.0567853
0.13872
0.182148
0.146665
-0.0133417
-0.158069
-0.272847
-0.317964
-0.313787
-0.314304
-0.314319
-0.699128
-0.687272
-0.636332
-0.560107
-0.471785
-0.377431
-0.279448
-0.179963
-0.0818792
0.0104825
0.0852106
0.11939
0.0723366
-0.0862618
-0.219958
-0.300037
-0.314169
-0.310931
-0.309803
-0.309117
-0.73208
-0.720194
-0.669487
-0.593486
-0.505834
-0.412696
-0.316589
-0.219837
-0.125641
-0.0385327
0.0290755
0.0538394
-0.010699
-0.149908
-0.272324
-0.29304
-0.307
-0.309219
-0.307729
-0.306235
-0.764557
-0.752827
-0.702517
-0.627151
-0.540452
-0.448838
-0.354947
-0.261284
-0.171334
-0.0898669
-0.0281368
-0.0178298
-0.0823769
-0.202715
-0.303191
-0.339681
-0.320428
-0.310848
-0.305026
-0.303111
-0.794979
-0.783953
-0.734552
-0.660081
-0.574798
-0.485099
-0.393819
-0.303619
-0.218224
-0.14284
-0.0853109
-0.0864529
-0.145377
-0.231869
-0.330908
-0.365841
-0.329185
-0.304453
-0.294576
-0.292736
-0.822424
-0.811727
-0.764208
-0.691057
-0.60777
-0.52045
-0.432252
-0.34593
-0.265368
-0.196245
-0.143421
-0.148864
-0.210875
-0.220635
-0.277566
-0.304092
-0.320783
-0.319857
-0.316561
-0.314912
-0.844358
-0.834357
-0.789171
-0.718698
-0.637975
-0.553639
-0.469029
-0.387046
-0.31162
-0.248774
-0.203247
-0.212615
-0.28954
-0.226948
-0.0551852
-0.251849
-0.383531
-0.453399
-0.45816
-0.445659
-0.858874
-0.849908
-0.807826
-0.740845
-0.663687
-0.583143
-0.502722
-0.425501
-0.355554
-0.299158
-0.263887
-0.282118
-0.425541
-0.444749
-0.343494
-0.440524
-0.55249
-0.596035
-0.59386
-0.585741
-0.863362
-0.856027
-0.818143
-0.755742
-0.683076
-0.607254
-0.53167
-0.459545
-0.395357
-0.345744
-0.323702
-0.360149
-0.616397
-1.09754
-1.4392
-1.13748
-0.80223
-0.663706
-0.638255
-0.633144
-0.856467
-0.850507
-0.817978
-0.761523
-0.694547
-0.624296
-0.554087
-0.487207
-0.428572
-0.386
-0.37595
-0.427348
-0.673824
-1.06997
-1.3828
-1.06596
-0.749979
-0.630028
-0.609364
-0.606586
-0.834573
-0.830257
-0.804692
-0.756779
-0.696985
-0.633018
-0.56845
-0.506385
-0.452258
-0.413975
-0.406885
-0.414016
-0.357608
-0.0817024
0.276838
0.124856
-0.266106
-0.47102
-0.499819
-0.495128
-0.800292
-0.797629
-0.779695
-0.741499
-0.690331
-0.633064
-0.573844
-0.515655
-0.463643
-0.426352
-0.415458
-0.393508
-0.264101
-0.0147087
0.060667
-0.341541
-0.621308
-0.615308
-0.547279
-0.511022
-0.758925
-0.75732
-0.747449
-0.718827
-0.676481
-0.625351
-0.570472
-0.514576
-0.461813
-0.420857
-0.407265
-0.445402
-0.642188
-1.17831
-1.79611
-2.29769
-2.41094
-2.19555
-1.83696
-1.56646
-0.718901
-0.717885
-0.713222
-0.694488
-0.659041
-0.612409
-0.560058
-0.503655
-0.447003
-0.395425
-0.37291
-0.385909
-0.648399
-1.02798
-1.51698
-1.7852
-1.74616
-1.51931
-1.24978
-1.05671
-0.686752
-0.686145
-0.683637
-0.672684
-0.643074
-0.598951
-0.545678
-0.485109
-0.419074
-0.35033
-0.274003
-0.201844
-0.13321
-0.00684163
0.223098
0.512589
0.85189
1.13985
1.31799
1.40081
-0.660145
-0.659466
-0.658505
-0.65428
-0.631569
-0.588222
-0.531042
-0.464466
-0.387089
-0.298838
-0.188113
-0.0565451
0.178434
0.538657
0.998912
1.48765
1.91981
2.23701
2.42601
2.50314
-0.641722
-0.641302
-0.640934
-0.639675
-0.623925
-0.580839
-0.518979
-0.445236
-0.359001
-0.257003
-0.137191
0.00668508
0.184643
0.541544
1.06515
1.61185
2.07678
2.39078
2.55336
2.61375
-0.62767
-0.627352
-0.626985
-0.627111
-0.617728
-0.576331
-0.509945
-0.429459
-0.338356
-0.233211
-0.114751
0.0211111
0.159447
0.441871
0.911119
1.37542
1.76345
2.01791
2.14547
2.19187
-0.61864
-0.617552
-0.615776
-0.616301
-0.612148
-0.573423
-0.501641
-0.415592
-0.32171
-0.218969
-0.10458
0.0145859
0.137159
0.305724
0.654789
1.00344
1.28612
1.47498
1.56806
1.60071
-0.621658
-0.620074
-0.620562
-0.62346
-0.618664
-0.571474
-0.489768
-0.398303
-0.304147
-0.205737
-0.102169
-0.00565325
0.0857052
0.192473
0.42003
0.660443
0.853865
0.982581
1.04591
1.06825
-0.621212
-0.621916
-0.629259
-0.634347
-0.619749
-0.558079
-0.465487
-0.371864
-0.282058
-0.193614
-0.10671
-0.0337251
0.030814
0.0983934
0.253823
0.411261
0.53381
0.614323
0.652343
0.663791
-0.561556
-0.564645
-0.575212
-0.580303
-0.560794
-0.497925
-0.413561
-0.330481
-0.253304
-0.179858
-0.110314
-0.0561315
-0.011805
0.0298933
0.132692
0.235231
0.310697
0.357791
0.379269
0.385809
-0.412253
-0.416489
-0.424393
-0.428348
-0.414936
-0.375818
-0.324413
-0.269332
-0.21419
-0.159446
-0.108224
-0.0709526
-0.0455948
-0.019691
0.0528233
0.116316
0.161635
0.18788
0.199431
0.202535
-0.23197
-0.234661
-0.239233
-0.244935
-0.24612
-0.23824
-0.222101
-0.198415
-0.169291
-0.135443
-0.101665
-0.077641
-0.0643092
-0.0469217
0.000375084
0.0407043
0.0680106
0.0830535
0.0890149
0.0902414
-0.0911106
-0.0926562
-0.0956727
-0.103427
-0.116109
-0.128914
-0.136097
-0.13562
-0.126473
-0.110021
-0.0898774
-0.0754087
-0.0675303
-0.0531783
-0.0227358
0.00275247
0.0172131
0.0241602
0.0265731
0.0267849
-0.0132149
-0.0141718
-0.016549
-0.0247723
-0.0408192
-0.0607042
-0.077847
-0.088618
-0.0913638
-0.0863126
-0.0756833
-0.0666625
-0.0612602
-0.051423
-0.0287942
-0.0139426
-0.00678909
-0.00380024
-0.00292929
-0.00317377
0.0178226
0.017218
0.0153353
0.00840604
-0.00576204
-0.0243571
-0.0425123
-0.0569434
-0.0653154
-0.066716
-0.0612795
-0.0539599
-0.0469883
-0.038414
-0.0252534
-0.0172552
-0.0136734
-0.0121695
-0.0118562
-0.0123303
0.0233073
0.0229459
0.0215854
0.0165694
0.005999
-0.00864101
-0.0241628
-0.0378055
-0.0474067
-0.0515273
-0.0484858
-0.0405022
-0.0301028
-0.0199224
-0.0139217
-0.0123088
-0.0113142
-0.0105867
-0.0104656
-0.0110735
0.0176021
0.0173898
0.0164514
0.0131132
0.00593423
-0.00447141
-0.0162921
-0.0276175
-0.0365477
-0.0413269
-0.0392461
-0.0298461
-0.0166686
-0.0064731
-0.00609151
-0.00740792
-0.00705883
-0.00634302
-0.00562575
-0.00629965
0.00836754
0.00822975
0.00758512
0.00547031
0.000873136
-0.00612043
-0.0146111
-0.0233599
-0.0310121
-0.0359547
-0.0351045
-0.0265238
-0.0128093
-0.00420347
-0.00734781
-0.00860301
-0.00723474
-0.00463475
-0.0034466
-0.00422012
-0.000699844
-0.000811995
-0.00127322
-0.0025861
-0.00541123
-0.0099708
-0.0159304
-0.022643
-0.0293108
-0.0347427
-0.0363464
-0.0313162
-0.0219301
-0.0174934
-0.0213073
-0.0213693
-0.0176229
-0.0132308
-0.0110853
-0.0116361
-0.00796875
-0.00808146
-0.00844934
-0.00931109
-0.0110771
-0.014074
-0.0183434
-0.0236647
-0.0298062
-0.0363279
-0.0419317
-0.0441921
-0.0440385
-0.0460094
-0.0487461
-0.0440447
-0.0371939
-0.0316583
-0.0294624
-0.0300168
-0.0128126
-0.0129366
-0.0132567
-0.0139108
-0.0151205
-0.0172227
-0.0204993
-0.0250355
-0.0310928
-0.0389841
-0.0495091
-0.0617997
-0.0749611
-0.0842484
-0.0826422
-0.0726739
-0.0634001
-0.0579796
-0.0559756
-0.0562933
-0.0152789
-0.0154056
-0.0156938
-0.0162532
-0.0172056
-0.0188369
-0.0215513
-0.0256555
-0.0316595
-0.0408855
-0.0558031
-0.078069
-0.10511
-0.11884
-0.110757
-0.0970259
-0.087213
-0.0828157
-0.0816834
-0.0816738
-0.0157478
-0.0158749
-0.0161356
-0.016667
-0.0175551
-0.0188988
-0.0211738
-0.0247609
-0.0305521
-0.0400322
-0.0565819
-0.0846187
-0.119363
-0.134595
-0.121596
-0.106716
-0.0988777
-0.0962293
-0.0960951
-0.0959112
-0.0146717
-0.0147975
-0.0150215
-0.0154902
-0.0162531
-0.0174472
-0.0194151
-0.0225226
-0.0273026
-0.0354912
-0.0506323
-0.0758317
-0.106729
-0.116899
-0.105284
-0.0954657
-0.0924193
-0.0924164
-0.0927828
-0.0926668
-0.012439
-0.0125708
-0.0127631
-0.0131475
-0.0138522
-0.0148858
-0.0162687
-0.0186909
-0.0224653
-0.0283303
-0.0378474
-0.0531634
-0.0712336
-0.0739908
-0.0693244
-0.0684048
-0.071152
-0.0733702
-0.0742655
-0.0743789
-0.00948326
-0.00959448
-0.00970016
-0.00990455
-0.0103619
-0.0112514
-0.0124662
-0.0139035
-0.0160689
-0.0187321
-0.0218961
-0.0244168
-0.0274073
-0.0259703
-0.0269314
-0.0343833
-0.040963
-0.0440613
-0.0449668
-0.0455789
-0.00640157
-0.00649792
-0.0065549
-0.00664548
-0.00695351
-0.0073883
-0.00826577
-0.00904871
-0.00992684
-0.0103201
-0.00767419
0.00184317
0.0138631
0.0221112
0.0103949
-0.00392601
-0.0123162
-0.0154678
-0.0166379
-0.0175341
-0.00345082
-0.00355963
-0.00361423
-0.00357353
-0.00364586
-0.00395693
-0.00434602
-0.00493345
-0.00522653
-0.00447638
0.000612037
0.0153418
0.0403335
0.0499327
0.0288836
0.0113816
0.00522579
0.00501573
0.00351088
0.00215744
-0.00212435
-0.00219778
-0.002252
-0.00229668
-0.00235596
-0.00273074
-0.00309663
-0.00306996
-0.00261077
-0.000142935
0.00758953
0.0252994
0.0435604
0.0328396
0.0162497
0.0102838
0.00740646
0.00838069
0.007297
0.00202993
-0.393888
-0.045523
0.179539
0.372666
0.528937
0.653952
0.754309
0.839651
0.901175
0.896937
0.115148
0.270781
0.414641
0.538687
0.644861
0.733599
0.806706
0.863404
0.897854
0.910575
0.384177
0.482405
0.577883
0.663851
0.738672
0.802237
0.854313
0.894033
0.922188
0.941334
0.567217
0.633041
0.701494
0.764801
0.819324
0.866265
0.905467
0.937077
0.962405
0.980506
0.706138
0.753111
0.805817
0.852512
0.894486
0.931363
0.963244
0.990135
1.01249
1.02808
0.818743
0.856457
0.897603
0.934892
0.969551
1.00093
1.02872
1.05253
1.07235
1.08526
0.916752
0.949244
0.984271
1.01772
1.04912
1.07802
1.10379
1.12574
1.14359
1.15409
1.00806
1.03939
1.0737
1.10708
1.13813
1.16648
1.19143
1.21229
1.22854
1.23715
1.10299
1.13781
1.17464
1.21009
1.24203
1.2703
1.2945
1.31426
1.32908
1.33706
1.21588
1.25623
1.2955
1.33232
1.36412
1.39121
1.4138
1.43204
1.44573
1.45482
1.35977
1.40246
1.44013
1.47383
1.50184
1.52563
1.54626
1.56367
1.57752
1.58866
1.53766
1.57526
1.60327
1.62762
1.64865
1.66794
1.68619
1.70335
1.71925
1.73377
1.73537
1.7564
1.7713
1.7871
1.80338
1.81868
1.8324
1.84567
1.86117
1.87953
1.92598
1.93315
1.94371
1.95526
1.96517
1.97437
1.98462
1.99572
2.00734
2.0162
2.13904
2.14081
2.13288
2.11636
2.10521
2.10465
2.1168
2.14141
2.17553
2.20007
2.55867
2.36478
2.26373
2.20587
2.17675
2.17011
2.18531
2.22613
2.30198
2.44494
-0.379747
-0.384268
-0.345013
-0.273488
-0.185265
-0.0873569
0.808021
0.87686
0.875861
0.797142
0.726759
0.654856
0.422346
0.195573
-0.0786671
-0.441517
-0.80266
)
;

boundaryField
{
    wall-4
    {
        type            zeroGradient;
    }
    pressure-outlet-7
    {
        type            fixedValue;
        value           uniform 0;
    }
    velocity-inlet-6
    {
        type            zeroGradient;
    }
    velocity-inlet-5
    {
        type            zeroGradient;
    }
    frontAndBackPlanes
    {
        type            empty;
    }
}


// ************************************************************************* //
