/*--------------------------------*- C++ -*----------------------------------*\
  =========                 |
  \\      /  F ield         | OpenFOAM: The Open Source CFD Toolbox
   \\    /   O peration     | Website:  https://openfoam.org
    \\  /    A nd           | Version:  9
     \\/     M anipulation  |
\*---------------------------------------------------------------------------*/
FoamFile
{
    format      ascii;
    class       volScalarField;
    location    "51";
    object      p;
}
// * * * * * * * * * * * * * * * * * * * * * * * * * * * * * * * * * * * * * //

dimensions      [0 2 -2 0 0 0 0];

internalField   nonuniform List<scalar> 
8800
(
0.815935
0.768147
0.729457
0.70046
0.679594
0.664761
0.654161
0.646677
0.641852
0.639788
0.641049
0.645233
0.651873
0.661186
0.673962
0.691694
0.716469
0.750409
0.792957
0.851659
0.647188
0.654866
0.66234
0.665647
0.664141
0.659061
0.652572
0.64649
0.641761
0.638911
0.638625
0.641124
0.645606
0.651546
0.658311
0.664588
0.668227
0.66749
0.662068
0.653376
0.625598
0.631756
0.635882
0.638824
0.64087
0.64147
0.640359
0.638249
0.636227
0.635312
0.636266
0.638639
0.641432
0.643607
0.64421
0.643007
0.640662
0.637267
0.632707
0.628946
0.6198
0.62245
0.625199
0.627598
0.629229
0.630386
0.631121
0.631231
0.630928
0.63087
0.631612
0.632773
0.633604
0.633662
0.633046
0.63195
0.63013
0.627556
0.625151
0.623647
0.614436
0.61586
0.617635
0.619663
0.621442
0.622776
0.623758
0.624546
0.625152
0.625705
0.626344
0.626828
0.626916
0.626618
0.625913
0.624658
0.622956
0.621104
0.619794
0.618963
0.609381
0.6103
0.611538
0.613099
0.614725
0.616241
0.617517
0.618573
0.619525
0.620404
0.621078
0.62139
0.621334
0.620881
0.619988
0.618779
0.617444
0.616178
0.615353
0.614802
0.604501
0.60517
0.606128
0.607424
0.608824
0.610272
0.6117
0.613008
0.614191
0.615281
0.616082
0.616428
0.616324
0.615797
0.614975
0.614015
0.612992
0.612061
0.611473
0.611068
0.599752
0.600268
0.601047
0.602169
0.603436
0.604797
0.606229
0.607684
0.609091
0.610404
0.611383
0.611825
0.611772
0.611363
0.610739
0.609997
0.609209
0.608515
0.608078
0.607762
0.595062
0.595472
0.596123
0.59712
0.598313
0.599625
0.601052
0.602586
0.604181
0.605748
0.606957
0.607576
0.607703
0.607501
0.60709
0.606552
0.605962
0.605457
0.60513
0.604873
0.590347
0.590681
0.591243
0.592159
0.593302
0.594596
0.596054
0.597679
0.599451
0.601293
0.602801
0.603696
0.604084
0.60412
0.603927
0.603602
0.603198
0.602848
0.602605
0.60239
0.585522
0.585799
0.5863
0.587169
0.588291
0.589606
0.591131
0.592887
0.594876
0.597033
0.598921
0.600174
0.600875
0.601182
0.601226
0.601111
0.600891
0.600676
0.600499
0.600314
0.580502
0.580734
0.581195
0.582047
0.583188
0.584567
0.586202
0.588141
0.590409
0.59296
0.595313
0.596996
0.598061
0.598679
0.598984
0.599087
0.599046
0.598954
0.598832
0.598668
0.575197
0.575395
0.575835
0.5767
0.577902
0.579389
0.581188
0.583379
0.586005
0.589054
0.591972
0.594164
0.595653
0.59662
0.597216
0.597542
0.597697
0.59772
0.597644
0.597496
0.569513
0.569682
0.57012
0.571026
0.57233
0.573976
0.576006
0.578526
0.58161
0.585279
0.588882
0.591682
0.593668
0.595037
0.595961
0.596561
0.596903
0.597032
0.596996
0.596857
0.563336
0.563481
0.563931
0.564908
0.566361
0.568224
0.570562
0.573504
0.577166
0.581598
0.586034
0.589562
0.592138
0.593976
0.595273
0.596164
0.59672
0.596963
0.596963
0.596831
0.556537
0.556656
0.557133
0.558213
0.559866
0.562016
0.564745
0.568223
0.572604
0.57797
0.583418
0.587822
0.591101
0.593495
0.595227
0.596451
0.597246
0.597606
0.597641
0.59751
0.548945
0.549039
0.549558
0.550775
0.552685
0.555202
0.558436
0.562596
0.567875
0.574388
0.581059
0.586508
0.590614
0.593661
0.595917
0.597529
0.598587
0.599069
0.599136
0.599004
0.540332
0.540432
0.541003
0.542378
0.544616
0.547607
0.551486
0.556503
0.562903
0.570829
0.578973
0.585663
0.590746
0.594559
0.597434
0.599501
0.600858
0.601472
0.601571
0.601434
0.530411
0.530491
0.531151
0.532747
0.535415
0.539019
0.543715
0.549812
0.557604
0.567257
0.577174
0.585338
0.591578
0.596296
0.599886
0.602488
0.604186
0.604941
0.60507
0.604925
0.518816
0.518878
0.519636
0.521544
0.524763
0.529149
0.534889
0.542357
0.551888
0.563655
0.575698
0.585601
0.593191
0.598975
0.603392
0.606624
0.608702
0.609606
0.609762
0.609606
0.505011
0.505061
0.505961
0.508279
0.512227
0.517648
0.524755
0.533989
0.545709
0.560053
0.574622
0.586554
0.595699
0.60271
0.608097
0.612039
0.614532
0.615587
0.615765
0.615593
0.488243
0.48828
0.489395
0.492292
0.497237
0.504058
0.512989
0.524525
0.539015
0.556505
0.574032
0.588288
0.599208
0.607614
0.61409
0.61884
0.621772
0.622971
0.623161
0.622969
0.467392
0.467428
0.468881
0.472643
0.479023
0.487816
0.499245
0.513819
0.531787
0.55305
0.574014
0.590903
0.603814
0.613783
0.621455
0.627096
0.630471
0.631791
0.63198
0.631766
0.440721
0.440775
0.442807
0.447972
0.456573
0.468265
0.483219
0.501844
0.524189
0.549941
0.57479
0.594554
0.609617
0.621285
0.63027
0.636831
0.640611
0.642006
0.642172
0.641934
0.405229
0.405379
0.408604
0.416361
0.428728
0.444851
0.464836
0.488778
0.516473
0.547399
0.576533
0.599376
0.616706
0.630155
0.640533
0.647982
0.652067
0.653458
0.653571
0.653309
0.355174
0.35613
0.362552
0.375626
0.394529
0.417494
0.444402
0.475059
0.509067
0.545763
0.579445
0.60546
0.62509
0.64034
0.652114
0.660329
0.664557
0.665837
0.665869
0.665584
0.281659
0.288831
0.303718
0.326766
0.355439
0.387581
0.422974
0.461396
0.502444
0.545441
0.584039
0.613502
0.635669
0.652929
0.666195
0.675142
0.679468
0.680646
0.680627
0.680378
0.202436
0.21946
0.243619
0.277295
0.316136
0.357613
0.401583
0.447986
0.496514
0.546571
0.591111
0.624987
0.650434
0.670208
0.685431
0.695068
0.699257
0.700225
0.700232
0.700089
0.136445
0.156533
0.188382
0.231043
0.278875
0.32915
0.381445
0.435689
0.491562
0.548483
0.598698
0.636692
0.665189
0.687213
0.703724
0.713681
0.717706
0.718628
0.718729
0.718654
0.0823951
0.104139
0.141489
0.190549
0.245473
0.303162
0.362825
0.424262
0.487033
0.550484
0.606076
0.647927
0.679167
0.703132
0.720876
0.7314
0.735851
0.736838
0.736932
0.736897
0.0373236
0.0602657
0.101405
0.155544
0.216174
0.279982
0.345966
0.413795
0.482878
0.552423
0.613082
0.658552
0.692384
0.718248
0.737306
0.748713
0.753508
0.754486
0.754626
0.754627
-0.00102584
0.0226043
0.0665981
0.124791
0.190214
0.25923
0.330705
0.404215
0.479037
0.554231
0.619632
0.668505
0.704775
0.732486
0.752738
0.764962
0.770168
0.771297
0.771477
0.7715
-0.0346587
-0.0105593
0.035717
0.0972284
0.166706
0.240247
0.316586
0.395212
0.475295
0.555742
0.625589
0.677637
0.716166
0.745455
0.766775
0.779704
0.78531
0.7867
0.786937
0.786971
-0.0650422
-0.0405275
0.00761973
0.0719691
0.144944
0.222444
0.30314
0.386428
0.471381
0.556764
0.630812
0.685837
0.726411
0.757058
0.779314
0.792789
0.79872
0.800349
0.800622
0.800651
-0.093112
-0.0682125
-0.0184457
0.048326
0.124382
0.205386
0.289999
0.377553
0.467052
0.55712
0.635209
0.693078
0.73554
0.767447
0.790428
0.804286
0.810468
0.812267
0.812559
0.812571
-0.119648
-0.0943169
-0.0430453
0.0258214
0.10461
0.188741
0.276891
0.368365
0.462124
0.556691
0.638742
0.699398
0.743676
0.776754
0.800315
0.814425
0.820764
0.82265
0.822924
0.822908
-0.144992
-0.119221
-0.066788
0.0041377
0.0853431
0.17228
0.263633
0.358715
0.45648
0.555401
0.641382
0.704839
0.75094
0.785112
0.809175
0.823389
0.82976
0.831689
0.831945
0.831896
-0.169552
-0.14321
-0.0897138
-0.0169686
0.0663912
0.155846
0.250107
0.348507
0.450034
0.553169
0.643099
0.709449
0.757447
0.792721
0.817169
0.83142
0.837788
0.839677
0.83993
0.839864
-0.193453
-0.166665
-0.111983
-0.0376425
0.0476476
0.139357
0.236246
0.33769
0.442736
0.549947
0.643866
0.713272
0.763327
0.799726
0.824502
0.83873
0.845034
0.846853
0.847038
0.846937
-0.216809
-0.18947
-0.133746
-0.0579606
0.0290643
0.122786
0.222034
0.326246
0.434563
0.545689
0.643639
0.716331
0.76866
0.806249
0.831322
0.845463
0.851586
0.853271
0.853383
0.853239
-0.239739
-0.211801
-0.155066
-0.0779453
0.0106198
0.10614
0.207494
0.314202
0.425524
0.540366
0.642373
0.718611
0.773507
0.812418
0.837766
0.851694
0.857504
0.858976
0.859006
0.858836
-0.262247
-0.233627
-0.175944
-0.097592
-0.00764746
0.0894512
0.192674
0.301605
0.415649
0.533963
0.640015
0.720063
0.777879
0.818374
0.844034
0.857565
0.86286
0.864037
0.863983
0.863798
-0.284172
-0.254909
-0.196317
-0.116871
-0.0256994
0.0727896
0.177639
0.288533
0.405001
0.526509
0.636508
0.720594
0.781733
0.824255
0.850426
0.863345
0.867777
0.868501
0.868352
0.868168
-0.30549
-0.275616
-0.216169
-0.135728
-0.0434768
0.056216
0.162482
0.275065
0.393661
0.518038
0.631812
0.720071
0.78496
0.830127
0.857312
0.869533
0.872576
0.872454
0.872143
0.872006
-0.326264
-0.295709
-0.235469
-0.154127
-0.0609156
0.0398152
0.147291
0.261308
0.381724
0.508621
0.625885
0.718347
0.787361
0.835877
0.864997
0.87699
0.878199
0.876333
0.875481
0.875604
-0.34632
-0.315162
-0.254159
-0.172003
-0.0779551
0.0236714
0.132163
0.247375
0.369309
0.498359
0.618722
0.715257
0.788661
0.841136
0.87338
0.886664
0.886717
0.882283
0.879351
0.878771
-0.36575
-0.333965
-0.272254
-0.189385
-0.0946282
0.00774066
0.117043
0.233206
0.356348
0.48718
0.610188
0.710525
0.788543
0.845349
0.881713
0.898695
0.900419
0.89457
0.885932
0.871424
-0.384478
-0.352102
-0.289873
-0.206469
-0.111222
-0.00830962
0.101514
0.218322
0.342307
0.474446
0.59963
0.703357
0.786402
0.847702
0.888097
0.910479
0.914757
0.902851
0.883422
0.870991
-0.402324
-0.369705
-0.306819
-0.22304
-0.127399
-0.0241334
0.0858046
0.203047
0.327493
0.460422
0.587134
0.693314
0.781494
0.847074
0.888137
0.910164
0.917654
0.895358
0.827417
0.796766
-0.41862
-0.388011
-0.322754
-0.238552
-0.142402
-0.0392262
0.070224
0.187611
0.312125
0.445235
0.572643
0.680118
0.772509
0.842841
0.87702
0.8929
0.884959
0.832032
0.763037
0.720527
-0.474907
-0.404149
-0.337291
-0.254092
-0.157812
-0.0550355
0.0547099
0.171735
0.29584
0.428439
0.555568
0.663186
0.755747
0.832631
0.838335
0.843612
0.797169
0.728341
0.652239
0.609839
-0.436003
-0.419798
-0.358945
-0.275211
-0.180424
-0.0777685
0.0309685
0.147312
0.270373
0.401467
0.526454
0.632031
0.716454
0.796915
0.786252
0.675956
0.572293
0.500108
0.427286
0.458575
-0.467422
-0.437755
-0.375895
-0.292928
-0.198122
-0.0956671
0.0133275
0.129022
0.250996
0.380275
0.502418
0.603658
0.679499
0.721873
0.674512
0.528375
0.402286
0.311905
0.213661
0.264404
-0.491636
-0.459015
-0.395849
-0.31266
-0.217761
-0.1154
-0.00648166
0.108376
0.228948
0.355839
0.474252
0.56941
0.636187
0.645148
0.540294
0.369118
0.217765
0.0999288
-0.0306308
0.00249618
-0.515367
-0.481165
-0.416782
-0.332674
-0.237621
-0.135381
-0.0269638
0.0869366
0.205921
0.330058
0.443861
0.531724
0.583102
0.561311
0.404661
0.209845
0.0206119
-0.146471
-0.334646
-0.352632
-0.538491
-0.50382
-0.438515
-0.353616
-0.258354
-0.156298
-0.0485015
0.0643263
0.181479
0.302492
0.41102
0.491421
0.524115
0.46649
0.275647
0.0666073
-0.149598
-0.338088
-0.579632
-0.879014
-0.56191
-0.527223
-0.461345
-0.375921
-0.280423
-0.178495
-0.071242
0.0404887
0.155715
0.273368
0.376353
0.448522
0.46113
0.352733
0.163521
-0.0448934
-0.248037
-0.419416
-0.487693
-0.567099
-0.586581
-0.551824
-0.485622
-0.399927
-0.304331
-0.202615
-0.0959925
0.0144763
0.127469
0.241252
0.338331
0.399759
0.387991
0.246068
0.0640325
-0.125402
-0.286915
-0.378847
-0.402625
-0.418601
-0.612818
-0.577937
-0.511522
-0.42572
-0.330208
-0.228868
-0.123109
-0.0141968
0.0961536
0.205433
0.29609
0.343919
0.314856
0.147127
-0.0260965
-0.190512
-0.315787
-0.354319
-0.367222
-0.368539
-0.640827
-0.605738
-0.539105
-0.45329
-0.357999
-0.257253
-0.152604
-0.0455752
0.0617015
0.165901
0.249261
0.283101
0.235208
0.0556782
-0.108596
-0.255819
-0.330872
-0.347867
-0.349251
-0.349075
-0.67067
-0.635283
-0.568393
-0.48263
-0.387711
-0.287752
-0.184476
-0.0796682
0.0241213
0.122708
0.19788
0.220385
0.136892
-0.0279956
-0.184171
-0.305499
-0.341656
-0.339821
-0.338737
-0.338129
-0.70206
-0.6664
-0.599278
-0.513646
-0.419252
-0.320303
-0.218683
-0.116442
-0.016552
0.0759346
0.142682
0.14855
0.0468908
-0.106142
-0.244095
-0.318629
-0.328891
-0.331615
-0.33234
-0.331976
-0.734435
-0.698623
-0.631501
-0.546104
-0.452424
-0.354736
-0.255061
-0.155755
-0.0601339
0.0258959
0.0840534
0.0746506
-0.0346027
-0.172099
-0.287175
-0.318137
-0.326576
-0.32858
-0.328526
-0.328226
-0.76733
-0.731408
-0.664605
-0.579601
-0.486874
-0.390717
-0.293312
-0.197304
-0.106331
-0.0267828
0.0208663
0.00304316
-0.110881
-0.224956
-0.316558
-0.33274
-0.326122
-0.325562
-0.325752
-0.325694
-0.799854
-0.764041
-0.697702
-0.613534
-0.522044
-0.427758
-0.332964
-0.240581
-0.154654
-0.0815149
-0.0439457
-0.0655729
-0.181622
-0.265533
-0.315495
-0.329221
-0.326826
-0.325365
-0.324982
-0.324926
-0.8304
-0.795322
-0.729836
-0.646968
-0.557156
-0.465136
-0.373336
-0.284852
-0.204257
-0.137622
-0.104086
-0.144081
-0.248542
-0.304753
-0.300086
-0.323361
-0.330758
-0.329603
-0.328901
-0.328388
-0.857406
-0.823402
-0.759866
-0.678714
-0.591154
-0.501893
-0.413525
-0.329187
-0.253911
-0.194055
-0.162225
-0.222813
-0.326319
-0.355593
-0.344046
-0.351491
-0.350629
-0.348967
-0.348062
-0.347278
-0.878738
-0.84649
-0.78574
-0.707358
-0.62275
-0.536849
-0.452392
-0.372474
-0.30225
-0.249213
-0.221959
-0.288256
-0.413261
-0.523149
-0.49926
-0.452568
-0.41606
-0.400328
-0.393085
-0.389321
-0.89217
-0.862642
-0.805547
-0.731038
-0.650424
-0.568671
-0.488652
-0.413391
-0.34792
-0.300613
-0.277182
-0.334023
-0.469418
-0.716429
-0.672468
-0.52969
-0.469296
-0.444828
-0.433023
-0.429697
-0.895065
-0.869614
-0.817373
-0.747918
-0.672481
-0.595937
-0.520938
-0.450571
-0.389518
-0.345126
-0.316145
-0.32368
-0.363005
-0.564626
-0.530398
-0.429082
-0.389551
-0.379145
-0.37818
-0.377767
-0.885351
-0.864788
-0.819044
-0.756405
-0.687443
-0.617159
-0.547946
-0.482717
-0.425327
-0.381893
-0.33849
-0.238369
-0.0412223
0.120148
-0.00832511
-0.185803
-0.28341
-0.310047
-0.320171
-0.322062
-0.860872
-0.845262
-0.808756
-0.755284
-0.694347
-0.63131
-0.568533
-0.508653
-0.455242
-0.413707
-0.358012
-0.211272
0.16822
0.586678
0.249203
-0.113761
-0.286892
-0.355384
-0.382652
-0.391086
-0.823951
-0.813799
-0.787116
-0.74467
-0.693135
-0.638144
-0.5821
-0.527552
-0.479007
-0.441987
-0.407349
-0.437217
-0.630884
-0.870918
-0.991734
-0.886683
-0.803479
-0.764311
-0.75382
-0.756207
-0.78099
-0.775222
-0.758848
-0.72719
-0.685587
-0.638278
-0.588627
-0.538935
-0.493994
-0.464089
-0.456919
-0.771347
-1.37828
-1.94679
-1.88555
-1.56008
-1.32327
-1.15588
-1.07046
-1.06325
-0.74149
-0.738068
-0.730023
-0.708245
-0.674541
-0.633495
-0.588517
-0.541421
-0.496443
-0.461198
-0.459217
-0.625739
-0.951952
-1.34412
-1.59282
-1.6367
-1.58965
-1.44267
-1.26918
-1.1712
-0.7127
-0.710585
-0.706669
-0.692436
-0.664466
-0.626784
-0.583584
-0.535458
-0.484377
-0.431958
-0.406556
-0.399406
-0.413019
-0.365114
-0.245325
-0.104647
-0.0581507
-0.0160137
0.0610537
0.0955544
-0.690476
-0.689742
-0.688621
-0.681129
-0.658178
-0.621757
-0.576915
-0.525315
-0.466983
-0.406109
-0.350754
-0.306703
-0.125378
0.235327
0.592395
0.875692
1.00423
1.07042
1.10131
1.10943
-0.676563
-0.676181
-0.675702
-0.672367
-0.654739
-0.61877
-0.570391
-0.513189
-0.448126
-0.371084
-0.284643
-0.1871
0.0696714
0.477249
0.880218
1.21593
1.41332
1.51455
1.55479
1.56257
-0.667393
-0.667147
-0.666615
-0.665821
-0.653335
-0.617782
-0.565498
-0.50224
-0.426028
-0.335945
-0.236237
-0.128972
0.125262
0.511256
0.890378
1.22171
1.43917
1.55121
1.59831
1.61302
-0.661321
-0.66133
-0.661126
-0.660887
-0.652345
-0.619679
-0.564948
-0.494458
-0.409284
-0.313319
-0.208787
-0.110546
0.111984
0.465872
0.803085
1.09346
1.30034
1.41497
1.47017
1.48821
-0.659833
-0.658459
-0.65427
-0.650342
-0.648938
-0.626296
-0.57061
-0.492399
-0.399507
-0.298329
-0.199843
-0.112541
0.0579846
0.367372
0.669917
0.924087
1.11553
1.22629
1.27861
1.29454
-0.682746
-0.678122
-0.667423
-0.660765
-0.665048
-0.650318
-0.585588
-0.494467
-0.392814
-0.287367
-0.193036
-0.111755
0.0155834
0.285972
0.532409
0.736258
0.897104
0.99224
1.03535
1.04728
-0.747645
-0.746874
-0.751478
-0.75897
-0.758963
-0.713727
-0.610347
-0.495059
-0.383221
-0.275506
-0.185649
-0.110451
-0.0140466
0.196832
0.394017
0.552781
0.671716
0.742979
0.775416
0.783902
-0.824961
-0.838861
-0.866295
-0.880298
-0.861345
-0.767486
-0.620683
-0.48414
-0.366771
-0.260953
-0.173483
-0.0971939
-0.0174775
0.126355
0.275285
0.391246
0.48184
0.536537
0.561634
0.567409
-0.792138
-0.807853
-0.835507
-0.849201
-0.822169
-0.717955
-0.574188
-0.444825
-0.336075
-0.240661
-0.15919
-0.0874056
-0.0148237
0.0848454
0.193484
0.279683
0.346479
0.387039
0.404415
0.406922
-0.581301
-0.5958
-0.617484
-0.630227
-0.610543
-0.540445
-0.452596
-0.366239
-0.286976
-0.211799
-0.143188
-0.0802137
-0.0227401
0.0380795
0.115604
0.182739
0.236822
0.268774
0.281217
0.281413
-0.298643
-0.305497
-0.318138
-0.33312
-0.337943
-0.326674
-0.301766
-0.267161
-0.226129
-0.177725
-0.127399
-0.0815923
-0.0409297
-0.00430007
0.0500755
0.101722
0.144096
0.169066
0.178925
0.178476
-0.0815447
-0.0843646
-0.0934082
-0.111682
-0.137958
-0.16177
-0.1759
-0.178364
-0.168154
-0.145695
-0.11619
-0.0873668
-0.0634346
-0.0476484
-0.0105492
0.0308671
0.0594573
0.0750304
0.0794801
0.0781593
0.0297137
0.0278757
0.0201262
0.00128416
-0.0295737
-0.0643003
-0.0942224
-0.114369
-0.122865
-0.119341
-0.107434
-0.0943598
-0.0850377
-0.0795028
-0.0602901
-0.0356889
-0.0169194
-0.00787467
-0.00550152
-0.00701817
0.0663022
0.0648746
0.058577
0.042774
0.0161286
-0.0158336
-0.0470719
-0.0732047
-0.0913
-0.100796
-0.103643
-0.103791
-0.104756
-0.10434
-0.0940322
-0.0825586
-0.0757436
-0.0744562
-0.0748415
-0.0758366
0.0669639
0.0658611
0.0611867
0.0494801
0.0294299
0.00394907
-0.023409
-0.0492611
-0.0713716
-0.0894501
-0.10398
-0.116709
-0.125869
-0.127752
-0.123274
-0.118979
-0.118369
-0.120134
-0.121479
-0.122177
0.0546286
0.0538379
0.0505657
0.0423637
0.0280308
0.00889065
-0.0132468
-0.0362059
-0.0588035
-0.081683
-0.105926
-0.131034
-0.149022
-0.149113
-0.144451
-0.142795
-0.144315
-0.147083
-0.148295
-0.148772
0.0398894
0.03935
0.037138
0.0315611
0.0215802
0.0076321
-0.00953816
-0.0288675
-0.0500897
-0.074727
-0.104948
-0.139111
-0.163296
-0.159397
-0.151988
-0.151604
-0.154154
-0.157195
-0.158307
-0.158581
0.0268673
0.0265175
0.0250719
0.0213669
0.0145489
0.00462005
-0.00822428
-0.0236728
-0.0419934
-0.0654269
-0.0968294
-0.13459
-0.158028
-0.150812
-0.144284
-0.143641
-0.147791
-0.151053
-0.152007
-0.152088
0.0167389
0.016504
0.0156092
0.0132598
0.00879279
0.00200332
-0.00716684
-0.0186928
-0.033051
-0.0522472
-0.0787245
-0.111041
-0.127855
-0.119422
-0.115124
-0.118558
-0.124244
-0.128029
-0.128972
-0.128955
0.00958491
0.00944688
0.00892198
0.00754405
0.00481002
0.000470055
-0.00557355
-0.0133533
-0.0230605
-0.0355249
-0.0516587
-0.0708797
-0.0786674
-0.0722087
-0.0726096
-0.0793841
-0.0863673
-0.0901909
-0.0910135
-0.0910185
0.00476096
0.00468764
0.00444098
0.00380229
0.00240187
6.2597e-06
-0.00342665
-0.00774476
-0.0125497
-0.0170776
-0.0199193
-0.0213899
-0.0172106
-0.0122384
-0.0210027
-0.0321484
-0.03966
-0.0428793
-0.043616
-0.0437544
0.00183798
0.0018073
0.00175232
0.00160328
0.00113074
0.000164069
-0.00125642
-0.00274291
-0.00329418
-0.000474026
0.00998031
0.027379
0.0490816
0.0448948
0.0290592
0.0147334
0.00737434
0.00520634
0.00442198
0.00391645
0.000258935
0.000244407
0.000287517
0.000432713
0.000550026
0.000504708
0.000413953
0.000840533
0.00315379
0.0109682
0.0303387
0.0609112
0.087832
0.0804198
0.0624641
0.0489577
0.0449916
0.0437322
0.0427571
0.0417243
-0.000405861
-0.000419073
-0.000343707
-7.60762e-05
0.00028809
0.000689535
0.00123169
0.00248324
0.00580172
0.0149084
0.0360404
0.0678103
0.0935523
0.083228
0.0680466
0.0603735
0.0585596
0.0593286
0.0579646
0.0567401
-0.000438109
-0.000446935
-0.00039509
-0.000195912
0.000141459
0.000552233
0.00110792
0.00218591
0.00476871
0.0114048
0.026806
0.049768
0.0677411
0.0587093
0.047934
0.0454877
0.0472873
0.0489554
0.0476527
0.0463278
-7.16433e-05
-8.18471e-05
-8.72847e-05
-9.12124e-05
-3.43868e-05
6.62983e-05
0.000170308
0.000359762
0.000752549
0.00177165
0.00438341
0.00946894
0.0146204
0.015986
0.0133678
0.0145107
0.0144063
0.0126298
0.0100013
0.00977005
-0.105057
0.0621003
0.257436
0.427975
0.564472
0.672251
0.761531
0.837486
0.871983
0.848685
0.19874
0.319719
0.44995
0.562603
0.657667
0.736426
0.800208
0.845468
0.868123
0.880192
0.418358
0.501414
0.590465
0.669175
0.736913
0.793602
0.838683
0.871615
0.895407
0.913386
0.579671
0.639095
0.701023
0.758305
0.808151
0.850487
0.885259
0.912995
0.935829
0.954128
0.705487
0.748751
0.794849
0.83879
0.877609
0.911517
0.940539
0.964692
0.985106
1.00294
0.810046
0.843013
0.881219
0.916851
0.949558
0.978874
1.00449
1.02602
1.04389
1.06124
0.902744
0.931492
0.965527
0.997718
1.02772
1.05494
1.07872
1.09846
1.11399
1.13106
0.991427
1.02067
1.05471
1.08679
1.11643
1.14304
1.16593
1.18444
1.19782
1.21485
1.0868
1.12003
1.1567
1.1903
1.22037
1.24657
1.26854
1.28583
1.2977
1.3151
1.20183
1.23967
1.27833
1.31259
1.34195
1.36671
1.38709
1.40299
1.41446
1.43253
1.34679
1.38535
1.4215
1.45219
1.47788
1.49998
1.51904
1.53458
1.54701
1.565
1.52189
1.55351
1.5797
1.60215
1.62213
1.64086
1.65858
1.67506
1.69041
1.70848
1.71051
1.72771
1.74275
1.75899
1.7749
1.78943
1.80264
1.81657
1.83411
1.85426
1.89223
1.90177
1.91332
1.92413
1.93341
1.943
1.95378
1.96515
1.97651
1.99187
2.09948
2.10314
2.08819
2.07338
2.06711
2.07278
2.09126
2.12158
2.15375
2.18041
2.40579
2.27093
2.19429
2.15191
2.13449
2.13846
2.16585
2.22227
2.32489
2.54925
0.706535
0.704406
0.699922
0.691296
0.679069
0.666937
0.656702
0.6488
0.643174
0.639908
0.639538
0.642261
0.647353
0.654565
0.663945
0.67548
0.688127
0.699159
0.705269
0.708322
0.630993
0.63684
0.643172
0.647661
0.650128
0.6498
0.647057
0.64324
0.63972
0.637447
0.637284
0.639465
0.643114
0.647392
0.65119
0.653067
0.652126
0.648641
0.643476
0.636855
0.622574
0.62487
0.628273
0.631266
0.633337
0.634828
0.635577
0.635252
0.634216
0.633318
0.633475
0.634883
0.636682
0.637975
0.638145
0.637246
0.635691
0.633351
0.630084
0.627162
0.617073
0.61816
0.61999
0.622365
0.624384
0.625805
0.626818
0.627559
0.627948
0.628154
0.628623
0.629408
0.629986
0.630037
0.629612
0.628753
0.627276
0.625186
0.623095
0.621711
0.611883
0.612546
0.613652
0.615352
0.617128
0.618752
0.620038
0.621042
0.621909
0.622679
0.623383
0.623907
0.624076
0.623889
0.623306
0.622238
0.6208
0.619249
0.617925
0.617144
0.606924
0.607385
0.608168
0.609461
0.610941
0.612449
0.613902
0.615185
0.616302
0.617333
0.618217
0.61875
0.618865
0.618566
0.617848
0.616841
0.615702
0.614559
0.613638
0.61312
0.602116
0.602461
0.603069
0.604132
0.605417
0.60678
0.608204
0.609632
0.610982
0.612232
0.613303
0.613952
0.61409
0.613782
0.613156
0.612358
0.611489
0.61061
0.60993
0.60955
0.597407
0.597675
0.598165
0.599067
0.600227
0.60151
0.602887
0.604354
0.605866
0.607349
0.608648
0.609464
0.609716
0.609554
0.609127
0.608538
0.607867
0.607211
0.606711
0.606421
0.592716
0.592929
0.593336
0.594127
0.595204
0.596437
0.597801
0.59931
0.600947
0.602656
0.604229
0.605289
0.605765
0.60583
0.605622
0.605244
0.604772
0.604302
0.60394
0.603713
0.587957
0.588129
0.588478
0.589195
0.590224
0.591432
0.59282
0.594406
0.59619
0.598141
0.600038
0.601435
0.602215
0.602551
0.60258
0.60242
0.602149
0.601846
0.601597
0.601416
0.583045
0.583184
0.583491
0.584163
0.585173
0.586403
0.587853
0.589557
0.59154
0.593785
0.596079
0.597896
0.599042
0.599691
0.599989
0.600058
0.599984
0.599839
0.599686
0.59954
0.577894
0.578007
0.578285
0.578937
0.579964
0.58126
0.582815
0.584691
0.586939
0.589559
0.592345
0.594667
0.596242
0.597251
0.59785
0.598163
0.598291
0.598305
0.598235
0.598117
0.572413
0.572502
0.572765
0.573421
0.5745
0.575904
0.577619
0.579735
0.582327
0.585426
0.588817
0.591744
0.593826
0.595248
0.596184
0.596785
0.597133
0.597293
0.597296
0.597199
0.566497
0.566566
0.566821
0.567504
0.568674
0.570233
0.572172
0.574606
0.577637
0.581337
0.58547
0.589126
0.591809
0.593716
0.595038
0.595956
0.596545
0.596862
0.596933
0.596855
0.560025
0.560073
0.56033
0.561063
0.562363
0.564133
0.566368
0.56921
0.572796
0.577237
0.582274
0.586813
0.590215
0.592699
0.59447
0.595738
0.596608
0.597094
0.597233
0.59717
0.55285
0.552879
0.553141
0.553946
0.555422
0.557466
0.560082
0.563444
0.56773
0.573088
0.57923
0.584829
0.589087
0.592249
0.594554
0.596235
0.597423
0.59809
0.598297
0.598245
0.544788
0.544805
0.545067
0.54597
0.547674
0.55006
0.553165
0.557189
0.562354
0.568847
0.576332
0.583205
0.588477
0.592435
0.59537
0.597552
0.599097
0.599962
0.600238
0.600197
0.535533
0.535519
0.535843
0.536881
0.538871
0.541707
0.54544
0.550303
0.556571
0.564473
0.573593
0.581982
0.588453
0.593348
0.59702
0.599793
0.60175
0.602835
0.603183
0.603149
0.524816
0.524776
0.525143
0.526374
0.52873
0.532146
0.536678
0.5426
0.550247
0.55988
0.570979
0.581184
0.589074
0.595082
0.599624
0.603074
0.605509
0.606837
0.607258
0.607228
0.512163
0.512097
0.51254
0.514018
0.516854
0.521029
0.526596
0.533887
0.543287
0.55507
0.56856
0.580905
0.590441
0.597735
0.603296
0.607529
0.610508
0.612097
0.61259
0.61256
0.496942
0.496846
0.497411
0.499236
0.502716
0.507906
0.514848
0.523928
0.535568
0.550019
0.566375
0.581223
0.592654
0.601416
0.608162
0.613285
0.616866
0.618725
0.619283
0.619248
0.478231
0.478108
0.478869
0.481201
0.485588
0.492187
0.501011
0.51248
0.527008
0.544758
0.564516
0.582236
0.595824
0.606243
0.614297
0.620432
0.624661
0.626788
0.627395
0.627348
0.454634
0.454492
0.455582
0.458703
0.464452
0.473112
0.484598
0.499314
0.517568
0.539355
0.563093
0.584066
0.600038
0.612299
0.62178
0.62903
0.633927
0.636292
0.636923
0.636855
0.423856
0.423733
0.425426
0.429913
0.437941
0.44981
0.465215
0.484404
0.507455
0.534124
0.562406
0.58693
0.605445
0.619654
0.630692
0.639104
0.644615
0.647147
0.647759
0.64766
0.381788
0.381825
0.384853
0.392189
0.404429
0.421539
0.442733
0.467932
0.496933
0.529283
0.562601
0.590932
0.61211
0.628342
0.64097
0.650556
0.656541
0.659104
0.65964
0.659502
0.32074
0.321917
0.32934
0.343033
0.362969
0.388409
0.417754
0.450619
0.486687
0.525405
0.564064
0.596258
0.620084
0.638298
0.652452
0.663027
0.669312
0.671685
0.672046
0.671871
0.248089
0.249814
0.264046
0.287616
0.318373
0.353669
0.39194
0.433009
0.476683
0.522462
0.567385
0.604454
0.631815
0.652656
0.66873
0.680541
0.687101
0.689401
0.689749
0.689667
0.173003
0.179112
0.200155
0.233867
0.274946
0.319821
0.366983
0.416317
0.467703
0.520686
0.572088
0.614224
0.645249
0.668945
0.687246
0.700028
0.706496
0.708477
0.708712
0.708687
0.111595
0.119994
0.14561
0.186309
0.235437
0.288483
0.343672
0.400745
0.459491
0.519405
0.577006
0.623919
0.658319
0.684465
0.704411
0.718043
0.724552
0.726404
0.726829
0.726878
0.06162
0.0706135
0.0997734
0.145692
0.200929
0.260558
0.32253
0.386432
0.451889
0.518284
0.581739
0.633152
0.67069
0.699111
0.720633
0.735209
0.742103
0.744456
0.744989
0.745071
0.0196946
0.0289772
0.0605969
0.110514
0.170755
0.235847
0.303568
0.373439
0.44493
0.517288
0.586218
0.64186
0.68235
0.712959
0.736117
0.751702
0.759337
0.762052
0.762668
0.762766
-0.0165267
-0.00711787
0.0263648
0.0794892
0.143861
0.213615
0.286344
0.361498
0.438441
0.516284
0.590323
0.649925
0.693187
0.725809
0.750437
0.766989
0.775366
0.778327
0.779034
0.779134
-0.0486922
-0.0392291
-0.00430872
0.0515267
0.119367
0.193135
0.270289
0.350192
0.43212
0.515055
0.59389
0.657211
0.703034
0.737439
0.763297
0.780684
0.789707
0.79296
0.793693
0.79378
-0.0780514
-0.0685306
-0.032433
0.0257435
0.0965727
0.173851
0.254937
0.339144
0.425665
0.513376
0.596764
0.663624
0.711823
0.747846
0.774731
0.792777
0.802241
0.805728
0.806526
0.806608
-0.105446
-0.0958657
-0.0587063
0.00146462
0.0749594
0.155342
0.239941
0.328058
0.418834
0.511058
0.598841
0.669138
0.719619
0.757135
0.784963
0.803491
0.813207
0.816867
0.817702
0.817764
-0.131431
-0.121764
-0.08361
-0.0217438
0.0541468
0.13729
0.225053
0.316735
0.411461
0.507978
0.600057
0.673765
0.726501
0.765459
0.794133
0.812995
0.822813
0.82655
0.827395
0.827421
-0.156481
-0.146623
-0.107618
-0.0441248
0.0338743
0.119485
0.210105
0.30504
0.403441
0.504049
0.60035
0.677511
0.732552
0.772965
0.802382
0.821466
0.831316
0.835033
0.835859
0.835852
-0.180823
-0.170731
-0.130945
-0.0658781
0.0139802
0.101797
0.194991
0.292895
0.394698
0.499203
0.599674
0.680378
0.737862
0.779809
0.809926
0.829147
0.838976
0.842636
0.843406
0.843376
-0.204554
-0.194237
-0.153597
-0.0871654
-0.0056255
0.0841681
0.179668
0.280261
0.385203
0.493392
0.597977
0.682367
0.742502
0.786107
0.816906
0.836213
0.845959
0.849492
0.850174
0.850116
-0.227805
-0.217169
-0.175768
-0.108037
-0.0249836
0.0665704
0.16413
0.267145
0.374958
0.486604
0.595211
0.683454
0.746516
0.791957
0.823464
0.842785
0.852333
0.855658
0.856216
0.856111
-0.25055
-0.239621
-0.197453
-0.128519
-0.0440941
0.049025
0.148416
0.253587
0.363992
0.478834
0.59134
0.683584
0.749906
0.797448
0.829757
0.848997
0.858161
0.861152
0.861558
0.861416
-0.272831
-0.26158
-0.218596
-0.148585
-0.0629294
0.0315716
0.132573
0.239654
0.352366
0.47011
0.586336
0.682691
0.752611
0.802641
0.836001
0.855091
0.863596
0.866053
0.866268
0.866095
-0.294461
-0.28296
-0.239189
-0.16819
-0.0814349
0.014285
0.116671
0.225421
0.340156
0.460498
0.580189
0.68069
0.754522
0.807541
0.842439
0.861451
0.868922
0.87047
0.870379
0.870186
-0.315581
-0.303721
-0.259209
-0.187306
-0.099575
-0.00279249
0.100807
0.210972
0.327454
0.450082
0.572917
0.677477
0.755476
0.812037
0.849224
0.868643
0.874811
0.874766
0.873965
0.873738
-0.336019
-0.323833
-0.278621
-0.205883
-0.117267
-0.0195731
0.0850648
0.196431
0.314374
0.438935
0.564567
0.672958
0.755272
0.815873
0.85625
0.877233
0.882598
0.880257
0.877591
0.876516
-0.355834
-0.343335
-0.297368
-0.223866
-0.134473
-0.0359857
0.0695291
0.181879
0.301031
0.427197
0.555217
0.667041
0.753687
0.818652
0.862954
0.88715
0.89379
0.89021
0.883571
0.874825
-0.37494
-0.362185
-0.315545
-0.24141
-0.1514
-0.0523078
0.0538639
0.166915
0.28697
0.414361
0.544326
0.659148
0.750188
0.819932
0.868531
0.897444
0.908519
0.905835
0.895739
0.889746
-0.393286
-0.380303
-0.33314
-0.258476
-0.168047
-0.0685372
0.0380865
0.151522
0.272152
0.400314
0.531705
0.648907
0.74403
0.818935
0.870907
0.903434
0.917041
0.918975
0.881451
0.829388
-0.410576
-0.396901
-0.350023
-0.27499
-0.184516
-0.0848223
0.0221484
0.135816
0.256633
0.385117
0.517286
0.636102
0.734162
0.815114
0.867895
0.895519
0.909212
0.892652
0.836311
0.773906
-0.427139
-0.412529
-0.366051
-0.290242
-0.200379
-0.100694
0.00582281
0.119853
0.240561
0.368944
0.501091
0.620511
0.719413
0.809219
0.857106
0.903803
0.864833
0.818142
0.747668
0.680784
-0.413106
-0.394746
-0.344448
-0.264155
-0.168643
-0.0658133
0.0459354
0.162746
0.286542
0.418728
0.545427
0.652815
0.743814
0.838685
0.877907
0.796564
0.746238
0.680469
0.607349
0.559404
-0.437532
-0.421203
-0.384818
-0.314352
-0.224856
-0.12602
-0.0192362
0.0942355
0.214278
0.341577
0.472148
0.590089
0.686757
0.7689
0.842448
0.834854
0.710781
0.625519
0.561615
0.479201
-0.457801
-0.442034
-0.399987
-0.328163
-0.238213
-0.139753
-0.0341044
0.0784649
0.197563
0.3235
0.452486
0.568351
0.661823
0.732562
0.758303
0.680934
0.541216
0.445059
0.369519
0.282049
-0.478513
-0.465814
-0.419243
-0.34614
-0.256099
-0.157292
-0.0516603
0.0606198
0.17884
0.303313
0.429541
0.540853
0.625456
0.681984
0.658679
0.527493
0.376224
0.259177
0.161363
0.0258846
-0.502441
-0.489316
-0.440574
-0.366248
-0.275946
-0.177048
-0.071513
0.0402139
0.157355
0.279977
0.402841
0.508723
0.584854
0.620036
0.561478
0.379594
0.199468
0.0477248
-0.0918762
-0.28743
-0.525399
-0.512578
-0.462611
-0.38702
-0.296205
-0.197331
-0.0921621
0.0187426
0.134549
0.254931
0.373979
0.473726
0.542063
0.543371
0.435368
0.239298
0.0280919
-0.170359
-0.344015
-0.734283
-0.548445
-0.535957
-0.485447
-0.408913
-0.317673
-0.218753
-0.113959
-0.00389664
0.110452
0.228336
0.343185
0.435864
0.49293
0.462304
0.312696
0.114425
-0.100755
-0.310342
-0.487647
-0.761407
-0.572444
-0.560092
-0.509327
-0.432194
-0.340657
-0.241679
-0.137217
-0.0279765
0.0848495
0.200045
0.310395
0.395703
0.43819
0.39105
0.203018
0.0118691
-0.183325
-0.348217
-0.418956
-0.457282
-0.597895
-0.585667
-0.534641
-0.457174
-0.365542
-0.266681
-0.162704
-0.054516
0.0564579
0.168466
0.273643
0.35101
0.377455
0.296157
0.105475
-0.0735643
-0.235682
-0.340282
-0.377543
-0.386689
-0.625
-0.612791
-0.561559
-0.48387
-0.392273
-0.293709
-0.190436
-0.0835643
0.0251852
0.13349
0.232772
0.301962
0.302485
0.191926
0.0164503
-0.148975
-0.286118
-0.340395
-0.352362
-0.35729
-0.65397
-0.641678
-0.590163
-0.512299
-0.420845
-0.322761
-0.220412
-0.115159
-0.00900261
0.0951365
0.187824
0.247944
0.224425
0.0944197
-0.0663843
-0.222007
-0.319304
-0.347376
-0.343615
-0.34368
-0.684503
-0.672417
-0.620417
-0.542422
-0.451216
-0.353788
-0.252613
-0.149281
-0.0460878
0.0534098
0.139045
0.188044
0.155761
0.0046845
-0.141777
-0.277914
-0.317521
-0.32982
-0.334657
-0.334778
-0.716453
-0.704346
-0.652105
-0.574066
-0.483247
-0.386677
-0.286936
-0.185842
-0.0860041
0.00846809
0.0865613
0.124565
0.0863766
-0.0721589
-0.207916
-0.301375
-0.345933
-0.333317
-0.330468
-0.330206
-0.749286
-0.737161
-0.684918
-0.606897
-0.516641
-0.421167
-0.323138
-0.224617
-0.12853
-0.0393632
0.0308022
0.0598967
0.000826099
-0.138988
-0.260024
-0.308411
-0.324304
-0.326448
-0.327307
-0.327251
-0.782251
-0.770197
-0.717973
-0.640358
-0.550927
-0.456829
-0.360842
-0.265223
-0.173271
-0.0896964
-0.0270217
-0.0139734
-0.0833115
-0.197031
-0.28956
-0.315665
-0.321145
-0.324803
-0.325164
-0.325329
-0.81411
-0.802499
-0.75043
-0.673711
-0.585398
-0.493031
-0.399456
-0.307073
-0.219558
-0.141974
-0.0853193
-0.0875869
-0.162188
-0.251302
-0.30653
-0.360721
-0.338009
-0.328171
-0.325889
-0.325688
-0.843392
-0.832279
-0.78122
-0.7056
-0.619087
-0.528905
-0.438178
-0.349379
-0.26646
-0.195102
-0.143876
-0.15336
-0.242996
-0.308434
-0.318504
-0.317158
-0.33286
-0.336442
-0.336442
-0.336083
-0.868402
-0.857991
-0.808406
-0.734852
-0.650744
-0.563316
-0.475956
-0.391145
-0.312851
-0.247528
-0.20297
-0.214036
-0.318195
-0.407523
-0.382156
-0.389949
-0.381758
-0.372394
-0.367697
-0.365707
-0.886785
-0.877304
-0.83002
-0.759534
-0.678857
-0.594997
-0.511552
-0.431138
-0.357523
-0.297541
-0.260026
-0.269266
-0.377071
-0.546042
-0.662508
-0.550424
-0.475539
-0.444936
-0.429241
-0.420284
-0.896477
-0.887838
-0.843986
-0.777735
-0.70163
-0.622403
-0.54365
-0.467962
-0.399089
-0.343505
-0.31009
-0.306446
-0.38503
-0.555116
-0.704593
-0.562687
-0.468112
-0.430565
-0.418132
-0.413392
-0.893263
-0.886147
-0.848646
-0.787564
-0.71734
-0.643991
-0.570811
-0.500349
-0.436066
-0.38394
-0.348697
-0.307684
-0.250538
-0.177774
-0.303154
-0.307236
-0.326307
-0.335674
-0.340532
-0.342016
-0.875645
-0.87078
-0.841169
-0.787673
-0.724684
-0.658456
-0.591781
-0.527005
-0.467452
-0.418044
-0.377693
-0.295869
-0.0501344
0.362272
0.469027
0.0698335
-0.189999
-0.288251
-0.316922
-0.327273
-0.844093
-0.840565
-0.820161
-0.777121
-0.723238
-0.665209
-0.605739
-0.546993
-0.492421
-0.445855
-0.409236
-0.339285
-0.20991
-0.0424381
-0.115497
-0.323913
-0.439748
-0.488531
-0.518317
-0.530504
-0.803005
-0.800763
-0.788868
-0.757882
-0.713975
-0.664733
-0.612612
-0.559849
-0.50992
-0.469082
-0.443961
-0.511815
-0.853482
-1.43841
-1.62425
-1.43608
-1.20389
-1.06702
-0.991721
-0.971608
-0.760458
-0.759152
-0.753135
-0.734257
-0.700463
-0.658538
-0.613086
-0.565173
-0.518046
-0.477962
-0.466892
-0.570353
-0.994782
-1.53681
-1.85158
-1.72384
-1.55547
-1.3912
-1.24026
-1.16918
-0.725644
-0.724936
-0.722109
-0.710835
-0.68586
-0.650288
-0.608905
-0.563163
-0.515211
-0.469971
-0.44319
-0.417584
-0.567994
-0.743738
-0.975387
-1.07178
-1.05432
-1.00609
-0.848962
-0.784259
-0.700868
-0.700062
-0.698654
-0.69395
-0.675392
-0.643643
-0.602868
-0.555942
-0.503658
-0.447924
-0.391765
-0.367018
-0.326353
-0.139291
0.148908
0.415489
0.574124
0.63864
0.682236
0.712877
-0.682868
-0.682557
-0.681989
-0.680151
-0.668722
-0.639765
-0.597583
-0.547392
-0.489819
-0.423703
-0.354467
-0.290077
-0.160481
0.184138
0.59363
0.961684
1.1999
1.31858
1.37358
1.3911
-0.671538
-0.671364
-0.670903
-0.669989
-0.664239
-0.63807
-0.594019
-0.538925
-0.473073
-0.396968
-0.307408
-0.205664
-0.0410781
0.308089
0.711856
1.08964
1.36792
1.5247
1.59405
1.61754
-0.6641
-0.664109
-0.663944
-0.663946
-0.660909
-0.638499
-0.593436
-0.532506
-0.45876
-0.371596
-0.273077
-0.168186
-0.0175763
0.308376
0.677705
1.01908
1.28577
1.44622
1.52522
1.55734
-0.659154
-0.659262
-0.658505
-0.657022
-0.654983
-0.640189
-0.59743
-0.531532
-0.449968
-0.354301
-0.255487
-0.153744
-0.0391196
0.249609
0.588169
0.883385
1.12354
1.27782
1.35894
1.39229
-0.666424
-0.665368
-0.659536
-0.649464
-0.646435
-0.647666
-0.610374
-0.536973
-0.445726
-0.344772
-0.246398
-0.148963
-0.0580622
0.169338
0.466193
0.720238
0.928905
1.07042
1.14415
1.17219
-0.711079
-0.708048
-0.702368
-0.698355
-0.700666
-0.699657
-0.641787
-0.547575
-0.441733
-0.334787
-0.233408
-0.146167
-0.0784842
0.120013
0.362408
0.55866
0.720065
0.831165
0.889177
0.910727
-0.793358
-0.792481
-0.805115
-0.82477
-0.827617
-0.79322
-0.685373
-0.554969
-0.432222
-0.321512
-0.221732
-0.141726
-0.0784774
0.0653791
0.245072
0.401779
0.522215
0.604961
0.648673
0.664709
-0.829229
-0.837033
-0.862124
-0.886249
-0.884932
-0.825726
-0.683286
-0.535102
-0.40862
-0.301482
-0.207858
-0.132224
-0.0617582
0.0375598
0.174502
0.284346
0.374115
0.437322
0.470757
0.482584
-0.703297
-0.710668
-0.734516
-0.756511
-0.753542
-0.694511
-0.579976
-0.463998
-0.359765
-0.269917
-0.188778
-0.117035
-0.051091
0.0150799
0.108391
0.193975
0.261657
0.309243
0.332613
0.339865
-0.435945
-0.442652
-0.456701
-0.473243
-0.479134
-0.455507
-0.40556
-0.346852
-0.287064
-0.226493
-0.16473
-0.106447
-0.0528185
-0.00817797
0.0482732
0.112471
0.16623
0.206958
0.22651
0.230687
-0.175278
-0.178477
-0.185586
-0.199527
-0.217747
-0.231067
-0.236018
-0.228407
-0.209394
-0.179827
-0.141445
-0.100785
-0.0659016
-0.0426603
-0.00364581
0.044012
0.0829392
0.113339
0.125577
0.127557
-0.0128308
-0.0145316
-0.0190164
-0.0322817
-0.0574533
-0.0904224
-0.119021
-0.138254
-0.145177
-0.139316
-0.122204
-0.0996955
-0.0810639
-0.0707905
-0.0526311
-0.0206656
0.00860355
0.0271273
0.0342495
0.0351956
0.0552167
0.0540701
0.0505002
0.038676
0.0148075
-0.0182232
-0.0518934
-0.0804707
-0.0998794
-0.108706
-0.107641
-0.101121
-0.0960982
-0.0969159
-0.086545
-0.069357
-0.0540652
-0.0453374
-0.0426597
-0.0432436
0.0697494
0.0689466
0.0661504
0.0569756
0.0382282
0.0113703
-0.0184124
-0.0469192
-0.070726
-0.0883307
-0.0994856
-0.106423
-0.111669
-0.11612
-0.113321
-0.105363
-0.0998539
-0.0992489
-0.100478
-0.101293
0.0617758
0.0612673
0.0592252
0.0526662
0.0391543
0.0191735
-0.00466171
-0.0296661
-0.053493
-0.0752493
-0.0951617
-0.114311
-0.131552
-0.139354
-0.137794
-0.13345
-0.133029
-0.134558
-0.136686
-0.137307
0.0473106
0.0470136
0.0455923
0.0410932
0.0317028
0.0173431
-0.000823904
-0.0213827
-0.0430412
-0.0658602
-0.0914881
-0.12112
-0.149767
-0.158027
-0.152896
-0.149003
-0.149615
-0.152761
-0.154953
-0.155409
0.0330921
0.0329314
0.0319733
0.0289653
0.022585
0.0124911
-0.000941447
-0.0172139
-0.0358043
-0.0576754
-0.0851369
-0.120254
-0.155908
-0.162038
-0.152908
-0.149574
-0.151062
-0.154852
-0.157016
-0.157261
0.0214137
0.0213327
0.0207253
0.0187961
0.0145842
0.00766498
-0.00195435
-0.0141813
-0.0289381
-0.0474539
-0.0729659
-0.106817
-0.140244
-0.142736
-0.133852
-0.131478
-0.135708
-0.140158
-0.142393
-0.142532
0.0128179
0.0127796
0.0123848
0.0112132
0.00858742
0.00408885
-0.00242023
-0.0110098
-0.021786
-0.0356068
-0.0542462
-0.0793791
-0.103045
-0.1015
-0.0948715
-0.097062
-0.103724
-0.109101
-0.111378
-0.111564
0.00690618
0.0068984
0.00668821
0.00606322
0.00460315
0.00195576
-0.00204155
-0.00738846
-0.0139931
-0.0218309
-0.0309025
-0.0416198
-0.050422
-0.046524
-0.0447197
-0.0511671
-0.0603265
-0.0660038
-0.0678113
-0.0680956
0.00308429
0.00308033
0.00298803
0.00276098
0.00216921
0.00094048
-0.00105588
-0.00369295
-0.00651778
-0.00843063
-0.00695095
-0.000551217
0.0095193
0.0160287
0.0103177
-0.00136787
-0.0119587
-0.0173581
-0.0188155
-0.0193817
0.000907764
0.000906638
0.000886801
0.000900685
0.000876327
0.000606878
2.35199e-05
-0.000613496
-0.00054063
0.00222831
0.0124354
0.03415
0.0610283
0.0753835
0.0569985
0.0402437
0.0304724
0.0276878
0.0261068
0.0250131
-0.000167816
-0.000174073
-0.00016449
-2.525e-05
0.000251748
0.000518562
0.000755712
0.00129111
0.00301914
0.00826712
0.0226473
0.0509842
0.0843048
0.0987387
0.0777616
0.0621474
0.0568289
0.0550101
0.0543964
0.0528365
-0.000460837
-0.000473121
-0.000475914
-0.0003398
-1.21722e-05
0.000403484
0.000907139
0.00176401
0.00375613
0.00891655
0.0220707
0.0473255
0.0758595
0.0848749
0.0676206
0.0575306
0.0549176
0.0566895
0.0564321
0.0550348
-7.81804e-05
-8.38066e-05
-9.14182e-05
-7.28492e-05
1.56461e-05
0.000117416
0.000245097
0.000505336
0.00113758
0.00279467
0.0066568
0.0124439
0.0153239
0.013163
0.0140374
0.014735
0.0137886
0.0103465
0.0100185
0.0328206
-1.14228
-0.462113
-0.0120008
0.247614
0.434718
0.578371
0.690193
0.781228
0.878421
0.970066
-0.0907664
0.104614
0.282867
0.433109
0.558851
0.661523
0.745267
0.81385
0.856406
0.860363
0.243267
0.359044
0.472445
0.573419
0.660338
0.733666
0.793752
0.839414
0.868812
0.886483
0.454485
0.53324
0.611368
0.682863
0.745243
0.798523
0.842381
0.876796
0.902978
0.922082
0.609253
0.662751
0.721752
0.775043
0.821673
0.862273
0.896742
0.92535
0.948768
0.965783
0.731671
0.77253
0.818351
0.858552
0.895843
0.929125
0.958276
0.983198
1.00404
1.01829
0.834421
0.868868
0.905922
0.940159
0.97238
1.00197
1.02829
1.05087
1.06953
1.08127
0.927628
0.958646
0.992589
1.02517
1.05588
1.0842
1.1093
1.13055
1.14749
1.15703
1.01858
1.05109
1.08637
1.12035
1.15163
1.17989
1.20443
1.22472
1.24017
1.24838
1.12049
1.15797
1.19623
1.23246
1.26448
1.29233
1.31575
1.33473
1.34886
1.35735
1.24737
1.28972
1.32889
1.36474
1.39512
1.42078
1.44231
1.45992
1.47342
1.48359
1.40887
1.45031
1.484
1.51354
1.53806
1.55957
1.57914
1.59656
1.6113
1.62399
1.59927
1.63006
1.65128
1.6704
1.68845
1.70567
1.72188
1.73769
1.7542
1.77112
1.7971
1.80849
1.81953
1.83362
1.8479
1.86073
1.87209
1.88294
1.89584
1.91272
1.9829
1.9928
2.00144
2.00388
2.00474
2.009
2.01979
2.03573
2.05335
2.05795
2.28393
2.22852
2.17769
2.13745
2.11505
2.111
2.1245
2.1583
2.21474
2.29029
0.848748
0.790054
0.747572
0.713711
0.689051
0.671493
0.658977
0.650039
0.643916
0.640417
0.640008
0.642848
0.648272
0.656198
0.667112
0.682159
0.703165
0.732258
0.771019
0.818844
0.650303
0.659059
0.664589
0.665409
0.661921
0.655869
0.649426
0.643941
0.640085
0.638412
0.639562
0.643137
0.648402
0.654866
0.661626
0.666892
0.668515
0.665278
0.657934
0.650265
0.627342
0.629372
0.633975
0.637483
0.639989
0.641409
0.641111
0.63936
0.637152
0.63556
0.635549
0.63735
0.640051
0.642661
0.644132
0.643788
0.641928
0.639125
0.635074
0.630691
0.620443
0.621309
0.62379
0.626499
0.628502
0.629854
0.630826
0.631261
0.631097
0.630817
0.631138
0.632193
0.633266
0.633729
0.633414
0.63256
0.631145
0.628903
0.626263
0.624296
0.614805
0.615267
0.616659
0.618675
0.620606
0.622171
0.6233
0.624177
0.624872
0.625419
0.626016
0.626625
0.626922
0.626809
0.626323
0.625351
0.623837
0.622006
0.620357
0.61934
0.60964
0.609926
0.610841
0.612304
0.61392
0.615511
0.616917
0.618067
0.61906
0.619977
0.620773
0.621281
0.621405
0.621158
0.620482
0.619408
0.61811
0.616787
0.615697
0.615072
0.604696
0.604897
0.605582
0.606748
0.608119
0.609548
0.610999
0.612376
0.613615
0.614753
0.615726
0.61631
0.616429
0.616104
0.615409
0.614503
0.61351
0.612504
0.611715
0.611275
0.599903
0.600055
0.600599
0.601574
0.602789
0.604109
0.605509
0.606961
0.6084
0.609766
0.610945
0.61167
0.61185
0.6116
0.611069
0.610376
0.609608
0.608842
0.608258
0.607928
0.59518
0.5953
0.595745
0.596585
0.597699
0.598957
0.600326
0.60181
0.603384
0.60498
0.60641
0.607336
0.607688
0.607633
0.607314
0.606831
0.606257
0.605693
0.605266
0.605011
0.590441
0.590538
0.590913
0.591662
0.592712
0.593931
0.595306
0.596848
0.598552
0.600378
0.602104
0.603322
0.603941
0.604136
0.604045
0.603774
0.603401
0.603012
0.602709
0.602507
0.585598
0.585677
0.586002
0.586692
0.587709
0.588926
0.590343
0.591982
0.593857
0.595946
0.59803
0.599626
0.600582
0.601067
0.601229
0.601179
0.601006
0.600779
0.600579
0.600417
0.580561
0.580627
0.580917
0.581575
0.582589
0.583851
0.585351
0.587133
0.589238
0.591658
0.594184
0.596242
0.597594
0.598415
0.598863
0.599051
0.599077
0.599004
0.598892
0.598762
0.575242
0.575298
0.575566
0.576215
0.577264
0.578613
0.580246
0.582232
0.58464
0.587485
0.590557
0.593168
0.594984
0.59619
0.596957
0.597406
0.59764
0.597721
0.597688
0.597582
0.569545
0.569592
0.569849
0.570513
0.571632
0.573113
0.574937
0.577201
0.579997
0.583379
0.587122
0.590396
0.592764
0.594417
0.595546
0.596301
0.596762
0.596991
0.597027
0.59694
0.563356
0.563395
0.563648
0.56435
0.565578
0.567243
0.569327
0.571952
0.575242
0.579293
0.583856
0.587931
0.590956
0.593136
0.594682
0.595769
0.596483
0.596876
0.596982
0.596912
0.556541
0.556571
0.55683
0.557591
0.558971
0.56088
0.563299
0.566383
0.570297
0.57517
0.580732
0.585778
0.589588
0.592394
0.594433
0.595898
0.596904
0.597475
0.597649
0.597593
0.548944
0.548958
0.549227
0.550069
0.551647
0.553867
0.556719
0.56039
0.565089
0.570983
0.577762
0.58397
0.588714
0.592253
0.594877
0.596796
0.59813
0.598891
0.599135
0.599089
0.540309
0.540335
0.540634
0.541571
0.543401
0.546015
0.549423
0.553839
0.559522
0.566682
0.574945
0.582541
0.588387
0.592791
0.596099
0.598557
0.600274
0.601246
0.60156
0.601524
0.53037
0.530384
0.530726
0.531807
0.533963
0.5371
0.541215
0.546572
0.553487
0.562206
0.572268
0.581525
0.588677
0.594102
0.598216
0.601299
0.603459
0.604664
0.605052
0.605022
0.518755
0.518763
0.519141
0.520418
0.523004
0.526809
0.53183
0.538388
0.546855
0.557505
0.569744
0.580976
0.589658
0.59628
0.601342
0.605144
0.607817
0.609276
0.609739
0.609711
0.504924
0.504928
0.505368
0.506908
0.510061
0.514756
0.520967
0.529086
0.539532
0.552573
0.56743
0.580984
0.591439
0.599435
0.605605
0.610235
0.613478
0.615205
0.615738
0.615708
0.488122
0.488121
0.488659
0.490578
0.494517
0.50042
0.508232
0.518412
0.531402
0.547418
0.565404
0.581637
0.594117
0.603682
0.611096
0.616671
0.620543
0.622543
0.623135
0.623097
0.467226
0.467221
0.46792
0.470422
0.47551
0.483134
0.493171
0.506128
0.522393
0.542056
0.563729
0.583034
0.597795
0.609115
0.617903
0.624533
0.629072
0.631328
0.63196
0.631906
0.44049
0.440484
0.441466
0.44494
0.451848
0.462061
0.475309
0.492079
0.512587
0.536711
0.562653
0.585363
0.602593
0.615811
0.626108
0.63387
0.639066
0.64153
0.642166
0.642085
0.404891
0.404901
0.406501
0.411869
0.422026
0.436345
0.454366
0.476346
0.502219
0.531627
0.562371
0.588779
0.608625
0.623847
0.635713
0.644656
0.650427
0.653001
0.653588
0.653469
0.354662
0.354898
0.358559
0.368293
0.38448
0.405548
0.430497
0.459325
0.491732
0.527196
0.563159
0.593422
0.615938
0.633189
0.646656
0.656707
0.662901
0.665442
0.665918
0.665752
0.282182
0.284475
0.295233
0.314359
0.340644
0.371146
0.404946
0.441896
0.481709
0.523845
0.565454
0.599883
0.62533
0.644826
0.660085
0.671249
0.677812
0.680303
0.680693
0.680518
0.204848
0.211127
0.23027
0.259482
0.296406
0.336635
0.379372
0.424582
0.472117
0.521508
0.569697
0.609336
0.63857
0.660927
0.678447
0.690965
0.697722
0.699959
0.70027
0.700174
0.13856
0.145211
0.170934
0.208707
0.254677
0.303848
0.355153
0.408448
0.463575
0.520063
0.574597
0.619154
0.651905
0.676908
0.696223
0.709522
0.716272
0.718354
0.718725
0.71872
0.0843857
0.0913062
0.121029
0.164946
0.217667
0.274166
0.332879
0.393474
0.455656
0.518867
0.579436
0.62863
0.664626
0.691943
0.712834
0.727017
0.734209
0.736596
0.736918
0.736936
0.0393106
0.0465512
0.0787569
0.127358
0.185451
0.247912
0.312852
0.379829
0.448377
0.517812
0.584049
0.637607
0.676644
0.706188
0.728625
0.743932
0.7518
0.754211
0.754591
0.754636
0.000934354
0.00835313
0.0423249
0.0944739
0.157031
0.224531
0.294823
0.367404
0.441681
0.516832
0.588357
0.646009
0.68791
0.719562
0.743564
0.759849
0.768285
0.770974
0.771432
0.771491
-0.032733
-0.0251967
0.0100671
0.0651518
0.131424
0.203246
0.278244
0.355828
0.43531
0.515741
0.59221
0.653697
0.698265
0.731811
0.757128
0.774281
0.78323
0.786276
0.786889
0.786951
-0.0631479
-0.0554959
-0.0191785
0.0384207
0.107848
0.183419
0.262585
0.344688
0.428955
0.514311
0.595445
0.660552
0.70758
0.742816
0.769263
0.787124
0.796484
0.799838
0.800564
0.800635
-0.0912318
-0.0834783
-0.0462127
0.0134764
0.0856919
0.16456
0.247443
0.333647
0.422333
0.512328
0.597927
0.666513
0.71586
0.752644
0.780015
0.798452
0.808121
0.811693
0.812497
0.812566
-0.117724
-0.109837
-0.0716805
-0.0102383
0.0645122
0.146308
0.232522
0.322459
0.415245
0.509639
0.59958
0.671581
0.723187
0.761429
0.789712
0.808501
0.818345
0.822052
0.822869
0.822919
-0.143061
-0.135003
-0.0959503
-0.0330065
0.0439905
0.128395
0.217618
0.310963
0.407556
0.506141
0.600338
0.675763
0.72964
0.769322
0.798385
0.817416
0.827346
0.831066
0.831914
0.831926
-0.16759
-0.159331
-0.119598
-0.0550508
0.0239164
0.110656
0.202593
0.299046
0.399179
0.501759
0.600151
0.67907
0.735309
0.77648
0.806258
0.825445
0.835364
0.839076
0.839884
0.839913
-0.191459
-0.182972
-0.142542
-0.0765599
0.00416977
0.0930005
0.187373
0.286655
0.39006
0.496433
0.598969
0.681498
0.740277
0.783035
0.8135
0.832787
0.842639
0.846282
0.847026
0.847004
-0.214764
-0.206136
-0.164887
-0.0976379
-0.0153117
0.0753822
0.171938
0.273776
0.380189
0.490133
0.596743
0.683038
0.744598
0.789097
0.820249
0.839586
0.84928
0.85276
0.853402
0.853319
-0.237586
-0.228767
-0.186774
-0.118318
-0.0345518
0.0578057
0.156306
0.260434
0.369571
0.482846
0.593424
0.683651
0.748303
0.794758
0.826648
0.845951
0.855353
0.858553
0.859052
0.858929
-0.259957
-0.250941
-0.208169
-0.138599
-0.0535363
0.0403005
0.140514
0.246674
0.358263
0.474598
0.588988
0.683278
0.75136
0.800095
0.832886
0.852064
0.860954
0.863726
0.864056
0.863894
-0.281801
-0.272576
-0.22902
-0.158443
-0.072216
0.0229136
0.124635
0.232575
0.346336
0.465421
0.583412
0.681845
0.753686
0.805145
0.839198
0.858229
0.866278
0.868356
0.868448
0.868259
-0.303048
-0.293614
-0.249314
-0.177813
-0.0905442
0.00571913
0.108741
0.218223
0.333866
0.455394
0.576696
0.679249
0.755142
0.809865
0.8458
0.864923
0.871761
0.872626
0.872271
0.872067
-0.323703
-0.314049
-0.269025
-0.196667
-0.108473
-0.0112096
0.0929226
0.203717
0.320958
0.444594
0.568881
0.675394
0.755544
0.814073
0.852744
0.87276
0.878392
0.87725
0.87574
0.875467
-0.343691
-0.333821
-0.288109
-0.214959
-0.125934
-0.0278167
0.0772651
0.189149
0.307727
0.433133
0.560012
0.670185
0.754679
0.817438
0.859713
0.882092
0.887756
0.884501
0.880501
0.878763
-0.363035
-0.35296
-0.306548
-0.232687
-0.142951
-0.0441177
0.0617471
0.174492
0.294143
0.420976
0.550021
0.663404
0.75225
0.819545
0.865998
0.892402
0.900916
0.897919
0.890177
0.874178
-0.381761
-0.371465
-0.324446
-0.250029
-0.159764
-0.0604237
0.0459873
0.159278
0.279657
0.407487
0.538239
0.654342
0.747517
0.819789
0.870289
0.901249
0.914477
0.910516
0.902588
0.858006
-0.400143
-0.388949
-0.34172
-0.266844
-0.176273
-0.0766377
0.0301625
0.143728
0.264495
0.392873
0.524735
0.642852
0.739668
0.817415
0.870257
0.901222
0.914779
0.914025
0.862764
0.80246
-0.419218
-0.404315
-0.358146
-0.28298
-0.192721
-0.0929722
0.0140115
0.127842
0.248641
0.377119
0.50938
0.628654
0.727452
0.812336
0.863233
0.880097
0.892473
0.862327
0.797579
0.733162
-0.438093
-0.439617
-0.37916
-0.295931
-0.206029
-0.106545
-0.00186576
0.112281
0.232829
0.361
0.492796
0.612009
0.710599
0.806412
0.823507
0.833742
0.823383
0.763682
0.690574
0.620662
-0.413479
-0.412257
-0.353552
-0.270894
-0.175935
-0.0731758
0.0362144
0.15285
0.276319
0.40802
0.534037
0.640846
0.729325
0.822264
0.838491
0.742175
0.660282
0.594662
0.522635
0.380598
-0.454924
-0.428294
-0.366798
-0.283401
-0.18862
-0.0860593
0.0227615
0.138805
0.26138
0.391656
0.515312
0.618983
0.698581
0.75964
0.730953
0.605311
0.488104
0.407513
0.32434
0.163053
-0.479728
-0.448301
-0.385718
-0.302783
-0.207917
-0.105534
0.00349789
0.11879
0.240088
0.368211
0.488608
0.586908
0.658717
0.68502
0.608984
0.44914
0.31281
0.211399
0.0973779
-0.134917
-0.503964
-0.470158
-0.406273
-0.322619
-0.227646
-0.125335
-0.0166233
0.0977692
0.217568
0.343121
0.459321
0.5509
0.610612
0.603563
0.472093
0.288309
0.119731
-0.0202386
-0.178676
-0.55889
-0.527265
-0.49255
-0.427565
-0.34299
-0.247836
-0.145679
-0.037575
0.0758008
0.1939
0.316516
0.427746
0.511818
0.554015
0.517877
0.33897
0.135053
-0.075552
-0.252053
-0.497411
-1.04451
-0.550364
-0.515566
-0.449833
-0.364607
-0.269216
-0.167235
-0.0597254
0.0525455
0.168741
0.288082
0.393833
0.47024
0.493705
0.409394
0.217152
0.00635918
-0.20768
-0.405875
-0.57082
-1.16297
-0.57442
-0.539527
-0.473349
-0.387714
-0.292132
-0.190289
-0.0833366
0.0278031
0.141959
0.257755
0.357826
0.424789
0.425008
0.298035
0.1125
-0.0882132
-0.272327
-0.398439
-0.430401
-0.477393
-0.599865
-0.56489
-0.498438
-0.412621
-0.317028
-0.21548
-0.109256
0.000475037
0.11219
0.223793
0.317727
0.372421
0.351183
0.195683
0.018021
-0.15792
-0.299717
-0.359673
-0.382268
-0.388029
-0.62706
-0.591853
-0.525195
-0.439311
-0.343872
-0.2428
-0.137563
-0.0295567
0.0793117
0.186107
0.273227
0.313627
0.278071
0.100323
-0.0681465
-0.222462
-0.32941
-0.355494
-0.356661
-0.35705
-0.656097
-0.620557
-0.553663
-0.467767
-0.372624
-0.272248
-0.168254
-0.0622926
0.0432902
0.144738
0.224004
0.252292
0.186596
0.0129237
-0.147051
-0.283159
-0.328417
-0.342551
-0.343738
-0.343337
-0.686874
-0.650937
-0.583801
-0.497974
-0.403267
-0.303789
-0.201305
-0.0977331
0.00415002
0.099734
0.170527
0.185883
0.0899274
-0.068364
-0.214084
-0.321246
-0.333966
-0.333875
-0.334873
-0.334483
-0.718921
-0.68279
-0.615423
-0.529754
-0.435657
-0.337311
-0.236628
-0.135809
-0.0380038
0.0512637
0.113574
0.111309
0.00548959
-0.140372
-0.267399
-0.304033
-0.325939
-0.329939
-0.330344
-0.330038
-0.751885
-0.715422
-0.64817
-0.562799
-0.469528
-0.372572
-0.273994
-0.176292
-0.082941
-0.000166085
0.052715
0.0384695
-0.0737635
-0.199281
-0.301932
-0.341796
-0.330027
-0.327527
-0.3273
-0.327162
-0.784819
-0.748362
-0.681486
-0.596609
-0.504422
-0.40916
-0.313019
-0.218789
-0.130293
-0.053921
-0.012216
-0.0304789
-0.147274
-0.243813
-0.319056
-0.318704
-0.323446
-0.324949
-0.32527
-0.325341
-0.81669
-0.780757
-0.714196
-0.630439
-0.539676
-0.446477
-0.353131
-0.262666
-0.179397
-0.109451
-0.0749645
-0.10368
-0.214876
-0.284871
-0.302554
-0.329453
-0.329221
-0.326548
-0.325739
-0.325516
-0.845931
-0.810966
-0.74549
-0.66322
-0.574375
-0.483682
-0.393546
-0.3071
-0.229194
-0.165936
-0.13323
-0.184828
-0.284952
-0.32001
-0.312894
-0.328014
-0.335947
-0.336611
-0.336275
-0.335659
-0.870826
-0.837339
-0.773653
-0.693648
-0.60735
-0.519703
-0.433232
-0.351068
-0.278351
-0.221994
-0.192207
-0.257728
-0.3689
-0.418483
-0.396014
-0.390684
-0.37625
-0.36962
-0.366514
-0.364782
-0.889072
-0.857757
-0.796669
-0.720049
-0.637205
-0.553257
-0.470958
-0.393355
-0.325502
-0.275588
-0.251714
-0.314426
-0.450696
-0.640249
-0.607425
-0.507334
-0.456288
-0.436139
-0.42381
-0.41881
-0.89834
-0.869746
-0.812672
-0.740531
-0.662274
-0.583
-0.505409
-0.432572
-0.369337
-0.323872
-0.30009
-0.339525
-0.448731
-0.689241
-0.654268
-0.505596
-0.444603
-0.422447
-0.415131
-0.412916
-0.895816
-0.871432
-0.819798
-0.753281
-0.68094
-0.607412
-0.535215
-0.467379
-0.408313
-0.364185
-0.330082
-0.286831
-0.214088
-0.282136
-0.29829
-0.317975
-0.332234
-0.338504
-0.341702
-0.341634
-0.877855
-0.859624
-0.816397
-0.756956
-0.691926
-0.625187
-0.559134
-0.496556
-0.441036
-0.398387
-0.351198
-0.204303
0.128997
0.575557
0.30244
-0.0828582
-0.254993
-0.304913
-0.323849
-0.328327
-0.845983
-0.833313
-0.800732
-0.751051
-0.694618
-0.635667
-0.576256
-0.519042
-0.467957
-0.427498
-0.381159
-0.28059
-0.108034
0.00647604
-0.236634
-0.392774
-0.467267
-0.50531
-0.526341
-0.532555
-0.804627
-0.796666
-0.77569
-0.736939
-0.689789
-0.638994
-0.586288
-0.534322
-0.488005
-0.454889
-0.44616
-0.63714
-1.1315
-1.595
-1.5802
-1.30625
-1.12724
-1.02062
-0.976581
-0.971431
-0.761714
-0.75726
-0.745604
-0.718815
-0.680212
-0.636422
-0.589311
-0.541394
-0.496791
-0.466957
-0.459736
-0.757968
-1.2534
-1.77286
-1.81203
-1.63732
-1.47337
-1.30862
-1.19141
-1.16884
-0.726432
-0.724092
-0.718008
-0.699932
-0.669162
-0.630127
-0.586604
-0.539283
-0.492244
-0.448413
-0.441294
-0.482404
-0.64993
-0.869696
-1.04023
-1.0722
-1.03605
-0.944286
-0.806328
-0.772581
-0.700491
-0.69948
-0.697373
-0.686549
-0.6609
-0.624077
-0.580216
-0.53068
-0.475464
-0.418649
-0.377814
-0.357039
-0.252157
0.00305211
0.284825
0.515707
0.610263
0.663228
0.698497
0.725427
-0.68277
-0.682259
-0.681609
-0.676377
-0.656187
-0.620041
-0.573601
-0.519302
-0.45808
-0.390094
-0.318222
-0.240741
-0.0138762
0.39208
0.785415
1.10294
1.26835
1.35286
1.38529
1.39489
-0.671486
-0.671155
-0.670596
-0.66886
-0.653832
-0.617901
-0.567365
-0.507488
-0.437129
-0.351848
-0.256545
-0.151451
0.113751
0.509729
0.906428
1.24576
1.45994
1.56784
1.60875
1.62176
-0.664118
-0.664045
-0.663796
-0.663387
-0.65288
-0.618164
-0.564625
-0.497712
-0.416524
-0.323847
-0.221064
-0.116093
0.126732
0.494133
0.853204
1.16571
1.37916
1.4934
1.54595
1.56303
-0.659309
-0.659003
-0.657738
-0.656495
-0.650601
-0.622007
-0.566973
-0.492753
-0.403723
-0.304462
-0.202261
-0.111582
0.0825245
0.423455
0.74047
1.01254
1.21207
1.32574
1.38057
1.39814
-0.666328
-0.663232
-0.65442
-0.646644
-0.649685
-0.634748
-0.576822
-0.493139
-0.396205
-0.29318
-0.196767
-0.111043
0.0370331
0.318827
0.599605
0.830225
1.00965
1.11447
1.16274
1.17662
-0.709884
-0.705658
-0.699187
-0.698826
-0.703943
-0.677967
-0.597135
-0.495441
-0.388543
-0.281419
-0.189775
-0.112955
-0.00152478
0.247422
0.464211
0.644155
0.7831
0.865975
0.903558
0.913665
-0.791165
-0.797044
-0.816701
-0.828496
-0.818088
-0.747105
-0.620177
-0.491991
-0.376321
-0.268816
-0.179971
-0.104512
-0.0196872
0.153114
0.328573
0.46578
0.569085
0.631131
0.659428
0.666554
-0.829928
-0.848029
-0.875718
-0.889628
-0.865703
-0.761249
-0.606985
-0.46911
-0.353589
-0.251694
-0.166465
-0.0909372
-0.0141327
0.106791
0.23268
0.331509
0.409738
0.457372
0.47902
0.483144
-0.704835
-0.722006
-0.746817
-0.759818
-0.732789
-0.639962
-0.521184
-0.410088
-0.313744
-0.227326
-0.151259
-0.0833128
-0.0182834
0.0609312
0.153819
0.22971
0.288708
0.323757
0.337388
0.339396
-0.438604
-0.448857
-0.465041
-0.478598
-0.472154
-0.43203
-0.376755
-0.317085
-0.257147
-0.194934
-0.135175
-0.080142
-0.0302107
0.0168385
0.0812837
0.140356
0.189459
0.218761
0.230522
0.229938
-0.176889
-0.181268
-0.191733
-0.208575
-0.225091
-0.235102
-0.233542
-0.220147
-0.195917
-0.161108
-0.121308
-0.0836534
-0.0524182
-0.0262268
0.0197183
0.0652035
0.101954
0.121231
0.12676
0.126033
-0.0138201
-0.0160087
-0.0243078
-0.0433799
-0.0737544
-0.105599
-0.129935
-0.143106
-0.143731
-0.131668
-0.111414
-0.090774
-0.073603
-0.0653745
-0.0376637
-0.00496059
0.0195588
0.0319339
0.0356858
0.0340313
0.0545398
0.0529594
0.0458971
0.0282763
-0.00109181
-0.0353054
-0.067035
-0.0913118
-0.105436
-0.109014
-0.104837
-0.0987442
-0.0958435
-0.0928804
-0.078363
-0.0608798
-0.0486448
-0.043863
-0.0426358
-0.0439569
0.0693273
0.0680616
0.0625859
0.0488485
0.0254934
-0.00337797
-0.0329901
-0.0594606
-0.0801343
-0.0944743
-0.103472
-0.109837
-0.114449
-0.115696
-0.109164
-0.10211
-0.0990666
-0.0997296
-0.100955
-0.101783
0.0615483
0.0606073
0.0566775
0.0468329
0.0298072
0.00762302
-0.0171571
-0.0417557
-0.0644295
-0.0852473
-0.104891
-0.124109
-0.137842
-0.139286
-0.1353
-0.132629
-0.133394
-0.135845
-0.137097
-0.137685
0.0472037
0.0465476
0.0438479
0.0370619
0.0250698
0.00868373
-0.0109038
-0.0320713
-0.0541437
-0.0783626
-0.105997
-0.136501
-0.157801
-0.156126
-0.150356
-0.149326
-0.151097
-0.154092
-0.155296
-0.155683
0.033055
0.0326145
0.0308107
0.0262446
0.0179777
0.00617301
-0.00875009
-0.0261722
-0.0461861
-0.0704686
-0.102037
-0.138882
-0.163676
-0.157971
-0.150223
-0.149484
-0.153092
-0.156223
-0.157246
-0.157418
0.0213996
0.0211297
0.0199866
0.0170168
0.0114612
0.003192
-0.00774226
-0.0211899
-0.0374424
-0.0593785
-0.0890263
-0.125098
-0.146018
-0.137691
-0.13202
-0.133303
-0.138119
-0.14164
-0.142575
-0.142587
0.0128297
0.0126422
0.0119381
0.0101163
0.00658051
0.00109232
-0.00645045
-0.0160884
-0.0282878
-0.0442923
-0.0661345
-0.0929616
-0.105389
-0.0974973
-0.0950925
-0.100252
-0.106737
-0.110648
-0.111585
-0.11157
0.00692142
0.00682247
0.00644991
0.00546744
0.0034383
0.000128723
-0.0045479
-0.0105332
-0.0177298
-0.0263186
-0.0361311
-0.0471718
-0.0494474
-0.0433444
-0.0475329
-0.0562216
-0.0636441
-0.067264
-0.0680457
-0.0681079
0.0030953
0.00304362
0.002904
0.00252896
0.00164526
3.3636e-05
-0.00231396
-0.00512035
-0.00768628
-0.00832193
-0.004376
0.00338534
0.0180275
0.0173852
0.00528641
-0.0075074
-0.0153508
-0.0183037
-0.01913
-0.019433
0.000914824
0.000892057
0.000889741
0.00090615
0.000781173
0.000344194
-0.000318139
-0.000731962
0.000328467
0.00606655
0.0219065
0.04879
0.0718814
0.0664215
0.0483732
0.0346552
0.0284808
0.0268438
0.025566
0.0248231
-0.000166941
-0.000178536
-0.000115449
0.000104138
0.000392259
0.000629846
0.00094793
0.0019209
0.00497144
0.0139215
0.0353117
0.0680682
0.0948311
0.0863127
0.0685077
0.058901
0.0555395
0.0548857
0.0535712
0.0524681
-0.000464267
-0.000480918
-0.000430464
-0.000194394
0.000187385
0.000638029
0.00125973
0.00255059
0.00573205
0.0141419
0.0334102
0.0620795
0.0836561
0.0747298
0.0614034
0.0553534
0.055622
0.0567899
0.0557626
0.0545542
-0.000333008
-0.000351948
-0.000350586
-0.000268293
-5.39839e-05
0.000211415
0.000517255
0.00102506
0.00214024
0.00487535
0.0118992
0.0254531
0.0409443
0.0424557
0.0336974
0.0300596
0.0300645
0.0339837
0.0339946
0.032307
-0.756166
-0.191074
0.129636
0.345418
0.510411
0.636752
0.738321
0.82583
0.93509
0.932886
0.0525767
0.200224
0.361206
0.499199
0.612961
0.705383
0.781581
0.839697
0.863523
0.867728
0.317567
0.417129
0.5248
0.618619
0.698665
0.765377
0.818572
0.85599
0.879362
0.896458
0.505249
0.573901
0.648357
0.715188
0.773042
0.821644
0.860741
0.890733
0.914331
0.933036
0.645976
0.697311
0.749319
0.799148
0.842736
0.88026
0.911757
0.937611
0.959276
0.977631
0.759859
0.797229
0.838679
0.877687
0.912997
0.944212
0.971285
0.994047
1.01315
1.03095
0.857507
0.887795
0.923297
0.956556
0.98755
1.01557
1.04008
1.06065
1.07733
1.0947
0.947096
0.975618
1.00911
1.04078
1.07039
1.09719
1.12045
1.13956
1.15399
1.17112
1.03755
1.06855
1.10369
1.13633
1.16618
1.19266
1.21514
1.23308
1.24564
1.2629
1.14117
1.17692
1.21485
1.24898
1.27895
1.3046
1.32581
1.3424
1.35396
1.3718
1.2703
1.30935
1.3475
1.38056
1.40849
1.43203
1.45163
1.46711
1.47892
1.49717
1.43142
1.46745
1.49952
1.52629
1.54909
1.56958
1.58818
1.6042
1.6179
1.63577
1.61612
1.64116
1.66103
1.67953
1.69718
1.71392
1.72978
1.74577
1.76289
1.78203
1.80279
1.81364
1.82635
1.8409
1.85452
1.86659
1.87749
1.88883
1.90424
1.92367
1.98469
1.99812
2.00318
2.0042
2.00616
2.01352
2.02723
2.04482
2.05857
2.06991
2.25356
2.20297
2.15551
2.12392
2.11087
2.11542
2.13866
2.18372
2.25041
2.34453
0.705376
0.702366
0.696306
0.685376
0.672881
0.661564
0.652496
0.645728
0.641248
0.639333
0.640544
0.644515
0.650666
0.658942
0.669436
0.681751
0.694102
0.702811
0.707323
0.709488
0.633684
0.640331
0.645575
0.649189
0.650297
0.648656
0.645193
0.641389
0.63839
0.637059
0.638121
0.641144
0.645221
0.649438
0.652462
0.652988
0.650667
0.646287
0.639994
0.634169
0.62358
0.626541
0.629902
0.632388
0.634142
0.635318
0.635535
0.634775
0.633696
0.633223
0.634065
0.635788
0.637446
0.638226
0.637805
0.636549
0.634647
0.631776
0.62844
0.626152
0.617541
0.618964
0.621173
0.623441
0.625158
0.626344
0.627223
0.627794
0.628047
0.628336
0.629009
0.629753
0.630086
0.629877
0.62925
0.628107
0.626296
0.624071
0.622321
0.621236
0.612189
0.613006
0.614467
0.616236
0.617969
0.619436
0.620561
0.621486
0.622302
0.623045
0.623686
0.62404
0.624028
0.623658
0.622837
0.621555
0.620034
0.618515
0.617496
0.61683
0.607147
0.607701
0.60878
0.610188
0.611692
0.613186
0.614565
0.615755
0.616823
0.617812
0.618541
0.61886
0.618773
0.618258
0.617372
0.616285
0.61512
0.614043
0.613353
0.612885
0.602287
0.602701
0.603562
0.604766
0.606086
0.607484
0.60892
0.610316
0.611616
0.612812
0.613697
0.614084
0.613989
0.613502
0.612774
0.611927
0.611033
0.610228
0.609721
0.609365
0.59754
0.597866
0.598576
0.599629
0.600854
0.602184
0.603609
0.605106
0.606613
0.60805
0.609136
0.609654
0.609679
0.609368
0.60885
0.608207
0.607526
0.606933
0.606554
0.60627
0.592822
0.593085
0.593688
0.594641
0.595804
0.597099
0.598535
0.600112
0.601795
0.603496
0.604845
0.60559
0.605841
0.605755
0.605451
0.605016
0.604528
0.604103
0.60382
0.603586
0.588041
0.588261
0.58879
0.58968
0.590805
0.5921
0.593586
0.595272
0.597146
0.599138
0.600827
0.601892
0.602431
0.602597
0.602519
0.6023
0.601993
0.601714
0.601505
0.601306
0.583112
0.583299
0.583778
0.584636
0.585759
0.587096
0.588669
0.590511
0.592631
0.594974
0.597083
0.598543
0.59942
0.599876
0.600047
0.600037
0.599914
0.599764
0.599616
0.599443
0.577946
0.578109
0.578558
0.579414
0.580579
0.582
0.583708
0.585764
0.588201
0.590988
0.59361
0.595537
0.596807
0.597593
0.598038
0.59824
0.598311
0.598281
0.598183
0.598028
0.572451
0.572596
0.573034
0.573919
0.575164
0.576716
0.57862
0.580966
0.583809
0.587152
0.590396
0.592879
0.594608
0.595767
0.59652
0.596984
0.597235
0.597314
0.597258
0.597115
0.566523
0.566654
0.567098
0.56804
0.569409
0.571146
0.573318
0.576038
0.579398
0.58343
0.587429
0.590576
0.592847
0.594439
0.595538
0.596282
0.596739
0.596926
0.596908
0.596773
0.560039
0.560159
0.560623
0.561653
0.563195
0.565182
0.567703
0.570899
0.574902
0.579777
0.584695
0.588642
0.591558
0.59366
0.595154
0.596218
0.596901
0.597203
0.597219
0.597088
0.55285
0.552963
0.553459
0.554613
0.55638
0.55869
0.561656
0.565457
0.570264
0.576176
0.582207
0.58711
0.590788
0.593494
0.595457
0.596889
0.597824
0.598243
0.598293
0.598162
0.544774
0.544886
0.545415
0.546733
0.548786
0.551508
0.555046
0.559611
0.565421
0.572605
0.579979
0.586023
0.590599
0.594012
0.596543
0.598403
0.599618
0.600162
0.600243
0.60011
0.5355
0.535624
0.536248
0.537764
0.540187
0.543447
0.54771
0.55324
0.560302
0.569051
0.57804
0.585435
0.591072
0.595314
0.598511
0.600875
0.602404
0.603084
0.603196
0.603056
0.524764
0.524885
0.525627
0.527412
0.530308
0.534256
0.539441
0.546183
0.554797
0.565453
0.576388
0.585388
0.592283
0.597507
0.601477
0.604423
0.606314
0.607137
0.607278
0.607128
0.512089
0.512228
0.513123
0.515265
0.518777
0.523618
0.529997
0.538296
0.548862
0.561854
0.575107
0.585984
0.594329
0.600697
0.605565
0.609187
0.611476
0.612449
0.612614
0.612451
0.496838
0.497015
0.498136
0.500763
0.505099
0.511134
0.519087
0.529397
0.542424
0.558267
0.57426
0.587314
0.597318
0.605002
0.610905
0.615289
0.618005
0.619126
0.619308
0.619127
0.478093
0.478342
0.479805
0.483127
0.488613
0.496294
0.506378
0.519332
0.535465
0.554759
0.573945
0.589479
0.601366
0.610522
0.617581
0.622814
0.625975
0.62723
0.627417
0.627216
0.454452
0.454842
0.456852
0.461231
0.468421
0.478473
0.491515
0.507973
0.528009
0.551427
0.574284
0.592583
0.606555
0.617346
0.625656
0.63181
0.635403
0.63676
0.636935
0.636711
0.42362
0.424305
0.427276
0.433465
0.443409
0.457043
0.474306
0.495427
0.52033
0.54859
0.575535
0.596813
0.61299
0.625534
0.6352
0.642264
0.646215
0.647614
0.647753
0.647507
0.381508
0.382903
0.387933
0.397687
0.412432
0.431608
0.45481
0.481939
0.512679
0.546428
0.577822
0.602249
0.620725
0.635052
0.646148
0.654036
0.658189
0.659533
0.659608
0.659346
0.320474
0.324889
0.335413
0.352215
0.37512
0.402584
0.433713
0.468223
0.505693
0.545429
0.58142
0.609009
0.629747
0.645833
0.658205
0.666745
0.6709
0.672007
0.671983
0.671722
0.247599
0.255595
0.274836
0.302154
0.335564
0.37238
0.412052
0.454458
0.499254
0.545802
0.587402
0.619104
0.642898
0.661237
0.675231
0.684496
0.688662
0.689698
0.689722
0.6896
0.174371
0.187646
0.215933
0.253601
0.29698
0.343041
0.391279
0.441669
0.493918
0.547448
0.594865
0.630835
0.657836
0.678718
0.694409
0.704027
0.707875
0.708687
0.708702
0.708678
0.113551
0.130651
0.164618
0.210033
0.261533
0.315729
0.371859
0.429809
0.489208
0.549449
0.602397
0.642352
0.672234
0.695168
0.712106
0.722145
0.725799
0.726716
0.726869
0.726906
0.0636362
0.0827827
0.121206
0.172401
0.23026
0.291166
0.35412
0.418858
0.484866
0.551426
0.609596
0.653285
0.685834
0.710694
0.728905
0.739512
0.743639
0.744852
0.745051
0.745135
0.0216883
0.0420958
0.08385
0.139654
0.202761
0.269286
0.338113
0.408868
0.480892
0.55332
0.616393
0.663594
0.69866
0.725439
0.744944
0.756447
0.761084
0.762506
0.762727
0.762825
-0.0145694
0.00665635
0.0510816
0.110615
0.178138
0.249507
0.323491
0.399628
0.477138
0.555007
0.622668
0.673157
0.710582
0.73909
0.759781
0.772146
0.777276
0.778857
0.779095
0.779188
-0.0467763
-0.0249609
0.0216393
0.0843058
0.155589
0.231185
0.309768
0.390781
0.473348
0.5563
0.628276
0.681835
0.721409
0.751379
0.773088
0.786199
0.791809
0.793525
0.793754
0.79382
-0.0761259
-0.0538712
-0.00543138
0.059935
0.134493
0.213809
0.296518
0.38199
0.469257
0.557011
0.633096
0.689556
0.731086
0.762366
0.784937
0.798504
0.804499
0.806331
0.806589
0.806636
-0.10356
-0.0808382
-0.0307433
0.036915
0.114377
0.196996
0.283425
0.372984
0.464648
0.556989
0.637067
0.696332
0.739704
0.772201
0.795441
0.809326
0.815583
0.817494
0.81776
0.817774
-0.129585
-0.106352
-0.0549277
0.0148623
0.0948936
0.180471
0.270264
0.363583
0.459379
0.556139
0.640159
0.702208
0.747393
0.781015
0.804823
0.818898
0.825248
0.827174
0.827443
0.827413
-0.154607
-0.130825
-0.0782833
-0.00650097
0.0758057
0.16404
0.256889
0.353667
0.453343
0.554392
0.642342
0.707229
0.754263
0.788979
0.813228
0.827403
0.833739
0.835654
0.835883
0.835816
-0.178896
-0.154621
-0.100884
-0.0273729
0.0569723
0.147592
0.243201
0.343161
0.446477
0.551672
0.643591
0.711444
0.760445
0.796273
0.820878
0.835083
0.841376
0.843222
0.843422
0.843322
-0.202606
-0.177776
-0.122907
-0.0478609
0.0383163
0.131063
0.229165
0.332032
0.438749
0.547938
0.643868
0.714885
0.766043
0.803023
0.827943
0.842116
0.848292
0.850031
0.850172
0.850042
-0.225794
-0.20039
-0.144459
-0.068007
0.0198045
0.114455
0.214789
0.320286
0.430141
0.54315
0.643129
0.717557
0.771128
0.809352
0.834559
0.848598
0.854557
0.856122
0.856182
0.856026
-0.24844
-0.222536
-0.165565
-0.0878245
0.00144721
0.0977835
0.200102
0.30796
0.420675
0.537289
0.641321
0.719432
0.775741
0.815397
0.840886
0.854629
0.860197
0.861517
0.861499
0.861323
-0.270608
-0.244147
-0.186196
-0.107287
-0.0167174
0.0810986
0.185166
0.295113
0.410408
0.53036
0.638398
0.720441
0.779863
0.821302
0.847176
0.860414
0.865319
0.866287
0.866186
0.866
-0.292185
-0.265185
-0.20631
-0.126362
-0.0346404
0.0644749
0.170061
0.28183
0.399407
0.522388
0.634305
0.720463
0.783423
0.827179
0.853767
0.866315
0.870117
0.870485
0.870272
0.870102
-0.313185
-0.285608
-0.225893
-0.144992
-0.0522538
0.0479807
0.154878
0.268215
0.387751
0.513435
0.628996
0.719361
0.786267
0.833019
0.861032
0.873009
0.87515
0.874297
0.87379
0.873712
-0.333515
-0.305409
-0.244892
-0.163129
-0.0695021
0.0316979
0.139698
0.254347
0.375558
0.503586
0.622449
0.716972
0.788156
0.838589
0.869124
0.88148
0.881888
0.878723
0.876864
0.876563
-0.353235
-0.324559
-0.26326
-0.180719
-0.086309
0.0157128
0.124642
0.240366
0.362954
0.492939
0.614679
0.713136
0.788787
0.843377
0.877577
0.892332
0.892737
0.887124
0.879826
0.862823
-0.372281
-0.343045
-0.281134
-0.197964
-0.102971
-0.00030571
0.109294
0.225811
0.349424
0.480966
0.605135
0.70725
0.787748
0.846824
0.885397
0.904941
0.908496
0.90249
0.887599
0.901896
-0.390775
-0.360846
-0.298449
-0.214823
-0.119414
-0.0162985
0.0936605
0.210707
0.334963
0.467569
0.593614
0.698703
0.784318
0.847779
0.889172
0.912335
0.920014
0.911224
0.850295
0.834221
-0.409327
-0.378543
-0.314945
-0.230933
-0.135099
-0.0318155
0.077953
0.195319
0.319858
0.45295
0.580129
0.687092
0.777613
0.845419
0.883849
0.906016
0.904738
0.869254
0.801629
0.760922
-0.428646
-0.397103
-0.330204
-0.245946
-0.149653
-0.0467036
0.0625555
0.179819
0.304191
0.437125
0.564535
0.672238
0.765482
0.838686
0.889847
0.871962
0.846026
0.783062
0.711515
0.668143
-0.0085878
0.105402
0.225778
0.35364
0.484716
0.603022
0.700215
0.544763
-0.449313
-0.430481
-0.391923
-0.321054
-0.231352
-0.132869
-0.0267812
0.0861219
0.205684
0.332319
0.462263
0.579591
0.675388
0.752431
0.804543
0.763745
0.622103
0.534253
0.465485
-0.467037
-0.453881
-0.409128
-0.336629
-0.246608
-0.147963
-0.0423913
0.0700155
0.188689
0.313923
0.441632
0.555422
0.644924
0.709483
0.706665
0.603259
0.460074
0.354628
0.265746
-0.490338
-0.47751
-0.429732
-0.356093
-0.265971
-0.167098
-0.0614619
0.0506008
0.168316
0.291921
0.416523
0.525204
0.605345
0.651946
0.61319
0.453236
0.28878
0.156327
0.0389923
-0.513883
-0.500866
-0.451443
-0.376515
-0.285969
-0.187089
-0.0817197
0.0296181
0.146108
0.267651
0.388671
0.49159
0.56444
0.584245
0.499431
0.308149
0.111934
-0.0655368
-0.231554
-0.536637
-0.524084
-0.473832
-0.39778
-0.306763
-0.207868
-0.102904
0.007569
0.122656
0.241802
0.358776
0.455075
0.518452
0.501155
0.372489
0.173764
-0.0430387
-0.248534
-0.434532
-0.559979
-0.547697
-0.497118
-0.420317
-0.328922
-0.22995
-0.125316
-0.0156459
0.0979825
0.214589
0.32728
0.416393
0.466339
0.427089
0.256531
0.0613541
-0.147462
-0.34337
-0.464
-0.502414
-0.584665
-0.572521
-0.521665
-0.44444
-0.352864
-0.253917
-0.149677
-0.0409272
0.0710151
0.184686
0.292551
0.37402
0.40884
0.347029
0.152844
-0.0335287
-0.211168
-0.34465
-0.38977
-0.413478
-0.610816
-0.598806
-0.547743
-0.470272
-0.37867
-0.279944
-0.176278
-0.0687159
0.0411907
0.151416
0.253747
0.327245
0.342105
0.243166
0.0603218
-0.11175
-0.261519
-0.343243
-0.363214
-0.368647
-0.63877
-0.626759
-0.575476
-0.497823
-0.406321
-0.307982
-0.205134
-0.0990418
0.00846174
0.114754
0.210819
0.27595
0.262295
0.142632
-0.0256773
-0.187562
-0.305099
-0.348578
-0.348301
-0.349443
-0.668433
-0.656526
-0.604891
-0.527094
-0.435804
-0.338023
-0.236233
-0.131898
-0.0271764
0.0747115
0.163929
0.219118
0.188675
0.0479987
-0.10535
-0.255937
-0.320132
-0.33802
-0.338892
-0.33853
-0.699651
-0.68775
-0.63588
-0.557995
-0.467024
-0.370005
-0.26951
-0.167251
-0.0656956
0.0313367
0.113299
0.156666
0.123042
-0.0346126
-0.177891
-0.290565
-0.33983
-0.332611
-0.332235
-0.332224
-0.73193
-0.719947
-0.668181
-0.590265
-0.499781
-0.403737
-0.304809
-0.204956
-0.106942
-0.0151014
0.0591106
0.0931477
0.0447888
-0.106944
-0.236525
-0.313403
-0.329353
-0.328283
-0.328602
-0.328399
-0.764745
-0.7527
-0.701185
-0.623476
-0.533691
-0.438873
-0.341819
-0.244706
-0.150636
-0.0642419
0.00212251
0.0243421
-0.0422823
-0.169091
-0.280375
-0.299638
-0.316866
-0.324261
-0.32567
-0.325755
-0.797073
-0.785091
-0.734026
-0.656977
-0.568172
-0.474897
-0.380061
-0.286019
-0.196248
-0.11564
-0.0560767
-0.0516099
-0.122415
-0.225718
-0.296748
-0.348678
-0.331915
-0.326822
-0.325116
-0.324961
-0.827149
-0.815978
-0.765777
-0.689716
-0.602387
-0.51106
-0.41884
-0.328205
-0.242973
-0.168492
-0.114408
-0.121345
-0.201925
-0.27903
-0.320127
-0.329308
-0.331425
-0.330165
-0.329116
-0.328748
-0.85415
-0.843298
-0.79506
-0.720452
-0.635221
-0.546354
-0.457231
-0.370376
-0.289766
-0.221461
-0.17324
-0.184152
-0.281716
-0.352442
-0.332501
-0.340512
-0.349629
-0.349793
-0.348386
-0.347787
-0.875427
-0.865267
-0.81949
-0.747729
-0.665303
-0.579581
-0.494077
-0.411415
-0.335459
-0.272922
-0.231813
-0.242886
-0.350066
-0.47825
-0.512293
-0.47359
-0.431169
-0.406499
-0.396191
-0.390832
-0.888984
-0.879897
-0.837367
-0.769445
-0.690985
-0.60931
-0.528107
-0.449991
-0.378755
-0.321153
-0.286025
-0.291392
-0.392487
-0.588464
-0.748736
-0.585665
-0.492787
-0.454253
-0.438042
-0.430369
-0.892198
-0.884777
-0.846646
-0.783808
-0.710431
-0.633999
-0.5579
-0.484752
-0.418185
-0.364493
-0.33098
-0.309087
-0.338286
-0.418065
-0.564897
-0.472453
-0.403983
-0.382332
-0.378203
-0.378283
-0.883394
-0.877407
-0.845077
-0.788936
-0.722154
-0.652146
-0.582105
-0.514435
-0.452461
-0.401667
-0.362839
-0.293426
-0.14357
0.0922097
0.0638984
-0.10447
-0.246335
-0.300258
-0.316376
-0.321843
-0.859057
-0.854797
-0.829901
-0.783433
-0.725169
-0.662773
-0.59962
-0.537816
-0.480828
-0.432549
-0.392046
-0.308603
-0.0463235
0.378658
0.428956
0.0485431
-0.221097
-0.328946
-0.372241
-0.38821
-0.822331
-0.819701
-0.803034
-0.767377
-0.719596
-0.665782
-0.610007
-0.554277
-0.502032
-0.458365
-0.426379
-0.40451
-0.511299
-0.768277
-0.952667
-0.94561
-0.838613
-0.778917
-0.756796
-0.753783
-0.779531
-0.777885
-0.769349
-0.744511
-0.707441
-0.662257
-0.613482
-0.563502
-0.515264
-0.475893
-0.456488
-0.573941
-1.05679
-1.72082
-1.97586
-1.71478
-1.43566
-1.22972
-1.10103
-1.06191
-0.740432
-0.739358
-0.735501
-0.721052
-0.692634
-0.654395
-0.611391
-0.564879
-0.518183
-0.47639
-0.463978
-0.495045
-0.780338
-1.14797
-1.50345
-1.63032
-1.62178
-1.52366
-1.35949
-1.19203
-0.71201
-0.711406
-0.70909
-0.701559
-0.679898
-0.646534
-0.605873
-0.560019
-0.509764
-0.459316
-0.414402
-0.382133
-0.41651
-0.393565
-0.312651
-0.169426
-0.0694909
-0.0437936
0.0202299
0.0870238
-0.690669
-0.690171
-0.689335
-0.686584
-0.6717
-0.641386
-0.599982
-0.551676
-0.497281
-0.436289
-0.373836
-0.340006
-0.246229
0.0489276
0.418345
0.752774
0.95313
1.04216
1.08926
1.10653
-0.67663
-0.676409
-0.675946
-0.674582
-0.666298
-0.638635
-0.595643
-0.543145
-0.481449
-0.410622
-0.331298
-0.240686
-0.0887524
0.268725
0.683117
1.06393
1.32916
1.47385
1.53966
1.55983
-0.667421
-0.667316
-0.666918
-0.666574
-0.662488
-0.638155
-0.593351
-0.535221
-0.465324
-0.383423
-0.287678
-0.183444
-0.0222122
0.31519
0.704688
1.06741
1.34501
1.50571
1.58034
1.60784
-0.661221
-0.661354
-0.661236
-0.661112
-0.658946
-0.639514
-0.594641
-0.531168
-0.45371
-0.361942
-0.262179
-0.157311
-0.0231543
0.285984
0.640221
0.95603
1.20892
1.36694
1.44829
1.48218
-0.659722
-0.65946
-0.656792
-0.651757
-0.649446
-0.642178
-0.6021
-0.533401
-0.447376
-0.348913
-0.251602
-0.152567
-0.0518381
0.206771
0.524666
0.803424
1.03014
1.1797
1.25818
1.28934
-0.683305
-0.681097
-0.67331
-0.662785
-0.661975
-0.663875
-0.62299
-0.541878
-0.444165
-0.340205
-0.239614
-0.146501
-0.0686806
0.144423
0.41709
0.63845
0.824273
0.952315
1.01887
1.04363
-0.749709
-0.746649
-0.747643
-0.756596
-0.75974
-0.746454
-0.665271
-0.552878
-0.437995
-0.328701
-0.227737
-0.144638
-0.080856
0.0903111
0.299664
0.478662
0.617852
0.712944
0.762988
0.781592
-0.82615
-0.829086
-0.852984
-0.876469
-0.87682
-0.826148
-0.694201
-0.550211
-0.422966
-0.3126
-0.215193
-0.137703
-0.0714904
0.0494205
0.206177
0.336346
0.440538
0.513443
0.552174
0.566066
-0.78977
-0.797789
-0.822246
-0.84585
-0.84317
-0.781407
-0.644992
-0.506986
-0.387701
-0.287419
-0.199174
-0.124237
-0.0544606
0.0260834
0.14196
0.238879
0.316025
0.370163
0.397788
0.407292
-0.578352
-0.587034
-0.606579
-0.626205
-0.626619
-0.580608
-0.496629
-0.408546
-0.325505
-0.249246
-0.177074
-0.11089
-0.0502263
0.00446445
0.0766047
0.151087
0.211693
0.25563
0.277036
0.282072
-0.296556
-0.301298
-0.311208
-0.325934
-0.337838
-0.333902
-0.316112
-0.285316
-0.247429
-0.202896
-0.152576
-0.102691
-0.0589036
-0.024375
0.0223774
0.0773946
0.123864
0.159162
0.175193
0.18004
-0.0802827
-0.0824559
-0.0878348
-0.101291
-0.124258
-0.150975
-0.170188
-0.178926
-0.174939
-0.158438
-0.131427
-0.100369
-0.0733876
-0.0597362
-0.0297868
0.00991907
0.0462402
0.0687463
0.0786048
0.0796162
0.0306379
0.0291484
0.0251423
0.0123523
-0.0129252
-0.0472273
-0.0803026
-0.10587
-0.120299
-0.122711
-0.114084
-0.0999064
-0.0884377
-0.0832472
-0.0712177
-0.047708
-0.0252326
-0.0111288
-0.00636295
-0.00613664
0.0668506
0.0658741
0.0626828
0.0521169
0.0306072
0.000305651
-0.031901
-0.0611143
-0.0834861
-0.0973366
-0.102866
-0.103302
-0.103492
-0.106507
-0.100003
-0.0880356
-0.0786307
-0.0747553
-0.0744811
-0.0752698
0.0672788
0.0666323
0.0642231
0.0564093
0.0403982
0.0171025
-0.0097706
-0.036777
-0.0609731
-0.0811475
-0.0970445
-0.110152
-0.121157
-0.127615
-0.126338
-0.120784
-0.118112
-0.118947
-0.121025
-0.121747
0.0547873
0.0543956
0.0526832
0.0472289
0.0359297
0.0189336
-0.00196868
-0.0247503
-0.0476555
-0.0702315
-0.0934927
-0.118005
-0.141631
-0.14994
-0.146825
-0.142657
-0.143423
-0.145796
-0.147921
-0.148449
0.039959
0.0397372
0.0385649
0.0348794
0.0271228
0.0150503
-0.000620166
-0.0190046
-0.0392428
-0.0618397
-0.0888462
-0.121915
-0.155842
-0.16248
-0.155092
-0.151654
-0.152341
-0.155852
-0.158027
-0.158368
0.026883
0.0267764
0.026005
0.0235807
0.0183645
0.009962
-0.00146292
-0.0156698
-0.0324312
-0.0529676
-0.0799229
-0.115496
-0.150966
-0.155503
-0.146037
-0.142767
-0.145669
-0.149643
-0.151813
-0.151987
0.0167346
0.0166647
0.0161862
0.0146698
0.0113152
0.00569381
-0.00228775
-0.012651
-0.0254385
-0.0416906
-0.0643232
-0.0947805
-0.123824
-0.124229
-0.116494
-0.116149
-0.121502
-0.126484
-0.128786
-0.128934
0.00957026
0.00955124
0.00925969
0.00837522
0.00636927
0.00285178
-0.0023352
-0.00925197
-0.0179357
-0.0288415
-0.0428852
-0.0611549
-0.0778658
-0.0751585
-0.0706732
-0.0752592
-0.0831994
-0.0887479
-0.0908167
-0.0910184
0.00474769
0.0047425
0.0045916
0.00419595
0.00321719
0.00133717
-0.00158381
-0.00549631
-0.0101321
-0.0149386
-0.0186776
-0.0205413
-0.0206502
-0.0165111
-0.0170595
-0.0263759
-0.0363707
-0.041835
-0.0433669
-0.0437559
0.00182791
0.00182839
0.00178396
0.00169729
0.00142353
0.000716724
-0.00050321
-0.00203668
-0.00326188
-0.0025924
0.0036077
0.0183293
0.0381284
0.0491558
0.0362877
0.0208238
0.0104533
0.00612697
0.00469828
0.00402416
0.000254167
0.000252393
0.000252599
0.000352217
0.000509302
0.000551093
0.000438761
0.000503525
0.00159845
0.00595391
0.0188623
0.0446146
0.0763796
0.0918851
0.0713706
0.0542822
0.0460914
0.043939
0.0435168
0.0420378
-0.000403469
-0.000415136
-0.000400741
-0.000242241
9.58617e-05
0.000487816
0.000919944
0.00171076
0.00371825
0.00920728
0.0236065
0.0512602
0.0839672
0.0971042
0.0756319
0.0631598
0.0587902
0.0590746
0.0587995
0.0571939
-0.000431448
-0.000444984
-0.000436551
-0.000314411
-4.13136e-05
0.000336772
0.000798197
0.00153069
0.0031866
0.00727533
0.0177068
0.0379812
0.0620208
0.0662006
0.0525998
0.0461375
0.0463383
0.0478634
0.0485606
0.0468363
-0.000342173
-0.000356679
-0.000325637
-0.000173374
7.6931e-05
0.00035394
0.000732366
0.00145208
0.00320499
0.00764386
0.0180078
0.033467
0.0432728
0.0376986
0.0310215
0.0296212
0.0321894
0.0345009
0.0333958
0.00999579
-0.403743
-0.0614591
0.157113
0.346389
0.499329
0.621237
0.718664
0.801573
0.861892
0.857466
0.0942415
0.246092
0.387023
0.508503
0.612319
0.698922
0.770227
0.825659
0.859345
0.871702
0.356974
0.453243
0.546923
0.631208
0.704419
0.766643
0.817656
0.856612
0.884242
0.903143
0.536611
0.601019
0.668475
0.730663
0.784157
0.83026
0.868806
0.899924
0.924911
0.942846
0.673373
0.719647
0.771565
0.817462
0.858821
0.895171
0.926634
0.953203
0.975332
0.990813
0.784605
0.821973
0.862521
0.899357
0.933608
0.964658
0.992171
1.01577
1.03545
1.04828
0.881803
0.914046
0.948718
0.98188
1.01302
1.04171
1.0673
1.08912
1.10688
1.11732
0.97258
1.00376
1.03786
1.07105
1.10195
1.13016
1.15499
1.17577
1.19195
1.20052
1.06718
1.1019
1.13861
1.17395
1.20579
1.23397
1.2581
1.27781
1.29258
1.30053
1.17988
1.22018
1.25936
1.29611
1.32785
1.35489
1.37743
1.39564
1.4093
1.41837
1.32365
1.3663
1.40393
1.43758
1.46556
1.48931
1.50991
1.52729
1.54113
1.55225
1.50146
1.53903
1.56702
1.59134
1.61235
1.63162
1.64985
1.667
1.68288
1.69739
1.69912
1.72013
1.73502
1.75081
1.76707
1.78237
1.79608
1.80933
1.82482
1.84318
1.88971
1.89688
1.90742
1.91896
1.92887
1.93806
1.9483
1.9594
1.97101
1.97987
2.10274
2.10451
2.09658
2.08006
2.06891
2.06834
2.08049
2.10509
2.13921
2.16374
2.52238
2.32849
2.22744
2.16956
2.14043
2.13379
2.14899
2.18981
2.26566
2.40861
-0.412926
-0.417399
-0.377557
-0.304754
-0.214847
-0.115605
0.79037
0.857836
0.852602
0.771015
0.698131
0.625291
0.396584
0.173981
-0.0956503
-0.45138
-0.799587
)
;

boundaryField
{
    wall-4
    {
        type            zeroGradient;
    }
    pressure-outlet-7
    {
        type            fixedValue;
        value           uniform 0;
    }
    velocity-inlet-6
    {
        type            zeroGradient;
    }
    velocity-inlet-5
    {
        type            zeroGradient;
    }
    frontAndBackPlanes
    {
        type            empty;
    }
}


// ************************************************************************* //
