/*--------------------------------*- C++ -*----------------------------------*\
  =========                 |
  \\      /  F ield         | OpenFOAM: The Open Source CFD Toolbox
   \\    /   O peration     | Website:  https://openfoam.org
    \\  /    A nd           | Version:  9
     \\/     M anipulation  |
\*---------------------------------------------------------------------------*/
FoamFile
{
    format      ascii;
    class       volScalarField;
    location    "38";
    object      p;
}
// * * * * * * * * * * * * * * * * * * * * * * * * * * * * * * * * * * * * * //

dimensions      [0 2 -2 0 0 0 0];

internalField   nonuniform List<scalar> 
8800
(
0.99092
0.943131
0.904437
0.875435
0.854562
0.839716
0.829099
0.821592
0.816735
0.814627
0.815832
0.819972
0.826575
0.835859
0.848616
0.866334
0.8911
0.925034
0.967577
1.02628
0.822181
0.829859
0.837323
0.840627
0.839116
0.834027
0.827524
0.821424
0.816666
0.813776
0.813439
0.815882
0.82032
0.826227
0.832969
0.839228
0.842854
0.84211
0.836679
0.827982
0.800602
0.80676
0.810883
0.813818
0.815855
0.816443
0.815314
0.81318
0.811121
0.810153
0.811048
0.813369
0.81612
0.818263
0.818842
0.817621
0.815262
0.811856
0.807293
0.80353
0.794827
0.797475
0.800221
0.802614
0.804236
0.805379
0.806094
0.806176
0.805832
0.805716
0.806393
0.807495
0.808278
0.808297
0.807652
0.806534
0.804696
0.802109
0.799697
0.798192
0.789494
0.790917
0.79269
0.794711
0.79648
0.7978
0.79876
0.799516
0.800074
0.800562
0.801125
0.801539
0.801569
0.801226
0.800485
0.7992
0.797475
0.795605
0.794287
0.793455
0.78448
0.785399
0.786634
0.788189
0.789806
0.791308
0.792561
0.79358
0.794478
0.795281
0.795864
0.796092
0.795965
0.795455
0.794516
0.793268
0.791901
0.790612
0.789776
0.789226
0.779654
0.780322
0.781278
0.782569
0.783961
0.785395
0.786799
0.788068
0.789191
0.79019
0.790882
0.791125
0.790932
0.790331
0.789447
0.788436
0.787371
0.78641
0.78581
0.785406
0.774972
0.775487
0.776265
0.777384
0.778644
0.779991
0.781398
0.782813
0.784154
0.785362
0.78621
0.786523
0.786355
0.785848
0.785144
0.784335
0.783491
0.78276
0.782309
0.781996
0.770367
0.770776
0.771427
0.772425
0.773614
0.774913
0.776313
0.777801
0.779319
0.780763
0.781814
0.782273
0.782258
0.781933
0.781419
0.780793
0.780131
0.779577
0.779234
0.778981
0.765764
0.766096
0.766659
0.767578
0.768719
0.769999
0.771424
0.772992
0.77467
0.776366
0.777683
0.778385
0.778602
0.778488
0.778167
0.77773
0.777232
0.776822
0.776562
0.776353
0.76108
0.761353
0.761856
0.762732
0.763855
0.765158
0.766647
0.768333
0.770206
0.772187
0.773847
0.77487
0.775364
0.775486
0.775367
0.77511
0.77477
0.774482
0.774287
0.774111
0.756245
0.756471
0.756935
0.757798
0.758945
0.760312
0.761909
0.76377
0.765901
0.768238
0.770321
0.771732
0.772542
0.772928
0.773028
0.772947
0.772759
0.772577
0.772436
0.772284
0.751182
0.751372
0.751815
0.752695
0.753906
0.755381
0.757138
0.759244
0.761726
0.764534
0.767128
0.76898
0.770152
0.770832
0.77117
0.771275
0.771235
0.77115
0.771054
0.770921
0.74581
0.745968
0.746406
0.747328
0.748642
0.75027
0.752243
0.754654
0.757555
0.760936
0.764161
0.766568
0.768187
0.769215
0.769828
0.770146
0.770258
0.770267
0.770211
0.770092
0.740034
0.740162
0.740608
0.7416
0.743062
0.744899
0.747162
0.749969
0.753411
0.757505
0.761503
0.764574
0.766722
0.768156
0.769085
0.769639
0.769916
0.77002
0.770004
0.769897
0.733752
0.733851
0.73432
0.735406
0.737054
0.73916
0.741796
0.745114
0.749234
0.754202
0.759152
0.763046
0.765824
0.767745
0.769029
0.769854
0.770331
0.770539
0.770562
0.770461
0.726814
0.726894
0.72738
0.728584
0.730476
0.732918
0.73603
0.739995
0.744987
0.751072
0.757167
0.762008
0.765541
0.768049
0.769791
0.770933
0.771626
0.771945
0.772007
0.771911
0.718967
0.719038
0.719586
0.720923
0.7231
0.725973
0.729674
0.734427
0.740454
0.747863
0.755391
0.761453
0.765918
0.769139
0.771442
0.773001
0.773962
0.774415
0.774518
0.774424
0.709984
0.710025
0.710644
0.712183
0.714741
0.718175
0.722643
0.728443
0.735843
0.744949
0.754174
0.76162
0.767161
0.771219
0.77419
0.776237
0.777529
0.778137
0.778281
0.778184
0.69947
0.699498
0.700205
0.702002
0.705023
0.709155
0.714587
0.72168
0.730742
0.741898
0.75322
0.762389
0.769257
0.774349
0.778127
0.780776
0.782473
0.783261
0.783445
0.783337
0.686803
0.686822
0.687658
0.689809
0.693479
0.698565
0.705297
0.714108
0.725327
0.739034
0.752842
0.763988
0.772372
0.778649
0.783378
0.786747
0.788905
0.789888
0.790103
0.789976
0.671147
0.671167
0.672214
0.674905
0.679505
0.685924
0.694422
0.705486
0.719432
0.73626
0.753017
0.766475
0.776616
0.784257
0.790041
0.794222
0.796881
0.798061
0.798302
0.798148
0.651306
0.651337
0.652731
0.656278
0.662264
0.670597
0.68155
0.695626
0.713046
0.733656
0.75386
0.769948
0.78205
0.791214
0.798201
0.803267
0.806445
0.807809
0.808065
0.807881
0.625481
0.625549
0.627559
0.632535
0.640751
0.651945
0.666414
0.684539
0.706347
0.731472
0.755598
0.774586
0.788844
0.799667
0.807921
0.813949
0.817633
0.819155
0.819412
0.819195
0.590685
0.590882
0.594142
0.601758
0.613751
0.629389
0.648886
0.672335
0.699527
0.729887
0.758365
0.780496
0.797046
0.809648
0.819309
0.826321
0.830472
0.8321
0.832329
0.832077
0.541225
0.542276
0.548833
0.561842
0.580395
0.602898
0.629329
0.659522
0.693076
0.729284
0.762415
0.787808
0.806736
0.821184
0.832293
0.840294
0.844856
0.846505
0.846672
0.84638
0.468194
0.475611
0.490831
0.513909
0.542165
0.573787
0.608701
0.64669
0.687353
0.729994
0.768232
0.797259
0.818894
0.835507
0.848392
0.857526
0.862594
0.864367
0.864543
0.864298
0.389525
0.40687
0.431501
0.465222
0.503568
0.5445
0.588001
0.634036
0.68231
0.732238
0.776729
0.810513
0.835779
0.855319
0.870623
0.881369
0.887047
0.888899
0.889126
0.889046
0.324239
0.344576
0.377036
0.419614
0.466816
0.516502
0.568309
0.622214
0.677936
0.734926
0.785367
0.823604
0.852271
0.874483
0.891684
0.903355
0.909417
0.911758
0.912025
0.912022
0.27074
0.292782
0.330638
0.37955
0.433772
0.490763
0.54989
0.610992
0.673676
0.737322
0.793344
0.835668
0.867323
0.891682
0.910222
0.923076
0.930199
0.932376
0.932709
0.932756
0.226114
0.249227
0.290693
0.344714
0.404606
0.467633
0.53302
0.600489
0.669498
0.739296
0.800456
0.846469
0.880681
0.906793
0.926588
0.940213
0.947912
0.950402
0.950902
0.950982
0.18802
0.211723
0.256043
0.313935
0.378578
0.446753
0.517579
0.590689
0.665418
0.740852
0.806733
0.856033
0.892446
0.919947
0.940582
0.954842
0.962979
0.965945
0.966593
0.966696
0.154537
0.17862
0.225095
0.286266
0.354883
0.427526
0.503169
0.581355
0.661314
0.741968
0.812205
0.864466
0.902732
0.931342
0.952671
0.967427
0.975924
0.979238
0.979992
0.98009
0.124262
0.148681
0.196888
0.260813
0.332865
0.409413
0.48936
0.572176
0.656981
0.742532
0.816858
0.871837
0.91173
0.941268
0.963091
0.978201
0.986922
0.990457
0.991273
0.99136
0.0963085
0.121047
0.1707
0.236946
0.312006
0.392
0.475824
0.562882
0.652215
0.742421
0.820675
0.87825
0.919674
0.950063
0.972316
0.987691
0.996528
1.00019
1.00103
1.00107
0.0699146
0.0950178
0.14602
0.214256
0.291918
0.374973
0.462304
0.553267
0.646852
0.741523
0.823633
0.883796
0.92676
0.958009
0.980725
0.996268
1.00522
1.00891
1.00979
1.00979
0.0447231
0.070239
0.122348
0.192378
0.272343
0.358124
0.448628
0.54319
0.640768
0.739757
0.825715
0.888544
0.93315
0.965328
0.988525
1.00427
1.01323
1.01686
1.01774
1.01774
0.0203318
0.0463791
0.0994041
0.17111
0.253082
0.341305
0.434687
0.532556
0.633879
0.737043
0.826895
0.892553
0.93896
0.972199
0.995948
1.01191
1.02088
1.02447
1.02522
1.02517
-0.00339575
0.0230998
0.0771666
0.150298
0.234039
0.324442
0.42042
0.521318
0.626135
0.733333
0.827145
0.895841
0.944279
0.978737
1.00313
1.01932
1.02826
1.03171
1.03236
1.03224
-0.0265887
0.0004525
0.0554594
0.129862
0.215182
0.307514
0.405815
0.509459
0.617516
0.728582
0.826401
0.898386
0.949137
0.985027
1.01015
1.02655
1.03536
1.03861
1.03911
1.03893
-0.0493656
-0.0217161
0.0341865
0.109771
0.196489
0.290531
0.390901
0.497011
0.60803
0.722756
0.82459
0.900115
0.953536
0.991133
1.01708
1.03364
1.04221
1.04514
1.0455
1.04528
-0.0717332
-0.0434029
0.0133781
0.0900342
0.177996
0.273534
0.37573
0.484025
0.59771
0.715835
0.821635
0.900927
0.957425
0.997117
1.02406
1.04065
1.04876
1.05127
1.05147
1.05121
-0.0935319
-0.0645583
-0.00692959
0.0706852
0.159743
0.256592
0.36037
0.470578
0.586621
0.707848
0.817469
0.900702
0.960685
1.003
1.03128
1.04778
1.05508
1.05694
1.05694
1.05668
-0.114733
-0.0851483
-0.0267211
0.0517736
0.14179
0.239769
0.344913
0.456757
0.57485
0.698832
0.812049
0.899285
0.963136
1.00872
1.03898
1.0555
1.06145
1.06216
1.06187
1.06165
-0.135401
-0.105133
-0.0459602
0.0333351
0.124202
0.22315
0.329452
0.442669
0.562496
0.688864
0.80534
0.89653
0.964522
1.01404
1.04729
1.0646
1.06885
1.06741
1.06629
1.06633
-0.155357
-0.124485
-0.0645869
0.015435
0.107039
0.206817
0.314082
0.428429
0.549682
0.678048
0.797349
0.892293
0.964537
1.01844
1.0559
1.0758
1.07947
1.07512
1.07151
1.07074
-0.174691
-0.143191
-0.0826154
-0.00195312
0.0902664
0.190725
0.298747
0.413977
0.53634
0.666313
0.787945
0.886306
0.962841
1.02124
1.0638
1.08883
1.09533
1.09068
1.08082
1.06487
-0.193326
-0.161238
-0.100164
-0.0190221
0.0735939
0.174535
0.283027
0.398824
0.521922
0.653004
0.776453
0.877728
0.958764
1.02139
1.06858
1.10021
1.1106
1.09998
1.08137
1.06621
-0.211081
-0.178749
-0.117042
-0.0355419
0.0573313
0.158599
0.267149
0.383302
0.506747
0.638405
0.763006
0.866182
0.951704
1.01779
1.06531
1.09669
1.11073
1.09041
1.02094
0.988817
-0.227291
-0.196912
-0.132927
-0.0509287
0.0422053
0.143414
0.251415
0.367639
0.491036
0.622652
0.747579
0.851452
0.940501
1.01012
1.04975
1.07351
1.07156
1.02047
0.950205
0.906601
-0.283292
-0.212905
-0.147519
-0.0662168
0.0267141
0.127552
0.235762
0.351561
0.474435
0.60532
0.729624
0.833097
0.92164
0.998387
1.00419
1.01521
0.975589
0.909485
0.833201
0.790434
-0.244573
-0.228601
-0.169005
-0.0877586
0.00417541
0.104744
0.21192
0.326907
0.448546
0.577594
0.699273
0.800314
0.880276
0.958484
0.952534
0.846451
0.744227
0.673001
0.600205
0.633693
-0.275803
-0.24646
-0.185891
-0.105374
-0.0133887
0.0868416
0.194199
0.308471
0.428925
0.55597
0.674519
0.771331
0.843362
0.884189
0.839215
0.6958
0.569836
0.479879
0.381117
0.434049
-0.299863
-0.267565
-0.205709
-0.124938
-0.0328993
0.0671686
0.174375
0.287735
0.406683
0.531179
0.64581
0.736816
0.799228
0.807957
0.705124
0.533577
0.380837
0.261877
0.131341
0.165666
-0.323416
-0.289537
-0.22647
-0.144848
-0.0526542
0.0472568
0.153909
0.266231
0.383485
0.505092
0.614995
0.699465
0.746541
0.723866
0.56847
0.372087
0.180338
0.00832029
-0.183746
-0.197672
-0.346323
-0.311997
-0.248024
-0.165662
-0.0732692
0.026434
0.132417
0.243592
0.358914
0.477287
0.581902
0.659014
0.68825
0.630658
0.438651
0.22695
0.00682499
-0.187812
-0.436016
-0.745005
-0.369504
-0.335169
-0.270645
-0.187783
-0.0951758
0.00437523
0.109765
0.219772
0.333076
0.448007
0.547167
0.615812
0.626718
0.518536
0.326133
0.114577
-0.0927688
-0.268824
-0.337195
-0.424194
-0.393881
-0.359493
-0.294668
-0.211549
-0.11886
-0.019546
0.0851602
0.193835
0.304817
0.415813
0.509105
0.567415
0.553753
0.411693
0.226818
0.0344537
-0.130104
-0.224052
-0.248282
-0.264853
-0.419767
-0.385282
-0.320255
-0.237038
-0.144443
-0.0455243
0.0582657
0.165312
0.273562
0.379991
0.466928
0.512311
0.480343
0.312565
0.13721
-0.0296202
-0.157885
-0.19664
-0.210771
-0.212114
-0.447359
-0.412695
-0.347459
-0.26423
-0.171857
-0.073546
0.0290853
0.134174
0.239259
0.340548
0.420343
0.452155
0.403143
0.220452
0.0544633
-0.0949234
-0.174666
-0.190917
-0.192206
-0.192054
-0.476699
-0.441741
-0.376287
-0.293101
-0.201094
-0.103574
-0.0023558
0.100436
0.201932
0.297573
0.369222
0.389684
0.306384
0.136155
-0.0219455
-0.145071
-0.181197
-0.182005
-0.18193
-0.18128
-0.507489
-0.472329
-0.406614
-0.323542
-0.232038
-0.135519
-0.0359889
0.0641619
0.161636
0.251167
0.314323
0.318798
0.214772
0.0578065
-0.0827019
-0.161798
-0.17209
-0.174567
-0.17513
-0.174917
-0.539144
-0.503865
-0.438176
-0.355305
-0.264468
-0.169183
-0.0716146
0.0255336
0.118589
0.201583
0.256199
0.243795
0.131838
-0.00941275
-0.129008
-0.156912
-0.169616
-0.171172
-0.170555
-0.170183
-0.571213
-0.53582
-0.470479
-0.387969
-0.297998
-0.204195
-0.108892
-0.0150962
0.0731436
0.149426
0.194355
0.170077
0.0515988
-0.0660587
-0.16138
-0.190049
-0.175372
-0.170755
-0.169607
-0.168821
-0.602829
-0.567602
-0.502649
-0.420877
-0.332043
-0.240018
-0.147288
-0.057158
0.0258663
0.0953367
0.130516
0.0976527
-0.0275599
-0.110462
-0.165376
-0.171949
-0.175897
-0.177192
-0.176495
-0.175748
-0.63238
-0.597972
-0.53376
-0.453089
-0.365786
-0.27587
-0.18604
-0.0998245
-0.0223379
0.0400387
0.0696466
0.0138088
-0.109018
-0.158614
-0.147632
-0.184261
-0.191683
-0.1884
-0.188634
-0.1888
-0.658415
-0.624948
-0.562709
-0.483456
-0.39814
-0.310715
-0.224136
-0.142025
-0.0701157
-0.0152923
0.0115525
-0.0786468
-0.217215
-0.237261
-0.204206
-0.231123
-0.241008
-0.242805
-0.242652
-0.241522
-0.678871
-0.647163
-0.587342
-0.510567
-0.427766
-0.343305
-0.26028
-0.182447
-0.115789
-0.0689039
-0.0467762
-0.165671
-0.370199
-0.50782
-0.437874
-0.411719
-0.401721
-0.394964
-0.379256
-0.369141
-0.69168
-0.662581
-0.606056
-0.532559
-0.453102
-0.372172
-0.292988
-0.219466
-0.157531
-0.117895
-0.102658
-0.231064
-0.490306
-0.959206
-0.993027
-0.682607
-0.542145
-0.497797
-0.473001
-0.464431
-0.694343
-0.669148
-0.616984
-0.547704
-0.472435
-0.395726
-0.320619
-0.251217
-0.193304
-0.157689
-0.146294
-0.22813
-0.362022
-0.643564
-0.806758
-0.495181
-0.351758
-0.333461
-0.344105
-0.347696
-0.685221
-0.664651
-0.618152
-0.554488
-0.484298
-0.412382
-0.34155
-0.275758
-0.220794
-0.185685
-0.160957
-0.119727
0.105964
0.401802
0.29617
-0.0719537
-0.280055
-0.290774
-0.291936
-0.291072
-0.662205
-0.64619
-0.607976
-0.551807
-0.487764
-0.421052
-0.354412
-0.291385
-0.238204
-0.202633
-0.175692
-0.0922998
0.181012
0.721416
0.591708
0.094266
-0.222835
-0.239858
-0.26626
-0.283138
-0.627147
-0.616409
-0.586954
-0.539934
-0.482822
-0.421457
-0.358518
-0.297236
-0.243432
-0.206998
-0.197611
-0.286843
-0.6458
-1.26736
-1.83833
-2.16139
-1.95297
-1.51873
-1.12629
-1.04226
-0.585514
-0.579286
-0.559264
-0.521212
-0.471205
-0.414415
-0.354003
-0.292682
-0.234759
-0.191135
-0.184718
-0.469286
-1.27946
-2.38017
-3.06614
-3.26216
-3.01699
-2.61917
-2.24933
-2.01617
-0.545246
-0.541682
-0.53042
-0.500754
-0.456062
-0.402198
-0.342248
-0.277956
-0.212181
-0.1477
-0.114218
-0.216705
-0.551692
-0.810115
-0.862794
-0.655629
-0.332183
-0.0310491
0.185356
0.288889
-0.513306
-0.511123
-0.505415
-0.483388
-0.442421
-0.388598
-0.326469
-0.25535
-0.17692
-0.0855011
0.0219412
0.167185
0.407969
0.858641
1.45263
2.01054
2.43416
2.68207
2.7867
2.81559
-0.48688
-0.486033
-0.48458
-0.470924
-0.433473
-0.377796
-0.310814
-0.233171
-0.142455
-0.0353479
0.0962219
0.237088
0.523913
1.06166
1.68729
2.24405
2.64
2.86878
2.97379
3.00227
-0.469146
-0.468799
-0.468766
-0.46121
-0.427996
-0.370138
-0.297834
-0.214709
-0.118514
-0.00731528
0.111438
0.236842
0.425037
0.904185
1.43782
1.90739
2.24812
2.43836
2.52066
2.54218
-0.454319
-0.45372
-0.453669
-0.451285
-0.423529
-0.364265
-0.287427
-0.20066
-0.105331
0.00152987
0.106674
0.216933
0.341535
0.691033
1.10811
1.45104
1.702
1.84149
1.90214
1.91845
-0.445926
-0.444329
-0.444011
-0.444049
-0.419648
-0.357481
-0.276213
-0.187689
-0.0948172
0.00551499
0.099571
0.187362
0.276382
0.503962
0.798415
1.03856
1.20964
1.30548
1.34778
1.35779
-0.446779
-0.447137
-0.45051
-0.450148
-0.418734
-0.34582
-0.25889
-0.17042
-0.082022
0.00897523
0.0871996
0.152061
0.207146
0.366667
0.56364
0.723092
0.838736
0.902264
0.929793
0.935828
-0.429627
-0.435524
-0.442868
-0.437516
-0.395667
-0.31568
-0.228652
-0.145708
-0.066905
0.0103963
0.0752447
0.123268
0.165736
0.27138
0.404243
0.50822
0.580628
0.620781
0.637212
0.639915
-0.338976
-0.346175
-0.353593
-0.347127
-0.309847
-0.245704
-0.176718
-0.109558
-0.0456244
0.0175903
0.0701893
0.106286
0.138653
0.20935
0.297764
0.366788
0.41265
0.436867
0.446965
0.447981
-0.180653
-0.185216
-0.190763
-0.189549
-0.172273
-0.140916
-0.103058
-0.0616332
-0.0176097
0.0293438
0.068802
0.0966012
0.122412
0.169366
0.226363
0.271548
0.30178
0.318314
0.324783
0.324749
-0.0231047
-0.0252848
-0.0298635
-0.0360806
-0.0394039
-0.0379498
-0.0284717
-0.0116668
0.0126701
0.043524
0.0734738
0.0986106
0.120048
0.150989
0.186298
0.215106
0.234321
0.244945
0.248737
0.24804
0.0822129
0.0810798
0.0765265
0.0658125
0.0501744
0.0368455
0.0297421
0.0306753
0.0404152
0.0585188
0.0804913
0.10224
0.122814
0.142829
0.163669
0.180497
0.192628
0.199676
0.202162
0.201071
0.132368
0.131633
0.127622
0.116964
0.100065
0.082546
0.0688025
0.0614505
0.0619526
0.0707745
0.0854454
0.103444
0.120205
0.132406
0.143666
0.155149
0.164021
0.169116
0.170437
0.169079
0.147224
0.146645
0.143547
0.135138
0.121214
0.105506
0.0914588
0.0813862
0.0770347
0.0794341
0.0878222
0.0997052
0.112032
0.117206
0.123642
0.132198
0.139705
0.144197
0.145404
0.144017
0.144828
0.144377
0.142211
0.136396
0.126444
0.11439
0.102484
0.0926425
0.0861702
0.0840741
0.0860647
0.0906271
0.0954507
0.0966212
0.100917
0.10936
0.116935
0.121335
0.122527
0.121234
0.135911
0.135569
0.134153
0.13046
0.123907
0.115441
0.106363
0.0979805
0.0910846
0.0859233
0.0815573
0.0770933
0.0710678
0.0687949
0.0772998
0.0877993
0.0956033
0.0996115
0.100583
0.0994811
0.125706
0.125439
0.124537
0.122335
0.118325
0.112823
0.106446
0.0999498
0.0935833
0.0868309
0.0775784
0.0641344
0.0501979
0.0489021
0.060002
0.0714663
0.0787373
0.0818986
0.0825132
0.0817113
0.116436
0.116224
0.115652
0.114407
0.112144
0.108854
0.104794
0.100311
0.0956042
0.0888943
0.0773773
0.0582114
0.0385591
0.0405386
0.0550655
0.0663363
0.0718976
0.0733776
0.0736462
0.0732763
0.108656
0.108511
0.108175
0.107522
0.10638
0.104646
0.102494
0.100158
0.097693
0.0940595
0.085218
0.0675668
0.0510039
0.0571981
0.0709147
0.078894
0.0814034
0.0814095
0.081307
0.0810563
0.101829
0.101747
0.101584
0.101275
0.100944
0.100373
0.0998402
0.0997442
0.100214
0.101327
0.10053
0.0937768
0.0881172
0.0963969
0.104776
0.107954
0.107918
0.107155
0.106897
0.106581
0.0951257
0.095111
0.095101
0.0950417
0.0950022
0.0954383
0.096302
0.0982365
0.102171
0.109561
0.120056
0.129665
0.136501
0.145659
0.147755
0.145773
0.144242
0.143928
0.143704
0.143195
0.087635
0.0876745
0.0878145
0.087976
0.0884112
0.0892279
0.091216
0.0949628
0.102042
0.115467
0.137658
0.164916
0.188923
0.195116
0.189306
0.183533
0.181504
0.181383
0.18065
0.179873
0.0787429
0.078831
0.0791086
0.0794791
0.0802407
0.0813483
0.084089
0.0889061
0.0979356
0.11567
0.146983
0.190304
0.228145
0.231979
0.218712
0.210103
0.208971
0.209578
0.208432
0.207431
0.0677234
0.0678303
0.0681722
0.0687268
0.0694912
0.0712544
0.0736573
0.0794519
0.0893753
0.108124
0.141767
0.187804
0.236232
0.238719
0.224333
0.219091
0.218796
0.219204
0.217523
0.216264
0.0541387
0.054221
0.0546128
0.0554678
0.0566917
0.0581764
0.0607581
0.0654749
0.074517
0.0914898
0.120533
0.162587
0.200436
0.203043
0.193781
0.19408
0.200138
0.20317
0.201142
0.199496
0.0386023
0.0386392
0.0389656
0.039863
0.0410811
0.0429205
0.0454645
0.0489211
0.0551295
0.0664229
0.0847664
0.106864
0.122913
0.127566
0.132799
0.14338
0.151576
0.154082
0.152442
0.150542
0.0218215
0.0217965
0.0219837
0.0226952
0.0236863
0.0246988
0.0261505
0.0287381
0.0325275
0.0374759
0.0434551
0.0417657
0.0256064
0.0367756
0.0548064
0.0702557
0.0735632
0.0741672
0.0747815
0.073667
0.00475471
0.00459512
0.00436532
0.00409328
0.00380429
0.00386712
0.00433027
0.00490409
0.00557
0.00688215
0.0101232
0.00980709
-0.00424233
-0.000347296
0.00585199
0.00748789
-0.00140375
-0.00401202
0.00034651
0.00365915
0.0524765
0.225844
0.428417
0.603804
0.74474
0.856725
0.949847
1.02865
1.06401
1.0408
0.368311
0.493171
0.62717
0.74326
0.841458
0.923024
0.989039
1.03579
1.05928
1.07121
0.594887
0.680344
0.771758
0.852839
0.922642
0.981049
1.02744
1.06129
1.08565
1.10349
0.760264
0.820952
0.885072
0.943715
0.99486
1.03825
1.07383
1.10216
1.12533
1.14355
0.888908
0.933284
0.980333
1.02518
1.06482
1.09938
1.12891
1.15344
1.17407
1.19186
0.995088
1.02872
1.06756
1.1038
1.13702
1.16675
1.19269
1.21446
1.23248
1.2498
1.08884
1.11796
1.15243
1.18498
1.2153
1.24279
1.26678
1.28668
1.3023
1.31937
1.17816
1.20762
1.24193
1.27424
1.30408
1.33087
1.35389
1.3725
1.38595
1.40299
1.27391
1.30728
1.34411
1.37786
1.40806
1.43437
1.45642
1.47378
1.4857
1.50311
1.38919
1.42712
1.46587
1.50022
1.52966
1.55449
1.57492
1.59087
1.60237
1.62045
1.5343
1.57292
1.60912
1.63987
1.6656
1.68775
1.70684
1.72241
1.73486
1.75286
1.70949
1.74115
1.76738
1.78986
1.80987
1.82862
1.84636
1.86286
1.87822
1.89629
1.89817
1.91539
1.93046
1.94671
1.96263
1.97718
1.9904
2.00434
2.02189
2.04205
2.07994
2.08947
2.10103
2.11184
2.12114
2.13073
2.14153
2.15291
2.16427
2.17963
2.28718
2.29085
2.27591
2.2611
2.25484
2.26052
2.27901
2.30932
2.3415
2.36816
2.5935
2.45863
2.38201
2.33965
2.32224
2.3262
2.3536
2.41002
2.51264
2.73701
0.881518
0.879387
0.874901
0.866271
0.854039
0.841898
0.831653
0.823731
0.818075
0.81477
0.814349
0.81702
0.822069
0.829249
0.838606
0.850124
0.862759
0.873783
0.879889
0.882938
0.805984
0.811829
0.818163
0.822648
0.825108
0.824771
0.822016
0.81818
0.814631
0.812315
0.812098
0.814222
0.817825
0.822068
0.825841
0.8277
0.826745
0.823249
0.818077
0.811453
0.797588
0.799883
0.803282
0.806271
0.808335
0.809817
0.810551
0.810203
0.809135
0.808192
0.808287
0.809636
0.811385
0.812638
0.812777
0.811856
0.810283
0.807929
0.804654
0.801728
0.792114
0.7932
0.795028
0.797398
0.799409
0.80082
0.801816
0.802532
0.802884
0.803038
0.80344
0.804155
0.804676
0.804679
0.804217
0.803329
0.80183
0.799722
0.79762
0.796231
0.78696
0.787623
0.788727
0.790422
0.792191
0.793804
0.795072
0.796048
0.796873
0.797583
0.798208
0.79865
0.798749
0.798505
0.797875
0.79677
0.795303
0.793728
0.792389
0.791604
0.782048
0.782509
0.783291
0.78458
0.786053
0.787549
0.788983
0.790236
0.791307
0.792268
0.793058
0.793493
0.793523
0.793151
0.792373
0.791318
0.79014
0.788966
0.788025
0.787503
0.777301
0.777645
0.778253
0.779313
0.780593
0.781946
0.783351
0.784748
0.786047
0.787218
0.788178
0.788706
0.788736
0.788334
0.78763
0.786767
0.785846
0.784926
0.784222
0.783838
0.772667
0.772935
0.773425
0.774327
0.775482
0.776756
0.778114
0.779548
0.781005
0.782397
0.783564
0.784232
0.784347
0.784064
0.783537
0.782865
0.782126
0.781416
0.780886
0.780593
0.768074
0.768286
0.768694
0.769487
0.770564
0.771788
0.773132
0.774601
0.776173
0.777777
0.779193
0.78007
0.780377
0.780296
0.779963
0.779478
0.778915
0.778375
0.777978
0.777748
0.763441
0.763611
0.76396
0.764681
0.765713
0.766913
0.768277
0.769815
0.771516
0.773335
0.775042
0.776225
0.776807
0.776966
0.776841
0.776545
0.77616
0.77577
0.775479
0.775296
0.758691
0.758827
0.759133
0.759812
0.76083
0.762053
0.763478
0.76513
0.767015
0.769103
0.771171
0.772731
0.773636
0.774067
0.77417
0.774064
0.773844
0.77359
0.773389
0.773243
0.753752
0.753859
0.754136
0.754798
0.755837
0.75713
0.758661
0.76048
0.762619
0.765057
0.767574
0.769589
0.770869
0.771604
0.771961
0.772059
0.772003
0.771876
0.77175
0.771633
0.748543
0.748625
0.748884
0.749552
0.750648
0.752049
0.753736
0.755785
0.758252
0.761145
0.764223
0.766778
0.7685
0.769589
0.770232
0.770561
0.770675
0.770674
0.770616
0.770524
0.74298
0.74304
0.743289
0.743985
0.745171
0.746722
0.748618
0.75096
0.753832
0.75728
0.761047
0.764274
0.766546
0.768069
0.769042
0.769632
0.769928
0.770054
0.77006
0.769991
0.736967
0.737003
0.737249
0.737989
0.739299
0.741051
0.743229
0.745959
0.749351
0.753488
0.758099
0.762152
0.765084
0.76712
0.768465
0.769337
0.769876
0.770141
0.770212
0.770162
0.730381
0.730389
0.730631
0.731436
0.732908
0.734922
0.737457
0.740682
0.744754
0.749782
0.755442
0.760475
0.764175
0.766809
0.768625
0.76983
0.770625
0.771043
0.771182
0.771151
0.723009
0.723005
0.723272
0.724154
0.725827
0.728139
0.731127
0.734963
0.73985
0.745947
0.752888
0.759135
0.763805
0.767185
0.76957
0.771217
0.772319
0.772913
0.773126
0.773113
0.714621
0.714584
0.714878
0.715883
0.717809
0.72053
0.724092
0.728715
0.734654
0.742101
0.750619
0.758336
0.764135
0.768382
0.771451
0.773649
0.775126
0.775937
0.776233
0.776234
0.704923
0.704862
0.705198
0.706366
0.708601
0.711834
0.71613
0.721758
0.729032
0.738176
0.748622
0.758083
0.765248
0.770553
0.774435
0.777273
0.77921
0.780284
0.780672
0.780684
0.693391
0.693306
0.693712
0.695091
0.697735
0.701634
0.706877
0.713795
0.72275
0.733977
0.746777
0.758365
0.767153
0.773714
0.77859
0.782208
0.784709
0.78609
0.786575
0.786588
0.679305
0.679196
0.679724
0.681423
0.684649
0.689488
0.696045
0.704706
0.715871
0.729751
0.745387
0.75943
0.770071
0.77807
0.784096
0.788578
0.791708
0.793419
0.793998
0.794006
0.661665
0.661536
0.662269
0.664468
0.668553
0.674731
0.683104
0.694099
0.708107
0.725256
0.744297
0.761227
0.774014
0.783646
0.790966
0.796436
0.800266
0.802319
0.802983
0.802979
0.639005
0.638867
0.639948
0.642942
0.64839
0.656582
0.667593
0.681825
0.699565
0.720775
0.743814
0.763998
0.779166
0.790593
0.799319
0.805867
0.810426
0.812807
0.813542
0.81352
0.609002
0.608894
0.610604
0.615012
0.622758
0.634163
0.649079
0.667775
0.690311
0.716426
0.744063
0.767865
0.785613
0.798994
0.809222
0.816955
0.822239
0.824912
0.825689
0.825642
0.567571
0.567632
0.570745
0.578074
0.590064
0.60674
0.627461
0.65218
0.680712
0.71257
0.74532
0.772997
0.793471
0.808892
0.820755
0.829729
0.835691
0.838565
0.839331
0.839249
0.507119
0.50834
0.515977
0.529761
0.549462
0.574472
0.603331
0.635725
0.671352
0.70964
0.747848
0.779529
0.802773
0.820273
0.833731
0.843913
0.850515
0.853456
0.854103
0.85398
0.434908
0.436803
0.451362
0.475166
0.505734
0.540495
0.578261
0.618895
0.66221
0.707714
0.752423
0.789259
0.816321
0.836804
0.852579
0.864377
0.871837
0.875033
0.875803
0.875803
0.360355
0.366753
0.388207
0.422163
0.462938
0.507235
0.553879
0.602802
0.653906
0.706777
0.758234
0.800477
0.831536
0.855213
0.873674
0.887348
0.895662
0.898565
0.899187
0.899297
0.2997
0.308242
0.334328
0.375272
0.423926
0.476292
0.530895
0.587545
0.646061
0.705988
0.763844
0.81114
0.845896
0.872374
0.892819
0.907745
0.916466
0.919992
0.921193
0.921378
0.25021
0.25933
0.288906
0.334958
0.3897
0.448566
0.509868
0.573311
0.638555
0.705023
0.768857
0.820801
0.858836
0.887651
0.909751
0.925822
0.9355
0.939753
0.941197
0.941409
0.208628
0.217981
0.249924
0.299865
0.359569
0.423843
0.490831
0.560193
0.63145
0.703892
0.77322
0.8294
0.870309
0.901065
0.924427
0.941345
0.951868
0.956668
0.958336
0.958576
0.172597
0.182026
0.215701
0.268807
0.332577
0.401441
0.47339
0.547989
0.624662
0.702563
0.776966
0.836997
0.880428
0.912777
0.937095
0.954696
0.965899
0.971142
0.972954
0.973219
0.140553
0.149987
0.184981
0.24073
0.307886
0.380707
0.457027
0.53633
0.617959
0.700923
0.78006
0.84364
0.889289
0.922963
0.948057
0.966229
0.977779
0.983422
0.985316
0.985592
0.111299
0.120755
0.15682
0.214784
0.284841
0.361117
0.441313
0.524883
0.611082
0.698799
0.782426
0.849361
0.897059
0.931912
0.957651
0.97616
0.987977
0.993838
0.995802
0.996095
0.0840271
0.0935243
0.130556
0.190381
0.262962
0.34226
0.425927
0.513382
0.60382
0.696036
0.783995
0.854196
0.903899
0.939892
0.966265
0.985106
0.997054
1.00305
1.00499
1.00526
0.0581971
0.0677534
0.10567
0.167081
0.241893
0.323851
0.410634
0.501636
0.596016
0.692507
0.7847
0.85818
0.909932
0.947123
0.974147
0.993324
1.00543
1.01141
1.01334
1.0135
0.033311
0.0430487
0.0817426
0.144591
0.221375
0.305688
0.39528
0.489518
0.587564
0.688122
0.784483
0.861333
0.915271
0.953779
0.981532
1.00105
1.01327
1.01922
1.02108
1.02125
0.0091429
0.01911
0.0585316
0.122764
0.201249
0.287648
0.379766
0.476955
0.578389
0.682814
0.783301
0.863658
0.919986
0.959985
0.988579
1.0085
1.02083
1.02672
1.02847
1.0286
-0.0144106
-0.00422001
0.0359948
0.101445
0.181425
0.269685
0.364054
0.463912
0.568464
0.676535
0.781097
0.865132
0.924109
0.965821
0.995396
1.01576
1.02816
1.0339
1.0355
1.03556
-0.037497
-0.0269813
0.0139292
0.0805456
0.161874
0.251775
0.348146
0.4504
0.557792
0.669274
0.777816
0.865687
0.927619
0.97134
1.00206
1.02288
1.03527
1.0408
1.04218
1.04216
-0.0600947
-0.049285
-0.00762514
0.0600439
0.14259
0.233941
0.332086
0.436463
0.546408
0.661027
0.773405
0.865228
0.930454
0.976562
1.00866
1.02994
1.04217
1.04731
1.04844
1.04835
-0.0822453
-0.0711064
-0.0286525
0.0399747
0.123605
0.216225
0.315924
0.422171
0.534371
0.651822
0.767827
0.863661
0.932504
0.981464
1.01532
1.03711
1.04892
1.05344
1.05425
1.05409
-0.103757
-0.0923608
-0.0491441
0.0203734
0.104971
0.198704
0.299733
0.407601
0.521764
0.641727
0.761071
0.860888
0.933614
0.985945
1.02214
1.04468
1.05578
1.05922
1.05953
1.0593
-0.124767
-0.113007
-0.0690675
0.00126697
0.0867242
0.181423
0.283609
0.39284
0.508682
0.630832
0.753159
0.856804
0.933587
0.989793
1.02914
1.05313
1.0634
1.065
1.0643
1.06396
-0.145104
-0.133014
-0.0883867
-0.0172916
0.0689455
0.164469
0.267637
0.378013
0.495243
0.619215
0.744144
0.851326
0.932212
0.992661
1.03603
1.06282
1.07307
1.07226
1.06919
1.06785
-0.164823
-0.152415
-0.107044
-0.0352468
0.0516753
0.147911
0.251901
0.363205
0.481563
0.607022
0.734115
0.844388
0.929287
0.994092
1.04208
1.07336
1.0861
1.08452
1.0774
1.06789
-0.183835
-0.17117
-0.125135
-0.0527494
0.0347036
0.131464
0.23606
0.348003
0.46718
0.593727
0.722508
0.835369
0.924226
0.993501
1.04619
1.08339
1.10206
1.10301
1.09311
1.08521
-0.202089
-0.189193
-0.142651
-0.0697556
0.0180401
0.115126
0.220135
0.332394
0.452056
0.579228
0.709155
0.823931
0.916337
0.99012
1.04598
1.08747
1.10903
1.11521
1.07808
1.02489
-0.21929
-0.205708
-0.159479
-0.0861935
0.00158395
0.0987571
0.20408
0.316496
0.436257
0.563595
0.694009
0.809917
0.904629
0.983564
1.03937
1.07465
1.09711
1.08455
1.02765
0.963451
-0.235766
-0.221253
-0.175445
-0.101405
-0.0143056
0.0828399
0.187671
0.300371
0.419928
0.547002
0.677099
0.793179
0.888004
0.974917
1.02447
1.07584
1.04433
1.00195
0.932212
0.864139
-0.221768
-0.203796
-0.154846
-0.0762491
0.0159709
0.116824
0.226965
0.342506
0.465009
0.59537
0.719092
0.822169
0.908881
1.00164
1.04764
0.967868
0.921737
0.858616
0.785824
0.737684
-0.246151
-0.229932
-0.194172
-0.125549
-0.0389553
0.057554
0.162523
0.274579
0.393321
0.519085
0.647177
0.761338
0.853002
0.933237
1.00549
1.00471
0.883374
0.799937
0.737261
0.654266
-0.266264
-0.250607
-0.20923
-0.139211
-0.0523182
0.0438006
0.147565
0.258681
0.376397
0.500655
0.626869
0.738663
0.827224
0.895038
0.92164
0.849602
0.710736
0.615175
0.54009
0.451666
-0.28682
-0.27423
-0.228372
-0.157067
-0.0700179
0.0262898
0.129983
0.240739
0.357494
0.480145
0.603377
0.710494
0.791317
0.843908
0.821679
0.693275
0.541852
0.424311
0.326441
0.189399
-0.310584
-0.297547
-0.24953
-0.177071
-0.0897029
0.00661215
0.110166
0.220293
0.33588
0.456549
0.576261
0.677926
0.750734
0.782617
0.725036
0.543417
0.361854
0.207678
0.0654179
-0.131768
-0.333353
-0.320631
-0.271369
-0.197717
-0.109835
-0.0135789
0.089578
0.198816
0.312979
0.43129
0.54708
0.642689
0.706885
0.707754
0.599888
0.40162
0.188077
-0.0147797
-0.194967
-0.595332
-0.356175
-0.343789
-0.293991
-0.219446
-0.131146
-0.0348748
0.0678754
0.176209
0.288831
0.40454
0.516075
0.604987
0.657842
0.626142
0.477004
0.275864
0.0567929
-0.15769
-0.340524
-0.629351
-0.379912
-0.367664
-0.317627
-0.242512
-0.153918
-0.0576228
0.0447603
0.15221
0.263231
0.376156
0.483182
0.564877
0.604103
0.55545
0.366958
0.173477
-0.0256696
-0.194088
-0.266195
-0.303312
-0.405054
-0.392934
-0.342651
-0.267219
-0.178531
-0.0823751
0.0194847
0.125819
0.234907
0.344558
0.446411
0.520202
0.544564
0.463694
0.26928
0.0883982
-0.0767681
-0.183639
-0.221167
-0.231278
-0.43176
-0.419693
-0.36922
-0.293577
-0.204921
-0.109074
-0.00795234
0.0970026
0.203782
0.309647
0.40561
0.471358
0.471405
0.359312
0.180574
0.0132777
-0.126465
-0.182696
-0.19501
-0.200487
-0.460245
-0.448189
-0.397398
-0.321588
-0.233066
-0.137703
-0.037533
0.0657444
0.169839
0.271462
0.360825
0.417907
0.392756
0.261744
0.0967682
-0.0601277
-0.16013
-0.192035
-0.187003
-0.186841
-0.49025
-0.47838
-0.427145
-0.351198
-0.262908
-0.16819
-0.0692137
0.0320905
0.13312
0.230011
0.312325
0.358559
0.322171
0.170832
0.0208593
-0.117534
-0.159798
-0.172657
-0.177577
-0.177985
-0.521553
-0.509596
-0.458224
-0.382221
-0.294287
-0.200398
-0.102862
-0.0038386
0.0937286
0.185455
0.260377
0.295055
0.254237
0.0925729
-0.0456832
-0.142575
-0.190586
-0.176798
-0.173305
-0.172872
-0.553634
-0.541676
-0.49041
-0.414318
-0.326884
-0.234036
-0.138198
-0.0417769
0.0519339
0.138141
0.205233
0.230336
0.168354
0.0231602
-0.0997131
-0.159226
-0.170597
-0.171249
-0.170155
-0.169613
-0.585694
-0.573906
-0.522516
-0.446931
-0.360194
-0.268638
-0.174799
-0.0812911
0.0081889
0.0885477
0.14796
0.158432
0.078905
-0.0397369
-0.135303
-0.157601
-0.167689
-0.172536
-0.173078
-0.172089
-0.616615
-0.605236
-0.554034
-0.479183
-0.393484
-0.303533
-0.212006
-0.121717
-0.0367691
0.037324
0.0899619
0.0834367
-0.00890354
-0.102832
-0.15065
-0.205656
-0.190943
-0.182445
-0.181038
-0.181189
-0.644909
-0.633998
-0.583807
-0.509897
-0.425768
-0.337798
-0.24894
-0.16216
-0.0819049
-0.014412
0.0318202
0.0128062
-0.106193
-0.179141
-0.178831
-0.184973
-0.20407
-0.207298
-0.206911
-0.207755
-0.668965
-0.65875
-0.609944
-0.537856
-0.455799
-0.370245
-0.284448
-0.201471
-0.125883
-0.065008
-0.0264484
-0.0550417
-0.2136
-0.335307
-0.275547
-0.277494
-0.298979
-0.307721
-0.304234
-0.299059
-0.686567
-0.677243
-0.630584
-0.561171
-0.482021
-0.399516
-0.31715
-0.2382
-0.167174
-0.112321
-0.0829817
-0.118495
-0.315371
-0.602652
-0.767478
-0.623706
-0.529243
-0.49612
-0.467151
-0.444246
-0.695773
-0.687282
-0.6438
-0.578035
-0.502663
-0.423987
-0.345549
-0.27064
-0.204023
-0.153807
-0.133142
-0.160773
-0.347042
-0.686026
-1.18366
-0.83817
-0.543415
-0.440801
-0.425336
-0.419012
-0.692882
-0.685752
-0.648042
-0.586683
-0.516075
-0.442048
-0.367985
-0.297089
-0.234351
-0.187004
-0.168367
-0.168224
-0.167143
-0.103564
-0.154546
-0.256322
-0.302269
-0.29792
-0.299942
-0.302052
-0.676311
-0.671447
-0.640982
-0.58584
-0.520922
-0.452388
-0.383013
-0.315876
-0.255981
-0.209945
-0.188968
-0.146861
0.0534872
0.527282
0.892697
0.402283
-0.102037
-0.264725
-0.279996
-0.282483
-0.646485
-0.642878
-0.621018
-0.57484
-0.51701
-0.454393
-0.389719
-0.325803
-0.267184
-0.221769
-0.197824
-0.180445
-0.147225
-0.124818
-0.244033
-0.718534
-0.830989
-0.638549
-0.474714
-0.43034
-0.6072
-0.604882
-0.591197
-0.555391
-0.505202
-0.448573
-0.388089
-0.326389
-0.267221
-0.218015
-0.194155
-0.258375
-0.710008
-1.64899
-2.41957
-2.935
-2.92654
-2.57922
-2.17726
-1.90434
-0.565012
-0.563714
-0.556059
-0.531453
-0.488948
-0.436736
-0.379209
-0.317685
-0.255221
-0.196666
-0.164625
-0.191438
-0.712282
-1.48125
-2.26084
-2.51081
-2.31593
-1.89938
-1.51435
-1.24266
-0.528083
-0.527332
-0.523791
-0.507191
-0.471804
-0.422823
-0.365797
-0.301462
-0.231884
-0.15824
-0.0798345
-0.0114048
-0.00519772
0.108097
0.387113
0.744719
1.18025
1.53506
1.76654
1.87504
-0.499523
-0.498555
-0.496942
-0.48882
-0.459441
-0.411507
-0.351665
-0.282468
-0.202401
-0.111354
0.00230412
0.138839
0.348882
0.769042
1.37909
1.99944
2.48844
2.79619
2.95266
3.01382
-0.477561
-0.477024
-0.476535
-0.473557
-0.451512
-0.404075
-0.339908
-0.265002
-0.177943
-0.0758313
0.0413632
0.176469
0.326408
0.711756
1.28956
1.85574
2.31579
2.60939
2.75826
2.80999
-0.461638
-0.461335
-0.4612
-0.460609
-0.445588
-0.399118
-0.33115
-0.250962
-0.160705
-0.0577509
0.0530091
0.170714
0.281647
0.561376
1.04676
1.49089
1.84561
2.07155
2.18452
2.22496
-0.448898
-0.44804
-0.446741
-0.447179
-0.438706
-0.394732
-0.323011
-0.23913
-0.148015
-0.0497575
0.0540791
0.153585
0.250384
0.424352
0.773789
1.09926
1.35161
1.51195
1.59118
1.62021
-0.446764
-0.445322
-0.445349
-0.447608
-0.438873
-0.389682
-0.311615
-0.224545
-0.134546
-0.0411052
0.0529261
0.133146
0.205973
0.317448
0.553592
0.775337
0.944265
1.0545
1.1086
1.12795
-0.444629
-0.444771
-0.450472
-0.45358
-0.437148
-0.376381
-0.290263
-0.201896
-0.116574
-0.0325824
0.0470968
0.108167
0.160583
0.233718
0.398796
0.54573
0.655232
0.725658
0.760128
0.772185
-0.395056
-0.398021
-0.407311
-0.410606
-0.389012
-0.326517
-0.245843
-0.166494
-0.0927051
-0.0217601
0.0444398
0.0948099
0.136366
0.183055
0.29351
0.392353
0.462755
0.507391
0.527679
0.533504
-0.263326
-0.26728
-0.274694
-0.27755
-0.261877
-0.220669
-0.168819
-0.113906
-0.0592134
-0.00456687
0.0475636
0.0883886
0.117034
0.148626
0.224004
0.288673
0.333279
0.362466
0.375821
0.379606
-0.0959974
-0.0986022
-0.102796
-0.107413
-0.105886
-0.0952172
-0.0766675
-0.0509308
-0.0198565
0.0162819
0.0543459
0.0865229
0.109986
0.134941
0.180767
0.223273
0.25312
0.271532
0.280341
0.28266
0.0381165
0.0366484
0.0339593
0.0271831
0.0162107
0.00622464
0.00229558
0.0058727
0.0180265
0.0381013
0.0644134
0.0898305
0.111925
0.133619
0.161322
0.185938
0.204209
0.216344
0.221939
0.222843
0.113562
0.112752
0.110704
0.10323
0.0885706
0.0708832
0.0563453
0.0484477
0.0487325
0.0574073
0.0739354
0.0937455
0.113653
0.130208
0.146261
0.160769
0.172766
0.18085
0.184577
0.184788
0.143277
0.142746
0.141109
0.134781
0.121674
0.104675
0.088537
0.0764353
0.0705472
0.0718447
0.0808295
0.0943933
0.110166
0.121663
0.129413
0.138924
0.147812
0.154254
0.157041
0.156824
0.147561
0.147222
0.145983
0.141378
0.131651
0.118296
0.104373
0.0924667
0.0844455
0.0813992
0.0843099
0.0916312
0.100872
0.108094
0.10962
0.116555
0.124824
0.130992
0.133817
0.133478
0.140893
0.14067
0.139788
0.136741
0.130229
0.120834
0.110246
0.100204
0.0920573
0.0866557
0.0844801
0.0839902
0.0834482
0.0813175
0.084737
0.0937482
0.102726
0.108734
0.111381
0.111082
0.130859
0.130693
0.130078
0.128184
0.124152
0.118015
0.110584
0.102915
0.0957744
0.0893963
0.083216
0.0752759
0.0649173
0.057043
0.0619082
0.0731394
0.0827345
0.0880579
0.0900778
0.0899771
0.120951
0.120811
0.120383
0.119256
0.116931
0.113204
0.108399
0.103026
0.0974113
0.0912425
0.0829628
0.0690999
0.0504708
0.0394264
0.048555
0.0619775
0.0710767
0.0754027
0.0765265
0.0764365
0.112436
0.112313
0.112025
0.111369
0.110121
0.108069
0.105277
0.102033
0.0984497
0.0943966
0.0868093
0.0715134
0.0498936
0.0396837
0.0525887
0.066075
0.073243
0.0754448
0.0755216
0.0754877
0.105233
0.105138
0.104977
0.104628
0.104077
0.103137
0.101888
0.100588
0.0995084
0.0982332
0.0955211
0.0863984
0.071729
0.0688113
0.0813308
0.0896897
0.0923072
0.0923527
0.091791
0.0917754
0.0985668
0.098495
0.0984337
0.0982793
0.0980662
0.0980886
0.0980419
0.0985138
0.100024
0.103282
0.108071
0.111085
0.110624
0.116326
0.123286
0.126375
0.12569
0.125093
0.124855
0.124497
0.0915686
0.0915254
0.0915729
0.0916142
0.0917141
0.0920717
0.0932014
0.0952125
0.0991738
0.106946
0.120601
0.138941
0.155041
0.167502
0.170729
0.167618
0.164302
0.163536
0.163377
0.162581
0.0834238
0.083392
0.0835177
0.0837361
0.0840651
0.0849144
0.0867052
0.0899784
0.0960231
0.107356
0.128461
0.161446
0.197627
0.218965
0.211985
0.20235
0.197227
0.196942
0.196844
0.195611
0.0735473
0.0735425
0.0737652
0.0742063
0.0747751
0.0757714
0.0775204
0.0813557
0.0888135
0.102521
0.127559
0.168823
0.219836
0.244219
0.232426
0.219922
0.216032
0.216742
0.216806
0.215191
0.0612343
0.0612345
0.061487
0.0620676
0.0629626
0.064056
0.0663909
0.0698253
0.07651
0.0900047
0.114932
0.155621
0.206507
0.229495
0.218439
0.21047
0.212104
0.215118
0.214311
0.212315
0.046669
0.0466294
0.0468206
0.0473112
0.0482857
0.0499252
0.0521569
0.0555098
0.0612526
0.0713352
0.0903272
0.11958
0.153883
0.16903
0.166649
0.169009
0.17635
0.182152
0.182247
0.180373
0.0304881
0.0303776
0.0305061
0.0310898
0.0320055
0.0332008
0.0348421
0.0373253
0.0407817
0.0471209
0.0576684
0.0701285
0.0735091
0.0774397
0.0877036
0.102468
0.112431
0.115301
0.115612
0.114907
0.0046704
0.00449602
0.00423344
0.00392402
0.00377589
0.00405434
0.00461969
0.00520371
0.00588894
0.00828961
0.0119411
0.00185157
-0.00211794
0.0039653
0.00857631
0.00415747
-0.00477447
-0.00180591
0.00208807
0.0328041
-1.00726
-0.305031
0.152247
0.417583
0.610032
0.75861
0.875164
0.970899
1.07126
1.1629
0.0687582
0.270898
0.454849
0.6096
0.739251
0.845571
0.932583
1.00369
1.0477
1.05227
0.414644
0.533951
0.650449
0.754367
0.844009
0.91974
0.981789
1.02887
1.05921
1.07732
0.632208
0.713058
0.793151
0.86658
0.930757
0.985534
1.03057
1.06587
1.09266
1.11202
0.790593
0.845642
0.905735
0.960439
1.00819
1.04971
1.08491
1.11408
1.13788
1.15507
0.915632
0.95707
1.00387
1.0449
1.08289
1.11675
1.14636
1.17165
1.19273
1.20711
1.01975
1.05464
1.09233
1.12706
1.15972
1.18967
1.21629
1.2391
1.25792
1.26975
1.11391
1.1452
1.17951
1.2124
1.24338
1.27193
1.29723
1.31863
1.33567
1.34527
1.20544
1.2381
1.27359
1.30778
1.33923
1.36763
1.39229
1.41269
1.42821
1.43646
1.30769
1.34527
1.38365
1.42
1.45214
1.48007
1.50357
1.52262
1.5368
1.54532
1.4348
1.47721
1.51644
1.55235
1.5828
1.60852
1.63011
1.64776
1.66129
1.67148
1.59642
1.63791
1.67164
1.70121
1.72577
1.74731
1.76692
1.78436
1.79912
1.81183
1.78689
1.81771
1.83896
1.85811
1.87618
1.89342
1.90964
1.92547
1.94199
1.95892
1.98478
1.99619
2.00723
2.02134
2.03562
2.04847
2.05984
2.0707
2.08361
2.10049
2.1706
2.18051
2.18915
2.1916
2.19246
2.19672
2.20753
2.22348
2.2411
2.24571
2.47164
2.41624
2.36542
2.32517
2.30278
2.29874
2.31224
2.34604
2.40248
2.47804
1.02373
0.965039
0.922554
0.888689
0.864023
0.846455
0.833924
0.824967
0.818817
0.81528
0.814818
0.817608
0.822992
0.830885
0.841775
0.856805
0.8778
0.906886
0.945641
0.993463
0.825295
0.834047
0.839571
0.840387
0.836892
0.830829
0.824371
0.818862
0.814971
0.813251
0.814347
0.817871
0.823098
0.829535
0.836274
0.841525
0.843138
0.839895
0.832541
0.824872
0.802346
0.804377
0.808978
0.81248
0.814979
0.816388
0.816075
0.814305
0.812067
0.810429
0.810361
0.812105
0.814759
0.817332
0.818775
0.81841
0.816534
0.813719
0.809661
0.805275
0.79547
0.796336
0.798814
0.801518
0.803515
0.804855
0.805811
0.806221
0.806022
0.805694
0.805951
0.806943
0.807962
0.808383
0.808034
0.807154
0.805719
0.803462
0.800811
0.79884
0.789864
0.790325
0.791716
0.793727
0.79565
0.797203
0.798314
0.799165
0.79982
0.800311
0.800835
0.80137
0.801603
0.801438
0.800912
0.799907
0.798367
0.796516
0.794853
0.793832
0.784739
0.785026
0.785939
0.787398
0.789006
0.790585
0.791974
0.793094
0.794043
0.794895
0.795606
0.796023
0.79607
0.79576
0.795031
0.793914
0.792582
0.791231
0.790123
0.789494
0.779848
0.780049
0.780733
0.781896
0.783261
0.784678
0.786112
0.787458
0.788648
0.789711
0.790583
0.791057
0.79108
0.790673
0.78991
0.788949
0.787909
0.786866
0.786055
0.785612
0.775122
0.775274
0.775817
0.776791
0.778001
0.779311
0.780692
0.782113
0.7835
0.784782
0.78584
0.78643
0.786489
0.786132
0.785512
0.784747
0.783917
0.783103
0.782493
0.782159
0.770486
0.770605
0.771049
0.77189
0.773003
0.774253
0.775603
0.777051
0.778565
0.780063
0.78135
0.782112
0.782311
0.782123
0.781692
0.781115
0.78046
0.779834
0.779374
0.779116
0.765858
0.765953
0.766328
0.76708
0.768131
0.769343
0.770695
0.772194
0.773824
0.775531
0.777086
0.778104
0.778542
0.778576
0.778345
0.777956
0.777479
0.777011
0.776671
0.776466
0.761154
0.761232
0.761556
0.762252
0.763274
0.764486
0.76588
0.767467
0.769252
0.771197
0.773075
0.774435
0.775171
0.775461
0.775449
0.775249
0.774941
0.774615
0.774371
0.774208
0.756302
0.756366
0.756654
0.757319
0.758344
0.759604
0.761081
0.762807
0.764806
0.767055
0.769333
0.771112
0.7722
0.772777
0.773005
0.773002
0.772858
0.772663
0.7725
0.77237
0.751225
0.751277
0.751543
0.752202
0.753265
0.754615
0.756221
0.758147
0.760443
0.7631
0.765884
0.768151
0.769638
0.770542
0.771036
0.771244
0.771267
0.771194
0.771101
0.770998
0.745839
0.745881
0.746133
0.746806
0.747941
0.749421
0.751209
0.753392
0.756045
0.759196
0.7626
0.765477
0.767462
0.768762
0.769564
0.770022
0.770221
0.770271
0.770243
0.770164
0.740049
0.740081
0.740325
0.741033
0.742278
0.743936
0.745971
0.748494
0.751609
0.755386
0.759553
0.763168
0.76575
0.767514
0.768671
0.769418
0.769803
0.769984
0.770022
0.769964
0.733751
0.733772
0.734019
0.73478
0.736165
0.738052
0.740403
0.743364
0.747072
0.75162
0.756726
0.761255
0.764558
0.766877
0.768451
0.769498
0.770131
0.770462
0.770566
0.770527
0.726801
0.726828
0.72706
0.727884
0.729445
0.731626
0.734381
0.737896
0.742358
0.747904
0.754175
0.75977
0.76392
0.766905
0.769003
0.770427
0.771332
0.771823
0.771999
0.771977
0.718934
0.718945
0.719234
0.720135
0.721925
0.724447
0.72771
0.731907
0.737276
0.743994
0.75168
0.758644
0.763865
0.767663
0.77039
0.772302
0.773551
0.774241
0.774496
0.774492
0.709933
0.709937
0.710239
0.711277
0.713353
0.716346
0.720264
0.725361
0.731936
0.740197
0.749631
0.758163
0.764604
0.769351
0.772821
0.775316
0.776974
0.777905
0.778247
0.778256
0.699399
0.699398
0.699739
0.700942
0.703372
0.706948
0.711689
0.717908
0.725958
0.736074
0.747638
0.758129
0.766079
0.771996
0.776382
0.779576
0.781745
0.782962
0.783401
0.783417
0.686708
0.686703
0.687107
0.688537
0.691464
0.695844
0.701701
0.709424
0.719412
0.731895
0.746047
0.758808
0.768486
0.775738
0.781192
0.785213
0.787981
0.789519
0.790055
0.790069
0.671022
0.671015
0.671524
0.673314
0.67697
0.68249
0.689885
0.699615
0.712102
0.727523
0.744786
0.760224
0.771909
0.780706
0.787371
0.792311
0.795749
0.797624
0.798252
0.798257
0.65114
0.651134
0.651813
0.654192
0.658962
0.66615
0.675714
0.688187
0.703934
0.723006
0.743971
0.76248
0.776433
0.786948
0.794978
0.800948
0.805102
0.807311
0.808017
0.808008
0.625253
0.625252
0.626241
0.629631
0.636248
0.645987
0.658746
0.675027
0.695019
0.718573
0.743836
0.765787
0.782225
0.794618
0.804105
0.811205
0.816089
0.818608
0.819371
0.819341
0.590355
0.590378
0.592033
0.597378
0.607259
0.621123
0.63866
0.660148
0.685527
0.71441
0.744546
0.77026
0.789361
0.803763
0.814827
0.823153
0.828751
0.831531
0.832306
0.832241
0.540721
0.540986
0.544782
0.554578
0.570558
0.591183
0.615662
0.644015
0.675968
0.710969
0.746417
0.776086
0.797948
0.814431
0.827132
0.836697
0.842999
0.845951
0.846679
0.846562
0.46875
0.471127
0.482173
0.501524
0.527622
0.557606
0.590906
0.627399
0.666804
0.708574
0.749835
0.783869
0.808834
0.827727
0.842398
0.853458
0.860547
0.863779
0.864549
0.86445
0.39182
0.398312
0.417923
0.447471
0.484127
0.52378
0.566012
0.610802
0.658022
0.707223
0.755335
0.79492
0.824015
0.84615
0.863478
0.876643
0.884788
0.888312
0.889103
0.889103
0.326335
0.333018
0.359323
0.397453
0.442947
0.491481
0.54224
0.595123
0.649995
0.706442
0.761141
0.805951
0.838911
0.864068
0.883702
0.89828
0.906949
0.910968
0.911984
0.912027
0.272746
0.279738
0.309918
0.354135
0.406331
0.462101
0.520184
0.580341
0.642308
0.705568
0.766469
0.816139
0.852582
0.880295
0.90167
0.917483
0.927263
0.931764
0.932626
0.932739
0.228102
0.235375
0.267999
0.316747
0.374269
0.435936
0.500173
0.566667
0.634993
0.704516
0.77115
0.825262
0.864781
0.894614
0.917426
0.934146
0.944767
0.949653
0.950746
0.950951
0.189979
0.197402
0.231657
0.283825
0.34581
0.412455
0.481991
0.55404
0.628067
0.703289
0.775202
0.833346
0.875559
0.907157
0.931063
0.948483
0.959634
0.964963
0.966384
0.966659
0.156454
0.163964
0.199375
0.254426
0.320053
0.390952
0.465144
0.542151
0.621347
0.701822
0.778624
0.840463
0.885029
0.91807
0.942818
0.960842
0.972422
0.978084
0.979764
0.980058
0.126141
0.133741
0.170093
0.22755
0.296246
0.370843
0.449147
0.530629
0.614586
0.699957
0.781362
0.846635
0.893322
0.927597
0.953034
0.971465
0.983312
0.98919
0.991034
0.991345
0.0981657
0.10585
0.143064
0.202436
0.273828
0.351654
0.433627
0.519181
0.607534
0.697528
0.783335
0.851907
0.900606
0.93603
0.962095
0.980805
0.992856
0.998856
1.0008
1.00107
0.0718091
0.0796095
0.117623
0.178644
0.252385
0.333047
0.418306
0.507572
0.600015
0.694393
0.784479
0.856312
0.907027
0.943608
0.970308
0.989353
1.00151
1.00756
1.00954
1.00983
0.0466221
0.0545884
0.0933425
0.155765
0.231611
0.314777
0.402995
0.495652
0.591895
0.690443
0.784726
0.859874
0.912699
0.950532
0.977913
0.997278
1.00953
1.01555
1.01748
1.0178
0.0222598
0.0304252
0.0698368
0.133624
0.211299
0.29668
0.387567
0.483314
0.583085
0.685602
0.784031
0.862616
0.917719
0.956949
0.98511
1.00484
1.01719
1.02318
1.02503
1.02525
-0.0014291
0.00695288
0.0469963
0.112067
0.191324
0.278681
0.371952
0.47051
0.573536
0.67981
0.782343
0.864519
0.922137
0.96296
0.99203
1.01218
1.0246
1.0305
1.03222
1.03234
-0.0245652
-0.0160298
0.0247699
0.0909596
0.171638
0.260739
0.356136
0.457227
0.563236
0.67304
0.779608
0.865542
0.925956
0.968632
0.998759
1.01936
1.03179
1.03749
1.03903
1.03906
-0.0472275
-0.0384996
0.00299084
0.0702528
0.152215
0.242862
0.340146
0.443497
0.552195
0.665279
0.775763
0.865599
0.929139
0.974001
1.00538
1.02643
1.03879
1.04417
1.04547
1.04542
-0.0694596
-0.0605336
-0.0182781
0.0499598
0.13307
0.22508
0.324022
0.429368
0.540473
0.656551
0.770771
0.864597
0.931596
0.97907
1.01199
1.03352
1.04559
1.05049
1.05149
1.05136
-0.0911759
-0.0820373
-0.0390229
0.0301171
0.114251
0.207445
0.307838
0.41492
0.528141
0.646891
0.764603
0.862441
0.933199
0.983779
1.01872
1.04084
1.05234
1.05641
1.05702
1.05683
-0.112307
-0.102955
-0.0592193
0.0107532
0.095805
0.190032
0.291668
0.400244
0.515282
0.636383
0.757262
0.859023
0.933767
0.987977
1.02564
1.04879
1.05945
1.0621
1.06202
1.06176
-0.132856
-0.12328
-0.0788359
-0.00808696
0.0777792
0.172914
0.275605
0.385438
0.502004
0.625109
0.748794
0.85425
0.933091
0.991387
1.03264
1.05784
1.06791
1.06832
1.06667
1.06622
-0.152744
-0.142949
-0.0978292
-0.0263552
0.0602425
0.156147
0.259733
0.3706
0.488424
0.613184
0.739251
0.848048
0.930964
0.993596
1.03924
1.06807
1.07918
1.07758
1.07294
1.07078
-0.171992
-0.161991
-0.11618
-0.0440509
0.0431705
0.139711
0.244027
0.355696
0.474513
0.600573
0.728567
0.840202
0.927095
0.994118
1.04451
1.07863
1.09396
1.09381
1.08575
1.06866
-0.190626
-0.180402
-0.133995
-0.0613422
0.0263257
0.123288
0.228105
0.340254
0.459712
0.586627
0.716056
0.829968
0.920699
0.992215
1.04679
1.08649
1.10783
1.10734
1.10019
1.05457
-0.208915
-0.197793
-0.151201
-0.0780874
0.00981636
0.106974
0.212147
0.324499
0.444256
0.571568
0.701822
0.817267
0.911054
0.987257
1.04359
1.08327
1.10558
1.10876
1.05717
0.99522
-0.227881
-0.213091
-0.167587
-0.0941566
-0.00662187
0.0905748
0.195894
0.308437
0.428133
0.555386
0.685746
0.801883
0.89696
0.979384
1.033
1.05754
1.07628
1.05038
0.985492
0.91954
-0.246591
-0.247902
-0.188114
-0.107098
-0.0200847
0.076933
0.179944
0.292723
0.41207
0.538849
0.668443
0.784134
0.878261
0.970825
0.993329
0.999153
0.999221
0.943935
0.8719
0.801111
-0.222144
-0.221101
-0.163628
-0.0832509
0.00868934
0.109426
0.217248
0.332557
0.454664
0.584436
0.707342
0.809737
0.893453
0.984151
1.00669
0.913427
0.833624
0.76992
0.698178
0.553444
-0.263384
-0.237053
-0.176835
-0.0959363
-0.00396054
0.096433
0.203661
0.318316
0.439419
0.567549
0.68774
0.786884
0.86271
0.921771
0.896134
0.774489
0.657951
0.577952
0.494549
0.330024
-0.288033
-0.256932
-0.195653
-0.115133
-0.0231166
0.0770022
0.184357
0.29819
0.417917
0.543723
0.660422
0.754442
0.821975
0.847404
0.774288
0.614955
0.478137
0.376433
0.262083
0.0249978
-0.312103
-0.278619
-0.216045
-0.134842
-0.0427315
0.0572669
0.164238
0.277092
0.395213
0.5183
0.630648
0.718422
0.773642
0.766391
0.636334
0.451614
0.280916
0.138384
-0.0213191
-0.410048
-0.335208
-0.300826
-0.237163
-0.155106
-0.062815
0.0370009
0.143316
0.255075
0.371393
0.491421
0.598729
0.679625
0.717812
0.680513
0.502393
0.296282
0.0828962
-0.100303
-0.351146
-0.926949
-0.358084
-0.323632
-0.25924
-0.176568
-0.0840583
0.0155589
0.121231
0.231814
0.346132
0.462787
0.56467
0.637596
0.658434
0.57502
0.379888
0.166052
-0.0522487
-0.256069
-0.426726
-1.06563
-0.381876
-0.347338
-0.282525
-0.199464
-0.106782
-0.0073289
0.0977347
0.207116
0.319306
0.432344
0.528616
0.59222
0.590838
0.463676
0.275121
0.0714314
-0.116434
-0.245501
-0.276457
-0.324648
-0.406996
-0.372402
-0.307333
-0.224099
-0.13142
-0.0322845
0.071997
0.179899
0.289559
0.398344
0.488512
0.540529
0.516812
0.361355
0.180899
0.00246535
-0.142165
-0.203216
-0.226831
-0.232641
-0.433816
-0.399015
-0.333743
-0.25045
-0.15793
-0.0592874
0.0439555
0.150059
0.256785
0.360698
0.444149
0.482293
0.44424
0.265487
0.0950965
-0.0611184
-0.171174
-0.199514
-0.19998
-0.200249
-0.462391
-0.427279
-0.361792
-0.278485
-0.18626
-0.0883204
0.0136345
0.117617
0.220961
0.31948
0.395223
0.421529
0.35585
0.177388
0.015573
-0.12244
-0.170437
-0.185368
-0.186818
-0.186488
-0.492617
-0.457112
-0.391422
-0.308172
-0.216369
-0.119326
-0.0189179
0.0826002
0.182129
0.27477
0.342025
0.35561
0.258466
0.0958259
-0.0527561
-0.161064
-0.1786
-0.177135
-0.177991
-0.177708
-0.523997
-0.488456
-0.422436
-0.339318
-0.248094
-0.152165
-0.0535824
0.0451119
0.140423
0.226722
0.285454
0.281304
0.172786
0.0231257
-0.107144
-0.147865
-0.171167
-0.172966
-0.17297
-0.172763
-0.556184
-0.520232
-0.454447
-0.371602
-0.281138
-0.186561
-0.0900914
0.00542517
0.0961198
0.175747
0.225526
0.206855
0.091001
-0.0381294
-0.144989
-0.183901
-0.17451
-0.170801
-0.1698
-0.16937
-0.588233
-0.552362
-0.486891
-0.404491
-0.315012
-0.222061
-0.128011
-0.0360128
0.0496653
0.122536
0.162062
0.134136
0.0113523
-0.0869373
-0.168715
-0.166931
-0.171217
-0.173139
-0.172586
-0.17156
-0.61914
-0.583852
-0.518634
-0.437197
-0.349025
-0.258015
-0.166696
-0.0784973
0.00178651
0.0677375
0.0991206
0.057584
-0.0668624
-0.132575
-0.148425
-0.179924
-0.181971
-0.181291
-0.181195
-0.180917
-0.647403
-0.613026
-0.54887
-0.468668
-0.382219
-0.293511
-0.205271
-0.121086
-0.0464021
0.0122913
0.0400803
-0.0323487
-0.15785
-0.184081
-0.166293
-0.19708
-0.207113
-0.206911
-0.207371
-0.207216
-0.671329
-0.638408
-0.575849
-0.497648
-0.413396
-0.327394
-0.242572
-0.162581
-0.0933675
-0.0425017
-0.0180387
-0.123274
-0.286866
-0.33475
-0.270938
-0.295492
-0.303687
-0.307275
-0.301267
-0.297031
-0.688788
-0.65797
-0.597696
-0.52243
-0.441094
-0.358322
-0.277189
-0.201525
-0.137313
-0.0943695
-0.0758716
-0.202509
-0.445637
-0.740463
-0.697079
-0.568328
-0.510405
-0.481974
-0.452744
-0.441543
-0.697597
-0.66939
-0.612698
-0.541186
-0.463628
-0.384742
-0.307583
-0.23615
-0.176302
-0.139207
-0.126216
-0.243846
-0.476246
-0.956958
-1.07347
-0.665403
-0.470691
-0.430625
-0.421573
-0.419198
-0.69536
-0.670944
-0.61908
-0.552221
-0.479384
-0.405023
-0.332056
-0.264557
-0.20822
-0.173228
-0.160964
-0.186102
-0.129406
-0.099156
-0.226204
-0.285811
-0.300799
-0.298077
-0.301534
-0.301791
-0.678472
-0.659997
-0.615413
-0.554202
-0.487076
-0.417789
-0.34909
-0.284793
-0.230985
-0.195422
-0.176491
-0.0746536
0.248599
0.789432
0.67243
0.119848
-0.222773
-0.270794
-0.28159
-0.281646
-0.648298
-0.635194
-0.600148
-0.546886
-0.486201
-0.422297
-0.357614
-0.29557
-0.242511
-0.207075
-0.19068
-0.16368
-0.126821
-0.0629393
-0.471215
-0.837043
-0.75347
-0.539034
-0.437273
-0.450015
-0.608735
-0.600214
-0.575884
-0.531451
-0.47747
-0.418796
-0.357324
-0.296358
-0.24068
-0.202284
-0.195729
-0.418788
-1.12168
-2.1279
-2.73123
-2.99187
-2.78737
-2.37115
-2.01466
-1.86349
-0.566231
-0.561422
-0.546221
-0.511853
-0.463757
-0.408743
-0.348875
-0.286519
-0.225431
-0.173053
-0.165866
-0.397861
-1.06758
-1.91031
-2.45503
-2.46334
-2.11615
-1.69555
-1.34577
-1.22876
-0.528892
-0.526426
-0.517716
-0.491552
-0.448737
-0.395272
-0.334622
-0.267239
-0.19556
-0.117391
-0.0453156
-0.0023846
0.0195176
0.237787
0.546822
0.962777
1.37365
1.66719
1.83504
1.89698
-0.499041
-0.497945
-0.49481
-0.47684
-0.437423
-0.382576
-0.318417
-0.243875
-0.158754
-0.0575373
0.0690913
0.224653
0.53034
1.05629
1.69942
2.26516
2.66513
2.89008
2.99235
3.02492
-0.47732
-0.47671
-0.476113
-0.465781
-0.43037
-0.373632
-0.30396
-0.223376
-0.128795
-0.0183897
0.108599
0.2399
0.474416
0.994538
1.57808
2.10475
2.48356
2.69957
2.7934
2.81723
-0.461512
-0.461211
-0.461374
-0.456483
-0.425771
-0.367207
-0.292473
-0.207196
-0.111066
-0.00132825
0.109696
0.228802
0.380189
0.799368
1.27805
1.6818
1.97566
2.13984
2.21163
2.23074
-0.448598
-0.447342
-0.446741
-0.446137
-0.421329
-0.361198
-0.282195
-0.194411
-0.100191
0.0033766
0.103402
0.202758
0.308588
0.590796
0.945091
1.23486
1.44431
1.55977
1.61058
1.62352
-0.446014
-0.444973
-0.4462
-0.446883
-0.419656
-0.352656
-0.268717
-0.179884
-0.0887476
0.00772199
0.0942106
0.170329
0.241236
0.429651
0.670363
0.866172
1.00784
1.08738
1.12144
1.12998
-0.443942
-0.447085
-0.452978
-0.449534
-0.412383
-0.334509
-0.24593
-0.159088
-0.0748674
0.00937153
0.0802628
0.135564
0.181992
0.314184
0.47627
0.605049
0.696029
0.746496
0.768366
0.772834
-0.395806
-0.401971
-0.410521
-0.404243
-0.362437
-0.286616
-0.205852
-0.12959
-0.0572944
0.0131734
0.0722686
0.114143
0.151954
0.236993
0.345763
0.43086
0.488975
0.519686
0.531852
0.533249
-0.264793
-0.270884
-0.277398
-0.272882
-0.243733
-0.195395
-0.14159
-0.0865772
-0.0322193
0.0231007
0.0687813
0.10009
0.128567
0.187096
0.257964
0.313271
0.350454
0.370727
0.378673
0.379004
-0.0972588
-0.100472
-0.105302
-0.107853
-0.101453
-0.0870138
-0.0644608
-0.0361817
-0.0024452
0.0361607
0.0704372
0.0970695
0.119829
0.157169
0.20292
0.239756
0.26392
0.276859
0.28222
0.281818
0.0372321
0.0356959
0.0311591
0.022055
0.0106779
0.00344009
0.0031423
0.0108328
0.0271395
0.0511736
0.0770457
0.1005
0.121502
0.147075
0.174236
0.195908
0.211158
0.219901
0.222819
0.221909
0.113011
0.112164
0.107816
0.0967254
0.0796605
0.0630304
0.0515134
0.047532
0.0520433
0.0650741
0.0834715
0.103336
0.122405
0.137946
0.153474
0.167237
0.177415
0.183217
0.185068
0.183817
0.142931
0.142284
0.138711
0.12904
0.113337
0.0963232
0.0819176
0.072641
0.0702785
0.0755798
0.0869109
0.102131
0.116918
0.125412
0.133925
0.143579
0.151479
0.156092
0.157257
0.15591
0.147367
0.146857
0.14424
0.137153
0.125233
0.111247
0.0980918
0.087924
0.0822757
0.0822031
0.0875064
0.0960834
0.105222
0.108244
0.112642
0.120746
0.128364
0.13282
0.134019
0.132621
0.140786
0.140394
0.138629
0.133936
0.125788
0.11559
0.105085
0.0958569
0.0890218
0.0852544
0.0839103
0.083883
0.083103
0.0821082
0.0888568
0.098468
0.10622
0.110389
0.111575
0.110338
0.130791
0.130487
0.129346
0.126462
0.121302
0.114408
0.106724
0.0992593
0.0925117
0.0863531
0.0793044
0.070376
0.0597423
0.0580816
0.0674311
0.078427
0.0859638
0.0894078
0.0902635
0.0894184
0.120896
0.120656
0.119935
0.118267
0.115231
0.110911
0.105753
0.100255
0.0945176
0.0876149
0.0767409
0.0597451
0.0425014
0.0423999
0.0556243
0.067159
0.0737581
0.0761954
0.0766091
0.0759831
0.112384
0.112203
0.111754
0.110838
0.109199
0.106751
0.103684
0.100288
0.0965518
0.0911773
0.0801397
0.0609935
0.0412827
0.0452143
0.0600753
0.0704866
0.0748037
0.0755284
0.0755575
0.0751843
0.105186
0.105074
0.10483
0.104374
0.103664
0.102541
0.101227
0.100018
0.0990019
0.0973184
0.0919229
0.0790335
0.0672065
0.0750053
0.086217
0.0914908
0.0925379
0.0920019
0.0917854
0.0916116
0.0985237
0.09847
0.0983716
0.0981739
0.0980335
0.0980481
0.0981992
0.0991219
0.101491
0.10561
0.110009
0.111101
0.111845
0.120346
0.125576
0.126168
0.125351
0.124928
0.124735
0.124305
0.0915327
0.0915424
0.0916034
0.0916458
0.0918528
0.0925439
0.0940481
0.0968747
0.102402
0.113053
0.129634
0.14772
0.162453
0.1708
0.169296
0.165636
0.163709
0.163549
0.163041
0.162344
0.0833884
0.0834369
0.083624
0.0838613
0.0844326
0.0856732
0.0880991
0.0925425
0.100787
0.116579
0.143822
0.180036
0.212511
0.216797
0.206483
0.198787
0.19679
0.197116
0.196186
0.195337
0.0735193
0.0736251
0.0739592
0.0744994
0.0751125
0.0765441
0.0790029
0.0844816
0.0944687
0.11287
0.146522
0.193409
0.236972
0.239556
0.224783
0.217517
0.216092
0.217202
0.215885
0.214759
0.0612075
0.0613281
0.061733
0.0624907
0.0634613
0.0650251
0.0678133
0.0726102
0.0821502
0.100921
0.133402
0.180089
0.223636
0.22507
0.213176
0.210145
0.213818
0.21505
0.213162
0.211687
0.0466264
0.0466866
0.0470301
0.0477123
0.049036
0.0509509
0.0535762
0.0579106
0.0655525
0.0797986
0.103955
0.136978
0.1643
0.169041
0.166848
0.17261
0.180076
0.18298
0.181304
0.179486
0.0304155
0.0303912
0.0307621
0.0315024
0.0325671
0.0339055
0.0359182
0.0389296
0.0437977
0.0518838
0.063893
0.0748281
0.0738288
0.0811433
0.0948443
0.108126
0.114266
0.115995
0.115452
0.114043
0.0131203
0.0129657
0.0130137
0.0134354
0.0140239
0.0148279
0.0157941
0.0168175
0.0183633
0.0211227
0.0248053
0.0231689
0.00128955
-0.0010389
0.0134573
0.0316336
0.0348945
0.0335054
0.0320603
0.0325928
-0.605099
-0.029716
0.296645
0.518106
0.688154
0.819347
0.925669
1.0174
1.12808
1.12458
0.216552
0.369441
0.53556
0.67769
0.795216
0.891132
0.970277
1.03041
1.05516
1.0593
0.491132
0.593615
0.704283
0.80097
0.883582
0.952496
1.00739
1.04597
1.07005
1.087
0.684042
0.754497
0.831102
0.899846
0.959341
1.00929
1.04941
1.08014
1.10418
1.12278
0.82812
0.880792
0.93426
0.985104
1.02973
1.06809
1.10023
1.12656
1.14849
1.16678
0.944219
0.982429
1.02461
1.0644
1.10035
1.13208
1.15957
1.18264
1.20191
1.21967
1.04315
1.07392
1.10996
1.14368
1.17508
1.20343
1.22821
1.24897
1.26576
1.28312
1.13356
1.16236
1.19619
1.22815
1.25801
1.28503
1.30845
1.32769
1.3422
1.35933
1.2245
1.25566
1.29101
1.32385
1.35385
1.38046
1.40306
1.42108
1.4337
1.45096
1.32843
1.36428
1.40233
1.43658
1.46665
1.49239
1.51367
1.53031
1.54192
1.55976
1.45776
1.49686
1.53508
1.56821
1.59621
1.61981
1.63944
1.65496
1.6668
1.68506
1.619
1.65506
1.68717
1.71398
1.73682
1.75735
1.77597
1.79202
1.80573
1.82361
1.80375
1.82883
1.84872
1.86725
1.88492
1.90167
1.91755
1.93355
1.95069
1.96983
1.99048
2.00134
2.01406
2.02862
2.04224
2.05433
2.06524
2.0766
2.09201
2.11144
2.17239
2.18584
2.1909
2.19191
2.19388
2.20125
2.21497
2.23258
2.24632
2.25766
2.44127
2.3907
2.34323
2.31165
2.2986
2.30316
2.3264
2.37146
2.43816
2.53228
0.880358
0.877346
0.871283
0.860349
0.847847
0.836521
0.827438
0.820646
0.816131
0.81417
0.815328
0.819251
0.825365
0.833613
0.844088
0.856389
0.86873
0.877432
0.881942
0.884103
0.808674
0.815321
0.820565
0.824172
0.825273
0.823622
0.820144
0.816316
0.813281
0.811901
0.812907
0.815877
0.819914
0.824101
0.827103
0.827614
0.82528
0.82089
0.814593
0.808766
0.798594
0.801553
0.804909
0.807389
0.809136
0.8103
0.810499
0.809712
0.808595
0.808067
0.808846
0.810514
0.812127
0.812872
0.812424
0.811149
0.809233
0.80635
0.803007
0.800718
0.792582
0.794003
0.796209
0.798471
0.800178
0.801352
0.80221
0.80275
0.802959
0.803187
0.803789
0.80447
0.80475
0.804499
0.80384
0.802672
0.800841
0.798601
0.796842
0.795757
0.787266
0.788083
0.78954
0.791303
0.793027
0.794479
0.795582
0.796473
0.797238
0.797911
0.798469
0.798746
0.798672
0.79825
0.797386
0.796072
0.794525
0.792985
0.791956
0.791291
0.782272
0.782825
0.783901
0.785304
0.786799
0.788278
0.789633
0.790786
0.791797
0.792702
0.793332
0.793558
0.793392
0.792812
0.791872
0.790741
0.789541
0.788438
0.787736
0.78727
0.777472
0.777886
0.778746
0.779946
0.781259
0.782642
0.784053
0.785409
0.786645
0.787745
0.78851
0.788782
0.788586
0.788013
0.787214
0.78631
0.785369
0.78453
0.784009
0.783656
0.772801
0.773125
0.773835
0.774887
0.776106
0.777422
0.778821
0.780276
0.781711
0.783035
0.783978
0.784352
0.784247
0.783826
0.783216
0.782498
0.781755
0.781118
0.780725
0.780445
0.76818
0.768442
0.769046
0.770001
0.771161
0.772442
0.773849
0.775374
0.776974
0.778543
0.779717
0.780285
0.780378
0.780156
0.779737
0.779202
0.778633
0.778154
0.777854
0.777625
0.763525
0.763743
0.764274
0.765168
0.766292
0.767572
0.769022
0.770644
0.772412
0.774243
0.775723
0.77658
0.776931
0.776933
0.77671
0.776364
0.775956
0.77561
0.775383
0.775192
0.758756
0.75894
0.759422
0.760289
0.761415
0.762737
0.764273
0.766041
0.768036
0.770185
0.772046
0.773255
0.773902
0.774152
0.774139
0.773966
0.773713
0.773482
0.773315
0.773152
0.753801
0.753959
0.754412
0.755282
0.756453
0.757861
0.75953
0.761506
0.763801
0.766358
0.768685
0.77031
0.771294
0.771822
0.772038
0.772044
0.771942
0.771813
0.771694
0.771552
0.748578
0.748716
0.749158
0.75006
0.751314
0.752851
0.754709
0.756961
0.759644
0.762725
0.765617
0.767731
0.769112
0.769958
0.770431
0.770634
0.770685
0.770652
0.770576
0.77045
0.743002
0.743124
0.743569
0.74453
0.745905
0.747619
0.749725
0.752323
0.755481
0.759199
0.762792
0.765518
0.767388
0.768613
0.769379
0.769801
0.77001
0.77007
0.770035
0.769922
0.736974
0.737082
0.737543
0.738586
0.740126
0.742077
0.744515
0.747562
0.75132
0.755826
0.760277
0.763743
0.766201
0.767865
0.768948
0.769642
0.770039
0.770198
0.7702
0.770096
0.73038
0.730459
0.730945
0.732103
0.733858
0.736112
0.738971
0.7426
0.747142
0.752643
0.758137
0.762476
0.765607
0.767809
0.769287
0.770276
0.770878
0.771142
0.771184
0.771086
0.722984
0.72309
0.723615
0.724905
0.726907
0.729536
0.732924
0.737259
0.742736
0.749448
0.756222
0.761649
0.765636
0.768485
0.770468
0.771834
0.772674
0.773059
0.773141
0.773047
0.714579
0.71467
0.71527
0.716739
0.719073
0.722192
0.726252
0.731501
0.738177
0.746389
0.754729
0.761454
0.766426
0.770043
0.772644
0.774475
0.77561
0.776138
0.77626
0.776166
0.704861
0.704959
0.705654
0.707353
0.710094
0.713832
0.718754
0.725167
0.733356
0.743438
0.753657
0.761925
0.768101
0.772647
0.775973
0.778348
0.779853
0.780548
0.78071
0.780609
0.693307
0.693424
0.694253
0.696255
0.699527
0.704066
0.710099
0.717993
0.728064
0.740426
0.752943
0.76307
0.770674
0.776334
0.780544
0.783597
0.785538
0.786422
0.786619
0.786503
0.679195
0.679354
0.6804
0.68284
0.686864
0.692528
0.70008
0.709948
0.722457
0.737651
0.752871
0.765123
0.774354
0.781288
0.786513
0.790317
0.792739
0.79382
0.794045
0.793907
0.661523
0.661763
0.663158
0.666261
0.671376
0.678617
0.688238
0.700699
0.716277
0.734909
0.753331
0.76807
0.779164
0.787544
0.793908
0.79857
0.801511
0.802786
0.803029
0.802863
0.638824
0.639219
0.641177
0.645338
0.65214
0.661706
0.674271
0.690233
0.70973
0.732507
0.754614
0.772116
0.785269
0.795239
0.802833
0.808423
0.81188
0.81333
0.813583
0.813386
0.608771
0.609478
0.612429
0.61844
0.628017
0.641151
0.657928
0.678544
0.702918
0.730577
0.756835
0.777371
0.792757
0.804448
0.813366
0.819937
0.823884
0.825476
0.82572
0.825492
0.567297
0.568748
0.573847
0.583467
0.597873
0.616575
0.639298
0.665952
0.696219
0.72944
0.760219
0.783973
0.801698
0.815198
0.825593
0.83312
0.837483
0.839135
0.839343
0.839087
0.506862
0.511399
0.522137
0.538842
0.561423
0.588404
0.619052
0.653106
0.690144
0.72944
0.764958
0.791998
0.812107
0.82743
0.839209
0.847717
0.852393
0.853967
0.854084
0.85382
0.434537
0.442698
0.462328
0.489664
0.522667
0.558948
0.598147
0.640156
0.684635
0.730942
0.772331
0.803768
0.827234
0.8452
0.858961
0.86872
0.873885
0.875608
0.875839
0.875741
0.361819
0.37546
0.404154
0.441842
0.484684
0.53019
0.577955
0.627996
0.680044
0.733551
0.781069
0.817117
0.844114
0.86501
0.88115
0.892262
0.897682
0.89898
0.899278
0.899304
0.30168
0.319116
0.353504
0.398858
0.449678
0.503231
0.558852
0.616466
0.675755
0.736136
0.789423
0.829758
0.859972
0.883274
0.900985
0.913005
0.918609
0.920832
0.92133
0.921423
0.252251
0.271693
0.31042
0.361523
0.418655
0.478818
0.541205
0.605599
0.67153
0.738326
0.796975
0.841197
0.87418
0.899444
0.918565
0.931478
0.938095
0.940759
0.941357
0.941469
0.210635
0.231219
0.273229
0.328824
0.39118
0.456892
0.525094
0.59547
0.667415
0.740092
0.803667
0.851369
0.886725
0.913563
0.933708
0.947459
0.954817
0.957803
0.958508
0.958635
0.174552
0.195867
0.240469
0.299724
0.366419
0.43692
0.510232
0.585948
0.663348
0.741443
0.809542
0.860364
0.89774
0.925811
0.946748
0.961132
0.969124
0.972367
0.973149
0.973267
0.142455
0.164273
0.210933
0.273255
0.343644
0.418316
0.496175
0.576732
0.659162
0.7423
0.814612
0.868254
0.907354
0.936438
0.957988
0.972822
0.981255
0.984708
0.985532
0.98562
0.113203
0.135386
0.183743
0.248667
0.322271
0.400604
0.482543
0.56753
0.654639
0.742545
0.818851
0.875137
0.915799
0.945762
0.967762
0.982895
0.991593
0.995155
0.996053
0.996099
0.0858914
0.108473
0.158355
0.225442
0.301842
0.383422
0.469046
0.5581
0.649594
0.742057
0.822244
0.881108
0.923294
0.954106
0.976574
0.991933
1.00072
1.00438
1.00522
1.00524
0.0600113
0.0830495
0.134176
0.203199
0.282048
0.366509
0.455468
0.548272
0.643888
0.740735
0.824768
0.886247
0.930016
0.961713
0.98465
1.00025
1.00909
1.01275
1.01351
1.01344
0.03515
0.058709
0.110832
0.181653
0.262652
0.349691
0.441676
0.537929
0.637411
0.738507
0.826403
0.890622
0.936105
0.968793
0.992245
1.00805
1.01693
1.02051
1.02127
1.02116
0.0110362
0.0350696
0.088238
0.160632
0.243512
0.332863
0.427578
0.526998
0.6301
0.735302
0.827127
0.894274
0.941663
0.975487
0.999539
1.01559
1.02448
1.02796
1.02863
1.02849
-0.0125007
0.0120785
0.0662647
0.140018
0.224568
0.315968
0.413141
0.515452
0.621925
0.731078
0.82689
0.897198
0.94675
0.981894
1.00663
1.02292
1.03174
1.03506
1.03561
1.03544
-0.0355189
-0.0103884
0.0447682
0.11976
0.205796
0.299012
0.398381
0.503296
0.61287
0.725792
0.825624
0.899345
0.951382
0.988085
1.0136
1.03008
1.03876
1.04183
1.04223
1.04202
-0.0580134
-0.0323832
0.0237204
0.0998443
0.187201
0.282018
0.383331
0.490572
0.602958
0.719423
0.823246
0.900629
0.955538
0.994124
1.02054
1.03712
1.04547
1.04818
1.04845
1.0482
-0.0800479
-0.0538616
0.00315997
0.0803014
0.168823
0.265038
0.368057
0.477344
0.592249
0.711968
0.819697
0.900942
0.959131
1.00006
1.02761
1.04415
1.0519
1.0541
1.0542
1.05394
-0.101503
-0.074778
-0.0168917
0.0611647
0.150712
0.248149
0.352639
0.463697
0.58081
0.703456
0.814912
0.900143
0.962015
1.00588
1.03504
1.0515
1.05818
1.05955
1.05942
1.05917
-0.122392
-0.0950871
-0.036414
0.0424877
0.132936
0.231421
0.337171
0.449738
0.56873
0.693954
0.808849
0.898077
0.963969
1.01144
1.04305
1.05979
1.06488
1.06467
1.06407
1.06387
-0.142619
-0.114785
-0.0553516
0.0243177
0.115552
0.214935
0.321735
0.435552
0.556128
0.683551
0.801495
0.894596
0.96471
1.01638
1.0516
1.06989
1.07355
1.07057
1.0683
1.06782
-0.16224
-0.133834
-0.0736551
0.00671212
0.0986342
0.198777
0.306452
0.421277
0.543136
0.672352
0.792881
0.889568
0.963924
1.02007
1.06
1.08206
1.08661
1.08139
1.07321
1.05581
-0.181193
-0.152227
-0.0914595
-0.0105297
0.0818857
0.182608
0.290901
0.406445
0.529225
0.659811
0.782428
0.882343
0.961113
1.02173
1.06688
1.09511
1.10433
1.09978
1.08374
1.09661
-0.199594
-0.169939
-0.108705
-0.0273582
0.0653666
0.16649
0.275089
0.391085
0.514395
0.645838
0.76996
0.872334
0.955623
1.02008
1.06829
1.10072
1.1148
1.10793
1.04644
1.02867
-0.218048
-0.187526
-0.12514
-0.0433873
0.0495787
0.150873
0.259223
0.37546
0.498938
0.630647
0.755526
0.859195
0.946709
1.01445
1.05888
1.08994
1.0956
1.06126
0.992099
0.950138
-0.237241
-0.205918
-0.140373
-0.0582204
0.0349015
0.135905
0.243678
0.359744
0.482941
0.61427
0.739019
0.842838
0.932401
1.00471
1.05472
1.0487
1.02803
0.96771
0.895564
0.851432
0.173169
0.285767
0.404888
0.531272
0.659983
0.774612
0.867007
0.721971
-0.257857
-0.239147
-0.201213
-0.13219
-0.0454794
0.0507004
0.154933
0.266406
0.384625
0.509657
0.636971
0.750354
0.841138
0.915845
0.967862
0.933298
0.793343
0.706725
0.638544
-0.275418
-0.262377
-0.218325
-0.14761
-0.0606271
0.0355939
0.139254
0.250174
0.367425
0.490907
0.615722
0.725362
0.810388
0.871388
0.870362
0.770292
0.627592
0.52236
0.433632
-0.298567
-0.285836
-0.238782
-0.16697
-0.0797999
0.0165213
0.120196
0.230695
0.346901
0.468616
0.590138
0.69461
0.771436
0.814187
0.775746
0.618018
0.452667
0.318641
0.201097
-0.321926
-0.309012
-0.260305
-0.18728
-0.0996625
-0.0033847
0.0999873
0.20969
0.32458
0.444111
0.561921
0.66066
0.72965
0.747528
0.664073
0.47115
0.273029
0.0921992
-0.0795963
-0.344487
-0.332034
-0.282489
-0.208402
-0.12032
-0.0240578
0.0788781
0.187653
0.301054
0.418077
0.531758
0.624091
0.683001
0.665676
0.536839
0.335552
0.11548
-0.0951593
-0.286867
-0.367584
-0.355403
-0.305549
-0.230751
-0.142296
-0.0459908
0.0565832
0.164493
0.276356
0.390738
0.50011
0.585562
0.631855
0.590316
0.420725
0.22273
0.00998866
-0.190621
-0.314153
-0.351527
-0.391987
-0.379949
-0.32983
-0.254632
-0.165996
-0.069745
0.0323969
0.139324
0.249421
0.360777
0.465317
0.543173
0.575138
0.513289
0.316676
0.128194
-0.0529383
-0.189178
-0.234878
-0.259515
-0.417781
-0.405898
-0.35559
-0.280159
-0.191496
-0.0954841
0.00604629
0.111723
0.219702
0.327526
0.426541
0.496496
0.510287
0.410744
0.224303
0.0504367
-0.101978
-0.187085
-0.206275
-0.212247
-0.445303
-0.433471
-0.382936
-0.307334
-0.218765
-0.123148
-0.0224668
0.0816793
0.187168
0.290977
0.383732
0.445621
0.431186
0.309953
0.137984
-0.0253498
-0.146058
-0.190007
-0.191061
-0.192458
-0.474472
-0.462759
-0.41189
-0.336144
-0.247773
-0.15271
-0.0531111
0.0492216
0.151833
0.251158
0.337047
0.389278
0.356201
0.214928
0.0574102
-0.0941081
-0.164027
-0.18143
-0.181905
-0.1817
-0.505096
-0.493348
-0.442324
-0.36648
-0.278405
-0.184086
-0.0857941
0.0144128
0.113755
0.20812
0.286803
0.327379
0.289852
0.130467
-0.0151468
-0.131461
-0.176994
-0.17402
-0.175066
-0.175099
-0.536685
-0.524826
-0.474013
-0.398073
-0.310441
-0.217056
-0.120329
-0.0225639
0.0731269
0.162138
0.233208
0.263253
0.213215
0.0569268
-0.0753196
-0.157814
-0.173908
-0.171613
-0.170818
-0.170383
-0.568669
-0.556804
-0.506217
-0.430501
-0.343469
-0.251241
-0.156362
-0.0613572
0.0302845
0.113624
0.176877
0.1956
0.123297
-0.00897089
-0.123538
-0.150725
-0.167807
-0.171664
-0.170132
-0.169247
-0.599995
-0.588363
-0.538112
-0.463023
-0.376874
-0.286089
-0.193357
-0.101421
-0.0141763
0.0631105
0.119138
0.120891
0.03578
-0.0719603
-0.143137
-0.183913
-0.177614
-0.17743
-0.176783
-0.176164
-0.629185
-0.618188
-0.568882
-0.494621
-0.409796
-0.3208
-0.230552
-0.141978
-0.0593697
0.0114419
0.0610857
0.0475841
-0.0556777
-0.137962
-0.168788
-0.206133
-0.195619
-0.189646
-0.188133
-0.189045
-0.655224
-0.644559
-0.597122
-0.524116
-0.441118
-0.354315
-0.266929
-0.182013
-0.104099
-0.039962
0.00279799
-0.0213058
-0.159231
-0.243657
-0.204722
-0.207655
-0.235877
-0.243056
-0.242571
-0.242436
-0.675635
-0.665673
-0.620535
-0.550058
-0.469451
-0.385366
-0.301212
-0.220229
-0.146932
-0.0891805
-0.0549216
-0.0878481
-0.268426
-0.460532
-0.468682
-0.419438
-0.402297
-0.400681
-0.387329
-0.372729
-0.688571
-0.679633
-0.637542
-0.570407
-0.493108
-0.41244
-0.331962
-0.255033
-0.186248
-0.133892
-0.108886
-0.144442
-0.344343
-0.714258
-1.09514
-0.814015
-0.594642
-0.514161
-0.483775
-0.466479
-0.69154
-0.684212
-0.646231
-0.583485
-0.510336
-0.433902
-0.357575
-0.284682
-0.220116
-0.171556
-0.153109
-0.16895
-0.288886
-0.491109
-0.819023
-0.638183
-0.402231
-0.333375
-0.338195
-0.347181
-0.683334
-0.677359
-0.644612
-0.58756
-0.519662
-0.448228
-0.37646
-0.307491
-0.246348
-0.199736
-0.179397
-0.142619
-0.0344019
0.272327
0.46422
0.110376
-0.209548
-0.29111
-0.291391
-0.291662
-0.660469
-0.656103
-0.630178
-0.581348
-0.520204
-0.454413
-0.387394
-0.321949
-0.262883
-0.217455
-0.19352
-0.15031
0.0150516
0.43174
0.764412
0.330449
-0.107193
-0.244766
-0.250922
-0.280955
-0.625638
-0.622918
-0.60448
-0.565113
-0.512132
-0.452371
-0.389872
-0.327265
-0.268618
-0.222129
-0.197571
-0.221477
-0.433558
-0.990972
-1.55577
-2.08759
-2.0855
-1.75734
-1.29506
-1.03979
-0.584129
-0.582484
-0.57206
-0.542031
-0.497419
-0.443278
-0.384401
-0.323109
-0.262775
-0.209308
-0.185628
-0.250581
-0.822827
-1.83521
-2.76645
-3.23487
-3.17734
-2.82331
-2.41165
-2.11365
-0.544211
-0.543161
-0.538127
-0.517988
-0.479949
-0.429754
-0.372836
-0.310296
-0.244848
-0.179861
-0.126736
-0.099821
-0.38677
-0.692451
-0.8753
-0.784747
-0.494365
-0.173163
0.0915287
0.246201
-0.512559
-0.511921
-0.509321
-0.497266
-0.464832
-0.416654
-0.358591
-0.291897
-0.216974
-0.133998
-0.0333561
0.0789655
0.26335
0.608736
1.1529
1.743
2.24376
2.57861
2.74727
2.80566
-0.487215
-0.48649
-0.485591
-0.480638
-0.455055
-0.407452
-0.345381
-0.273393
-0.189289
-0.0918108
0.0263804
0.166844
0.353085
0.770315
1.37641
1.98165
2.46452
2.77237
2.93353
2.99365
-0.469319
-0.468942
-0.468751
-0.467189
-0.448601
-0.401425
-0.33513
-0.257523
-0.168508
-0.0646464
0.0494318
0.175975
0.299999
0.637769
1.17743
1.68431
2.09773
2.35938
2.48969
2.53564
-0.454469
-0.454036
-0.453521
-0.453631
-0.442208
-0.396886
-0.327213
-0.245036
-0.154113
-0.0533926
0.0540142
0.162763
0.266444
0.488613
0.907095
1.28975
1.59063
1.78362
1.87916
1.91364
-0.446465
-0.445147
-0.443807
-0.444771
-0.437039
-0.392248
-0.318077
-0.232532
-0.141703
-0.0456939
0.0539057
0.144082
0.230556
0.368598
0.655322
0.927041
1.13362
1.2656
1.33178
1.35535
-0.447634
-0.446522
-0.448888
-0.451686
-0.440623
-0.38558
-0.302824
-0.214482
-0.126157
-0.0366635
0.0504087
0.120268
0.180528
0.27108
0.468818
0.649071
0.786813
0.876225
0.919265
0.934868
-0.429547
-0.431727
-0.439804
-0.443214
-0.422717
-0.358175
-0.271845
-0.186235
-0.105668
-0.0279656
0.0448215
0.0998672
0.147281
0.205631
0.340805
0.460713
0.547979
0.604284
0.63123
0.639818
-0.338199
-0.341723
-0.350739
-0.353338
-0.333196
-0.279192
-0.211135
-0.142448
-0.077082
-0.0138104
0.0454979
0.0911916
0.125813
0.163705
0.255238
0.335915
0.391939
0.427094
0.442998
0.44858
-0.179228
-0.182577
-0.188215
-0.191747
-0.183459
-0.157535
-0.122638
-0.0825721
-0.0398718
0.00556953
0.0505049
0.087044
0.112089
0.138881
0.198968
0.251564
0.288039
0.311533
0.322518
0.325506
-0.0220363
-0.0239577
-0.0272478
-0.0330218
-0.0381461
-0.0396459
-0.0342289
-0.0210118
-0.000271952
0.0272263
0.0591208
0.0877824
0.110556
0.133741
0.169229
0.202082
0.225701
0.240626
0.247535
0.248894
0.0829935
0.0818181
0.0794714
0.0720332
0.0581522
0.0428351
0.0322895
0.0290898
0.0344786
0.0483503
0.0694562
0.0919029
0.113095
0.132883
0.153955
0.172662
0.187098
0.196767
0.201401
0.20205
0.132818
0.132151
0.130309
0.123262
0.108969
0.0910182
0.0749187
0.064147
0.0606971
0.0652071
0.0777264
0.0945864
0.112464
0.126516
0.13817
0.149685
0.159939
0.167059
0.170192
0.170037
0.147485
0.147059
0.14562
0.140143
0.128663
0.113318
0.0980541
0.0857266
0.0784143
0.077271
0.083082
0.0935945
0.106413
0.115633
0.120183
0.127942
0.136219
0.142355
0.145197
0.144906
0.144971
0.144697
0.143643
0.139868
0.131838
0.120526
0.108264
0.0971578
0.0888962
0.0844475
0.0846912
0.0882671
0.0930036
0.0959914
0.0976973
0.105041
0.113437
0.11959
0.122316
0.122012
0.135993
0.135807
0.135073
0.132669
0.127507
0.119831
0.110878
0.102007
0.094294
0.0882603
0.0839094
0.0795094
0.0739671
0.068467
0.0722487
0.0827053
0.0921816
0.0980077
0.10043
0.100159
0.125764
0.125617
0.125108
0.123648
0.120553
0.115722
0.109686
0.10318
0.0967556
0.0902885
0.0827806
0.0715716
0.0571016
0.0469352
0.0538009
0.0661193
0.0756705
0.0807434
0.082404
0.0822453
0.116489
0.116357
0.116002
0.115141
0.113412
0.110621
0.106892
0.102613
0.0980272
0.0927052
0.0842189
0.0687886
0.0474094
0.0362118
0.0475849
0.0614056
0.0697686
0.0729897
0.0735283
0.073606
0.108706
0.108597
0.108376
0.107894
0.107024
0.105586
0.103604
0.101345
0.0988987
0.0961858
0.0908175
0.0772185
0.0576512
0.0508704
0.0643718
0.0757887
0.0805826
0.0815573
0.0812982
0.0812805
0.101874
0.101791
0.101684
0.101446
0.101097
0.100679
0.100073
0.0996969
0.0998624
0.100731
0.101525
0.098132
0.0898665
0.0912612
0.101029
0.107107
0.108126
0.107527
0.106964
0.106764
0.0951638
0.0951106
0.0951132
0.0950643
0.0950673
0.0951286
0.0957709
0.097091
0.0998747
0.105298
0.114543
0.125219
0.132822
0.141494
0.147313
0.14705
0.144738
0.143977
0.143878
0.143389
0.0876686
0.0876374
0.0877371
0.0878854
0.0881063
0.088724
0.0900562
0.0927976
0.0979435
0.107611
0.125402
0.15121
0.176772
0.195007
0.192482
0.186303
0.182114
0.181409
0.181124
0.180126
0.0787713
0.078762
0.0789475
0.0792991
0.0798407
0.0806986
0.0824414
0.0861244
0.0926363
0.105338
0.129344
0.167759
0.213158
0.234924
0.225703
0.213762
0.208585
0.209273
0.209232
0.207788
0.067747
0.0677496
0.06797
0.0684254
0.068989
0.0703327
0.0723737
0.0762285
0.0838277
0.0969844
0.122797
0.164121
0.221084
0.243392
0.231048
0.220249
0.219195
0.219109
0.218527
0.216774
0.0541777
0.0541457
0.0543703
0.0549669
0.0560708
0.0573493
0.0593463
0.0627413
0.0692766
0.08199
0.103772
0.14022
0.185141
0.206466
0.196845
0.193201
0.196719
0.203113
0.202275
0.200248
0.0386634
0.0385868
0.0387474
0.039375
0.040415
0.0419058
0.0441675
0.047112
0.0514407
0.0597521
0.0747654
0.0956132
0.115906
0.125815
0.128677
0.138089
0.147686
0.153049
0.153261
0.151519
0.0218933
0.0217833
0.0218667
0.0222404
0.0231977
0.0241894
0.0253205
0.0272213
0.0302588
0.0347799
0.0409955
0.044896
0.0323339
0.0263033
0.0452373
0.0643234
0.0731673
0.0739977
0.0746664
0.0744249
0.0130251
0.0129568
0.0131786
0.013714
0.0143964
0.0153056
0.0163219
0.017563
0.0197006
0.0220989
0.0263075
0.0130798
-0.000916744
0.00527064
0.0256235
0.0344419
0.0346016
0.0320266
0.0324055
0.0032817
-0.252865
0.0977757
0.325205
0.519834
0.677403
0.803622
0.905127
0.991499
1.05373
1.04974
0.260327
0.417425
0.56243
0.687483
0.794576
0.88417
0.95803
1.01532
1.05016
1.06307
0.531851
0.630879
0.727067
0.813712
0.889157
0.953278
1.00581
1.04587
1.07426
1.0935
0.716324
0.78269
0.8516
0.915329
0.970247
1.01753
1.057
1.08882
1.11428
1.13243
0.856154
0.903404
0.956418
1.00341
1.04564
1.08272
1.11477
1.14178
1.16421
1.17984
0.969332
1.00718
1.04855
1.08601
1.12083
1.15233
1.18022
1.2041
1.22398
1.23691
1.06767
1.10027
1.13542
1.16897
1.20045
1.22944
1.25526
1.27726
1.29515
1.30567
1.15918
1.19058
1.22495
1.25839
1.2895
1.3179
1.34289
1.36378
1.38005
1.38868
1.25423
1.28907
1.32595
1.36145
1.39342
1.42172
1.44594
1.46573
1.48056
1.48855
1.3672
1.40757
1.44685
1.4837
1.51553
1.54264
1.56523
1.5835
1.5972
1.60629
1.51114
1.55384
1.59153
1.62523
1.65326
1.67706
1.69769
1.71511
1.72897
1.74011
1.68905
1.72665
1.75468
1.77904
1.80007
1.81937
1.83762
1.85478
1.87069
1.88521
1.88677
1.9078
1.92271
1.93852
1.9548
1.97011
1.98383
1.9971
2.0126
2.03096
2.07742
2.08458
2.09513
2.10667
2.11659
2.12579
2.13605
2.14715
2.15877
2.16763
2.29045
2.29222
2.28429
2.26778
2.25663
2.25607
2.26823
2.29284
2.32696
2.35149
2.71008
2.5162
2.41514
2.35729
2.32817
2.32154
2.33674
2.37756
2.45341
2.59636
-0.221559
-0.226098
-0.187003
-0.115814
-0.0289808
0.0679059
0.95399
1.02285
1.02257
0.944606
0.874851
0.803216
0.569281
0.340963
0.0649905
-0.300107
-0.666712
)
;

boundaryField
{
    wall-4
    {
        type            zeroGradient;
    }
    pressure-outlet-7
    {
        type            fixedValue;
        value           uniform 0;
    }
    velocity-inlet-6
    {
        type            zeroGradient;
    }
    velocity-inlet-5
    {
        type            zeroGradient;
    }
    frontAndBackPlanes
    {
        type            empty;
    }
}


// ************************************************************************* //
