/*--------------------------------*- C++ -*----------------------------------*\
  =========                 |
  \\      /  F ield         | OpenFOAM: The Open Source CFD Toolbox
   \\    /   O peration     | Website:  https://openfoam.org
    \\  /    A nd           | Version:  9
     \\/     M anipulation  |
\*---------------------------------------------------------------------------*/
FoamFile
{
    format      ascii;
    class       volScalarField;
    location    "74";
    object      p;
}
// * * * * * * * * * * * * * * * * * * * * * * * * * * * * * * * * * * * * * //

dimensions      [0 2 -2 0 0 0 0];

internalField   nonuniform List<scalar> 
8800
(
0.834373
0.786588
0.747903
0.718913
0.698057
0.683239
0.672661
0.665208
0.660425
0.65842
0.659743
0.66398
0.670659
0.680001
0.692799
0.710545
0.735331
0.769277
0.811831
0.870534
0.665614
0.673293
0.680775
0.684087
0.68259
0.677523
0.671052
0.664998
0.660308
0.65751
0.657288
0.659848
0.664379
0.670355
0.677146
0.683441
0.687092
0.686361
0.680949
0.672265
0.644004
0.650165
0.654296
0.657248
0.659307
0.659925
0.658839
0.656764
0.65479
0.653939
0.654963
0.657397
0.660235
0.662444
0.663072
0.661887
0.659557
0.656172
0.651616
0.647856
0.638172
0.640824
0.643581
0.645992
0.647637
0.648815
0.649579
0.649729
0.64948
0.649493
0.650315
0.651542
0.652426
0.652523
0.651937
0.650863
0.64906
0.646499
0.644101
0.642598
0.632761
0.634187
0.635972
0.638013
0.639809
0.641169
0.642184
0.643019
0.643687
0.644323
0.645053
0.645614
0.645764
0.645515
0.644845
0.643617
0.641938
0.640101
0.6388
0.637968
0.627646
0.628567
0.629815
0.631391
0.633039
0.634584
0.635899
0.63701
0.638036
0.639012
0.639793
0.640199
0.640216
0.639822
0.638975
0.6378
0.636493
0.635247
0.63443
0.633879
0.622691
0.623361
0.62433
0.625644
0.62707
0.628552
0.630026
0.631398
0.632668
0.633873
0.634802
0.635262
0.635249
0.634795
0.63403
0.633114
0.632126
0.631219
0.630641
0.630235
0.617847
0.618364
0.619155
0.620299
0.621596
0.622997
0.624483
0.626013
0.627523
0.628973
0.630107
0.630687
0.630748
0.63043
0.629878
0.629192
0.628449
0.627786
0.627359
0.627041
0.613042
0.613453
0.614117
0.615139
0.616367
0.617726
0.619217
0.620839
0.622556
0.624286
0.625683
0.626472
0.62674
0.626652
0.626332
0.625864
0.625332
0.624864
0.62455
0.62429
0.608188
0.608522
0.609098
0.610042
0.611225
0.612575
0.614108
0.615837
0.617755
0.619792
0.621527
0.622631
0.623193
0.623372
0.623292
0.623057
0.622727
0.622423
0.622193
0.621975
0.603193
0.60347
0.603985
0.604886
0.606055
0.607434
0.609048
0.610929
0.61309
0.615483
0.617645
0.619152
0.620066
0.620551
0.620738
0.620741
0.620612
0.620452
0.620291
0.620101
0.597967
0.598199
0.598675
0.599563
0.600758
0.602211
0.603949
0.606036
0.608508
0.611343
0.614027
0.616017
0.617344
0.618182
0.618668
0.618913
0.618994
0.618971
0.618866
0.618696
0.592413
0.59261
0.593068
0.593971
0.595234
0.596805
0.598724
0.601086
0.603952
0.607338
0.610653
0.613221
0.615032
0.616274
0.617098
0.617613
0.617916
0.61802
0.617963
0.617806
0.586427
0.586596
0.587052
0.588001
0.589372
0.591113
0.593281
0.595996
0.599361
0.603427
0.607506
0.610763
0.613147
0.614857
0.616068
0.616906
0.617432
0.617661
0.617644
0.617495
0.579886
0.58003
0.5805
0.581524
0.583051
0.585022
0.587514
0.590682
0.59467
0.599567
0.604571
0.608651
0.611715
0.613977
0.615631
0.616822
0.617608
0.617966
0.617988
0.617841
0.572646
0.572767
0.573264
0.574393
0.576127
0.578397
0.581304
0.585044
0.589805
0.595718
0.601836
0.606898
0.610765
0.61368
0.615858
0.617458
0.618533
0.619026
0.619082
0.618934
0.564516
0.564626
0.565161
0.566428
0.568425
0.571075
0.574511
0.578968
0.584684
0.591835
0.59929
0.605521
0.610335
0.614016
0.616825
0.618905
0.620305
0.620939
0.621026
0.620873
0.555263
0.55536
0.555958
0.557389
0.559722
0.562863
0.566968
0.572319
0.579215
0.587871
0.596931
0.604544
0.610477
0.615059
0.618614
0.621255
0.623022
0.623805
0.623919
0.623757
0.544563
0.544642
0.545327
0.546986
0.549759
0.553527
0.558472
0.564944
0.573298
0.583784
0.594758
0.603999
0.611246
0.616891
0.621293
0.624604
0.62678
0.627716
0.627852
0.627677
0.532031
0.532096
0.532882
0.534853
0.538185
0.542756
0.548776
0.556666
0.566831
0.579538
0.592784
0.603927
0.612692
0.619572
0.624968
0.629042
0.631661
0.632745
0.632896
0.632705
0.517095
0.517149
0.518079
0.520467
0.52454
0.530166
0.537582
0.547286
0.559714
0.575112
0.591031
0.604374
0.614869
0.623159
0.629702
0.634627
0.637708
0.638926
0.63908
0.638869
0.498963
0.499005
0.500151
0.503128
0.508216
0.51527
0.524545
0.536605
0.551871
0.570519
0.589547
0.605388
0.617838
0.627712
0.635508
0.64138
0.644912
0.64623
0.646369
0.646138
0.476445
0.476485
0.477984
0.48185
0.488402
0.497463
0.509288
0.524454
0.543291
0.565826
0.588419
0.607037
0.621636
0.633256
0.642409
0.649255
0.65318
0.654539
0.654643
0.654393
0.44775
0.447812
0.449908
0.455211
0.46405
0.47606
0.491482
0.510775
0.534067
0.561183
0.587779
0.609407
0.626296
0.639756
0.650364
0.658123
0.662313
0.663627
0.663674
0.663408
0.409766
0.409934
0.413266
0.421222
0.433918
0.450457
0.471009
0.495721
0.524461
0.556844
0.587802
0.612593
0.631852
0.647181
0.65925
0.66775
0.671997
0.673155
0.673128
0.672853
0.356538
0.357556
0.364195
0.377626
0.397038
0.420588
0.448223
0.479785
0.514939
0.553154
0.588685
0.61668
0.6383
0.655467
0.668839
0.677779
0.681806
0.68271
0.682605
0.682334
0.278939
0.286443
0.301825
0.325528
0.354943
0.387884
0.424173
0.463609
0.505851
0.550348
0.59073
0.622107
0.646249
0.665357
0.679903
0.689015
0.692642
0.693282
0.693129
0.692897
0.195573
0.213301
0.238221
0.27281
0.312634
0.355083
0.400051
0.447497
0.497147
0.548496
0.594485
0.629871
0.656931
0.678258
0.693993
0.702732
0.705542
0.705886
0.705756
0.705596
0.126029
0.146929
0.179711
0.223537
0.272524
0.323923
0.377301
0.43259
0.489475
0.547428
0.598682
0.637713
0.667285
0.690241
0.706308
0.714282
0.716547
0.716829
0.716751
0.716624
0.0690612
0.0916423
0.130033
0.180388
0.236607
0.295528
0.356339
0.418814
0.482483
0.546689
0.602877
0.64525
0.677004
0.701161
0.717375
0.724904
0.726908
0.727183
0.727145
0.727046
0.0216679
0.0454432
0.087677
0.143204
0.205231
0.270361
0.337546
0.406405
0.476281
0.546342
0.607205
0.652728
0.686522
0.71186
0.728334
0.735573
0.737428
0.737733
0.737739
0.73766
-0.0184218
0.00600175
0.0511406
0.110755
0.177668
0.248083
0.320813
0.395358
0.470913
0.546457
0.611791
0.660362
0.696188
0.722704
0.739521
0.746743
0.748638
0.748901
0.748927
0.748868
-0.053267
-0.0284368
0.0189792
0.081971
0.153019
0.22804
0.305698
0.385394
0.4662
0.546927
0.61658
0.668171
0.706032
0.733768
0.751151
0.75865
0.760524
0.760795
0.760827
0.760785
-0.0843924
-0.0592198
-0.00995268
0.0559207
0.130546
0.209615
0.291709
0.376125
0.461842
0.547529
0.621395
0.675982
0.715908
0.744985
0.763096
0.770875
0.772858
0.77311
0.773134
0.77311
-0.1128
-0.0873305
-0.0364876
0.0318813
0.109653
0.192325
0.278424
0.367195
0.457547
0.548011
0.626023
0.6836
0.725623
0.756038
0.7749
0.783031
0.785134
0.78539
0.785407
0.785389
-0.139321
-0.113516
-0.0612847
0.00929166
0.0898793
0.17578
0.265521
0.358321
0.453052
0.548148
0.630276
0.690849
0.73493
0.766696
0.78626
0.794737
0.796981
0.79724
0.79722
0.797203
-0.164356
-0.13822
-0.0846614
-0.012234
0.070888
0.159696
0.252749
0.349282
0.448162
0.547776
0.634007
0.69758
0.743704
0.776743
0.796941
0.805714
0.808045
0.808281
0.808228
0.808202
-0.188386
-0.161832
-0.107231
-0.0329384
0.0524332
0.143859
0.239934
0.339923
0.442728
0.546741
0.6371
0.703729
0.751877
0.786092
0.806793
0.815733
0.818102
0.818314
0.818225
0.818186
-0.211551
-0.184542
-0.129007
-0.0530236
0.0343554
0.128136
0.226958
0.330135
0.436636
0.544932
0.639475
0.709263
0.759464
0.794745
0.815762
0.824764
0.82709
0.827261
0.82714
0.827087
-0.234012
-0.206621
-0.150062
-0.0726149
0.0165676
0.112459
0.213754
0.319847
0.42981
0.542264
0.641051
0.714173
0.766524
0.802793
0.823955
0.832807
0.83505
0.835165
0.835013
0.834947
-0.255909
-0.228049
-0.170528
-0.0917703
-0.000984736
0.0967897
0.200302
0.309041
0.422215
0.538659
0.641752
0.718447
0.773174
0.810434
0.83152
0.840008
0.842035
0.842087
0.84192
0.841843
-0.277323
-0.248887
-0.190493
-0.110513
-0.0182971
0.0811295
0.186617
0.297728
0.413836
0.534058
0.6415
0.722073
0.779518
0.817877
0.838693
0.846523
0.848182
0.848137
0.847955
0.847873
-0.298122
-0.269139
-0.209902
-0.128839
-0.0353624
0.0655198
0.172731
0.285949
0.4047
0.52845
0.640204
0.72499
0.785618
0.825397
0.845842
0.852624
0.853612
0.853394
0.853218
0.853145
-0.31829
-0.288785
-0.228757
-0.146717
-0.0521437
0.0499995
0.158715
0.273759
0.394859
0.521831
0.637789
0.727079
0.79147
0.833236
0.853482
0.858861
0.858626
0.857982
0.857846
0.857842
-0.337906
-0.307803
-0.247054
-0.164131
-0.0685925
0.0346362
0.144639
0.261245
0.384381
0.514235
0.634175
0.728179
0.796945
0.841484
0.862201
0.866256
0.864084
0.862302
0.862174
0.862526
-0.356821
-0.326186
-0.264748
-0.181038
-0.0846621
0.0195018
0.130584
0.248502
0.373364
0.505732
0.629314
0.728076
0.801785
0.849935
0.872302
0.8761
0.872114
0.868037
0.866629
0.866885
-0.375126
-0.343933
-0.281862
-0.197475
-0.100389
0.00455178
0.116497
0.235476
0.361746
0.496253
0.623069
0.726494
0.805717
0.858202
0.883486
0.889099
0.885135
0.877677
0.870422
0.857386
-0.392761
-0.361034
-0.298514
-0.213642
-0.11605
-0.0105309
0.101981
0.221713
0.349028
0.485213
0.614859
0.722746
0.808328
0.865829
0.894508
0.903824
0.900217
0.885983
0.864507
0.855037
-0.409562
-0.377657
-0.314522
-0.22935
-0.13129
-0.025411
0.0872488
0.20752
0.335487
0.472825
0.604661
0.716231
0.808578
0.871523
0.901354
0.910914
0.908315
0.881944
0.815077
0.785423
-0.42488
-0.395089
-0.329591
-0.244126
-0.145303
-0.039585
0.0726218
0.193123
0.321337
0.459194
0.592355
0.706519
0.804762
0.874364
0.898386
0.9029
0.885722
0.828089
0.758537
0.716099
-0.479182
-0.410426
-0.343179
-0.25911
-0.159785
-0.0545683
0.0580225
0.178226
0.30618
0.443818
0.577254
0.692771
0.792687
0.869554
0.868381
0.864956
0.807527
0.732851
0.654703
0.611232
-0.440732
-0.4248
-0.363423
-0.278245
-0.181208
-0.0760089
0.0355618
0.155186
0.282287
0.418787
0.550775
0.665411
0.758978
0.842038
0.821521
0.699388
0.588933
0.512139
0.436799
0.464748
-0.470653
-0.441694
-0.379472
-0.295145
-0.198163
-0.093079
0.0187935
0.137813
0.263904
0.398717
0.528097
0.638591
0.722215
0.765989
0.711803
0.554763
0.421916
0.327162
0.226764
0.274337
-0.493648
-0.461779
-0.39849
-0.314048
-0.216951
-0.11198
-0.00017973
0.118019
0.242736
0.375195
0.500908
0.605066
0.679412
0.688032
0.574732
0.396348
0.239477
0.117531
-0.0153458
0.0161423
-0.516056
-0.482739
-0.418359
-0.333033
-0.235875
-0.13107
-0.0198078
0.0974234
0.220549
0.350224
0.471215
0.567083
0.625429
0.602209
0.436993
0.236128
0.0427236
-0.127378
-0.316948
-0.337314
-0.537847
-0.504138
-0.438935
-0.352878
-0.255614
-0.151059
-0.040475
0.0756469
0.196893
0.32333
0.438783
0.526085
0.564373
0.503338
0.305585
0.0911507
-0.128497
-0.319238
-0.561694
-0.856401
-0.559911
-0.526233
-0.460555
-0.374068
-0.276662
-0.172317
-0.0623517
0.052606
0.171833
0.294709
0.404171
0.48285
0.498655
0.385583
0.190955
-0.0226164
-0.22933
-0.403143
-0.474044
-0.551883
-0.583185
-0.549489
-0.483564
-0.396913
-0.299508
-0.195475
-0.0862338
0.0273686
0.144229
0.262958
0.365943
0.433167
0.423114
0.27612
0.0887446
-0.105774
-0.271367
-0.366007
-0.390482
-0.406235
-0.607974
-0.574194
-0.50813
-0.421487
-0.324277
-0.220741
-0.112478
-0.000552332
0.113493
0.227377
0.323398
0.375608
0.347414
0.174208
-0.0041108
-0.173418
-0.302529
-0.342511
-0.355277
-0.356568
-0.634474
-0.600517
-0.534317
-0.447782
-0.350919
-0.24812
-0.141103
-0.0312081
0.0795606
0.187987
0.276058
0.313296
0.263934
0.0800479
-0.0891785
-0.24081
-0.31865
-0.335791
-0.3372
-0.33702
-0.662743
-0.628518
-0.562154
-0.475801
-0.379452
-0.277601
-0.172115
-0.0646135
0.0424437
0.144871
0.224044
0.249065
0.162659
-0.00599722
-0.166692
-0.291673
-0.329071
-0.327436
-0.326553
-0.325981
-0.692497
-0.658034
-0.59154
-0.505459
-0.409794
-0.309134
-0.205485
-0.100742
0.00218441
0.0981426
0.168299
0.175741
0.0709512
-0.0856666
-0.228088
-0.306187
-0.316494
-0.319108
-0.319775
-0.319506
-0.723189
-0.688593
-0.62222
-0.536535
-0.44176
-0.342565
-0.241062
-0.13946
-0.0410255
0.0481765
0.109338
0.101423
-0.0112285
-0.153085
-0.273243
-0.305414
-0.314037
-0.31545
-0.315183
-0.314878
-0.754361
-0.719671
-0.653738
-0.568641
-0.475012
-0.377577
-0.278569
-0.180478
-0.0868922
-0.00430835
0.0462805
0.0310301
-0.0863672
-0.207645
-0.303556
-0.322071
-0.312947
-0.311776
-0.311686
-0.311448
-0.785116
-0.750575
-0.685262
-0.601172
-0.509014
-0.413705
-0.31756
-0.223314
-0.134936
-0.0586517
-0.0180198
-0.0332215
-0.151808
-0.248503
-0.30536
-0.314682
-0.311921
-0.310633
-0.310077
-0.309848
-0.813942
-0.780131
-0.715821
-0.63322
-0.543014
-0.450255
-0.357386
-0.267288
-0.184342
-0.114248
-0.0772379
-0.103521
-0.204045
-0.285773
-0.29027
-0.308752
-0.312547
-0.310918
-0.310303
-0.309868
-0.839228
-0.806468
-0.744319
-0.663646
-0.575991
-0.486306
-0.397191
-0.311548
-0.233979
-0.170198
-0.133224
-0.170779
-0.248197
-0.305012
-0.324156
-0.318483
-0.31735
-0.316641
-0.316026
-0.31554
-0.858868
-0.827849
-0.768542
-0.691065
-0.606671
-0.520748
-0.435898
-0.355076
-0.28272
-0.225178
-0.190505
-0.224607
-0.281804
-0.338589
-0.361984
-0.338335
-0.326248
-0.323821
-0.322621
-0.322172
-0.870672
-0.842357
-0.786873
-0.713534
-0.633586
-0.552277
-0.472344
-0.396673
-0.329505
-0.277542
-0.24541
-0.267768
-0.295688
-0.342854
-0.33331
-0.325129
-0.32232
-0.321351
-0.321205
-0.32128
-0.872069
-0.847774
-0.797254
-0.729337
-0.655065
-0.579488
-0.505215
-0.435104
-0.373191
-0.325945
-0.290583
-0.301524
-0.291763
-0.296292
-0.301128
-0.311191
-0.315999
-0.317595
-0.318304
-0.318344
-0.860804
-0.841266
-0.797542
-0.736915
-0.669677
-0.600942
-0.53319
-0.469105
-0.412582
-0.369385
-0.328133
-0.327249
-0.29963
-0.279472
-0.300048
-0.314551
-0.321552
-0.324297
-0.3251
-0.325259
-0.835073
-0.820442
-0.785993
-0.735035
-0.67644
-0.615676
-0.555136
-0.497375
-0.446364
-0.407254
-0.362068
-0.354642
-0.346119
-0.340053
-0.340634
-0.34073
-0.340397
-0.340163
-0.339907
-0.33996
-0.797463
-0.788045
-0.763485
-0.723865
-0.675364
-0.623435
-0.570413
-0.518902
-0.472976
-0.437962
-0.408059
-0.390342
-0.387807
-0.426768
-0.424218
-0.382854
-0.360552
-0.351934
-0.348818
-0.347898
-0.754641
-0.749277
-0.734828
-0.706229
-0.668375
-0.625014
-0.579164
-0.533183
-0.490915
-0.458273
-0.429971
-0.401803
-0.379291
-0.390885
-0.391425
-0.367632
-0.339188
-0.324633
-0.320694
-0.319464
-0.716238
-0.712974
-0.706089
-0.687477
-0.658365
-0.622287
-0.582481
-0.540507
-0.49956
-0.464497
-0.437642
-0.386271
-0.312532
-0.228956
-0.137579
-0.124552
-0.181743
-0.230792
-0.254587
-0.258443
-0.688623
-0.686582
-0.683057
-0.671804
-0.649169
-0.618299
-0.582324
-0.542419
-0.499958
-0.459595
-0.429606
-0.376506
-0.328916
-0.295019
-0.384931
-0.576341
-0.705525
-0.703648
-0.630001
-0.615825
-0.6678
-0.667045
-0.665881
-0.660307
-0.64338
-0.615795
-0.580972
-0.540375
-0.495218
-0.447017
-0.409585
-0.390561
-0.456739
-0.680588
-0.970017
-1.11022
-1.14759
-1.08892
-0.982327
-0.930978
-0.655687
-0.655426
-0.654828
-0.652275
-0.640531
-0.614714
-0.57925
-0.536659
-0.487617
-0.430612
-0.385182
-0.350403
-0.392194
-0.493788
-0.664447
-0.798851
-0.770709
-0.628859
-0.482793
-0.41263
-0.647404
-0.647223
-0.646661
-0.645743
-0.638792
-0.61519
-0.57843
-0.532693
-0.477822
-0.413144
-0.345736
-0.275178
-0.168631
-0.0173274
0.172098
0.348548
0.547511
0.704646
0.793029
0.827043
-0.642366
-0.642316
-0.642153
-0.642329
-0.637959
-0.617637
-0.579496
-0.529562
-0.469292
-0.394983
-0.303773
-0.212927
-0.0135407
0.319916
0.704352
1.08837
1.39848
1.57636
1.65192
1.67268
-0.638363
-0.638422
-0.638474
-0.638355
-0.637287
-0.621569
-0.583011
-0.529018
-0.463188
-0.379935
-0.279043
-0.174178
0.0336698
0.405463
0.822523
1.20533
1.50916
1.68001
1.74331
1.75643
-0.635259
-0.635338
-0.635231
-0.634424
-0.633822
-0.626235
-0.589178
-0.532234
-0.461687
-0.375544
-0.273174
-0.166685
-0.00643835
0.330236
0.675509
0.988476
1.2266
1.35438
1.39834
1.40609
-0.633868
-0.634772
-0.637083
-0.640951
-0.645197
-0.637036
-0.596941
-0.537498
-0.467162
-0.381174
-0.283591
-0.18373
-0.0598493
0.200451
0.460867
0.674729
0.828691
0.906068
0.933156
0.938234
-0.631405
-0.633288
-0.638664
-0.651519
-0.666024
-0.650235
-0.601049
-0.54559
-0.479956
-0.395185
-0.303784
-0.214706
-0.119492
0.063609
0.24164
0.375907
0.464606
0.508554
0.527861
0.534496
-0.648881
-0.649759
-0.64727
-0.629615
-0.603358
-0.588551
-0.583074
-0.55753
-0.497599
-0.413705
-0.330516
-0.253067
-0.179292
-0.0450385
0.0833415
0.174701
0.234005
0.265308
0.281795
0.287548
-0.695172
-0.694007
-0.680382
-0.625555
-0.550757
-0.531957
-0.582407
-0.581501
-0.521481
-0.435551
-0.355398
-0.288979
-0.232233
-0.128694
-0.0269081
0.0506549
0.105776
0.137642
0.152348
0.156106
-0.762027
-0.760797
-0.773627
-0.786848
-0.784106
-0.755592
-0.736367
-0.657041
-0.556309
-0.456811
-0.376638
-0.320402
-0.277173
-0.188451
-0.099644
-0.0299107
0.0237537
0.0558031
0.068568
0.0703701
-0.916243
-0.939005
-0.999647
-1.06851
-1.09262
-1.05332
-0.941912
-0.755206
-0.596536
-0.472815
-0.388456
-0.336722
-0.298964
-0.224503
-0.148533
-0.089618
-0.0434658
-0.0164401
-0.00652264
-0.00608287
-1.04787
-1.0767
-1.1313
-1.18075
-1.20023
-1.15832
-1.01891
-0.794878
-0.607355
-0.471077
-0.385641
-0.337281
-0.300473
-0.240659
-0.179904
-0.130838
-0.094137
-0.072395
-0.0641029
-0.0640607
-0.996432
-1.01901
-1.05905
-1.09729
-1.11287
-1.07274
-0.926828
-0.728286
-0.563156
-0.441037
-0.364565
-0.319526
-0.287093
-0.243321
-0.197877
-0.160097
-0.132158
-0.115957
-0.110617
-0.111517
-0.743342
-0.763912
-0.801928
-0.845675
-0.869661
-0.837302
-0.721339
-0.586923
-0.471015
-0.384223
-0.325825
-0.289365
-0.264429
-0.235215
-0.204163
-0.178204
-0.158664
-0.147974
-0.144904
-0.146321
-0.379856
-0.393287
-0.420669
-0.457018
-0.489142
-0.491983
-0.460031
-0.410235
-0.358945
-0.312769
-0.277405
-0.253262
-0.237731
-0.221796
-0.204175
-0.190598
-0.18088
-0.176543
-0.175757
-0.177148
-0.0692648
-0.0764561
-0.0947979
-0.126443
-0.167457
-0.207231
-0.234046
-0.247567
-0.249058
-0.2387
-0.225049
-0.213793
-0.208534
-0.203256
-0.199291
-0.197881
-0.199223
-0.202319
-0.203798
-0.20454
0.106812
0.102767
0.0897966
0.0625166
0.0186709
-0.0363892
-0.0895594
-0.131777
-0.159607
-0.173377
-0.175148
-0.171991
-0.171465
-0.175948
-0.184501
-0.194581
-0.204753
-0.212248
-0.214755
-0.215042
0.166336
0.16368
0.153964
0.13173
0.0936121
0.0428057
-0.0113128
-0.0607486
-0.0987793
-0.123229
-0.132777
-0.132498
-0.133013
-0.146641
-0.163923
-0.179614
-0.192585
-0.200419
-0.202582
-0.202781
0.163833
0.161964
0.154892
0.138393
0.109615
0.070116
0.0250825
-0.0199555
-0.0589861
-0.0882632
-0.103288
-0.105979
-0.107439
-0.124589
-0.142839
-0.157509
-0.168104
-0.173166
-0.174548
-0.174928
0.137914
0.136689
0.131827
0.120324
0.0999737
0.0711782
0.0362079
-0.000942626
-0.0358848
-0.0660712
-0.0871373
-0.0995913
-0.107278
-0.119287
-0.129377
-0.136563
-0.141021
-0.142622
-0.143281
-0.143844
0.106843
0.106107
0.10295
0.0952547
0.0813252
0.0610131
0.0351402
0.00595742
-0.0239985
-0.0532677
-0.0807521
-0.106006
-0.122966
-0.122825
-0.120211
-0.119823
-0.118577
-0.117727
-0.117802
-0.11835
0.0770298
0.0767315
0.0748259
0.0699251
0.0607371
0.0468695
0.0284807
0.00686132
-0.0170787
-0.0435859
-0.0739994
-0.108856
-0.128343
-0.119439
-0.108889
-0.102479
-0.100294
-0.0993422
-0.0992813
-0.0996846
0.0505711
0.0504331
0.0494327
0.0465606
0.0408748
0.0320081
0.0198658
0.00515321
-0.0120806
-0.0328075
-0.0590206
-0.0888385
-0.101313
-0.0924663
-0.0843033
-0.0820777
-0.0819342
-0.0823588
-0.0822859
-0.0823305
0.0269058
0.0269538
0.0265413
0.0251782
0.0222789
0.0175695
0.0110034
0.00293528
-0.00674837
-0.0188401
-0.034765
-0.0514918
-0.0555271
-0.0503182
-0.0488475
-0.0513263
-0.0547066
-0.0566748
-0.056609
-0.0562958
0.00480157
0.00489505
0.00494445
0.00514757
0.00505652
0.00445012
0.0032991
0.00176024
-0.000117376
-0.00220526
-0.00488788
-0.00820683
-0.00977716
-0.0110079
-0.0123736
-0.0133751
-0.0144642
-0.0147623
-0.0142933
-0.0135712
-0.0933168
0.0716481
0.263683
0.431208
0.564279
0.668085
0.753345
0.826015
0.859445
0.836271
0.203609
0.322695
0.45059
0.560774
0.653214
0.729334
0.790892
0.83467
0.856588
0.86885
0.418525
0.500027
0.587382
0.664292
0.730257
0.785396
0.829277
0.861401
0.884749
0.902857
0.576773
0.635186
0.695541
0.751752
0.80049
0.84191
0.875989
0.903243
0.925812
0.944187
0.700416
0.742834
0.788177
0.831317
0.869479
0.902837
0.931437
0.955294
0.975539
0.993419
0.803613
0.836083
0.873774
0.90891
0.941199
0.970181
0.995537
1.01688
1.03465
1.05201
0.895464
0.923922
0.957613
0.989508
1.01925
1.04626
1.06988
1.08951
1.10495
1.12204
0.983632
1.01269
1.04653
1.07843
1.10791
1.13439
1.15718
1.17561
1.18894
1.20597
1.07869
1.11181
1.14835
1.18185
1.21182
1.23794
1.25984
1.27708
1.28892
1.30632
1.19354
1.23131
1.26989
1.30409
1.33339
1.35809
1.37843
1.3943
1.40575
1.42381
1.33839
1.3769
1.413
1.44366
1.46931
1.49138
1.51041
1.52593
1.53834
1.55633
1.5134
1.54501
1.57117
1.5936
1.61355
1.63226
1.64996
1.66643
1.68177
1.69984
1.70198
1.71918
1.7342
1.75042
1.76632
1.78084
1.79404
1.80796
1.82549
1.84565
1.88369
1.89322
1.90475
1.91556
1.92484
1.93441
1.94519
1.95655
1.96791
1.98326
2.0909
2.09456
2.07962
2.06481
2.05853
2.0642
2.08267
2.11298
2.14516
2.17181
2.39723
2.26236
2.18572
2.14333
2.1259
2.12987
2.15726
2.21368
2.31629
2.54066
0.724969
0.722842
0.71836
0.709739
0.697522
0.685402
0.675187
0.667312
0.661723
0.658508
0.658201
0.660984
0.666123
0.673371
0.682775
0.694327
0.706986
0.718026
0.724141
0.727197
0.64941
0.655258
0.661594
0.666091
0.668569
0.668254
0.665531
0.661743
0.658263
0.656044
0.655946
0.658191
0.661891
0.666206
0.670032
0.671928
0.671001
0.667527
0.662367
0.655746
0.640964
0.643261
0.646668
0.649669
0.651753
0.653261
0.654032
0.653739
0.652746
0.651908
0.652137
0.653616
0.655471
0.656806
0.657007
0.656132
0.654594
0.652266
0.649009
0.646091
0.635423
0.636509
0.638346
0.640731
0.642764
0.644205
0.645244
0.646023
0.646461
0.646734
0.647287
0.648152
0.648794
0.648894
0.648506
0.647676
0.64622
0.644146
0.642067
0.640686
0.63018
0.630842
0.631954
0.633667
0.63546
0.637107
0.638424
0.639471
0.640396
0.641245
0.642045
0.642664
0.642909
0.642782
0.642244
0.641212
0.639801
0.63827
0.63696
0.636183
0.625153
0.625613
0.626402
0.627709
0.62921
0.630745
0.632235
0.633568
0.634754
0.635878
0.636876
0.637523
0.63773
0.637503
0.636842
0.63588
0.634776
0.633659
0.632754
0.632239
0.620261
0.620605
0.621219
0.622297
0.623607
0.625002
0.626469
0.627956
0.629387
0.630746
0.631955
0.63274
0.632992
0.632774
0.63222
0.631478
0.630654
0.629807
0.629146
0.62877
0.615448
0.615714
0.616211
0.617131
0.618318
0.619639
0.621068
0.622604
0.624211
0.625823
0.627287
0.628269
0.628662
0.628613
0.628275
0.627759
0.627145
0.626531
0.626053
0.625766
0.61063
0.610841
0.611255
0.612066
0.613175
0.614452
0.615876
0.617467
0.619216
0.62108
0.622849
0.624113
0.624763
0.624969
0.624873
0.624587
0.624187
0.62377
0.623434
0.62321
0.605717
0.605886
0.606242
0.606981
0.608047
0.609307
0.610765
0.612448
0.614366
0.616502
0.618636
0.62028
0.621273
0.621783
0.621954
0.62191
0.621731
0.621494
0.621276
0.621098
0.600618
0.600755
0.601069
0.601765
0.602818
0.604106
0.605638
0.607456
0.6096
0.612065
0.614646
0.616762
0.618166
0.61903
0.619506
0.619722
0.619764
0.619703
0.619586
0.619443
0.59524
0.59535
0.595637
0.596315
0.597389
0.598752
0.600402
0.602412
0.604848
0.60773
0.61086
0.613543
0.615435
0.616709
0.617531
0.618032
0.618311
0.618426
0.618398
0.618282
0.589485
0.589571
0.589842
0.590526
0.591659
0.593139
0.594962
0.597232
0.60004
0.603449
0.607249
0.610614
0.613084
0.614836
0.61605
0.616886
0.617429
0.617713
0.617765
0.617669
0.583239
0.583304
0.583568
0.584281
0.585509
0.587154
0.589215
0.591824
0.595106
0.599167
0.603785
0.607968
0.611127
0.613442
0.615111
0.616324
0.617156
0.617627
0.617755
0.617676
0.576368
0.576412
0.576677
0.577442
0.578806
0.580671
0.583043
0.586085
0.589965
0.594829
0.60044
0.605606
0.609582
0.612564
0.614767
0.616408
0.617578
0.618249
0.618451
0.618385
0.568716
0.568737
0.569004
0.569844
0.571388
0.573537
0.576307
0.579899
0.584523
0.590373
0.597186
0.60353
0.608473
0.61224
0.615082
0.61723
0.618783
0.619673
0.61995
0.619893
0.560049
0.560061
0.560345
0.561284
0.563062
0.565561
0.568841
0.573125
0.578674
0.585733
0.594
0.601746
0.607836
0.612526
0.616118
0.618881
0.620871
0.621999
0.62235
0.622299
0.550089
0.550071
0.550405
0.55149
0.55356
0.556521
0.560446
0.565598
0.572298
0.58084
0.590859
0.600269
0.607712
0.613491
0.617963
0.621439
0.623938
0.625324
0.625748
0.625698
0.538516
0.538474
0.538856
0.540135
0.542574
0.54613
0.550874
0.557122
0.565259
0.575621
0.587747
0.599124
0.608144
0.615196
0.620701
0.624996
0.628077
0.629737
0.630228
0.630175
0.524831
0.524761
0.525225
0.526758
0.529685
0.534011
0.539815
0.547468
0.557415
0.570015
0.58466
0.598342
0.60918
0.617692
0.624404
0.62964
0.63336
0.635298
0.635844
0.635781
0.508362
0.508263
0.508855
0.510743
0.514323
0.519681
0.526888
0.536372
0.54862
0.563977
0.581618
0.597965
0.610877
0.621043
0.629111
0.63541
0.639818
0.642018
0.642597
0.642518
0.488139
0.488015
0.488813
0.491221
0.495722
0.502514
0.511636
0.523559
0.538761
0.557508
0.578677
0.598054
0.61329
0.625297
0.634842
0.642316
0.647419
0.649834
0.650413
0.65031
0.462705
0.462566
0.463704
0.46692
0.47282
0.481711
0.493553
0.508793
0.527806
0.550689
0.57595
0.598708
0.616469
0.630465
0.641615
0.650316
0.656045
0.658584
0.659118
0.658983
0.429682
0.429567
0.431329
0.43595
0.444178
0.456356
0.47219
0.491983
0.515872
0.543718
0.573621
0.600048
0.620473
0.636556
0.649363
0.659273
0.665465
0.667986
0.668424
0.668254
0.38481
0.384868
0.388012
0.395568
0.408122
0.425665
0.447422
0.473355
0.503313
0.536939
0.571942
0.602211
0.625366
0.643544
0.658001
0.668961
0.675319
0.677631
0.677929
0.677728
0.320105
0.321367
0.329067
0.343185
0.363672
0.389759
0.419864
0.453622
0.490759
0.530813
0.57118
0.605321
0.63115
0.651351
0.667265
0.678913
0.685096
0.686962
0.687085
0.68687
0.243454
0.245312
0.260066
0.284345
0.315942
0.352097
0.391282
0.433335
0.478097
0.525139
0.571589
0.610356
0.639469
0.66211
0.679623
0.691807
0.697527
0.699002
0.69907
0.698936
0.164436
0.170824
0.192616
0.227322
0.269452
0.31539
0.363604
0.413982
0.466421
0.520506
0.573119
0.616536
0.648862
0.673873
0.693041
0.705125
0.709873
0.710813
0.710822
0.710752
0.0997411
0.10853
0.134946
0.176792
0.227168
0.281424
0.337763
0.395919
0.455662
0.516493
0.574946
0.622649
0.657827
0.684665
0.704615
0.716363
0.720651
0.721481
0.721526
0.721507
0.0471304
0.0565246
0.0865482
0.133704
0.190296
0.251248
0.31445
0.379463
0.445863
0.512993
0.57695
0.628676
0.666481
0.694978
0.715569
0.727147
0.731142
0.731899
0.731991
0.732021
0.00315887
0.012838
0.0453426
0.0965407
0.158233
0.224742
0.293762
0.364771
0.437163
0.510116
0.579275
0.634835
0.675143
0.705256
0.726609
0.738158
0.7419
0.742739
0.742877
0.742962
-0.0345507
-0.0247705
0.00958179
0.0640089
0.129928
0.20118
0.275279
0.351612
0.429451
0.507817
0.581922
0.641212
0.684009
0.715744
0.737877
0.749598
0.753464
0.754347
0.754525
0.754635
-0.0676991
-0.0579032
-0.0221439
0.035004
0.104472
0.179822
0.258427
0.339569
0.422426
0.50588
0.584741
0.647688
0.692969
0.726374
0.749453
0.761641
0.765678
0.766604
0.766761
0.766869
-0.0975988
-0.0877903
-0.0508876
0.00860762
0.0811234
0.160072
0.242698
0.328221
0.415741
0.504036
0.587511
0.654071
0.701847
0.736967
0.761088
0.773839
0.778093
0.77904
0.77916
0.779259
-0.125172
-0.115344
-0.077468
-0.0158918
0.059308
0.141452
0.227691
0.317224
0.409101
0.502019
0.590008
0.660167
0.710442
0.747285
0.772436
0.785717
0.790237
0.791201
0.791292
0.791361
-0.151014
-0.141138
-0.102369
-0.0390471
0.0385861
0.123597
0.213104
0.306313
0.402262
0.499613
0.592055
0.665811
0.718565
0.757073
0.783224
0.796997
0.801779
0.802743
0.80278
0.80281
-0.175623
-0.165652
-0.126015
-0.0611826
0.018658
0.106235
0.198703
0.295285
0.395053
0.49666
0.593501
0.670891
0.726137
0.766258
0.793295
0.807438
0.812365
0.813328
0.813327
0.813323
-0.199321
-0.189169
-0.148787
-0.0824963
-0.000686882
0.0891811
0.184333
0.284012
0.387339
0.493027
0.594231
0.67533
0.733113
0.774798
0.80259
0.816955
0.821931
0.822845
0.822807
0.822771
-0.222222
-0.211884
-0.170844
-0.103143
-0.0195959
0.0723352
0.1699
0.2724
0.379029
0.488606
0.594151
0.679085
0.739513
0.782742
0.811104
0.825526
0.830419
0.831273
0.83121
0.831148
-0.244534
-0.233948
-0.192201
-0.123234
-0.0381428
0.0556305
0.155355
0.260405
0.370078
0.483341
0.593174
0.682103
0.745378
0.790221
0.819025
0.833291
0.837954
0.83871
0.838589
0.838516
-0.266235
-0.255402
-0.212992
-0.142843
-0.0563566
0.0390503
0.140697
0.248033
0.360475
0.47718
0.59122
0.684328
0.750769
0.797403
0.826537
0.840379
0.844637
0.845224
0.845067
0.844976
-0.287385
-0.27629
-0.233179
-0.161978
-0.0742408
0.022602
0.125944
0.235312
0.350238
0.470111
0.588223
0.685689
0.755698
0.804459
0.833942
0.847057
0.850609
0.850918
0.850717
0.85062
-0.307876
-0.296574
-0.252764
-0.180608
-0.091769
0.00633649
0.111139
0.222289
0.339414
0.462162
0.584131
0.686089
0.760123
0.811538
0.841622
0.853772
0.856146
0.855893
0.855627
0.855565
-0.327834
-0.316225
-0.271755
-0.198731
-0.108926
-0.00972289
0.0963593
0.209028
0.32807
0.453387
0.578921
0.685405
0.763922
0.81867
0.849961
0.861251
0.861929
0.860479
0.859939
0.860004
-0.347113
-0.335222
-0.290136
-0.216319
-0.125645
-0.0255028
0.081672
0.195634
0.316301
0.443828
0.572605
0.683499
0.766891
0.825712
0.859146
0.870384
0.869375
0.865859
0.863994
0.863651
-0.365787
-0.353625
-0.307863
-0.233331
-0.141901
-0.0409428
0.0671525
0.182179
0.304203
0.433606
0.565221
0.68023
0.768757
0.832307
0.868854
0.88159
0.880416
0.874769
0.868728
0.861383
-0.383779
-0.371392
-0.325035
-0.249923
-0.157897
-0.0563036
0.0524838
0.168288
0.291365
0.422266
0.556302
0.675127
0.769141
0.838305
0.878733
0.894688
0.89577
0.889017
0.877404
0.87334
-0.401047
-0.388449
-0.341638
-0.266074
-0.17365
-0.071585
0.0376713
0.153935
0.277729
0.409669
0.545612
0.667744
0.767176
0.842897
0.886907
0.905922
0.908756
0.903839
0.865291
0.813888
-0.417324
-0.404011
-0.357527
-0.281716
-0.18927
-0.0869588
0.0226493
0.139225
0.263333
0.395848
0.533033
0.657737
0.76161
0.845317
0.890933
0.90715
0.908635
0.885084
0.82738
0.766027
-0.432907
-0.418813
-0.372689
-0.296176
-0.204223
-0.10195
0.00719476
0.124207
0.248324
0.380967
0.518569
0.644774
0.751058
0.845677
0.888297
0.918293
0.875533
0.821036
0.747274
0.679942
-0.418633
-0.400408
-0.349588
-0.268689
-0.170269
-0.0650285
0.0496421
0.16966
0.29737
0.434716
0.567955
0.683664
0.782561
0.880971
0.906317
0.818606
0.759959
0.688379
0.612625
0.563265
-0.442643
-0.426033
-0.390023
-0.31871
-0.227187
-0.126124
-0.0166184
0.0998706
0.223471
0.355295
0.491851
0.617563
0.723646
0.810603
0.883551
0.861303
0.729216
0.638311
0.570409
0.486272
-0.461708
-0.446081
-0.404365
-0.331667
-0.239659
-0.139014
-0.0305916
0.0850171
0.207747
0.338339
0.473579
0.597696
0.700924
0.776692
0.800475
0.710644
0.562436
0.46072
0.381814
0.292865
-0.481283
-0.468835
-0.422614
-0.348854
-0.256769
-0.155652
-0.0472551
0.0680925
0.189992
0.319199
0.451811
0.571509
0.665078
0.726578
0.699802
0.558573
0.399902
0.277691
0.176446
0.0403312
-0.503936
-0.491101
-0.442876
-0.367953
-0.275744
-0.174511
-0.0662537
0.0485404
0.169376
0.296747
0.426005
0.54
0.623675
0.663542
0.59946
0.409622
0.223768
0.067821
-0.0746176
-0.271652
-0.525541
-0.513106
-0.463775
-0.387601
-0.295012
-0.193856
-0.0860233
0.0279156
0.147396
0.272481
0.397814
0.505234
0.581176
0.583811
0.469708
0.267403
0.0516212
-0.14995
-0.325784
-0.713695
-0.547241
-0.53518
-0.485397
-0.408334
-0.31544
-0.214302
-0.10692
0.00611921
0.124086
0.246568
0.367472
0.467211
0.531057
0.500728
0.344195
0.140237
-0.0790678
-0.291434
-0.470593
-0.741957
-0.569861
-0.557956
-0.508005
-0.430423
-0.337351
-0.236232
-0.129274
-0.0171367
0.0992196
0.218851
0.334921
0.426301
0.474411
0.426523
0.2319
0.0350821
-0.164351
-0.332638
-0.405822
-0.445023
-0.593885
-0.58211
-0.531981
-0.454153
-0.361109
-0.260202
-0.153839
-0.0428566
0.0715268
0.18776
0.298231
0.380947
0.411285
0.326888
0.131708
-0.0529324
-0.219566
-0.327398
-0.365688
-0.374629
-0.619515
-0.607764
-0.557489
-0.479541
-0.386658
-0.286167
-0.180637
-0.0710969
0.0409092
0.153187
0.257272
0.331108
0.333551
0.219629
0.0397944
-0.130741
-0.272135
-0.328351
-0.340434
-0.345296
-0.646938
-0.635118
-0.584616
-0.506606
-0.414
-0.31413
-0.209674
-0.101903
0.00732973
0.115167
0.212125
0.276155
0.253506
0.119454
-0.0456934
-0.205713
-0.306393
-0.33524
-0.331473
-0.331564
-0.67587
-0.664251
-0.613337
-0.535317
-0.443107
-0.344051
-0.24094
-0.135261
-0.0291955
0.0737179
0.163104
0.215057
0.183143
0.0276135
-0.122908
-0.263202
-0.304765
-0.317255
-0.322233
-0.322501
-0.706159
-0.694524
-0.643439
-0.565511
-0.47385
-0.375831
-0.274347
-0.171096
-0.0686017
0.0290226
0.110441
0.150984
0.112372
-0.0504841
-0.190502
-0.288115
-0.333901
-0.320701
-0.317694
-0.317374
-0.737281
-0.725638
-0.674628
-0.596876
-0.505944
-0.409224
-0.309668
-0.209198
-0.110671
-0.0185578
0.0546023
0.0863418
0.0268932
-0.118243
-0.24402
-0.298089
-0.312693
-0.313589
-0.313714
-0.313467
-0.768498
-0.756934
-0.705988
-0.628869
-0.538934
-0.443821
-0.346549
-0.24921
-0.155019
-0.0686121
-0.00306299
0.0141366
-0.0538183
-0.175693
-0.276145
-0.299855
-0.307141
-0.310837
-0.310881
-0.310835
-0.798609
-0.787478
-0.736803
-0.660674
-0.572134
-0.479016
-0.384421
-0.290578
-0.201005
-0.120607
-0.0607589
-0.056996
-0.123302
-0.224923
-0.294758
-0.347023
-0.322594
-0.311819
-0.310025
-0.309651
-0.82615
-0.815512
-0.765905
-0.69107
-0.604617
-0.51397
-0.422523
-0.332564
-0.24778
-0.173528
-0.118197
-0.119088
-0.186226
-0.26111
-0.312322
-0.305174
-0.310996
-0.313155
-0.312827
-0.312437
-0.849438
-0.839487
-0.791397
-0.718893
-0.635152
-0.547593
-0.459858
-0.374232
-0.294353
-0.22597
-0.176026
-0.17424
-0.23691
-0.293988
-0.322751
-0.326802
-0.322532
-0.321646
-0.320327
-0.319605
-0.866141
-0.857093
-0.811377
-0.742198
-0.662215
-0.578654
-0.495252
-0.414459
-0.339655
-0.276691
-0.23252
-0.225018
-0.272187
-0.317834
-0.340525
-0.334436
-0.328839
-0.325334
-0.324054
-0.323509
-0.87425
-0.865978
-0.823774
-0.75907
-0.684045
-0.605634
-0.527456
-0.451929
-0.38253
-0.324564
-0.284158
-0.269324
-0.294731
-0.301469
-0.31383
-0.316219
-0.31797
-0.318286
-0.318832
-0.319149
-0.869317
-0.862635
-0.82694
-0.767683
-0.69901
-0.627009
-0.555036
-0.485477
-0.421702
-0.36843
-0.330232
-0.305845
-0.307895
-0.276606
-0.290651
-0.305515
-0.315044
-0.31917
-0.320512
-0.320816
-0.850347
-0.845743
-0.817857
-0.766733
-0.705854
-0.64154
-0.57676
-0.513781
-0.455853
-0.407574
-0.372335
-0.347672
-0.325886
-0.296218
-0.306543
-0.319108
-0.327131
-0.330776
-0.331927
-0.332182
-0.8178
-0.814489
-0.795666
-0.755269
-0.704069
-0.648664
-0.591841
-0.535757
-0.483658
-0.440316
-0.412907
-0.381252
-0.36579
-0.369905
-0.377833
-0.364557
-0.357053
-0.351107
-0.348417
-0.347373
-0.776363
-0.774259
-0.763587
-0.735444
-0.694785
-0.648884
-0.600246
-0.550877
-0.503982
-0.464746
-0.438348
-0.414551
-0.391396
-0.419819
-0.425729
-0.39368
-0.364988
-0.348286
-0.342749
-0.340876
-0.734573
-0.733329
-0.728022
-0.711637
-0.681643
-0.644052
-0.602934
-0.559393
-0.516254
-0.478115
-0.451929
-0.418262
-0.368457
-0.320907
-0.335197
-0.325116
-0.298094
-0.30072
-0.301211
-0.30148
-0.701086
-0.700427
-0.697704
-0.688325
-0.667558
-0.63749
-0.601879
-0.562514
-0.520876
-0.480905
-0.449694
-0.40429
-0.345883
-0.218379
-0.0345309
-0.00912697
-0.124106
-0.219529
-0.28523
-0.300801
-0.677331
-0.676612
-0.675163
-0.671396
-0.657188
-0.632333
-0.599741
-0.562082
-0.520209
-0.475328
-0.43525
-0.395466
-0.382771
-0.461853
-0.669459
-0.879542
-1.00201
-1.02906
-0.938731
-0.857948
-0.661196
-0.660952
-0.66037
-0.658433
-0.65064
-0.629683
-0.598411
-0.560125
-0.515871
-0.465715
-0.415771
-0.382555
-0.406944
-0.542856
-0.785562
-1.05001
-1.13773
-1.08005
-0.954089
-0.843622
-0.651094
-0.651044
-0.650682
-0.649996
-0.646264
-0.629014
-0.59791
-0.557617
-0.509638
-0.453957
-0.391317
-0.348721
-0.295034
-0.274852
-0.248006
-0.241415
-0.174912
-0.0283572
0.102921
0.186784
-0.644512
-0.644481
-0.644191
-0.643718
-0.642105
-0.629818
-0.599175
-0.555817
-0.503761
-0.440463
-0.364339
-0.286954
-0.173893
0.0435684
0.336927
0.64939
0.945984
1.16782
1.28755
1.33719
-0.640318
-0.64036
-0.640392
-0.640413
-0.639505
-0.631872
-0.602395
-0.556635
-0.498866
-0.42832
-0.34068
-0.238946
-0.0976342
0.191014
0.60386
1.01492
1.38513
1.63484
1.753
1.78896
-0.636558
-0.636663
-0.636685
-0.636582
-0.636793
-0.632849
-0.607814
-0.559708
-0.497316
-0.421845
-0.328252
-0.217657
-0.0938933
0.187682
0.5781
0.949174
1.27119
1.48569
1.58236
1.60809
-0.634362
-0.634634
-0.635033
-0.635472
-0.635328
-0.635833
-0.615536
-0.564774
-0.500623
-0.422677
-0.328665
-0.223469
-0.124421
0.105799
0.424869
0.709062
0.944819
1.09373
1.15656
1.17265
-0.632228
-0.633356
-0.635985
-0.643016
-0.653731
-0.656293
-0.626059
-0.57117
-0.508779
-0.432027
-0.34154
-0.244211
-0.15466
0.0120996
0.245778
0.437973
0.582596
0.668243
0.705067
0.717375
-0.635184
-0.63663
-0.639114
-0.642272
-0.6468
-0.644351
-0.614598
-0.575346
-0.522672
-0.44784
-0.360737
-0.274399
-0.199133
-0.0790547
0.0836108
0.213084
0.302147
0.353439
0.378451
0.39015
-0.669921
-0.670381
-0.669365
-0.644991
-0.585193
-0.533566
-0.555701
-0.577767
-0.542149
-0.468042
-0.383065
-0.306073
-0.240998
-0.151407
-0.0294807
0.0687897
0.136965
0.178202
0.200052
0.209592
-0.722759
-0.720516
-0.716067
-0.697624
-0.648706
-0.612661
-0.622554
-0.633689
-0.578132
-0.492401
-0.404241
-0.335127
-0.283567
-0.213156
-0.112892
-0.0276614
0.0365275
0.0820533
0.104881
0.112303
-0.833213
-0.829585
-0.85852
-0.912296
-0.95506
-0.945298
-0.894578
-0.779928
-0.640246
-0.518502
-0.421427
-0.356418
-0.311807
-0.252265
-0.165197
-0.0917908
-0.035226
0.00505684
0.0241224
0.0297333
-1.00109
-1.00754
-1.05539
-1.12463
-1.16794
-1.15946
-1.08357
-0.890662
-0.691042
-0.535161
-0.427531
-0.362209
-0.322003
-0.270653
-0.198807
-0.137979
-0.0897379
-0.0554413
-0.0393122
-0.035766
-1.04711
-1.05851
-1.09627
-1.14151
-1.17419
-1.16671
-1.08369
-0.88073
-0.676669
-0.519764
-0.414018
-0.351732
-0.314223
-0.270786
-0.215295
-0.166938
-0.129269
-0.103403
-0.0913451
-0.0886905
-0.89096
-0.900387
-0.932397
-0.974356
-1.00748
-1.00254
-0.916983
-0.746512
-0.588325
-0.463776
-0.377396
-0.324182
-0.290838
-0.259772
-0.22103
-0.185445
-0.157335
-0.138408
-0.129988
-0.129036
-0.560479
-0.571511
-0.596878
-0.635914
-0.673883
-0.683844
-0.636184
-0.546847
-0.455221
-0.380709
-0.323865
-0.285841
-0.260762
-0.241305
-0.216037
-0.193966
-0.176538
-0.165335
-0.160763
-0.16093
-0.20751
-0.213702
-0.229611
-0.258131
-0.295383
-0.328003
-0.337683
-0.33268
-0.314365
-0.289265
-0.262773
-0.241817
-0.227972
-0.219791
-0.207842
-0.198477
-0.193024
-0.190518
-0.19068
-0.191385
0.0378658
0.0346369
0.0251546
0.00315193
-0.0338203
-0.082095
-0.131678
-0.169267
-0.194262
-0.203963
-0.202601
-0.196004
-0.191014
-0.190459
-0.191156
-0.195334
-0.200467
-0.207202
-0.211474
-0.212262
0.148738
0.146634
0.140253
0.122835
0.0894409
0.0399473
-0.0168352
-0.0693132
-0.110813
-0.138152
-0.150834
-0.152352
-0.150358
-0.155579
-0.167827
-0.181398
-0.195345
-0.205573
-0.210814
-0.211441
0.17048
0.169177
0.164559
0.151299
0.124976
0.0847662
0.0362223
-0.0138842
-0.0583988
-0.0922117
-0.111849
-0.117537
-0.115667
-0.124342
-0.143735
-0.161139
-0.175536
-0.185176
-0.189104
-0.189752
0.152564
0.151809
0.148569
0.139134
0.120175
0.0906606
0.0532194
0.0119002
-0.0277055
-0.0619176
-0.0862301
-0.0980621
-0.101175
-0.111169
-0.12808
-0.141368
-0.151119
-0.156489
-0.15828
-0.158892
0.122518
0.122167
0.120036
0.113658
0.100611
0.0798632
0.0523723
0.0201428
-0.013113
-0.0444782
-0.0717681
-0.0930612
-0.109237
-0.118007
-0.122822
-0.126357
-0.128506
-0.129117
-0.129226
-0.129788
0.0915398
0.091487
0.0902005
0.0861176
0.0774547
0.0632716
0.0437391
0.0198805
-0.00653528
-0.034104
-0.0629191
-0.0938839
-0.123377
-0.127467
-0.119304
-0.113792
-0.110185
-0.108366
-0.10773
-0.108046
0.063307
0.0633093
0.0627012
0.0602632
0.0548022
0.0455366
0.0323328
0.0156293
-0.0038612
-0.025932
-0.0523411
-0.084937
-0.114562
-0.114365
-0.102734
-0.0956647
-0.0927458
-0.0916202
-0.0913046
-0.0912816
0.0383725
0.0385184
0.0382028
0.0369497
0.033858
0.0283847
0.0203827
0.0100107
-0.00254669
-0.0173214
-0.0360407
-0.0600121
-0.078498
-0.0751251
-0.0691457
-0.0670167
-0.0685462
-0.0705806
-0.0711917
-0.0708883
0.00487245
0.00490203
0.00505507
0.00516274
0.00482365
0.0039548
0.00252563
0.000864547
-0.00106693
-0.00347533
-0.00648243
-0.00946225
-0.00992586
-0.0119099
-0.0125878
-0.0141353
-0.0147539
-0.0146183
-0.0139322
-0.037314
-1.11938
-0.448189
-0.000568274
0.255995
0.439457
0.579072
0.686244
0.772027
0.865201
0.956498
-0.0801253
0.111996
0.287417
0.434963
0.5578
0.657254
0.737746
0.803656
0.844656
0.848155
0.246955
0.360646
0.472022
0.570949
0.65567
0.726856
0.785091
0.829396
0.857967
0.875313
0.453738
0.531092
0.607686
0.677771
0.738673
0.790641
0.833452
0.867104
0.892792
0.911702
0.605745
0.65803
0.716324
0.7684
0.814156
0.85396
0.887806
0.915957
0.939082
0.955958
0.726163
0.766514
0.811596
0.851117
0.887826
0.920635
0.949407
0.974043
0.994693
1.00886
0.827764
0.861858
0.898413
0.932252
0.964115
0.993409
1.01949
1.0419
1.06043
1.07211
0.920198
0.950997
0.984653
1.01698
1.04748
1.07562
1.10057
1.12171
1.13857
1.14806
1.01068
1.04306
1.07818
1.11201
1.14315
1.1713
1.19575
1.21597
1.23136
1.23954
1.11231
1.14971
1.18788
1.22402
1.25596
1.28374
1.3071
1.32604
1.34013
1.34859
1.23903
1.28134
1.32045
1.35624
1.38657
1.41219
1.43369
1.45127
1.46474
1.47489
1.40043
1.44185
1.47551
1.50501
1.5295
1.55098
1.57053
1.58793
1.60265
1.61533
1.59076
1.62154
1.64275
1.66185
1.67988
1.69709
1.71328
1.72908
1.74558
1.7625
1.78856
1.79995
1.81098
1.82506
1.83932
1.85215
1.8635
1.87434
1.88724
1.90411
1.97433
1.98423
1.99287
1.99531
1.99617
2.00043
2.01121
2.02714
2.04475
2.04935
2.27536
2.21995
2.16911
2.12887
2.10647
2.10241
2.11591
2.14971
2.20614
2.2817
0.867186
0.808492
0.766016
0.73216
0.707509
0.689963
0.677465
0.668553
0.662466
0.659018
0.65867
0.661571
0.66704
0.675
0.685939
0.701004
0.722022
0.751123
0.78989
0.837718
0.668729
0.67749
0.683027
0.683853
0.680376
0.674339
0.667919
0.662467
0.658656
0.657042
0.658257
0.661886
0.667194
0.67369
0.680471
0.685752
0.687384
0.684152
0.676823
0.669155
0.645749
0.64778
0.652386
0.655902
0.658419
0.659854
0.659577
0.657856
0.655689
0.654153
0.654211
0.656079
0.658833
0.661482
0.662983
0.66266
0.660816
0.658026
0.653982
0.649601
0.638814
0.639681
0.642167
0.644886
0.646902
0.648272
0.649269
0.649737
0.649619
0.649403
0.649801
0.650931
0.652063
0.652572
0.652291
0.651463
0.650067
0.64784
0.64521
0.643247
0.63313
0.633592
0.63499
0.637017
0.638964
0.64055
0.641708
0.642625
0.643374
0.643993
0.644679
0.645375
0.645742
0.645683
0.645239
0.644297
0.642808
0.640997
0.63936
0.638346
0.627904
0.628191
0.629112
0.630588
0.632223
0.633838
0.635278
0.636474
0.637531
0.638534
0.639435
0.640045
0.640253
0.640072
0.639447
0.638412
0.637145
0.635847
0.634771
0.634149
0.622884
0.623086
0.623777
0.624957
0.626351
0.627809
0.6293
0.630732
0.632045
0.633283
0.634382
0.63509
0.635311
0.635068
0.634437
0.633581
0.632627
0.631652
0.63088
0.630443
0.617997
0.618149
0.618699
0.619691
0.620933
0.622287
0.623734
0.62525
0.626777
0.628261
0.629591
0.630466
0.630773
0.630624
0.630174
0.629544
0.628827
0.628099
0.627536
0.627209
0.61316
0.61328
0.613731
0.61459
0.615734
0.617033
0.618457
0.620016
0.621693
0.623431
0.62504
0.626151
0.626658
0.62673
0.626513
0.62611
0.6256
0.625085
0.624682
0.62443
0.608281
0.608377
0.608759
0.60953
0.610614
0.61188
0.613319
0.61495
0.616778
0.618772
0.620715
0.622157
0.622967
0.62332
0.623356
0.623187
0.622895
0.622568
0.622294
0.622095
0.603267
0.603346
0.603678
0.604392
0.605447
0.606719
0.608211
0.609956
0.611978
0.614268
0.616614
0.618483
0.619671
0.620352
0.620673
0.620753
0.620686
0.620533
0.620367
0.620208
0.598024
0.59809
0.598388
0.59907
0.600129
0.601454
0.603042
0.604948
0.607227
0.609888
0.612729
0.615116
0.616752
0.617814
0.618462
0.618811
0.61897
0.618993
0.618922
0.618794
0.592456
0.592511
0.592788
0.593464
0.594562
0.595984
0.597717
0.599846
0.602456
0.605587
0.609035
0.612043
0.614209
0.615714
0.61673
0.617388
0.617792
0.61799
0.618003
0.617899
0.586457
0.586503
0.586769
0.587463
0.588637
0.590199
0.592137
0.594566
0.597595
0.601312
0.605501
0.609256
0.612052
0.614075
0.615515
0.616534
0.617207
0.617581
0.617672
0.617585
0.579903
0.579941
0.580205
0.580939
0.582227
0.583982
0.586194
0.589006
0.592568
0.597009
0.602099
0.606752
0.610298
0.612935
0.614869
0.616284
0.617267
0.617837
0.618003
0.617932
0.572648
0.572678
0.572948
0.573743
0.575186
0.577196
0.579761
0.58306
0.58729
0.59262
0.598803
0.604533
0.608968
0.612329
0.614849
0.616726
0.618067
0.618847
0.619088
0.619027
0.564508
0.564534
0.564821
0.565692
0.567338
0.569666
0.572683
0.576599
0.581659
0.588081
0.595587
0.602601
0.608091
0.612302
0.615518
0.617949
0.619699
0.620708
0.621024
0.620971
0.555236
0.555259
0.555573
0.55655
0.558455
0.561189
0.564781
0.569471
0.575562
0.583323
0.592425
0.600969
0.607706
0.612919
0.61695
0.620039
0.622262
0.623521
0.623911
0.623862
0.544519
0.544533
0.544886
0.546009
0.548246
0.551517
0.555834
0.561498
0.568872
0.578276
0.5893
0.599655
0.607854
0.614248
0.619234
0.623077
0.625851
0.627379
0.62784
0.627791
0.531965
0.531975
0.53237
0.533689
0.53636
0.540315
0.545563
0.552464
0.56145
0.572871
0.5862
0.598688
0.608584
0.616342
0.622449
0.627164
0.630553
0.63236
0.632884
0.632828
0.517003
0.517008
0.517467
0.519055
0.522301
0.527162
0.533623
0.542124
0.553147
0.567052
0.583131
0.598103
0.609946
0.619258
0.626661
0.63236
0.63642
0.638502
0.639072
0.639003
0.498838
0.498839
0.499394
0.501368
0.505412
0.511506
0.519597
0.530204
0.543831
0.560795
0.58013
0.597949
0.611995
0.623061
0.631873
0.638696
0.643456
0.645783
0.646372
0.646283
0.476274
0.476269
0.476994
0.47957
0.484789
0.492637
0.502995
0.516438
0.533422
0.554135
0.577278
0.598307
0.614785
0.627772
0.638135
0.646154
0.651589
0.654093
0.654663
0.654545
0.447513
0.447509
0.448526
0.452101
0.459194
0.469681
0.483317
0.500647
0.52195
0.547207
0.574722
0.599287
0.618372
0.633402
0.645405
0.654653
0.660653
0.663216
0.663716
0.663564
0.409421
0.409435
0.411097
0.41662
0.427037
0.441726
0.460233
0.482875
0.509643
0.54028
0.572684
0.601021
0.622817
0.639949
0.653628
0.66401
0.670363
0.672819
0.673197
0.673008
0.356018
0.356272
0.360075
0.370099
0.386726
0.408334
0.433935
0.463574
0.496995
0.533769
0.571433
0.603646
0.628164
0.647376
0.662649
0.673935
0.680316
0.682477
0.6827
0.682482
0.279512
0.281915
0.293071
0.312767
0.339782
0.371039
0.405685
0.443586
0.484493
0.527952
0.571215
0.607522
0.634929
0.656361
0.673246
0.685202
0.691369
0.693147
0.693233
0.693019
0.198117
0.204658
0.224471
0.254514
0.292422
0.333618
0.37734
0.423567
0.472178
0.522758
0.572322
0.613462
0.644248
0.668245
0.686911
0.699255
0.704646
0.70584
0.705832
0.705684
0.128259
0.135211
0.16178
0.200603
0.247756
0.298066
0.350476
0.404834
0.460986
0.518485
0.574055
0.619656
0.653459
0.679528
0.699265
0.711214
0.715844
0.716788
0.716798
0.71669
0.071154
0.0783617
0.109043
0.154118
0.208161
0.26593
0.325833
0.387526
0.450677
0.514713
0.575952
0.625693
0.662214
0.689967
0.710385
0.722074
0.72629
0.727127
0.727178
0.727103
0.023752
0.0312715
0.0644847
0.114313
0.173814
0.237647
0.303852
0.371953
0.441419
0.511512
0.578102
0.631761
0.670828
0.700176
0.721309
0.732913
0.736849
0.737654
0.737764
0.737711
-0.0163727
-0.0086941
0.0262767
0.0796694
0.143746
0.212704
0.284329
0.358067
0.433237
0.508939
0.580595
0.638028
0.679584
0.710544
0.732414
0.74409
0.748072
0.74883
0.74893
0.748914
-0.0512604
-0.0434909
-0.00726985
0.0490778
0.116956
0.19032
0.266725
0.345517
0.425907
0.50685
0.583349
0.644475
0.688514
0.721097
0.743816
0.755879
0.759982
0.760722
0.760835
0.760823
-0.082427
-0.0745734
-0.0373456
0.0215199
0.0926275
0.169826
0.250487
0.333864
0.41909
0.50499
0.586171
0.650928
0.697454
0.73173
0.755439
0.767993
0.77229
0.773043
0.773138
0.773134
-0.110859
-0.102937
-0.0648653
-0.00381247
0.0701006
0.150685
0.235158
0.322725
0.412458
0.503087
0.588827
0.657186
0.706214
0.742213
0.766947
0.780013
0.784524
0.785323
0.785417
0.785402
-0.137354
-0.129343
-0.0904663
-0.027575
0.0488708
0.132483
0.220388
0.311796
0.405742
0.500895
0.591118
0.663075
0.714588
0.752275
0.777996
0.791599
0.796313
0.797189
0.797238
0.79721
-0.162397
-0.154278
-0.114637
-0.0502049
0.0285715
0.114898
0.205916
0.300846
0.398733
0.498232
0.592878
0.668442
0.722441
0.761771
0.788411
0.802463
0.80734
0.808251
0.80826
0.80821
-0.186395
-0.178126
-0.137706
-0.0719098
0.00895148
0.0977026
0.191543
0.289706
0.391283
0.494953
0.593978
0.673211
0.729715
0.770626
0.798081
0.812436
0.817392
0.818303
0.818271
0.818198
-0.209524
-0.201115
-0.160096
-0.0928752
-0.010166
0.0807608
0.177146
0.278269
0.383279
0.490933
0.594311
0.677312
0.736398
0.778856
0.806966
0.821427
0.826384
0.827278
0.827198
0.827105
-0.231982
-0.223366
-0.18176
-0.113237
-0.028889
0.0639855
0.162657
0.266466
0.374653
0.486095
0.593793
0.680702
0.742521
0.786546
0.815155
0.829557
0.834384
0.835185
0.835083
0.83497
-0.253838
-0.245078
-0.202769
-0.133087
-0.0472703
0.0473424
0.148054
0.254282
0.365367
0.48038
0.592333
0.683328
0.748144
0.793855
0.822838
0.83694
0.841458
0.842144
0.841995
0.841871
-0.27514
-0.266193
-0.223239
-0.152466
-0.0653266
0.0308257
0.133339
0.241725
0.35544
0.473769
0.589864
0.685131
0.753304
0.800952
0.830252
0.843777
0.847744
0.848222
0.848034
0.847904
-0.295848
-0.286744
-0.243104
-0.171355
-0.0830392
0.0144544
0.118556
0.22884
0.344903
0.466254
0.586325
0.686027
0.757993
0.808004
0.837743
0.850398
0.853437
0.853523
0.85329
0.853175
-0.315957
-0.306676
-0.262376
-0.189738
-0.100385
-0.00171863
0.103754
0.21569
0.333809
0.457883
0.581672
0.6859
0.762127
0.815115
0.845709
0.857384
0.858972
0.858227
0.857879
0.857844
-0.335465
-0.325997
-0.281055
-0.207598
-0.117335
-0.0176362
0.0890067
0.202353
0.322237
0.448702
0.575909
0.684622
0.765542
0.822233
0.854473
0.865585
0.865352
0.862979
0.86208
0.862308
-0.354314
-0.34466
-0.299111
-0.224908
-0.133833
-0.0332557
0.074386
0.188908
0.310285
0.438795
0.569043
0.68205
0.768001
0.829108
0.864001
0.875766
0.874414
0.869782
0.867072
0.866492
-0.372541
-0.362709
-0.316535
-0.241676
-0.149912
-0.0485932
0.0598708
0.175331
0.29793
0.428134
0.561008
0.677966
0.769213
0.835422
0.873859
0.888008
0.887722
0.881602
0.87379
0.859002
-0.390175
-0.380142
-0.333435
-0.258081
-0.165809
-0.0639431
0.0450947
0.161177
0.28465
0.416125
0.55119
0.67175
0.768559
0.840848
0.883211
0.900795
0.903196
0.894218
0.884625
0.840608
-0.407478
-0.396573
-0.349715
-0.274003
-0.18145
-0.0792232
0.0302118
0.146646
0.270642
0.402927
0.539576
0.663103
0.764991
0.844418
0.889654
0.907966
0.909523
0.901331
0.849721
0.790635
-0.425426
-0.41096
-0.365151
-0.28929
-0.197046
-0.0946719
0.0149499
0.13173
0.255878
0.388505
0.526004
0.651626
0.757074
0.845709
0.890179
0.895111
0.89771
0.860182
0.79313
0.7289
-0.443135
-0.445975
-0.385885
-0.301626
-0.209306
-0.107326
-5.80077e-05
0.117094
0.241109
0.373647
0.511104
0.6375
0.744231
0.845967
0.853277
0.866834
0.838259
0.77048
0.69366
0.622844
-0.419018
-0.417616
-0.358516
-0.274562
-0.177147
-0.0719373
0.0402921
0.160171
0.287612
0.424588
0.557384
0.672905
0.770184
0.867236
0.869812
0.764628
0.67584
0.605125
0.530362
0.388372
-0.458784
-0.432808
-0.370818
-0.28599
-0.189039
-0.0838695
0.0278065
0.147156
0.273818
0.409581
0.540381
0.653275
0.741488
0.804044
0.768326
0.63032
0.506238
0.421208
0.33576
0.174724
-0.48236
-0.451656
-0.388845
-0.304616
-0.207546
-0.102539
0.00938004
0.128007
0.253441
0.387123
0.514812
0.622323
0.701476
0.728889
0.644467
0.476275
0.333692
0.227948
0.111702
-0.120206
-0.505314
-0.472335
-0.408398
-0.32351
-0.226377
-0.121474
-0.00989686
0.107834
0.23178
0.362896
0.48636
0.586505
0.653731
0.645467
0.505586
0.31519
0.141822
-0.00175271
-0.162279
-0.541514
-0.52728
-0.493507
-0.428574
-0.342804
-0.245598
-0.140907
-0.0299854
0.0867066
0.208929
0.337036
0.455341
0.546872
0.595328
0.5573
0.370113
0.160539
-0.0537165
-0.232827
-0.479202
-1.01822
-0.549039
-0.515237
-0.449656
-0.363314
-0.265969
-0.161527
-0.0512654
0.0642698
0.184518
0.309189
0.42168
0.504614
0.532768
0.443779
0.245865
0.0298174
-0.18764
-0.387851
-0.554359
-1.13237
-0.571719
-0.537869
-0.471936
-0.385289
-0.287845
-0.183633
-0.0740135
0.04031
0.158405
0.279295
0.38555
0.458784
0.461342
0.329538
0.138585
-0.0672014
-0.255192
-0.3842
-0.418067
-0.464645
-0.595742
-0.561858
-0.495726
-0.409006
-0.311656
-0.207849
-0.0990611
0.0137464
0.129248
0.245633
0.345203
0.404991
0.385089
0.224209
0.041348
-0.139606
-0.28549
-0.347575
-0.370243
-0.375956
-0.621456
-0.587374
-0.521118
-0.434448
-0.33737
-0.234171
-0.126497
-0.0155482
0.0969206
0.208135
0.300304
0.344472
0.308795
0.126045
-0.0475253
-0.20642
-0.316828
-0.34352
-0.344671
-0.345047
-0.648948
-0.614567
-0.548162
-0.461605
-0.364958
-0.262606
-0.156321
-0.0475787
0.0613889
0.166872
0.250501
0.281906
0.213635
0.0360218
-0.128716
-0.268831
-0.316025
-0.330323
-0.331617
-0.331221
-0.678115
-0.643373
-0.576823
-0.490471
-0.39441
-0.293127
-0.188521
-0.0823513
0.0226839
0.121923
0.196421
0.2135
0.11475
-0.0471146
-0.197526
-0.307809
-0.321523
-0.321415
-0.322544
-0.322234
-0.708496
-0.673605
-0.60692
-0.520879
-0.425597
-0.325637
-0.223022
-0.119804
-0.0190805
0.0735048
0.139034
0.138182
0.0290564
-0.120532
-0.252346
-0.292006
-0.313887
-0.317161
-0.31749
-0.317249
-0.739746
-0.704539
-0.638097
-0.552537
-0.458264
-0.35991
-0.259611
-0.15972
-0.0636666
0.0221806
0.0780392
0.0655468
-0.050249
-0.181114
-0.288354
-0.329272
-0.317522
-0.314073
-0.313566
-0.313347
-0.770934
-0.735773
-0.669818
-0.584949
-0.491972
-0.395554
-0.29793
-0.201722
-0.110707
-0.0313015
0.0134492
-0.000959531
-0.120863
-0.227124
-0.307263
-0.305037
-0.309599
-0.310795
-0.310882
-0.310752
-0.801073
-0.766447
-0.700965
-0.61739
-0.526084
-0.431999
-0.337433
-0.245221
-0.159561
-0.0863638
-0.0487738
-0.0675968
-0.179401
-0.267562
-0.293084
-0.314352
-0.312346
-0.310648
-0.309786
-0.309471
-0.828578
-0.794924
-0.730694
-0.648803
-0.559712
-0.468434
-0.377376
-0.289459
-0.209234
-0.142284
-0.105596
-0.138642
-0.226549
-0.294238
-0.302294
-0.309012
-0.312671
-0.313028
-0.312638
-0.312153
-0.851762
-0.819574
-0.757242
-0.677971
-0.591724
-0.503831
-0.416785
-0.333497
-0.258562
-0.197966
-0.161998
-0.19948
-0.266205
-0.318002
-0.346674
-0.330964
-0.322909
-0.320878
-0.319909
-0.319363
-0.868344
-0.838295
-0.778724
-0.703145
-0.620734
-0.536992
-0.454503
-0.376225
-0.306464
-0.251837
-0.219309
-0.247415
-0.290891
-0.347624
-0.349956
-0.332959
-0.326633
-0.324558
-0.323696
-0.323494
-0.876008
-0.848618
-0.79328
-0.722464
-0.645127
-0.566556
-0.48936
-0.416397
-0.351853
-0.302371
-0.269811
-0.286056
-0.293516
-0.318412
-0.314803
-0.316817
-0.318117
-0.318545
-0.319045
-0.319158
-0.871802
-0.848701
-0.799075
-0.734203
-0.66332
-0.591045
-0.519949
-0.4528
-0.393543
-0.34834
-0.310453
-0.315217
-0.291619
-0.275915
-0.291448
-0.30966
-0.317616
-0.320047
-0.320749
-0.320748
-0.852484
-0.835286
-0.794264
-0.737091
-0.674055
-0.609218
-0.545034
-0.484095
-0.430342
-0.389053
-0.35322
-0.341722
-0.30907
-0.2821
-0.308566
-0.323945
-0.329343
-0.331576
-0.332099
-0.33224
-0.819657
-0.807793
-0.777522
-0.730545
-0.676711
-0.620439
-0.563681
-0.50909
-0.460721
-0.423808
-0.391512
-0.374117
-0.366793
-0.369076
-0.368517
-0.361283
-0.3534
-0.349496
-0.347729
-0.347266
-0.777961
-0.770595
-0.75171
-0.716104
-0.672266
-0.62491
-0.575601
-0.526995
-0.483118
-0.449857
-0.422756
-0.403828
-0.397661
-0.432597
-0.412646
-0.377218
-0.355004
-0.344702
-0.341594
-0.340472
-0.735777
-0.731607
-0.721487
-0.698011
-0.663538
-0.624042
-0.581411
-0.537628
-0.496304
-0.463155
-0.434956
-0.397649
-0.339003
-0.323299
-0.336961
-0.305587
-0.299827
-0.30093
-0.301993
-0.300883
-0.70179
-0.699585
-0.694254
-0.679314
-0.653526
-0.620087
-0.582647
-0.541933
-0.500443
-0.46318
-0.437609
-0.380362
-0.291968
-0.125088
0.0117694
-0.0691684
-0.1744
-0.259778
-0.295133
-0.306842
-0.677031
-0.675986
-0.673984
-0.665779
-0.645839
-0.616874
-0.581681
-0.541641
-0.497941
-0.453928
-0.419104
-0.385284
-0.403924
-0.552584
-0.791261
-0.947802
-1.03773
-0.990011
-0.893526
-0.851571
-0.661129
-0.660683
-0.659917
-0.655874
-0.64169
-0.61516
-0.57991
-0.538627
-0.491882
-0.439294
-0.39876
-0.378399
-0.459977
-0.64993
-0.933231
-1.1157
-1.12401
-1.01696
-0.88065
-0.827321
-0.651098
-0.6509
-0.650306
-0.648885
-0.639619
-0.614906
-0.578581
-0.534847
-0.48289
-0.421631
-0.367261
-0.3154
-0.280827
-0.262843
-0.243563
-0.222667
-0.105802
0.0424915
0.152817
0.207242
-0.644526
-0.644367
-0.643916
-0.643667
-0.638054
-0.616377
-0.578844
-0.531223
-0.473292
-0.404364
-0.323426
-0.238884
-0.0779998
0.184699
0.490838
0.803071
1.0696
1.23907
1.31947
1.34631
-0.640342
-0.640372
-0.640414
-0.640464
-0.637966
-0.619601
-0.581251
-0.529031
-0.465783
-0.386311
-0.288741
-0.191367
0.0252535
0.389986
0.810426
1.21039
1.52848
1.70804
1.77823
1.79413
-0.636623
-0.636681
-0.636633
-0.636231
-0.635343
-0.62375
-0.585809
-0.530011
-0.46163
-0.376448
-0.273975
-0.165631
0.0178853
0.38118
0.766706
1.11932
1.39457
1.54696
1.60099
1.61129
-0.634495
-0.634808
-0.635319
-0.635427
-0.635769
-0.629762
-0.592772
-0.534285
-0.463491
-0.377075
-0.276632
-0.173494
-0.0328096
0.26711
0.570701
0.835696
1.0322
1.13365
1.16829
1.17427
-0.632766
-0.634284
-0.638771
-0.648305
-0.65904
-0.646324
-0.599927
-0.541013
-0.472857
-0.387494
-0.292793
-0.197359
-0.0882461
0.131318
0.347755
0.516669
0.633435
0.691153
0.713244
0.719041
-0.635988
-0.637595
-0.640825
-0.64407
-0.649002
-0.631334
-0.595599
-0.551266
-0.488287
-0.403937
-0.316779
-0.234275
-0.151113
0.00441376
0.153758
0.262209
0.332227
0.368072
0.385783
0.39231
-0.6702
-0.670513
-0.66205
-0.618717
-0.554503
-0.535806
-0.572157
-0.565671
-0.508429
-0.424409
-0.34346
-0.270952
-0.205398
-0.0891059
0.0237574
0.106019
0.160949
0.190922
0.206204
0.211051
-0.721957
-0.71901
-0.71003
-0.673909
-0.627233
-0.60827
-0.63642
-0.6119
-0.537269
-0.446469
-0.366619
-0.306226
-0.257441
-0.162235
-0.0675626
0.00637465
0.0624695
0.095936
0.11011
0.112573
-0.829603
-0.839322
-0.883282
-0.938966
-0.957617
-0.923914
-0.848154
-0.708683
-0.577461
-0.466
-0.384262
-0.330224
-0.291085
-0.208575
-0.126051
-0.0619056
-0.0123513
0.0170175
0.0280453
0.029307
-0.998187
-1.02742
-1.09105
-1.1507
-1.17238
-1.13011
-1.00192
-0.786463
-0.60784
-0.47511
-0.38875
-0.339022
-0.30181
-0.235495
-0.166703
-0.112222
-0.0702535
-0.0456208
-0.0362269
-0.036239
-1.04957
-1.0743
-1.11899
-1.16093
-1.17765
-1.13744
-0.992689
-0.773925
-0.592637
-0.459813
-0.377648
-0.330518
-0.295531
-0.242976
-0.190028
-0.146697
-0.114667
-0.0956903
-0.0893013
-0.0897154
-0.892992
-0.914295
-0.952903
-0.993547
-1.01186
-0.972703
-0.833432
-0.664785
-0.521319
-0.415379
-0.346873
-0.305449
-0.276206
-0.240689
-0.202446
-0.170342
-0.146491
-0.133005
-0.12883
-0.130028
-0.564883
-0.581976
-0.615289
-0.656268
-0.683902
-0.668958
-0.593321
-0.499932
-0.415865
-0.34952
-0.302562
-0.271887
-0.251715
-0.228591
-0.204441
-0.184669
-0.169982
-0.162357
-0.16035
-0.161817
-0.210092
-0.220115
-0.242367
-0.276188
-0.313521
-0.335156
-0.337257
-0.324317
-0.302671
-0.275335
-0.251436
-0.233927
-0.223849
-0.213797
-0.202761
-0.195446
-0.191131
-0.190521
-0.190922
-0.192024
0.0362356
0.0311659
0.0159195
-0.0135161
-0.056962
-0.107784
-0.152019
-0.183279
-0.200678
-0.204339
-0.199458
-0.193096
-0.190697
-0.190289
-0.192997
-0.197434
-0.203937
-0.209878
-0.212123
-0.212599
0.147634
0.144434
0.133234
0.108295
0.0663995
0.0117239
-0.0439399
-0.0916552
-0.126005
-0.146351
-0.152598
-0.151341
-0.15169
-0.161071
-0.174364
-0.188751
-0.200949
-0.209
-0.211412
-0.2116
0.169852
0.167619
0.159277
0.139935
0.106415
0.0611152
0.0110713
-0.0371732
-0.0766423
-0.103986
-0.116261
-0.116748
-0.117407
-0.133803
-0.152905
-0.168852
-0.181106
-0.187746
-0.189597
-0.18991
0.152255
0.150723
0.144826
0.130977
0.106652
0.0727283
0.032776
-0.00832958
-0.0455362
-0.0756348
-0.0936282
-0.10017
-0.104277
-0.119898
-0.135053
-0.146642
-0.154456
-0.157644
-0.158632
-0.159106
0.122413
0.121466
0.117523
0.10807
0.0911703
0.0669013
0.036664
0.00349751
-0.029073
-0.0587802
-0.0831426
-0.102223
-0.114273
-0.120638
-0.124639
-0.127762
-0.128989
-0.129131
-0.129464
-0.130067
0.0915597
0.0910723
0.0886152
0.082436
0.0710572
0.0541687
0.0322175
0.00692716
-0.0201357
-0.0485355
-0.0780604
-0.110163
-0.129024
-0.123371
-0.116409
-0.111499
-0.109122
-0.107895
-0.107811
-0.108313
0.0633941
0.0631441
0.0617782
0.0579718
0.0506578
0.0394456
0.024332
0.00622669
-0.0144972
-0.0386077
-0.0677779
-0.102216
-0.118683
-0.108561
-0.0982495
-0.0939934
-0.0919747
-0.0914206
-0.091244
-0.0914532
0.0384806
0.0384091
0.0377592
0.0356822
0.0314275
0.0247226
0.0154359
0.00405737
-0.00960797
-0.0260951
-0.047753
-0.0712642
-0.0791585
-0.0723466
-0.0673554
-0.0675393
-0.0696591
-0.0710932
-0.0710472
-0.0709162
0.0158161
0.015967
0.0159091
0.0154991
0.0143156
0.0121102
0.00873873
0.00431274
-0.00103941
-0.00743141
-0.0158712
-0.0265315
-0.033431
-0.0299981
-0.0291826
-0.0305871
-0.0340081
-0.0370052
-0.0378113
-0.0372064
-0.739236
-0.178736
0.139636
0.351967
0.513313
0.635213
0.731793
0.814302
0.921472
0.920643
0.0607403
0.206165
0.364411
0.499637
0.610337
0.699452
0.772619
0.828553
0.85148
0.85587
0.319814
0.417714
0.523386
0.615051
0.692906
0.757592
0.809162
0.845503
0.868293
0.88555
0.503732
0.5711
0.643974
0.709348
0.765786
0.813203
0.851398
0.880761
0.904019
0.922823
0.641905
0.692225
0.74315
0.792059
0.834801
0.871615
0.902574
0.928046
0.949506
0.967917
0.753987
0.790738
0.831588
0.869944
0.904731
0.935523
0.962262
0.984781
1.00376
1.02158
0.85059
0.880514
0.915585
0.948463
0.979129
1.00688
1.03119
1.05161
1.0682
1.08558
0.939521
0.967822
1.00104
1.03248
1.0619
1.08853
1.11166
1.13067
1.14504
1.16217
1.02957
1.06044
1.09541
1.12792
1.15765
1.18402
1.20642
1.22429
1.23681
1.25407
1.13295
1.16862
1.20645
1.2405
1.27039
1.29598
1.31714
1.33368
1.34522
1.36305
1.26194
1.30094
1.33903
1.37204
1.39992
1.42343
1.44299
1.45844
1.47023
1.48848
1.42297
1.45897
1.49101
1.51774
1.54052
1.56098
1.57956
1.59556
1.60925
1.62712
1.6076
1.63263
1.65248
1.67097
1.6886
1.70532
1.72118
1.73715
1.75427
1.7734
1.79425
1.80509
1.8178
1.83233
1.84594
1.858
1.86889
1.88023
1.89563
1.91506
1.97612
1.98955
1.99461
1.99563
1.99759
2.00495
2.01864
2.03623
2.04997
2.06131
2.24498
2.19439
2.14693
2.11535
2.10228
2.10683
2.13007
2.17512
2.24182
2.33594
0.723809
0.720802
0.714746
0.703824
0.691339
0.680039
0.670994
0.664257
0.659821
0.657965
0.659238
0.663263
0.669455
0.67776
0.688276
0.700605
0.712965
0.721682
0.726196
0.728363
0.652101
0.65875
0.664001
0.667624
0.668744
0.667119
0.66368
0.65991
0.656957
0.655688
0.656818
0.659897
0.664018
0.668267
0.671314
0.671857
0.669548
0.665176
0.658884
0.653061
0.64197
0.644933
0.648301
0.650797
0.652566
0.653761
0.654005
0.653283
0.652254
0.651849
0.652765
0.65455
0.656257
0.657074
0.65668
0.655444
0.653557
0.650697
0.647367
0.64508
0.63589
0.637316
0.639533
0.641814
0.643547
0.644756
0.645666
0.64628
0.646591
0.646957
0.647714
0.648531
0.64892
0.648754
0.64816
0.647042
0.645249
0.643038
0.641295
0.640211
0.630484
0.631304
0.632774
0.634558
0.636312
0.637805
0.638967
0.639942
0.640825
0.641658
0.642398
0.642837
0.642893
0.642575
0.641794
0.640543
0.639046
0.637544
0.636534
0.635867
0.625375
0.625931
0.62702
0.628446
0.629974
0.631499
0.632921
0.634171
0.635319
0.636413
0.637259
0.63768
0.637676
0.637226
0.63639
0.635343
0.634208
0.633153
0.632472
0.632003
0.620431
0.620847
0.621719
0.622943
0.624291
0.625726
0.627212
0.628678
0.630071
0.631394
0.632419
0.632932
0.632939
0.632532
0.631867
0.631072
0.630216
0.629438
0.628941
0.628584
0.61558
0.615907
0.616629
0.617706
0.618964
0.620337
0.621821
0.623399
0.625017
0.626605
0.627861
0.628533
0.628685
0.628474
0.628037
0.627458
0.626826
0.626266
0.625899
0.625613
0.610734
0.610999
0.611615
0.612594
0.613795
0.615142
0.616648
0.61832
0.620135
0.622015
0.623571
0.624505
0.624913
0.624952
0.62475
0.624398
0.623972
0.623588
0.623318
0.623081
0.605799
0.606021
0.606563
0.607483
0.608653
0.610008
0.611575
0.613375
0.615408
0.617615
0.619552
0.620848
0.62158
0.621903
0.621953
0.621839
0.621611
0.621382
0.621188
0.620985
0.600682
0.600871
0.601365
0.602257
0.603431
0.604837
0.606506
0.608483
0.610791
0.613394
0.615804
0.617542
0.618657
0.619308
0.619641
0.619765
0.619741
0.619652
0.61952
0.619342
0.59529
0.595454
0.59592
0.596813
0.598035
0.599536
0.601355
0.603572
0.60623
0.609326
0.612311
0.614577
0.616139
0.617167
0.617816
0.618192
0.618387
0.61843
0.61835
0.618187
0.589521
0.589667
0.590123
0.591048
0.592357
0.594
0.596033
0.598562
0.601664
0.605373
0.609052
0.611949
0.614039
0.615499
0.616507
0.617189
0.617602
0.617767
0.617731
0.617578
0.583262
0.583395
0.583856
0.584842
0.586283
0.588123
0.590441
0.593371
0.597031
0.601493
0.606013
0.609663
0.612378
0.614344
0.615763
0.616781
0.617439
0.617731
0.617733
0.617586
0.576378
0.5765
0.576982
0.57806
0.579681
0.581782
0.584468
0.587907
0.592263
0.597644
0.603179
0.607728
0.611183
0.613748
0.615643
0.61705
0.617979
0.618402
0.61844
0.618294
0.568718
0.568818
0.569335
0.570541
0.572395
0.57483
0.577985
0.582065
0.587281
0.593783
0.60054
0.60616
0.610487
0.61376
0.616229
0.618081
0.619317
0.619877
0.619948
0.619798
0.560029
0.560151
0.560711
0.56208
0.564224
0.567088
0.570839
0.575721
0.581998
0.589865
0.598087
0.604979
0.610336
0.614438
0.617597
0.619973
0.621551
0.622255
0.622355
0.622198
0.550052
0.550177
0.550829
0.552408
0.554931
0.558346
0.562846
0.56873
0.576318
0.585845
0.59582
0.604212
0.610785
0.615864
0.619826
0.622813
0.624778
0.625633
0.625758
0.62559
0.538461
0.538588
0.539359
0.54121
0.544214
0.548334
0.553783
0.560926
0.570139
0.581682
0.593744
0.603897
0.611886
0.618111
0.622994
0.6267
0.629091
0.630096
0.63024
0.630057
0.524752
0.524898
0.525831
0.528044
0.531674
0.536706
0.543378
0.552122
0.563357
0.577347
0.591876
0.604077
0.613689
0.621234
0.627198
0.631711
0.634554
0.635702
0.635853
0.635653
0.508254
0.50844
0.509608
0.512315
0.516781
0.523028
0.531308
0.542115
0.555884
0.572833
0.59025
0.604799
0.616256
0.625293
0.632469
0.637885
0.641187
0.642453
0.642599
0.642379
0.487996
0.488263
0.489783
0.493197
0.498832
0.506754
0.517207
0.530715
0.547668
0.568177
0.588931
0.60612
0.619635
0.630334
0.638825
0.645211
0.648942
0.650281
0.650402
0.650161
0.462519
0.462934
0.465017
0.469513
0.476894
0.487232
0.500708
0.517797
0.538745
0.563484
0.588027
0.608118
0.623858
0.636358
0.646263
0.653607
0.657674
0.659012
0.659087
0.658829
0.429443
0.430166
0.433237
0.439591
0.449791
0.463785
0.481559
0.503391
0.529284
0.558954
0.587694
0.610883
0.62896
0.643317
0.654704
0.662887
0.667119
0.66836
0.668368
0.668099
0.384529
0.385992
0.391189
0.401212
0.416328
0.435996
0.459841
0.487808
0.519648
0.554893
0.588122
0.614511
0.634964
0.651178
0.66398
0.672755
0.676883
0.677917
0.677848
0.67758
0.319847
0.324458
0.335334
0.352628
0.376134
0.404298
0.43625
0.471733
0.51039
0.55166
0.589502
0.619063
0.641826
0.659783
0.673716
0.682704
0.68642
0.687127
0.686986
0.686737
0.242974
0.251329
0.27119
0.299295
0.333554
0.371256
0.411874
0.45531
0.501269
0.549223
0.592452
0.625868
0.651462
0.671449
0.686541
0.695415
0.698611
0.699104
0.699005
0.698873
0.165882
0.179679
0.208878
0.247573
0.292015
0.339135
0.388419
0.439856
0.493174
0.547869
0.596538
0.633788
0.662119
0.684172
0.700147
0.708264
0.710591
0.710853
0.710778
0.710719
0.101812
0.119538
0.154498
0.201142
0.253871
0.30925
0.366498
0.425489
0.485843
0.546978
0.60074
0.641468
0.672117
0.69553
0.711627
0.719248
0.721276
0.721531
0.721516
0.721483
0.0492596
0.069081
0.108564
0.161088
0.220294
0.282481
0.34661
0.412381
0.479232
0.54642
0.604979
0.648947
0.681711
0.706331
0.722563
0.729853
0.731705
0.731968
0.732016
0.732003
0.0052603
0.0263539
0.0692073
0.1264
0.190956
0.258842
0.328897
0.400681
0.473461
0.546311
0.609434
0.656485
0.69128
0.717107
0.733674
0.740699
0.742492
0.742839
0.742937
0.742958
-0.0324933
-0.0106063
0.0349271
0.0959024
0.164963
0.237772
0.313041
0.390227
0.468459
0.546631
0.614142
0.664228
0.701061
0.728081
0.745076
0.752172
0.754092
0.754462
0.754595
0.754643
-0.0656932
-0.0432653
0.00443387
0.0685905
0.141494
0.218614
0.298554
0.380663
0.463966
0.5472
0.618972
0.672064
0.710948
0.739279
0.756914
0.764348
0.766364
0.766718
0.766832
0.766888
-0.0955908
-0.0727905
-0.0232551
0.0436322
0.119884
0.200817
0.284966
0.371608
0.459678
0.547777
0.623723
0.679805
0.720774
0.750479
0.768853
0.776652
0.778783
0.779129
0.779219
0.779282
-0.123213
-0.10002
-0.0489238
0.0203894
0.0996072
0.183945
0.271912
0.362741
0.455315
0.548114
0.628187
0.687263
0.730319
0.761395
0.780489
0.788745
0.790934
0.791273
0.791326
0.791391
-0.14909
-0.125507
-0.072985
-0.00162685
0.0802681
0.167667
0.259104
0.353811
0.450647
0.548016
0.632197
0.694266
0.739367
0.771769
0.791561
0.800187
0.802502
0.802784
0.802789
0.802839
-0.173703
-0.149677
-0.0959786
-0.0227054
0.0615739
0.15173
0.246335
0.344631
0.445502
0.547334
0.635622
0.700713
0.747851
0.781475
0.801886
0.810723
0.813105
0.813355
0.813315
0.813345
-0.197362
-0.172871
-0.118174
-0.043074
0.0433282
0.135968
0.233452
0.335071
0.439753
0.545926
0.638369
0.706559
0.755725
0.790481
0.811331
0.820279
0.822627
0.822857
0.822776
0.822783
-0.220261
-0.195304
-0.139596
-0.0628958
0.0254068
0.120275
0.220368
0.325042
0.433307
0.543698
0.640354
0.711784
0.763039
0.79881
0.819906
0.828813
0.83111
0.831271
0.831163
0.831152
-0.242525
-0.217099
-0.160358
-0.0822583
0.00774326
0.104607
0.207045
0.314497
0.4261
0.540569
0.641504
0.716374
0.769878
0.806633
0.827777
0.836444
0.838579
0.838683
0.838538
0.838511
-0.264159
-0.238287
-0.18058
-0.101204
-0.00968634
0.0889425
0.193473
0.303437
0.418109
0.536475
0.641736
0.720328
0.776367
0.814144
0.83511
0.843301
0.845149
0.84516
0.845004
0.844965
-0.28522
-0.258892
-0.200271
-0.119736
-0.0268766
0.0733008
0.179683
0.291882
0.409351
0.531375
0.640978
0.723613
0.782584
0.821592
0.84222
0.84957
0.850934
0.850817
0.850651
0.850606
-0.305658
-0.278883
-0.2194
-0.137842
-0.043806
0.0577323
0.165726
0.279888
0.399858
0.525256
0.639134
0.726135
0.788568
0.829247
0.849541
0.855646
0.856102
0.855725
0.855581
0.855556
-0.325519
-0.298236
-0.23798
-0.155487
-0.0604242
0.0422853
0.151673
0.267535
0.389685
0.518144
0.636128
0.727754
0.794255
0.837295
0.857655
0.862303
0.861165
0.860079
0.859932
0.860091
-0.344704
-0.316964
-0.255978
-0.172646
-0.0766909
0.0270274
0.137587
0.254886
0.378922
0.510088
0.631895
0.728278
0.799452
0.845694
0.867069
0.870779
0.867556
0.864678
0.863652
0.86391
-0.363297
-0.335051
-0.273358
-0.189279
-0.0925415
0.0120342
0.123581
0.242065
0.36768
0.50116
0.626405
0.727487
0.803842
0.854053
0.877728
0.882116
0.877803
0.871762
0.865663
0.849864
-0.381238
-0.35249
-0.290256
-0.20559
-0.108262
-0.00300809
0.109259
0.228645
0.355489
0.490893
0.619194
0.724906
0.807229
0.862172
0.889238
0.896552
0.893158
0.884639
0.870621
0.886209
-0.398652
-0.369275
-0.306615
-0.221553
-0.123777
-0.0180457
0.0946198
0.214644
0.342327
0.479162
0.610003
0.719847
0.808784
0.868948
0.898681
0.90892
0.906896
0.895205
0.83432
0.819676
-0.416114
-0.386044
-0.322202
-0.236852
-0.138499
-0.0326297
0.0798765
0.200317
0.328469
0.466144
0.598769
0.711766
0.807286
0.873356
0.901273
0.91094
0.899799
0.860407
0.793145
0.753096
-0.434279
-0.403753
-0.336614
-0.251225
-0.152065
-0.0466291
0.065419
0.185831
0.313983
0.451819
0.585272
0.700294
0.800011
0.873579
0.919572
0.887305
0.852377
0.783715
0.710657
0.666752
-0.00630182
0.110703
0.234604
0.366937
0.503874
0.629731
0.735825
0.550165
-0.45382
-0.434915
-0.396745
-0.324914
-0.233223
-0.132577
-0.0237316
0.0921972
0.215355
0.346585
0.48266
0.608023
0.713506
0.795592
0.846592
0.791836
0.641765
0.54841
0.476038
-0.470381
-0.457461
-0.413012
-0.339765
-0.247667
-0.146769
-0.0384226
0.0770392
0.199372
0.329309
0.463354
0.585505
0.684852
0.75403
0.748015
0.634171
0.482724
0.371818
0.279655
-0.492491
-0.479923
-0.432575
-0.358322
-0.266222
-0.165013
-0.0566305
0.0585046
0.179911
0.308265
0.439271
0.556244
0.64428
0.696133
0.653402
0.483915
0.31299
0.17581
0.0551455
-0.514704
-0.50203
-0.453184
-0.377664
-0.285282
-0.184089
-0.0760248
0.0383675
0.158545
0.284823
0.4122
0.522999
0.603538
0.626498
0.535174
0.337305
0.135987
-0.0451459
-0.213394
-0.536108
-0.523969
-0.474395
-0.397783
-0.305053
-0.203907
-0.096315
0.0171667
0.135904
0.25971
0.382867
0.486673
0.557358
0.540378
0.40546
0.200739
-0.0203086
-0.22867
-0.416662
-0.558097
-0.546251
-0.496438
-0.419148
-0.326159
-0.225007
-0.117828
-0.00521805
0.111988
0.233118
0.351714
0.447353
0.503547
0.464655
0.286706
0.0859026
-0.127048
-0.325939
-0.449078
-0.489313
-0.58138
-0.569683
-0.519681
-0.442051
-0.349001
-0.247959
-0.141275
-0.029676
0.0857392
0.203746
0.317129
0.40428
0.443901
0.379971
0.180421
-0.0116521
-0.193673
-0.330657
-0.377552
-0.401175
-0.606086
-0.594524
-0.544387
-0.466602
-0.373651
-0.272938
-0.166948
-0.0566498
0.0565925
0.170918
0.278308
0.356817
0.374384
0.2723
0.0851303
-0.0923443
-0.246599
-0.330904
-0.351377
-0.356678
-0.632531
-0.620977
-0.570673
-0.492815
-0.400095
-0.299898
-0.194866
-0.0861763
0.0244963
0.134622
0.235229
0.304653
0.292356
0.168929
-0.00374901
-0.170386
-0.291802
-0.336596
-0.336269
-0.337389
-0.660625
-0.649172
-0.598583
-0.520697
-0.42833
-0.32884
-0.225027
-0.118255
-0.0105563
0.0948827
0.188113
0.246678
0.21692
0.0718552
-0.0856705
-0.240414
-0.30764
-0.325512
-0.32663
-0.326371
-0.690214
-0.678765
-0.628015
-0.550164
-0.458272
-0.359713
-0.257377
-0.152863
-0.0485393
0.0517684
0.137242
0.183349
0.149652
-0.0123529
-0.159748
-0.276553
-0.326687
-0.31989
-0.319686
-0.319705
-0.720812
-0.70929
-0.658711
-0.58097
-0.489733
-0.39234
-0.291776
-0.189868
-0.0893028
0.00558259
0.082913
0.119404
0.0705788
-0.0856824
-0.220147
-0.301191
-0.317184
-0.315427
-0.315332
-0.315042
-0.751894
-0.740325
-0.690047
-0.612714
-0.522343
-0.426392
-0.327931
-0.228983
-0.132574
-0.0432848
0.0259615
0.0514206
-0.0149875
-0.148242
-0.266257
-0.287589
-0.304984
-0.311211
-0.311773
-0.311587
-0.782488
-0.770977
-0.72122
-0.644705
-0.555537
-0.461376
-0.365386
-0.269753
-0.177836
-0.0943966
-0.0318625
-0.0221128
-0.0891731
-0.202602
-0.283919
-0.333476
-0.317381
-0.31184
-0.31027
-0.30996
-0.810843
-0.800114
-0.751304
-0.675931
-0.588506
-0.496569
-0.403479
-0.311531
-0.224333
-0.147014
-0.0892977
-0.0893301
-0.15533
-0.245803
-0.310235
-0.321522
-0.314695
-0.311593
-0.310516
-0.310131
-0.836119
-0.825703
-0.778865
-0.705182
-0.620173
-0.531002
-0.441327
-0.353483
-0.271131
-0.19986
-0.146913
-0.147246
-0.213518
-0.278696
-0.315798
-0.311649
-0.315721
-0.31697
-0.316316
-0.315774
-0.855693
-0.845949
-0.801604
-0.731091
-0.649179
-0.563517
-0.477837
-0.394576
-0.317204
-0.251566
-0.204471
-0.200249
-0.256245
-0.310964
-0.338621
-0.337351
-0.32808
-0.324808
-0.323129
-0.32231
-0.867618
-0.858936
-0.817894
-0.751445
-0.67385
-0.592724
-0.511803
-0.433574
-0.36144
-0.301002
-0.258881
-0.248048
-0.284901
-0.316785
-0.33139
-0.326396
-0.323608
-0.321653
-0.32124
-0.321229
-0.869301
-0.862257
-0.825655
-0.764526
-0.692455
-0.617087
-0.541857
-0.469224
-0.402626
-0.347002
-0.307503
-0.288097
-0.303212
-0.287371
-0.303426
-0.308598
-0.314589
-0.316945
-0.318025
-0.318406
-0.858895
-0.853246
-0.822499
-0.768483
-0.703559
-0.635161
-0.566641
-0.500299
-0.439427
-0.388584
-0.351231
-0.322582
-0.314559
-0.287708
-0.304892
-0.310072
-0.31879
-0.323304
-0.32482
-0.325222
-0.833296
-0.829325
-0.80599
-0.761924
-0.706145
-0.64601
-0.585111
-0.525541
-0.47055
-0.424816
-0.39131
-0.354343
-0.345921
-0.35194
-0.342544
-0.341583
-0.340606
-0.340316
-0.34
-0.339888
-0.795841
-0.793378
-0.778232
-0.745113
-0.700316
-0.649566
-0.59681
-0.54413
-0.494744
-0.453753
-0.425398
-0.399524
-0.380022
-0.408833
-0.430315
-0.401189
-0.369534
-0.355164
-0.34999
-0.348177
-0.753216
-0.751637
-0.744137
-0.721919
-0.688301
-0.646984
-0.602195
-0.555874
-0.511143
-0.472965
-0.446772
-0.4161
-0.387546
-0.382781
-0.393405
-0.383714
-0.351971
-0.330123
-0.322014
-0.320017
-0.715243
-0.71422
-0.710715
-0.698499
-0.673969
-0.640862
-0.602716
-0.56154
-0.519498
-0.480782
-0.45298
-0.409986
-0.350828
-0.271406
-0.183528
-0.118033
-0.149425
-0.208657
-0.246214
-0.25813
-0.688013
-0.687448
-0.685102
-0.67904
-0.661709
-0.634572
-0.60088
-0.562633
-0.521288
-0.478983
-0.443024
-0.400316
-0.353453
-0.305284
-0.321189
-0.478545
-0.649204
-0.725581
-0.664213
-0.608901
-0.667943
-0.667508
-0.666609
-0.664226
-0.653488
-0.63064
-0.599026
-0.561286
-0.518443
-0.470839
-0.426418
-0.388969
-0.407545
-0.553853
-0.827714
-1.05299
-1.14237
-1.12727
-1.03644
-0.947825
-0.655713
-0.655596
-0.655201
-0.653714
-0.648383
-0.629122
-0.597926
-0.558855
-0.512659
-0.459958
-0.403911
-0.370472
-0.362443
-0.436722
-0.572637
-0.748155
-0.805364
-0.705742
-0.549981
-0.434818
-0.647388
-0.647354
-0.647023
-0.646611
-0.64414
-0.629135
-0.598173
-0.556347
-0.506429
-0.447383
-0.378023
-0.318328
-0.229614
-0.0998399
0.0798462
0.257288
0.449487
0.634724
0.755654
0.815328
-0.642358
-0.642356
-0.642248
-0.642018
-0.640474
-0.630794
-0.600184
-0.555764
-0.501048
-0.433914
-0.351581
-0.260007
-0.127646
0.138554
0.512972
0.899646
1.25839
1.50338
1.62327
1.66568
-0.638316
-0.638397
-0.638459
-0.638463
-0.638601
-0.632691
-0.60461
-0.557757
-0.497487
-0.424236
-0.332761
-0.224615
-0.0870487
0.205608
0.618341
1.0195
1.37203
1.61064
1.72116
1.75222
-0.635175
-0.635313
-0.635324
-0.63503
-0.634506
-0.63365
-0.611197
-0.562573
-0.498537
-0.421297
-0.326845
-0.217866
-0.109465
0.150301
0.507696
0.837805
1.12029
1.30377
1.38336
1.40382
-0.633576
-0.634215
-0.635683
-0.638938
-0.642329
-0.644074
-0.621263
-0.568444
-0.503981
-0.426223
-0.33386
-0.23264
-0.13826
0.0593876
0.337238
0.573789
0.760931
0.875559
0.92379
0.93702
-0.630648
-0.632079
-0.635335
-0.644063
-0.659867
-0.663754
-0.627533
-0.573496
-0.514889
-0.439359
-0.350565
-0.258176
-0.175909
-0.035189
0.157843
0.314316
0.426278
0.490894
0.520125
0.532411
-0.648139
-0.649359
-0.649825
-0.640454
-0.616079
-0.589947
-0.586363
-0.574755
-0.531392
-0.457422
-0.371775
-0.290722
-0.220435
-0.117048
0.0231894
0.133482
0.208504
0.252233
0.274986
0.28573
-0.695175
-0.694694
-0.690888
-0.658916
-0.586719
-0.531186
-0.559828
-0.58992
-0.557106
-0.479779
-0.394008
-0.320869
-0.262797
-0.184089
-0.0754077
0.015247
0.0809402
0.12417
0.146726
0.155094
-0.764882
-0.759961
-0.766012
-0.779829
-0.79163
-0.769775
-0.74785
-0.70392
-0.606893
-0.505504
-0.413589
-0.347517
-0.300249
-0.235816
-0.142104
-0.062153
-0.00116027
0.0427159
0.0639066
0.0705881
-0.919935
-0.921468
-0.96534
-1.03801
-1.0881
-1.07972
-1.01261
-0.846695
-0.671031
-0.529428
-0.42646
-0.361262
-0.31887
-0.263543
-0.184273
-0.117303
-0.0647969
-0.0273652
-0.00983395
-0.00580591
-1.04787
-1.05807
-1.10252
-1.15835
-1.19606
-1.18807
-1.10671
-0.904794
-0.693797
-0.532699
-0.423634
-0.359024
-0.320438
-0.272555
-0.208656
-0.153912
-0.110959
-0.0811408
-0.0669978
-0.0631133
-0.99378
-1.00487
-1.03873
-1.0796
-1.10984
-1.10227
-1.01882
-0.823995
-0.640518
-0.496293
-0.398499
-0.339916
-0.303842
-0.266578
-0.219704
-0.177811
-0.144848
-0.122532
-0.112258
-0.110466
-0.739351
-0.751234
-0.781202
-0.824531
-0.862335
-0.863836
-0.786647
-0.652923
-0.524911
-0.424342
-0.352062
-0.305818
-0.276345
-0.250947
-0.219278
-0.190321
-0.167526
-0.152227
-0.145628
-0.145367
-0.376668
-0.384813
-0.405296
-0.438439
-0.475231
-0.495717
-0.479157
-0.436811
-0.383715
-0.335104
-0.293746
-0.264269
-0.244652
-0.231059
-0.212508
-0.197087
-0.18514
-0.178079
-0.175824
-0.17636
-0.0672129
-0.0717245
-0.0839494
-0.109029
-0.146327
-0.188677
-0.222213
-0.242357
-0.250307
-0.244867
-0.231905
-0.218851
-0.210114
-0.206269
-0.200805
-0.198151
-0.198293
-0.200837
-0.203302
-0.204069
0.108096
0.105516
0.0978074
0.0782513
0.0425351
-0.00818925
-0.0642286
-0.112366
-0.147847
-0.168311
-0.175333
-0.173578
-0.170826
-0.173244
-0.179949
-0.189601
-0.199764
-0.208938
-0.214092
-0.214812
0.167169
0.165523
0.160096
0.14476
0.114668
0.0692007
0.0155125
-0.0372322
-0.0815485
-0.113003
-0.129631
-0.13331
-0.131461
-0.138773
-0.155554
-0.171799
-0.186649
-0.197266
-0.202046
-0.202649
0.164288
0.163277
0.159376
0.148097
0.125582
0.0908613
0.0479304
0.00203178
-0.0405801
-0.0752829
-0.0975894
-0.105823
-0.105304
-0.114792
-0.134092
-0.150669
-0.163375
-0.17128
-0.174147
-0.17475
0.138106
0.137572
0.134918
0.127109
0.111311
0.0864847
0.0542531
0.0175085
-0.0189667
-0.0518689
-0.0778132
-0.0944589
-0.103037
-0.113228
-0.124808
-0.133255
-0.139187
-0.142052
-0.142984
-0.14359
0.106844
0.106651
0.104972
0.0998166
0.089127
0.0719111
0.0486553
0.0207658
-0.00914343
-0.0388535
-0.0671229
-0.0935333
-0.118228
-0.123874
-0.121215
-0.120399
-0.119118
-0.118068
-0.117652
-0.118076
0.0770009
0.0769956
0.0760544
0.0728538
0.0659225
0.0543787
0.0381781
0.0180126
-0.00487659
-0.0298321
-0.0582022
-0.0910505
-0.122687
-0.125176
-0.11387
-0.104848
-0.10125
-0.0996937
-0.0992293
-0.0994471
0.0504693
0.0505673
0.0501055
0.048304
0.0441139
0.036841
0.0263121
0.0128222
-0.00319484
-0.0217235
-0.0449477
-0.0741773
-0.0990703
-0.0969875
-0.0874174
-0.0827754
-0.0817845
-0.0821881
-0.0823723
-0.0822267
0.026804
0.0269691
0.026841
0.0260249
0.0239499
0.0201469
0.014506
0.00716406
-0.00174907
-0.0123747
-0.026279
-0.0436016
-0.0556974
-0.0522931
-0.0490375
-0.0498327
-0.0530866
-0.055976
-0.0568133
-0.0563538
0.0159157
0.015971
0.015786
0.0150134
0.0133539
0.0105869
0.00660368
0.00176837
-0.00400303
-0.0113732
-0.0210538
-0.0315061
-0.0323926
-0.0294249
-0.0293279
-0.0322563
-0.0357465
-0.0376838
-0.0376089
-0.0136716
-0.388305
-0.0499899
0.164948
0.351178
0.500913
0.619131
0.712458
0.791568
0.849588
0.844792
0.101174
0.250249
0.388831
0.507926
0.609196
0.69313
0.761946
0.815503
0.848087
0.860041
0.358279
0.452824
0.544637
0.627245
0.698629
0.759178
0.808802
0.846755
0.873754
0.892404
0.534352
0.597293
0.66384
0.72469
0.777032
0.822114
0.859856
0.890388
0.914998
0.932768
0.668759
0.714246
0.765377
0.810361
0.851009
0.886751
0.917726
0.943938
0.96583
0.981201
0.778452
0.815414
0.85533
0.891657
0.925446
0.956122
0.983338
1.00672
1.02624
1.03899
0.874711
0.906675
0.940969
0.973812
1.00468
1.03314
1.05853
1.08021
1.09788
1.10826
0.964886
0.995891
1.02978
1.06277
1.0935
1.12157
1.14628
1.16697
1.18309
1.19162
1.05913
1.09374
1.13033
1.16555
1.19728
1.22538
1.24943
1.26909
1.28381
1.29174
1.17162
1.21185
1.25095
1.28764
1.31932
1.3463
1.36879
1.38696
1.40059
1.40964
1.31526
1.35788
1.39545
1.42906
1.457
1.48072
1.50129
1.51865
1.53247
1.54358
1.49299
1.53054
1.55851
1.5828
1.60378
1.62303
1.64125
1.65838
1.67425
1.68875
1.69059
1.7116
1.72648
1.74225
1.7585
1.77378
1.78748
1.80073
1.81621
1.83456
1.88116
1.88833
1.89886
1.91039
1.9203
1.92948
1.93972
1.9508
1.96241
1.97126
2.09417
2.09593
2.088
2.07149
2.06033
2.05976
2.0719
2.0965
2.13061
2.15514
2.51381
2.31993
2.21887
2.16098
2.13183
2.1252
2.1404
2.18122
2.25707
2.40002
-0.41839
-0.422869
-0.38314
-0.310066
-0.217573
-0.115997
0.831857
0.895228
0.877401
0.788401
0.708759
0.632045
0.405342
0.186591
-0.0805517
-0.433826
-0.778588
)
;

boundaryField
{
    wall-4
    {
        type            zeroGradient;
    }
    pressure-outlet-7
    {
        type            fixedValue;
        value           uniform 0;
    }
    velocity-inlet-6
    {
        type            zeroGradient;
    }
    velocity-inlet-5
    {
        type            zeroGradient;
    }
    frontAndBackPlanes
    {
        type            empty;
    }
}


// ************************************************************************* //
